0 I 0 322 
1 I 2978530 322 
2 I 3742822 1496 
3 I 3742931 1496 
4 I 4586539 1496 
5 I 8013169 1496 
6 I 14837917 1496 
7 I 15697089 1496 
8 I 15697258 1496 
9 I 16417665 49 
10 I 16597495 109 
11 I 20097456 114 
12 I 29426403 322 
13 I 30173748 1496 
14 I 30173903 1496 
15 I 30174097 1496 
16 I 33195727 1496 
17 I 33779828 1496 
18 I 33779945 1496 
19 I 34372633 49 
20 I 34372706 1496 
21 I 34960714 1496 
22 I 35166371 280 
23 I 35797077 209 
24 I 36874963 128 
25 I 40003608 452 
26 I 43715112 109 
27 I 44354091 322 
28 I 45079044 1496 
29 I 45079234 1496 
30 I 45079489 1496 
31 I 45717368 1488 
32 I 48635552 1496 
33 I 54671026 1496 
34 I 55326259 1488 
35 I 59285609 258 
36 I 65754356 187 
37 I 66592728 128 
38 I 66594830 64 
39 I 66594900 1496 
40 I 66820556 534 
41 I 67286597 1496 
42 I 67462125 1496 
43 I 67940940 1496 
44 I 68282509 1496 
45 I 69083224 1496 
46 I 69083366 1496 
47 I 69083715 1496 
48 I 69729362 1496 
49 I 69729453 1496 
50 I 69850869 1496 
51 I 70355435 1496 
52 I 70483688 221 
53 I 74312600 1496 
54 I 74966629 1496 
55 I 74966962 1496 
56 I 75624976 1496 
57 I 75625214 1496 
58 I 76298384 1496 
59 I 76298564 1496 
60 I 76957276 1496 
61 I 76957509 1496 
62 I 79319337 1496 
63 I 80107902 1496 
64 I 80108237 1496 
65 I 80753502 1496 
66 I 80753690 1496 
67 I 85551886 1496 
68 I 95235702 1496 
69 I 95878994 1496 
70 I 95879111 1496 
71 I 96532158 1496 
72 I 96532359 1496 
73 I 97227146 1496 
74 I 97374469 1496 
75 I 97374633 1496 
76 I 99344329 1496 
77 I 100000124 1496 
78 I 100001118 1496 
79 I 100773208 1496 
80 I 104764057 1496 
81 I 112810938 1496 
82 I 113460435 1496 
83 I 113460528 1496 
84 I 114282764 1496 
85 I 114386224 1496 
86 I 115042074 1496 
87 I 115042497 1496 
88 I 115043087 1496 
89 I 115670243 1496 
90 I 115670417 1496 
91 I 115784367 1496 
92 I 116497411 1496 
93 I 117840456 1496 
94 I 120656736 1496 
95 I 121390188 1496 
96 I 121989913 1496 
97 I 121990285 1496 
98 I 122596335 1496 
99 I 123239992 1496 
100 I 123240076 1496 
101 I 123240174 1496 
102 I 123846981 1496 
103 I 123847177 1496 
104 I 124426162 1496 
105 I 125786911 1496 
106 I 126383796 1496 
107 I 126383884 1496 
108 I 127593865 1496 
109 I 127593938 1496 
110 I 128244518 1496 
111 I 128244908 1496 
112 I 129004213 1496 
113 I 129004707 1496 
114 I 130715620 1496 
115 I 131335618 1496 
116 I 131335786 1496 
117 I 131973032 1496 
118 I 132584994 520 
119 I 156620211 1496 
120 I 156620975 1496 
121 I 157245011 1496 
122 I 157245641 1496 
123 I 157245682 561 
124 I 159034804 111 
125 I 163389203 1496 
126 I 163389373 1496 
127 I 164030690 1496 
128 I 164030928 1496 
129 I 164695041 1496 
130 I 164695146 1496 
131 I 165489264 1496 
132 I 165489490 1496 
133 I 166129646 1496 
134 I 166138052 63 
135 I 166735406 1391 
136 I 177289442 418 
137 I 189205747 1496 
138 I 189206007 1496 
139 I 189810806 1496 
140 I 189810966 1496 
141 I 190407483 324 
142 I 190407540 1496 
143 I 194793077 102 
144 I 195334560 78 
145 I 195864912 123 
146 I 203293309 1496 
147 I 209853121 1496 
148 I 209853208 1496 
149 I 210422257 1496 
150 I 210422385 1496 
151 I 211689662 1496 
152 I 214304632 1496 
153 I 216509132 1496 
154 I 216509210 1496 
155 I 221647412 1496 
