0 I 0 96 
1 I 4 96 
2 I 138 96 
3 I 188894 96 
4 I 188898 96 
5 I 189040 96 
6 I 749321 96 
7 I 749325 96 
8 I 749453 96 
9 I 938919 96 
10 I 938924 96 
11 I 939049 96 
12 I 1499272 96 
13 I 1499276 96 
14 I 1499396 96 
15 I 1689256 96 
16 I 1689262 96 
17 I 1689380 96 
18 I 2753133 96 
19 I 2753138 96 
20 I 2765321 96 
21 I 3503149 96 
22 I 3503154 96 
23 I 3503293 96 
24 I 4253255 96 
25 I 4253260 96 
26 I 4253384 96 
27 I 5004297 96 
28 I 5004307 96 
29 I 5004449 96 
30 I 5754387 96 
31 I 5754392 96 
32 I 5754516 96 
33 I 6504257 96 
34 I 6504262 96 
35 I 6504393 96 
