0 I 0 568 
1 I 1078100 67 
2 I 1682890 647 
3 I 2416740 1355 
4 I 10966239 1504 
5 I 24581123 1504 
6 I 25839131 268 
7 I 30483060 88 
8 I 41233815 67 
9 I 55605892 233 
10 I 56367623 852 
11 I 57094592 246 
12 I 58286107 1504 
13 I 58344809 158 
14 I 58944705 378 
15 I 59050396 251 
16 I 62717198 1504 
17 I 63296688 1504 
18 I 63372512 1504 
19 I 64279124 1504 
20 I 64330490 285 
21 I 65492749 813 
22 I 66158154 1504 
23 I 66177031 102 
24 I 68957343 1504 
25 I 68966477 73 
26 I 69401855 1504 
27 I 69601241 1504 
28 I 69695021 1504 
29 I 70577434 1504 
30 I 70641439 229 
31 I 71228338 275 
32 I 71259222 238 
33 I 73982816 1504 
34 I 78242511 1504 
35 I 78363090 1504 
36 I 79182862 1504 
37 I 79461873 1504 
38 I 80476804 1504 
39 I 81241185 114 
40 I 85267827 1504 
41 I 91866278 1504 
42 I 92843529 1504 
43 I 92976787 1504 
44 I 93968104 1504 
45 I 94977257 1504 
46 I 95064475 377 
47 I 96128179 380 
48 I 99783687 1504 
49 I 100339411 898 
50 I 105607239 258 
51 I 107143645 904 
52 I 108233504 213 
53 I 110866799 879 
54 I 111386181 252 
55 I 112699067 1504 
56 I 112750739 103 
57 I 113460119 144 
58 I 116851059 1504 
59 I 119238698 88 
60 I 134425066 88 
61 I 151102904 67 
62 I 151718855 88 
