0 I 0 407 
1 I 2073770 226 
2 I 5526589 549 
3 I 7720048 380 
4 I 10102090 172 
5 I 11463062 300 
6 I 13342846 526 
7 I 16323888 384 
8 I 17393335 175 
9 I 18068389 337 
10 I 19147181 402 
11 I 20363640 488 
12 I 21448850 221 
13 I 22142145 327 
14 I 23376714 178 
15 I 24616632 405 
16 I 26250850 358 
17 I 27532608 226 
18 I 28279831 193 
19 I 29595139 384 
20 I 30273293 181 
21 I 31150740 314 
22 I 32160863 305 
23 I 33695384 337 
24 I 35782080 219 
25 I 37438126 460 
26 I 39178565 193 
27 I 40575094 186 
28 I 41840271 177 
29 I 43762717 218 
30 I 45896272 374 
31 I 46470113 165 
32 I 47507085 248 
33 I 48169210 325 
34 I 49087846 230 
35 I 49885504 493 
36 I 50185640 131 
37 I 51066796 182 
38 I 51598090 309 
39 I 51756093 82 
40 I 52810378 465 
41 I 52998654 92 
42 I 53255968 96 
43 I 53879282 79 
44 I 54287013 87 
45 I 54487431 221 
46 I 55936526 85 
47 I 56750715 143 
48 I 56995030 104 
49 I 57933763 227 
50 I 58879468 80 
51 I 63675352 307 
52 I 65490610 312 
53 I 66683380 173 
54 I 68953499 306 
55 I 70086756 158 
56 I 70958005 340 
57 I 72403379 356 
58 I 73327790 487 
59 I 74374414 222 
60 I 76030744 397 
61 I 78023152 236 
62 I 80417248 240 
63 I 82921248 421 
64 I 84183736 343 
65 I 85210511 291 
66 I 86509702 220 
67 I 87956967 324 
68 I 88791124 182 
69 I 90527417 314 
70 I 91442440 386 
71 I 91770726 242 
72 I 93360887 103 
73 I 93862749 110 
74 I 94146535 116 
75 I 95718966 539 
76 I 96305432 174 
77 I 96871357 313 
78 I 97998211 550 
79 I 98820230 356 
80 I 99626877 172 
81 I 100514255 192 
82 I 101503578 499 
83 I 102201634 303 
84 I 103364937 320 
85 I 103739661 324 
86 I 104030365 80 
87 I 104606170 85 
88 I 104884975 91 
89 I 105321872 223 
90 I 105999652 436 
91 I 106347184 198 
92 I 107299127 110 
93 I 107777864 330 
94 I 108299600 442 
95 I 108704350 173 
96 I 109037498 167 
97 I 109474684 110 
98 I 110062047 310 
99 I 110683859 459 
100 I 112381960 372 
101 I 113274707 417 
102 I 114133875 332 
103 I 115542021 326 
104 I 116604632 244 
105 I 117603507 327 
106 I 119076993 343 
107 I 120547961 478 
108 I 122083695 224 
109 I 122359481 83 
110 I 123465220 84 
111 I 125198885 355 
112 I 127197141 370 
113 I 128104653 319 
114 I 130285094 230 
115 I 133144235 534 
116 I 136513753 547 
117 I 136782645 263 
118 I 139958310 356 
119 I 142465098 261 
120 I 145067393 249 
121 I 146824939 215 
122 I 147872939 385 
123 I 148472674 236 
124 I 149060750 79 
125 I 149367113 84 
126 I 149739648 80 
127 I 150396611 87 
128 I 151415648 110 
129 I 151665372 97 
130 I 151980023 210 
131 I 153131948 470 
132 I 153766105 248 
133 I 154358615 163 
134 I 154582388 130 
135 I 156421383 312 
136 I 157551984 462 
137 I 158785022 473 
138 I 159241991 281 
139 I 160332599 110 
140 I 162305570 408 
141 I 162625708 248 
142 I 162961644 237 
143 I 163414882 110 
144 I 163764176 88 
145 I 165329698 258 
146 I 166452172 240 
147 I 168125675 420 
148 I 169654878 392 
149 I 170525656 397 
150 I 170636787 148 
151 I 170900941 221 
152 I 171575451 257 
153 I 172483899 87 
154 I 173728117 480 
155 I 174315020 89 
156 I 175344037 433 
157 I 176295310 460 
158 I 176424463 84 
159 I 177442840 104 
160 I 179124547 344 
161 I 180504177 391 
162 I 181295049 322 
163 I 182149294 326 
164 I 183540258 361 
165 I 184060987 456 
166 I 185556442 404 
167 I 186030699 300 
168 I 186341491 120 
169 I 188282503 396 
170 I 189852113 515 
171 I 191905050 415 
172 I 194653615 229 
173 I 197812592 356 
174 I 203262497 541 
175 I 206091005 381 
176 I 210261241 374 
177 I 212735037 219 
178 I 215331673 392 
179 I 217747712 385 
180 I 219499722 229 
181 I 222209765 242 
182 I 224011613 337 
183 I 226091069 436 
184 I 227250628 183 
185 I 229205310 216 
186 I 230379123 330 
187 I 231404286 157 
188 I 232653465 309 
189 I 235588290 250 
190 I 236885600 235 
191 I 237943172 471 
192 I 238578316 313 
193 I 239261726 512 
194 I 240765163 483 
195 I 241907022 301 
196 I 243946498 550 
197 I 245424079 368 
198 I 248076598 242 
199 I 250208202 500 
200 I 251360811 308 
201 I 252176215 161 
202 I 253850627 329 
203 I 255759625 316 
204 I 257385538 455 
205 I 257644966 204 
206 I 259189841 232 
207 I 261364984 409 
208 I 263571579 414 
209 I 265531951 270 
210 I 266950678 415 
211 I 268743066 529 
212 I 269756608 448 
213 I 270158479 292 
214 I 273075560 172 
215 I 275286740 253 
216 I 276845436 391 
217 I 278473107 201 
218 I 280967364 254 
219 I 282250424 172 
220 I 283889894 324 
221 I 286052045 204 
222 I 287494423 173 
223 I 289410165 340 
224 I 291664997 391 
225 I 293654235 363 
226 I 296823335 383 
