0 I 0 75 
1 I 120191 131 
2 I 226914 96 
3 I 333685 131 
4 I 987276 103 
5 I 3816132 75 
6 I 3924256 131 
7 I 4030215 131 
8 I 4202213 96 
9 I 4304165 110 
10 I 4412484 131 
11 I 4626155 82 
12 I 4734874 131 
13 I 4960155 89 
14 I 5033634 89 
15 I 5160129 75 
16 I 5402174 75 
17 I 5496613 124 
18 I 5988094 75 
19 I 7414252 106 
20 I 92186163 116 
21 I 107384836 116 
22 I 124600195 116 
23 I 132996295 80 
24 I 132996367 114 
25 I 133622724 80 
26 I 133766802 117 
27 I 133984296 89 
28 I 134098217 103 
29 I 134986104 89 
30 I 137176111 80 
31 I 137256312 82 
32 I 138402643 75 
33 I 138500180 124 
34 I 138808126 89 
35 I 138904172 124 
36 I 139261914 89 
37 I 139357606 124 
38 I 139618161 103 
39 I 139728162 131 
40 I 139834402 124 
41 I 139942682 131 
42 I 140052622 131 
43 I 140278394 96 
44 I 140382579 124 
45 I 140490132 103 
46 I 140602172 103 
47 I 140708213 131 
48 I 140934393 124 
49 I 141040174 131 
50 I 142544122 75 
51 I 142638160 124 
52 I 142756854 138 
53 I 142874271 110 
54 I 142982742 82 
55 I 143102700 82 
56 I 143210210 131 
57 I 143462097 75 
58 I 143568823 131 
59 I 143722675 124 
60 I 143974081 75 
61 I 144988815 110 
62 I 145751405 75 
63 I 145988640 103 
64 I 146133614 75 
65 I 146984139 117 
66 I 149316110 75 
67 I 149554336 89 
68 I 149982141 124 
69 I 153994257 80 
