0 I 0 60 
1 I 5043222 60 
2 I 10075938 60 
3 I 15120593 60 
4 I 20154680 60 
5 I 25201176 60 
6 I 30234980 60 
7 I 35277831 60 
8 I 40312563 60 
9 I 45363133 60 
10 I 60008988 60 
11 I 65052257 60 
12 I 70086708 60 
13 I 75130969 60 
14 I 80164016 60 
15 I 85207233 60 
16 I 90240865 60 
17 I 95285095 60 
18 I 100323982 60 
19 I 105370188 60 
20 I 120996691 60 
21 I 126048091 60 
22 I 131081784 60 
23 I 136124809 60 
24 I 141163380 60 
25 I 146206333 60 
26 I 151241020 60 
27 I 156284436 60 
28 I 161320166 60 
29 I 166365798 60 
30 I 181002202 60 
31 I 186047337 60 
32 I 191081137 60 
33 I 196126917 60 
34 I 201165781 60 
35 I 206210033 60 
36 I 211246696 60 
37 I 216290016 60 
38 I 221327024 60 
39 I 226377010 60 
