0 I 0 60 
1 I 3699365 60 
2 I 3700845 60 
3 I 3702148 60 
4 I 3703139 60 
5 I 3704843 60 
6 I 7324597 60 
7 I 7325928 60 
8 I 7327185 60 
9 I 7482173 60 
10 I 11194822 60 
11 I 11196717 60 
12 I 11325405 60 
13 I 13899705 60 
14 I 14957269 60 
15 I 14958441 60 
16 I 14971930 60 
17 I 14973226 60 
18 I 17696820 60 
19 I 18948943 60 
20 I 30011619 60 
21 I 91596667 60 
22 I 95222827 60 
23 I 95225649 60 
24 I 95232462 60 
25 I 95322266 60 
26 I 95326402 60 
27 I 99405716 60 
28 I 99407358 60 
29 I 99408771 60 
30 I 178535733 60 
31 I 178644497 60 
