0 I 0 60 
1 I 149420 60 
2 I 301096 60 
3 I 2254882 60 
4 I 3451823 60 
5 I 3607995 60 
6 I 3762187 60 
7 I 4302332 60 
8 I 4516267 60 
9 I 4675891 60 
10 I 4820028 60 
11 I 4972858 60 
12 I 5121798 60 
13 I 5271234 60 
14 I 5423294 60 
15 I 5571114 60 
16 I 5871826 60 
17 I 6025223 60 
18 I 6244053 60 
19 I 6384105 60 
20 I 7682652 60 
21 I 7836025 60 
22 I 7978212 60 
23 I 8140464 60 
24 I 8274459 60 
25 I 8426659 60 
26 I 8578223 60 
27 I 8733383 60 
28 I 8887638 60 
29 I 9031104 60 
30 I 9189306 60 
31 I 9335413 60 
32 I 9499781 60 
33 I 9682492 60 
34 I 9823408 60 
35 I 9950087 60 
36 I 10107115 60 
37 I 10254541 60 
38 I 10405882 60 
39 I 10558445 60 
40 I 10725118 60 
41 I 10862382 60 
42 I 11017436 60 
43 I 11165422 60 
44 I 11316312 60 
45 I 11467563 60 
46 I 11615372 60 
47 I 11795906 60 
48 I 11919472 60 
49 I 12069009 60 
50 I 12221682 60 
51 I 12381884 60 
52 I 12521056 60 
53 I 12932448 60 
54 I 13090343 60 
55 I 13281789 60 
56 I 13394440 60 
57 I 13579835 60 
58 I 13746285 60 
59 I 13907677 60 
60 I 14123543 60 
61 I 14273160 60 
62 I 14426663 60 
63 I 14581758 60 
64 I 14739812 60 
65 I 14880361 60 
66 I 15034892 60 
67 I 15181705 60 
68 I 15484425 60 
69 I 15657807 60 
70 I 15787674 60 
71 I 15939312 60 
72 I 16090517 60 
73 I 16243866 60 
74 I 16392697 60 
75 I 16543280 60 
76 I 16704529 60 
77 I 16837941 60 
78 I 16991913 60 
79 I 17173543 60 
80 I 17308993 60 
81 I 17462758 60 
82 I 17596623 60 
83 I 17747615 60 
84 I 17904934 60 
85 I 18048083 60 
86 I 18199314 60 
87 I 18388671 60 
88 I 18510393 60 
89 I 18685928 60 
90 I 18827449 60 
91 I 18985308 60 
92 I 19129621 60 
93 I 19278109 60 
94 I 19428031 60 
95 I 19579769 60 
96 I 19733902 60 
97 I 19877179 60 
98 I 20035848 60 
99 I 20180200 60 
100 I 20333513 60 
101 I 20488388 60 
102 I 20639833 60 
103 I 20789800 60 
104 I 20933478 60 
105 I 21082751 60 
106 I 21233139 60 
107 I 21380623 60 
108 I 21532011 60 
109 I 21689047 60 
110 I 21844444 60 
111 I 21999748 60 
112 I 22142144 60 
113 I 22381398 60 
114 I 22650123 60 
115 I 22868086 60 
116 I 23021507 60 
117 I 23246244 60 
118 I 23395828 60 
119 I 158621982 60 
120 I 158780095 60 
121 I 158922607 60 
122 I 159071941 60 
123 I 159222857 60 
124 I 159371238 60 
125 I 159526668 60 
126 I 159823970 60 
127 I 159969266 60 
128 I 160138593 60 
129 I 160270129 60 
130 I 160425251 60 
131 I 160581064 60 
132 I 160871067 60 
133 I 161027206 60 
134 I 161170589 60 
135 I 161321916 60 
136 I 161485412 60 
137 I 161621606 60 
138 I 161776015 60 
139 I 161924545 60 
140 I 162075367 60 
141 I 162230137 60 
142 I 162374568 60 
143 I 162532947 60 
144 I 162829119 60 
145 I 162981072 60 
146 I 163138660 60 
147 I 163276839 60 
148 I 163455245 60 
149 I 163577617 60 
150 I 163727088 60 
151 I 163875877 60 
152 I 164024939 60 
153 I 164175958 60 
154 I 164328266 60 
155 I 164498358 60 
156 I 164625797 60 
157 I 164793040 60 
158 I 165872957 60 
159 I 166027120 60 
160 I 166175388 60 
161 I 166431760 60 
162 I 166582895 60 
163 I 166735057 60 
164 I 166957420 60 
165 I 167113946 60 
166 I 167270201 60 
167 I 167429482 60 
168 I 167586934 60 
169 I 167928531 60 
170 I 168076806 60 
171 I 168239839 60 
172 I 168412595 60 
173 I 168555732 60 
174 I 168718476 60 
175 I 168856065 60 
176 I 169003697 60 
177 I 169155132 60 
178 I 169304238 60 
179 I 169454610 60 
180 I 169604120 60 
181 I 169754442 60 
182 I 169908124 60 
183 I 170052803 60 
184 I 170210580 60 
185 I 170356050 60 
186 I 170505681 60 
187 I 170670479 60 
188 I 170855809 60 
189 I 171003433 60 
190 I 171159142 60 
191 I 171311214 60 
192 I 171455523 60 
193 I 171603264 60 
194 I 171754525 60 
195 I 171907729 60 
196 I 172061254 60 
197 I 172208923 60 
198 I 172360469 60 
199 I 172511660 60 
200 I 172676633 60 
201 I 172813204 60 
202 I 172958044 60 
203 I 173122240 60 
204 I 173261200 60 
205 I 173415325 60 
206 I 173580045 60 
207 I 173873243 60 
208 I 174057749 60 
209 I 174175845 60 
210 I 174318905 60 
211 I 174477369 60 
212 I 174621863 60 
213 I 174774169 60 
214 I 174923611 60 
215 I 175083003 60 
216 I 175272072 60 
217 I 175939695 60 
218 I 176082877 60 
219 I 176563071 60 
220 I 176718267 60 
221 I 176864865 60 
222 I 177048341 60 
223 I 177228423 60 
224 I 177375922 60 
225 I 177526120 60 
226 I 178262246 60 
227 I 178407173 60 
228 I 178557179 60 
229 I 178708878 60 
230 I 178873097 60 
231 I 179040498 60 
232 I 179177560 60 
233 I 179314534 60 
234 I 179473706 60 
235 I 179626647 60 
236 I 179776150 60 
237 I 179937535 60 
238 I 180078711 60 
239 I 180254661 60 
240 I 180371774 60 
241 I 180536050 60 
242 I 180820036 60 
243 I 180977290 60 
244 I 181122514 60 
245 I 181276182 60 
246 I 181445837 60 
247 I 181581487 60 
248 I 181746825 60 
249 I 181880085 60 
250 I 182030253 60 
251 I 182179713 60 
252 I 182334156 60 
253 I 182486528 60 
254 I 182637686 60 
255 I 182785473 60 
256 I 182939407 60 
257 I 183095892 60 
258 I 183256474 60 
259 I 183389629 60 
260 I 183542047 60 
261 I 183713793 60 
262 I 183851517 60 
263 I 184000030 60 
264 I 184146160 60 
265 I 184307168 60 
266 I 184456349 60 
267 I 184605627 60 
268 I 184756643 60 
269 I 184904541 60 
270 I 185056923 60 
271 I 185213562 60 
