0 I 0 60 
1 I 155931 60 
2 I 311652 60 
3 I 469537 60 
4 I 621361 60 
5 I 769388 60 
6 I 919905 60 
7 I 1063268 60 
8 I 1215827 60 
9 I 1361886 60 
10 I 1521528 60 
11 I 1657390 60 
12 I 1807255 60 
13 I 1957901 60 
14 I 2112063 60 
15 I 2270077 60 
16 I 2417976 60 
17 I 2576177 60 
18 I 2729340 60 
19 I 2878748 60 
20 I 3044476 60 
21 I 3189193 60 
22 I 3342365 60 
23 I 3487276 60 
24 I 3642006 60 
25 I 3790705 60 
26 I 3937229 60 
27 I 4087836 60 
28 I 4245411 60 
29 I 4391451 60 
30 I 4549748 60 
31 I 4722145 60 
32 I 4867149 60 
33 I 5022099 60 
34 I 5167275 60 
35 I 5302687 60 
36 I 5468830 60 
37 I 5616066 60 
38 I 5766310 60 
39 I 5909830 60 
40 I 6061070 60 
41 I 6217487 60 
42 I 6375951 60 
43 I 6525474 60 
44 I 6679778 60 
45 I 6815560 60 
46 I 6966311 60 
47 I 7130311 60 
48 I 7281255 60 
49 I 7415982 60 
50 I 7571671 60 
51 I 7715469 60 
52 I 7870987 60 
53 I 8022168 60 
54 I 8170849 60 
55 I 8321412 60 
56 I 8465989 60 
57 I 8620145 60 
58 I 8770471 60 
59 I 8920919 60 
60 I 9083090 60 
61 I 9224398 60 
62 I 9373816 60 
63 I 9530135 60 
64 I 9674450 60 
65 I 9829858 60 
66 I 9995223 60 
67 I 10148142 60 
68 I 10288730 60 
69 I 10587745 60 
70 I 10738369 60 
71 I 10887612 60 
72 I 11033292 60 
73 I 11182858 60 
74 I 11334835 60 
75 I 11495647 60 
76 I 11638421 60 
77 I 11788822 60 
78 I 11966513 60 
79 I 12111856 60 
80 I 12278396 60 
81 I 12428393 60 
82 I 12572488 60 
83 I 12713025 60 
84 I 12878165 60 
85 I 13030238 60 
86 I 13168258 60 
87 I 13314044 60 
88 I 13464541 60 
89 I 13618876 60 
90 I 13762534 60 
91 I 13927583 60 
92 I 14064013 60 
93 I 14228011 60 
94 I 14381410 60 
95 I 14529034 60 
96 I 14680419 60 
97 I 14830729 60 
98 I 14988983 60 
99 I 15431660 60 
100 I 15572916 60 
101 I 15732092 60 
102 I 15871666 60 
103 I 16021810 60 
104 I 16181617 60 
105 I 16320276 60 
106 I 16481219 60 
107 I 16632619 60 
108 I 16780856 60 
109 I 17578519 60 
110 I 18230218 60 
111 I 18378440 60 
112 I 18521533 60 
113 I 18670942 60 
114 I 18824088 60 
115 I 18969349 60 
116 I 19134485 60 
117 I 19271469 60 
118 I 19431622 60 
119 I 19568254 60 
120 I 19718077 60 
121 I 19868167 60 
122 I 20032897 60 
123 I 20181735 60 
124 I 20319648 60 
125 I 20481620 60 
126 I 20632256 60 
127 I 20772570 60 
128 I 20922929 60 
129 I 21087686 60 
130 I 21237463 60 
131 I 21382907 60 
132 I 21557290 60 
133 I 21709848 60 
134 I 21843138 60 
135 I 22007501 60 
136 I 22144570 60 
137 I 22307572 60 
138 I 22459930 60 
139 I 22610879 60 
140 I 22759638 60 
141 I 22913796 60 
142 I 23052896 60 
143 I 23202290 60 
144 I 23351897 60 
145 I 23504803 60 
146 I 23664656 60 
147 I 23813663 60 
148 I 23964269 60 
149 I 24104845 60 
150 I 24264262 60 
151 I 24401544 60 
152 I 24566143 60 
153 I 24702557 60 
154 I 24856277 60 
155 I 25011670 60 
156 I 25172526 60 
157 I 25313191 60 
158 I 25463639 60 
159 I 25617952 60 
160 I 25766838 60 
161 I 25975215 60 
162 I 26117134 60 
163 I 26267160 60 
164 I 26433457 60 
165 I 26575924 60 
166 I 26719524 60 
167 I 26883103 60 
168 I 27023780 60 
169 I 27176210 60 
170 I 27322420 60 
