0 I 0 60 
1 I 148595 60 
2 I 301354 60 
3 I 474734 60 
4 I 609342 60 
5 I 770696 60 
6 I 950750 60 
7 I 1047473 60 
8 I 1198897 60 
9 I 1352066 60 
10 I 1498321 60 
11 I 1646904 60 
12 I 1796302 60 
13 I 1948488 60 
14 I 2099837 60 
15 I 2244100 60 
16 I 2401083 60 
17 I 2543765 60 
18 I 2696860 60 
19 I 2842127 60 
20 I 2998291 60 
21 I 3141477 60 
22 I 3292548 60 
23 I 3446514 60 
24 I 3594302 60 
25 I 3747626 60 
26 I 3893903 60 
27 I 4048226 60 
28 I 4219419 60 
29 I 4348512 60 
30 I 4490823 60 
31 I 4649313 60 
32 I 4791232 60 
33 I 4947746 60 
34 I 5140134 60 
35 I 5241599 60 
36 I 5395897 60 
37 I 5540607 60 
38 I 5741798 60 
39 I 5843969 60 
40 I 5995380 60 
41 I 6170637 60 
42 I 6291322 60 
43 I 6502512 60 
44 I 6622438 60 
