0 I 0 60 
1 I 12362065 60 
2 I 23764935 60 
3 I 24724293 60 
4 I 25704919 60 
5 I 26188222 60 
6 I 28129499 60 
7 I 29090605 60 
8 I 30541365 60 
9 I 31508702 60 
10 I 32488178 60 
11 I 32965682 60 
12 I 34900276 60 
13 I 39127126 60 
14 I 42108927 60 
15 I 42710831 60 
16 I 47699252 60 
17 I 48011307 60 
18 I 52105508 60 
19 I 57292609 60 
20 I 58014547 60 
21 I 60916750 60 
22 I 62368030 60 
23 I 65772736 60 
24 I 71124880 60 
25 I 71297953 60 
26 I 72112702 60 
27 I 74087026 60 
28 I 75542524 60 
29 I 76531610 60 
30 I 77695913 60 
31 I 78173061 60 
32 I 90729831 60 
33 I 101913532 60 
34 I 104331796 60 
35 I 104834881 60 
36 I 105319146 60 
37 I 105795443 60 
38 I 106299329 60 
39 I 106790156 60 
40 I 107273759 60 
41 I 107750592 60 
42 I 108717048 60 
43 I 109200965 60 
44 I 109684243 60 
45 I 110161434 60 
46 I 111135436 60 
47 I 112096290 60 
48 I 112579582 60 
49 I 113255339 60 
50 I 113739089 60 
51 I 114699720 60 
52 I 115382709 60 
53 I 116342478 60 
54 I 116832418 60 
55 I 117515086 60 
56 I 118501887 60 
57 I 119960973 60 
58 I 120920581 60 
59 I 121907868 60 
60 I 122403991 60 
61 I 122874565 60 
62 I 123900964 60 
63 I 125384330 60 
64 I 127320494 60 
65 I 127797046 60 
66 I 128280041 60 
67 I 128757343 60 
68 I 129102038 60 
69 I 129730998 60 
70 I 130711498 60 
71 I 131698192 60 
72 I 135819154 60 
73 I 146333260 60 
74 I 147307111 60 
75 I 148830857 60 
76 I 149307525 60 
77 I 149791005 60 
78 I 150281840 60 
79 I 150765913 60 
80 I 152262706 60 
81 I 157105514 60 
82 I 159524136 60 
83 I 160517459 60 
84 I 163690729 60 
85 I 165141981 60 
86 I 166115231 60 
87 I 167096608 60 
88 I 168540642 60 
89 I 179815531 60 
90 I 180299300 60 
91 I 180776198 60 
92 I 181259504 60 
93 I 181750405 60 
94 I 182710831 60 
95 I 183193633 60 
96 I 183684140 60 
97 I 184174944 60 
98 I 185135172 60 
99 I 185788102 60 
100 I 190684316 60 
101 I 191161076 60 
102 I 192135038 60 
103 I 193095866 60 
104 I 194559776 60 
105 I 195520695 60 
106 I 196004756 60 
107 I 196494352 60 
108 I 196970853 60 
109 I 198495358 60 
110 I 199936596 60 
111 I 200911433 60 
112 I 202348737 60 
113 I 207761700 60 
114 I 208252042 60 
115 I 208748146 60 
116 I 209722731 60 
117 I 210696722 60 
118 I 211173057 60 
119 I 212154519 60 
120 I 213114796 60 
121 I 214089014 60 
122 I 216512792 60 
123 I 217970302 60 
124 I 218937756 60 
125 I 219905690 60 
126 I 229736656 60 
127 I 230711056 60 
128 I 231193674 60 
129 I 233148574 60 
130 I 234122779 60 
131 I 235089723 60 
132 I 235573418 60 
133 I 236533899 60 
134 I 237501912 60 
135 I 238494982 60 
136 I 238984622 60 
137 I 239946021 60 
138 I 240919397 60 
139 I 243331600 60 
140 I 243814744 60 
141 I 244305903 60 
142 I 244801209 60 
143 I 245298919 60 
144 I 245775868 60 
145 I 246259494 60 
146 I 247710136 60 
147 I 248710435 60 
148 I 249704682 60 
149 I 250181843 60 
150 I 250684901 60 
151 I 251175510 60 
152 I 252149626 60 
153 I 253129675 60 
154 I 254092224 60 
155 I 255541405 60 
156 I 256535012 60 
157 I 257575253 60 
158 I 257714241 60 
159 I 260138814 60 
160 I 261119362 60 
161 I 262099989 60 
162 I 263564420 60 
163 I 264524823 60 
164 I 265505460 60 
165 I 266949670 60 
166 I 267923364 60 
167 I 268760103 60 
168 I 268898747 60 
169 I 270355757 60 
170 I 271316983 60 
171 I 271807519 60 
172 I 272298284 60 
173 I 272789726 60 
174 I 273296312 60 
175 I 273828873 60 
176 I 274319289 60 
177 I 274779808 60 
178 I 281707665 60 
179 I 291559116 60 
180 I 292545712 60 
181 I 293506260 60 
182 I 293989826 60 
183 I 294964126 60 
184 I 295924586 60 
185 I 296892052 60 
186 I 297381879 60 
