0 I 0 60 
1 I 8692624 60 
2 I 30807571 60 
3 I 34092318 60 
4 I 34653130 60 
5 I 40903927 60 
6 I 58730251 60 
7 I 59450901 60 
8 I 126392137 60 
9 I 135125272 60 
10 I 136407350 60 
11 I 137088929 60 
12 I 137691411 60 
13 I 143779446 60 
14 I 165972610 60 
15 I 173343546 60 
16 I 180716082 60 
17 I 181315634 60 
18 I 181956298 60 
19 I 183319598 60 
20 I 183960708 60 
21 I 190049932 60 
22 I 206074185 60 
23 I 229468315 60 
24 I 236920089 60 
25 I 269649420 60 
26 I 283752146 60 
27 I 284434992 60 
28 I 285113393 60 
29 I 285675264 60 
