0 I 0 60 
1 I 991597 60 
2 I 6005179 60 
3 I 8412993 60 
4 I 9392996 60 
5 I 10398309 60 
6 I 11390234 60 
7 I 14379871 60 
8 I 15375939 60 
9 I 16399587 60 
10 I 17399250 60 
11 I 19406616 60 
12 I 23431435 60 
13 I 24423810 60 
14 I 25429650 60 
15 I 26453484 60 
16 I 27449063 60 
17 I 28483070 60 
18 I 29859231 60 
19 I 30850655 60 
20 I 31851397 60 
21 I 32850574 60 
22 I 33848285 60 
23 I 34848534 60 
24 I 35853646 60 
25 I 36860363 60 
26 I 37873233 60 
27 I 38864934 60 
28 I 39868084 60 
29 I 42054786 60 
30 I 43052780 60 
31 I 44068895 60 
32 I 46071936 60 
33 I 47070597 60 
34 I 51081226 60 
35 I 52068702 60 
36 I 54071914 60 
37 I 56078832 60 
38 I 57082300 60 
