0 I 0 64 
1 I 2449840 95 
2 I 9716915 95 
3 I 12495742 96 
4 I 15596177 108 
5 I 17605475 108 
6 I 27799236 93 
7 I 30784434 93 
8 I 33459409 114 
9 I 36222937 74 
10 I 38840075 64 
11 I 45630713 64 
12 I 48167793 95 
13 I 50645538 96 
14 I 53282979 108 
15 I 56113162 108 
16 I 66951647 93 
17 I 69466094 114 
18 I 71882319 74 
19 I 78034095 74 
20 I 81123126 64 
21 I 93522323 64 
22 I 96312112 95 
23 I 99165205 96 
24 I 106522423 96 
25 I 109217971 108 
26 I 123976998 108 
27 I 126255125 108 
28 I 134817403 93 
29 I 136675371 114 
30 I 138607067 74 
31 I 143735932 74 
32 I 145734760 64 
33 I 147912452 95 
34 I 150221088 96 
35 I 152639568 108 
36 I 159588379 108 
37 I 162156827 108 
38 I 171983306 93 
39 I 174182449 114 
40 I 176670877 74 
41 I 181298288 64 
42 I 183685664 95 
43 I 191184361 95 
44 I 206234672 95 
45 I 208130690 96 
46 I 210524935 108 
47 I 217970893 108 
48 I 220064559 108 
49 I 229281496 93 
50 I 231414237 114 
51 I 233717368 74 
52 I 239538489 74 
53 I 242190484 64 
54 I 253983979 64 
55 I 256601818 95 
56 I 280266752 95 
