0 I 0 93 
1 I 875037 80 
2 I 2635577 93 
3 I 3504613 80 
4 I 4191041 80 
5 I 4364325 64 
6 I 5047053 64 
7 I 6045126 93 
8 I 6739949 93 
9 I 6889618 80 
10 I 7558723 80 
11 I 7697395 64 
12 I 8344707 64 
13 I 9265228 93 
14 I 9921160 93 
15 I 10036028 80 
16 I 10658134 80 
17 I 11390898 64 
18 I 12832842 93 
19 I 13244039 80 
20 I 13521472 80 
21 I 13915813 64 
22 I 14199804 64 
23 I 15299375 93 
24 I 16008690 80 
25 I 17267766 64 
26 I 18728546 93 
27 I 18978587 80 
28 I 19446614 80 
29 I 19696146 64 
30 I 20172984 64 
31 I 21181846 93 
32 I 21656565 93 
33 I 22385596 80 
34 I 23142878 64 
35 I 24108766 93 
36 I 24865373 80 
37 I 25606968 64 
38 I 26522055 64 
39 I 27171204 93 
40 I 27947459 80 
41 I 28692342 64 
42 I 30193295 93 
43 I 30962564 80 
44 I 33362444 64 
45 I 34166280 80 
46 I 34894759 93 
47 I 34938188 64 
48 I 37888241 93 
49 I 38706192 80 
50 I 39524158 64 
51 I 39598141 126 
52 I 41308383 64 
53 I 42817008 64 
54 I 45832943 93 
55 I 46613150 80 
56 I 47335361 93 
57 I 47424181 64 
58 I 48127345 80 
59 I 48901908 64 
60 I 48977841 93 
61 I 49729575 80 
62 I 50399956 93 
63 I 51158203 80 
64 I 51923224 64 
65 I 52675692 80 
66 I 53446813 64 
67 I 53447144 93 
68 I 55027155 93 
69 I 55806567 80 
70 I 56397640 93 
71 I 56625483 64 
72 I 58253102 93 
73 I 59042570 80 
74 I 59830499 64 
75 I 61342096 93 
76 I 62432653 93 
77 I 63236544 80 
78 I 64042179 64 
79 I 64344102 93 
80 I 65114168 80 
81 I 65597736 93 
82 I 66371785 80 
83 I 67144448 64 
84 I 71083537 80 
85 I 71661200 93 
86 I 71863362 64 
87 I 72452918 80 
88 I 73232456 64 
89 I 73424005 93 
90 I 74200035 80 
91 I 74775365 93 
92 I 74985702 64 
93 I 76531894 93 
94 I 77320301 80 
95 I 77722508 93 
96 I 78125159 64 
97 I 78521817 80 
98 I 79308637 64 
99 I 82450128 64 
100 I 82639619 93 
101 I 84069038 93 
102 I 84862259 80 
103 I 85659485 64 
104 I 87305965 93 
105 I 88132357 80 
106 I 88585689 93 
107 I 88950496 64 
108 I 90580396 93 
109 I 93514446 93 
110 I 94297555 80 
111 I 95040874 64 
112 I 96515257 93 
113 I 99449201 93 
114 I 100166955 80 
115 I 100656609 93 
116 I 101342085 80 
117 I 102037544 64 
118 I 103401398 93 
119 I 104052555 80 
120 I 104713315 64 
121 I 106188718 80 
122 I 106840070 64 
123 I 107697357 64 
124 I 108169906 93 
125 I 108862807 80 
126 I 109060822 93 
127 I 109730388 80 
128 I 112022590 80 
129 I 112717243 64 
130 I 112726725 80 
131 I 113408546 64 
132 I 114084240 93 
133 I 114771394 80 
134 I 114787603 93 
135 I 115458063 64 
136 I 115471200 80 
137 I 116147750 64 
138 I 117512921 93 
139 I 118196540 80 
140 I 118560843 64 
141 I 119912308 93 
142 I 121176393 80 
143 I 121855792 64 
144 I 122886220 93 
145 I 123237617 93 
146 I 123578812 80 
147 I 123929287 80 
148 I 124593299 64 
149 I 125899636 93 
150 I 126534579 80 
151 I 129525417 80 
152 I 129525419 80 
153 I 130144697 64 
154 I 135560567 80 
155 I 136240496 64 
156 I 142200459 64 
157 I 148234412 64 
158 I 166340238 64 
159 I 167718249 93 
160 I 168402713 80 
161 I 169086250 64 
162 I 170407307 93 
163 I 171083630 80 
164 I 171776802 64 
165 I 172375705 64 
166 I 173154275 93 
167 I 173730494 93 
168 I 173846576 80 
169 I 174415985 80 
170 I 175084514 64 
171 I 176337391 93 
172 I 176802102 80 
173 I 176948607 80 
174 I 177414224 64 
175 I 177569297 64 
176 I 178631181 93 
177 I 178789091 93 
178 I 179373597 80 
179 I 179969305 64 
180 I 181190938 93 
181 I 181630189 93 
182 I 181778205 80 
183 I 182223393 80 
184 I 182828888 64 
185 I 184043911 93 
186 I 184648125 80 
187 I 184650894 80 
188 I 185240058 64 
189 I 185254052 64 
190 I 186478856 93 
191 I 186509608 93 
192 I 187104980 80 
193 I 187147580 80 
194 I 187724341 64 
195 I 187764418 64 
196 I 188971851 93 
197 I 188987210 93 
198 I 189592563 80 
199 I 189603529 80 
200 I 190207569 64 
201 I 190217108 64 
202 I 191408178 93 
203 I 192004142 80 
204 I 192615138 64 
205 I 193790385 93 
206 I 194346857 80 
207 I 194922809 64 
208 I 197925006 64 
209 I 199165024 93 
210 I 199790515 80 
211 I 200380295 64 
212 I 201607276 93 
213 I 202219931 80 
214 I 202816567 64 
215 I 204007129 93 
216 I 204615630 80 
217 I 205222982 64 
218 I 215434148 93 
219 I 215436047 93 
220 I 216062252 80 
221 I 216062439 80 
222 I 216704994 64 
223 I 218948120 80 
224 I 219551769 64 
225 I 219581761 64 
226 I 220825393 93 
227 I 220849493 93 
228 I 221459473 80 
229 I 222078633 64 
230 I 223309665 93 
231 I 223776228 93 
232 I 223935427 80 
233 I 224419632 80 
234 I 224588752 64 
235 I 225079901 64 
236 I 225882051 93 
237 I 226341181 93 
238 I 226935371 80 
239 I 227504403 64 
240 I 228675457 93 
241 I 228806080 93 
242 I 229260876 80 
243 I 229390974 80 
244 I 229972744 64 
245 I 231302778 93 
246 I 231976943 80 
247 I 232125328 80 
248 I 232655434 64 
249 I 232799291 64 
250 I 234125028 93 
251 I 234793153 80 
252 I 235752506 64 
253 I 237764097 80 
254 I 238402369 64 
255 I 239853072 93 
256 I 240081078 93 
257 I 240537372 80 
258 I 240769696 80 
259 I 243497329 80 
260 I 243598139 80 
261 I 244253106 64 
262 I 245491920 93 
263 I 246089258 80 
264 I 246668627 64 
265 I 247818314 93 
266 I 248403864 80 
267 I 249027893 64 
268 I 249533727 80 
269 I 250172288 64 
270 I 251846467 64 
271 I 253127935 93 
272 I 253786958 80 
273 I 254401879 64 
274 I 255671577 93 
275 I 258686881 93 
276 I 259321134 80 
277 I 262206904 64 
278 I 263491468 93 
279 I 264147085 80 
280 I 264801998 64 
281 I 265325409 80 
282 I 266050601 93 
283 I 266681876 80 
284 I 267322493 64 
285 I 268631634 93 
286 I 271562034 93 
287 I 272204021 80 
288 I 272848746 64 
289 I 274130975 93 
290 I 274768063 80 
