0 I 0 90 
1 I 590454 90 
2 I 849396 93 
3 I 1536537 90 
4 I 4504531 90 
5 I 8165877 93 
6 I 14179206 93 
7 I 14297064 93 
8 I 14860125 90 
9 I 14984126 90 
10 I 17702927 93 
11 I 20126040 93 
12 I 20653167 93 
13 I 21350228 90 
14 I 23060069 93 
15 I 23791692 90 
16 I 25897498 93 
17 I 26626047 90 
18 I 31267227 93 
19 I 31937882 93 
20 I 31941254 90 
21 I 32543365 93 
22 I 32606598 90 
23 I 35597923 90 
24 I 38508740 93 
25 I 39889507 90 
26 I 41622474 90 
27 I 47437548 93 
28 I 48092629 90 
29 I 50288697 93 
30 I 50946066 90 
31 I 51824946 93 
32 I 51853020 90 
33 I 52503948 90 
34 I 56208505 93 
35 I 56502526 93 
36 I 56899753 90 
37 I 57210937 90 
38 I 66726552 93 
39 I 66885687 93 
40 I 67446265 90 
41 I 67594735 90 
42 I 68907705 90 
43 I 69416077 93 
44 I 70084208 90 
45 I 71054413 93 
46 I 71722331 90 
47 I 72914353 90 
48 I 73986193 93 
49 I 74461639 93 
50 I 74654403 90 
51 I 74715034 93 
52 I 75115711 90 
53 I 75557060 93 
54 I 76264070 90 
55 I 77629558 93 
56 I 78287252 90 
57 I 79587067 93 
58 I 79783946 93 
59 I 80455149 90 
60 I 80479943 93 
61 I 81118095 90 
62 I 81396595 93 
63 I 82024678 90 
64 I 82527224 93 
65 I 83161867 90 
66 I 84239946 90 
67 I 86931471 93 
68 I 87598925 90 
69 I 88004384 93 
70 I 88659405 90 
71 I 91877143 93 
72 I 92217931 93 
73 I 92553345 90 
74 I 92636053 93 
75 I 93294271 90 
76 I 94229859 93 
77 I 94892118 90 
78 I 95182844 93 
79 I 95823601 90 
80 I 96030524 93 
81 I 96629375 93 
82 I 96687402 90 
83 I 97288096 90 
84 I 97890508 90 
85 I 99835195 93 
86 I 100252935 93 
87 I 100512793 90 
88 I 100939540 90 
89 I 101307355 93 
90 I 101801867 90 
91 I 103958482 93 
92 I 104304678 93 
93 I 104788503 93 
94 I 105463787 90 
95 I 106916786 93 
96 I 107623643 90 
97 I 108055231 90 
98 I 108293792 93 
99 I 109000818 90 
100 I 109047351 93 
101 I 109768535 90 
102 I 110022817 93 
103 I 111093931 93 
104 I 111514531 93 
105 I 111778907 90 
106 I 112186489 90 
107 I 112361731 93 
108 I 113421271 93 
109 I 113642515 93 
110 I 114305620 90 
111 I 114450433 93 
112 I 115141217 90 
113 I 115149976 90 
114 I 115345375 93 
115 I 115944489 93 
116 I 116036359 90 
117 I 116631033 90 
118 I 117151247 90 
119 I 117954153 90 
120 I 118477984 93 
121 I 119164867 90 
122 I 119358711 93 
123 I 120025339 90 
124 I 121597057 93 
125 I 121965270 90 
126 I 122303051 90 
127 I 122913179 93 
128 I 123508069 93 
129 I 123580454 90 
130 I 124044686 93 
131 I 124251429 93 
132 I 124718735 90 
133 I 124916863 90 
134 I 126476261 93 
135 I 127133472 90 
136 I 127685701 90 
137 I 128097298 93 
138 I 128750625 90 
139 I 131070083 93 
140 I 131700992 90 
141 I 134005853 93 
142 I 137046957 93 
143 I 137142195 93 
144 I 137574207 93 
145 I 137714166 90 
146 I 137821910 90 
147 I 138226497 90 
148 I 140019796 93 
149 I 140626473 90 
150 I 140715922 90 
151 I 141226498 90 
152 I 144115492 93 
153 I 144799908 90 
154 I 145731910 93 
155 I 146190645 93 
156 I 146424331 90 
157 I 146681737 93 
158 I 146863192 90 
159 I 147251865 90 
160 I 147373807 90 
161 I 152121121 93 
162 I 153575942 90 
163 I 154143348 93 
164 I 154872224 90 
165 I 158294290 93 
166 I 158999356 90 
167 I 164806983 93 
168 I 165503878 90 
169 I 168508822 90 
170 I 172427064 93 
171 I 173102628 90 
172 I 174599076 93 
173 I 175268751 90 
174 I 175617947 93 
175 I 176323939 90 
176 I 177712830 93 
177 I 178211539 93 
178 I 178380487 90 
179 I 178884764 90 
180 I 181363670 90 
181 I 182717044 93 
182 I 183402196 90 
183 I 183802631 93 
184 I 184730587 93 
185 I 186067662 90 
186 I 186767615 93 
187 I 187487818 90 
188 I 194101760 93 
189 I 194753084 93 
190 I 194771246 90 
191 I 195400090 90 
192 I 196737372 93 
193 I 197409360 90 
194 I 198539260 93 
195 I 199152745 90 
196 I 199593767 93 
197 I 200204524 90 
198 I 200810140 93 
199 I 201393354 90 
200 I 202009489 90 
201 I 202513007 93 
202 I 203649859 93 
203 I 204217752 90 
204 I 204710406 93 
205 I 205307531 90 
206 I 205518377 93 
207 I 205998914 93 
208 I 206128068 90 
209 I 206560103 90 
210 I 208531632 93 
211 I 209148135 90 
212 I 209789121 93 
213 I 212742100 93 
214 I 213332280 90 
215 I 217435441 93 
216 I 218031972 90 
217 I 218876970 93 
218 I 219496572 90 
219 I 219736962 93 
220 I 220402274 90 
221 I 223661736 93 
222 I 223764993 93 
223 I 223923232 93 
224 I 224412681 90 
225 I 226592282 93 
226 I 226888008 93 
227 I 227164800 90 
228 I 227434868 90 
229 I 227475368 90 
230 I 228467060 93 
231 I 228685619 93 
232 I 229252091 90 
233 I 231415150 93 
234 I 231882362 93 
235 I 231988287 90 
236 I 232464894 90 
237 I 233320411 93 
238 I 233768563 93 
239 I 233935565 90 
240 I 234410462 90 
241 I 235306840 90 
242 I 236678832 93 
243 I 237285442 90 
244 I 237915506 90 
245 I 238315773 93 
246 I 238912854 90 
247 I 241440501 93 
248 I 243055695 90 
249 I 243091960 93 
250 I 243179198 93 
251 I 243690081 90 
252 I 243830018 93 
253 I 244428359 93 
254 I 245032359 90 
255 I 245939042 90 
256 I 246042322 93 
257 I 246052215 93 
258 I 246645913 90 
259 I 246659947 90 
260 I 246745541 93 
261 I 247364465 90 
262 I 247547819 93 
263 I 248162767 90 
264 I 249513082 93 
265 I 250066372 90 
266 I 251594358 93 
267 I 251772036 90 
268 I 252153387 90 
269 I 253605558 93 
270 I 254230801 90 
271 I 254900392 93 
272 I 255527719 90 
273 I 259967146 93 
274 I 260563447 90 
275 I 262653715 93 
276 I 265608303 93 
277 I 266212602 90 
278 I 266511903 93 
279 I 267116263 90 
280 I 267644159 93 
281 I 268978481 93 
282 I 269528054 93 
283 I 269582568 90 
284 I 270023402 90 
285 I 270125011 90 
286 I 270629131 93 
287 I 271562393 93 
288 I 272216381 90 
289 I 272522783 90 
290 I 273541454 93 
291 I 274154389 90 
292 I 274313351 93 
293 I 274951112 90 
294 I 276643424 93 
295 I 276814982 93 
296 I 277248130 90 
297 I 277417204 90 
298 I 280162041 93 
299 I 280789197 90 
300 I 284273197 93 
301 I 284635450 93 
302 I 284888694 90 
303 I 287576115 93 
304 I 288197603 90 
305 I 297947366 93 
306 I 298559859 90 
