0 I 0 80 
1 I 1313504 918 
2 I 2450164 71 
3 I 4501942 80 
4 I 4673532 80 
5 I 5708896 918 
6 I 5918233 918 
7 I 6804261 71 
8 I 7006694 71 
9 I 10662997 71 
10 I 17362277 80 
11 I 18185124 80 
12 I 18475176 80 
13 I 19298617 918 
14 I 20254496 71 
15 I 23337301 954 
16 I 24443910 954 
17 I 25395347 80 
18 I 28667968 80 
19 I 29640094 74 
20 I 33129550 80 
21 I 34219258 917 
22 I 35210874 71 
23 I 35384296 80 
24 I 35407724 954 
25 I 36212495 74 
26 I 36431751 71 
27 I 36547122 918 
28 I 37223100 64 
29 I 37525266 71 
30 I 38211673 92 
31 I 39195265 96 
32 I 39986458 80 
33 I 41097616 124 
34 I 41118364 918 
35 I 41342301 71 
36 I 42096335 71 
37 I 51545730 80 
38 I 52700191 918 
39 I 56132310 918 
40 I 57144284 71 
41 I 60554077 71 
42 I 60647086 80 
43 I 61820583 918 
44 I 62629826 80 
45 I 62864773 71 
46 I 63809060 918 
47 I 64788483 71 
48 I 70364135 80 
49 I 73329015 954 
50 I 75123277 80 
51 I 78057440 954 
52 I 78104313 80 
53 I 79355340 918 
54 I 79364331 954 
55 I 80463623 71 
56 I 80463626 71 
57 I 84091851 954 
58 I 85103398 71 
59 I 85429650 80 
60 I 86553800 917 
61 I 90026465 917 
62 I 91066539 71 
63 I 92440181 71 
