0 I 0 81 
1 I 544046 103 
2 I 11150584 170 
3 I 11728462 181 
4 I 22865197 170 
5 I 23425638 181 
6 I 34570963 170 
7 I 35191646 181 
8 I 46375969 170 
9 I 46949910 181 
10 I 49792287 181 
11 I 60982708 170 
12 I 61565432 181 
13 I 72711519 170 
14 I 75643374 170 
15 I 93751847 170 
16 I 94272788 181 
17 I 118395568 181 
18 I 166685306 181 
19 I 177659077 170 
20 I 178127049 181 
21 I 198187108 170 
22 I 198653974 181 
23 I 209640306 170 
24 I 210172088 181 
25 I 212945381 181 
26 I 223964413 170 
27 I 226934974 170 
28 I 227418758 181 
29 I 240302594 170 
30 I 240788907 181 
