0 I 0 93 
1 I 495803 93 
2 I 3559942 80 
3 I 6399191 93 
4 I 6780188 115 
5 I 9526195 80 
6 I 12625848 115 
7 I 17170489 93 
8 I 18556575 115 
9 I 20286731 80 
10 I 26609303 80 
11 I 29753065 115 
12 I 30611990 115 
13 I 37756966 93 
14 I 40733864 80 
15 I 42272962 115 
16 I 43764125 115 
17 I 51682503 115 
18 I 58896297 93 
19 I 62061483 80 
20 I 65190128 115 
21 I 67576344 115 
22 I 73318672 115 
23 I 83609763 93 
24 I 86761682 80 
25 I 89826854 115 
26 I 100223371 93 
27 I 103350813 80 
28 I 106516622 115 
29 I 113762400 93 
30 I 116923475 80 
31 I 118111813 115 
32 I 120002503 115 
33 I 123802602 93 
34 I 126835366 80 
35 I 129889500 115 
36 I 130292612 93 
37 I 136583192 93 
38 I 137005553 93 
39 I 139718746 80 
40 I 140020158 80 
41 I 142732734 115 
42 I 143022166 115 
43 I 149637543 93 
44 I 149931142 93 
45 I 152758562 80 
46 I 152884198 93 
47 I 155616993 115 
48 I 155782167 80 
49 I 158658901 115 
50 I 162487664 93 
51 I 165517304 80 
52 I 165607120 93 
53 I 168580674 115 
54 I 168664472 80 
55 I 171783745 115 
56 I 178855762 93 
57 I 178862042 93 
58 I 181889750 80 
59 I 181981962 93 
60 I 184930894 115 
61 I 185030666 80 
62 I 188050873 115 
63 I 192863811 115 
64 I 195042785 93 
65 I 198077675 80 
66 I 199846421 93 
67 I 201018496 115 
68 I 202786352 80 
69 I 208717172 80 
70 I 211171861 93 
71 I 211691186 115 
72 I 214123576 80 
73 I 217044447 115 
74 I 218553401 93 
75 I 221427059 80 
76 I 223815699 93 
77 I 224350162 115 
78 I 226731507 80 
79 I 229679338 115 
80 I 231314909 93 
81 I 234387580 80 
82 I 237444623 115 
83 I 239881897 93 
84 I 244496959 93 
85 I 246316314 93 
86 I 247600788 80 
87 I 249472512 80 
88 I 253504048 80 
89 I 256543883 115 
90 I 262156451 80 
91 I 265175043 115 
92 I 272015981 93 
93 I 275143593 93 
94 I 278040308 80 
95 I 280992176 115 
96 I 285455169 93 
97 I 286719968 115 
98 I 288411118 80 
99 I 291372245 115 
100 I 293680583 93 
101 I 296671860 80 
102 I 298342049 93 
