0 I 0 170 
1 I 784825 181 
2 I 3968881 181 
3 I 18692356 170 
4 I 19517808 181 
5 I 31059387 170 
6 I 31780196 181 
7 I 43307673 170 
8 I 44062553 181 
9 I 58675191 170 
10 I 59527201 181 
11 I 62711014 181 
12 I 74305059 170 
13 I 77297736 170 
14 I 78085163 181 
15 I 89719379 170 
16 I 90547115 181 
17 I 93711662 181 
18 I 100150941 181 
19 I 111701329 170 
20 I 114622563 170 
21 I 115315212 181 
22 I 190775972 170 
23 I 202851720 170 
24 I 203488772 181 
25 I 227584455 181 
26 I 238944301 170 
27 I 239622772 181 
28 I 250984435 170 
29 I 251613706 181 
30 I 262873950 170 
31 I 263570692 181 
32 I 274827173 170 
33 I 277779172 170 
34 I 278515268 181 
35 I 289797139 170 
36 I 290444252 181 
