0 I 0 85 
1 I 15483798 93 
2 I 16095222 85 
3 I 22431833 93 
4 I 23043138 85 
5 I 29605532 93 
6 I 30180830 85 
7 I 45634812 93 
8 I 46196072 85 
9 I 52402870 93 
10 I 55826773 85 
11 I 61660336 85 
12 I 67871412 93 
13 I 68441439 85 
14 I 74649770 93 
15 I 77654339 93 
16 I 78240187 85 
17 I 84493676 93 
18 I 85077379 85 
19 I 87813190 85 
20 I 94093007 93 
21 I 94671776 85 
22 I 97569697 85 
23 I 103858732 93 
24 I 104435050 85 
25 I 139615403 93 
26 I 140146320 85 
27 I 172582782 93 
28 I 173268575 85 
29 I 179392932 93 
30 I 179914985 85 
31 I 186007586 93 
32 I 189004021 93 
33 I 189533726 85 
34 I 195542464 85 
35 I 201583258 93 
36 I 210630640 93 
37 I 222701179 93 
38 I 223188458 85 
39 I 229214982 93 
40 I 229703716 85 
41 I 261927531 93 
42 I 262458171 85 
43 I 268481022 93 
44 I 268960002 85 
45 I 271587011 85 
46 I 277018257 85 
47 I 283098672 93 
48 I 286071639 93 
49 I 286591365 85 
50 I 292873222 93 
51 I 293399413 85 
