0 I 0 93 
1 I 886971 85 
2 I 13456339 93 
3 I 14285752 85 
4 I 26805224 93 
5 I 27577843 85 
6 I 30497739 85 
7 I 36533162 85 
8 I 48957429 93 
9 I 49712836 85 
10 I 52929042 85 
11 I 65423000 93 
12 I 66206916 85 
13 I 78686682 93 
14 I 79424168 85 
15 I 82401645 85 
16 I 88436259 85 
17 I 100506917 85 
18 I 112957892 93 
19 I 113686604 85 
20 I 125980594 93 
21 I 126660231 85 
22 I 129677468 85 
23 I 141970266 93 
24 I 144966654 93 
25 I 151003507 93 
26 I 151628594 85 
27 I 163675818 85 
28 I 187816939 85 
29 I 199945648 93 
30 I 200540934 85 
31 I 212628564 93 
32 I 213224240 85 
33 I 225351490 93 
34 I 225974490 85 
35 I 238174083 93 
36 I 238796718 85 
37 I 251062927 93 
38 I 251745349 85 
39 I 263956746 93 
40 I 264537734 85 
41 I 276682504 93 
42 I 277301940 85 
43 I 289505590 93 
44 I 292428711 93 
45 I 293032708 85 
