0 I 0 98 
1 I 9336036 98 
2 I 17773347 102 
3 I 18596944 102 
4 I 18708095 98 
5 I 19128544 102 
6 I 19164480 246 
7 I 28074176 102 
8 I 28109165 102 
9 I 28144729 102 
10 I 28636581 98 
11 I 33903031 126 
12 I 37996232 98 
13 I 47068142 98 
14 I 56360190 98 
15 I 65508226 98 
16 I 67420909 142 
17 I 71726398 102 
18 I 72046745 94 
19 I 72081460 94 
20 I 72112801 502 
21 I 72146848 1518 
22 I 72180446 94 
23 I 75030017 98 
24 I 85001676 98 
25 I 94380359 98 
26 I 101820257 102 
27 I 101857110 98 
28 I 101908455 1290 
29 I 104212293 98 
30 I 111143025 102 
31 I 113988280 98 
32 I 116204385 102 
33 I 116240289 222 
34 I 119281854 102 
35 I 119317238 138 
36 I 120299933 102 
37 I 120334982 94 
38 I 120369428 302 
39 I 121323453 102 
40 I 121359528 538 
41 I 123453476 98 
42 I 133092301 98 
43 I 137311802 102 
44 I 137345087 102 
45 I 137381503 966 
46 I 138335050 102 
47 I 138369437 94 
48 I 138400752 570 
49 I 142704309 98 
50 I 143462909 98 
51 I 143497875 174 
52 I 144480349 102 
53 I 144518162 1110 
54 I 152472395 98 
55 I 162348371 98 
56 I 168614697 102 
57 I 168650630 114 
58 I 168680545 134 
59 I 171797114 126 
60 I 171936384 98 
61 I 181224407 98 
62 I 184348148 102 
63 I 191072400 98 
64 I 200274294 98 
65 I 209572506 98 
66 I 217289484 102 
67 I 218876477 98 
68 I 221808547 102 
69 I 221844973 138 
70 I 228568533 98 
71 I 238557529 98 
72 I 245776254 102 
73 I 245811360 102 
74 I 245849706 1254 
75 I 246803107 102 
76 I 246850105 98 
77 I 246886988 98 
78 I 246918694 1506 
79 I 246951265 1506 
80 I 246985569 930 
81 I 248268516 98 
82 I 255593806 98 
83 I 258252535 98 
84 I 259848050 102 
85 I 267412066 102 
86 I 267452325 102 
87 I 267489072 1146 
88 I 267588575 98 
89 I 268381928 102 
90 I 268428300 102 
91 I 268462212 534 
92 I 270166920 102 
93 I 270203058 102 
94 I 270233991 354 
95 I 276648600 98 
96 I 286600632 98 
97 I 287836449 126 
98 I 293157692 94 
99 I 295916752 98 
100 I 305824643 98 
101 I 307161756 462 
102 I 307197357 102 
103 I 307233318 174 
104 I 315268656 98 
105 I 324804589 98 
106 I 328901204 102 
107 I 328937099 98 
108 I 328972886 102 
109 I 329009172 102 
110 I 329052526 1506 
111 I 329088354 1506 
112 I 329117394 1038 
113 I 329923881 102 
114 I 329959462 102 
115 I 329993564 174 
116 I 332996831 94 
117 I 333032802 94 
118 I 333073709 1510 
119 I 333109022 354 
