0 I 0 1458 
1 I 26626 1458 
2 I 53030 1458 
3 I 2554391 1458 
4 I 3563815 1458 
5 I 5976846 1458 
6 I 6003133 1458 
7 I 6029601 1458 
8 I 8879327 1458 
9 I 8905882 1458 
10 I 9418973 1458 
11 I 11189264 1458 
12 I 11215280 1458 
13 I 11242100 1458 
14 I 11490260 1458 
15 I 14587623 1458 
16 I 14614159 1458 
17 I 14799781 1458 
18 I 14826115 1458 
19 I 14852450 1458 
20 I 17491329 1458 
21 I 17515003 1458 
22 I 17541332 1458 
23 I 17567870 1458 
24 I 20931008 1458 
25 I 20957552 1458 
26 I 20983977 1458 
27 I 21010306 1458 
28 I 21036908 1458 
29 I 22841401 1458 
30 I 22868112 1458 
31 I 22894307 1458 
32 I 22920921 1458 
33 I 22973949 1458 
34 I 25829175 1458 
35 I 25856027 1458 
36 I 26014688 1458 
37 I 45013744 536 
38 I 48029013 1458 
39 I 48055050 1458 
40 I 50905079 1458 
41 I 50931417 1458 
42 I 54517080 1458 
43 I 54543940 1458 
44 I 59110053 1458 
45 I 59136385 1458 
46 I 59163082 1458 
47 I 62269160 1458 
48 I 62296064 1458 
49 I 62888841 1458 
50 I 66307329 1458 
51 I 66333703 1458 
52 I 66360078 1458 
53 I 66916810 1458 
54 I 69380476 1458 
55 I 69406863 1458 
56 I 70446782 1458 
57 I 70613717 1458 
58 I 73198792 1458 
59 I 73225381 1458 
60 I 73251893 1458 
61 I 73706504 1458 
62 I 73812525 1458 
63 I 75646534 1458 
64 I 75673240 1458 
65 I 75833978 1458 
66 I 77612674 1458 
67 I 77639073 1458 
68 I 77665877 1458 
69 I 79084243 1458 
70 I 79110806 1458 
71 I 79137236 1458 
72 I 79773122 1458 
73 I 79799884 1458 
74 I 79826296 1458 
75 I 82112637 1458 
76 I 82139072 1458 
77 I 82192290 1458 
78 I 82218661 1458 
79 I 83517282 1458 
80 I 83543821 1458 
81 I 83871987 1458 
82 I 85695195 1458 
83 I 85722107 1458 
84 I 85731293 536 
85 I 89019324 1458 
86 I 89045913 1458 
87 I 89072426 1458 
88 I 89098961 1458 
89 I 89125323 1458 
90 I 89152025 1458 
91 I 89178425 1458 
92 I 89205017 1458 
93 I 91830830 1458 
94 I 91857376 1458 
95 I 91883974 1458 
96 I 91910453 1458 
97 I 92254867 1458 
98 I 95126664 1458 
99 I 95153220 1458 
100 I 95179881 1458 
101 I 95206461 1458 
102 I 96161267 1458 
103 I 98564316 1458 
104 I 98591040 1458 
105 I 98617067 1458 
106 I 98643979 1458 
107 I 98670347 1458 
108 I 98962079 1458 
109 I 101321133 1458 
110 I 101347636 1458 
111 I 101427263 1458 
112 I 104133720 1458 
113 I 104160118 1458 
114 I 104186381 1458 
115 I 106846451 1458 
116 I 106873018 1458 
117 I 109712016 1458 
118 I 109738372 1458 
119 I 109764637 1458 
120 I 111391262 1458 
121 I 111417564 1458 
122 I 111523782 1458 
123 I 114251843 1458 
124 I 114278220 1458 
125 I 114304430 1458 
126 I 114331160 1458 
127 I 116220067 1458 
128 I 116246299 1458 
129 I 116272971 1458 
130 I 125114916 1458 
131 I 129216048 536 
132 I 132820641 1458 
133 I 132846863 1458 
134 I 132873579 1458 
135 I 136259046 1458 
136 I 137116867 1458 
137 I 139591339 1458 
138 I 140174599 1458 
139 I 143524868 1458 
140 I 143551658 1458 
141 I 146443295 1458 
142 I 146496200 1458 
143 I 148454604 1458 
144 I 149671494 1458 
145 I 149697859 1458 
146 I 151912105 1458 
147 I 151938682 1458 
148 I 151965016 1458 
149 I 151991728 1458 
150 I 153766976 1458 
151 I 155459908 1458 
152 I 155963425 1458 
153 I 158500606 1458 
154 I 172621989 1458 
155 I 175987589 1458 
156 I 176016195 1458 
157 I 178914293 1458 
158 I 178940322 1458 
159 I 181039013 1458 
160 I 181065668 1458 
161 I 184805272 1458 
162 I 184832011 1458 
163 I 184858349 1458 
164 I 187137045 1458 
165 I 187163813 1458 
166 I 187296467 1458 
167 I 190095240 1458 
168 I 190122077 1458 
169 I 190148588 1458 
170 I 190175029 1458 
171 I 193355635 1458 
172 I 193382411 1458 
173 I 193408553 1458 
174 I 193435121 1458 
175 I 196281634 1458 
176 I 196308013 1458 
177 I 196334281 1458 
178 I 196360923 1458 
179 I 196387798 1458 
180 I 198602591 1458 
181 I 198612129 536 
182 I 201574952 1458 
183 I 201601189 1458 
184 I 201628056 1458 
185 I 201654311 1458 
186 I 201680671 1458 
187 I 204102866 1458 
188 I 204129595 1458 
189 I 204156281 1458 
190 I 204235559 1458 
191 I 204262326 1458 
192 I 204447755 1458 
193 I 207304150 1458 
194 I 207330340 1458 
195 I 207356892 1458 
196 I 207383093 1458 
197 I 207409871 1458 
198 I 207436349 1458 
199 I 209802842 1458 
200 I 209829549 1458 
201 I 209856130 1458 
202 I 209908925 1458 
203 I 209935959 1458 
204 I 209962095 1458 
205 I 209988824 1458 
206 I 212662053 1458 
207 I 212688067 1458 
208 I 212714798 1458 
209 I 212741348 1458 
210 I 212767868 1458 
211 I 212794312 1458 
212 I 212820610 1458 
213 I 215274458 1458 
214 I 215300843 1458 
215 I 215327697 1458 
216 I 215354093 1458 
217 I 215380459 1458 
218 I 215841025 1458 
219 I 215867434 1458 
220 I 215894135 1458 
221 I 218016465 1458 
222 I 218042874 1458 
223 I 218069412 1458 
224 I 218095951 1458 
225 I 218122320 1458 
226 I 218453102 1458 
227 I 218479200 1458 
228 I 218488868 536 
229 I 221930765 1458 
230 I 221957875 1458 
231 I 221983865 1458 
232 I 222010560 1458 
233 I 222036910 1458 
234 I 222063817 1458 
235 I 222089969 1458 
236 I 222116550 1458 
237 I 222143277 1458 
238 I 223838855 1458 
239 I 223865556 1458 
240 I 224238134 1458 
241 I 224264676 1458 
242 I 224628177 1458 
243 I 224654615 1458 
244 I 225273126 1458 
245 I 225299841 1458 
246 I 225415856 1458 
247 I 226222469 1458 
248 I 226248695 1458 
249 I 226275317 1458 
250 I 227149920 1458 
251 I 227176454 1458 
252 I 227584092 1458 
253 I 227610129 1458 
254 I 227928016 1458 
255 I 227954518 1458 
256 I 228034078 1458 
257 I 228297621 1458 
258 I 228324033 1458 
259 I 229080277 1458 
260 I 229275727 1458 
261 I 229302259 1458 
262 I 230594000 1458 
263 I 230620403 1458 
264 I 230680326 1458 
265 I 230706540 1458 
266 I 230892180 1458 
267 I 230918597 1458 
268 I 231294064 1458 
269 I 231320111 1458 
270 I 232086095 1458 
271 I 232112655 1458 
272 I 232139302 1458 
273 I 233142842 1458 
274 I 233169581 1458 
275 I 233178582 536 
276 I 235926828 1458 
277 I 235953710 1458 
278 I 235980416 1458 
279 I 236006770 1458 
280 I 236032994 1458 
281 I 236059575 1458 
282 I 236086294 1458 
283 I 236112597 1458 
284 I 236139126 1458 
285 I 236165690 1458 
286 I 236192222 1458 
287 I 238469621 1458 
288 I 238496029 1458 
289 I 238522551 1458 
290 I 238549084 1458 
291 I 238575630 1458 
292 I 238602000 1458 
293 I 238628405 1458 
294 I 238655065 1458 
295 I 241126120 1458 
296 I 241152661 1458 
297 I 241178707 1458 
298 I 241205618 1458 
299 I 241232113 1458 
300 I 241258665 1458 
301 I 241285054 1458 
302 I 241311845 1458 
303 I 242844461 1458 
304 I 242871034 1458 
305 I 242897247 1458 
306 I 242923938 1458 
307 I 242950460 1458 
308 I 245387792 1458 
309 I 245414154 1458 
310 I 245440516 1458 
311 I 245466740 1458 
312 I 245493646 1458 
313 I 245599612 1458 
314 I 248715108 1458 
315 I 248741754 1458 
316 I 248794496 1458 
317 I 248821049 1458 
318 I 248847624 1458 
319 I 248874274 1458 
320 I 252799234 1458 
321 I 252825790 1458 
322 I 252835427 536 
323 I 258360281 1458 
324 I 259640584 1458 
325 I 259667062 1458 
326 I 261155754 1458 
327 I 261182417 1458 
328 I 261209086 1458 
329 I 262658776 1458 
330 I 262685493 1458 
331 I 262711898 1458 
332 I 263005023 1458 
333 I 264363126 1458 
334 I 264389911 1458 
335 I 264610946 1458 
336 I 265014852 1458 
337 I 265520170 1458 
338 I 265546812 1458 
339 I 265573047 1458 
340 I 265872230 1458 
341 I 267249252 1458 
342 I 267452249 1458 
343 I 267478626 1458 
344 I 267743726 1458 
345 I 268065056 1458 
346 I 268091571 1458 
347 I 269891829 1458 
348 I 269919892 1458 
349 I 269946554 1458 
350 I 270613906 1458 
351 I 270746667 1458 
352 I 270772956 1458 
353 I 271654189 1458 
354 I 271680851 1458 
355 I 272373866 1458 
356 I 272959332 1458 
357 I 272985488 1458 
358 I 273012189 1458 
359 I 273038571 1458 
360 I 274874676 1458 
361 I 274901147 1458 
362 I 275209969 1458 
363 I 275954527 1458 
364 I 275980995 1458 
365 I 276007659 1458 
366 I 276034204 1458 
367 I 276909090 1458 
368 I 276936050 1458 
369 I 277630066 1458 
370 I 277639444 536 
371 I 280751100 1458 
372 I 280777699 1458 
373 I 280804050 1458 
374 I 280830459 1458 
375 I 280856867 1458 
376 I 280883663 1458 
377 I 280910241 1458 
378 I 280936478 1458 
379 I 284001424 1458 
380 I 284028064 1458 
381 I 284054203 1458 
382 I 284080917 1458 
383 I 284107417 1458 
384 I 284133989 1458 
385 I 284160516 1458 
386 I 284186926 1458 
387 I 286399549 1458 
388 I 286426268 1458 
389 I 286453476 1458 
390 I 286558983 1458 
391 I 286585237 1458 
392 I 286611731 1458 
393 I 286638108 1458 
394 I 286879262 1458 
395 I 286905663 1458 
396 I 289350942 1458 
397 I 289377820 1458 
398 I 289404223 1458 
399 I 289430758 1458 
400 I 289456855 1458 
401 I 289483704 1458 
402 I 290309086 1458 
403 I 290336072 1458 
404 I 290362015 1458 
405 I 292337288 1458 
406 I 292363936 1458 
407 I 292390521 1458 
408 I 292416780 1458 
409 I 292443256 1458 
410 I 292628827 1458 
411 I 292655122 1458 
412 I 293292965 1458 
413 I 293319649 1458 
414 I 293453662 1458 
415 I 295692905 1458 
416 I 295719246 1458 
417 I 295728490 536 
