0 I 0 191 
1 I 5 191 
2 I 4040004 194 
3 I 4040009 194 
4 I 4040045 194 
5 I 4040049 194 
6 I 4040080 194 
7 I 4040084 194 
8 I 7059970 195 
9 I 7059975 195 
10 I 12089953 191 
11 I 12089957 191 
12 I 26200138 191 
13 I 26200143 191 
14 I 35260212 191 
15 I 35260217 191 
16 I 35260391 198 
17 I 35260394 198 
18 I 35260563 198 
19 I 35260567 198 
20 I 35260720 200 
21 I 35260725 200 
22 I 35260904 194 
23 I 35260908 194 
24 I 35260948 198 
25 I 35260953 198 
26 I 35260988 199 
27 I 35260992 199 
28 I 40300269 189 
29 I 40300274 189 
30 I 48061086 142 
31 I 48061091 142 
32 I 48380288 191 
33 I 48380292 191 
34 I 52410450 191 
35 I 52410455 191 
36 I 53420377 189 
37 I 53420382 189 
38 I 66521338 191 
39 I 66521343 191 
40 I 69489177 245 
41 I 69489181 245 
42 I 69550780 194 
43 I 69550785 194 
44 I 69550819 194 
45 I 69550824 194 
46 I 69550853 194 
47 I 69550857 194 
48 I 69550881 194 
49 I 69550885 194 
50 I 69655679 307 
51 I 69655683 307 
52 I 69713371 327 
53 I 69713376 327 
54 I 70092737 372 
55 I 70092743 372 
56 I 70561177 194 
57 I 70561181 194 
58 I 70561361 195 
59 I 70561367 195 
60 I 70561399 195 
61 I 70561404 195 
62 I 70561432 196 
63 I 70561438 196 
64 I 70561462 194 
65 I 70561467 194 
66 I 70561499 196 
67 I 70561503 196 
68 I 70561527 194 
69 I 70561531 194 
70 I 70561558 198 
71 I 70561562 198 
72 I 70561587 198 
73 I 70561592 198 
74 I 70561618 198 
75 I 70561623 198 
76 I 70561649 194 
77 I 70561654 194 
78 I 70561682 195 
79 I 70561687 195 
80 I 70561710 194 
81 I 70561714 194 
82 I 82630762 197 
83 I 82630768 197 
84 I 83640751 189 
85 I 83640756 189 
86 I 84650854 198 
87 I 84650860 198 
88 I 84651128 198 
89 I 84651132 198 
90 I 84651185 200 
91 I 84651190 200 
92 I 84651245 194 
93 I 84651249 194 
94 I 84651276 198 
95 I 84651281 198 
96 I 84651307 199 
97 I 84651311 199 
98 I 90700830 191 
99 I 90700835 191 
100 I 103800933 191 
101 I 103800938 191 
102 I 112841031 189 
103 I 112841036 189 
104 I 116871063 191 
105 I 116871068 191 
106 I 125061988 140 
107 I 125061993 140 
108 I 125951190 191 
109 I 125951194 191 
110 I 128971240 191 
111 I 128971243 191 
112 I 135021430 198 
113 I 135021435 198 
114 I 135021635 198 
115 I 135021640 198 
116 I 135021672 200 
117 I 135021677 200 
118 I 135021704 194 
119 I 135021713 194 
120 I 135021745 198 
121 I 135021749 198 
122 I 135021757 199 
123 I 135021762 199 
124 I 144071394 195 
125 I 144071398 195 
126 I 147081440 189 
127 I 147081445 189 
128 I 151111407 196 
129 I 151111412 196 
130 I 158151454 191 
131 I 158151459 191 
132 I 160171479 194 
133 I 160171484 194 
134 I 167062442 142 
135 I 167062446 142 
136 I 167221443 191 
137 I 167221448 191 
138 I 173281638 189 
139 I 173281643 189 
140 I 180342063 198 
141 I 180342068 198 
142 I 180342114 198 
143 I 180342124 198 
144 I 180342142 200 
145 I 180342147 200 
146 I 180342175 194 
147 I 180342180 194 
148 I 180342207 198 
149 I 180342211 198 
150 I 180342236 199 
151 I 180342240 199 
152 I 189411820 191 
153 I 189411826 191 
154 I 192431836 191 
155 I 192431841 191 
156 I 206532039 191 
157 I 206532044 191 
158 I 211572052 189 
159 I 211572058 189 
160 I 222622220 191 
161 I 222622225 191 
162 I 226652288 191 
163 I 226652293 191 
164 I 233702641 189 
165 I 233702646 189 
166 I 233702686 198 
167 I 233702691 198 
168 I 233702722 198 
169 I 233702728 198 
170 I 233702756 200 
171 I 233702761 200 
172 I 233702787 194 
173 I 233702792 194 
174 I 233702823 198 
175 I 233702828 198 
176 I 233702848 199 
177 I 233702853 199 
178 I 241772354 191 
179 I 241772358 191 
180 I 250832423 194 
181 I 250832428 194 
182 I 263912582 191 
183 I 263912586 191 
184 I 265932572 191 
185 I 265932577 191 
186 I 270962644 191 
187 I 270962649 191 
188 I 275992705 189 
189 I 275992710 189 
190 I 283033534 196 
191 I 283033539 196 
192 I 284042878 198 
193 I 284042883 198 
194 I 284043079 198 
195 I 284043083 198 
196 I 284043111 200 
197 I 284043115 200 
198 I 284043143 194 
199 I 284043148 194 
200 I 284043177 198 
201 I 284043186 198 
202 I 284043206 199 
203 I 284043210 199 
204 I 290092948 196 
205 I 290092953 196 
206 I 291102813 195 
207 I 291102818 195 
208 I 293122861 189 
209 I 293122866 189 
210 I 302182951 196 
211 I 302182956 196 
212 I 304203035 194 
213 I 304203041 194 
214 I 304203074 194 
215 I 304203079 194 
216 I 304203108 194 
217 I 304203113 194 
218 I 305212944 191 
219 I 305212948 191 
220 I 321333138 189 
221 I 321333143 189 
222 I 327383167 191 
223 I 327383172 191 
224 I 329393261 191 
225 I 329393266 191 
226 I 334064042 140 
227 I 334064047 140 
228 I 334433304 191 
229 I 334433309 191 
