0 I 0 1504 
1 I 1358649 1504 
2 I 1359737 1504 
3 I 2691843 1504 
4 I 2692258 84 
5 I 2692274 1504 
6 I 4080776 1504 
7 I 4081367 1504 
8 I 4081521 1220 
9 I 6003216 1504 
10 I 10025780 1504 
11 I 11373241 1504 
12 I 11373341 1504 
13 I 12811944 1504 
14 I 12812003 936 
15 I 14330516 1504 
16 I 14330948 1504 
17 I 14331169 1220 
18 I 15724831 1504 
19 I 15725061 1504 
20 I 15921986 1220 
21 I 17195832 1504 
22 I 17195913 1504 
23 I 17196262 1220 
24 I 17378398 1504 
25 I 18551152 1504 
26 I 18551221 1220 
27 I 18568500 1504 
28 I 18781761 1504 
29 I 18782093 1220 
30 I 22552565 1504 
31 I 24030760 1504 
32 I 24030943 1504 
33 I 28570942 1504 
34 I 29735229 1504 
35 I 29735610 1504 
36 I 30991943 1504 
37 I 30992152 1504 
38 I 32353410 1504 
39 I 32353465 936 
40 I 33647573 1504 
41 I 34496054 1504 
42 I 35981033 1504 
43 I 35981502 1504 
44 I 37139429 1504 
45 I 37139641 1504 
46 I 38451903 1504 
47 I 38452026 1504 
48 I 38452541 1504 
49 I 38452546 368 
50 I 39705373 1504 
51 I 40912317 1504 
52 I 41818344 1504 
53 I 42318237 1504 
54 I 42318527 1504 
55 I 43609278 1504 
56 I 43609362 1504 
57 I 43609679 1504 
58 I 43609977 84 
59 I 43609993 1504 
60 I 46641332 1504 
61 I 48193124 1504 
62 I 48193399 1504 
63 I 48193556 1220 
64 I 48193844 1504 
65 I 48193946 1504 
66 I 49479771 1220 
67 I 49480513 1504 
68 I 49480779 1504 
69 I 49480912 1220 
70 I 50742115 1504 
71 I 50742562 1504 
72 I 50744391 1220 
73 I 52849162 1504 
74 I 54176646 1504 
75 I 54177257 1504 
76 I 55624491 1504 
77 I 55625023 1504 
78 I 55625343 1220 
79 I 57049054 1504 
80 I 57049574 1504 
81 I 58526301 1220 
82 I 58526783 1220 
83 I 60161679 1504 
84 I 60162227 1504 
85 I 61505445 1504 
86 I 61505575 1504 
87 I 63347263 1504 
88 I 63347467 936 
89 I 64711110 1504 
90 I 65490078 1504 
91 I 66055343 1504 
92 I 66862632 1504 
93 I 66863304 1504 
94 I 71208849 1504 
95 I 80036709 1504 
96 I 81374981 1504 
97 I 81375123 1220 
98 I 82766218 1504 
99 I 82766394 1504 
100 I 84213769 1504 
101 I 84751344 1504 
102 I 85741413 1504 
103 I 86064276 1504 
104 I 86064600 1504 
105 I 87420342 1504 
106 I 89369187 1504 
107 I 90871381 1504 
108 I 90871870 1504 
109 I 94789458 1504 
110 I 96179351 652 
111 I 96179354 1504 
112 I 97536659 1504 
113 I 97536977 1504 
114 I 99404553 1504 
115 I 101213047 1504 
116 I 101213236 1504 
117 I 102579759 1504 
118 I 106328781 1504 
119 I 113973777 1504 
120 I 115372225 1504 
121 I 115372486 1504 
122 I 116725928 1504 
123 I 116726053 1504 
124 I 118461257 1504 
125 I 122071414 1504 
126 I 123446984 652 
127 I 123446991 1504 
128 I 124790091 1504 
129 I 130602439 1504 
130 I 131884839 1504 
131 I 131885057 1504 
132 I 133164328 1504 
133 I 133164520 1504 
134 I 134450343 1504 
135 I 134450378 936 
136 I 134450575 1504 
137 I 135636298 1504 
138 I 135636397 1220 
139 I 136890118 1504 
140 I 136890323 1504 
141 I 136890767 1504 
142 I 138180476 1504 
143 I 138180845 1504 
144 I 139395528 1504 
145 I 139395590 936 
146 I 139395947 1504 
147 I 140730307 1504 
148 I 140730378 1220 
149 I 141903351 1504 
150 I 141903649 1504 
151 I 143040640 1504 
152 I 144387998 1504 
153 I 144646630 1504 
154 I 145797466 1504 
155 I 145878988 1504 
156 I 145879398 1504 
157 I 147032482 1504 
158 I 148370028 1504 
159 I 149779336 1504 
160 I 149779614 1504 
161 I 151443463 1504 
162 I 152619507 1504 
163 I 153374362 1504 
164 I 165416523 1504 
165 I 166872914 1504 
166 I 166873595 1504 
167 I 182866822 1504 
168 I 184019294 1504 
169 I 184019647 1504 
170 I 216073543 1504 
171 I 217482864 84 
172 I 217482878 1504 
173 I 218616593 1504 
174 I 220001274 1504 
175 I 221203152 1504 
176 I 222092362 1504 
177 I 222388338 1504 
178 I 223717209 1504 
179 I 223717225 936 
180 I 225070701 1504 
181 I 225071069 1504 
182 I 226221423 1504 
183 I 226908741 1504 
184 I 227550894 1504 
185 I 228407521 1504 
186 I 228407752 1504 
187 I 228786231 1504 
188 I 229767449 1504 
189 I 230305465 1504 
190 I 230305885 652 
191 I 231115063 1504 
192 I 231608651 1504 
193 I 232302507 1504 
194 I 234130955 1504 
195 I 237944691 1504 
196 I 239089347 1220 
197 I 239089553 1504 
198 I 244063718 328 
199 I 246673021 1504 
200 I 248098796 1504 
201 I 248099130 1220 
202 I 249558762 1504 
203 I 250739859 1504 
204 I 251487639 1504 
205 I 252789400 1220 
206 I 252790975 1504 
207 I 254288440 1504 
208 I 254288703 1220 
209 I 256205164 1504 
210 I 260215751 1504 
211 I 261510335 1504 
212 I 261510512 1504 
213 I 269447095 1504 
214 I 270774162 1504 
215 I 270774414 1504 
216 I 272178965 1504 
217 I 273572882 1504 
218 I 274059443 1504 
219 I 275132073 1504 
220 I 275336125 1504 
221 I 275336294 1504 
222 I 276380255 1504 
223 I 277827173 1504 
224 I 277827853 1504 
225 I 279150559 1504 
226 I 279150999 1504 
227 I 280461519 1504 
228 I 281726270 368 
229 I 285998466 1504 
230 I 287322557 1504 
231 I 287322676 1504 
232 I 288672098 1260 
233 I 288672266 1504 
