0 I 0 1504 
1 I 549168 1504 
2 I 549481 1504 
3 I 1088890 1504 
4 I 1089217 1504 
5 I 1627272 1504 
6 I 1627442 1504 
7 I 2178252 1504 
8 I 2178377 1504 
9 I 2178496 1504 
10 I 2720295 1504 
11 I 2720542 1504 
12 I 2720619 1504 
13 I 3276428 1504 
14 I 3276498 1504 
15 I 3468431 1504 
16 I 3468587 1504 
17 I 3975237 1504 
18 I 4038234 1504 
19 I 4038960 984 
20 I 4542819 1504 
21 I 4604609 1504 
22 I 5121714 1504 
23 I 5176428 564 
24 I 5740575 1504 
25 I 6292354 1504 
26 I 6649791 1504 
27 I 8727333 1504 
28 I 9637386 1504 
29 I 9637646 1504 
30 I 10187716 1504 
31 I 10733809 132 
32 I 15463123 1504 
33 I 16027536 1504 
34 I 16027633 1504 
35 I 16597815 1504 
36 I 17180821 1504 
37 I 25144772 1504 
38 I 25748064 1504 
39 I 25748402 1504 
40 I 26340161 1504 
41 I 26340386 1504 
42 I 26918743 1504 
43 I 26918872 1504 
44 I 26918991 1504 
45 I 27493595 1504 
46 I 27493857 1504 
47 I 27646428 1504 
48 I 28227558 1504 
49 I 28227670 1504 
50 I 28799250 1504 
51 I 29183584 1504 
52 I 29380677 172 
53 I 29776854 1504 
54 I 29777042 1504 
55 I 30331019 1504 
56 I 30331195 1504 
57 I 30331290 1504 
58 I 30896783 1504 
59 I 30896887 1504 
60 I 31444383 1504 
61 I 31444527 1504 
62 I 32145436 1504 
63 I 32682721 1504 
64 I 33120660 1504 
65 I 33211419 496 
66 I 33646312 1504 
67 I 33646469 1504 
68 I 33733699 1504 
69 I 34164304 212 
70 I 36841963 1504 
71 I 40882807 1504 
72 I 41399293 1504 
73 I 41399535 1504 
74 I 41914404 1504 
75 I 41914527 1504 
76 I 42429834 1504 
77 I 42430316 1504 
78 I 43144994 1504 
79 I 43145173 1504 
80 I 43671947 1504 
81 I 43672463 1504 
82 I 44197529 1504 
83 I 44711422 1504 
84 I 45109469 1504 
85 I 45222079 1504 
86 I 45639770 1504 
87 I 45640098 1504 
88 I 46161545 1504 
89 I 46161766 1504 
90 I 46684522 1504 
91 I 46684775 1504 
92 I 47209703 1504 
93 I 47209813 1504 
94 I 47209998 1504 
95 I 47738340 1504 
96 I 47738473 1504 
97 I 47848040 1504 
98 I 48252476 1504 
99 I 48252638 1504 
100 I 48252839 1504 
101 I 48544904 1504 
102 I 48786233 1504 
103 I 48786483 1504 
104 I 48944548 1504 
105 I 49247875 1504 
106 I 49326238 1504 
107 I 49326369 1504 
108 I 49326533 1504 
109 I 50169791 1504 
110 I 50169980 1504 
111 I 50170084 1504 
112 I 50170244 1504 
113 I 50170415 1504 
114 I 50691557 1504 
115 I 50691562 900 
116 I 50691674 616 
117 I 52371986 1504 
118 I 53073055 1504 
119 I 53073298 1504 
120 I 55403448 1504 
121 I 55941224 1504 
122 I 55941356 1504 
123 I 56482865 1504 
124 I 56482969 1504 
125 I 57175023 1504 
126 I 57175139 1504 
127 I 57713496 1504 
128 I 57713590 1504 
129 I 58261510 1504 
130 I 58261808 1504 
131 I 58811691 1504 
132 I 58846059 1504 
133 I 59374965 1504 
134 I 59408226 1504 
135 I 59408372 1504 
136 I 59408627 1504 
137 I 59923927 1504 
138 I 59955725 1504 
139 I 59955815 1504 
140 I 59956898 1504 
141 I 60508444 1504 
142 I 60509724 1504 
143 I 60509893 1504 
144 I 61065393 1504 
145 I 61565228 1504 
146 I 61626949 84 
147 I 62138945 1504 
148 I 62139119 1504 
149 I 62695186 1504 
150 I 62695346 1504 
151 I 63235026 1504 
152 I 63235144 1504 
153 I 63790633 1504 
154 I 63790831 1504 
155 I 63790982 1504 
156 I 64343576 1504 
157 I 64343813 1504 
158 I 64472153 1504 
159 I 64901979 1504 
160 I 64902128 1504 
161 I 64902388 1504 
162 I 65172292 1504 
163 I 65463623 1504 
164 I 65463780 1504 
165 I 65463876 1504 
166 I 65874345 1504 
167 I 66017555 1504 
168 I 66017849 1504 
169 I 66171763 1504 
170 I 66171885 1504 
171 I 66566085 1504 
172 I 66566266 1504 
173 I 66722066 1504 
174 I 66722587 1504 
175 I 67119391 1504 
176 I 67119771 1504 
177 I 67678843 1504 
178 I 67679829 1504 
179 I 67724756 1504 
180 I 68281373 1504 
181 I 68281466 1504 
182 I 68281556 1504 
183 I 68281646 1504 
184 I 68833048 1504 
185 I 68833371 1504 
186 I 68833622 1504 
187 I 68833933 1504 
188 I 68834214 1504 
189 I 68834317 1504 
190 I 69378399 1504 
191 I 69378643 1504 
192 I 69379914 1504 
193 I 69939886 1504 
194 I 69940069 1504 
195 I 69940162 1504 
196 I 70488212 1504 
197 I 72473938 1504 
198 I 73001928 1504 
199 I 73002173 1504 
200 I 73537941 1504 
201 I 73538195 1504 
202 I 74075789 1504 
203 I 74075978 1504 
204 I 74617251 1504 
205 I 74617340 1504 
206 I 74617658 1504 
207 I 75144173 1504 
208 I 75679990 1504 
209 I 76000893 1504 
210 I 76544614 1504 
211 I 76544697 1504 
212 I 77092257 1504 
213 I 77092510 1504 
214 I 77640964 1504 
215 I 77641053 1504 
216 I 78177719 1504 
217 I 78177836 1504 
218 I 78177929 1504 
219 I 78725558 1504 
220 I 78725673 1504 
221 I 79285644 1504 
222 I 79285815 1504 
223 I 79844592 1504 
224 I 79844766 1504 
225 I 80410355 1504 
226 I 80410522 1504 
227 I 80962742 1504 
228 I 80962981 1504 
229 I 81504268 1504 
230 I 81504523 1504 
231 I 81504839 1504 
232 I 82050425 1504 
233 I 82050532 1504 
234 I 82173133 1504 
235 I 82596060 1504 
236 I 82596173 1504 
237 I 82596283 1504 
238 I 82873606 1504 
239 I 83135632 1504 
240 I 83135809 1504 
241 I 83135891 1504 
242 I 83578561 1504 
243 I 83675286 1504 
244 I 83675463 1504 
245 I 84773385 1504 
246 I 85486490 1504 
247 I 85486606 1504 
248 I 86172386 1504 
249 I 86172728 1504 
250 I 86724563 324 
251 I 86724693 1504 
252 I 87258565 1504 
253 I 87258728 1504 
254 I 87809970 1504 
255 I 87810111 1504 
256 I 88353987 1504 
257 I 88354085 1504 
258 I 88902062 1504 
259 I 88902413 1504 
260 I 88902656 1504 
261 I 89446611 1504 
262 I 89446761 1504 
263 I 89446896 1504 
264 I 89447005 1504 
265 I 89447132 1504 
266 I 89447376 1504 
267 I 90423214 1504 
268 I 90981004 648 
269 I 96048173 1504 
270 I 96686939 1504 
271 I 96687113 1504 
272 I 97245441 1504 
273 I 97786201 1504 
274 I 106644074 1504 
275 I 107195605 1504 
276 I 107195914 1504 
277 I 107743715 1504 
278 I 107743969 1504 
279 I 108300707 1504 
280 I 108300964 1504 
281 I 108301297 1504 
282 I 108863766 1504 
283 I 108863869 1504 
284 I 108864054 1504 
285 I 109429498 1504 
286 I 109429615 1504 
287 I 109559963 1504 
288 I 109560067 1504 
289 I 110005862 1504 
290 I 110006025 1504 
291 I 110135833 1504 
292 I 110136077 1504 
293 I 110576981 1504 
294 I 110577268 1504 
295 I 110699488 1504 
296 I 110699676 1504 
297 I 111269151 1504 
298 I 111269344 1504 
299 I 111269425 1504 
300 I 111838455 1012 
301 I 111840284 1504 
302 I 113397599 1504 
303 I 113952782 1504 
304 I 113952929 1504 
305 I 114663090 1504 
306 I 115216723 1504 
307 I 115771137 1504 
308 I 116315914 1504 
309 I 116316175 1504 
310 I 116860129 1504 
311 I 117391525 1504 
312 I 117912914 1504 
313 I 117913002 1504 
314 I 118439749 1504 
315 I 119645811 1504 
316 I 123314457 1504 
317 I 123808805 1504 
318 I 123809128 1504 
319 I 124309068 1504 
320 I 124309290 1504 
321 I 124819817 1504 
322 I 125127296 1504 
323 I 125325383 768 
324 I 125635780 1504 
325 I 125635897 1504 
326 I 125822226 1504 
327 I 126459245 1504 
328 I 126459474 1504 
329 I 126940487 1504 
330 I 127426062 200 
331 I 129264070 1504 
332 I 131684581 1504 
333 I 132198334 1504 
334 I 132198619 1504 
335 I 132689572 1504 
336 I 132689677 1504 
337 I 133179577 1504 
338 I 133688442 1092 
339 I 135635147 1504 
340 I 136148763 1504 
341 I 136148910 1504 
342 I 136664865 1504 
343 I 136664989 1504 
344 I 137184273 1504 
345 I 137184453 1504 
346 I 137694703 1504 
347 I 137694852 1504 
348 I 137695019 1504 
349 I 138193676 1504 
350 I 138193846 1504 
351 I 138194116 1504 
352 I 138697232 1504 
353 I 138697474 1504 
354 I 138860888 1504 
355 I 138861038 1504 
356 I 139207932 1504 
357 I 139208094 1504 
358 I 139364910 1504 
359 I 139701476 848 
360 I 139701692 1504 
361 I 139858429 1504 
362 I 140359579 1504 
363 I 140872402 700 
364 I 141602812 1504 
365 I 142126726 1504 
366 I 142126928 1504 
367 I 142766558 1504 
368 I 143309513 1504 
369 I 143735687 1504 
370 I 143848215 1504 
371 I 144266177 1504 
372 I 144266280 1504 
373 I 144377215 1504 
374 I 144796161 1504 
375 I 145073612 1504 
376 I 145475420 1504 
377 I 145770574 1504 
378 I 145770670 1504 
379 I 146173925 1504 
380 I 146309160 1504 
381 I 146309400 1504 
382 I 146844040 320 
383 I 146844240 1504 
384 I 148392706 1504 
385 I 150606519 1504 
386 I 151072851 1504 
387 I 151073049 1504 
388 I 151558298 1504 
389 I 151558540 1504 
390 I 152049731 1504 
391 I 152050072 1504 
392 I 152528675 1504 
393 I 152528800 1504 
394 I 152528938 1504 
395 I 153016999 1504 
396 I 153017096 1504 
397 I 153017337 1504 
398 I 153469231 1504 
399 I 153469353 1504 
400 I 153656580 1504 
401 I 153656700 1504 
402 I 153930668 1504 
403 I 153930918 1504 
404 I 154264405 1504 
405 I 154396497 1504 
406 I 154731698 1252 
407 I 156154072 1504 
408 I 157781497 1504 
409 I 158475187 1504 
410 I 158475320 1504 
411 I 158978208 1504 
412 I 158978452 1504 
413 I 158979180 1504 
414 I 159469513 1504 
415 I 159470613 1504 
416 I 159470997 1504 
417 I 159471240 1504 
418 I 159951107 1504 
419 I 160057708 1504 
420 I 160548246 1504 
421 I 160548433 1504 
422 I 160548678 1504 
423 I 161041461 1504 
424 I 161041619 1504 
425 I 161156966 1504 
426 I 161542757 1504 
427 I 161542915 1504 
428 I 161543121 1504 
429 I 161861893 1504 
430 I 162055238 1504 
431 I 162360634 1504 
432 I 162837946 1504 
433 I 162852114 1504 
434 I 163330351 1504 
435 I 163330444 1504 
436 I 163344493 1504 
437 I 163836617 1504 
438 I 163836913 1504 
439 I 164354905 1504 
440 I 164355136 1504 
441 I 164879177 1504 
442 I 164879441 1504 
443 I 165415323 1504 
444 I 165952279 1504 
445 I 166494405 1504 
446 I 166494490 1504 
447 I 167036821 1504 
448 I 167036929 1504 
449 I 167566450 1504 
450 I 167566571 1504 
451 I 168080024 1504 
452 I 168080111 1504 
453 I 168080207 1504 
454 I 168595384 1504 
455 I 169796434 1504 
456 I 170299516 1504 
457 I 170299643 1504 
458 I 170961694 1504 
459 I 171461683 1504 
460 I 172076850 1372 
461 I 175147404 1504 
462 I 175654127 1504 
463 I 175654227 1504 
464 I 176162110 1504 
465 I 176162485 1504 
466 I 176672615 1504 
467 I 177185696 1504 
468 I 177691450 1504 
469 I 177691674 1504 
470 I 178200240 1504 
471 I 178200489 1504 
472 I 178884829 1504 
473 I 179397380 1504 
474 I 179898293 1504 
475 I 180392828 1504 
476 I 180393070 1504 
477 I 180879047 1504 
478 I 180879199 1504 
479 I 181812027 1504 
480 I 182323764 1504 
481 I 182323949 1504 
482 I 182841150 1504 
483 I 182841233 1504 
484 I 183358593 1504 
485 I 183865559 844 
486 I 185577609 1504 
487 I 186084790 1504 
488 I 186084960 1504 
489 I 186585086 1504 
490 I 186585176 1504 
491 I 187085632 1504 
492 I 187085962 1504 
493 I 187596115 1504 
494 I 187596229 1504 
495 I 187596365 1504 
496 I 188111365 1504 
497 I 188111691 1504 
498 I 188630474 1504 
499 I 188630728 1504 
500 I 189148855 1504 
501 I 189149071 1504 
502 I 189647887 1504 
503 I 189648164 1504 
504 I 190144201 1504 
505 I 190407741 1504 
506 I 190643222 600 
507 I 190901763 1504 
508 I 190901883 1504 
509 I 191137572 1504 
510 I 191399441 316 
511 I 192923126 1504 
512 I 193420648 1504 
513 I 193420817 1504 
514 I 193918730 1504 
515 I 193919032 1504 
516 I 194583909 1504 
517 I 194584077 1504 
518 I 195086676 1504 
519 I 195087210 1208 
520 I 195585613 1504 
521 I 195585889 1504 
522 I 196086448 1504 
523 I 196581789 340 
524 I 196581993 1504 
525 I 197093157 1504 
526 I 197093312 1504 
527 I 197682730 1504 
528 I 198166523 1504 
529 I 198643181 1504 
530 I 199113138 1504 
531 I 199113238 1504 
532 I 199574961 1504 
533 I 199575139 1504 
534 I 200486200 1504 
535 I 200950370 1504 
536 I 200950707 1504 
537 I 201401218 1504 
538 I 201848243 1504 
539 I 203824503 1504 
540 I 204283250 1504 
541 I 204283510 1504 
542 I 204725597 1504 
543 I 204725809 1504 
544 I 205283487 1504 
545 I 205283651 1504 
546 I 205739680 1504 
547 I 205741153 1504 
548 I 206197402 1504 
549 I 206197583 1504 
550 I 206542091 1504 
551 I 206651410 1504 
552 I 207002345 1504 
553 I 207002573 1504 
554 I 207002677 1504 
555 I 207110659 1504 
556 I 207456170 1504 
557 I 207456501 1504 
558 I 207560328 1504 
559 I 207905395 1504 
560 I 207905623 1504 
561 I 208182062 1504 
562 I 208365533 1504 
563 I 208365705 1504 
564 I 208784397 1504 
565 I 208784628 1504 
566 I 208830225 1504 
567 I 208830489 1504 
568 I 209247366 1504 
569 I 209247622 1504 
570 I 209294066 1504 
571 I 209294164 1504 
572 I 209714311 1504 
573 I 209714406 1504 
574 I 209714611 1504 
575 I 209777404 1504 
576 I 209777553 1504 
577 I 210193084 1504 
578 I 210240510 1504 
579 I 210240750 1504 
580 I 210655729 1504 
581 I 210701240 1504 
582 I 211163497 1504 
583 I 211163676 1504 
584 I 211164013 1504 
585 I 211627545 1504 
586 I 211627617 1504 
587 I 212093691 1504 
588 I 212391184 1504 
589 I 212806395 1368 
590 I 214404958 1504 
591 I 215019970 1504 
592 I 215020254 1504 
593 I 215471085 1504 
594 I 215471257 1504 
595 I 215471936 1504 
596 I 215921969 1504 
597 I 216121147 1504 
598 I 216516308 1504 
599 I 216516500 1504 
600 I 216949935 1504 
601 I 216950115 1504 
602 I 217387144 1504 
603 I 217387346 1504 
604 I 218022018 1504 
605 I 218484049 1504 
606 I 218868765 1504 
607 I 218941274 1504 
608 I 219316337 1504 
609 I 219316671 1504 
610 I 219386932 1504 
611 I 219759149 1504 
612 I 219831094 1504 
613 I 219831189 1504 
614 I 219831300 1504 
615 I 220282056 1504 
616 I 220282368 1504 
617 I 220282799 1504 
618 I 220740317 1504 
619 I 220740584 1504 
620 I 220740950 1504 
621 I 221485146 1504 
622 I 221958477 1504 
623 I 221958597 1504 
624 I 221958735 1504 
625 I 221958981 1504 
626 I 221959225 1504 
627 I 221959344 1504 
628 I 222416408 1504 
629 I 222418598 1448 
630 I 222418721 1504 
631 I 222420434 1504 
632 I 222870849 1504 
633 I 223326303 100 
634 I 223326711 1504 
635 I 223326734 880 
636 I 227336582 1504 
637 I 227792711 1504 
638 I 227792791 1504 
639 I 228245736 1504 
640 I 228245911 1504 
641 I 228693127 1504 
642 I 229141111 1504 
643 I 229586969 1504 
644 I 229587063 1504 
645 I 230045094 1504 
646 I 230555418 1504 
647 I 231018406 1504 
648 I 231018518 1504 
649 I 231474935 1504 
650 I 231475430 1504 
651 I 232044163 1504 
652 I 232523626 1504 
653 I 232779256 1504 
654 I 233024803 1504 
655 I 233302536 1504 
656 I 233302756 1504 
657 I 233552512 1504 
658 I 233844603 1504 
659 I 234235214 1504 
660 I 234535909 1504 
661 I 234838028 1504 
662 I 234838179 1504 
663 I 235332930 1504 
664 I 235333364 1504 
665 I 235825204 1504 
666 I 235825288 1504 
667 I 236317841 1504 
668 I 236811458 1244 
669 I 238528278 1504 
670 I 238994423 1504 
671 I 238994867 1504 
672 I 239473659 1504 
673 I 239473751 1504 
674 I 239986696 1504 
675 I 239986937 1504 
676 I 240474065 1504 
677 I 240474242 1504 
678 I 240474521 1504 
679 I 240943751 1504 
680 I 240943937 1504 
681 I 241137913 1504 
682 I 241416240 1504 
683 I 241416339 1504 
684 I 241416696 1504 
685 I 241743064 1504 
686 I 241891645 1504 
687 I 242215128 1504 
688 I 242363057 1504 
689 I 242690922 1504 
690 I 242836396 1504 
691 I 243307190 1504 
692 I 243307326 1504 
693 I 243767092 1504 
694 I 244171255 1504 
695 I 245981214 1504 
696 I 249607160 1504 
697 I 250052264 1504 
698 I 250052447 1504 
699 I 250504078 1504 
700 I 250504203 1504 
701 I 250970217 1504 
702 I 250970484 1504 
703 I 251430689 1504 
704 I 251430805 1504 
705 I 251431025 1504 
706 I 251889463 1504 
707 I 252366658 1504 
708 I 252751860 1504 
709 I 252821251 1504 
710 I 253839674 1504 
711 I 253839845 1504 
712 I 254568270 1504 
713 I 255782668 1504 
714 I 256448934 1504 
715 I 256449065 1504 
716 I 257054604 1504 
717 I 257544619 1504 
718 I 259394368 1504 
719 I 259877034 1504 
720 I 259877213 1504 
721 I 260348973 1504 
722 I 260349155 1504 
723 I 260821164 1504 
724 I 260821253 1504 
725 I 261314164 1504 
726 I 261314280 1504 
727 I 261314463 1504 
728 I 261817492 1504 
729 I 261817587 1504 
730 I 262326432 1504 
731 I 262627683 1504 
732 I 262824057 1504 
733 I 263120864 1504 
734 I 263121099 1504 
735 I 263611180 1504 
736 I 263611267 1504 
737 I 264100755 1504 
738 I 264570983 1504 
739 I 265044798 1504 
740 I 265044961 1504 
741 I 265517330 1504 
742 I 265517574 1504 
743 I 266154273 1504 
744 I 266630614 1504 
745 I 267101679 1120 
746 I 268678694 1504 
747 I 269128780 1504 
748 I 269129042 1504 
749 I 269585523 1504 
750 I 269585848 1504 
751 I 270512742 1504 
752 I 271152649 1504 
753 I 271152809 1504 
754 I 271608328 1504 
755 I 271608644 1504 
756 I 272066834 1504 
757 I 272067150 1504 
758 I 272535348 1504 
759 I 272535456 1504 
760 I 272535698 1504 
761 I 272995724 1504 
762 I 272995965 1504 
763 I 273452855 1504 
764 I 273453021 1504 
765 I 273747419 1504 
766 I 273907796 1504 
767 I 273907894 1504 
768 I 274204738 1504 
769 I 274204856 1504 
770 I 274205023 1504 
771 I 274364180 1504 
772 I 274364668 1504 
773 I 274847742 1504 
774 I 274847846 1504 
775 I 274848297 1504 
776 I 275321603 1504 
777 I 275322783 1504 
778 I 275322957 1504 
779 I 275323054 1504 
780 I 275776257 1504 
781 I 275777118 1504 
782 I 275777698 1504 
783 I 276230249 1504 
784 I 276232159 1504 
785 I 276682289 1504 
786 I 276883577 1504 
787 I 277145819 1504 
788 I 277351558 1504 
789 I 277351801 1504 
790 I 277352312 1504 
791 I 277352473 1504 
792 I 277352595 1504 
793 I 277352773 1504 
794 I 277617183 1504 
795 I 277811242 1504 
796 I 277811499 1504 
797 I 277811623 1504 
798 I 277811810 1504 
799 I 277811971 1504 
800 I 277813874 632 
801 I 277814142 1504 
802 I 278282993 1504 
803 I 278283521 1504 
804 I 278283856 1504 
805 I 278284997 1504 
806 I 278751539 1504 
807 I 278755467 1504 
808 I 278755612 1240 
809 I 279216184 1504 
810 I 279218992 1504 
811 I 279680139 1504 
812 I 279682835 1504 
813 I 280145452 1504 
814 I 281920911 1504 
815 I 282384769 1504 
816 I 282385047 1504 
817 I 282385141 1504 
818 I 282385236 1504 
819 I 282385572 1504 
820 I 282845303 1504 
821 I 282845648 1504 
822 I 282845936 1504 
823 I 282846205 1504 
824 I 282846359 1504 
825 I 282847103 1504 
826 I 282847337 1504 
827 I 282847430 1504 
828 I 283318437 1504 
829 I 283318596 1504 
830 I 283318778 1504 
831 I 283791537 1504 
832 I 283791755 1504 
833 I 284261841 1504 
834 I 284261933 1504 
835 I 284731365 1504 
836 I 284731470 1504 
837 I 285198013 1504 
838 I 285198244 1504 
839 I 285198353 1504 
840 I 285670227 1504 
841 I 285670382 1504 
842 I 285670531 1504 
843 I 286145439 1504 
844 I 286145722 1504 
845 I 286625381 1504 
846 I 286625736 1504 
847 I 287355352 1504 
848 I 287838958 1504 
849 I 287839117 1504 
850 I 288328875 1504 
851 I 288328946 1504 
852 I 288792700 1504 
853 I 289067111 1504 
854 I 289262228 1504 
855 I 289551221 1504 
856 I 289551472 1504 
857 I 289737058 1504 
858 I 290041580 1504 
859 I 290366578 1504 
860 I 290681859 1504 
861 I 290972824 1504 
862 I 290973042 1504 
863 I 291454961 184 
864 I 291455097 1504 
865 I 292299934 1504 
866 I 292330179 1504 
867 I 292827563 1504 
868 I 292827890 1504 
869 I 293303091 1504 
870 I 293303258 1504 
871 I 293303345 1504 
872 I 293788240 1504 
873 I 293788487 1504 
874 I 293923818 1504 
875 I 294270189 1504 
876 I 294270424 1504 
877 I 294270513 1504 
878 I 294747571 508 
879 I 294747693 1504 
880 I 294748066 1504 
881 I 295520773 1504 
882 I 295997535 1504 
883 I 295997797 1504 
884 I 295997987 1504 
885 I 296479369 1504 
886 I 296953094 1504 
887 I 296953168 1400 
888 I 298942298 1504 
889 I 299408314 1504 
890 I 299408447 1504 
