0 I 0 1504 
1 I 100753 1504 
2 I 217599 1504 
3 I 280329 1504 
4 I 381447 1504 
5 I 470706 1504 
6 I 571463 1504 
7 I 659615 1504 
8 I 761195 1504 
9 I 850661 1504 
10 I 953207 1504 
11 I 2240331 1504 
12 I 2347664 1504 
13 I 2455611 1504 
14 I 2549968 1504 
15 I 2753942 1504 
16 I 2844554 1504 
17 I 2946990 1504 
18 I 3031196 1504 
19 I 3189755 1504 
20 I 3229620 1504 
21 I 3330211 1504 
22 I 3422911 1504 
23 I 4748329 1504 
24 I 4844160 1504 
25 I 4961331 1504 
26 I 5049651 1504 
27 I 5160248 1504 
28 I 5250832 1504 
29 I 5355349 1504 
30 I 5478885 1504 
31 I 5566552 1504 
32 I 5691214 1504 
33 I 6293484 1504 
34 I 6361491 1504 
35 I 6466166 1504 
36 I 7450865 1504 
37 I 7551359 1504 
38 I 7639828 1504 
39 I 7740330 1504 
40 I 7830946 1504 
41 I 7931054 1504 
42 I 8247137 1504 
43 I 8440460 1504 
44 I 8810208 1504 
45 I 9311337 1340 
46 I 11143092 1504 
47 I 11221559 1504 
48 I 11320184 1504 
49 I 11412426 1504 
50 I 11515977 1504 
51 I 11601493 1504 
52 I 13210385 1504 
53 I 13311970 1504 
54 I 13407823 1504 
55 I 13506099 1504 
56 I 13610493 1504 
57 I 13747274 1504 
58 I 13856219 1504 
59 I 15689908 1504 
60 I 15780365 1504 
61 I 15884880 1504 
62 I 16170595 1504 
63 I 16262510 1504 
64 I 16480254 1504 
65 I 16580904 1504 
66 I 18231881 1504 
67 I 18328217 1504 
68 I 18895430 1504 
69 I 19349905 1504 
70 I 19460841 1504 
71 I 19565967 1504 
72 I 20661934 1504 
73 I 20763953 1504 
74 I 20850447 1504 
75 I 21031178 1504 
76 I 21130489 1504 
77 I 22493095 1504 
78 I 22773244 1504 
79 I 22989829 1504 
80 I 23564945 1504 
81 I 23675667 1504 
82 I 25380928 1504 
83 I 25923343 1504 
84 I 26025258 1504 
85 I 27723502 1504 
86 I 28228046 1504 
87 I 28349610 1504 
88 I 29722738 1504 
89 I 29904553 1340 
90 I 31050026 1504 
91 I 31150592 1504 
92 I 32519332 1504 
93 I 32624950 1504 
94 I 32700971 1504 
95 I 33531661 1504 
96 I 33620115 1504 
97 I 34968209 1504 
98 I 35062076 1504 
99 I 36610462 1504 
100 I 36700906 1504 
101 I 38285684 1504 
102 I 38380726 1504 
103 I 38500827 1504 
104 I 40083498 1504 
105 I 40171018 1504 
106 I 40280463 1504 
107 I 41195512 1504 
108 I 41292966 1504 
109 I 41407836 1504 
110 I 41775126 1504 
111 I 41876077 1504 
112 I 42165212 1504 
113 I 42581064 1504 
114 I 43090271 1504 
115 I 43206574 1504 
116 I 43301102 1504 
117 I 43679102 1504 
118 I 43771638 1504 
119 I 43876392 1504 
120 I 44851559 1504 
121 I 44946845 1504 
122 I 45043378 1504 
123 I 45155424 1504 
124 I 46309476 1504 
125 I 46393691 1504 
126 I 46485473 1504 
127 I 46580972 1504 
128 I 48016982 1504 
129 I 48099904 1504 
130 I 48233617 1504 
131 I 48304364 1504 
132 I 48481435 1340 
133 I 50500648 1504 
134 I 50591041 1504 
135 I 50689854 1504 
136 I 50780001 1504 
137 I 53125659 1504 
138 I 53209331 1504 
139 I 53310123 1504 
140 I 53400354 1504 
141 I 53500832 1504 
142 I 53689910 1504 
143 I 54556725 1504 
144 I 54651140 1504 
145 I 54755788 1504 
146 I 54850329 1504 
147 I 54950801 1504 
148 I 55078075 1504 
149 I 56710535 1504 
150 I 56800999 1504 
151 I 58246831 1504 
152 I 58339415 1504 
153 I 58430333 1504 
154 I 58530772 1504 
155 I 58648398 1504 
156 I 59529889 1504 
157 I 59620456 1504 
158 I 61100737 1504 
159 I 61292073 1504 
160 I 61410210 1504 
161 I 62430592 1504 
162 I 62520257 1504 
163 I 63336780 1504 
164 I 63435571 1504 
165 I 63638401 1504 
166 I 63734579 1504 
167 I 64273932 1504 
168 I 64352570 1504 
169 I 65038063 1504 
170 I 65140636 1504 
171 I 65390344 1504 
172 I 65480468 1504 
173 I 66469851 1504 
174 I 67424197 1504 
175 I 67560667 1340 
176 I 68239611 1504 
177 I 68951480 1504 
178 I 69866511 1504 
179 I 69963011 1504 
180 I 71209835 1504 
181 I 71310412 1504 
182 I 71401523 1504 
183 I 72490861 1504 
184 I 72579349 1504 
185 I 72690762 1504 
186 I 73588903 1504 
187 I 73669676 1504 
188 I 73771907 1504 
189 I 73981783 1504 
190 I 74723309 1504 
191 I 74812410 1504 
192 I 74930240 1504 
193 I 75222692 1504 
194 I 75899499 1504 
195 I 75989985 1504 
196 I 76090544 1504 
197 I 76509980 1504 
198 I 77305586 1504 
199 I 77622258 1504 
200 I 77709415 1504 
201 I 78011232 1504 
202 I 78220260 1504 
203 I 78334869 1504 
204 I 78936113 1504 
205 I 79159706 1504 
206 I 79234613 1504 
207 I 79749377 1504 
208 I 79954312 1504 
209 I 80036170 1504 
210 I 80862808 1504 
211 I 80951266 1504 
212 I 81074305 1504 
213 I 81146236 1504 
214 I 81626931 1504 
215 I 81832712 1504 
216 I 81940559 1504 
217 I 82660641 1504 
218 I 82761187 1504 
219 I 83042659 1504 
220 I 83229590 1340 
221 I 84451308 1504 
222 I 84550815 1504 
223 I 84639413 1504 
224 I 84739900 1504 
225 I 84854733 1504 
226 I 84930228 1504 
227 I 85060960 1504 
228 I 86005669 1504 
229 I 86070069 1504 
230 I 86159835 1504 
231 I 86260254 1504 
232 I 86451290 1504 
233 I 86550088 1504 
234 I 86660600 1504 
235 I 86750957 1504 
236 I 87713062 1504 
237 I 87802171 1504 
238 I 88109195 1504 
239 I 88200921 1504 
240 I 88312631 1504 
241 I 88916713 1504 
242 I 89009717 1504 
243 I 89104148 1504 
244 I 89200322 1504 
245 I 90398974 1504 
246 I 90491423 1504 
247 I 90640535 1504 
248 I 90753656 1504 
249 I 90857426 1504 
250 I 91268443 1504 
251 I 91385093 1504 
252 I 91476735 1504 
253 I 91569743 1504 
254 I 92570789 1504 
255 I 92669410 1504 
256 I 92775929 1504 
257 I 92872579 1504 
258 I 93029369 1504 
259 I 93119815 1504 
260 I 93626552 1504 
261 I 93725879 1504 
262 I 93810234 1504 
263 I 93911281 1504 
264 I 94519424 1340 
265 I 96671202 1504 
266 I 96769790 1504 
267 I 96860546 1504 
268 I 96960996 1504 
269 I 97075496 1504 
270 I 97149887 1504 
271 I 97252778 1504 
272 I 97339106 1504 
273 I 97429415 1504 
274 I 99199158 1504 
275 I 99289604 1504 
276 I 99381180 1504 
277 I 99480806 1504 
278 I 99569110 1504 
279 I 99671802 1504 
280 I 99772262 1504 
281 I 99860885 1504 
282 I 100016704 1504 
283 I 100059835 1504 
284 I 100190562 1504 
285 I 102523256 1504 
286 I 102619767 1504 
287 I 102712994 1504 
288 I 102825876 1504 
289 I 102919419 1504 
290 I 103000028 1504 
291 I 103090463 1504 
292 I 103190122 1504 
293 I 103282189 1504 
294 I 103397005 1504 
295 I 103508753 1504 
296 I 103599355 1504 
297 I 105319795 1504 
298 I 105409902 1504 
299 I 105704836 1504 
300 I 105801147 1504 
301 I 105900601 1504 
302 I 105993035 1504 
303 I 106130991 1504 
304 I 106210259 1504 
305 I 106326103 1504 
306 I 106420642 1504 
307 I 106511054 1504 
308 I 106694032 1340 
309 I 108244632 1504 
310 I 108323304 1504 
311 I 108419491 1504 
312 I 108510054 1504 
313 I 108701085 1504 
314 I 108799582 1504 
315 I 108892960 1504 
316 I 108991564 1504 
317 I 109083975 1504 
318 I 109200614 1504 
319 I 109270237 1504 
320 I 109996316 1504 
321 I 110092753 1504 
322 I 110293810 1504 
323 I 110390401 1504 
324 I 110488882 1504 
325 I 110584058 1504 
326 I 110680759 1504 
327 I 110770496 1504 
328 I 110860955 1504 
329 I 110961543 1504 
330 I 111062778 1504 
331 I 111150604 1504 
332 I 111259063 1504 
333 I 111685545 1504 
334 I 111779940 1504 
335 I 111991250 1504 
336 I 112093991 1504 
337 I 112382052 1504 
338 I 112479818 1504 
339 I 112570305 1504 
340 I 112670853 1504 
341 I 112784246 1504 
342 I 112859919 1504 
343 I 113077860 1504 
344 I 113152245 1504 
345 I 113239901 1504 
346 I 113487536 1504 
347 I 113606852 1504 
348 I 113700412 1504 
349 I 114597427 1504 
350 I 114688680 1504 
351 I 114881673 1340 
352 I 116300676 1504 
353 I 116399299 1504 
354 I 116489742 1504 
355 I 116597058 1504 
356 I 116685201 1504 
357 I 116769577 1504 
358 I 116872621 1504 
359 I 116960438 1504 
360 I 117058921 1504 
361 I 117149420 1504 
362 I 117249941 1504 
363 I 117340387 1504 
364 I 117439335 1504 
365 I 118989417 1504 
366 I 119090706 1504 
367 I 119198481 1504 
368 I 119293306 1504 
369 I 119379549 1504 
370 I 119481746 1504 
371 I 119570597 1504 
372 I 119674277 1504 
373 I 119762562 1504 
374 I 119864642 1504 
375 I 119961620 1504 
376 I 120051127 1504 
377 I 120149746 1504 
378 I 120250296 1504 
379 I 122894952 1504 
380 I 122931014 1504 
381 I 123056190 1504 
382 I 123199230 1504 
383 I 123268864 1504 
384 I 123369444 1504 
385 I 123460223 1504 
386 I 125190188 1504 
387 I 125282741 1504 
388 I 125381324 1340 
389 I 131125873 1504 
390 I 132267125 1504 
391 I 132361489 1504 
392 I 133547083 1504 
393 I 133629920 1504 
394 I 133720192 1504 
395 I 134019682 1504 
396 I 135261805 1504 
397 I 135338916 1504 
398 I 136029150 1504 
399 I 136135321 1504 
400 I 137949216 1504 
401 I 138049774 1504 
402 I 138153982 1504 
403 I 138248866 1504 
404 I 139425338 1504 
405 I 141509360 1504 
406 I 141599633 1504 
407 I 141824786 1504 
408 I 144189423 1504 
409 I 144291367 1504 
410 I 144428651 1504 
411 I 144519214 1504 
412 I 145719851 1504 
413 I 145820272 1504 
414 I 146099964 1504 
415 I 146190370 1504 
416 I 147060010 1504 
417 I 147159786 1504 
418 I 147276282 1504 
419 I 147368842 1504 
420 I 148650219 1504 
421 I 148750325 1504 
422 I 148842279 1504 
423 I 148939390 1504 
424 I 149030684 1504 
425 I 150400152 1504 
426 I 150490654 1504 
427 I 151180038 1504 
428 I 151270153 1504 
429 I 151570172 1504 
430 I 152750413 1504 
431 I 152850844 1504 
432 I 152939309 1504 
433 I 153176548 1504 
434 I 153269136 1504 
435 I 153612235 1504 
436 I 154850160 1504 
437 I 154950246 1504 
438 I 155064976 1504 
439 I 155449164 1504 
440 I 155554485 1504 
441 I 155764901 1504 
442 I 157679287 1504 
443 I 157860162 1340 
444 I 159511318 1504 
445 I 159613718 1504 
446 I 159700349 1504 
447 I 159799245 1504 
448 I 159918308 1504 
449 I 159989899 1504 
450 I 161819301 1504 
451 I 161912365 1504 
452 I 162039510 1504 
453 I 162133647 1504 
454 I 162321612 1504 
455 I 162433215 1504 
456 I 162551149 1504 
457 I 163559414 1504 
458 I 163649872 1504 
459 I 163800914 1504 
460 I 163891233 1504 
461 I 164023077 1504 
462 I 164081904 1504 
463 I 164188905 1504 
464 I 164279363 1504 
465 I 165642841 1504 
466 I 165739436 1504 
467 I 166085297 1504 
468 I 166172340 1504 
469 I 166286344 1504 
470 I 166382642 1504 
471 I 166485435 1504 
472 I 166569923 1504 
473 I 166697901 1504 
474 I 167889151 1504 
475 I 167979602 1504 
476 I 168122825 1504 
477 I 168208984 1504 
478 I 168325648 1504 
479 I 168423270 1504 
480 I 168512554 1504 
481 I 168609234 1504 
482 I 168715721 1504 
483 I 170017884 1504 
484 I 170109320 1504 
485 I 170250087 1504 
486 I 170428933 1340 
487 I 172579826 1504 
488 I 172669279 1504 
489 I 172770244 1504 
490 I 172864069 1504 
491 I 172963858 1504 
492 I 173049368 1504 
493 I 173149972 1504 
494 I 173244716 1504 
495 I 173363769 1504 
496 I 174445849 1504 
497 I 174539474 1504 
498 I 174687594 1504 
499 I 174728564 1504 
500 I 174830332 1504 
501 I 174920612 1504 
502 I 175209242 1504 
503 I 175299678 1504 
504 I 175400435 1504 
505 I 175516939 1504 
506 I 176355456 1504 
507 I 176439883 1504 
508 I 176564668 1504 
509 I 176651031 1504 
510 I 176952797 1504 
511 I 177049300 1504 
512 I 177139985 1504 
513 I 178089556 1504 
514 I 178193216 1504 
515 I 179016243 1504 
516 I 179110679 1504 
517 I 179229653 1504 
518 I 179319756 1504 
519 I 179619743 1504 
520 I 179713466 1504 
521 I 179814398 1504 
522 I 179935130 1504 
523 I 180039690 1504 
524 I 180134074 1504 
525 I 180572627 1504 
526 I 180671905 1504 
527 I 181439346 1504 
528 I 181559945 1504 
529 I 181704121 1504 
530 I 181894771 1340 
531 I 183679638 1504 
532 I 183772062 1504 
533 I 183868593 1504 
534 I 183961261 1504 
535 I 184061703 1504 
536 I 185346678 1504 
537 I 185439426 1504 
538 I 185562795 1504 
539 I 185645362 1504 
540 I 185749765 1504 
541 I 185839341 1504 
542 I 186969868 1504 
543 I 187070087 1504 
544 I 187158602 1504 
545 I 187373854 1504 
546 I 187463787 1504 
547 I 187578976 1504 
548 I 187669451 1504 
549 I 188695057 1504 
550 I 188789581 1504 
551 I 189569781 1504 
552 I 189660370 1504 
553 I 189760961 1504 
554 I 189859435 1504 
555 I 189949867 1504 
556 I 190929288 1504 
557 I 191019713 1504 
558 I 191478307 1504 
559 I 191571026 1504 
560 I 191659700 1504 
561 I 191808101 1504 
562 I 191902641 1504 
563 I 192005217 1504 
564 I 192309615 1504 
565 I 192400548 1504 
566 I 193169611 1504 
567 I 193262049 1504 
568 I 193374633 1504 
569 I 193469257 1504 
570 I 193591801 1504 
571 I 193680453 1504 
572 I 193903585 1504 
573 I 193990569 1504 
574 I 194161772 1340 
575 I 195480367 1504 
576 I 195599958 1504 
577 I 195672031 1504 
578 I 195777764 1504 
579 I 195861124 1504 
580 I 195950729 1504 
581 I 196051333 1504 
582 I 196139809 1504 
583 I 196926224 1504 
584 I 197062913 1504 
585 I 197135278 1504 
586 I 197219658 1504 
587 I 197320261 1504 
588 I 197408733 1504 
589 I 197519802 1504 
590 I 197610739 1504 
591 I 197736558 1504 
592 I 197829019 1504 
593 I 198557383 1504 
594 I 198649526 1504 
595 I 198848576 1504 
596 I 198949125 1504 
597 I 199080687 1504 
598 I 199140159 1504 
599 I 199249178 1504 
600 I 199339320 1504 
601 I 199554666 1504 
602 I 199649361 1504 
603 I 200664678 1504 
604 I 200759192 1504 
605 I 200879817 1504 
606 I 200980373 1504 
607 I 201448843 1504 
608 I 201585764 1504 
609 I 201647887 1504 
610 I 201738829 1504 
611 I 201828901 1504 
612 I 201932121 1504 
613 I 202796271 1504 
614 I 202937894 1504 
615 I 202980014 1504 
616 I 203116028 1504 
617 I 203224968 1504 
618 I 203399739 1340 
619 I 204940008 1504 
620 I 205047327 1504 
621 I 205129766 1504 
622 I 205229538 1504 
623 I 205320153 1504 
624 I 205418585 1504 
625 I 205509059 1504 
626 I 205609637 1504 
627 I 205700386 1504 
628 I 205829661 1504 
629 I 207644790 1504 
630 I 207702114 1504 
631 I 207808934 1504 
632 I 207900401 1504 
633 I 208016872 1504 
634 I 208109761 1504 
635 I 208199875 1504 
636 I 208306367 1504 
637 I 208401551 1504 
638 I 208531655 1504 
639 I 208630136 1504 
640 I 208720721 1504 
641 I 210285215 1504 
642 I 210409886 1504 
643 I 210470219 1504 
644 I 210573607 1504 
645 I 210679071 1504 
646 I 210769857 1504 
647 I 210906646 1504 
648 I 210999203 1504 
649 I 211101758 1504 
650 I 211411439 1504 
651 I 211509912 1504 
652 I 211702234 1504 
653 I 213667790 1504 
654 I 213760394 1504 
655 I 213877705 1504 
656 I 213975963 1504 
657 I 214176539 1504 
658 I 214270427 1504 
659 I 214376425 1504 
660 I 214486314 1504 
661 I 214563482 1504 
662 I 214659286 1340 
663 I 216579694 1504 
664 I 216678349 1504 
665 I 216787791 1504 
666 I 216871338 1504 
667 I 216959931 1504 
668 I 217050254 1504 
669 I 217149175 1504 
670 I 217241273 1504 
671 I 217342703 1504 
672 I 217463880 1504 
673 I 217530956 1504 
674 I 219424260 1504 
675 I 219509746 1504 
676 I 219620991 1504 
677 I 219708803 1504 
678 I 219813976 1504 
679 I 219910023 1504 
680 I 220199693 1504 
681 I 220308261 1504 
682 I 220398553 1504 
683 I 220489486 1504 
684 I 220631887 1504 
685 I 220698557 1504 
686 I 222661135 1504 
687 I 222759511 1504 
688 I 222860073 1504 
689 I 223185921 1504 
690 I 223292290 1504 
691 I 223378922 1504 
692 I 223469414 1504 
693 I 223580014 1504 
694 I 223672411 1504 
695 I 225098282 1504 
696 I 225199175 1504 
697 I 225400014 1504 
698 I 225613187 1504 
699 I 225790117 1504 
700 I 225883007 1504 
701 I 225989174 1504 
702 I 226099939 1504 
703 I 226228563 1504 
704 I 228138934 1504 
705 I 228241053 1340 
706 I 230459666 1504 
707 I 230574344 1504 
708 I 230648734 1504 
709 I 231670250 1504 
710 I 231759377 1504 
711 I 231865067 1504 
712 I 231974340 1504 
713 I 234180080 1504 
714 I 234268549 1504 
715 I 234369137 1504 
716 I 234569030 1504 
717 I 234658650 1504 
718 I 236174954 1504 
719 I 236259514 1504 
720 I 236359968 1504 
721 I 236450357 1504 
722 I 236549010 1504 
723 I 237878368 1504 
724 I 237968834 1504 
725 I 238206089 1504 
726 I 238292556 1504 
727 I 238405152 1504 
728 I 239670095 1504 
729 I 239760206 1504 
730 I 239889660 1504 
731 I 240022017 1504 
732 I 240108523 1504 
733 I 241536272 1504 
734 I 241645519 1504 
735 I 241739423 1504 
736 I 242455331 1504 
737 I 242551534 1504 
738 I 242668497 1504 
739 I 242759100 1504 
740 I 243054651 1504 
741 I 243139066 1504 
742 I 243849259 1504 
743 I 243939416 1504 
744 I 244685533 1504 
745 I 244780229 1504 
746 I 245375424 1504 
747 I 245472738 1504 
748 I 245559117 1504 
749 I 246306782 1340 
750 I 247549355 1504 
751 I 247639812 1504 
752 I 247740236 1504 
753 I 247832155 1504 
754 I 248611881 1504 
755 I 248699722 1504 
756 I 248824239 1504 
757 I 248908614 1504 
758 I 249009322 1504 
759 I 249109769 1504 
760 I 250029208 1504 
761 I 250119326 1504 
762 I 250230071 1504 
763 I 250323342 1504 
764 I 250610033 1504 
765 I 250700771 1504 
766 I 251465575 1504 
767 I 251559168 1504 
768 I 251669881 1504 
769 I 251762784 1504 
770 I 251858950 1504 
771 I 252261841 1504 
772 I 252349810 1504 
773 I 253231134 1504 
774 I 253319710 1504 
775 I 253425602 1504 
776 I 253519932 1504 
777 I 253809600 1504 
778 I 254014607 1504 
779 I 254109148 1504 
780 I 255048374 1504 
781 I 255153757 1504 
782 I 255325804 1504 
783 I 255388164 1504 
784 I 255685748 1504 
785 I 255778777 1504 
786 I 255884934 1504 
787 I 255979628 1504 
788 I 256740356 1504 
789 I 256840112 1504 
790 I 256932710 1504 
791 I 257033594 1504 
792 I 257810335 1504 
793 I 257990406 1340 
794 I 259669581 1504 
795 I 259801191 1504 
796 I 259882911 1504 
797 I 259960884 1504 
798 I 260049857 1504 
799 I 260150284 1504 
800 I 260240700 1504 
801 I 260339351 1504 
802 I 261512576 1504 
803 I 261599610 1504 
804 I 261708866 1504 
805 I 261803233 1504 
806 I 261937257 1504 
807 I 262073116 1504 
808 I 262142584 1504 
809 I 262229602 1504 
810 I 263798294 1504 
811 I 263888728 1504 
812 I 263989476 1504 
813 I 264079758 1504 
814 I 264186908 1504 
815 I 264278819 1504 
816 I 264389419 1504 
817 I 264495624 1504 
818 I 264579342 1504 
819 I 265578246 1504 
820 I 265688644 1504 
821 I 265789060 1504 
822 I 265880369 1504 
823 I 265981411 1504 
824 I 266078726 1504 
825 I 266209804 1504 
826 I 266321350 1504 
827 I 266388390 1504 
828 I 267303752 1504 
829 I 267416303 1504 
830 I 267706929 1504 
831 I 268037897 1504 
832 I 268538445 1504 
833 I 268629038 1504 
834 I 268745228 1504 
835 I 268839769 1504 
836 I 269048913 1340 
837 I 269623359 1504 
838 I 270471538 1504 
839 I 270613919 1504 
840 I 271874344 1504 
841 I 271968904 1504 
842 I 272095985 1504 
843 I 273077212 1504 
844 I 273149634 1504 
845 I 273298251 1504 
846 I 273358555 1504 
847 I 273799017 1504 
848 I 273889434 1504 
849 I 273994048 1504 
850 I 274088584 1504 
851 I 274970348 1504 
852 I 275088011 1504 
853 I 275745623 1504 
854 I 275849007 1504 
855 I 275928638 1504 
856 I 276747177 1504 
857 I 276839745 1504 
858 I 276962469 1504 
859 I 277038685 1504 
860 I 277276039 1504 
861 I 278120620 1504 
862 I 278199095 1504 
863 I 278289533 1504 
864 I 278391759 1504 
865 I 278479767 1504 
866 I 278709813 1504 
867 I 279866143 1504 
868 I 279941025 1504 
869 I 280059477 1504 
870 I 280139907 1504 
871 I 280241007 1504 
872 I 280405310 1504 
873 I 281278744 1504 
874 I 281368691 1504 
875 I 281459009 1504 
876 I 281559470 1504 
877 I 281649997 1504 
878 I 281754550 1504 
879 I 281850209 1504 
880 I 282472473 1504 
881 I 282649377 1340 
882 I 283829872 1504 
883 I 283928367 1504 
884 I 284018949 1504 
885 I 284123454 1504 
886 I 284211482 1504 
887 I 284308912 1504 
888 I 284399198 1504 
889 I 285094410 1504 
890 I 285190201 1504 
891 I 285282612 1504 
892 I 285379155 1504 
893 I 285511019 1504 
894 I 285569492 1504 
895 I 285674051 1504 
896 I 285770514 1504 
897 I 286609197 1504 
898 I 286709636 1504 
899 I 286834325 1504 
900 I 286918858 1504 
901 I 287033365 1504 
902 I 287109759 1504 
903 I 287419534 1504 
904 I 287508007 1504 
905 I 288509556 1504 
906 I 288598028 1504 
907 I 288698490 1504 
908 I 288981395 1504 
909 I 289078617 1504 
910 I 289179157 1504 
911 I 289270589 1504 
912 I 289379034 1504 
913 I 289479633 1504 
914 I 290285231 1504 
915 I 290381694 1504 
916 I 290474301 1504 
917 I 290773879 1504 
918 I 290873249 1504 
919 I 290974989 1504 
920 I 291069505 1504 
921 I 291163221 1504 
922 I 291258455 1504 
923 I 291914905 1504 
924 I 291940314 1504 
925 I 292119338 1340 
926 I 293813144 1504 
927 I 293945713 1504 
928 I 293999731 1504 
929 I 294088711 1504 
930 I 294191583 1504 
931 I 294282524 1504 
932 I 294393926 1504 
933 I 294468162 1504 
934 I 294568685 1504 
935 I 295789328 1504 
936 I 295877985 1504 
937 I 296008552 1504 
938 I 296101830 1504 
939 I 296199594 1504 
940 I 296288560 1504 
941 I 296415193 1504 
942 I 296489121 1504 
943 I 296579685 1504 
944 I 296713219 1504 
945 I 296768901 1504 
946 I 298582981 1504 
947 I 298681896 1504 
948 I 298799845 1504 
949 I 298878854 1504 
950 I 299169827 1504 
951 I 299258458 1504 
952 I 299369674 1504 
953 I 299459466 1504 
954 I 299562686 1504 
955 I 299660997 1504 
956 I 299765173 1504 
