0 I 0 64 
1 I 52 64 
2 I 999616 64 
3 I 999665 64 
4 I 1999357 64 
5 I 1999414 64 
6 I 2999106 64 
7 I 2999163 64 
8 I 3998857 64 
9 I 3998952 64 
10 I 4998607 64 
11 I 4998657 64 
12 I 7068300 64 
13 I 7068356 64 
14 I 8067853 64 
15 I 8067918 64 
16 I 9067601 64 
17 I 9067673 64 
18 I 10067355 64 
19 I 10067405 64 
20 I 11067108 64 
21 I 11067162 64 
22 I 12066859 64 
23 I 12066917 64 
24 I 61415789 64 
25 I 61415838 64 
26 I 75171357 64 
27 I 75171459 64 
28 I 76170962 64 
29 I 76171017 64 
30 I 77170700 64 
31 I 77170750 64 
32 I 78170448 64 
33 I 78170507 64 
34 I 79170191 64 
35 I 79170243 64 
36 I 80169939 64 
37 I 80169997 64 
38 I 82459585 64 
39 I 82459638 64 
40 I 83459148 64 
41 I 83459204 64 
42 I 84458874 64 
43 I 84458923 64 
44 I 85458635 64 
45 I 85458697 64 
46 I 86458389 64 
47 I 86458438 64 
48 I 87458140 64 
49 I 87458226 64 
50 I 148773042 64 
51 I 148773104 64 
52 I 149772657 64 
53 I 149772705 64 
54 I 150772408 64 
55 I 150772463 64 
56 I 151772169 64 
57 I 151772237 64 
58 I 152771923 64 
59 I 152771975 64 
60 I 153771666 64 
61 I 153771721 64 
62 I 155911285 64 
63 I 155911348 64 
64 I 156910909 64 
65 I 156910975 64 
66 I 157910640 64 
67 I 157910717 64 
68 I 158910417 64 
69 I 158910472 64 
70 I 159910140 64 
71 I 159910188 64 
72 I 160909910 64 
73 I 160909964 64 
74 I 188992941 64 
75 I 188992995 64 
76 I 222374795 64 
77 I 222374858 64 
78 I 223374397 64 
79 I 223374456 64 
80 I 224374152 64 
81 I 224374214 64 
82 I 225373896 64 
83 I 225373983 64 
84 I 226373644 64 
85 I 226373703 64 
86 I 227373399 64 
87 I 227373457 64 
88 I 229353046 64 
89 I 229353101 64 
90 I 230352689 64 
91 I 230352730 64 
92 I 231352421 64 
93 I 231352477 64 
94 I 232352156 64 
95 I 232352235 64 
96 I 233351906 64 
97 I 233351965 64 
98 I 234351660 64 
99 I 234351716 64 
100 I 292657358 64 
101 I 292657409 64 
102 I 293656974 64 
103 I 293657028 64 
104 I 294656682 64 
105 I 294656781 64 
106 I 295656444 64 
107 I 295656492 64 
108 I 296656201 64 
109 I 296656271 64 
110 I 297655941 64 
111 I 297655991 64 
112 I 299676574 64 
113 I 299676646 64 
114 I 300675206 64 
115 I 300675254 64 
116 I 301674956 64 
117 I 301675003 64 
118 I 302674706 64 
119 I 302674764 64 
120 I 303674478 64 
121 I 303674532 64 
122 I 304674207 64 
123 I 304674264 64 
