0 I 0 319 
1 I 395 1424 
2 I 88059 1424 
3 I 88146 1424 
4 I 88254 1424 
5 I 176416 1424 
6 I 176548 1424 
7 I 176687 1424 
8 I 180036 58 
9 I 3945824 207 
10 I 3946386 1424 
11 I 3946412 1424 
12 I 3946502 1424 
13 I 3946616 1424 
14 I 3946770 1424 
15 I 3946911 1424 
16 I 4035717 1424 
17 I 4035861 1424 
18 I 4035950 1424 
19 I 4036059 1424 
20 I 4039491 1424 
21 I 4039610 1424 
22 I 4039754 1424 
23 I 4111878 1424 
24 I 4111975 192 
25 I 4112000 1424 
26 I 90479915 207 
27 I 90480382 1424 
28 I 90569077 1424 
29 I 90569189 1424 
30 I 90569318 1424 
31 I 90657157 1424 
32 I 90657291 1424 
33 I 90657397 1424 
34 I 90661091 864 
35 I 94197947 207 
36 I 94198286 1424 
37 I 94198398 1424 
38 I 94198481 1424 
39 I 94198598 1424 
40 I 94198746 1424 
41 I 94198850 1424 
42 I 94287290 1424 
43 I 94287427 1424 
44 I 94287530 1424 
45 I 94291295 1424 
46 I 94291355 1106 
47 I 180921528 206 
48 I 180921855 1424 
49 I 181007756 1424 
50 I 181007852 1424 
51 I 181007953 1424 
52 I 181096322 1424 
53 I 181096436 1424 
54 I 181096441 1002 
55 I 184463221 207 
56 I 184463528 1424 
57 I 184463645 1424 
58 I 184463776 1424 
59 I 184463902 1424 
60 I 184463995 1424 
61 I 184464132 1424 
62 I 184551273 1424 
63 I 184551403 1424 
64 I 184551502 1424 
65 I 184623992 1424 
66 I 184624116 1424 
67 I 184624238 1424 
68 I 184627519 1424 
69 I 184627641 1424 
70 I 184627735 1424 
71 I 184696221 959 
72 I 219725587 285 
73 I 219726133 1424 
74 I 219812007 1424 
75 I 219812163 1424 
76 I 219812240 1424 
77 I 219900285 824 
78 I 220016899 164 
79 I 220051693 164 
80 I 220219096 164 
81 I 220237076 164 
82 I 220403040 164 
83 I 271402001 207 
84 I 271402330 1424 
85 I 271490731 1424 
86 I 271490846 1424 
87 I 271490929 1424 
88 I 271579918 1424 
89 I 271580030 1424 
90 I 271580138 1424 
91 I 271582956 891 
92 I 274918233 207 
93 I 274918533 1424 
94 I 275006296 1424 
95 I 275006410 1424 
96 I 275006521 1424 
97 I 275094790 1424 
98 I 275094927 1424 
99 I 275095054 1424 
100 I 275098522 1424 
101 I 275098643 1424 
102 I 275182915 1424 
103 I 275183041 1424 
104 I 275183139 1424 
105 I 275187056 1424 
106 I 275187122 1424 
107 I 275187246 1424 
108 I 275339903 421 
