0 I 0 280 
1 I 86 412 
2 I 66323 271 
3 I 66432 381 
4 I 2376551 286 
5 I 2376781 1424 
6 I 2376900 1424 
7 I 2377020 1424 
8 I 2377131 1424 
9 I 2377259 1424 
10 I 2377359 1424 
11 I 2377490 1424 
12 I 2517553 1424 
13 I 2517676 1424 
14 I 2517789 1424 
15 I 2517910 1424 
16 I 2518035 1424 
17 I 2518137 1424 
18 I 2518364 1424 
19 I 2518386 1424 
20 I 2518525 1424 
21 I 2518620 1424 
22 I 2518769 1424 
23 I 2518853 1424 
24 I 2562011 164 
25 I 2644924 1424 
26 I 2645061 1424 
27 I 2645168 1424 
28 I 2645296 1424 
29 I 2645392 1424 
30 I 2645516 1424 
31 I 2645822 1373 
32 I 2759076 164 
33 I 2771294 164 
34 I 3010139 164 
35 I 3023937 164 
36 I 3208888 164 
37 I 3217346 164 
38 I 3452100 164 
39 I 3629314 164 
40 I 3667771 285 
41 I 3698638 1424 
42 I 3779137 1424 
43 I 3779262 1424 
44 I 3779396 1424 
45 I 3794176 164 
46 I 3894526 1424 
47 I 3894593 1424 
48 I 3894725 1424 
49 I 3982664 1424 
50 I 3982670 903 
51 I 3989215 164 
52 I 4075448 164 
53 I 4179408 164 
54 I 4246979 164 
55 I 16600238 207 
56 I 16600678 1424 
57 I 16678083 1424 
58 I 16678263 1424 
59 I 16678383 1424 
60 I 16824359 1424 
61 I 16824466 1424 
62 I 16824586 1424 
63 I 16894153 1424 
64 I 16894276 1424 
65 I 16898914 588 
66 I 19649685 281 
67 I 19652014 986 
68 I 32328589 282 
69 I 32347432 1202 
70 I 34225748 271 
71 I 34225850 389 
72 I 34269320 280 
73 I 34269618 412 
74 I 34347317 284 
75 I 34350654 1424 
76 I 34350778 1424 
77 I 34350894 1424 
78 I 34351002 1424 
79 I 34351126 1424 
80 I 34351300 1424 
81 I 34351360 1424 
82 I 34351482 1424 
83 I 34351602 1424 
84 I 34351695 424 
85 I 34351715 1424 
86 I 39508344 207 
87 I 39508775 1424 
88 I 39508879 1424 
89 I 39589137 1424 
90 I 39589238 1424 
91 I 39589385 1424 
92 I 39703681 1424 
93 I 39703789 1424 
94 I 39703908 686 
95 I 39703922 1424 
96 I 48632523 282 
97 I 48633963 1136 
98 I 53071821 280 
99 I 53071880 412 
100 I 53231168 271 
101 I 53231356 394 
102 I 70298805 207 
103 I 70299174 1424 
104 I 70299301 1424 
105 I 70299373 1424 
106 I 70299495 1424 
107 I 70299610 1424 
108 I 70299734 1424 
109 I 70299864 1424 
110 I 70299951 1424 
111 I 70384484 1424 
112 I 70384580 1424 
113 I 70384680 1424 
114 I 70385163 1424 
115 I 70385270 1424 
116 I 70385384 1424 
117 I 70385496 1424 
118 I 70385618 1424 
119 I 70385728 1424 
120 I 70385848 1424 
121 I 70385962 1424 
122 I 70386058 1336 
123 I 77577288 282 
124 I 77578171 1106 
125 I 78581485 281 
126 I 78582327 1012 
127 I 80824130 206 
128 I 80824598 1424 
129 I 80824690 1424 
130 I 80824781 1424 
131 I 80824899 1424 
132 I 80825039 1424 
133 I 80825133 1424 
134 I 80825214 58 
135 I 80825250 1424 
136 I 81914778 271 
137 I 81914931 556 
138 I 82033970 280 
139 I 82034067 412 
140 I 82118866 283 
141 I 82120697 1424 
142 I 82120822 1424 
143 I 82120910 1424 
144 I 82121028 1424 
145 I 82121181 1424 
146 I 82121279 1381 
147 I 104102890 282 
148 I 104104773 1211 
149 I 107018483 206 
150 I 107018756 1424 
151 I 107018878 1424 
152 I 107019015 1424 
153 I 107019021 1091 
154 I 112858204 280 
155 I 112858378 412 
156 I 113429220 271 
157 I 113429359 556 
158 I 117435922 286 
159 I 117436328 1424 
160 I 117436490 1424 
161 I 117436585 1424 
162 I 117436675 1424 
163 I 117436793 1424 
164 I 117436921 1424 
165 I 117437071 1424 
166 I 117437255 1424 
167 I 117437728 1424 
168 I 117437846 1424 
169 I 117437900 1424 
170 I 117437927 1424 
171 I 117437950 1424 
172 I 117437992 1424 
173 I 117438027 1424 
174 I 117438129 1424 
175 I 117438206 1424 
176 I 117438399 1424 
177 I 117438460 1424 
178 I 117438549 1424 
179 I 117438673 1424 
180 I 117438783 1424 
181 I 117438899 1424 
182 I 117439011 1424 
183 I 117439117 1424 
184 I 117439228 1424 
185 I 117439391 1424 
186 I 117439494 1424 
187 I 117549627 678 
188 I 117549636 1424 
189 I 117678385 164 
190 I 117756524 164 
191 I 117922088 164 
192 I 117933387 164 
193 I 118185595 164 
194 I 118189842 164 
195 I 118376848 283 
196 I 118379687 1424 
197 I 118391002 164 
198 I 118463376 1424 
199 I 118463493 1424 
200 I 118463608 1424 
201 I 118586682 1424 
202 I 118586776 1381 
203 I 118593044 164 
204 I 118745720 281 
205 I 118746752 1012 
206 I 118831809 164 
207 I 118847012 164 
208 I 119083052 164 
209 I 119092098 164 
210 I 119289004 164 
211 I 119297813 164 
212 I 119525466 164 
213 I 119536506 164 
214 I 129754864 206 
215 I 129755246 1424 
216 I 129828017 1424 
217 I 129828125 733 
218 I 129828136 1424 
219 I 139318534 282 
220 I 139320132 894 
221 I 141716574 280 
222 I 141716741 412 
223 I 142020599 272 
224 I 142020926 1160 
225 I 142129055 284 
226 I 142131598 1424 
227 I 142131734 1424 
228 I 142304981 1424 
229 I 142305093 1424 
230 I 142305106 765 
231 I 158174187 283 
232 I 158174531 1161 
233 I 160639252 207 
234 I 160639607 1424 
235 I 160639684 1424 
236 I 160639801 1424 
237 I 160639925 1424 
238 I 160640026 1424 
239 I 160640167 1424 
240 I 160773132 1424 
241 I 160773237 1424 
242 I 160773356 1424 
243 I 160773703 1424 
244 I 160773814 1424 
245 I 160773929 1424 
246 I 160774045 1424 
247 I 160774072 963 
248 I 161068696 280 
249 I 161068783 412 
250 I 161178928 271 
251 I 161179059 446 
252 I 161284495 285 
253 I 161287378 1424 
254 I 161287441 1424 
255 I 161287560 1424 
256 I 161287679 1424 
257 I 161287790 1424 
258 I 161287914 1424 
259 I 161288005 489 
260 I 161288027 1424 
261 I 167606559 283 
262 I 167608728 1388 
263 I 170931100 206 
264 I 170931351 1424 
265 I 170931472 1424 
266 I 170931587 1424 
267 I 170931707 1424 
268 I 170931825 1424 
269 I 170931925 297 
270 I 170931954 1424 
271 I 176616579 283 
272 I 176618356 1149 
273 I 186628739 280 
274 I 186628773 412 
275 I 186757112 271 
276 I 186757220 530 
277 I 186853057 284 
278 I 186855217 1424 
279 I 186855338 1424 
280 I 186855407 140 
281 I 186855436 1424 
282 I 193015519 280 
283 I 193015631 412 
284 I 193140408 272 
285 I 193140708 1077 
286 I 193270522 284 
287 I 193289869 1424 
288 I 193289957 1424 
289 I 193290111 1424 
290 I 193290228 1424 
291 I 193290335 1424 
292 I 193290438 1424 
293 I 193290522 363 
294 I 193290543 1424 
295 I 197205963 207 
296 I 197206416 1424 
297 I 197206500 1424 
298 I 197206622 1424 
299 I 197206821 1424 
300 I 197206916 1424 
301 I 197207033 1424 
302 I 197207095 1424 
303 I 197207180 242 
304 I 197207210 1424 
305 I 220019141 283 
306 I 220021180 1253 
307 I 220024844 207 
308 I 220025257 1424 
309 I 220025386 1424 
310 I 220025559 1424 
311 I 220025664 1424 
312 I 220025754 1424 
313 I 220025867 1424 
314 I 220025992 1424 
315 I 220026123 1424 
316 I 220026175 1160 
317 I 251045365 207 
318 I 251045768 1424 
319 I 251122127 1424 
320 I 251122209 1424 
321 I 251122303 1424 
322 I 251199836 1424 
323 I 251199956 1424 
324 I 251200221 1424 
325 I 251281536 1424 
326 I 251281653 1424 
327 I 251281788 1424 
328 I 251282178 1424 
329 I 251282274 1424 
330 I 251282399 1424 
331 I 251358781 1395 
332 I 261120800 319 
333 I 261121175 1424 
334 I 261121333 1424 
335 I 261121406 1424 
336 I 261121531 1424 
337 I 261121654 1424 
338 I 261121766 1424 
339 I 261121897 1424 
340 I 261121971 847 
341 I 270892892 285 
342 I 270893137 1424 
343 I 270893253 1424 
344 I 270893357 1424 
345 I 270893387 646 
346 I 271023236 164 
347 I 271105120 164 
348 I 271201641 164 
349 I 271276616 164 
350 I 287469940 207 
351 I 287470240 1424 
352 I 287547523 1424 
353 I 287547640 1424 
354 I 287547757 1424 
355 I 287647734 1424 
356 I 287647865 1424 
357 I 287647984 1424 
358 I 287731103 1424 
359 I 287731109 959 
