0 I 0 207 
1 I 428 1424 
2 I 437025 1424 
3 I 437124 1424 
4 I 709635 1424 
5 I 709757 1424 
6 I 956154 1424 
7 I 956327 1424 
8 I 1307221 1424 
9 I 1307364 1424 
10 I 1579947 521 
11 I 1579965 1424 
12 I 6219321 285 
13 I 6219674 1424 
14 I 6660304 1424 
15 I 6660449 1424 
16 I 6833209 646 
17 I 7374821 164 
18 I 7637209 164 
19 I 8161300 164 
20 I 8355457 164 
21 I 14202422 207 
22 I 14202735 1424 
23 I 14598047 1424 
24 I 14598146 1424 
25 I 14765853 1424 
26 I 14765988 1424 
27 I 15395177 1424 
28 I 15395311 1424 
29 I 15652681 1424 
30 I 15652828 1424 
31 I 15824847 1424 
32 I 15824972 1424 
33 I 15982276 1424 
34 I 16438288 1424 
35 I 16579925 1424 
36 I 16983852 1383 
37 I 22332159 319 
38 I 22332573 1424 
39 I 22332667 1424 
40 I 22752593 1424 
41 I 22752708 1424 
42 I 23018306 1424 
43 I 23018378 1424 
44 I 23138748 1424 
45 I 23138867 1424 
46 I 23537572 959 
47 I 36384548 207 
48 I 36385009 1424 
49 I 36843865 1424 
50 I 36843975 1424 
51 I 37027406 1424 
52 I 37027502 1424 
53 I 37457371 1424 
54 I 37457491 1424 
55 I 37714003 891 
56 I 94664998 207 
57 I 94665361 1424 
58 I 95076794 1424 
59 I 95076891 1424 
60 I 95433649 1424 
61 I 95433759 1424 
62 I 95701269 1424 
63 I 95701409 1424 
64 I 96057066 1424 
65 I 96057191 1424 
66 I 96314027 1424 
67 I 96314157 1424 
68 I 96744112 1424 
69 I 96922916 1424 
70 I 97058440 1424 
71 I 97373005 1424 
72 I 97545876 421 
73 I 101219852 207 
74 I 101220263 1424 
75 I 101698536 1424 
76 I 101698653 1424 
77 I 101882151 1424 
78 I 101882261 1424 
79 I 102327701 1424 
80 I 102327792 1424 
81 I 102589727 1424 
82 I 102589821 1424 
83 I 102862467 987 
84 I 157370490 206 
85 I 157370818 1424 
86 I 157829115 1424 
87 I 157829206 1424 
88 I 158012608 1424 
89 I 158012707 1424 
90 I 158442861 1424 
91 I 158442949 1294 
92 I 173513976 207 
93 I 173514323 1424 
94 I 173930151 1424 
95 I 173930249 1424 
96 I 174197533 1424 
97 I 174197650 1424 
98 I 174444395 1424 
99 I 174444511 1424 
100 I 174847446 1424 
101 I 174847565 1424 
102 I 175094138 1424 
103 I 175094320 1424 
104 I 175199515 1424 
105 I 175545115 1424 
106 I 175686547 1424 
107 I 176074641 1424 
108 I 176169388 959 
109 I 181212834 207 
110 I 181213204 1424 
111 I 181637757 1424 
112 I 181637832 1424 
113 I 181993546 1424 
114 I 181993667 1424 
115 I 182145995 1424 
116 I 182146090 1424 
117 I 182512671 1424 
118 I 182512784 1424 
119 I 182769405 301 
120 I 192791911 207 
121 I 192792180 1424 
122 I 193252992 1424 
123 I 193253110 1424 
124 I 193424379 1424 
125 I 193424468 1424 
126 I 193854311 1424 
127 I 193854437 1424 
128 I 194116898 864 
129 I 237237661 206 
130 I 237238048 1424 
131 I 237664013 1424 
132 I 237664127 1424 
133 I 237921112 733 
134 I 255398031 207 
135 I 255398438 1424 
136 I 255799318 1424 
137 I 255799432 1424 
138 I 256056046 1424 
139 I 256056158 1424 
140 I 256318136 1424 
141 I 256318260 1424 
142 I 256658959 1424 
143 I 256659079 1424 
144 I 256932284 1424 
145 I 256932436 1424 
146 I 257047049 1424 
147 I 257366989 1424 
148 I 257529209 1424 
149 I 257881253 1424 
150 I 258237053 911 
151 I 261076320 207 
152 I 261076692 1424 
153 I 261540112 1424 
154 I 261540223 1424 
155 I 261707875 1424 
156 I 261707996 1424 
157 I 262153545 1424 
158 I 262153654 1424 
159 I 262405689 1424 
160 I 262405794 1424 
161 I 262667635 222 
162 I 272091232 206 
163 I 272091632 1424 
164 I 272513652 1424 
165 I 272513748 1424 
166 I 272786331 1424 
167 I 272786351 1424 
168 I 273022241 1424 
169 I 273022258 1002 
