0 I 0 207 
1 I 323 1424 
2 I 108745 1424 
3 I 108878 1424 
4 I 109023 1424 
5 I 228889 1424 
6 I 228915 1424 
7 I 228943 1424 
8 I 336793 1424 
9 I 336806 685 
10 I 90616951 207 
11 I 90617382 1424 
12 I 90734647 1424 
13 I 90734760 1424 
14 I 90734873 1424 
15 I 90860654 1424 
16 I 90860776 1424 
17 I 90860884 1424 
18 I 90962576 1424 
19 I 90962688 1424 
20 I 90962804 1424 
21 I 90974648 1424 
22 I 90974755 1424 
23 I 90974881 1424 
24 I 91088783 1395 
25 I 181417782 207 
26 I 181418205 1424 
27 I 181526685 1424 
28 I 181526771 1424 
29 I 181526915 1424 
30 I 181634629 1424 
31 I 181634748 1424 
32 I 181634858 1424 
33 I 181682548 1424 
34 I 181682674 1424 
35 I 181748620 1424 
36 I 181748730 1424 
37 I 181748850 1424 
38 I 181760664 1424 
39 I 181760786 1424 
40 I 181790679 1424 
41 I 181790780 1424 
42 I 181790899 1424 
43 I 181856682 1424 
44 I 181856779 413 
45 I 181856802 1424 
46 I 272019177 320 
47 I 272019437 1424 
48 I 272120176 1424 
49 I 272120309 1424 
50 I 272120412 1424 
51 I 272228261 1424 
52 I 272228336 1424 
53 I 272228454 1424 
54 I 272330147 1424 
55 I 272330304 1424 
56 I 272330368 1424 
57 I 272342078 1424 
58 I 272342134 1153 
