0 I 0 286 
1 I 128 580 
2 I 464740 580 
3 I 464884 580 
4 I 464915 580 
5 I 905009 580 
6 I 905061 580 
7 I 905125 580 
8 I 1157392 580 
9 I 1157445 580 
10 I 1319179 580 
11 I 1319219 580 
12 I 1319262 580 
13 I 1487034 580 
14 I 1487105 580 
15 I 1487137 580 
16 I 1681548 580 
17 I 1681591 580 
18 I 1681615 580 
19 I 1770612 580 
20 I 1770658 580 
21 I 1770731 580 
22 I 1880576 580 
23 I 1880622 580 
24 I 1880673 580 
25 I 2011432 580 
26 I 2011484 580 
27 I 2011526 580 
28 I 2085191 580 
29 I 2085228 580 
30 I 2085293 580 
31 I 2168650 580 
32 I 2168689 580 
33 I 2168762 580 
34 I 2257747 580 
35 I 2257827 580 
36 I 2257831 580 
37 I 2346788 580 
38 I 2346809 580 
39 I 2346857 580 
40 I 2473551 580 
41 I 2966310 580 
42 I 2966486 580 
43 I 2966564 580 
44 I 2966617 580 
45 I 2966624 580 
46 I 2966705 580 
47 I 2966728 580 
48 I 2966752 580 
49 I 2966814 580 
50 I 2966824 580 
51 I 3076092 580 
52 I 3076097 580 
53 I 3186429 310 
54 I 3634912 285 
55 I 3635033 580 
56 I 4643212 580 
57 I 4643272 572 
58 I 5384371 285 
59 I 5384506 580 
60 I 5384627 428 
61 I 5384629 580 
62 I 5553768 285 
63 I 5553933 580 
64 I 5553973 580 
65 I 5554026 580 
66 I 6597011 285 
67 I 6597115 580 
68 I 6597236 187 
69 I 6597240 580 
70 I 6597243 580 
71 I 6698472 580 
72 I 6698524 580 
73 I 6698581 580 
74 I 6871263 580 
75 I 6871329 580 
76 I 6871354 498 
77 I 8754424 285 
78 I 8754528 580 
79 I 8754585 580 
80 I 8754606 477 
81 I 16226059 164 
82 I 17755898 273 
83 I 17756034 580 
84 I 17756158 580 
85 I 17756180 580 
86 I 17756277 580 
87 I 17756290 580 
88 I 17756292 580 
89 I 17756400 580 
90 I 17756413 580 
91 I 17756512 580 
92 I 17756517 580 
93 I 17756646 580 
94 I 17756653 580 
95 I 17756655 580 
96 I 17756693 580 
97 I 17756763 580 
98 I 18164634 580 
99 I 18164677 580 
100 I 18306501 580 
101 I 18306508 580 
102 I 18437131 580 
103 I 18437154 580 
104 I 18547344 580 
105 I 18547465 580 
106 I 18657375 580 
107 I 18657451 580 
108 I 18767789 580 
109 I 18767795 580 
110 I 18872875 580 
111 I 18872930 580 
112 I 18987771 580 
113 I 18987886 580 
114 I 19066167 580 
115 I 19066222 580 
116 I 19229069 580 
117 I 19229122 580 
118 I 19333720 580 
119 I 19333770 580 
120 I 19443718 580 
121 I 19443746 580 
122 I 19558978 580 
123 I 19559051 580 
124 I 19664201 580 
125 I 19664212 580 
126 I 19768965 580 
127 I 19769036 580 
128 I 19878860 580 
129 I 19878888 580 
130 I 19957792 580 
131 I 19957796 580 
132 I 20073000 580 
133 I 20073115 580 
134 I 20177703 580 
135 I 20177750 580 
136 I 20288126 580 
137 I 20288131 580 
138 I 20398135 580 
139 I 20398186 580 
140 I 20507909 580 
141 I 20508024 580 
142 I 20592244 580 
143 I 20592295 580 
144 I 20723171 580 
145 I 20723175 580 
146 I 20838525 580 
147 I 20838670 580 
148 I 20943303 580 
149 I 20943337 580 
150 I 21048297 580 
151 I 21048343 580 
152 I 21184632 580 
153 I 21184655 580 
154 I 21289610 580 
155 I 21289622 580 
156 I 21488504 580 
157 I 21488570 580 
158 I 21500028 285 
159 I 21500239 580 
160 I 21510096 580 
161 I 21510152 580 
162 I 21646356 580 
163 I 21646370 580 
164 I 21750725 580 
165 I 21750730 580 
166 I 21866117 580 
167 I 21866233 580 
168 I 21970852 525 
169 I 22437586 580 
170 I 22437640 508 
171 I 25573720 279 
172 I 25573851 212 
173 I 26439112 280 
174 I 26439240 580 
175 I 26439277 446 
176 I 26554820 278 
177 I 26554849 107 
178 I 27125549 278 
179 I 27125652 107 
180 I 27215469 279 
181 I 27215581 153 
182 I 27709911 272 
183 I 27710044 580 
184 I 27710117 580 
185 I 27710153 71 
186 I 27710165 580 
187 I 28546466 272 
188 I 28546596 580 
189 I 28546602 580 
190 I 28546640 580 
191 I 28546734 580 
192 I 28546741 580 
193 I 28546861 439 
194 I 28802816 273 
195 I 28803003 580 
196 I 28803027 580 
197 I 28803106 580 
198 I 28803129 580 
199 I 28803175 580 
200 I 28803225 580 
201 I 28803266 580 
202 I 28803326 580 
203 I 28803386 580 
204 I 28803438 580 
205 I 28803472 580 
206 I 28803497 580 
207 I 28803554 580 
208 I 28803610 580 
209 I 28803750 580 
210 I 29332902 279 
211 I 29332982 196 
212 I 29337059 580 
213 I 29337135 580 
214 I 29378988 580 
215 I 29379037 580 
216 I 29494442 580 
217 I 29494468 580 
218 I 29593912 580 
219 I 29593937 580 
220 I 29682774 144 
221 I 30083473 279 
222 I 30083629 144 
223 I 30513088 279 
224 I 30513120 202 
225 I 30580958 278 
226 I 30580989 108 
227 I 31021952 164 
228 I 31146836 319 
229 I 31147040 580 
230 I 31147045 580 
231 I 31147075 580 
232 I 31147132 580 
233 I 31147221 580 
234 I 31147265 580 
235 I 31147292 580 
236 I 31147317 580 
237 I 31147383 580 
238 I 31147469 580 
239 I 31147499 580 
240 I 31147518 580 
241 I 31147564 580 
242 I 31147614 580 
243 I 31147663 580 
244 I 31612644 580 
245 I 31612649 580 
246 I 31880315 580 
247 I 32016632 340 
248 I 32016636 580 
249 I 33618180 319 
250 I 33618324 580 
251 I 34312962 580 
252 I 34312990 580 
253 I 34313041 580 
254 I 34862842 580 
255 I 34862892 580 
256 I 34862981 580 
257 I 35177807 580 
258 I 35177812 580 
259 I 35382852 580 
260 I 35382859 580 
261 I 35539334 580 
262 I 35539453 580 
263 I 35539455 580 
264 I 35770288 580 
265 I 35770360 580 
266 I 35937909 580 
267 I 35937930 580 
268 I 35937979 580 
269 I 36179450 580 
270 I 36179486 580 
271 I 36341535 580 
272 I 36341579 580 
273 I 36341639 580 
274 I 36588416 580 
275 I 36588538 580 
276 I 36751269 580 
277 I 36751417 580 
278 I 36751445 580 
279 I 36997022 580 
280 I 36997071 580 
281 I 37160118 580 
282 I 37160163 580 
283 I 37160272 580 
284 I 37421825 580 
285 I 37421914 580 
286 I 37421916 580 
287 I 37689014 580 
288 I 37835924 580 
289 I 37835929 580 
290 I 38072028 453 
291 I 55307412 106 
292 I 55307417 278 
