0 I 0 447 
1 I 294 1424 
2 I 412 1424 
3 I 98488 1424 
4 I 98577 1424 
5 I 98695 1424 
6 I 233487 1424 
7 I 233574 1424 
8 I 328988 891 
9 I 11633793 447 
10 I 11634138 1424 
11 I 11727191 1424 
12 I 11727308 1424 
13 I 11727414 1424 
14 I 11920210 1424 
15 I 11920329 1424 
16 I 11972904 1424 
17 I 11973034 1424 
18 I 12048869 1424 
19 I 12048983 1424 
20 I 12137883 1106 
21 I 29620820 446 
22 I 29621173 1424 
23 I 29712980 1424 
24 I 29713076 1424 
25 I 29713144 945 
26 I 102596613 449 
27 I 102596974 1424 
28 I 102696820 1424 
29 I 102697022 1424 
30 I 102697219 1424 
31 I 102831317 1424 
32 I 102831450 1424 
33 I 102992096 1424 
34 I 102992205 1424 
35 I 103056897 1424 
36 I 103057054 1424 
37 I 103151696 1424 
38 I 103151821 1424 
39 I 103218605 946 
40 I 120430305 449 
41 I 120430706 1424 
42 I 120518237 1424 
43 I 120518358 1424 
44 I 120518493 1424 
45 I 120812752 1424 
46 I 120812852 1424 
47 I 120813037 1424 
48 I 120813112 1424 
49 I 120837531 164 
50 I 180731695 448 
51 I 180731983 1424 
52 I 180865841 1424 
53 I 180865949 1424 
54 I 180866054 1424 
55 I 181007678 1424 
56 I 181007782 1424 
57 I 181073505 297 
58 I 193708144 449 
59 I 193708533 1424 
60 I 193801333 1424 
61 I 193801435 1424 
62 I 193801581 1424 
63 I 193974992 1424 
64 I 193975150 1424 
65 I 194029836 1424 
66 I 194029959 1424 
67 I 194177889 1424 
68 I 194178012 1424 
69 I 194244745 1424 
70 I 194244846 1424 
71 I 194685126 1424 
72 I 194685216 1424 
73 I 194685274 1211 
74 I 199840891 273 
75 I 199841974 1087 
76 I 200851224 272 
77 I 200852707 1002 
78 I 201626103 273 
79 I 201626368 1202 
80 I 205488168 446 
81 I 205488278 389 
82 I 205645140 271 
83 I 205645264 412 
84 I 205725873 274 
85 I 205730011 1424 
86 I 205730110 1424 
87 I 205730226 1424 
88 I 205730339 1424 
89 I 205856787 1424 
90 I 205856797 1424 
91 I 205856829 1424 
92 I 205893334 1424 
93 I 205893441 1424 
94 I 206035249 424 
95 I 206035269 1424 
96 I 207004177 273 
97 I 207006069 80 
98 I 207006108 1424 
99 I 210975434 272 
100 I 210976412 894 
101 I 211282049 447 
102 I 211282175 1424 
103 I 211282269 1424 
104 I 211282337 1424 
105 I 211282407 1424 
106 I 211282446 1424 
107 I 211282475 1424 
108 I 211282516 1424 
109 I 211282598 1424 
110 I 211282707 532 
111 I 211282726 1424 
112 I 212190094 273 
113 I 212191787 1149 
114 I 268782729 398 
115 I 268783272 1424 
116 I 268919115 1424 
117 I 268919211 646 
118 I 268919221 1424 
119 I 269180063 164 
120 I 269299617 164 
121 I 269476315 164 
122 I 269661170 164 
