0 I 0 207 
1 I 213 580 
2 I 626313 580 
3 I 626371 580 
4 I 626468 580 
5 I 1032638 580 
6 I 1032677 580 
7 I 1032696 580 
8 I 1256735 580 
9 I 1256898 580 
10 I 1683557 580 
11 I 1683723 580 
12 I 1683729 580 
13 I 1893510 580 
14 I 1893663 580 
15 I 1893667 580 
16 I 2166483 580 
17 I 2166495 580 
18 I 2523649 580 
19 I 2523683 323 
20 I 2523690 580 
21 I 14386608 207 
22 I 14386700 580 
23 I 14386834 580 
24 I 14386836 580 
25 I 14386943 580 
26 I 14386949 580 
27 I 14387088 580 
28 I 14387105 580 
29 I 14387112 580 
30 I 14387238 580 
31 I 14387242 580 
32 I 14387349 580 
33 I 14387357 580 
34 I 14387359 580 
35 I 15522823 580 
36 I 15522874 580 
37 I 15522932 580 
38 I 15747138 580 
39 I 15747170 580 
40 I 15747223 580 
41 I 15978361 580 
42 I 15978408 580 
43 I 15978457 580 
44 I 16187848 580 
45 I 16187906 580 
46 I 16426327 580 
47 I 16426336 580 
48 I 16649791 580 
49 I 16649921 580 
50 I 16881147 580 
51 I 16881205 580 
52 I 18848088 580 
53 I 18848142 580 
54 I 19078874 354 
55 I 25544267 207 
56 I 25544444 580 
57 I 25544506 580 
58 I 25544537 580 
59 I 25544568 580 
60 I 25544780 580 
61 I 25544796 580 
62 I 25544803 580 
63 I 25544823 580 
64 I 25544837 580 
65 I 25544867 580 
66 I 25544915 580 
67 I 25544976 580 
68 I 25545033 580 
69 I 25545057 580 
70 I 25545212 580 
71 I 25545217 580 
72 I 27633373 580 
73 I 27633399 580 
74 I 27633543 580 
75 I 27843099 465 
76 I 35657929 580 
77 I 93974724 206 
78 I 93974913 580 
79 I 94303353 580 
80 I 94303397 580 
81 I 94303448 580 
82 I 94702460 580 
83 I 94702464 580 
84 I 94821448 580 
85 I 94821511 580 
86 I 94821591 580 
87 I 95101567 580 
88 I 95101605 580 
89 I 95220329 580 
90 I 95220347 580 
91 I 95220424 580 
92 I 95451502 580 
93 I 95451577 580 
94 I 95451606 580 
95 I 95682280 170 
96 I 109200528 207 
97 I 109200800 580 
98 I 109200802 580 
99 I 109200809 580 
100 I 109200831 580 
101 I 109200882 580 
102 I 109200931 580 
103 I 109200976 580 
104 I 109201132 580 
105 I 109201135 580 
106 I 109201159 580 
107 I 109201254 580 
108 I 109201314 580 
109 I 109536190 580 
110 I 109536196 580 
111 I 109536239 580 
112 I 109760019 580 
113 I 109760052 580 
114 I 109760102 580 
115 I 109970253 580 
116 I 109970308 580 
117 I 109970459 580 
118 I 110208434 580 
119 I 110208486 580 
120 I 110208550 580 
121 I 110431957 580 
122 I 110432051 580 
123 I 110684081 580 
124 I 110684127 580 
125 I 111041283 580 
126 I 111041418 580 
127 I 111271853 253 
128 I 113220006 283 
129 I 113222233 580 
130 I 113609827 77 
131 I 113609840 580 
132 I 115983689 280 
133 I 115983787 412 
134 I 116029924 271 
135 I 116030030 580 
136 I 116030118 400 
137 I 116635981 285 
138 I 116638941 580 
139 I 116638986 580 
140 I 116639059 580 
141 I 116639084 580 
142 I 116639123 580 
143 I 116970477 580 
144 I 116970483 580 
145 I 116970485 580 
146 I 117201030 580 
147 I 117201045 580 
148 I 117348052 580 
149 I 117348102 580 
150 I 117348177 580 
151 I 117537181 580 
152 I 117537232 580 
153 I 117537277 580 
154 I 117768181 580 
155 I 117768190 580 
156 I 117768193 580 
157 I 117999103 260 
158 I 117999106 580 
159 I 120096678 281 
160 I 120097797 580 
161 I 120097805 358 
162 I 122791646 207 
163 I 122791791 580 
164 I 122791844 580 
165 I 122791957 580 
166 I 122791978 580 
167 I 122792065 580 
168 I 122792076 580 
169 I 122792173 580 
170 I 122792178 580 
171 I 122792229 580 
172 I 122792238 580 
173 I 122792495 580 
174 I 122792522 580 
175 I 122792532 580 
176 I 122792541 580 
177 I 122792551 580 
178 I 122792560 580 
179 I 123109256 580 
180 I 123109263 580 
181 I 123340625 580 
182 I 123340662 580 
183 I 123571222 580 
184 I 123571261 330 
185 I 123785913 282 
186 I 123788014 130 
187 I 123788015 580 
188 I 123788025 580 
189 I 128893245 280 
190 I 128893406 412 
191 I 129009339 271 
192 I 129009428 389 
193 I 129420931 284 
194 I 129424127 580 
195 I 129424185 580 
196 I 129424334 580 
197 I 129424339 580 
198 I 129424384 580 
199 I 129424475 580 
200 I 129424482 580 
201 I 129424612 580 
202 I 129424830 580 
203 I 129424854 580 
204 I 129424867 580 
205 I 129424887 580 
206 I 129424912 580 
207 I 129424925 580 
208 I 129424954 580 
209 I 129424955 580 
210 I 129731398 580 
211 I 129731420 580 
212 I 129962446 580 
213 I 129962539 580 
214 I 130200681 580 
215 I 130200729 580 
216 I 130424772 580 
217 I 130424819 580 
218 I 130655424 580 
219 I 130655536 580 
220 I 130900530 288 
221 I 135086967 282 
222 I 135088770 580 
223 I 135088810 466 
224 I 137173517 280 
225 I 137173553 412 
226 I 137368174 271 
227 I 137368241 387 
228 I 137757210 283 
229 I 137758722 580 
230 I 137758796 580 
231 I 137758826 580 
232 I 137758905 580 
233 I 137758950 580 
234 I 137758974 580 
235 I 137759092 580 
236 I 137759103 580 
237 I 137759124 580 
238 I 137759163 580 
239 I 137759212 580 
240 I 137759265 359 
241 I 137759267 580 
242 I 142149354 283 
243 I 142150678 580 
244 I 142150709 551 
245 I 144237056 280 
246 I 144237214 412 
247 I 144450653 271 
248 I 144450798 580 
249 I 144450812 424 
250 I 144896648 282 
251 I 144898642 580 
252 I 144898648 580 
253 I 144898774 580 
254 I 144898809 580 
255 I 144898903 580 
256 I 144898907 422 
257 I 144898908 580 
258 I 188778625 206 
259 I 188778790 580 
260 I 190822753 580 
261 I 190822768 580 
262 I 191123452 580 
263 I 191123562 580 
264 I 193174491 580 
265 I 193174529 580 
266 I 193174602 580 
267 I 193405432 580 
268 I 193405474 580 
269 I 193405505 580 
270 I 195561376 580 
271 I 195561479 580 
272 I 195561492 580 
273 I 195771750 580 
274 I 195771836 537 
275 I 203362313 207 
276 I 203362550 580 
277 I 203362678 580 
278 I 203362688 580 
279 I 203362693 580 
280 I 203362704 580 
281 I 203362741 580 
282 I 203362794 580 
283 I 203362848 580 
284 I 203362988 580 
285 I 203362994 580 
286 I 203363072 580 
287 I 203717158 580 
288 I 203717207 580 
289 I 203717291 580 
290 I 203920220 580 
291 I 203920269 580 
292 I 204045665 580 
293 I 204045782 580 
294 I 204045788 580 
295 I 204255903 580 
296 I 204255909 580 
297 I 204255915 580 
298 I 204487101 580 
299 I 204487124 580 
300 I 204487175 580 
301 I 204717771 580 
302 I 204717822 580 
303 I 204949797 580 
304 I 204949838 580 
305 I 205158690 580 
306 I 205158714 580 
307 I 205410942 580 
308 I 205410958 580 
309 I 205620744 580 
310 I 205739653 580 
311 I 205739686 575 
312 I 215770232 207 
313 I 215770409 580 
314 I 215770460 580 
315 I 215770527 580 
316 I 215770560 580 
317 I 215770602 580 
318 I 215770689 580 
319 I 215770733 580 
320 I 215770765 580 
321 I 215770812 580 
322 I 215770881 580 
323 I 215770908 580 
324 I 215770981 580 
325 I 215771016 580 
326 I 215771085 580 
327 I 215771128 580 
328 I 215771181 580 
329 I 216114401 580 
330 I 216114451 580 
331 I 216345575 580 
332 I 216345579 580 
333 I 216576069 580 
334 I 216576126 580 
335 I 216785976 170 
336 I 233123079 285 
337 I 233123337 580 
338 I 233123346 580 
339 I 233123362 580 
340 I 233123449 580 
341 I 233123545 580 
342 I 233123613 580 
343 I 233123655 580 
344 I 233123662 580 
345 I 233123664 498 
346 I 234665644 164 
347 I 235380060 164 
348 I 236492891 164 
349 I 236876113 164 
