0 I 0 1424 
1 I 124 1424 
2 I 286928 1424 
3 I 606641 1424 
4 I 829955 1424 
5 I 1293173 1424 
6 I 1597158 300 
7 I 18997551 285 
8 I 18998035 1424 
9 I 18998067 1424 
10 I 18998141 646 
11 I 18998154 1424 
12 I 20146932 164 
13 I 20386313 164 
14 I 20849795 164 
15 I 21488675 164 
16 I 73643112 283 
17 I 73643513 1424 
18 I 74212919 1424 
19 I 74212997 1424 
20 I 74533024 1424 
21 I 74533146 1424 
22 I 75426988 77 
23 I 75427022 1424 
24 I 91146630 207 
25 I 91147059 1424 
26 I 91147403 1424 
27 I 91147417 1424 
28 I 91147473 1424 
29 I 91147547 1424 
30 I 91147683 1424 
31 I 91817484 1424 
32 I 91817645 1424 
33 I 92214940 1424 
34 I 92550780 1424 
35 I 92821917 1424 
36 I 93125254 1424 
37 I 93524877 1424 
38 I 93812334 1424 
39 I 94020595 1424 
40 I 94514884 985 
41 I 97260996 399 
42 I 97261477 1424 
43 I 97741782 1424 
44 I 97741810 1424 
45 I 97949890 1424 
46 I 97949936 1424 
47 I 98220523 1424 
48 I 98220647 1424 
49 I 98220777 1424 
50 I 98641519 164 
51 I 98892112 1424 
52 I 98892211 1424 
53 I 98892336 1424 
54 I 98908124 1424 
55 I 98908248 1424 
56 I 98908369 1424 
57 I 98908475 1424 
58 I 99372567 1424 
59 I 99500722 1424 
60 I 99500843 1424 
61 I 99756375 1424 
62 I 99916998 1424 
63 I 99917119 1424 
64 I 100544397 164 
65 I 100555471 1424 
66 I 100555624 1424 
67 I 100555730 1424 
68 I 100570856 1424 
69 I 100570977 1424 
70 I 100701147 1424 
71 I 100701293 1424 
72 I 101018144 1424 
73 I 101018230 1424 
74 I 101289636 1017 
75 I 102607749 164 
76 I 103205944 206 
77 I 103206311 1424 
78 I 103206436 1424 
79 I 103206566 1424 
80 I 103206818 1424 
81 I 103206938 1424 
82 I 103207087 297 
83 I 103207115 1424 
84 I 106884375 164 
85 I 108689250 164 
86 I 112668935 282 
87 I 112670003 431 
88 I 112670024 1424 
89 I 113181471 164 
90 I 113659166 164 
91 I 114283432 284 
92 I 114286239 1424 
93 I 114458069 164 
94 I 114750559 1424 
95 I 114750654 1424 
96 I 115044609 1424 
97 I 115044672 1065 
98 I 118133752 282 
99 I 118145511 1218 
100 I 118259765 282 
101 I 118260752 1041 
102 I 118802441 281 
103 I 118804228 892 
104 I 119074664 164 
105 I 119361462 164 
106 I 119984316 164 
107 I 120288247 164 
108 I 120639773 164 
109 I 120782628 279 
110 I 120782682 131 
111 I 121170394 164 
112 I 121263831 164 
113 I 130002812 280 
114 I 130002938 412 
115 I 130351372 271 
116 I 130351580 721 
117 I 152037815 283 
118 I 152039769 1111 
119 I 170674399 282 
120 I 170674529 1009 
121 I 172512626 284 
122 I 172516104 1424 
123 I 172516221 1424 
124 I 172516328 1424 
125 I 172516450 1424 
126 I 172516561 1424 
127 I 172871308 1424 
128 I 172871455 1424 
129 I 173190996 912 
130 I 177443779 283 
131 I 177444965 231 
132 I 177444994 1424 
133 I 178849899 283 
134 I 178851294 1397 
135 I 185304672 283 
136 I 185306388 1296 
137 I 186753960 207 
138 I 186754226 1424 
139 I 186754335 1424 
140 I 186754474 1424 
141 I 186754585 1424 
142 I 186754703 1424 
143 I 186754816 1424 
144 I 187473943 1424 
145 I 187474061 1424 
146 I 187761134 1424 
147 I 188066342 1424 
148 I 188303037 1424 
149 I 188782209 1424 
150 I 189086214 1424 
151 I 189484878 1424 
152 I 189774983 1383 
153 I 189798564 282 
154 I 189800824 1389 
155 I 194968370 280 
156 I 194969061 878 
157 I 196144067 283 
158 I 196145588 1075 
159 I 196682635 207 
160 I 196682960 1424 
161 I 196683239 1424 
162 I 196683281 1424 
163 I 196683323 1424 
164 I 197456082 1424 
165 I 197456216 1424 
166 I 197471631 1424 
167 I 197471635 847 
168 I 197828183 282 
169 I 197829178 1015 
170 I 200655289 283 
171 I 200662646 1328 
172 I 201245648 282 
173 I 201246544 922 
174 I 281496682 207 
175 I 281497090 1424 
176 I 281927629 1424 
177 I 281927741 1424 
178 I 282214791 1424 
179 I 282214912 1424 
180 I 282534407 1424 
181 I 282534506 1424 
182 I 282917955 1424 
183 I 282918067 1424 
184 I 283221378 1424 
185 I 283221464 1106 
186 I 289867933 206 
187 I 289868255 1424 
188 I 289868352 1424 
189 I 289868431 1424 
190 I 289868543 1424 
191 I 289868712 1424 
192 I 289868780 1424 
193 I 290680949 58 
194 I 290680982 1424 
