0 I 0 45 
1 I 7 368 
2 I 1085385 942 
3 I 1085570 1424 
4 I 1348703 1424 
5 I 1348818 1424 
6 I 1538941 1424 
7 I 1539093 1424 
8 I 1612913 1424 
9 I 1613041 1424 
10 I 1613126 1312 
11 I 2107972 1424 
12 I 2108105 1424 
13 I 2108228 1424 
14 I 2108315 1424 
15 I 2108442 1424 
16 I 2108554 1424 
17 I 2108698 1424 
18 I 2108804 1424 
19 I 2374429 1424 
20 I 2374548 1424 
21 I 2374665 1424 
22 I 2376041 1424 
23 I 2376174 1424 
24 I 2376268 1424 
25 I 2378642 1424 
26 I 2378761 1424 
27 I 2378879 1424 
28 I 2380889 1424 
29 I 2381007 1424 
30 I 2381155 1424 
31 I 2641682 1424 
32 I 2641804 1424 
33 I 2641918 1424 
34 I 2644632 1424 
35 I 2644748 1424 
36 I 2644863 1424 
37 I 2644979 1424 
38 I 2645169 1424 
39 I 2645210 1424 
40 I 2646310 1424 
41 I 2646422 1424 
42 I 2646716 1424 
43 I 2649667 1424 
44 I 2649786 1424 
45 I 2649916 1424 
46 I 2651889 1424 
47 I 2651986 695 
48 I 2651993 1424 
49 I 2710835 164 
50 I 7110934 281 
51 I 7111238 1014 
52 I 7418208 164 
53 I 7895750 279 
54 I 7896306 249 
55 I 8153507 279 
56 I 8153557 202 
57 I 8548729 1383 
58 I 8549329 146 
59 I 8937057 278 
60 I 8937230 87 
61 I 9010393 220 
62 I 9010739 835 
63 I 9010745 1424 
64 I 10136320 278 
65 I 10136321 102 
66 I 10230962 279 
67 I 10231066 149 
68 I 12090967 279 
69 I 12091175 989 
70 I 12239168 285 
71 I 12239518 264 
72 I 12239547 1424 
73 I 12282448 282 
74 I 12282791 1141 
75 I 12663100 164 
76 I 12716056 280 
77 I 12717444 860 
78 I 13839007 281 
79 I 13839945 1144 
80 I 13914926 278 
81 I 13914979 117 
82 I 14046736 282 
83 I 14047142 1424 
84 I 14125344 278 
85 I 14125431 93 
86 I 14308472 1423 
87 I 14605490 279 
88 I 14605505 163 
89 I 16017553 279 
90 I 16017752 169 
91 I 16141272 277 
92 I 16141299 123 
93 I 16224735 279 
94 I 16224804 161 
95 I 16302310 278 
96 I 16302373 123 
97 I 16504539 285 
98 I 16504899 440 
99 I 16504922 1424 
100 I 17436755 462 
101 I 17437061 1424 
102 I 17698284 1424 
103 I 17698389 1424 
104 I 17886324 1424 
105 I 17886450 1424 
106 I 17962760 1424 
107 I 17962888 1424 
108 I 17962987 1424 
109 I 18151283 1424 
110 I 18151458 1424 
111 I 18151474 976 
112 I 19765926 164 
113 I 28111546 462 
114 I 28111913 1424 
115 I 28373283 1424 
116 I 28373402 1424 
117 I 28533227 1424 
118 I 28533349 1424 
119 I 28638372 1424 
120 I 28638488 1424 
121 I 28638598 1424 
122 I 28798707 1424 
123 I 28798796 1272 
124 I 30070942 164 
125 I 30263220 164 
