0 I 0 192 
1 I 95 494 
2 I 485214 321 
3 I 534892 1424 
4 I 534992 1424 
5 I 569562 177 
6 I 569695 683 
7 I 628374 1424 
8 I 628486 1424 
9 I 628597 1424 
10 I 720968 1424 
11 I 721090 1424 
12 I 721200 1424 
13 I 799290 1424 
14 I 799395 1115 
15 I 799848 1424 
16 I 799932 363 
17 I 799957 1424 
18 I 911757 164 
19 I 1000711 1424 
20 I 1000838 1424 
21 I 1000956 1424 
22 I 1001077 1424 
23 I 1001191 408 
24 I 1001209 1424 
25 I 1198773 1424 
26 I 1198898 1424 
27 I 1198987 1424 
28 I 1199088 1424 
29 I 1199189 1424 
30 I 1199307 1424 
31 I 1199420 1424 
32 I 1199543 1424 
33 I 1199649 1424 
34 I 1199774 1424 
35 I 1199915 1424 
36 I 1226592 1424 
37 I 1226706 1424 
38 I 1293089 1424 
39 I 1293195 1424 
40 I 1293317 1424 
41 I 1342797 795 
42 I 1579483 1244 
43 I 1693451 1424 
44 I 1693562 1424 
45 I 1693603 998 
46 I 5272850 1424 
47 I 5272972 1424 
48 I 5273120 1424 
49 I 5273268 1424 
50 I 5347798 192 
51 I 5347799 63 
52 I 5541824 1424 
53 I 5541913 1424 
54 I 5542033 1424 
55 I 5593662 1424 
56 I 5593776 1424 
57 I 5593897 1424 
58 I 5823939 759 
59 I 5964881 177 
60 I 5965208 771 
61 I 6001522 1424 
62 I 6001639 1424 
63 I 6001768 1424 
64 I 6001890 1424 
65 I 6001923 884 
66 I 6178856 164 
67 I 6197791 164 
68 I 6414186 164 
69 I 6436304 1424 
70 I 6436418 1424 
71 I 6547495 1424 
72 I 6547614 1424 
73 I 6547706 1424 
74 I 6641726 1424 
75 I 6641829 1424 
76 I 6641935 1424 
77 I 6709373 304 
78 I 6709378 1424 
