0 I 0 318 
1 I 373 1424 
2 I 106738 1424 
3 I 106861 1424 
4 I 106987 1424 
5 I 235697 1424 
6 I 235778 1424 
7 I 235856 58 
8 I 235888 1424 
9 I 19882694 207 
10 I 19883143 1424 
11 I 20032749 1424 
12 I 20032831 1424 
13 I 20032982 1424 
14 I 20132590 1424 
15 I 20132685 1424 
16 I 20132792 1424 
17 I 20177015 1424 
18 I 20177327 960 
19 I 92248433 207 
20 I 92248786 1424 
21 I 92367553 1424 
22 I 92367656 1424 
23 I 92367774 1424 
24 I 92451335 1424 
25 I 92451431 1424 
26 I 92451533 1424 
27 I 92498703 847 
28 I 101756670 207 
29 I 101757014 1424 
30 I 101841670 1424 
31 I 101841795 1424 
32 I 101841937 1424 
33 I 101981411 1424 
34 I 101981523 1424 
35 I 101981687 1424 
36 I 101982553 959 
37 I 101982557 1424 
38 I 111839185 207 
39 I 111839615 1424 
40 I 111975927 1424 
41 I 111976050 1424 
42 I 111976202 1424 
43 I 112084012 1424 
44 I 112084119 1424 
45 I 112084504 1424 
46 I 112112073 1424 
47 I 112112184 1424 
48 I 112177892 1424 
49 I 112178011 1424 
50 I 112178162 1424 
51 I 112178547 1424 
52 I 112289549 1424 
53 I 112289663 1424 
54 I 112289790 1424 
55 I 112290597 1424 
56 I 112290722 1424 
57 I 112290812 413 
58 I 112290832 1424 
59 I 125671773 285 
60 I 125672147 1424 
61 I 125792169 1424 
62 I 125792275 649 
63 I 125792283 1424 
64 I 183402693 206 
65 I 183403156 1424 
66 I 183494557 1424 
67 I 183494709 1424 
68 I 183494815 1424 
69 I 183652643 1424 
70 I 183652779 1002 
71 I 183652782 1424 
72 I 204916492 207 
73 I 204916876 1424 
74 I 205020966 1424 
75 I 205021096 1424 
76 I 205021201 1424 
77 I 205129650 1424 
78 I 205129778 1424 
79 I 205129905 1424 
80 I 205158595 1424 
81 I 205158709 1424 
82 I 205211977 1424 
83 I 205212086 1424 
84 I 205212195 1424 
85 I 205212343 1424 
86 I 205358741 1424 
87 I 205358798 1424 
88 I 205358833 1198 
