0 I 0 146 
1 I 32 1387 
2 I 360416 285 
3 I 360800 264 
4 I 360829 1424 
5 I 852903 285 
6 I 853195 445 
7 I 853216 1424 
8 I 1107768 285 
9 I 1108136 1424 
10 I 1108258 1353 
11 I 1626852 273 
12 I 1627250 1424 
13 I 1627391 1424 
14 I 1627515 1424 
15 I 1627610 1424 
16 I 1627724 1424 
17 I 1627839 1424 
18 I 1627949 1424 
19 I 1697693 1424 
20 I 1697809 1424 
21 I 1697933 1424 
22 I 1715574 1424 
23 I 1715669 1424 
24 I 1715792 1424 
25 I 1733533 1424 
26 I 1733671 1424 
27 I 1733782 1424 
28 I 1751512 1424 
29 I 1751626 1424 
30 I 1751780 1424 
31 I 1776454 1424 
32 I 1776601 1424 
33 I 1776684 1424 
34 I 1794322 1424 
35 I 1794445 1424 
36 I 1794550 1424 
37 I 1813112 1424 
38 I 1813224 1424 
39 I 1813357 1424 
40 I 1831026 1424 
41 I 1831135 1424 
42 I 1831248 1424 
43 I 1840461 1424 
44 I 1840505 853 
