0 I 0 293 
1 I 321 1424 
2 I 743958 1424 
3 I 744030 1254 
4 I 2990010 1424 
5 I 2990085 1424 
6 I 3378727 164 
7 I 3655017 1424 
8 I 3655111 1424 
9 I 4242948 1424 
10 I 4243067 1424 
11 I 4258065 813 
12 I 4897964 278 
13 I 4898063 635 
14 I 5304316 164 
15 I 6439096 164 
16 I 6529287 164 
17 I 7347406 164 
18 I 7520521 1424 
19 I 7520608 1424 
20 I 8194937 1424 
21 I 8195056 1424 
22 I 8714948 1424 
23 I 8715027 164 
24 I 8715060 1424 
25 I 8769879 1424 
26 I 8769983 1424 
27 I 9227863 1424 
28 I 9227991 1424 
29 I 9469977 1424 
30 I 9470074 1424 
31 I 9770457 1424 
32 I 10170010 1424 
33 I 10170123 1424 
34 I 10580316 1424 
35 I 18233501 164 
36 I 18745935 164 
37 I 83998214 164 
38 I 84100417 164 
