0 I 0 164 
1 I 122288 164 
2 I 7061246 164 
3 I 7182581 279 
4 I 7182747 769 
5 I 8051370 164 
6 I 8530796 164 
7 I 8676316 277 
8 I 8676443 800 
9 I 9290470 164 
10 I 30427230 164 
11 I 30505726 164 
12 I 38465539 278 
13 I 38465714 704 
14 I 38543241 279 
15 I 38543609 65 
16 I 38543644 1424 
17 I 39376479 164 
18 I 39453183 1424 
19 I 39453328 1424 
20 I 40146443 1424 
21 I 40146559 1424 
22 I 40757736 1424 
23 I 40757807 1424 
24 I 40773600 279 
25 I 40773896 122 
26 I 40773931 1424 
27 I 40788591 1424 
28 I 40788647 1424 
29 I 41122112 1424 
30 I 41122134 1424 
31 I 43594081 164 
32 I 48114785 164 
33 I 48193451 277 
34 I 48193782 120 
35 I 48193819 1424 
36 I 73375434 279 
37 I 73375621 704 
38 I 74076779 279 
39 I 74076942 120 
40 I 74076979 1424 
41 I 74200070 308 
42 I 74200664 1424 
43 I 74622433 1424 
44 I 74622546 1380 
45 I 75136912 1424 
46 I 75137082 1424 
47 I 75350837 1380 
48 I 75350878 1424 
49 I 75510761 1424 
50 I 75510802 1108 
51 I 81770669 164 
52 I 82232027 279 
53 I 82232396 57 
54 I 82232434 1424 
55 I 83463045 279 
56 I 83463406 114 
57 I 83463440 1424 
58 I 103802181 279 
59 I 103802540 63 
60 I 103802576 1424 
61 I 103841456 278 
62 I 103841466 487 
63 I 104863055 277 
64 I 104863412 120 
65 I 104863447 1424 
66 I 104920917 164 
67 I 113930926 164 
68 I 114331965 278 
69 I 114332189 55 
70 I 114332217 1424 
71 I 115072711 164 
72 I 115225315 278 
73 I 115225663 112 
74 I 115225691 1424 
75 I 134931508 164 
76 I 135002721 279 
77 I 135003124 57 
78 I 135003161 1424 
79 I 135596536 279 
80 I 135596825 112 
81 I 135596859 1424 
82 I 145702184 278 
83 I 145702495 57 
84 I 145702530 1424 
85 I 147023522 279 
86 I 147023828 114 
87 I 147023860 1424 
88 I 163531934 277 
89 I 163532273 65 
90 I 163532307 1424 
91 I 163595643 279 
92 I 163595759 704 
93 I 164305755 278 
94 I 164306111 120 
95 I 164306148 1424 
96 I 178973367 279 
97 I 178973743 120 
98 I 178973776 1424 
99 I 215266343 277 
100 I 215266591 142 
101 I 215266625 1424 
102 I 242303021 279 
103 I 242303292 85 
104 I 242303330 1424 
105 I 243091936 279 
106 I 243092207 146 
107 I 243092240 1424 
108 I 252243311 164 
109 I 252434678 279 
110 I 252434934 142 
111 I 252434967 1424 
112 I 261882985 164 
113 I 262245085 279 
114 I 262245402 87 
115 I 262245436 1424 
116 I 263973086 164 
117 I 264153705 279 
118 I 264153981 144 
119 I 264154013 1424 
