0 I 0 293 
1 I 407 1424 
2 I 181022 1424 
3 I 181151 1394 
4 I 559496 1424 
5 I 559608 1424 
6 I 578372 1424 
7 I 578486 1424 
8 I 741867 1424 
9 I 741969 1424 
10 I 742065 1424 
11 I 782467 1424 
12 I 782583 1424 
13 I 782723 1424 
14 I 918064 814 
15 I 918067 1424 
16 I 983920 1424 
17 I 984049 1424 
18 I 984173 1424 
19 I 988554 1424 
20 I 988682 1424 
21 I 1178867 278 
22 I 1179185 161 
23 I 1179217 1424 
24 I 1223273 361 
25 I 1379505 164 
26 I 1762806 164 
27 I 3171122 1424 
28 I 3171257 1424 
29 I 3461031 1424 
30 I 3461144 1424 
31 I 3461262 1424 
32 I 3651069 193 
33 I 3651103 1424 
