0 I 0 283 
1 I 2275 1374 
2 I 5203313 282 
3 I 5204208 954 
4 I 7203937 282 
5 I 7205635 965 
6 I 8958655 205 
7 I 8958760 336 
8 I 119321868 282 
9 I 119323796 1083 
10 I 121678310 281 
11 I 121680183 194 
12 I 121680215 1424 
13 I 124507771 282 
14 I 124508711 954 
15 I 126707031 281 
16 I 126708922 194 
17 I 126708939 1424 
18 I 127218823 283 
19 I 127219485 1083 
20 I 128116811 281 
21 I 128118964 850 
22 I 129442837 282 
23 I 129443165 1083 
24 I 130908891 282 
25 I 130909348 194 
26 I 130909361 1424 
27 I 132292821 281 
28 I 132293659 954 
29 I 138142948 280 
30 I 138143091 412 
31 I 138212128 319 
32 I 138212231 366 
33 I 138691824 283 
34 I 138693852 1424 
35 I 138693961 1424 
36 I 138897996 1424 
37 I 138898122 1424 
38 I 138898241 1424 
39 I 138939132 1424 
40 I 138939193 1231 
41 I 157300782 205 
42 I 157300796 336 
43 I 159889693 282 
44 I 159897329 1070 
45 I 162226283 284 
46 I 162227979 1424 
47 I 162433186 1424 
48 I 162433300 1424 
49 I 162433419 1424 
50 I 162644135 1424 
51 I 162644242 1424 
52 I 162644366 1424 
53 I 162689025 811 
54 I 163766432 283 
55 I 163767320 1138 
56 I 165516723 283 
57 I 165517640 159 
58 I 165517673 1424 
59 I 166360483 284 
60 I 166362448 1424 
61 I 166566454 1424 
62 I 166566589 1424 
63 I 166566692 1424 
64 I 166778003 1424 
65 I 166778132 1424 
66 I 166778253 1424 
67 I 166822031 1424 
68 I 166822156 1424 
69 I 166995394 1424 
70 I 166995532 1424 
71 I 166995663 1424 
72 I 166995761 1424 
73 I 167077234 1424 
74 I 167077342 1424 
75 I 167077468 1424 
76 I 167199848 1424 
77 I 167199979 1424 
78 I 167212740 1424 
79 I 167212854 1424 
80 I 167212976 1424 
81 I 167251980 579 
82 I 167251991 1424 
83 I 169609702 282 
84 I 169612368 1178 
85 I 170786613 283 
86 I 170789910 169 
87 I 170789943 1424 
88 I 175466102 283 
89 I 175467566 1374 
90 I 179095016 283 
91 I 179096102 398 
92 I 179096126 1424 
93 I 180271268 947 
94 I 180271513 1424 
95 I 180479135 1424 
96 I 180479245 649 
97 I 180479256 1424 
98 I 180545558 282 
99 I 180547187 1042 
100 I 181731956 281 
101 I 181738957 800 
102 I 184907002 282 
103 I 184908103 1072 
104 I 195229171 282 
105 I 195229619 348 
106 I 195229639 1424 
107 I 217339379 207 
108 I 217339755 325 
109 I 217339780 1424 
110 I 225780004 283 
111 I 225783113 1117 
112 I 228340795 207 
113 I 228341035 1330 
114 I 228383926 280 
115 I 228384012 412 
116 I 228784614 284 
117 I 228796603 1424 
118 I 228796734 1424 
119 I 229007735 1424 
120 I 229007809 1424 
121 I 229007915 1424 
122 I 229008040 1424 
123 I 229224872 1114 
124 I 237886174 284 
125 I 237910079 1424 
126 I 238114275 1424 
127 I 238114409 1424 
128 I 238114502 1424 
129 I 238324473 689 
130 I 238324480 1424 
131 I 239872178 285 
132 I 239883602 1424 
133 I 240107279 1424 
134 I 240107366 1424 
135 I 240107502 1424 
136 I 240317501 1424 
137 I 240317616 1424 
138 I 240317739 1424 
139 I 240463030 1424 
140 I 240463157 1424 
141 I 240535602 330 
142 I 240535626 1424 
143 I 242406252 285 
144 I 242417801 1424 
145 I 242622002 1424 
146 I 242622117 1424 
147 I 242622245 1424 
148 I 242833076 1424 
149 I 242833175 1424 
150 I 242833304 1424 
151 I 242877598 697 
152 I 242877609 1424 
153 I 246413030 285 
154 I 246438576 1424 
155 I 246642637 1424 
156 I 246642734 1424 
157 I 246642771 1424 
158 I 246852757 1424 
159 I 246852886 1424 
160 I 246853012 1424 
161 I 246898972 1424 
162 I 246899077 1424 
163 I 247069010 521 
