0 I 0 580 
1 I 59 580 
2 I 108 580 
3 I 158 580 
4 I 206 580 
5 I 257 580 
6 I 305 580 
7 I 519230 580 
8 I 519279 580 
9 I 519332 580 
10 I 519436 182 
11 I 527816 580 
12 I 527818 580 
13 I 527823 580 
14 I 647407 580 
15 I 647514 580 
16 I 647559 580 
17 I 813494 580 
18 I 813544 580 
19 I 813601 580 
20 I 885107 580 
21 I 885160 580 
22 I 885210 580 
23 I 1111746 184 
24 I 1150001 580 
25 I 1150049 580 
26 I 1150104 580 
27 I 1151808 580 
28 I 1151907 580 
29 I 1151985 445 
30 I 2237060 184 
31 I 2237525 184 
32 I 3728508 183 
33 I 8311293 580 
34 I 8311351 580 
35 I 8311399 580 
36 I 8311450 580 
37 I 8311499 580 
38 I 8311548 580 
39 I 8311597 580 
40 I 8311646 580 
41 I 8311694 580 
42 I 8311745 580 
43 I 8311801 580 
44 I 8311848 580 
45 I 8311911 580 
46 I 8311960 580 
47 I 8312009 580 
48 I 8312059 580 
49 I 8699681 580 
50 I 8699731 580 
51 I 8699780 580 
52 I 8699882 580 
53 I 9101142 580 
54 I 9101194 580 
55 I 9101241 580 
56 I 9185044 580 
57 I 9185096 580 
58 I 9185194 580 
59 I 9185292 580 
60 I 9302325 580 
61 I 9302423 580 
62 I 9302516 580 
63 I 9302564 580 
64 I 9478188 580 
65 I 9569963 580 
66 I 9626018 580 
67 I 10022525 580 
68 I 10062710 580 
69 I 10134624 580 
70 I 10134672 580 
71 I 10134729 580 
72 I 10134774 580 
73 I 10244735 580 
74 I 10244796 580 
75 I 10438579 580 
76 I 10438627 580 
77 I 10440914 580 
78 I 10440964 580 
79 I 10464956 580 
80 I 10465006 580 
81 I 10542512 580 
82 I 10542562 580 
83 I 10843960 580 
84 I 10844090 580 
85 I 10945906 580 
86 I 10945956 580 
87 I 10959998 580 
88 I 10960049 580 
89 I 11020263 580 
90 I 11020267 580 
91 I 11020307 580 
92 I 11084511 580 
93 I 11084559 580 
94 I 11195428 580 
95 I 11195475 580 
96 I 11258601 580 
97 I 11258650 580 
98 I 11313712 580 
99 I 11313761 580 
100 I 11363956 580 
101 I 11364005 580 
102 I 11424125 580 
103 I 11424173 580 
104 I 11498646 580 
105 I 11498684 520 
106 I 224982747 580 
107 I 224982794 580 
108 I 225385488 580 
109 I 225385536 580 
110 I 225385590 580 
111 I 225725500 182 
112 I 225732628 580 
113 I 225732679 580 
114 I 225732728 580 
115 I 225972053 580 
116 I 225972104 580 
117 I 226185514 184 
118 I 226201923 580 
119 I 226202024 580 
120 I 226202121 580 
121 I 226267244 580 
122 I 226267292 580 
123 I 226267342 580 
124 I 226847225 580 
125 I 226847272 580 
126 I 226847320 580 
127 I 226847391 580 
128 I 226847439 580 
129 I 226847491 580 
130 I 226847542 580 
131 I 226847592 580 
132 I 226855385 580 
133 I 226855422 495 
134 I 227876032 184 
135 I 228511398 184 
136 I 230640219 183 
137 I 240116307 580 
138 I 240116356 580 
139 I 240116406 580 
140 I 240116456 580 
141 I 240516133 580 
142 I 240516181 580 
143 I 240516229 580 
144 I 240632550 580 
145 I 240632599 580 
146 I 240632648 580 
147 I 240827909 580 
148 I 240827953 580 
149 I 240828054 580 
150 I 241315803 580 
151 I 241315854 580 
152 I 241315903 580 
153 I 241315952 580 
154 I 241316010 580 
155 I 241316058 580 
156 I 241316107 580 
157 I 241316156 580 
158 I 241316207 580 
159 I 241324384 580 
160 I 241324435 580 
161 I 241672755 580 
162 I 241672788 461 
