0 I 0 580 
1 I 47 580 
2 I 55444 580 
3 I 55491 580 
4 I 55540 580 
5 I 115437 580 
6 I 115495 580 
7 I 115545 580 
8 I 163457 580 
9 I 163505 580 
10 I 163555 580 
11 I 181523 580 
12 I 181688 580 
13 I 181739 580 
14 I 217405 580 
15 I 217454 580 
16 I 235466 580 
17 I 235518 580 
18 I 235576 580 
19 I 253471 580 
20 I 253512 580 
21 I 253563 580 
22 I 277467 580 
23 I 277502 445 
24 I 4764479 580 
25 I 4764525 580 
26 I 4764577 580 
27 I 4764635 580 
28 I 4764681 580 
29 I 4764728 580 
30 I 4764774 188 
31 I 4764778 580 
