0 I 0 359 
1 I 186 1504 
2 I 271 1187 
3 I 412 1492 
4 I 22212 1504 
5 I 22341 1504 
6 I 22458 1504 
7 I 22580 1504 
8 I 22707 1504 
9 I 43912 1504 
10 I 44036 1504 
11 I 44160 1504 
12 I 49910 1504 
13 I 50038 1504 
14 I 50161 1504 
15 I 66386 1504 
16 I 66509 1504 
17 I 66632 1504 
18 I 66754 1504 
19 I 66879 1504 
20 I 67007 1504 
21 I 71961 1504 
22 I 72085 1504 
23 I 72208 1504 
24 I 88290 1504 
25 I 88413 1504 
26 I 88536 1504 
27 I 88659 1504 
28 I 88792 1504 
29 I 88906 1504 
30 I 89896 1504 
31 I 90018 1504 
32 I 93668 1504 
33 I 93793 1504 
34 I 94851 1504 
35 I 94974 1504 
36 I 111928 1504 
37 I 112176 1504 
38 I 112910 1504 
39 I 113158 1504 
40 I 114574 1504 
41 I 114701 1504 
42 I 114826 1504 
43 I 114883 984 
