0 I 0 1424 
1 I 198122 542 
2 I 10851870 1424 
3 I 11073411 542 
4 I 19713342 1424 
5 I 19916962 1424 
6 I 19917017 1212 
7 I 19917178 1424 
8 I 20136595 1424 
9 I 20136692 1340 
10 I 20136825 1424 
11 I 20136944 1424 
12 I 20137043 1356 
13 I 20356683 1424 
14 I 20356801 1424 
15 I 20356898 1340 
16 I 20357028 1424 
17 I 20357147 1424 
18 I 20357243 1356 
19 I 20576102 1424 
20 I 20576218 1424 
21 I 20576312 1340 
22 I 20576451 1424 
23 I 20576577 1424 
24 I 20576659 1356 
25 I 20576793 1424 
26 I 20643607 1424 
27 I 20643698 1340 
28 I 20647705 1424 
29 I 20647820 1424 
30 I 20647936 1356 
31 I 20649627 1424 
32 I 20649743 1424 
33 I 20649839 1340 
34 I 20651985 1424 
35 I 20652089 1424 
36 I 20652200 1356 
37 I 20711033 1424 
38 I 20711149 1424 
39 I 20711275 1340 
40 I 20713290 1424 
41 I 20713414 1424 
42 I 20713499 1356 
43 I 20718436 1424 
44 I 20718553 1424 
45 I 20718647 1340 
46 I 20720734 1424 
47 I 20720846 1424 
48 I 20720974 1424 
49 I 20722904 1424 
50 I 20723026 1424 
51 I 20723140 1424 
52 I 20775298 1424 
53 I 20775419 1424 
54 I 20775530 1424 
55 I 20777508 1424 
56 I 20777613 1424 
57 I 20777723 1424 
58 I 20779854 1424 
59 I 20779969 1424 
60 I 20780093 1424 
61 I 20784556 1424 
62 I 20784665 1424 
63 I 20784782 1424 
64 I 20786723 1424 
65 I 20786841 1424 
66 I 20786962 1424 
67 I 20794065 1424 
68 I 20794182 1424 
69 I 20794298 1424 
70 I 20799571 1424 
71 I 20799686 1424 
72 I 20799805 1424 
73 I 20799941 1424 
74 I 20800059 1424 
75 I 20840908 1424 
76 I 20841024 1424 
77 I 20843093 1424 
78 I 20843209 1424 
79 I 20845062 1424 
80 I 20845178 1424 
81 I 20847747 1424 
82 I 20847863 1424 
83 I 20849224 1424 
84 I 20849339 1424 
85 I 20851821 1424 
86 I 20851945 1424 
87 I 20854926 1424 
88 I 20855047 1424 
89 I 20861314 1424 
90 I 20861439 1424 
91 I 20863209 1424 
92 I 20863326 1424 
93 I 20879153 1424 
94 I 20879268 1424 
95 I 20883125 1424 
96 I 20883243 1424 
97 I 20905518 1424 
98 I 20905632 1424 
99 I 20909144 1424 
100 I 20909275 1424 
101 I 20910846 1424 
102 I 20910964 1424 
103 I 20913025 1424 
104 I 20913143 1424 
105 I 20919161 1424 
106 I 20919277 1424 
107 I 20933020 1424 
108 I 20933134 1424 
109 I 20935469 1424 
110 I 20935593 1424 
111 I 20939830 1424 
112 I 20939954 1424 
113 I 20945789 1424 
114 I 20945919 1424 
115 I 20951417 1424 
116 I 20951537 1424 
117 I 20953016 1424 
118 I 20953146 1424 
119 I 20972212 1424 
120 I 20972329 1424 
121 I 20977187 1424 
122 I 20977305 1424 
123 I 20980699 1424 
124 I 20980827 1424 
125 I 20984880 1424 
126 I 20985008 1424 
127 I 20990212 1424 
128 I 20990318 1424 
129 I 20997988 1424 
130 I 20998105 1424 
131 I 21002910 1424 
132 I 21003025 1424 
133 I 21006159 1424 
134 I 21006275 1424 
135 I 21018908 1424 
136 I 21019025 1424 
137 I 21024308 1424 
138 I 21024424 1424 
139 I 21027488 1424 
140 I 21027588 1424 
141 I 21042930 1424 
142 I 21043039 1424 
143 I 21046892 1424 
144 I 21047005 1424 
145 I 21051361 1424 
146 I 21051480 1424 
147 I 21053335 1424 
148 I 21053453 1424 
149 I 21059469 1424 
150 I 21059586 1424 
151 I 21063363 1424 
152 I 21063483 1424 
153 I 21067245 1424 
154 I 21067361 1424 
155 I 21076509 1424 
156 I 21076626 1424 
157 I 21086594 1424 
158 I 21086707 1424 
159 I 21088710 1424 
160 I 21088827 1424 
161 I 21092748 1424 
162 I 21092870 1424 
163 I 21116980 1424 
164 I 21117097 1424 
165 I 21128892 1424 
166 I 21129011 1424 
167 I 21130396 1424 
168 I 21130528 1424 
169 I 21132906 1424 
170 I 21133020 1424 
171 I 21136631 1424 
172 I 21136747 1424 
173 I 21138525 1424 
174 I 21138623 1424 
175 I 21140987 1424 
176 I 21141103 1424 
177 I 21151633 1424 
178 I 21151735 1424 
179 I 21153824 1424 
180 I 21153928 1424 
181 I 21155991 1424 
182 I 21156106 1424 
183 I 21161014 1424 
184 I 21161135 1424 
185 I 21188805 1424 
186 I 21188918 1424 
187 I 21193493 1424 
188 I 21193611 1424 
189 I 21196060 1424 
190 I 21196172 1424 
191 I 21198184 1424 
192 I 21198307 1424 
193 I 21200810 1424 
194 I 21200944 1424 
195 I 21203174 1424 
196 I 21203308 1424 
197 I 21207096 1424 
198 I 21207218 1424 
199 I 21215980 1424 
200 I 21216111 1424 
201 I 21218358 1424 
202 I 21218487 1424 
203 I 21222686 1424 
204 I 21222803 1424 
205 I 21226444 1424 
206 I 21226570 1424 
207 I 21259948 1424 
208 I 21260067 1424 
209 I 21262178 1424 
210 I 21262291 1424 
211 I 21268762 1424 
212 I 21268878 1424 
213 I 21270783 1424 
214 I 21270901 1424 
215 I 21277130 1424 
216 I 21277225 1424 
217 I 21287748 1424 
218 I 21287865 1424 
219 I 21289847 1424 
220 I 21289951 1424 
221 I 21293104 1424 
222 I 21293221 1424 
223 I 21297068 1424 
224 I 21297185 1424 
225 I 21299837 1424 
226 I 21299955 1424 
227 I 21304109 1424 
228 I 21304234 1424 
229 I 21333941 1424 
230 I 21334058 1424 
231 I 21337456 1424 
232 I 21337576 1424 
233 I 21350354 1424 
234 I 21350469 1424 
235 I 21352357 1424 
236 I 21352477 1424 
237 I 21356727 1424 
238 I 21356850 1424 
239 I 21364276 1424 
240 I 21364398 1424 
241 I 21366923 1424 
242 I 21367033 1424 
243 I 21369007 1424 
244 I 21369122 1424 
245 I 21374216 1424 
246 I 21374332 1424 
247 I 21377297 1424 
248 I 21377415 1424 
249 I 21385157 1424 
250 I 21385260 1424 
251 I 21402200 1424 
252 I 21402315 1424 
253 I 21406419 1424 
254 I 21406544 1424 
255 I 21420414 1424 
256 I 21420511 1424 
257 I 21422893 1424 
258 I 21423022 1424 
259 I 21426887 1424 
260 I 21426991 1424 
261 I 21441078 1424 
262 I 21441193 1424 
263 I 21445260 1424 
264 I 21445377 1424 
265 I 21447725 1424 
266 I 21447851 1424 
267 I 21454189 1424 
268 I 21454310 1424 
269 I 21458414 1424 
270 I 21458538 1424 
271 I 21464598 1424 
272 I 21464716 1424 
273 I 21469251 1424 
274 I 21469357 1424 
275 I 21475611 1424 
276 I 21475728 1424 
277 I 21490772 1424 
278 I 21490899 1424 
279 I 21496956 1424 
280 I 21497075 1424 
281 I 21505564 1424 
282 I 21505674 1424 
283 I 21516398 1424 
284 I 21516518 1424 
285 I 21520621 1424 
286 I 21520751 1424 
287 I 21524617 1424 
288 I 21524713 1424 
289 I 21531175 1424 
290 I 21531308 1424 
291 I 21538982 1424 
292 I 21539101 1424 
293 I 21546675 1424 
294 I 21546801 1424 
295 I 21548938 1424 
296 I 21549056 1424 
297 I 21551022 1424 
298 I 21551138 1424 
299 I 21569522 1424 
300 I 21569634 1424 
301 I 21584465 1424 
302 I 21584594 1424 
303 I 21596266 1424 
304 I 21596383 1424 
305 I 21606982 1424 
306 I 21607105 1424 
307 I 21609994 1424 
308 I 21610104 1424 
309 I 21614163 1424 
310 I 21614278 1424 
311 I 21616562 1424 
312 I 21616680 1424 
313 I 21618803 1424 
314 I 21618911 1424 
315 I 21623982 1424 
316 I 21624097 1424 
317 I 21626155 1424 
318 I 21626276 1424 
319 I 21628354 1424 
320 I 21628477 1424 
321 I 21634517 1424 
322 I 21634635 1424 
323 I 21651221 1424 
324 I 21651345 1424 
325 I 21661192 1424 
326 I 21661310 1424 
327 I 21691600 1424 
328 I 21691716 1424 
329 I 21700527 1424 
330 I 21700643 1424 
331 I 21702642 1424 
332 I 21702760 1424 
333 I 21705517 1424 
334 I 21705628 1424 
335 I 21707799 1424 
336 I 21707915 1424 
337 I 21717480 1424 
338 I 21717596 1424 
339 I 21720533 1424 
340 I 21720645 1424 
341 I 21722281 1424 
342 I 21722401 1424 
343 I 21726366 1424 
344 I 21726484 1424 
345 I 21735413 1424 
346 I 21735536 1424 
347 I 21737175 1424 
348 I 21743051 1424 
349 I 21743188 1424 
350 I 21775072 1424 
351 I 21775202 1424 
352 I 21781557 1424 
353 I 21781673 1424 
354 I 21783555 1424 
355 I 21783690 1424 
356 I 21790089 1424 
357 I 21790218 1424 
358 I 21790336 1424 
359 I 21790439 1424 
360 I 21802098 1424 
361 I 21802222 1424 
362 I 21806164 1424 
363 I 21806265 1424 
364 I 21809192 1424 
365 I 21809313 1424 
366 I 21811896 1424 
367 I 21812010 1424 
368 I 21814943 1424 
369 I 21815060 1424 
370 I 21826687 1424 
371 I 21826804 1424 
372 I 21873965 1424 
373 I 21874071 1424 
374 I 21878160 1424 
375 I 21878303 1424 
376 I 21884517 1424 
377 I 21884618 1424 
378 I 21898043 1424 
379 I 21898159 1424 
380 I 21898278 1424 
381 I 21898393 1424 
382 I 21902246 1424 
383 I 21902364 1424 
384 I 21904543 1424 
385 I 21904659 1424 
386 I 21906680 1424 
387 I 21906799 1424 
388 I 21908794 1424 
389 I 21908909 1424 
390 I 21911557 1424 
391 I 21911676 1424 
392 I 21918539 1424 
393 I 21918654 1424 
394 I 21949662 542 
395 I 21963919 1424 
396 I 21964056 1424 
397 I 21971443 1424 
398 I 21971564 1424 
399 I 21977015 1424 
400 I 21977118 1424 
401 I 21988765 1424 
402 I 21988896 1424 
403 I 21990953 1424 
404 I 21991067 1424 
405 I 21994038 1424 
406 I 21994165 1424 
407 I 21996276 1424 
408 I 21996388 1424 
409 I 22000173 1424 
410 I 22000291 1424 
411 I 22002648 1424 
412 I 22002765 1424 
413 I 22007325 1424 
414 I 22007441 1424 
415 I 22009119 1424 
416 I 22009235 1424 
417 I 22058420 1424 
418 I 22058534 1424 
419 I 22065525 1424 
420 I 22065639 1424 
421 I 22071333 1424 
422 I 22071448 1424 
423 I 22076527 1424 
424 I 22076643 1424 
425 I 22079103 1424 
426 I 22079219 1424 
427 I 22093195 1424 
428 I 22093317 1424 
429 I 22097242 1424 
430 I 22097358 1424 
431 I 22101462 1424 
432 I 22101576 1424 
433 I 22103687 1424 
434 I 22103785 1424 
435 I 22112053 1424 
436 I 22112174 1424 
437 I 22117416 1424 
438 I 22117533 1424 
439 I 22158583 1424 
440 I 22158696 1424 
441 I 22169444 1424 
442 I 22169569 1424 
443 I 22176749 1424 
444 I 22176864 1424 
445 I 22180233 1424 
446 I 22180364 1424 
447 I 22182315 1424 
448 I 22182431 1424 
449 I 22193214 1424 
450 I 22193332 1424 
451 I 22198666 1424 
452 I 22198765 1424 
453 I 22204044 1424 
454 I 22204159 1424 
455 I 22205988 1424 
456 I 22206109 1424 
457 I 22212409 1424 
458 I 22212525 1424 
459 I 22218949 1424 
460 I 22219067 1424 
461 I 22251844 1424 
462 I 22251965 1424 
463 I 22259496 1424 
464 I 22259608 1424 
465 I 22261016 1424 
466 I 22261132 1424 
467 I 22266175 1424 
468 I 22266293 1424 
469 I 22269605 1424 
470 I 22269714 1424 
471 I 22282361 1424 
472 I 22282479 1424 
473 I 22286845 1424 
474 I 22286961 1424 
475 I 22291118 1424 
476 I 22291234 1424 
477 I 22295372 1424 
478 I 22295489 1424 
479 I 22301741 1424 
480 I 22301855 1424 
481 I 22305878 1424 
482 I 22306004 1424 
483 I 22345580 1424 
484 I 22345698 1424 
485 I 22351049 1424 
486 I 22351180 1424 
487 I 22355190 1424 
488 I 22355304 1424 
489 I 22365282 1424 
490 I 22365397 1424 
491 I 22367939 1424 
492 I 22368058 1424 
493 I 22384252 1424 
494 I 22384371 1424 
495 I 22396835 1424 
496 I 22396954 1424 
497 I 22401316 1424 
498 I 22401433 1424 
499 I 22406713 1424 
500 I 22406830 1424 
501 I 22410816 1424 
502 I 22410940 1424 
503 I 22420422 1424 
504 I 22420542 1424 
505 I 22446996 1424 
506 I 22447114 1424 
507 I 22456562 1424 
508 I 22456679 1424 
509 I 22464719 1424 
510 I 22464836 1424 
511 I 22473269 1424 
512 I 22473387 1424 
513 I 22481049 1424 
514 I 22481173 1424 
515 I 22490018 1424 
516 I 22490133 1424 
517 I 22500189 1424 
518 I 22500306 1424 
519 I 22511473 1424 
520 I 22511591 1424 
521 I 22512999 1424 
522 I 22513120 1424 
523 I 22517621 1424 
524 I 22517732 1424 
525 I 22519783 1424 
526 I 22519898 1424 
527 I 22540339 1424 
528 I 22540456 1424 
529 I 22551090 1424 
530 I 22551206 1424 
531 I 22556891 1424 
532 I 22557006 1424 
533 I 22562020 1424 
534 I 22562138 1424 
535 I 22568470 1424 
536 I 22568584 1424 
537 I 22573797 1424 
538 I 22573915 1424 
539 I 22584580 1424 
540 I 22584697 1424 
541 I 22590195 1424 
542 I 22590340 1424 
543 I 22591960 1424 
544 I 22592083 1424 
545 I 22595593 1424 
546 I 22595712 1424 
547 I 22612409 1424 
548 I 22612516 1424 
549 I 22630384 1424 
550 I 22630511 1424 
551 I 22648162 1424 
552 I 22648278 1424 
553 I 22661735 1424 
554 I 22661854 1424 
555 I 22666510 1424 
556 I 22666624 1424 
557 I 22670501 1424 
558 I 22670617 1424 
559 I 22677912 1424 
560 I 22678029 1424 
561 I 22690660 1424 
562 I 22690774 1424 
563 I 22696269 1424 
564 I 22696394 1424 
565 I 22700317 1424 
566 I 22700434 1424 
567 I 22709832 1424 
568 I 22709949 1424 
569 I 22729205 1424 
570 I 22729316 1424 
571 I 22740644 1424 
572 I 22740753 1424 
573 I 22755918 1424 
574 I 22756039 1424 
575 I 22764186 1424 
576 I 22764303 1424 
577 I 22768080 1424 
578 I 22768206 1424 
579 I 22770234 1424 
580 I 22770352 1424 
581 I 22779896 1424 
582 I 22780011 1424 
583 I 22788346 1424 
584 I 22788468 1424 
585 I 22792641 1424 
586 I 22792758 1424 
587 I 22799049 1424 
588 I 22799167 1424 
589 I 22809871 1424 
590 I 22809990 1424 
591 I 22834991 1424 
592 I 22835087 1424 
593 I 22847690 1424 
594 I 22847806 1424 
595 I 22862547 1424 
596 I 22862667 1424 
597 I 22864815 1424 
598 I 22864945 1424 
599 I 22869622 1424 
600 I 22869740 1424 
601 I 22874268 1424 
602 I 22874384 1424 
603 I 22886556 1424 
604 I 22886673 1424 
605 I 22887732 1424 
606 I 22887852 1424 
607 I 22895403 1424 
608 I 22895519 1424 
609 I 22901604 1424 
610 I 22901721 1424 
611 I 22909297 1424 
612 I 22909404 1424 
613 I 22924287 1424 
614 I 22924407 1424 
615 I 22930338 1424 
616 I 22930455 1424 
617 I 22938814 1424 
618 I 22938923 1424 
619 I 22941424 1424 
620 I 22941541 1424 
621 I 22946327 1424 
622 I 22946444 1424 
623 I 22950771 1424 
624 I 22950875 1424 
625 I 22953106 1424 
626 I 22953240 1424 
627 I 22958401 1424 
628 I 22958522 1424 
629 I 22972413 1424 
630 I 22972532 1424 
631 I 22984879 1424 
632 I 22984972 1424 
633 I 22998973 1424 
634 I 22999091 1424 
635 I 23006025 1424 
636 I 23006137 1424 
637 I 23013551 1424 
638 I 23013671 1424 
639 I 23023025 1424 
640 I 23023145 1424 
641 I 23026026 1424 
642 I 23026150 1424 
643 I 23028334 1424 
644 I 23028446 1424 
645 I 23044092 1424 
646 I 23044200 1424 
647 I 23050627 1424 
648 I 23050738 1424 
649 I 23054919 1424 
650 I 23054995 1424 
651 I 23071948 1424 
652 I 23072065 1424 
653 I 23079739 1424 
654 I 23079856 1424 
655 I 23090377 1424 
656 I 23090492 1424 
657 I 23097116 1424 
658 I 23097234 1424 
659 I 23112907 1424 
660 I 23113031 1424 
661 I 23121993 1424 
662 I 23122110 1424 
663 I 23124361 1424 
664 I 23124483 1424 
665 I 23129549 1424 
666 I 23129666 1424 
667 I 23142434 1424 
668 I 23142549 1424 
669 I 23145714 1424 
670 I 23145812 1424 
671 I 23147849 1424 
672 I 23147957 1424 
673 I 23164216 1424 
674 I 23164334 1424 
675 I 23168843 1424 
676 I 23168952 1424 
677 I 23174991 1424 
678 I 23175110 1424 
679 I 23190874 1424 
680 I 23190992 1424 
681 I 23211283 1424 
682 I 23211420 1424 
683 I 23217591 1424 
684 I 23217712 1424 
685 I 23221862 1424 
686 I 23221980 1424 
687 I 23226190 1424 
688 I 23226309 1424 
689 I 23237308 1424 
690 I 23237414 1424 
691 I 23241347 1424 
692 I 23241464 1424 
693 I 23242420 1424 
694 I 23242541 1424 
695 I 23252822 1424 
696 I 23252931 1424 
697 I 23257800 1424 
698 I 23257932 1424 
699 I 23267879 1424 
700 I 23267997 1424 
701 I 23275339 1424 
702 I 23275459 1424 
703 I 23293702 1424 
704 I 23293824 1424 
705 I 23302778 1424 
706 I 23302896 1424 
707 I 23304353 1424 
708 I 23304480 1424 
709 I 23313017 1424 
710 I 23313139 1424 
711 I 23319820 1424 
712 I 23319922 1424 
713 I 23322165 1424 
714 I 23322289 1424 
715 I 23327372 1424 
716 I 23327495 1424 
717 I 23333772 1424 
718 I 23333889 1424 
719 I 23341928 1424 
720 I 23342024 1424 
721 I 23345543 1424 
722 I 23345663 1424 
723 I 23350756 1424 
724 I 23350876 1424 
725 I 23366023 1424 
726 I 23366138 1424 
727 I 23373643 1424 
728 I 23373756 1424 
729 I 23375879 1424 
730 I 23375999 1424 
731 I 23382785 1424 
732 I 23382904 1424 
733 I 23390396 1424 
734 I 23390520 1424 
735 I 23396135 1424 
736 I 23396247 1424 
737 I 23397736 1424 
738 I 23397837 1424 
739 I 23404737 1424 
740 I 23404855 1424 
741 I 23425188 1424 
742 I 23425309 1424 
743 I 23429250 1424 
744 I 23429365 1424 
745 I 23431405 1424 
746 I 23431520 1424 
747 I 23445636 1424 
748 I 23445753 1424 
749 I 23460231 1424 
750 I 23460335 1424 
751 I 23462364 1424 
752 I 23462481 1424 
753 I 23467796 1424 
754 I 23467910 1424 
755 I 23474702 1424 
756 I 23474827 1424 
757 I 23476377 1424 
758 I 23476495 1424 
759 I 23484001 1424 
760 I 23484117 1424 
761 I 23486984 1424 
762 I 23487101 1424 
763 I 23510629 1424 
764 I 23510744 1424 
765 I 23516471 1424 
766 I 23516586 1424 
767 I 23518887 1424 
768 I 23519005 1424 
769 I 23537694 1424 
770 I 23537812 1424 
771 I 23548551 1424 
772 I 23548677 1424 
773 I 23552540 1424 
774 I 23552656 1424 
775 I 23559439 1424 
776 I 23559554 1424 
777 I 23562434 1424 
778 I 23562552 1424 
779 I 23566859 1424 
780 I 23566987 1424 
781 I 23573932 1424 
782 I 23574040 1424 
783 I 23578095 1424 
784 I 23578241 1424 
785 I 23601138 1424 
786 I 23601252 1424 
787 I 23608947 1424 
788 I 23609063 1424 
789 I 23613476 1424 
790 I 23613577 1424 
791 I 23634220 1424 
792 I 23634337 1424 
793 I 23646977 1424 
794 I 23647104 1424 
795 I 23657477 1424 
796 I 23657591 1424 
797 I 23661423 1424 
798 I 23661540 1424 
799 I 23667064 1424 
800 I 23667171 1424 
801 I 23670299 1424 
802 I 23670404 1424 
803 I 23674783 1424 
804 I 23674906 1424 
805 I 23681076 1424 
806 I 23681189 1424 
807 I 23688875 1424 
808 I 23688993 1424 
809 I 23693135 1424 
810 I 23693256 1424 
811 I 23697577 1424 
812 I 23697686 1424 
813 I 23712581 1424 
814 I 23712693 1424 
815 I 23730070 1424 
816 I 23730197 1424 
817 I 23737743 1424 
818 I 23737860 1424 
819 I 23740404 1424 
820 I 23740518 1424 
821 I 23742419 1424 
822 I 23742538 1424 
823 I 23745705 1424 
824 I 23745826 1424 
825 I 23747586 1424 
826 I 23747703 1424 
827 I 23750236 1424 
828 I 23750351 1424 
829 I 23754781 1424 
830 I 23754905 1424 
831 I 23758246 1424 
832 I 23758367 1424 
833 I 23765310 1424 
834 I 23765422 1424 
835 I 23777186 1424 
836 I 23777307 1424 
837 I 23798147 1424 
838 I 23798276 1424 
839 I 23810118 1424 
840 I 23810236 1424 
841 I 23812399 1424 
842 I 23812517 1424 
843 I 23819883 1424 
844 I 23819999 1424 
845 I 23822004 1424 
846 I 23822127 1424 
847 I 23824366 1424 
848 I 23824481 1424 
849 I 23827578 1424 
850 I 23827694 1424 
851 I 23839974 1424 
852 I 23840083 1424 
853 I 23844146 1424 
854 I 23844244 1424 
855 I 23850946 1424 
856 I 23851066 1424 
857 I 23862753 1424 
858 I 23862871 1424 
859 I 23878075 1424 
860 I 23878187 1424 
861 I 23885694 1424 
862 I 23885809 1424 
863 I 23888000 1424 
864 I 23888115 1424 
865 I 23890446 1424 
866 I 23890567 1424 
867 I 23892397 1424 
868 I 23892513 1424 
869 I 23898794 1424 
870 I 23898898 1424 
871 I 23903058 1424 
872 I 23903178 1424 
873 I 23912851 1424 
874 I 23912967 1424 
875 I 23922749 1424 
876 I 23922865 1424 
877 I 23929145 1424 
878 I 23929261 1424 
879 I 23942282 1424 
880 I 23942405 1424 
881 I 23958461 1424 
882 I 23958592 1424 
883 I 23964938 1424 
884 I 23965046 1424 
885 I 23969631 1424 
886 I 23969752 1424 
887 I 23971757 1424 
888 I 23971871 1424 
889 I 23974393 1424 
890 I 23974512 1424 
891 I 23976601 1424 
892 I 23976711 1424 
893 I 23985612 1424 
894 I 23985713 1424 
895 I 23990347 1424 
896 I 23990463 1424 
897 I 24003200 1424 
898 I 24003316 1424 
899 I 24010412 1424 
900 I 24010539 1424 
901 I 24018392 1424 
902 I 24018505 1424 
903 I 24032159 1424 
904 I 24032275 1424 
905 I 24041801 1424 
906 I 24041917 1424 
907 I 24046088 1424 
908 I 24046199 1424 
909 I 24053882 1424 
910 I 24053998 1424 
911 I 24057800 1424 
912 I 24057930 1424 
913 I 24060226 1424 
914 I 24060341 1424 
915 I 24068701 1424 
916 I 24068818 1424 
917 I 24073639 1424 
918 I 24073755 1424 
919 I 24086209 1424 
920 I 24086317 1424 
921 I 24094610 1424 
922 I 24094742 1424 
923 I 24097443 1424 
924 I 24097573 1424 
925 I 24110025 1424 
926 I 24110141 1424 
927 I 24116584 1424 
928 I 24116702 1424 
929 I 24124488 1424 
930 I 24124593 1424 
931 I 24132963 1424 
932 I 24133096 1424 
933 I 24137504 1424 
934 I 24137622 1424 
935 I 24139932 1424 
936 I 24140027 1424 
937 I 24146518 1424 
938 I 24146637 1424 
939 I 24158146 1424 
940 I 24158265 1424 
941 I 24166934 1424 
942 I 24167046 1424 
943 I 24172018 1424 
944 I 24172133 1424 
945 I 24175150 1424 
946 I 24175266 1424 
947 I 24183398 1424 
948 I 24183519 1424 
949 I 24189812 1424 
950 I 24189929 1424 
951 I 24200570 1424 
952 I 24200684 1424 
953 I 24208891 1424 
954 I 24209007 1424 
955 I 24218136 1424 
956 I 24218251 1424 
957 I 24220334 1424 
958 I 24220447 1424 
959 I 24227631 1424 
960 I 24227745 1424 
961 I 24239474 1424 
962 I 24239593 1424 
963 I 24244828 1424 
964 I 24244960 1424 
965 I 24250924 1424 
966 I 24251046 1424 
967 I 24252234 1424 
968 I 24252348 1424 
969 I 24266798 1424 
970 I 24266915 1424 
971 I 24270591 1424 
972 I 24270699 1424 
973 I 24284266 1424 
974 I 24284367 1424 
975 I 24290802 1424 
976 I 24290921 1424 
977 I 24301908 1424 
978 I 24302012 1424 
979 I 24304343 1424 
980 I 24304458 1424 
981 I 24314575 1424 
982 I 24314689 1424 
983 I 24322340 1424 
984 I 24322451 1424 
985 I 24327866 1424 
986 I 24327969 1424 
987 I 24336194 1424 
988 I 24336296 1424 
989 I 24338617 1424 
990 I 24338701 1424 
991 I 24346119 1424 
992 I 24346238 1424 
993 I 24353592 1424 
994 I 24353700 1424 
995 I 24369478 1424 
996 I 24369593 1424 
997 I 24378240 1424 
998 I 24378361 1424 
999 I 24397269 1424 
1000 I 24397404 1424 
1001 I 24401791 1424 
1002 I 24401892 1424 
1003 I 24403866 1424 
1004 I 24403982 1424 
1005 I 24410340 1424 
1006 I 24410459 1424 
1007 I 24412544 1424 
1008 I 24412644 1424 
1009 I 24417589 1424 
1010 I 24417704 1424 
1011 I 24419710 1424 
1012 I 24419834 1424 
1013 I 24424215 1424 
1014 I 24424319 1424 
1015 I 24438969 1424 
1016 I 24439084 1424 
1017 I 24454110 1424 
1018 I 24454215 1424 
1019 I 24466905 1424 
1020 I 24467022 1424 
1021 I 24481778 1424 
1022 I 24481897 1424 
1023 I 24487000 1424 
1024 I 24487104 1424 
1025 I 24491136 1424 
1026 I 24491257 1424 
1027 I 24495854 1424 
1028 I 24495971 1424 
1029 I 24502194 1424 
1030 I 24502278 1424 
1031 I 24506597 1424 
1032 I 24506712 1424 
1033 I 24508340 1424 
1034 I 24508467 1424 
1035 I 24517173 1424 
1036 I 24517290 1424 
1037 I 24526173 1424 
1038 I 24526300 1424 
1039 I 24536057 1424 
1040 I 24536174 1424 
1041 I 24549907 1424 
1042 I 24550015 1424 
1043 I 24567965 1424 
1044 I 24568079 1424 
1045 I 24576550 1424 
1046 I 24576665 1424 
1047 I 24580810 1424 
1048 I 24580930 1424 
1049 I 24585242 1424 
1050 I 24585348 1424 
1051 I 24588234 1424 
1052 I 24588346 1424 
1053 I 24598465 1424 
1054 I 24598591 1424 
1055 I 24601202 1424 
1056 I 24601322 1424 
1057 I 24607839 1424 
1058 I 24607957 1424 
1059 I 24612861 1424 
1060 I 24612970 1424 
1061 I 24623286 1424 
1062 I 24623398 1424 
1063 I 24634099 1424 
1064 I 24634219 1424 
1065 I 24645888 1424 
1066 I 24646009 1424 
1067 I 24647975 1424 
1068 I 24648091 1424 
1069 I 24657658 1424 
1070 I 24657768 1424 
1071 I 24664102 1424 
1072 I 24664204 1424 
1073 I 24667410 1424 
1074 I 24667531 1424 
1075 I 24680129 1424 
1076 I 24680247 1424 
1077 I 24686385 1424 
1078 I 24686506 1424 
1079 I 24691835 1424 
1080 I 24691951 1424 
1081 I 24699140 1424 
1082 I 24699259 1424 
1083 I 24709166 1424 
1084 I 24709273 1424 
1085 I 24718493 1424 
1086 I 24718597 1424 
1087 I 24730319 1424 
1088 I 24730436 1424 
1089 I 24732481 1424 
1090 I 24732599 1424 
1091 I 24742980 1424 
1092 I 24743080 1424 
1093 I 24755948 1424 
1094 I 24756069 1424 
1095 I 24756186 1424 
1096 I 24756306 1424 
1097 I 24765503 1424 
1098 I 24765617 1424 
1099 I 24771058 1424 
1100 I 24771179 1424 
1101 I 24777241 1424 
1102 I 24777357 1424 
1103 I 24786084 1424 
1104 I 24786200 1424 
1105 I 24793353 1424 
1106 I 24793468 1424 
1107 I 24802891 1424 
1108 I 24803009 1424 
1109 I 24817305 1424 
1110 I 24817427 1424 
1111 I 24822159 1424 
1112 I 24822276 1424 
1113 I 24827703 1424 
1114 I 24827818 1424 
1115 I 24840426 1424 
1116 I 24840539 1424 
1117 I 24842238 1424 
1118 I 24842357 1424 
1119 I 24850237 1424 
1120 I 24850355 1424 
1121 I 24854977 1424 
1122 I 24855093 1424 
1123 I 24866206 1424 
1124 I 24866322 1424 
1125 I 24872738 1424 
1126 I 24872858 1424 
1127 I 24877149 1424 
1128 I 24877264 1424 
1129 I 24882462 1424 
1130 I 24882597 1424 
1131 I 24896051 1424 
1132 I 24896167 1424 
1133 I 24900101 1424 
1134 I 24900219 1424 
1135 I 24906493 1424 
1136 I 24906609 1424 
1137 I 24926095 1424 
1138 I 24926209 1424 
1139 I 24930224 1424 
1140 I 24930342 1424 
1141 I 24937581 1424 
1142 I 24937700 1424 
1143 I 24942072 1424 
1144 I 24942189 1424 
1145 I 24950679 1424 
1146 I 24950797 1424 
1147 I 24952961 1424 
1148 I 24953078 1424 
1149 I 24961485 1424 
1150 I 24961609 1424 
1151 I 24963678 1424 
1152 I 24963801 1424 
1153 I 24977695 1424 
1154 I 24977812 1424 
1155 I 24984390 1424 
1156 I 24984507 1424 
1157 I 24990875 1424 
1158 I 24990994 1424 
1159 I 25008046 1424 
1160 I 25008163 1424 
1161 I 25014488 1424 
1162 I 25014603 1424 
1163 I 25019610 1424 
1164 I 25019731 1424 
1165 I 25024004 1424 
1166 I 25024129 1424 
1167 I 25035975 1424 
1168 I 25036088 1424 
1169 I 25040327 1424 
1170 I 25040444 1424 
1171 I 25045514 1424 
1172 I 25045631 1424 
1173 I 25050100 1424 
1174 I 25050217 1424 
1175 I 25058751 1424 
1176 I 25058868 1424 
1177 I 25071697 1424 
1178 I 25071823 1424 
1179 I 25078954 1424 
1180 I 25079071 1424 
1181 I 25098348 1424 
1182 I 25098465 1424 
1183 I 25107133 1424 
1184 I 25107251 1424 
1185 I 25115586 1424 
1186 I 25115702 1424 
1187 I 25117508 1424 
1188 I 25117625 1424 
1189 I 25122164 1424 
1190 I 25122266 1424 
1191 I 25126272 1424 
1192 I 25126389 1424 
1193 I 25130827 1424 
1194 I 25130955 1424 
1195 I 25132942 1424 
1196 I 25133057 1424 
1197 I 25139213 1424 
1198 I 25139332 1424 
1199 I 25149196 1424 
1200 I 25149325 1424 
1201 I 25160742 1424 
1202 I 25160861 1424 
1203 I 25182833 1424 
1204 I 25182952 1424 
1205 I 25189234 1424 
1206 I 25189346 1424 
1207 I 25201716 1424 
1208 I 25201833 1424 
1209 I 25205984 1424 
1210 I 25206101 1424 
1211 I 25208474 1424 
1212 I 25208593 1424 
1213 I 25214620 1424 
1214 I 25214735 1424 
1215 I 25218601 1424 
1216 I 25218718 1424 
1217 I 25222077 1424 
1218 I 25222195 1424 
1219 I 25227436 1424 
1220 I 25227571 1424 
1221 I 25237948 1424 
1222 I 25238069 1424 
1223 I 25256391 1424 
1224 I 25256509 1424 
1225 I 25270611 1424 
1226 I 25270726 1424 
1227 I 25276834 1424 
1228 I 25276948 1424 
1229 I 25285450 1424 
1230 I 25285573 1424 
1231 I 25291598 1424 
1232 I 25291718 1424 
1233 I 25295012 1424 
1234 I 25295136 1424 
1235 I 25302962 1424 
1236 I 25303067 1424 
1237 I 25304630 1424 
1238 I 25304748 1424 
1239 I 25308978 1424 
1240 I 25309077 1424 
1241 I 25313771 1424 
1242 I 25313887 1424 
1243 I 25320834 1424 
1244 I 25320950 1424 
1245 I 25337946 1424 
1246 I 25338066 1424 
1247 I 25358434 1424 
1248 I 25358551 1424 
1249 I 25363792 1424 
1250 I 25363912 1424 
1251 I 25372537 1424 
1252 I 25372655 1424 
1253 I 25381953 1424 
1254 I 25382070 1424 
1255 I 25386507 1424 
1256 I 25386623 1424 
1257 I 25392800 1424 
1258 I 25392917 1424 
1259 I 25396971 1424 
1260 I 25397091 1424 
1261 I 25401408 1424 
1262 I 25401523 1424 
1263 I 25404478 1424 
1264 I 25404596 1424 
1265 I 25413018 1424 
1266 I 25413136 1424 
1267 I 25437665 1424 
1268 I 25437777 1424 
1269 I 25449102 1424 
1270 I 25449243 1424 
1271 I 25451637 1424 
1272 I 25451751 1424 
1273 I 25458508 1424 
1274 I 25458621 1424 
1275 I 25468971 1424 
1276 I 25469087 1424 
1277 I 25472382 1424 
1278 I 25472498 1424 
1279 I 25477765 1424 
1280 I 25477892 1424 
1281 I 25481983 1424 
1282 I 25482113 1424 
1283 I 25488531 1424 
1284 I 25488651 1424 
1285 I 25497049 1424 
1286 I 25497168 1424 
1287 I 25505284 1424 
1288 I 25505401 1424 
1289 I 25523799 1424 
1290 I 25523923 1424 
1291 I 25531351 1424 
1292 I 25531470 1424 
1293 I 25535497 1424 
1294 I 25535604 1424 
1295 I 25542291 1424 
1296 I 25542409 1424 
1297 I 25555952 1424 
1298 I 25556070 1424 
1299 I 25562063 1424 
1300 I 25562178 1424 
1301 I 25566504 1424 
1302 I 25566627 1424 
1303 I 25571170 1424 
1304 I 25571291 1424 
1305 I 25579102 1424 
1306 I 25579218 1424 
1307 I 25591707 1424 
1308 I 25591833 1424 
1309 I 25607630 1424 
1310 I 25607743 1424 
1311 I 25616751 1424 
1312 I 25616855 1424 
1313 I 25623449 1424 
1314 I 25623532 1424 
1315 I 25632351 1424 
1316 I 25632470 1424 
1317 I 25635949 1424 
1318 I 25636081 1424 
1319 I 25642826 1424 
1320 I 25642944 1424 
1321 I 25651310 1424 
1322 I 25651425 1424 
1323 I 25653508 1424 
1324 I 25653628 1424 
1325 I 25656039 1424 
1326 I 25656158 1424 
1327 I 25667531 1424 
1328 I 25667644 1424 
1329 I 25677265 1424 
1330 I 25677374 1424 
1331 I 25684336 1424 
1332 I 25684469 1424 
1333 I 25690961 1424 
1334 I 25691083 1424 
1335 I 25702294 1424 
1336 I 25702417 1424 
1337 I 25709139 1424 
1338 I 25709240 1424 
1339 I 25715494 1424 
1340 I 25715609 1424 
1341 I 25719712 1424 
1342 I 25719840 1424 
1343 I 25727467 1424 
1344 I 25727568 1424 
1345 I 25732937 1424 
1346 I 25733051 1424 
1347 I 25735022 1424 
1348 I 25735143 1424 
1349 I 25744198 1424 
1350 I 25744314 1424 
1351 I 25748303 1424 
1352 I 25748423 1424 
1353 I 25755225 1424 
1354 I 25755347 1424 
1355 I 25759829 1424 
1356 I 25759945 1424 
1357 I 25771580 1424 
1358 I 25771692 1424 
1359 I 25795040 1424 
1360 I 25795156 1424 
1361 I 25799437 1424 
1362 I 25799553 1424 
1363 I 25803938 1424 
1364 I 25804059 1424 
1365 I 25812269 1424 
1366 I 25812387 1424 
1367 I 25823233 1424 
1368 I 25823334 1424 
1369 I 25825444 1424 
1370 I 25825568 1424 
1371 I 25829766 1424 
1372 I 25829887 1424 
1373 I 25840339 1424 
1374 I 25840457 1424 
1375 I 25845952 1424 
1376 I 25846054 1424 
1377 I 25847696 1424 
1378 I 25847815 1424 
1379 I 25854571 1424 
1380 I 25854692 1424 
1381 I 25865035 1424 
1382 I 25865156 1424 
1383 I 25871444 1424 
1384 I 25871561 1424 
1385 I 25887622 1424 
1386 I 25887737 1424 
1387 I 25893834 1424 
1388 I 25893960 1424 
1389 I 25904765 1424 
1390 I 25904867 1424 
1391 I 25906348 1424 
1392 I 25906466 1424 
1393 I 25923895 1424 
1394 I 25924016 1424 
1395 I 25929513 1424 
1396 I 25929631 1424 
1397 I 25934939 1424 
1398 I 25935057 1424 
1399 I 25937145 1424 
1400 I 25937247 1424 
1401 I 25941701 1424 
1402 I 25941814 1424 
1403 I 25957708 1424 
1404 I 25957814 1424 
1405 I 25963533 1424 
1406 I 25963661 1424 
1407 I 25967818 1424 
1408 I 25967930 1424 
1409 I 25972003 1424 
1410 I 25972120 1424 
1411 I 25984262 1424 
1412 I 25984378 1424 
1413 I 25989327 1424 
1414 I 25989435 1424 
1415 I 26018537 1424 
1416 I 26018651 1424 
1417 I 26020666 1424 
1418 I 26020783 1424 
1419 I 26025954 1424 
1420 I 26026069 1424 
1421 I 26029279 1424 
1422 I 26029389 1424 
1423 I 26033244 1424 
1424 I 26033355 1424 
1425 I 26044358 1424 
1426 I 26044477 1424 
1427 I 26051047 1424 
1428 I 26051184 1424 
1429 I 26053216 1424 
1430 I 26053333 1424 
1431 I 26055294 1424 
1432 I 26055416 1424 
1433 I 26072103 1424 
1434 I 26072228 1424 
1435 I 26075402 1424 
1436 I 26075518 1424 
1437 I 26086904 1424 
1438 I 26087022 1424 
1439 I 26089057 1424 
1440 I 26089170 1424 
1441 I 26107217 1424 
1442 I 26107333 1424 
1443 I 26111271 1424 
1444 I 26111387 1424 
1445 I 26114034 1424 
1446 I 26114151 1424 
1447 I 26122360 1424 
1448 I 26122475 1424 
1449 I 26126812 1424 
1450 I 26126929 1424 
1451 I 26131317 1424 
1452 I 26131433 1424 
1453 I 26135299 1424 
1454 I 26135423 1424 
1455 I 26147961 1424 
1456 I 26148074 1424 
1457 I 26154336 1424 
1458 I 26154454 1424 
1459 I 26161321 1424 
1460 I 26161437 1424 
1461 I 26166551 1424 
1462 I 26166667 1424 
1463 I 26185994 1424 
1464 I 26186108 1424 
1465 I 26188150 1424 
1466 I 26188267 1424 
1467 I 26190073 1424 
1468 I 26190172 1424 
1469 I 26200952 1424 
1470 I 26201068 1424 
1471 I 26206414 1424 
1472 I 26206531 1424 
1473 I 26210611 1424 
1474 I 26210727 1424 
1475 I 26215183 1424 
1476 I 26215298 1424 
1477 I 26225904 1424 
1478 I 26226021 1424 
1479 I 26233520 1424 
1480 I 26233641 1424 
1481 I 26253670 1424 
1482 I 26253788 1424 
1483 I 26264656 1424 
1484 I 26264770 1424 
1485 I 26272224 1424 
1486 I 26272341 1424 
1487 I 26273889 1424 
1488 I 26274003 1424 
1489 I 26275419 1424 
1490 I 26275548 1424 
1491 I 26282186 1424 
1492 I 26282303 1424 
1493 I 26286924 1424 
1494 I 26287039 1424 
1495 I 26292544 1424 
1496 I 26292663 1424 
1497 I 26298371 1424 
1498 I 26298487 1424 
1499 I 26305872 1424 
1500 I 26305989 1424 
1501 I 26315717 1424 
1502 I 26315834 1424 
1503 I 26335404 1424 
1504 I 26335524 1424 
1505 I 26347292 1424 
1506 I 26347408 1424 
1507 I 26353364 1424 
1508 I 26353479 1424 
1509 I 26355802 1424 
1510 I 26355923 1424 
1511 I 26357825 1424 
1512 I 26357940 1424 
1513 I 26363542 1424 
1514 I 26363654 1424 
1515 I 26374160 1424 
1516 I 26374276 1424 
1517 I 26378238 1424 
1518 I 26378354 1424 
1519 I 26384941 1424 
1520 I 26385056 1424 
1521 I 26392715 1424 
1522 I 26392831 1424 
1523 I 26409464 1424 
1524 I 26409580 1424 
1525 I 26429811 1424 
1526 I 26429944 1424 
1527 I 26435558 1424 
1528 I 26435653 1424 
1529 I 26440519 1424 
1530 I 26440622 1424 
1531 I 26447076 1424 
1532 I 26447191 1424 
1533 I 26449512 1424 
1534 I 26449636 1424 
1535 I 26455022 1424 
1536 I 26455135 1424 
1537 I 26464624 1424 
1538 I 26464708 1424 
1539 I 26468949 1424 
1540 I 26469069 1424 
1541 I 26474162 1424 
1542 I 26474266 1424 
1543 I 26481060 1424 
1544 I 26481178 1424 
1545 I 26488561 1424 
1546 I 26488700 1424 
1547 I 26503427 1424 
1548 I 26503542 1424 
1549 I 26507402 1424 
1550 I 26507511 1424 
1551 I 26513691 1424 
1552 I 26513810 1424 
1553 I 26531644 1424 
1554 I 26531765 1424 
1555 I 26535982 1424 
1556 I 26536098 1424 
1557 I 26538282 1424 
1558 I 26538386 1424 
1559 I 26548547 1424 
1560 I 26548664 1424 
1561 I 26552824 1424 
1562 I 26552943 1424 
1563 I 26559633 1424 
1564 I 26559752 1424 
1565 I 26564977 1424 
1566 I 26565089 1424 
1567 I 26580151 1424 
1568 I 26580251 1424 
1569 I 26601898 1424 
1570 I 26602013 1424 
1571 I 26608320 1424 
1572 I 26608433 1424 
1573 I 26612509 1424 
1574 I 26612611 1424 
1575 I 26629911 1424 
1576 I 26630028 1424 
1577 I 26638010 1424 
1578 I 26638125 1424 
1579 I 26646914 1424 
1580 I 26647029 1424 
1581 I 26652608 1424 
1582 I 26652719 1424 
1583 I 26660871 1424 
1584 I 26661008 1424 
1585 I 26667343 1424 
1586 I 26667469 1424 
1587 I 26671499 1424 
1588 I 26671616 1424 
1589 I 26678002 1424 
1590 I 26678111 1424 
1591 I 26692096 1424 
1592 I 26692215 1424 
1593 I 26698853 1424 
1594 I 26698967 1424 
1595 I 26703053 1424 
1596 I 26703169 1424 
1597 I 26710137 1424 
1598 I 26710252 1424 
1599 I 26713439 1424 
1600 I 26713568 1424 
1601 I 26718705 1424 
1602 I 26718822 1424 
1603 I 26724385 1424 
1604 I 26724501 1424 
1605 I 26726799 1424 
1606 I 26726892 1424 
1607 I 26731776 1424 
1608 I 26731890 1424 
1609 I 26737370 1424 
1610 I 26737483 1424 
1611 I 26747294 1424 
1612 I 26747412 1424 
1613 I 26774227 1424 
1614 I 26774331 1424 
1615 I 26778172 1424 
1616 I 26778281 1424 
1617 I 26782445 1424 
1618 I 26782579 1424 
1619 I 26789225 1424 
1620 I 26789341 1424 
1621 I 26791375 1424 
1622 I 26791492 1424 
1623 I 26801818 1424 
1624 I 26801934 1424 
1625 I 26812733 1424 
1626 I 26812850 1424 
1627 I 26814698 1424 
1628 I 26814814 1424 
1629 I 26818865 1424 
1630 I 26818981 1424 
1631 I 26823134 1424 
1632 I 26823251 1424 
1633 I 26830674 1424 
1634 I 26830791 1424 
1635 I 26841173 1424 
1636 I 26841284 1424 
1637 I 26849436 1424 
1638 I 26849553 1424 
1639 I 26853369 1424 
1640 I 26853491 1424 
1641 I 26858986 1424 
1642 I 26859104 1424 
1643 I 26863358 1424 
1644 I 26863483 1424 
1645 I 26866205 1424 
1646 I 26866323 1424 
1647 I 26877162 1424 
1648 I 26877246 1424 
1649 I 26881206 1424 
1650 I 26881330 1424 
1651 I 26883509 1424 
1652 I 26883623 1424 
1653 I 26889388 1424 
1654 I 26889504 1424 
1655 I 26896926 1424 
1656 I 26897041 1424 
1657 I 26909426 1424 
1658 I 26909543 1424 
1659 I 26918292 1424 
1660 I 26918402 1424 
1661 I 26920515 1424 
1662 I 26920629 1424 
1663 I 26925887 1424 
1664 I 26925996 1424 
1665 I 26929881 1424 
1666 I 26930006 1424 
1667 I 26934597 1424 
1668 I 26934706 1424 
1669 I 26941896 1424 
1670 I 26942008 1424 
1671 I 26945462 1424 
1672 I 26945556 1424 
1673 I 26951955 1424 
1674 I 26952071 1424 
1675 I 26953827 1424 
1676 I 26953948 1424 
1677 I 26961463 1424 
1678 I 26961581 1424 
1679 I 26973928 1424 
1680 I 26974045 1424 
1681 I 26983174 1424 
1682 I 26983289 1424 
1683 I 26989327 1424 
1684 I 26989449 1424 
1685 I 26992626 1424 
1686 I 26992742 1424 
1687 I 26996873 1424 
1688 I 26996988 1424 
1689 I 27000956 1424 
1690 I 27001080 1424 
1691 I 27007835 1424 
1692 I 27007957 1424 
1693 I 27011279 1424 
1694 I 27011394 1424 
1695 I 27016603 1424 
1696 I 27016721 1424 
1697 I 27031142 1424 
1698 I 27031260 1424 
1699 I 27035187 1424 
1700 I 27035302 1424 
1701 I 27048162 1424 
1702 I 27048281 1424 
1703 I 27060885 1424 
1704 I 27060994 1424 
1705 I 27062120 1424 
1706 I 27062242 1424 
1707 I 27066327 1424 
1708 I 27066463 1424 
1709 I 27068734 1424 
1710 I 27068855 1424 
1711 I 27072945 1424 
1712 I 27073059 1424 
1713 I 27077312 1424 
1714 I 27077434 1424 
1715 I 27082244 1424 
1716 I 27082363 1424 
1717 I 27091781 1424 
1718 I 27091906 1424 
1719 I 27095745 1424 
1720 I 27095862 1424 
1721 I 27099868 1424 
1722 I 27099985 1424 
1723 I 27117277 1424 
1724 I 27117386 1424 
1725 I 27126651 1424 
1726 I 27126761 1424 
1727 I 27128784 1424 
1728 I 27128901 1424 
1729 I 27135233 1424 
1730 I 27135349 1424 
1731 I 27137226 1424 
1732 I 27137346 1424 
1733 I 27141471 1424 
1734 I 27141600 1424 
1735 I 27143828 1424 
1736 I 27143945 1424 
1737 I 27149912 1424 
1738 I 27150031 1424 
1739 I 27156762 1424 
1740 I 27156878 1424 
1741 I 27160344 1424 
1742 I 27160461 1424 
1743 I 27164150 1424 
1744 I 27164265 1424 
1745 I 27185654 1424 
1746 I 27185760 1424 
1747 I 27194795 1424 
1748 I 27194911 1424 
1749 I 27197336 1424 
1750 I 27197447 1424 
1751 I 27201472 1424 
1752 I 27201588 1424 
1753 I 27203641 1424 
1754 I 27203770 1424 
1755 I 27207828 1424 
1756 I 27207943 1424 
1757 I 27210118 1424 
1758 I 27210233 1424 
1759 I 27214190 1424 
1760 I 27214309 1424 
1761 I 27221928 1424 
1762 I 27222036 1424 
1763 I 27230592 1424 
1764 I 27230705 1424 
1765 I 27234704 1424 
1766 I 27234827 1424 
1767 I 27250163 1424 
1768 I 27250276 1424 
1769 I 27259330 1424 
1770 I 27259451 1424 
1771 I 27261759 1424 
1772 I 27261879 1424 
1773 I 27266121 1424 
1774 I 27266239 1424 
1775 I 27269578 1424 
1776 I 27269695 1424 
1777 I 27272777 1424 
1778 I 27272894 1424 
1779 I 27274881 1424 
1780 I 27274996 1424 
1781 I 27285463 1424 
1782 I 27285581 1424 
1783 I 27289813 1424 
1784 I 27289928 1424 
1785 I 27296230 1424 
1786 I 27296331 1424 
1787 I 27302568 1424 
1788 I 27302683 1424 
1789 I 27326298 1424 
1790 I 27326417 1424 
1791 I 27330521 1424 
1792 I 27330645 1424 
1793 I 27333054 1424 
1794 I 27333170 1424 
1795 I 27343767 1424 
1796 I 27343889 1424 
1797 I 27348128 1424 
1798 I 27348239 1424 
1799 I 27350360 1424 
1800 I 27350475 1424 
1801 I 27352232 1424 
1802 I 27352349 1424 
1803 I 27358226 1424 
1804 I 27358344 1424 
1805 I 27360613 1424 
1806 I 27360738 1424 
1807 I 27365017 1424 
1808 I 27365137 1424 
1809 I 27373690 1424 
1810 I 27373818 1424 
1811 I 27401519 1424 
1812 I 27401634 1424 
1813 I 27405722 1424 
1814 I 27405846 1424 
1815 I 27407664 1424 
1816 I 27407781 1424 
1817 I 27415216 1424 
1818 I 27415323 1424 
1819 I 27417571 971 
1820 I 27417574 1424 
1821 I 32747242 1424 
1822 I 32934353 542 
1823 I 43528361 1424 
1824 I 43755059 542 
1825 I 54360167 1424 
1826 I 54575457 542 
1827 I 65215983 1424 
1828 I 65395902 542 
1829 I 75999891 1424 
1830 I 76216474 542 
1831 I 86883219 1424 
1832 I 87092117 542 
1833 I 98162056 1424 
1834 I 98351704 542 
1835 I 109400939 1424 
1836 I 109611912 542 
1837 I 120279752 1424 
1838 I 120542500 542 
1839 I 131333879 1424 
1840 I 131527790 542 
1841 I 142247109 1424 
1842 I 142458139 542 
1843 I 153333917 1424 
1844 I 153552975 542 
1845 I 164212348 1424 
1846 I 164428801 542 
1847 I 175101648 1424 
1848 I 175304481 542 
1849 I 185888602 1424 
1850 I 186069892 542 
1851 I 196711103 1424 
1852 I 196890435 542 
1853 I 207540032 1424 
1854 I 207765758 542 
1855 I 218447559 1424 
1856 I 218641492 542 
1857 I 229234386 1424 
1858 I 229464295 542 
1859 I 240126955 1424 
1860 I 240337362 542 
1861 I 250999536 1424 
1862 I 251212864 542 
1863 I 263215970 1424 
1864 I 263406547 542 
1865 I 274047687 1424 
1866 I 274226943 542 
1867 I 284893599 1424 
1868 I 285102464 542 
1869 I 295820503 1424 
1870 I 296032864 542 
