0 I 0 220 
1 I 911549 220 
2 I 1325719 220 
3 I 48739413 1504 
4 I 48739507 323 
5 I 48739535 1504 
6 I 88373495 1504 
7 I 88373609 323 
8 I 88373612 1504 
9 I 88987213 298 
10 I 89092240 331 
11 I 89190073 332 
12 I 89301629 395 
13 I 89700101 498 
14 I 89797390 1504 
15 I 89797482 960 
16 I 89915008 1504 
17 I 89915133 1504 
18 I 89915250 1504 
19 I 89915284 874 
20 I 90103874 1225 
21 I 90307130 957 
22 I 90506982 1074 
23 I 91121912 52 
24 I 91121950 1504 
25 I 91243485 921 
26 I 91339637 1187 
27 I 91845297 494 
28 I 92268859 332 
29 I 92764400 395 
30 I 93287635 333 
31 I 93506260 1187 
32 I 93876298 1504 
33 I 94896274 1225 
34 I 204405632 1504 
35 I 204405720 337 
36 I 204405748 1504 
