0 I 0 580 
1 I 88 580 
2 I 460711 580 
3 I 460721 580 
4 I 460747 580 
5 I 925507 58 
6 I 925522 580 
7 I 2452330 580 
8 I 3070757 580 
9 I 3070805 580 
10 I 3567017 580 
11 I 3567067 580 
12 I 3567072 580 
13 I 4034551 580 
14 I 4034556 359 
15 I 4732478 580 
16 I 4732583 580 
17 I 4732589 580 
18 I 5241590 580 
19 I 5241609 580 
20 I 5241659 580 
21 I 5248052 580 
22 I 5248056 580 
23 I 5248105 580 
24 I 5483620 580 
25 I 6682827 580 
26 I 6692732 580 
27 I 7286493 580 
28 I 7286528 580 
29 I 7293279 580 
30 I 7293382 580 
31 I 7887309 580 
32 I 10212772 580 
33 I 10645430 580 
34 I 10645440 580 
35 I 10645555 580 
36 I 10762833 580 
37 I 11189415 267 
38 I 16482843 580 
39 I 16908786 580 
40 I 17482527 414 
41 I 42360662 220 
42 I 42930360 220 
43 I 43599512 220 
44 I 44201696 204 
45 I 44294365 204 
46 I 80723193 220 
47 I 81361593 220 
48 I 81904182 220 
49 I 84225692 220 
50 I 84832157 204 
51 I 84926179 204 
52 I 228550797 220 
53 I 229157185 220 
54 I 229720730 220 
55 I 230290674 204 
56 I 230809725 204 
