0 I 0 638 
1 I 1795541 311 
2 I 2430675 1504 
3 I 2430798 1504 
4 I 2430921 1504 
5 I 4045490 1504 
6 I 4045517 1152 
7 I 6818356 1504 
8 I 6818433 966 
9 I 6827753 1504 
10 I 6827876 1504 
11 I 6828007 1504 
12 I 6828093 225 
13 I 6828125 1504 
14 I 8066842 130 
15 I 8066876 1504 
16 I 8112332 316 
17 I 8136482 1504 
18 I 8136548 1282 
19 I 81177491 842 
20 I 81222798 1504 
21 I 81222921 1504 
22 I 81223045 1504 
23 I 81292421 840 
24 I 81332188 367 
25 I 84172884 842 
26 I 84212987 1504 
27 I 84277301 997 
28 I 84282910 840 
29 I 84322708 367 
30 I 84750991 1504 
31 I 84751114 1504 
32 I 85951291 1504 
33 I 85951390 383 
34 I 85951415 1504 
35 I 88310964 1504 
36 I 88841889 1504 
