0 I 0 580 
1 I 3 580 
2 I 123 580 
3 I 2566285 580 
4 I 2566331 580 
5 I 2566379 580 
6 I 2810382 580 
7 I 2810444 580 
8 I 3462304 580 
9 I 3462306 580 
10 I 3462311 580 
11 I 3810047 580 
12 I 3810070 580 
13 I 3847115 580 
14 I 3847190 580 
15 I 3847194 580 
16 I 4190444 580 
17 I 4190488 580 
18 I 4190492 580 
19 I 4416104 580 
20 I 4416108 580 
21 I 4870143 580 
22 I 4870253 580 
23 I 4870262 580 
24 I 5344245 118 
25 I 5344257 580 
26 I 134179987 580 
27 I 134180095 580 
28 I 134180106 580 
29 I 134243115 580 
30 I 134243225 580 
31 I 134243240 580 
32 I 134652243 580 
33 I 134652252 580 
34 I 134652368 580 
35 I 134914551 580 
36 I 134914601 580 
37 I 135001777 580 
38 I 135001812 580 
39 I 135001820 580 
40 I 135317365 580 
41 I 135317447 580 
42 I 135743963 580 
43 I 135744025 483 
44 I 136317077 580 
45 I 136317114 580 
46 I 136423073 580 
47 I 136423078 580 
48 I 136423089 580 
49 I 136805180 580 
50 I 136805297 580 
51 I 136805351 580 
52 I 137297343 134 
53 I 137297354 580 
54 I 137478834 580 
55 I 137478843 580 
56 I 137478847 580 
57 I 137705693 580 
58 I 137705752 580 
59 I 137705757 580 
60 I 138053316 580 
61 I 138053409 580 
62 I 138204285 580 
63 I 138204419 580 
64 I 138204427 580 
65 I 138429172 64 
