0 I 0 245 
1 I 1235647 245 
2 I 2446638 245 
3 I 3159844 245 
4 I 3882626 245 
5 I 4313149 245 
6 I 5379500 345 
7 I 6664705 378 
8 I 7902943 245 
9 I 9514786 342 
10 I 10796021 245 
11 I 11330251 245 
12 I 12002178 245 
13 I 12886034 245 
14 I 13308399 245 
15 I 13962046 245 
16 I 14685896 245 
17 I 15105381 245 
18 I 219147401 220 
19 I 219410218 1504 
20 I 219410351 1504 
21 I 219410475 1504 
22 I 219410600 1504 
23 I 219708367 1504 
24 I 219708494 946 
25 I 219708498 1504 
26 I 219983396 1504 
27 I 219983507 655 
28 I 219983522 1504 
29 I 220270566 1504 
30 I 220270688 1504 
31 I 220270693 1099 
32 I 220588774 1504 
33 I 220588891 710 
34 I 220588902 1504 
35 I 246108321 220 
36 I 246356551 220 
37 I 246619508 220 
38 I 246925991 204 
39 I 246960178 204 
40 I 277993465 220 
41 I 278226385 220 
42 I 278467691 220 
43 I 278738697 204 
44 I 278746387 204 
