0 I 0 926 
1 I 2803231 926 
2 I 45362712 1504 
3 I 45362810 1312 
4 I 45733395 926 
5 I 46189023 1504 
6 I 46189142 1504 
7 I 46189266 1504 
8 I 46414817 939 
9 I 46802586 635 
10 I 46821308 1492 
11 I 47090208 707 
12 I 47090221 1504 
13 I 47103062 494 
14 I 47118079 1243 
15 I 47543897 1504 
16 I 47544021 1504 
17 I 47544138 1504 
18 I 47544261 1504 
19 I 47544384 1504 
20 I 47544504 1504 
21 I 47773717 1504 
22 I 47773833 1504 
23 I 47773956 1504 
24 I 47789888 1504 
25 I 47790010 1504 
26 I 47914353 1395 
27 I 57161675 592 
28 I 57168049 1437 
29 I 57175975 1504 
30 I 57176096 1504 
31 I 57176222 1504 
32 I 57176343 1504 
33 I 57401547 1504 
34 I 57401668 1504 
35 I 57401806 1504 
36 I 57411142 1504 
37 I 57411262 1504 
38 I 57411390 1504 
39 I 57632005 1504 
40 I 57632129 1504 
41 I 57637845 1504 
42 I 57637971 1504 
43 I 57646362 1504 
44 I 57646491 1504 
45 I 57858771 1504 
46 I 57858894 1504 
47 I 57866461 1504 
48 I 57866585 1504 
49 I 57871976 257 
50 I 57871995 1504 
51 I 70249042 1504 
52 I 70249106 1312 
53 I 70536182 926 
54 I 70543947 1504 
55 I 70544079 1504 
56 I 70544194 939 
57 I 70544197 1504 
58 I 70687748 1130 
59 I 74982974 1504 
60 I 74983096 1504 
61 I 74983218 1504 
62 I 74983356 1504 
63 I 74983479 1504 
64 I 74983591 1504 
65 I 75215389 1504 
66 I 75215501 1504 
67 I 75221209 1504 
68 I 75221329 1504 
69 I 75227290 1504 
70 I 75227419 1504 
71 I 75446511 1504 
72 I 75446633 1504 
73 I 75458902 1504 
74 I 75459025 1504 
75 I 75472685 1504 
76 I 75472809 1504 
77 I 75676327 1504 
78 I 75676449 1504 
79 I 75689199 257 
80 I 75689229 1504 
81 I 99690432 1504 
82 I 99690511 1312 
83 I 99954801 926 
84 I 99961824 1504 
85 I 99961937 1504 
86 I 99962065 1504 
87 I 99962135 939 
88 I 100113039 1130 
89 I 100122460 1504 
90 I 100122581 1504 
91 I 100122706 1504 
92 I 100122822 1504 
93 I 100359963 1504 
94 I 100360086 1504 
95 I 100364792 1504 
96 I 100364926 1504 
97 I 100485740 1130 
98 I 100618371 1504 
99 I 100618481 1504 
100 I 100618588 1504 
101 I 100621151 1504 
102 I 100621274 1504 
103 I 100840092 1504 
104 I 100840231 1504 
105 I 100851264 1504 
106 I 100851395 1504 
107 I 101052443 1504 
108 I 101060155 1504 
109 I 101060272 1504 
110 I 101068039 257 
111 I 101068068 1504 
112 I 109454719 1504 
113 I 109454799 1312 
114 I 109734702 926 
115 I 109741986 1504 
116 I 109742109 1504 
117 I 109984619 1504 
118 I 109984633 939 
119 I 143092246 1504 
120 I 143092351 1312 
121 I 143392821 926 
122 I 143398056 1504 
123 I 143398182 1504 
124 I 143398303 1504 
125 I 143398329 939 
126 I 143544139 1504 
127 I 143544235 1504 
128 I 143544359 1504 
129 I 143544478 1504 
130 I 143792099 1504 
131 I 143792219 1504 
132 I 143797374 1504 
133 I 143797496 1504 
134 I 144020388 1504 
135 I 144020509 1504 
136 I 144048124 1504 
137 I 144048258 1504 
138 I 144273512 1504 
139 I 144273635 1504 
140 I 144273760 1504 
141 I 144356675 695 
142 I 144356677 1504 
143 I 147302814 1504 
144 I 147302823 633 
145 I 147607583 1504 
146 I 147607697 1504 
147 I 147607819 1504 
148 I 147607942 1504 
149 I 147608070 1504 
150 I 147847359 1504 
151 I 147847487 1504 
152 I 147847609 1504 
153 I 147854636 1504 
154 I 147854764 1504 
155 I 147899118 592 
156 I 147909353 1308 
157 I 147916533 541 
158 I 148067139 244 
159 I 148067170 1504 
160 I 183397872 220 
161 I 183699368 245 
162 I 183705419 265 
163 I 183992756 592 
164 I 183998513 245 
165 I 184005666 245 
166 I 184012505 245 
167 I 184677865 245 
168 I 184677877 245 
169 I 187395442 1504 
170 I 187395557 1504 
171 I 187395684 1504 
172 I 187405951 1504 
173 I 187405956 469 
174 I 187619503 1504 
175 I 187619628 1504 
176 I 187619742 1454 
177 I 223556309 1504 
178 I 223556367 1312 
179 I 223840684 926 
180 I 223846849 1504 
181 I 223846972 1504 
182 I 223895791 1504 
183 I 223895914 1504 
184 I 224080955 939 
185 I 224080959 1504 
186 I 224110647 495 
187 I 224122335 1308 
188 I 224134781 1504 
189 I 224134903 1504 
190 I 224135029 1504 
191 I 224390569 1504 
192 I 224390690 1504 
193 I 224390815 1504 
194 I 224398450 494 
195 I 224405133 1243 
196 I 224475360 1504 
197 I 224693207 1504 
198 I 224693332 1504 
199 I 224705347 1504 
200 I 224705467 1504 
201 I 224921347 1504 
202 I 224921371 1138 
203 I 230049291 245 
204 I 230061787 1044 
205 I 230071336 1504 
206 I 230071454 1504 
207 I 230071580 1504 
208 I 230071697 1504 
209 I 230071821 1504 
210 I 230071942 1504 
211 I 230332221 397 
212 I 237341751 553 
213 I 237347030 115 
214 I 237347052 1504 
215 I 237397576 1504 
216 I 237397696 1504 
217 I 237397818 1504 
218 I 237660259 1504 
219 I 237660379 1504 
220 I 237660502 1504 
221 I 237844498 1504 
222 I 237940354 1504 
223 I 237940481 1504 
224 I 238135079 1504 
225 I 238135203 1504 
226 I 238224769 1504 
227 I 238224891 1504 
228 I 238363211 1005 
229 I 263352056 1504 
230 I 263352173 1504 
231 I 263352301 1504 
232 I 263352421 1504 
233 I 263352544 1504 
234 I 263356466 1284 
235 I 263580237 1157 
236 I 263588492 1047 
237 I 263596979 1504 
238 I 263597101 1504 
239 I 263597225 1504 
240 I 263604581 1504 
241 I 263604699 1504 
242 I 263652877 1365 
243 I 263827783 1504 
244 I 263838651 1504 
245 I 263838778 1504 
246 I 263851250 1504 
247 I 263851372 1504 
248 I 264078151 1504 
249 I 264091863 1082 
