0 I 0 554 
1 I 93620 487 
2 I 222773 1504 
3 I 222825 1231 
4 I 2810568 785 
5 I 2909214 988 
6 I 3023084 508 
7 I 3079710 406 
8 I 3083543 352 
9 I 3129246 406 
10 I 3134228 406 
11 I 3213267 1504 
12 I 3213407 1504 
13 I 3213418 631 
14 I 3214346 383 
15 I 3305982 487 
16 I 3307540 1099 
17 I 26928182 133 
18 I 27387576 702 
19 I 27461558 1504 
20 I 27461672 1504 
21 I 27461788 1504 
22 I 27461793 951 
23 I 27569817 183 
24 I 27593125 183 
25 I 27629489 183 
26 I 27687126 183 
27 I 27693285 183 
28 I 27742770 183 
29 I 27765711 183 
30 I 27788446 183 
31 I 27846293 183 
32 I 27901251 183 
33 I 28053064 374 
34 I 28068607 754 
35 I 28068609 1504 
36 I 28107961 183 
37 I 28149535 183 
38 I 28156627 183 
39 I 28208909 183 
40 I 28216183 183 
41 I 28266148 183 
42 I 28273512 183 
43 I 28320821 183 
44 I 28333258 1155 
45 I 28449732 1504 
46 I 28449816 1345 
47 I 28664009 857 
48 I 28669859 1504 
49 I 28669981 1502 
50 I 28745336 1504 
51 I 28745419 83 
52 I 28745455 1504 
53 I 28760770 1504 
54 I 28760890 1504 
55 I 28761022 1504 
56 I 28761027 785 
57 I 28849090 716 
58 I 28891032 744 
59 I 28947856 235 
60 I 28976538 1504 
61 I 28976630 179 
62 I 28976666 1504 
63 I 29024937 1504 
64 I 29025059 1504 
65 I 29025064 744 
66 I 29099453 1430 
67 I 29167575 592 
68 I 29196841 1504 
69 I 29196925 1345 
70 I 29245070 525 
71 I 29401154 1504 
72 I 29401276 1504 
73 I 29401402 1504 
74 I 29401504 1504 
75 I 29401627 1504 
76 I 29401748 1504 
77 I 29401835 1330 
78 I 29405135 311 
79 I 29538014 868 
80 I 29625998 950 
81 I 29654643 56 
82 I 29654677 1504 
83 I 29779174 951 
84 I 29806371 460 
85 I 29851557 460 
86 I 29905216 480 
87 I 29913676 487 
88 I 29977506 729 
89 I 30033982 487 
90 I 30057302 438 
91 I 30121769 1235 
92 I 30134708 678 
93 I 30134710 1504 
94 I 30234951 402 
95 I 30249973 714 
96 I 30282681 183 
97 I 30339213 478 
98 I 30361126 1504 
99 I 30361244 1504 
100 I 30361375 1504 
101 I 30361493 1504 
102 I 30361613 1504 
103 I 30361745 1504 
104 I 30361851 1504 
105 I 30361992 1504 
106 I 30362115 602 
107 I 30362125 1504 
108 I 30396446 1504 
109 I 30396528 109 
110 I 30396562 1504 
111 I 30565862 592 
112 I 30572912 358 
113 I 30628596 358 
114 I 30642641 650 
115 I 30845834 650 
116 I 32779876 706 
117 I 32784525 520 
118 I 32854813 1504 
119 I 32854859 131 
120 I 32854894 1504 
121 I 32860328 1123 
122 I 65223367 525 
123 I 65229465 1504 
124 I 65229553 130 
125 I 65229589 1504 
126 I 65342713 950 
127 I 65349566 185 
128 I 65650988 184 
129 I 65653573 729 
130 I 65715300 550 
131 I 65715319 1504 
132 I 65727761 185 
133 I 65855302 183 
134 I 65857973 402 
135 I 65943709 1504 
136 I 65943835 1504 
137 I 65943948 1504 
138 I 65944106 1504 
139 I 65944215 1504 
140 I 65944359 1504 
141 I 65944460 1504 
142 I 65944617 1504 
143 I 65944718 602 
144 I 65944734 1504 
145 I 65945024 857 
146 I 66077528 185 
147 I 68104311 184 
148 I 68110349 185 
149 I 68194808 184 
150 I 68203162 185 
151 I 68603497 184 
152 I 68603509 185 
