0 I 0 580 
1 I 51 580 
2 I 44085 580 
3 I 44128 580 
4 I 44176 580 
5 I 92061 580 
6 I 92108 580 
7 I 92158 580 
8 I 134096 580 
9 I 134143 580 
10 I 134193 580 
11 I 146131 580 
12 I 146179 580 
13 I 176100 580 
14 I 176149 580 
15 I 176198 580 
16 I 188122 580 
17 I 188223 580 
18 I 188273 580 
19 I 200035 580 
20 I 200085 580 
21 I 200134 580 
22 I 236119 580 
23 I 248048 580 
24 I 248096 580 
25 I 260040 580 
26 I 260093 580 
27 I 260142 580 
28 I 272108 580 
29 I 272158 580 
30 I 272211 580 
31 I 284055 580 
32 I 284108 580 
33 I 284155 580 
34 I 297722 580 
35 I 297887 580 
36 I 635133 580 
37 I 635185 580 
38 I 635230 580 
39 I 638969 580 
40 I 639019 580 
41 I 639078 580 
42 I 642971 580 
43 I 643039 580 
44 I 643080 580 
45 I 646990 580 
46 I 647039 580 
47 I 651579 580 
48 I 651639 580 
49 I 651688 580 
50 I 655190 580 
51 I 655238 580 
52 I 655288 580 
53 I 658990 580 
54 I 659036 580 
55 I 659086 580 
56 I 662947 580 
57 I 662999 580 
58 I 709096 580 
59 I 709142 580 
60 I 709193 580 
61 I 712044 580 
62 I 712094 580 
63 I 712144 580 
64 I 715435 580 
65 I 715493 580 
66 I 715533 580 
67 I 717963 580 
68 I 718030 580 
69 I 720973 580 
70 I 721023 580 
71 I 721072 580 
72 I 723968 580 
73 I 723970 193 
74 I 762436 580 
75 I 762484 580 
76 I 797471 580 
77 I 797521 580 
78 I 797570 580 
79 I 831971 580 
80 I 832021 580 
81 I 834935 188 
82 I 91828315 580 
83 I 91828363 580 
84 I 91897054 580 
85 I 91897105 580 
86 I 91897154 580 
87 I 91939070 580 
88 I 91939123 580 
89 I 91939169 580 
90 I 91987113 580 
91 I 91987160 580 
92 I 91987209 580 
93 I 91999067 580 
94 I 91999157 580 
95 I 92029245 580 
96 I 92029294 580 
97 I 92029344 580 
98 I 92041037 580 
99 I 92041085 580 
100 I 92041136 580 
101 I 92053032 580 
102 I 92053084 580 
103 I 92053132 580 
104 I 92071067 580 
105 I 92071115 580 
106 I 92083094 580 
107 I 92095064 580 
108 I 92095162 580 
109 I 92107097 580 
110 I 92107195 580 
111 I 92107315 580 
112 I 92119118 580 
113 I 92119167 580 
114 I 92119215 580 
115 I 92131071 580 
116 I 92131117 580 
117 I 92143092 580 
118 I 92143152 580 
119 I 92143201 580 
120 I 92155041 580 
121 I 92155091 580 
122 I 92155140 580 
123 I 92179115 580 
124 I 92179178 580 
125 I 92179223 580 
126 I 92191067 580 
127 I 92191119 580 
128 I 92191169 580 
129 I 92203086 580 
130 I 92203319 580 
131 I 92203373 580 
132 I 92215369 580 
133 I 92227062 580 
134 I 92227112 580 
135 I 92239093 580 
136 I 92239142 580 
137 I 92239191 580 
138 I 92251086 580 
139 I 92251135 580 
140 I 92251188 580 
141 I 92263092 580 
142 I 92263139 580 
143 I 92263190 580 
144 I 92275127 580 
145 I 92275176 580 
146 I 92287512 580 
147 I 92287612 580 
148 I 92287661 580 
149 I 92299049 580 
150 I 92311191 580 
151 I 92311240 580 
152 I 92323076 580 
153 I 92323125 580 
154 I 92323174 580 
155 I 92335430 580 
156 I 92335483 580 
157 I 92347075 580 
158 I 92347120 580 
159 I 92575284 580 
160 I 92575331 580 
161 I 92575350 310 
162 I 92844225 580 
163 I 92844278 580 
164 I 92880846 580 
165 I 92880892 580 
166 I 92880946 580 
167 I 92915457 580 
168 I 92915513 188 
169 I 92915514 580 
