0 I 0 494 
1 I 2824434 1504 
2 I 2824560 1504 
3 I 2824680 1504 
4 I 2824806 1504 
5 I 2824811 1083 
6 I 3188397 1504 
7 I 3660342 1504 
8 I 3981064 1504 
9 I 3981069 1083 
10 I 4940385 1504 
11 I 59364593 541 
12 I 60376316 1504 
13 I 60376441 1504 
14 I 60376562 1504 
15 I 60673408 1504 
16 I 60674246 1504 
17 I 60913063 1504 
18 I 61227557 1504 
19 I 61227679 1504 
20 I 62303123 1504 
21 I 64463219 1504 
22 I 64729603 1504 
23 I 64729727 1504 
24 I 64994072 1504 
25 I 64994198 1504 
26 I 65007769 1504 
27 I 65264629 1504 
28 I 65279256 1504 
29 I 65305020 235 
30 I 65305054 1504 
31 I 98397607 245 
32 I 116295513 1504 
33 I 116295628 1504 
34 I 116295750 1504 
35 I 116295876 1504 
36 I 116552851 1504 
37 I 116552976 1504 
38 I 116765715 1504 
39 I 117122279 1504 
40 I 117122403 1504 
41 I 117461677 1504 
42 I 117461799 1504 
43 I 118705816 1504 
44 I 118968546 1504 
45 I 118968667 1504 
46 I 118968790 1504 
47 I 119234099 1504 
48 I 119234219 1504 
49 I 119235587 1504 
50 I 119298565 1504 
51 I 119531587 1504 
52 I 119545781 1504 
53 I 119565753 1504 
54 I 119565878 1504 
55 I 119595553 1504 
56 I 119869199 1504 
57 I 120385884 1504 
58 I 120735367 1504 
59 I 120735490 1504 
60 I 121062003 1504 
61 I 121062124 1504 
62 I 121062249 1504 
63 I 122095969 1504 
64 I 122347241 1504 
65 I 122347369 1504 
