0 I 0 205 
1 I 2240 1504 
2 I 2665 1504 
3 I 3051 1504 
4 I 23216 1504 
5 I 23340 1504 
6 I 25561 944 
7 I 25840 1504 
8 I 26088 1504 
9 I 27038 1504 
10 I 27159 1504 
11 I 46533 1504 
12 I 46584 944 
13 I 46725 1504 
14 I 49049 1504 
15 I 49061 622 
16 I 49231 1504 
17 I 50172 1504 
18 I 50301 1504 
19 I 50421 1504 
20 I 69641 1504 
21 I 69694 944 
22 I 69841 1504 
23 I 69967 1504 
24 I 72084 1504 
25 I 72112 530 
26 I 264946 918 
27 I 1345441 205 
28 I 1346040 1504 
29 I 1346169 1504 
30 I 1346296 1504 
31 I 1368409 1504 
32 I 1368534 1504 
33 I 1369108 944 
34 I 1369386 1504 
35 I 1369634 1504 
36 I 1369879 1504 
37 I 1370051 1504 
38 I 1391626 1504 
39 I 1391678 944 
40 I 1391828 1504 
41 I 1392522 1504 
42 I 1392532 622 
43 I 1392697 1504 
44 I 1392973 1504 
45 I 1393099 1504 
46 I 1393221 1504 
47 I 1414801 1504 
48 I 1414856 944 
49 I 1415006 1504 
50 I 1415123 1504 
51 I 1415539 1504 
52 I 1415576 789 
53 I 1690107 186 
54 I 1690324 507 
55 I 156966063 205 
56 I 156966668 1504 
57 I 156967004 1504 
58 I 156967009 1504 
59 I 156989112 1504 
60 I 156989230 1504 
61 I 156989915 944 
62 I 156990197 1504 
63 I 156990321 1504 
64 I 156990445 1504 
65 I 156990568 1504 
66 I 157012330 1504 
67 I 157012382 944 
68 I 157012530 1504 
69 I 157013595 1504 
70 I 157013610 622 
71 I 157013775 1504 
72 I 157013897 1504 
73 I 157014021 1504 
74 I 157014143 1504 
75 I 157014269 1504 
76 I 157035468 944 
77 I 157035739 1504 
78 I 157035872 1504 
79 I 157035990 1504 
80 I 157036029 789 
81 I 157250030 186 
82 I 157250245 507 
83 I 160375484 186 
84 I 160375704 496 
85 I 160915812 186 
86 I 160915991 491 
87 I 162568381 186 
88 I 162568587 496 
