0 I 0 439 
1 I 323594 580 
2 I 323701 580 
3 I 323703 126 
4 I 384778 580 
5 I 384789 580 
6 I 384921 580 
7 I 1263679 580 
8 I 1263686 580 
9 I 1440270 580 
10 I 1440275 580 
11 I 1440382 580 
12 I 1872309 580 
13 I 1872323 580 
14 I 2032102 580 
15 I 2032172 580 
16 I 2032174 580 
17 I 2322225 580 
18 I 2322347 580 
19 I 2322351 580 
20 I 2865874 580 
21 I 2865934 547 
22 I 6612842 580 
23 I 6612844 255 
24 I 6660574 168 
25 I 6660582 580 
26 I 6740712 580 
27 I 6740772 174 
28 I 6740780 580 
29 I 12713733 580 
30 I 12713802 580 
31 I 12713842 580 
32 I 12809196 580 
33 I 12809203 580 
34 I 12809253 580 
35 I 12888878 359 
36 I 14617646 580 
37 I 14617688 580 
38 I 14617710 580 
39 I 14873365 580 
40 I 14873399 140 
41 I 14873410 580 
42 I 15081878 398 
43 I 16731649 304 
44 I 18590113 340 
45 I 19439627 361 
46 I 19581790 336 
47 I 27404779 398 
48 I 90446658 215 
49 I 91409589 215 
50 I 91502586 215 
