0 I 0 325 
1 I 9430447 102 
2 I 9430450 580 
3 I 9954466 311 
4 I 10662408 580 
5 I 10662449 580 
6 I 10662463 580 
7 I 11148918 580 
8 I 11148975 580 
9 I 11149041 580 
10 I 11347285 580 
11 I 11347351 580 
12 I 11594049 580 
13 I 11594062 580 
14 I 11594151 580 
15 I 11740036 580 
16 I 11740148 560 
17 I 12271700 580 
18 I 12271762 580 
19 I 12271776 580 
20 I 12271872 282 
21 I 12271880 580 
22 I 12297292 580 
23 I 12297302 580 
24 I 12297374 580 
25 I 12297401 580 
26 I 12297497 580 
27 I 12297503 580 
28 I 12297606 580 
29 I 12297612 580 
30 I 12297665 580 
31 I 12297725 580 
32 I 12297788 580 
33 I 13173195 580 
34 I 13173201 203 
35 I 13173209 580 
36 I 13334143 580 
37 I 13334209 580 
38 I 13334266 580 
39 I 13554003 580 
40 I 13554010 580 
41 I 13695941 580 
42 I 13695947 580 
43 I 13695951 580 
44 I 13916126 580 
45 I 13916251 515 
46 I 100017499 580 
47 I 100017598 580 
48 I 100017722 580 
49 I 100523446 580 
50 I 100523449 580 
51 I 100523456 580 
52 I 100774810 580 
53 I 100774814 580 
54 I 100957914 324 
55 I 101373933 580 
56 I 101374052 580 
57 I 101374058 580 
58 I 101374062 580 
59 I 101374175 580 
60 I 101374180 580 
61 I 101374302 580 
62 I 101374306 580 
63 I 101834057 580 
64 I 101834066 580 
65 I 101834182 580 
66 I 101927841 580 
67 I 101927846 580 
68 I 101927964 580 
69 I 102037519 580 
70 I 102037615 580 
71 I 102037762 580 
72 I 102126620 58 
73 I 102126634 580 
74 I 102779732 580 
75 I 102779742 580 
76 I 102779744 580 
77 I 102779836 580 
78 I 102779842 580 
79 I 102779959 359 
80 I 102779967 580 
81 I 103533888 580 
82 I 103533894 580 
83 I 103534018 580 
84 I 103534022 580 
85 I 103534138 580 
86 I 103534141 580 
87 I 103534142 580 
88 I 103534243 267 
89 I 103921566 580 
90 I 103921616 580 
91 I 103921829 580 
92 I 104355334 580 
93 I 104355377 580 
94 I 104355435 580 
95 I 104523102 414 
96 I 105132478 580 
97 I 105132483 580 
98 I 105132514 580 
99 I 105132521 580 
100 I 105132556 580 
101 I 105132640 580 
102 I 105132657 580 
103 I 105132762 580 
104 I 105132764 500 
105 I 105321788 580 
106 I 105321817 580 
107 I 105321833 580 
108 I 105364307 554 
109 I 105418582 316 
110 I 105426251 546 
111 I 106237350 282 
112 I 106237357 580 
113 I 106491046 503 
114 I 106534284 532 
115 I 106627028 298 
116 I 107879662 418 
117 I 107931850 479 
118 I 108008557 475 
119 I 108036737 492 
120 I 108744970 303 
121 I 108812642 485 
122 I 108865742 580 
123 I 108865858 580 
124 I 108865863 580 
125 I 108865870 580 
126 I 108865974 295 
127 I 108865984 580 
128 I 120557742 580 
129 I 120557852 267 
130 I 120645787 437 
131 I 120676403 455 
132 I 120700403 528 
133 I 121080038 434 
134 I 121153653 437 
135 I 121231891 345 
136 I 121279263 342 
137 I 121499297 378 
138 I 121845673 109 
139 I 121845689 580 
140 I 121904031 437 
141 I 121911766 555 
142 I 121946663 547 
143 I 122297285 402 
144 I 122369820 409 
145 I 122427849 414 
146 I 122496515 415 
