0 I 0 580 
1 I 49 580 
2 I 170179 580 
3 I 170230 580 
4 I 170278 580 
5 I 370377 580 
6 I 370432 580 
7 I 370476 580 
8 I 370477 193 
9 I 31931204 580 
10 I 31931303 580 
11 I 31969296 580 
12 I 31969352 580 
13 I 31969393 580 
14 I 32169347 580 
15 I 32169402 580 
16 I 32169448 193 
17 I 32169449 580 
18 I 82374811 580 
19 I 82374855 580 
20 I 82568292 580 
21 I 82568360 580 
22 I 82568415 580 
23 I 82768757 580 
24 I 82768803 580 
25 I 82768855 580 
26 I 82768857 193 
27 I 170210148 580 
28 I 170210270 580 
29 I 170366111 580 
30 I 170366155 580 
31 I 170366203 580 
32 I 170567229 580 
33 I 170567277 580 
34 I 170567326 580 
35 I 170567373 193 
