0 I 0 337 
1 I 15610 328 
2 I 685824 413 
3 I 723837 421 
4 I 2742583 413 
5 I 4149166 421 
6 I 5999140 298 
7 I 10769671 396 
8 I 12579320 396 
9 I 17723452 360 
10 I 17744779 374 
11 I 17771802 401 
12 I 18464930 424 
13 I 19159470 439 
14 I 19788671 328 
15 I 20385214 327 
16 I 21203604 345 
17 I 21829570 327 
18 I 21926909 328 
19 I 22397132 344 
20 I 22975748 342 
21 I 23553976 343 
22 I 24579481 360 
23 I 24862384 337 
24 I 24869546 343 
25 I 25155553 344 
26 I 25255664 398 
27 I 27371382 335 
28 I 27889759 398 
29 I 33169850 398 
30 I 34086196 1251 
31 I 34108056 520 
32 I 34118933 515 
33 I 34608117 544 
34 I 34617791 562 
35 I 35106121 545 
36 I 35930986 527 
37 I 38138777 656 
38 I 38627532 535 
39 I 39091985 528 
40 I 41110017 515 
41 I 41652451 535 
42 I 42780223 528 
43 I 46112816 528 
44 I 46123632 534 
45 I 46624935 547 
46 I 46635790 522 
47 I 47220181 565 
48 I 47836487 536 
49 I 48310247 545 
50 I 48472083 531 
51 I 49065169 506 
52 I 49654685 547 
53 I 50310226 565 
54 I 50394509 556 
55 I 51180523 545 
56 I 51195007 442 
57 I 55029883 541 
58 I 55650338 535 
59 I 55661686 533 
60 I 57360359 545 
61 I 57540452 533 
62 I 57803809 452 
63 I 74730697 545 
64 I 83650891 535 
