0 I 0 514 
1 I 1996330 1504 
2 I 1996413 55 
3 I 1996449 1504 
4 I 4995547 1504 
5 I 9558493 413 
6 I 10995830 1504 
7 I 22996377 1504 
8 I 23480132 55 
9 I 23480172 1504 
10 I 49498631 638 
11 I 55212859 311 
12 I 58223451 1504 
13 I 58223586 1504 
14 I 58223709 1504 
15 I 58584291 1504 
16 I 58584343 1152 
17 I 60498092 1504 
18 I 64338259 1504 
19 I 69046363 1504 
20 I 69046449 55 
21 I 69046486 1504 
22 I 71428539 1504 
23 I 72018590 1504 
24 I 116828870 220 
25 I 121036157 220 
26 I 124030780 220 
27 I 124266648 1504 
28 I 124266770 1504 
29 I 124643676 380 
30 I 125227195 477 
31 I 126163869 220 
32 I 127140960 477 
33 I 128242506 204 
34 I 131133705 1504 
35 I 131133833 1491 
36 I 131240941 204 
37 I 131256514 204 
38 I 134131442 1504 
39 I 144798072 1504 
40 I 144798207 1504 
41 I 144798318 1504 
42 I 145947933 425 
43 I 147602000 1504 
44 I 147947352 1504 
45 I 147947477 1504 
46 I 148281901 232 
47 I 151688877 1504 
48 I 151689001 1504 
49 I 151689120 1504 
50 I 152026354 1504 
51 I 152026479 1504 
52 I 152358846 946 
53 I 152358853 1504 
54 I 152706175 1504 
55 I 154962379 1504 
56 I 155826802 85 
57 I 155826836 1504 
58 I 158082473 1504 
59 I 160318552 1504 
60 I 160318672 773 
61 I 160318684 1504 
62 I 160320283 1504 
63 I 160320405 1504 
64 I 160320419 1102 
