0 I 0 580 
1 I 6 573 
2 I 57027357 580 
3 I 57027362 580 
4 I 57027479 580 
5 I 57295514 580 
6 I 57295599 580 
7 I 57295633 580 
8 I 57378605 580 
9 I 57378611 580 
10 I 57378669 580 
11 I 57780246 580 
12 I 57780369 580 
13 I 57934220 580 
14 I 57934250 580 
15 I 57934343 580 
16 I 58282352 580 
17 I 58282470 384 
18 I 58282475 580 
19 I 58586754 580 
20 I 58586873 580 
21 I 58881825 580 
22 I 58881915 580 
23 I 59068736 392 
24 I 59259112 580 
25 I 59259129 580 
26 I 59259248 580 
27 I 59585600 580 
28 I 59585614 580 
29 I 59804090 350 
30 I 83395715 220 
31 I 84017582 220 
32 I 84685243 220 
