0 I 0 1424 
1 I 110 1424 
2 I 221344 1424 
3 I 221464 1424 
4 I 420418 1424 
5 I 420536 1424 
6 I 528367 1424 
7 I 528485 1424 
8 I 528604 1424 
9 I 638236 1424 
10 I 641415 811 
11 I 682441 182 
12 I 1274324 184 
13 I 3162832 1424 
14 I 3843234 185 
15 I 4147356 184 
16 I 4475015 184 
17 I 7428263 184 
18 I 100804094 1424 
19 I 100804210 1424 
20 I 101017039 1424 
21 I 101017156 1424 
22 I 101453516 1424 
23 I 103681805 1424 
24 I 105261758 1424 
25 I 105261875 1424 
26 I 105615992 1424 
27 I 105616108 1424 
28 I 105815214 1424 
29 I 105815331 1424 
30 I 105901149 1424 
31 I 105901264 1424 
32 I 105901383 1424 
33 I 106019661 678 
34 I 106089615 1424 
35 I 106089731 1424 
36 I 109041178 1424 
37 I 109150618 1424 
38 I 109519954 1424 
39 I 109520071 1424 
40 I 109831621 1424 
41 I 110264629 1424 
42 I 110698737 1424 
43 I 110698857 1424 
44 I 110912981 1424 
45 I 111018969 1424 
46 I 111019030 980 
47 I 113197494 1424 
48 I 113518679 980 
49 I 114292085 1424 
50 I 133657730 1424 
51 I 133657845 1424 
52 I 133913998 1424 
53 I 135838923 1424 
54 I 136341532 1424 
55 I 136341758 1424 
56 I 136499597 1424 
57 I 136702397 1424 
58 I 136828017 1424 
59 I 136828134 1424 
60 I 136937824 1424 
61 I 137071470 1424 
62 I 137071591 1424 
63 I 137403684 1424 
64 I 138792108 1424 
65 I 139004284 1424 
66 I 139004290 549 
67 I 139776499 1424 
