0 I 0 1504 
1 I 80197 1504 
2 I 400521 1504 
3 I 600606 1504 
4 I 800962 1504 
5 I 1234220 1504 
6 I 1804760 1504 
7 I 2234577 1504 
8 I 2234697 1504 
9 I 2234822 1504 
10 I 2683584 1504 
11 I 2683712 1504 
12 I 2683832 1504 
13 I 2683958 1504 
14 I 3003946 1504 
15 I 3084262 1504 
16 I 3404055 1504 
17 I 3604769 1504 
18 I 3634379 1504 
19 I 4005056 1504 
20 I 4205674 1504 
21 I 4386112 1504 
22 I 4386235 1504 
23 I 4706251 1504 
24 I 4906129 1504 
25 I 5388506 1504 
26 I 5938194 1504 
27 I 5938313 1504 
28 I 5938440 1504 
29 I 6508339 1504 
30 I 6508462 1504 
31 I 6588728 1504 
32 I 6908814 1504 
33 I 7110527 1504 
34 I 7139984 1504 
35 I 7140100 1504 
36 I 7509647 1504 
37 I 7710968 1504 
38 I 7910077 1504 
39 I 7917648 1504 
40 I 8290992 1504 
41 I 8291125 1504 
42 I 8491128 1504 
43 I 8491250 1504 
44 I 8811859 1504 
45 I 9011658 1504 
46 I 9212026 1504 
47 I 9292479 1504 
48 I 9612259 1504 
49 I 9812538 1504 
50 I 9842680 1504 
51 I 10213214 1504 
52 I 10413427 1504 
53 I 10593845 1504 
54 I 10593955 1504 
55 I 10914092 1504 
56 I 11396421 1504 
57 I 11946582 1504 
58 I 11946697 1504 
59 I 11946821 1504 
60 I 12516699 1504 
61 I 12516824 1504 
62 I 12718509 1504 
63 I 12718632 1504 
64 I 12796784 1504 
65 I 13117267 1504 
66 I 13317279 1504 
67 I 13517876 1504 
68 I 13547455 1504 
69 I 13918056 1504 
70 I 13918178 1504 
71 I 14118302 1504 
72 I 14126785 1504 
73 I 14418738 1504 
74 I 14622350 1504 
75 I 14819463 1504 
76 I 14899342 1504 
77 I 15219706 1504 
78 I 15421282 1504 
79 I 15449840 1504 
80 I 15820543 1504 
81 I 16020915 1504 
82 I 16453168 1504 
83 I 16902722 1504 
84 I 16902854 1504 
85 I 16902971 1504 
86 I 16903093 1504 
87 I 16903216 1504 
88 I 16903339 1504 
89 I 19040846 1504 
90 I 19626328 1504 
91 I 19626450 1504 
92 I 20226487 1504 
93 I 20226605 1504 
94 I 21027535 1504 
95 I 21027658 1504 
96 I 21027781 1504 
97 I 21627837 1504 
98 I 21627958 1504 
99 I 23671055 1504 
100 I 24233714 1504 
101 I 24233832 1504 
102 I 24662841 1504 
103 I 24662963 1504 
104 I 24663085 1504 
105 I 25232647 1504 
106 I 25433184 1504 
107 I 25513048 1504 
108 I 25833525 1504 
109 I 25833649 1504 
110 I 26033499 1504 
111 I 26233840 1504 
112 I 26265739 1504 
113 I 26634486 1504 
114 I 27066780 1504 
115 I 27515883 1504 
116 I 27516006 1504 
117 I 27516131 1504 
118 I 27516253 1504 
119 I 27516376 1504 
120 I 28136731 1504 
121 I 28146494 1504 
122 I 28146615 1504 
123 I 28537891 1504 
124 I 28717381 1504 
125 I 28717505 1504 
126 I 29037485 1504 
127 I 29237746 1504 
128 I 29720133 1504 
129 I 30343510 1504 
130 I 30343636 1504 
131 I 30770195 1504 
132 I 30770318 1504 
133 I 32493669 1504 
134 I 32493802 1504 
135 I 32493915 1504 
136 I 32501380 1504 
137 I 32501502 1504 
138 I 33042559 1504 
139 I 34551725 1504 
140 I 35146751 1504 
141 I 35146872 1504 
142 I 35747716 1504 
143 I 35747837 1504 
144 I 36176990 1504 
145 I 36177115 1504 
146 I 36177240 1504 
147 I 36747620 1504 
148 I 36947780 1504 
149 I 36947904 1504 
150 I 37147830 1504 
151 I 37228021 1504 
152 I 39081929 1504 
153 I 39652946 1504 
154 I 39653067 1504 
155 I 40083262 1504 
156 I 40083384 1504 
157 I 40083507 1504 
158 I 40652745 1504 
159 I 40852618 1504 
160 I 40933267 1504 
161 I 41254859 1504 
162 I 41254982 1504 
163 I 41454476 1504 
164 I 41483556 1504 
165 I 43031933 1504 
166 I 43658863 1504 
167 I 43658989 1504 
168 I 44087532 1504 
169 I 44087650 1504 
170 I 44087773 1504 
171 I 44658810 1504 
172 I 44857856 1504 
173 I 44938425 1504 
174 I 45259205 1504 
175 I 45259312 1504 
176 I 45458849 1504 
177 I 45659182 1504 
178 I 45689217 1504 
179 I 46059591 1504 
180 I 46261636 1504 
181 I 46261759 1504 
182 I 46267318 1504 
183 I 46661358 1504 
184 I 46841052 1504 
185 I 46841174 1504 
186 I 47160859 1504 
187 I 47361225 1504 
188 I 47561603 1504 
189 I 47561726 1504 
190 I 47642039 1504 
191 I 47963047 1504 
192 I 48162414 1504 
193 I 48363309 1504 
194 I 48392668 1504 
195 I 48763352 1504 
196 I 48943676 1504 
197 I 48943800 1504 
198 I 49267366 1504 
199 I 49464325 1504 
200 I 49664486 1504 
201 I 49865822 1504 
202 I 50066071 1504 
203 I 50264815 1504 
204 I 50295434 1504 
205 I 50666814 1504 
206 I 51098526 1504 
207 I 51668530 1504 
208 I 51668654 1504 
209 I 52098089 1504 
210 I 52098222 1504 
211 I 52467969 1504 
212 I 52468095 1504 
213 I 52668425 1504 
214 I 52868432 1504 
215 I 53072643 1504 
216 I 53269552 1504 
217 I 53469447 1504 
218 I 53469573 1504 
219 I 53499605 1504 
220 I 53872342 1504 
221 I 54070070 1504 
222 I 54250791 1504 
223 I 54250912 1504 
224 I 54571716 1504 
225 I 54773314 1504 
226 I 54773437 1504 
227 I 54852334 1504 
228 I 55171694 1504 
229 I 55371749 1504 
230 I 55571986 1504 
231 I 55772376 1504 
232 I 55973165 1504 
233 I 56173852 1504 
234 I 56180923 1504 
235 I 56553271 1504 
236 I 56553395 1504 
237 I 56873696 1504 
238 I 56954208 1504 
239 I 57273835 1504 
240 I 57474959 1504 
241 I 57554753 1504 
242 I 57874781 1504 
243 I 58075062 1504 
244 I 58275819 1504 
245 I 58476507 1504 
246 I 58675669 1504 
247 I 58857028 1504 
248 I 58857150 1504 
249 I 59176511 1504 
250 I 59376875 1504 
251 I 59577750 1504 
252 I 59657696 1504 
253 I 59977832 1504 
254 I 60409805 1504 
255 I 60962712 1504 
256 I 60962842 1504 
257 I 60962960 1504 
258 I 61579807 1504 
259 I 61579932 1504 
260 I 61780478 1504 
261 I 61787838 1504 
262 I 62180543 1504 
263 I 62381416 1504 
264 I 62381539 1504 
265 I 62410883 1504 
266 I 62781241 1504 
267 I 62961812 1504 
268 I 62961922 1504 
269 I 63162110 1504 
270 I 63482333 1504 
271 I 63682596 1504 
272 I 63682722 1504 
273 I 63762654 1504 
274 I 64083431 1504 
275 I 64283502 1504 
276 I 64483523 1504 
277 I 64514850 1504 
278 I 64883738 1504 
279 I 65084607 1504 
280 I 65091817 1504 
281 I 65384563 1504 
282 I 65584843 1504 
283 I 65785298 1504 
284 I 65865817 1504 
285 I 66185651 1504 
286 I 66386165 1504 
287 I 66415974 1504 
288 I 66787501 1504 
289 I 66986672 1504 
290 I 67188147 1504 
291 I 67194340 1504 
292 I 67487525 1504 
293 I 67687597 1504 
294 I 67768218 1504 
295 I 68088088 1504 
296 I 68288549 1504 
297 I 68489435 1504 
298 I 68519473 1504 
299 I 68889040 1504 
300 I 69090826 1504 
301 I 69119762 1504 
302 I 69489732 1504 
303 I 69671003 1504 
304 I 69671114 1504 
305 I 69870464 1504 
306 I 70190955 1504 
307 I 70390931 1504 
308 I 70471227 1504 
309 I 70791859 1504 
310 I 70992416 1504 
311 I 71192138 1504 
312 I 71225597 1504 
313 I 71592679 1504 
314 I 71773191 1504 
315 I 71773315 1504 
316 I 72093682 1504 
317 I 72293442 1504 
318 I 72493574 1504 
319 I 72585059 1504 
320 I 72894370 1504 
321 I 73096218 1504 
322 I 73124757 1504 
323 I 73497271 1504 
324 I 73695659 1504 
325 I 73895450 1504 
326 I 73903090 1504 
327 I 74197348 1504 
328 I 74396919 1504 
329 I 74476319 1504 
330 I 74798429 1504 
331 I 74997404 1504 
332 I 75197499 1504 
333 I 75228150 1504 
334 I 75598961 1504 
335 I 75798380 1504 
336 I 75805878 1504 
337 I 76200767 1504 
338 I 76379036 1504 
339 I 76379159 1504 
340 I 76579740 1504 
341 I 76899263 1504 
342 I 77100179 1504 
343 I 77300336 1504 
344 I 77500547 1504 
345 I 77700581 1504 
346 I 77901474 1504 
347 I 77931391 1504 
348 I 78301426 1504 
349 I 78482337 1504 
350 I 78482464 1504 
351 I 78802041 1504 
352 I 79002669 1504 
353 I 79202739 1504 
354 I 79282717 1504 
355 I 79603243 1504 
356 I 79803709 1504 
357 I 80003670 1504 
358 I 80204983 1504 
359 I 80404198 1504 
360 I 80604381 1504 
361 I 80612131 1504 
362 I 80904830 1504 
363 I 81105969 1504 
364 I 81185273 1504 
365 I 81505325 1504 
366 I 81705736 1504 
367 I 81736007 1504 
368 I 82106229 1504 
369 I 82306350 1504 
370 I 82506744 1504 
371 I 82706927 1504 
372 I 82887316 1504 
373 I 82887442 1504 
374 I 83088308 1504 
375 I 83407830 1504 
376 I 83608155 1504 
377 I 84483544 1504 
378 I 85112068 1504 
379 I 85112195 1504 
380 I 85712822 1504 
381 I 85712951 1504 
382 I 85741201 1504 
383 I 86712347 1504 
384 I 86712463 1504 
385 I 86712587 1504 
386 I 86712713 1504 
387 I 90263674 1504 
388 I 90817567 1504 
389 I 90817703 1504 
390 I 91418680 1504 
391 I 92019065 1504 
392 I 92019192 1504 
393 I 92019309 1504 
394 I 92619733 1504 
395 I 94743852 1504 
396 I 95325373 1504 
397 I 95325496 1504 
398 I 95754444 1504 
399 I 95754560 1504 
400 I 95754689 1504 
401 I 96324590 1504 
402 I 96404819 1504 
403 I 96725231 1504 
404 I 96927138 1504 
405 I 96927263 1504 
406 I 96955684 1504 
407 I 97325807 1504 
408 I 97526601 1504 
409 I 97726537 1504 
410 I 97926753 1504 
411 I 97926879 1504 
412 I 98127007 1504 
413 I 98328709 1504 
414 I 98334600 1504 
415 I 98631175 1504 
416 I 98827985 1504 
417 I 99028243 1504 
418 I 99028367 1504 
419 I 99108672 1504 
420 I 99428836 1504 
421 I 99629598 1504 
422 I 99659255 1504 
423 I 100029980 1504 
424 I 100229692 1504 
425 I 100430369 1504 
426 I 100611108 1504 
427 I 100611230 1504 
428 I 100930793 1504 
429 I 101011107 1504 
430 I 101331328 1504 
431 I 101531717 1504 
432 I 101731762 1504 
433 I 101762414 1504 
434 I 102132409 1504 
435 I 102332436 1504 
436 I 102533462 1504 
437 I 102732944 1504 
438 I 102914001 1504 
439 I 102914136 1504 
440 I 103234248 1504 
441 I 103433971 1504 
442 I 103634763 1504 
443 I 103834228 1504 
444 I 104034737 1504 
445 I 104235466 1504 
446 I 104436200 1504 
447 I 104465260 1504 
448 I 104835761 1504 
449 I 105015991 1504 
450 I 105016115 1504 
451 I 105337324 1504 
452 I 105536751 1504 
453 I 105736797 1504 
454 I 106169177 1504 
455 I 106768615 1504 
456 I 106768739 1504 
457 I 106768871 1504 
458 I 107339047 1504 
459 I 107339170 1504 
460 I 107419366 1504 
461 I 107419490 1504 
462 I 107739952 1504 
463 I 107939766 1504 
464 I 107969884 1504 
465 I 108341173 1504 
466 I 108540625 1504 
467 I 108740679 1504 
468 I 108740803 1504 
469 I 108941479 1504 
470 I 109121746 1504 
471 I 109121864 1504 
472 I 109322820 1504 
473 I 109642691 1504 
474 I 109842069 1504 
475 I 110042678 1504 
476 I 110072723 1504 
477 I 110442940 1504 
478 I 110644427 1504 
479 I 110673589 1504 
480 I 111043925 1504 
481 I 111224452 1504 
482 I 111224576 1504 
483 I 111544577 1504 
484 I 111744470 1504 
485 I 111944813 1504 
486 I 112027828 1504 
487 I 112345313 1504 
488 I 112545707 1504 
489 I 112575918 1504 
490 I 112946085 1504 
491 I 113146613 1504 
492 I 113346896 1504 
493 I 113354364 1504 
494 I 113647880 1504 
495 I 113847901 1504 
496 I 113928181 1504 
497 I 114247816 1504 
498 I 114680444 1504 
499 I 115279474 1504 
500 I 115279594 1504 
501 I 115279716 1504 
502 I 115850862 1504 
503 I 115850981 1504 
504 I 116050420 1504 
505 I 116250531 1504 
506 I 116250655 1504 
507 I 116280385 1504 
508 I 116651057 1504 
509 I 116851666 1504 
510 I 116881933 1504 
511 I 117253087 1504 
512 I 117432175 1504 
513 I 117432298 1504 
514 I 117432424 1504 
515 I 117632486 1504 
516 I 117953226 1504 
517 I 118153222 1504 
518 I 118233710 1504 
519 I 118553452 1504 
520 I 118753750 1504 
521 I 118956047 1504 
522 I 118984373 1504 
523 I 119354765 1504 
524 I 119556960 1504 
525 I 119562464 1504 
526 I 119855234 1504 
527 I 120057520 1504 
528 I 120256241 1504 
529 I 120739194 1504 
530 I 121188879 1504 
531 I 121189006 1504 
532 I 121189130 1504 
533 I 121189251 1504 
534 I 121957768 1504 
535 I 121957891 1504 
536 I 123684906 1504 
537 I 124262490 1504 
538 I 124262612 1504 
539 I 124691737 1504 
540 I 124691855 1504 
541 I 124691977 1504 
542 I 129685131 1504 
543 I 130268910 1504 
544 I 130269035 1504 
545 I 131069693 1504 
546 I 131069814 1504 
547 I 131069946 1504 
548 I 131671171 1504 
549 I 131872072 1504 
550 I 132071081 1504 
551 I 132071203 1504 
552 I 132101401 1504 
553 I 132471944 1504 
554 I 132671496 1504 
555 I 134775344 1504 
556 I 135377088 1504 
557 I 135377214 1504 
558 I 135805904 1504 
559 I 135806032 1504 
560 I 135806152 1504 
561 I 136376555 1504 
562 I 136576827 1504 
563 I 136777068 1504 
564 I 136977518 1504 
565 I 136977643 1504 
566 I 137007553 1504 
567 I 137377914 1504 
568 I 137578504 1504 
569 I 137608321 1504 
570 I 137979624 1504 
571 I 137979743 1504 
572 I 138178889 1504 
573 I 138379716 1504 
574 I 138386938 1504 
575 I 138680144 1504 
576 I 138880994 1504 
577 I 139080162 1504 
578 I 139080285 1504 
579 I 139280442 1504 
580 I 139480778 1504 
581 I 139680891 1504 
582 I 139711067 1504 
583 I 140081837 1504 
584 I 140281892 1504 
585 I 140289364 1504 
586 I 140662260 1504 
587 I 140662373 1504 
588 I 140983065 1504 
589 I 141063004 1504 
590 I 141383059 1504 
591 I 141815887 1504 
592 I 142414865 1504 
593 I 142414992 1504 
594 I 142415116 1504 
595 I 142985273 1504 
596 I 142985394 1504 
597 I 143186067 1504 
598 I 143186198 1504 
599 I 143265967 1504 
600 I 143586053 1504 
601 I 143786619 1504 
602 I 143816431 1504 
603 I 144186991 1504 
604 I 144387705 1504 
605 I 144387829 1504 
606 I 144567494 1504 
607 I 144567604 1504 
608 I 144887635 1504 
609 I 145370573 1504 
610 I 145919733 1504 
611 I 145919858 1504 
612 I 145919992 1504 
613 I 146489579 1504 
614 I 146489701 1504 
615 I 146689917 1504 
616 I 146770640 1504 
617 I 147090481 1504 
618 I 147090607 1504 
619 I 147291152 1504 
620 I 147491966 1504 
621 I 147923360 1504 
622 I 148373157 1504 
623 I 148373281 1504 
624 I 149956303 1504 
625 I 150595172 1504 
626 I 151195862 1504 
627 I 151195984 1504 
628 I 151196109 1504 
629 I 151796312 1504 
630 I 153126280 1504 
631 I 153700302 1504 
632 I 153700438 1504 
633 I 154129946 1504 
634 I 154130069 1504 
635 I 154130197 1504 
636 I 154700222 1504 
637 I 154900775 1504 
638 I 155101379 1504 
639 I 155301805 1504 
640 I 155301928 1504 
641 I 155501631 1504 
642 I 155701636 1504 
643 I 155731795 1504 
644 I 157296337 1504 
645 I 157906558 1504 
646 I 157906680 1504 
647 I 158335535 1504 
648 I 158335662 1504 
649 I 158335779 1504 
650 I 158906114 1504 
651 I 159106246 1504 
652 I 159187198 1504 
653 I 159507112 1504 
654 I 159507233 1504 
655 I 159707081 1504 
656 I 159907240 1504 
657 I 160107508 1504 
658 I 160307861 1504 
659 I 160509256 1504 
660 I 160509385 1504 
661 I 161140712 1504 
662 I 161711179 1504 
663 I 162140378 1504 
664 I 162140503 1504 
665 I 162140618 1504 
666 I 162140745 1504 
667 I 162140866 1504 
668 I 162710658 1504 
669 I 162911512 1504 
670 I 162991702 1504 
671 I 163311586 1504 
672 I 163511659 1504 
673 I 163712943 1504 
674 I 163713064 1504 
675 I 163912449 1504 
676 I 164294494 1504 
677 I 164894017 1504 
678 I 164894151 1504 
679 I 164894262 1504 
680 I 165515436 1504 
681 I 165515559 1504 
682 I 165714765 1504 
683 I 165915125 1504 
684 I 165945345 1504 
685 I 166315420 1504 
686 I 166315544 1504 
687 I 166515808 1504 
688 I 166716289 1504 
689 I 166916420 1504 
690 I 167097305 1504 
691 I 167097429 1504 
692 I 167296968 1504 
693 I 167617048 1504 
694 I 167617166 1504 
695 I 167818514 1504 
696 I 168018024 1504 
697 I 168098536 1504 
698 I 168419870 1504 
699 I 168618321 1504 
700 I 168649464 1504 
701 I 169018897 1504 
702 I 169200582 1504 
703 I 169200706 1504 
704 I 169519739 1504 
705 I 169723125 1504 
706 I 169920217 1504 
707 I 170000511 1504 
708 I 170320627 1504 
709 I 170521281 1504 
710 I 170552262 1504 
711 I 170921606 1504 
712 I 171121855 1504 
713 I 171322177 1504 
714 I 171329215 1504 
715 I 171622287 1504 
716 I 171822650 1504 
717 I 171903256 1504 
718 I 172223126 1504 
719 I 172423315 1504 
720 I 172623515 1504 
721 I 172655299 1504 
722 I 173024115 1504 
723 I 173224322 1504 
724 I 173232693 1504 
725 I 173605343 1504 
726 I 173605466 1504 
727 I 173926020 1504 
728 I 174007353 1504 
729 I 174326620 1504 
730 I 174525932 1504 
731 I 174726555 1504 
732 I 175158568 1504 
733 I 175707804 1504 
734 I 175707926 1504 
735 I 175708048 1504 
736 I 176328742 1504 
737 I 176328872 1504 
738 I 176528735 1504 
739 I 176728790 1504 
740 I 176929096 1504 
741 I 176959418 1504 
742 I 176959545 1504 
743 I 177561729 1504 
744 I 178010860 1504 
745 I 178010982 1504 
746 I 178631388 1504 
747 I 178631512 1504 
748 I 178639368 1504 
749 I 179232315 1504 
750 I 179433113 1504 
751 I 179462761 1504 
752 I 179462893 1504 
753 I 179833202 1504 
754 I 180033257 1504 
755 I 180234314 1504 
756 I 180263959 1504 
757 I 180633830 1504 
758 I 180633951 1504 
759 I 180834898 1504 
760 I 181014636 1504 
761 I 181014754 1504 
762 I 181335038 1504 
763 I 181535240 1504 
764 I 181616474 1504 
765 I 181935802 1504 
766 I 181935926 1504 
767 I 182136037 1504 
768 I 182166027 1504 
769 I 182536275 1504 
770 I 182737272 1504 
771 I 182936915 1504 
772 I 182945571 1504 
773 I 183237601 1504 
774 I 183438284 1504 
775 I 183638258 1504 
776 I 183838082 1504 
777 I 184039045 1504 
778 I 184239160 1504 
779 I 184268772 1504 
780 I 184639184 1504 
781 I 184840051 1504 
782 I 184847170 1504 
783 I 185220059 1504 
784 I 185220180 1504 
785 I 185540297 1504 
786 I 185621097 1504 
787 I 185940570 1504 
788 I 186142430 1504 
789 I 186341311 1504 
790 I 186541511 1504 
791 I 186741746 1504 
792 I 186943514 1504 
793 I 186949821 1504 
794 I 187342855 1504 
795 I 187523258 1504 
796 I 187523387 1504 
797 I 187843459 1504 
798 I 188043951 1504 
799 I 188243899 1504 
800 I 188324362 1504 
801 I 188645405 1504 
802 I 188844661 1504 
803 I 189045491 1504 
804 I 189245308 1504 
805 I 189446967 1504 
806 I 189625983 1504 
807 I 189626106 1504 
808 I 190228126 1504 
809 I 190777631 1504 
810 I 190777754 1504 
811 I 190777875 1504 
812 I 191347887 1504 
813 I 191348016 1504 
814 I 191548097 1504 
815 I 191548224 1504 
816 I 191748862 1504 
817 I 191948486 1504 
818 I 192148979 1504 
819 I 192349344 1504 
820 I 192379307 1504 
821 I 192749526 1504 
822 I 192749650 1504 
823 I 192930102 1504 
824 I 192930229 1504 
825 I 193130630 1504 
826 I 193450491 1504 
827 I 193932976 1504 
828 I 194553446 1504 
829 I 194982831 1504 
830 I 194982955 1504 
831 I 194983080 1504 
832 I 194983199 1504 
833 I 194983325 1504 
834 I 195553346 1504 
835 I 195553474 1504 
836 I 195753684 1504 
837 I 195953778 1504 
838 I 196837816 1504 
839 I 197457562 1504 
840 I 197457684 1504 
841 I 198058463 1504 
842 I 198058589 1504 
843 I 198258381 1504 
844 I 198487414 1504 
845 I 198487538 1504 
846 I 198487659 1504 
847 I 198487783 1504 
848 I 199258114 1504 
849 I 199266878 1504 
850 I 199639449 1504 
851 I 199639573 1504 
852 I 199958985 1504 
853 I 199959113 1504 
854 I 200159117 1504 
855 I 200359519 1504 
856 I 200559743 1504 
857 I 200590223 1504 
858 I 200960425 1504 
859 I 201160888 1504 
860 I 201161025 1504 
861 I 201360875 1504 
862 I 201368518 1504 
863 I 201742729 1504 
864 I 201742851 1504 
865 I 201941617 1504 
866 I 202262119 1504 
867 I 202463082 1504 
868 I 202662961 1504 
869 I 202862971 1504 
870 I 203062898 1504 
871 I 203263154 1504 
872 I 203293764 1504 
873 I 203663835 1504 
874 I 203865166 1504 
875 I 204044503 1471 
876 I 205398153 1504 
877 I 205968119 1504 
878 I 205968242 1504 
879 I 206569172 1504 
880 I 206569288 1471 
881 I 210848384 1504 
882 I 219408596 1504 
