0 I 0 1504 
1 I 129 1504 
2 I 263 1504 
3 I 74076 1203 
4 I 232054 796 
5 I 248632 1504 
6 I 248752 1504 
7 I 248877 1504 
8 I 259031 709 
9 I 487578 904 
10 I 507019 1251 
11 I 3025431 432 
12 I 3025456 1504 
13 I 3100703 565 
14 I 3100722 1504 
15 I 49614631 638 
16 I 50804086 311 
17 I 50824628 1504 
18 I 50824741 1504 
19 I 50824858 1504 
20 I 50824981 1504 
21 I 50825077 1152 
22 I 51731487 966 
23 I 51731493 1504 
24 I 51863614 1504 
25 I 51863739 1504 
26 I 51863861 1504 
27 I 51863953 225 
28 I 51863985 1504 
29 I 51895867 316 
30 I 53133292 1504 
31 I 53133383 1282 
32 I 53220423 130 
33 I 53220459 1504 
34 I 88135109 381 
35 I 88194560 464 
36 I 88512903 554 
37 I 88762277 316 
38 I 88900998 546 
39 I 89098337 503 
40 I 89201260 532 
41 I 101741349 418 
42 I 101798820 479 
43 I 101862193 475 
44 I 101975436 433 
45 I 102635584 492 
46 I 103166713 303 
47 I 103378804 514 
48 I 103505774 425 
49 I 103763660 367 
50 I 104111126 1294 
51 I 104117013 375 
52 I 104227346 1166 
53 I 104409358 1504 
54 I 104409385 1202 
55 I 107008876 304 
