0 I 0 1504 
1 I 281543 1504 
2 I 281663 1504 
3 I 282015 298 
4 I 318703 1504 
5 I 318822 1504 
6 I 318953 1504 
7 I 1509819 1504 
8 I 1709020 1504 
9 I 1709152 1504 
10 I 1746408 1504 
11 I 1746524 813 
12 I 1746533 1504 
13 I 4680073 220 
14 I 10346905 220 
15 I 10531574 557 
16 I 16165899 220 
17 I 22592382 1504 
18 I 22592499 1504 
19 I 22592621 1504 
20 I 22592745 1504 
21 I 22602759 494 
22 I 22629690 1504 
23 I 22629812 1504 
24 I 22637501 1504 
25 I 22637623 1504 
26 I 22652565 477 
27 I 22652573 1504 
28 I 22664303 1504 
29 I 22664423 1504 
30 I 22671790 1504 
31 I 22671912 1504 
32 I 23007130 1504 
33 I 23147127 1504 
34 I 23228865 1504 
35 I 23228989 1504 
36 I 23262789 1504 
37 I 23428538 1504 
38 I 23428657 1504 
39 I 23428794 1504 
40 I 23466588 1504 
41 I 23466699 1504 
42 I 23630790 1504 
43 I 23997027 1504 
44 I 24228088 1504 
45 I 24228212 1504 
46 I 24264487 94 
47 I 36834556 1504 
48 I 36834681 1504 
49 I 36834776 366 
50 I 36834802 1504 
51 I 56034401 926 
52 I 57032733 926 
