0 I 0 1424 
1 I 117 1424 
2 I 126804 1424 
3 I 126969 1424 
4 I 127085 1424 
5 I 192892 1424 
6 I 193018 1424 
7 I 246777 1424 
8 I 247008 1424 
9 I 247047 802 
10 I 445026 182 
11 I 583001 184 
12 I 976957 184 
13 I 1051985 184 
14 I 1140887 184 
15 I 1490472 184 
16 I 1531333 185 
17 I 1754076 184 
18 I 78645740 1424 
19 I 78645864 1424 
20 I 78734447 1424 
21 I 78734566 1424 
22 I 78734680 1424 
23 I 78794481 1424 
24 I 78794596 1424 
25 I 78824514 1424 
26 I 78824628 1424 
27 I 78824653 678 
28 I 79006116 182 
29 I 79148860 184 
30 I 79516146 1424 
31 I 79516162 607 
32 I 79581505 184 
33 I 79761995 184 
34 I 79797813 183 
35 I 80181528 184 
36 I 80242242 185 
37 I 80407073 184 
38 I 105528230 1424 
39 I 105528445 1424 
40 I 105528713 1424 
41 I 105528924 1424 
42 I 105529093 1424 
43 I 105645449 1424 
44 I 105645563 1424 
45 I 105645679 1424 
46 I 105657420 272 
47 I 105657440 1424 
48 I 105759999 182 
49 I 105897600 184 
50 I 106264236 184 
51 I 106342530 184 
52 I 106402665 184 
53 I 106882249 185 
54 I 107127142 184 
55 I 145997434 1424 
56 I 145997547 1424 
57 I 145997667 1424 
58 I 145997788 1424 
59 I 145997909 1424 
60 I 145998024 1424 
61 I 145998141 1424 
62 I 145998358 1424 
63 I 145998473 1424 
64 I 145998559 1174 
65 I 146209036 182 
66 I 146365659 184 
67 I 146792587 184 
68 I 146852889 184 
69 I 147001620 184 
70 I 147011459 1424 
71 I 147238703 1424 
72 I 147238916 1424 
73 I 147304533 1174 
74 I 147743678 185 
75 I 147973499 184 
76 I 217592470 1424 
77 I 217592588 1424 
78 I 217592704 1424 
79 I 217592821 1424 
80 I 217695807 1424 
81 I 217695922 1424 
82 I 217696048 1424 
83 I 217707701 1424 
84 I 217707884 1424 
85 I 217791613 820 
86 I 217936902 182 
87 I 218073878 184 
88 I 218451868 184 
89 I 218529742 184 
90 I 218707520 183 
91 I 219031019 184 
92 I 219087510 185 
93 I 219222010 184 
