0 I 0 1504 
1 I 122 1504 
2 I 245 1504 
3 I 1544672 1263 
4 I 6629374 753 
5 I 9619664 753 
6 I 10517123 220 
7 I 11263052 220 
8 I 18796979 541 
9 I 38129922 1504 
10 I 38130047 1504 
11 I 38130169 1504 
12 I 38130290 1504 
13 I 38130418 1504 
14 I 38130537 1504 
15 I 38130661 1504 
16 I 40100492 1504 
17 I 40100618 1504 
18 I 41201795 1504 
19 I 41201917 1504 
20 I 42002957 1504 
21 I 42003084 1504 
22 I 43004256 1504 
23 I 43004380 1504 
24 I 44106009 1504 
25 I 44106133 1504 
26 I 45009587 1504 
27 I 45808492 1504 
28 I 47210353 1504 
29 I 48092193 1504 
30 I 48092315 1504 
31 I 50216497 1504 
32 I 51116111 1504 
33 I 61361449 658 
34 I 61839936 1492 
35 I 62722083 541 
36 I 66208538 580 
37 I 66208552 1504 
38 I 66231683 708 
39 I 66231694 1504 
40 I 66254816 1504 
41 I 66254955 1504 
42 I 66255074 1504 
43 I 66255189 1504 
44 I 71670773 1504 
45 I 71670899 1504 
46 I 71671021 1504 
47 I 73694158 1504 
48 I 73694287 1504 
49 I 73694412 1504 
50 I 82669842 1308 
51 I 83770049 494 
52 I 97212884 115 
53 I 97212922 1504 
54 I 116923964 220 
55 I 232833814 1123 
