0 I 0 1504 
1 I 91 1312 
2 I 284418 1504 
3 I 284540 1504 
4 I 284664 1504 
5 I 284691 939 
6 I 649260 495 
7 I 655310 1308 
8 I 800745 541 
9 I 805971 1251 
10 I 1086039 1504 
11 I 1086069 707 
12 I 1547983 1504 
13 I 1548107 1504 
14 I 1548233 1504 
15 I 1548351 1504 
16 I 1795407 1504 
17 I 1795530 1504 
18 I 1795655 1504 
19 I 1800803 1504 
20 I 1800924 1504 
21 I 1801041 1504 
22 I 1813922 541 
23 I 2041904 1504 
24 I 2042029 1504 
25 I 2042155 1504 
26 I 2048429 486 
27 I 2048449 1504 
28 I 4352238 1504 
29 I 4352361 1504 
30 I 4352488 1504 
31 I 4487188 1504 
32 I 4487237 633 
33 I 4587716 939 
34 I 4742865 1504 
35 I 4742998 1504 
36 I 4743121 1504 
37 I 4743238 1504 
38 I 5013079 750 
39 I 5049522 592 
40 I 5057822 1308 
41 I 5062829 541 
42 I 5137192 1251 
43 I 12490295 1504 
44 I 12490418 1504 
45 I 12490536 1504 
46 I 12726601 939 
47 I 12967755 553 
48 I 13004356 1308 
49 I 13017287 541 
50 I 13024147 1251 
