0 I 0 580 
1 I 96 580 
2 I 201 580 
3 I 245 580 
4 I 294 580 
5 I 48005 580 
6 I 48057 580 
7 I 59995 580 
8 I 60045 580 
9 I 88875 580 
10 I 88926 580 
11 I 101839 580 
12 I 101889 580 
13 I 131197 580 
14 I 131245 580 
15 I 131295 580 
16 I 144156 580 
17 I 144202 580 
18 I 180298 580 
19 I 180395 580 
20 I 192054 580 
21 I 216186 580 
22 I 216439 580 
23 I 228135 580 
24 I 228283 580 
25 I 262816 407 
26 I 20017202 580 
27 I 20017299 580 
28 I 20017396 580 
29 I 20017498 580 
30 I 20017551 580 
31 I 20090744 580 
32 I 20090792 580 
33 I 20090841 580 
34 I 20102941 580 
35 I 20102994 580 
36 I 20133451 580 
37 I 20133510 580 
38 I 20145228 580 
39 I 20168673 580 
40 I 20168723 580 
41 I 20180668 580 
42 I 20180717 580 
43 I 20211521 580 
44 I 20211571 580 
45 I 20229867 580 
46 I 20240536 580 
47 I 20240586 580 
48 I 20259946 580 
49 I 20259997 580 
50 I 20260046 580 
51 I 20289778 337 
52 I 53617265 580 
53 I 53617363 580 
54 I 53617413 580 
55 I 53617461 580 
56 I 53617512 580 
57 I 53617558 580 
58 I 53662965 580 
59 I 53675293 580 
60 I 53675341 580 
61 I 53675390 580 
62 I 53687701 580 
63 I 53687751 580 
64 I 53735008 580 
65 I 53735058 580 
66 I 53758959 580 
67 I 53784064 580 
68 I 53796017 580 
69 I 53796067 580 
70 I 53832063 580 
71 I 53832111 580 
72 I 53867033 580 
73 I 53867082 580 
74 I 53880251 580 
75 I 53880348 580 
76 I 53921019 580 
77 I 53921051 464 
78 I 93048275 580 
79 I 93048327 580 
80 I 93048378 580 
81 I 93048437 580 
82 I 93048485 580 
83 I 93048537 580 
84 I 93092103 580 
85 I 93103141 580 
86 I 93103186 580 
87 I 93116256 580 
88 I 93140159 580 
89 I 93140209 580 
90 I 93152242 580 
91 I 93182553 580 
92 I 93182654 580 
93 I 93182749 580 
94 I 93193761 580 
95 I 93193811 580 
96 I 93230271 580 
97 I 93230328 580 
98 I 93241451 580 
99 I 93253494 580 
100 I 93253547 580 
101 I 93277983 580 
102 I 93278056 580 
103 I 93278090 426 
104 I 116287776 580 
105 I 116287825 580 
106 I 116287874 580 
107 I 116287924 580 
108 I 116287973 580 
109 I 116288022 580 
110 I 116357691 580 
111 I 116357856 580 
112 I 116369942 580 
113 I 116369993 580 
114 I 116381178 580 
115 I 116381223 580 
116 I 116404754 580 
117 I 116404800 580 
118 I 116404864 580 
119 I 116417546 580 
120 I 116417645 580 
121 I 116428971 580 
122 I 116429078 580 
123 I 116453729 580 
124 I 116464633 580 
125 I 116464685 580 
126 I 116479383 580 
127 I 116488689 580 
128 I 116488739 580 
129 I 116501692 580 
130 I 116501732 126 
131 I 116501744 580 
132 I 178381866 580 
133 I 178381912 580 
134 I 178381963 580 
135 I 178382010 580 
136 I 178382071 580 
137 I 178382121 580 
138 I 178382165 580 
139 I 178382230 580 
140 I 178429649 580 
141 I 178429700 580 
142 I 178442764 580 
143 I 178465837 580 
144 I 178489670 580 
145 I 178501619 580 
146 I 178501669 580 
147 I 178513664 580 
148 I 178526712 580 
149 I 178538161 580 
150 I 178568816 580 
151 I 178609646 580 
152 I 178609697 580 
153 I 178609745 580 
154 I 178651936 580 
155 I 178651987 580 
156 I 178700664 580 
157 I 178700713 580 
158 I 178742000 580 
159 I 178742089 518 
160 I 259543524 260 
161 I 265767085 580 
162 I 265767141 580 
163 I 265767192 580 
164 I 265767238 580 
165 I 265773286 451 
166 I 265805179 580 
167 I 265805223 156 
168 I 265805229 580 
169 I 265810477 205 
