0 I 0 1504 
1 I 464909 1504 
2 I 465037 1504 
3 I 3600094 1504 
4 I 9880383 1504 
5 I 10344777 1504 
6 I 10344904 1504 
7 I 22900737 1504 
8 I 23417381 1504 
9 I 23417503 1504 
10 I 23967324 1504 
11 I 23967452 1504 
12 I 23967577 1504 
13 I 24519467 1504 
14 I 24519592 1504 
15 I 24656747 1504 
16 I 25156908 1504 
17 I 25890947 1504 
18 I 28651521 1504 
19 I 29261353 1504 
20 I 29261486 1504 
21 I 29811597 1504 
22 I 29811720 1504 
23 I 29811844 1504 
24 I 30330942 1504 
25 I 30331062 1504 
26 I 30485663 1504 
27 I 30878085 1504 
28 I 30878208 1504 
29 I 31152811 1504 
30 I 31152933 1504 
31 I 31632680 1504 
32 I 31632805 1504 
33 I 31632924 1504 
34 I 31633049 1504 
35 I 32183457 1504 
36 I 32183576 1504 
37 I 32352382 1504 
38 I 32921080 1504 
39 I 35501186 1504 
40 I 35967009 1504 
41 I 35967136 1504 
42 I 36385295 1504 
43 I 36385423 1504 
44 I 36385543 1504 
45 I 37891824 1504 
46 I 38593415 1504 
47 I 38593540 1504 
48 I 39066172 1504 
49 I 39066296 1504 
50 I 39066421 1504 
51 I 42082042 1504 
52 I 42533135 1504 
53 I 42533253 1504 
54 I 43001849 1504 
55 I 43001972 1504 
56 I 43002082 1504 
57 I 43572038 1504 
58 I 43572165 1504 
59 I 43690935 1504 
60 I 44058683 1504 
61 I 44058807 1504 
62 I 44253472 1504 
63 I 44253602 1504 
64 I 44551596 1504 
65 I 44551725 1504 
66 I 45016432 1504 
67 I 45016552 1504 
68 I 45016677 1504 
69 I 45016805 1504 
70 I 45472899 1504 
71 I 45473023 1504 
72 I 45983537 1504 
73 I 46429027 1504 
74 I 46429139 1504 
75 I 46429272 1504 
76 I 46429387 1504 
77 I 46429517 1504 
78 I 46972426 1504 
79 I 46972551 1504 
80 I 46973948 1504 
81 I 47391733 1504 
82 I 47840396 1504 
83 I 47840523 1504 
84 I 48321419 1504 
85 I 48321543 1504 
86 I 48321667 1504 
87 I 48804677 1504 
88 I 48804817 1504 
89 I 49412377 1504 
90 I 49865000 1504 
91 I 49865125 1504 
92 I 50453170 1504 
93 I 50453294 1504 
94 I 51001687 1504 
95 I 51459066 1504 
96 I 51459188 1504 
97 I 51931355 1504 
98 I 51931482 1504 
99 I 51931600 1504 
100 I 53071754 1504 
101 I 53594697 1504 
102 I 53594818 1504 
103 I 55893042 1504 
104 I 56368558 1504 
105 I 56368687 1504 
106 I 56368806 1504 
107 I 57115284 1504 
108 I 57115403 1504 
109 I 57115528 1504 
110 I 57585230 1504 
111 I 57585354 1504 
112 I 57753563 1504 
113 I 58992416 1504 
114 I 59663918 1504 
115 I 60515916 1504 
116 I 60516036 1504 
117 I 60516159 1504 
118 I 63332497 1504 
119 I 68972290 1504 
120 I 80252959 1504 
121 I 102813626 1504 
122 I 147935050 1504 
123 I 148349556 1504 
124 I 148349676 1504 
125 I 148954111 1504 
126 I 148954241 1504 
127 I 149684997 1504 
128 I 152365250 1504 
129 I 152772496 1504 
130 I 152772615 1504 
131 I 153256802 1504 
132 I 153256927 1504 
133 I 153257049 1504 
134 I 153691401 1504 
135 I 153691527 1504 
136 I 154605184 1504 
137 I 155000937 1504 
138 I 155001058 1504 
139 I 155576733 1504 
140 I 155576857 1504 
141 I 156275236 1504 
142 I 156666417 1504 
143 I 156666542 1504 
144 I 159225342 1504 
145 I 159669146 1504 
146 I 159669279 1504 
147 I 160103274 1504 
148 I 160103397 1504 
149 I 160103522 1504 
150 I 160652728 1504 
151 I 160652851 1504 
152 I 160652982 1504 
153 I 161124308 1504 
154 I 161124429 1504 
155 I 161259670 1504 
156 I 161835525 1504 
157 I 161835652 1504 
158 I 162406381 1504 
159 I 162894532 1504 
160 I 163571533 1504 
161 I 163571657 1504 
162 I 163571778 1504 
163 I 164397608 1504 
164 I 164397733 1504 
165 I 164397855 1504 
166 I 165185558 1504 
167 I 165185681 1504 
168 I 165374858 1504 
169 I 165722480 1504 
170 I 165722593 1504 
171 I 165722714 1504 
172 I 166227801 1504 
173 I 166673840 1504 
174 I 166673961 1504 
175 I 166674089 1504 
176 I 166674207 1504 
177 I 166674331 1504 
178 I 167190917 1504 
179 I 167191041 1504 
180 I 167191163 1504 
181 I 167191289 1504 
182 I 167333876 1504 
183 I 167685717 1504 
184 I 167685838 1504 
185 I 167688620 1504 
186 I 167688737 1504 
187 I 167935525 1504 
188 I 168131716 1504 
189 I 168131834 1504 
190 I 168131955 1504 
191 I 168147403 1504 
192 I 168147529 1504 
193 I 169265774 1504 
194 I 169797683 1504 
195 I 169797810 1504 
196 I 172475784 1504 
197 I 172947747 1504 
198 I 172947865 1504 
199 I 172947991 1504 
200 I 173555984 1504 
201 I 173556104 1504 
202 I 173556225 1504 
203 I 173556353 1504 
204 I 173979883 1504 
205 I 173980008 1504 
206 I 174000199 1504 
207 I 174000328 1504 
208 I 174453256 1504 
209 I 174884612 1504 
210 I 174884689 82 
211 I 174884729 1504 
212 I 176275888 1504 
213 I 176750733 1504 
214 I 176750856 1504 
215 I 179546120 1504 
216 I 180164515 1504 
217 I 180872724 1504 
218 I 180872846 1504 
219 I 180872970 1504 
220 I 181358307 1504 
221 I 182276113 1504 
222 I 182802896 1504 
223 I 182803019 1504 
224 I 183255636 1504 
225 I 183255748 1504 
226 I 183255875 1504 
227 I 183707195 1504 
228 I 183707318 1504 
229 I 184536223 1504 
230 I 184991338 1504 
231 I 184991464 1504 
232 I 185535916 1504 
233 I 185536042 1504 
234 I 185536167 1504 
235 I 186059713 1504 
236 I 186059833 1504 
237 I 186220480 1504 
238 I 186575864 1504 
239 I 186575986 1504 
240 I 187446296 1504 
241 I 188035927 1504 
242 I 188036049 1504 
243 I 190486507 1504 
244 I 195406541 1504 
245 I 195831666 1504 
246 I 195831789 1504 
247 I 195831926 1504 
248 I 196270538 1504 
249 I 197086678 1504 
250 I 197510787 1504 
251 I 197510902 1504 
252 I 197963549 1504 
253 I 197963669 1504 
254 I 197963795 1504 
255 I 198413030 1504 
256 I 198413154 1504 
257 I 198541033 1504 
258 I 198876312 1504 
259 I 198876435 1504 
260 I 199339304 1504 
261 I 199339427 1504 
262 I 199339552 1504 
263 I 199339677 1504 
264 I 199770939 1504 
265 I 199771061 1504 
266 I 199787981 1504 
267 I 199788105 1504 
268 I 200249492 1504 
269 I 200627470 1504 
270 I 200627593 1504 
271 I 200627716 1504 
272 I 200627839 1504 
273 I 200627962 1504 
274 I 201636894 1504 
275 I 202045163 1504 
276 I 202045297 1504 
277 I 202603204 1504 
278 I 202603328 1504 
279 I 202603452 1504 
280 I 203044036 1504 
281 I 203676969 1504 
282 I 204044077 1504 
283 I 206197031 1504 
284 I 210517270 1504 
285 I 219157588 1504 
286 I 219728121 1504 
287 I 219728244 1504 
288 I 219728369 1504 
289 I 220170652 1504 
290 I 220170771 1504 
291 I 220767533 1504 
292 I 222847755 1504 
293 I 223464175 1504 
294 I 223464302 1504 
295 I 223864166 1504 
296 I 223864282 1504 
297 I 223864408 1504 
298 I 224309480 1504 
299 I 224309608 1504 
300 I 224704828 1504 
301 I 225868097 1504 
302 I 228988140 1504 
303 I 229383914 1504 
304 I 229384039 1504 
305 I 235617964 1504 
306 I 248098321 1504 
307 I 248552051 1504 
308 I 273509180 1504 
