0 I 0 1504 
1 I 117 1504 
2 I 245 1504 
3 I 68442 1504 
4 I 68564 1504 
5 I 68685 1504 
6 I 127876 1504 
7 I 128002 1504 
8 I 128127 1504 
9 I 131849 1504 
10 I 131971 1504 
11 I 132092 1504 
12 I 190210 1504 
13 I 190335 1504 
14 I 190461 1504 
15 I 194143 1504 
16 I 194266 1504 
17 I 194394 1504 
18 I 199477 1504 
19 I 199587 1504 
20 I 199711 1504 
21 I 253430 1504 
22 I 253549 1504 
23 I 253677 1504 
24 I 258631 1504 
25 I 258749 1504 
26 I 258873 1504 
27 I 263500 1504 
28 I 263622 1504 
29 I 263744 1504 
30 I 268594 1504 
31 I 268714 1504 
32 I 268841 1504 
33 I 314400 1504 
34 I 314523 1504 
35 I 314645 1504 
36 I 319412 1504 
37 I 319539 1504 
38 I 319661 1504 
39 I 322993 1504 
40 I 323116 1504 
41 I 323244 1504 
42 I 331378 1504 
43 I 331511 1504 
44 I 331626 1504 
45 I 335837 1504 
46 I 335960 1504 
47 I 336085 1504 
48 I 350360 1504 
49 I 350480 1504 
50 I 350605 1504 
51 I 383224 1504 
52 I 383348 1504 
53 I 383469 1504 
54 I 388371 1504 
55 I 388498 1504 
56 I 388620 1504 
57 I 393432 1504 
58 I 393557 1504 
59 I 393682 1504 
60 I 398851 1504 
61 I 398964 1504 
62 I 399084 1504 
63 I 403309 1504 
64 I 403435 1504 
65 I 403558 1504 
66 I 415404 1504 
67 I 415525 1504 
68 I 415653 1504 
69 I 423977 1504 
70 I 424099 1504 
71 I 424224 1504 
72 I 429670 1504 
73 I 429793 1504 
74 I 429919 1504 
75 I 434584 1504 
76 I 434714 1504 
77 I 434827 1504 
78 I 453593 1504 
79 I 453717 1504 
80 I 453838 1504 
81 I 457656 1504 
82 I 457778 1504 
83 I 457904 1504 
84 I 461658 1504 
85 I 461769 1504 
86 I 461894 1504 
87 I 465663 1504 
88 I 465770 1504 
89 I 465893 1504 
90 I 469775 1504 
91 I 469896 1504 
92 I 470035 1504 
93 I 533951 1504 
94 I 601153 1504 
95 I 616604 1504 
96 I 629512 1504 
97 I 634827 1504 
98 I 642678 1504 
99 I 646909 1504 
100 I 650811 1504 
101 I 650928 1504 
102 I 651050 1504 
103 I 651177 1504 
104 I 651298 1504 
105 I 651419 1504 
106 I 654924 1504 
107 I 655043 1504 
108 I 655170 1504 
109 I 655294 1504 
110 I 655420 1504 
111 I 655538 1504 
112 I 655668 1504 
113 I 664928 1504 
114 I 665056 1504 
115 I 665190 1504 
116 I 669061 1504 
117 I 674453 1504 
118 I 754253 1504 
119 I 794592 1504 
120 I 800306 1504 
121 I 844742 1504 
122 I 849740 1504 
123 I 869911 1504 
124 I 933876 1504 
125 I 1180461 1504 
126 I 1180587 1504 
127 I 1180713 1504 
128 I 1180832 1504 
129 I 1180958 1504 
130 I 1181079 1504 
131 I 1339208 1504 
132 I 1339332 1504 
133 I 1339457 1504 
134 I 1339577 1504 
135 I 1339702 1504 
136 I 1354543 1504 
137 I 1354666 1504 
138 I 1354791 1504 
139 I 1354913 1504 
140 I 1355038 1504 
141 I 1451675 1504 
142 I 1451793 1504 
143 I 1451913 1504 
144 I 1467160 1504 
145 I 1467268 1504 
146 I 1467394 1504 
147 I 1542715 1504 
148 I 1542831 1504 
149 I 1542951 1504 
150 I 1543075 1504 
151 I 1563783 1504 
152 I 1563904 1504 
153 I 1580921 1504 
154 I 1581046 1504 
155 I 1595549 1504 
156 I 1595668 1504 
157 I 1595789 1504 
158 I 1661461 1504 
159 I 1661582 1504 
160 I 1661705 1504 
161 I 1661828 1504 
162 I 1667079 1504 
163 I 1667197 1504 
164 I 1704098 1504 
165 I 1704212 1504 
166 I 1719133 1504 
167 I 1719267 1504 
168 I 1719382 1504 
169 I 1722606 1504 
170 I 1722728 1504 
171 I 1722871 1504 
172 I 1722985 1504 
173 I 1723103 1504 
174 I 1723223 1504 
175 I 1723343 1504 
176 I 1723466 1504 
177 I 1723591 1504 
178 I 1723713 1504 
179 I 1723836 1504 
180 I 1723960 1504 
181 I 1724081 1504 
182 I 1724209 1504 
183 I 1724328 1504 
184 I 1724456 1504 
185 I 1777632 1504 
186 I 1940839 1504 
187 I 1946747 1504 
188 I 1946875 1504 
189 I 1946999 1504 
190 I 2018148 1504 
191 I 2078761 1504 
192 I 2114668 1504 
193 I 2180378 1504 
194 I 2180507 1504 
195 I 2195905 1504 
196 I 2247948 1504 
197 I 2255064 1504 
198 I 2273659 1504 
199 I 2368418 1504 
200 I 2368550 1504 
201 I 2403141 1504 
202 I 2432405 1504 
203 I 2436476 1504 
204 I 2510015 1504 
205 I 2510137 1504 
206 I 2515111 1504 
207 I 2518900 1504 
208 I 2523064 1504 
209 I 2592620 1504 
210 I 2696276 1504 
211 I 2696390 1504 
212 I 2700273 1504 
213 I 2705249 1504 
214 I 2752642 1504 
215 I 2768160 1504 
216 I 2768286 1504 
217 I 2784419 1504 
218 I 2853192 1504 
219 I 2857054 1504 
220 I 2862465 1504 
221 I 2862589 1504 
222 I 2875231 1504 
223 I 2913349 1504 
224 I 2918664 1504 
225 I 2923625 1504 
226 I 2923758 1504 
227 I 2931602 1504 
228 I 3050568 1504 
229 I 3050685 1504 
230 I 3161698 1504 
231 I 3161754 1218 
232 I 3293424 1504 
233 I 3293545 1504 
234 I 3501872 1504 
235 I 3501997 1504 
236 I 3589931 1504 
237 I 3590047 1504 
238 I 3649085 1504 
239 I 3649207 1504 
240 I 3709658 1504 
241 I 3709780 1504 
242 I 3709905 1504 
243 I 3710035 1504 
244 I 3710157 1504 
245 I 3710272 1504 
246 I 3710395 1504 
247 I 3713568 1504 
248 I 3713690 1504 
249 I 3778322 1504 
250 I 3778439 1504 
251 I 3781891 1504 
252 I 3782011 1504 
253 I 3787098 1504 
254 I 3787222 1504 
255 I 3795287 1504 
256 I 3795412 1504 
257 I 3795534 1504 
258 I 3838078 1504 
259 I 3838198 1504 
260 I 3843403 1504 
261 I 3843523 1504 
262 I 3870233 1504 
263 I 3870371 1504 
264 I 3942070 1504 
265 I 3942197 1504 
266 I 3946689 1504 
267 I 3946810 1504 
268 I 3968860 1504 
269 I 3968993 1504 
270 I 4008423 1504 
271 I 4008546 1504 
272 I 4033439 1504 
273 I 4033561 1504 
274 I 4071434 1504 
275 I 4071563 1504 
276 I 4135755 1504 
277 I 4135880 1504 
278 I 4139886 1504 
279 I 4140010 1504 
280 I 4140136 1504 
281 I 4154804 1504 
282 I 4154925 1504 
283 I 4191205 1504 
284 I 4191340 1504 
285 I 4218875 1504 
286 I 4219005 1504 
287 I 4251249 1504 
288 I 4251371 1504 
289 I 4282681 1504 
290 I 4282806 1504 
291 I 4324619 1504 
292 I 4324751 1504 
293 I 4346961 1504 
294 I 4347085 1504 
295 I 4380174 1504 
296 I 4380297 1504 
297 I 4410546 1504 
298 I 4410675 1504 
299 I 4456690 1504 
300 I 4456815 1504 
301 I 4480776 1504 
302 I 4480901 1504 
303 I 4501764 1504 
304 I 4501890 1504 
305 I 4502009 1504 
306 I 4544615 1504 
307 I 4544738 1504 
308 I 4607461 1504 
309 I 4607585 1504 
310 I 4618694 1504 
311 I 4618820 1504 
312 I 4634737 1504 
313 I 4634863 1504 
314 I 4662657 1504 
315 I 4662779 1504 
316 I 4678716 1504 
317 I 4678844 1504 
318 I 4731015 1504 
319 I 4731136 1504 
320 I 4755111 1504 
321 I 4775279 1504 
322 I 4775400 1504 
323 I 4847244 1504 
324 I 4847373 1504 
325 I 4851798 1504 
326 I 4851920 1504 
327 I 4868574 1504 
328 I 4868694 1504 
329 I 4868820 1504 
330 I 4919454 1504 
331 I 4919585 1504 
332 I 4919709 1504 
333 I 4946165 1504 
334 I 4946286 1504 
335 I 4980355 1504 
336 I 4980481 1504 
337 I 5056198 1504 
338 I 5061141 1504 
339 I 5064847 1504 
340 I 5064990 1504 
341 I 5065088 1504 
342 I 5065211 1504 
343 I 5135805 1504 
344 I 5135945 1504 
345 I 5136077 1504 
346 I 5136175 1504 
347 I 5136302 1504 
348 I 5179485 1504 
349 I 5179609 1504 
350 I 5201604 1504 
351 I 5216381 1504 
352 I 5264879 1504 
353 I 5270153 1504 
354 I 5270287 1504 
355 I 5270409 1504 
356 I 5286007 1504 
357 I 5303784 1504 
358 I 5310658 1504 
359 I 5310780 1504 
360 I 5310894 1504 
361 I 5311016 1504 
362 I 5311136 1504 
363 I 5338586 1504 
364 I 5357058 1504 
365 I 5375470 1504 
366 I 5387496 1504 
367 I 5421975 1504 
368 I 5422098 1504 
369 I 5445475 1504 
370 I 5462805 1504 
371 I 5465314 1504 
372 I 5513953 1504 
373 I 5514090 1504 
374 I 5514209 1504 
375 I 5579433 1504 
376 I 5586104 1504 
377 I 5586229 1504 
378 I 5630962 1504 
379 I 5631081 1504 
380 I 5655239 1504 
381 I 5655362 1504 
382 I 5672377 1504 
383 I 16865192 1504 
384 I 16865314 1504 
385 I 16865435 1504 
386 I 16865565 1504 
387 I 16865689 1504 
388 I 16865805 1504 
389 I 16865927 1504 
390 I 16866049 1504 
391 I 16866176 1504 
392 I 16925738 1504 
393 I 16925859 1504 
394 I 16929709 1504 
395 I 16929845 1504 
396 I 16934246 1504 
397 I 16934367 1504 
398 I 16938269 1504 
399 I 16938383 1504 
400 I 16988075 1504 
401 I 16988207 1504 
402 I 17001763 1504 
403 I 17006122 1504 
404 I 17006251 1504 
405 I 17010247 1504 
406 I 17010364 1504 
407 I 17019487 1504 
408 I 17054210 1504 
409 I 17054332 1504 
410 I 17054467 1504 
411 I 17107852 1504 
412 I 17107979 1504 
413 I 17113888 1504 
414 I 17114008 1504 
415 I 17118959 1504 
416 I 17119077 1504 
417 I 17124685 1504 
418 I 17130078 1504 
419 I 17130201 1504 
420 I 17146467 1504 
421 I 17169284 1504 
422 I 17169411 1504 
423 I 17198121 1504 
424 I 17198243 1504 
425 I 17203206 1504 
426 I 17203327 1504 
427 I 17207504 1504 
428 I 17207620 1504 
429 I 17211543 1504 
430 I 17211668 1504 
431 I 17211787 1504 
432 I 17230245 1504 
433 I 17230366 1504 
434 I 17257544 1504 
435 I 17257665 1504 
436 I 17263535 1504 
437 I 17263656 1504 
438 I 17291364 1504 
439 I 17291481 1504 
440 I 17295730 1504 
441 I 17295850 1504 
442 I 17299706 1504 
443 I 17299829 1504 
444 I 17318827 1504 
445 I 17318954 1504 
446 I 17324989 1504 
447 I 17325105 1504 
448 I 17356126 1504 
449 I 17356250 1504 
450 I 17364095 1504 
451 I 17364220 1504 
452 I 17368096 1504 
453 I 17368223 1504 
454 I 17563943 1504 
455 I 31276162 1504 
456 I 31276282 1504 
457 I 31343190 1504 
458 I 31343312 1504 
459 I 31343434 1504 
460 I 31450518 1504 
461 I 31450645 1504 
462 I 31511896 1504 
463 I 31512020 1504 
464 I 31575303 1504 
465 I 31575425 1504 
466 I 31579821 1504 
467 I 31579948 1504 
468 I 31636174 1504 
469 I 31636299 1504 
470 I 31640475 1504 
471 I 31640601 1504 
472 I 31696494 1504 
473 I 31696613 1504 
474 I 31709145 1504 
475 I 31709266 1504 
476 I 31759376 1504 
477 I 31759498 1504 
478 I 31775557 1504 
479 I 31775682 1504 
480 I 31820028 1504 
481 I 31820144 1504 
482 I 31835618 1504 
483 I 31835736 1504 
484 I 31883479 1504 
485 I 31883606 1504 
486 I 31883723 1504 
487 I 31920525 1504 
488 I 31920646 1504 
489 I 31944058 1504 
490 I 31944182 1504 
491 I 31952118 1504 
492 I 31952238 1504 
493 I 31981344 1504 
494 I 31981467 1504 
495 I 32006214 1504 
496 I 32006333 1504 
497 I 32012196 1504 
498 I 32012324 1504 
499 I 32081956 1504 
500 I 32082079 1504 
501 I 32087739 1504 
502 I 32087860 1504 
503 I 32092680 1504 
504 I 32092795 1504 
505 I 32092914 1504 
506 I 32159339 1504 
507 I 32159462 1504 
508 I 32164456 1504 
509 I 32164581 1504 
510 I 32169829 1504 
511 I 32169949 1504 
512 I 32219997 1504 
513 I 32220111 1504 
514 I 32272873 1504 
515 I 32272997 1504 
516 I 32278419 1504 
517 I 32278542 1504 
518 I 32283661 1504 
519 I 32283780 1504 
520 I 32332044 1504 
521 I 32332166 1504 
522 I 32332292 1504 
523 I 32344095 1504 
524 I 32344214 1504 
525 I 32348928 1504 
526 I 32349051 1504 
527 I 32418432 1504 
528 I 32614017 1504 
529 I 45660690 1504 
530 I 45660814 1504 
531 I 45722322 1504 
532 I 45722440 1504 
533 I 45722564 1504 
534 I 45796431 1504 
535 I 45796552 1504 
536 I 45858566 1504 
537 I 45858688 1504 
538 I 45918229 1504 
539 I 45918350 1504 
540 I 45978809 1504 
541 I 45978930 1504 
542 I 45979056 1504 
543 I 46067682 1504 
544 I 46067811 1504 
545 I 46073087 1504 
546 I 46131267 1504 
547 I 46131390 1504 
548 I 46135454 1504 
549 I 46135575 1504 
550 I 46215865 1504 
551 I 46215994 1504 
552 I 46219944 1504 
553 I 46220066 1504 
554 I 46276235 1504 
555 I 46276356 1504 
556 I 46280448 1504 
557 I 46280576 1504 
558 I 46337412 1504 
559 I 46337539 1504 
560 I 46342830 1504 
561 I 46342953 1504 
562 I 46352503 1504 
563 I 46352629 1504 
564 I 46418734 1504 
565 I 46418857 1504 
566 I 46430266 1504 
567 I 46440005 1504 
568 I 46440129 1504 
569 I 46542586 1504 
570 I 46542708 1504 
571 I 46549862 1504 
572 I 46558949 1504 
573 I 46559072 1504 
574 I 46605648 1504 
575 I 46605769 1504 
576 I 46605889 1504 
577 I 46623043 1504 
578 I 46623165 1504 
579 I 46632510 1504 
580 I 46632634 1504 
581 I 46666386 1504 
582 I 46666509 1504 
583 I 46683581 1504 
584 I 46683704 1504 
585 I 46692482 1504 
586 I 46692600 1504 
587 I 46725450 1504 
588 I 46725576 1504 
589 I 46742753 1504 
590 I 46742879 1504 
591 I 46757441 1504 
592 I 46757563 1504 
593 I 46757682 1504 
594 I 46837252 1504 
595 I 46837374 1504 
596 I 46841359 1504 
597 I 46841490 1504 
598 I 46845235 1504 
599 I 46845358 1504 
600 I 46849292 1504 
601 I 46849417 1504 
602 I 46938918 1504 
603 I 46939041 1504 
604 I 46943801 1504 
605 I 46943922 1504 
606 I 46949489 1504 
607 I 46949609 1504 
608 I 46954212 1504 
609 I 60041577 1504 
610 I 60041699 1504 
611 I 60041821 1504 
612 I 60041946 1504 
613 I 60042076 1504 
614 I 60042196 1504 
615 I 60042313 1504 
616 I 60042439 1504 
617 I 60042562 1504 
618 I 60108030 1504 
619 I 60108155 1504 
620 I 60113449 1504 
621 I 60113570 1504 
622 I 60118789 1504 
623 I 60118914 1504 
624 I 60123905 1504 
625 I 60124027 1504 
626 I 60171781 1504 
627 I 60171899 1504 
628 I 60178039 1504 
629 I 60178161 1504 
630 I 60183402 1504 
631 I 60183534 1504 
632 I 60188251 1504 
633 I 60188374 1504 
634 I 60192383 1504 
635 I 60192508 1504 
636 I 60298594 1504 
637 I 60298728 1504 
638 I 60310135 1504 
639 I 60310260 1504 
640 I 60315815 1504 
641 I 60322841 1504 
642 I 60322969 1504 
643 I 60328170 1504 
644 I 60328292 1504 
645 I 60413122 1504 
646 I 60413242 1504 
647 I 60420105 1504 
648 I 60427108 1504 
649 I 60427232 1504 
650 I 60435328 1504 
651 I 60435450 1504 
652 I 60435574 1504 
653 I 60439692 1504 
654 I 60439817 1504 
655 I 60474617 1504 
656 I 60474738 1504 
657 I 60480706 1504 
658 I 60480832 1504 
659 I 60488762 1504 
660 I 60488880 1504 
661 I 60503711 1504 
662 I 60503834 1504 
663 I 60514629 1504 
664 I 60514753 1504 
665 I 60553915 1504 
666 I 60554039 1504 
667 I 60558511 1504 
668 I 60558634 1504 
669 I 60562339 1504 
670 I 60562455 1504 
671 I 60566331 1504 
672 I 60566452 1504 
673 I 60629722 1504 
674 I 60629848 1504 
675 I 60635656 1504 
676 I 60635770 1504 
677 I 60635894 1504 
678 I 60640952 1504 
679 I 60641072 1504 
680 I 60644746 1504 
681 I 73904667 1504 
682 I 73904786 1504 
683 I 73904911 1504 
684 I 73905034 1504 
685 I 73905156 1504 
686 I 73905281 1504 
687 I 73905405 1504 
688 I 73905531 1504 
689 I 73905650 1504 
690 I 73905777 1504 
691 I 73905895 1504 
692 I 73906019 1504 
693 I 73967851 1504 
694 I 73967974 1504 
695 I 73972944 1504 
696 I 73973065 1504 
697 I 73980432 1504 
698 I 73980555 1504 
699 I 73985808 1504 
700 I 73985940 1504 
701 I 73990573 1504 
702 I 73990697 1504 
703 I 73990817 1504 
704 I 73995876 1504 
705 I 73995999 1504 
706 I 74033602 1504 
707 I 74033723 1504 
708 I 74039790 1504 
709 I 74047481 1504 
710 I 74047603 1504 
711 I 74059213 1504 
712 I 74073671 1504 
713 I 74073791 1504 
714 I 74087069 1504 
715 I 74087185 1504 
716 I 74092548 1504 
717 I 74092671 1504 
718 I 74097562 1504 
719 I 74097693 1504 
720 I 74103188 1504 
721 I 74103309 1504 
722 I 74108401 1504 
723 I 74108525 1504 
724 I 74134763 1504 
725 I 74134890 1504 
726 I 74161501 1504 
727 I 74161620 1504 
728 I 74167001 1504 
729 I 74167123 1504 
730 I 74167247 1504 
731 I 74177741 1504 
732 I 74177865 1504 
733 I 74182770 1504 
734 I 74182893 1504 
735 I 74187224 1504 
736 I 74187343 1504 
737 I 74207827 1504 
738 I 74207951 1504 
739 I 74225303 1504 
740 I 74225423 1504 
741 I 74231937 1504 
742 I 74424205 1504 
743 I 86559382 1504 
744 I 86559506 1504 
745 I 86618942 1504 
746 I 86619061 1504 
747 I 86619187 1504 
748 I 86679125 1504 
749 I 86679249 1504 
750 I 86739485 1504 
751 I 86739610 1504 
752 I 86743561 1504 
753 I 86799787 1504 
754 I 86799916 1504 
755 I 86800031 1504 
756 I 86860971 1504 
757 I 86861097 1504 
758 I 86866297 1504 
759 I 86866423 1504 
760 I 86921621 1504 
761 I 86921743 1504 
762 I 86973571 1504 
763 I 86973685 1504 
764 I 86982651 1504 
765 I 86982781 1504 
766 I 87036481 1504 
767 I 87036602 1504 
768 I 87042140 1504 
769 I 87042275 1504 
770 I 87096065 1504 
771 I 87096188 1504 
772 I 87132911 1504 
773 I 87133034 1504 
774 I 87182849 1504 
775 I 87182970 1504 
776 I 87193485 1504 
777 I 87193612 1504 
778 I 87193739 1504 
779 I 87250420 1504 
780 I 87250543 1504 
781 I 87257994 1504 
782 I 87258116 1504 
783 I 87267633 1504 
784 I 87311902 1504 
785 I 87312030 1504 
786 I 87318032 1504 
787 I 87318158 1504 
788 I 87353100 1504 
789 I 87353224 1504 
790 I 87375928 1504 
791 I 87376044 1504 
792 I 87376184 1504 
793 I 87381355 1504 
794 I 87381475 1504 
795 I 87415416 1504 
796 I 87415539 1504 
797 I 87462511 1504 
798 I 87462634 1504 
799 I 87467857 1504 
800 I 87467981 1504 
801 I 87475948 1504 
802 I 87476068 1504 
803 I 87595156 1504 
804 I 87595280 1504 
805 I 87600374 1504 
806 I 87600496 1504 
807 I 87604167 1504 
808 I 87604287 1504 
809 I 87604407 1504 
810 I 87655244 1504 
811 I 87655369 1504 
812 I 87660643 1504 
813 I 87660768 1504 
814 I 87667217 1504 
815 I 87667336 1504 
816 I 87672706 1504 
817 I 87672827 1504 
818 I 87716066 1504 
819 I 87716196 1504 
820 I 87739001 1504 
821 I 87739124 1504 
822 I 100999417 1504 
823 I 100999535 1504 
824 I 100999660 1504 
825 I 100999783 1504 
826 I 100999906 1504 
827 I 101000031 1504 
828 I 101000153 1504 
829 I 101000276 1504 
830 I 101000400 1504 
831 I 101059819 1504 
832 I 101059939 1504 
833 I 101067481 1504 
834 I 101067609 1504 
835 I 101072970 1504 
836 I 101073097 1504 
837 I 101078078 1504 
838 I 101078198 1504 
839 I 101125816 1504 
840 I 101125942 1504 
841 I 101143455 1504 
842 I 101143579 1504 
843 I 101150289 1504 
844 I 101150412 1504 
845 I 101155761 1504 
846 I 101155887 1504 
847 I 101185276 1504 
848 I 101185397 1504 
849 I 101185519 1504 
850 I 101203626 1504 
851 I 101203745 1504 
852 I 101212868 1504 
853 I 101212989 1504 
854 I 101216791 1504 
855 I 101216917 1504 
856 I 101245997 1504 
857 I 101246128 1504 
858 I 101251662 1504 
859 I 101266233 1504 
860 I 101266355 1504 
861 I 101272057 1504 
862 I 101277868 1504 
863 I 101277994 1504 
864 I 101283456 1504 
865 I 101283596 1504 
866 I 101310387 1504 
867 I 101310512 1504 
868 I 101329671 1504 
869 I 101329794 1504 
870 I 101329917 1504 
871 I 101334764 1504 
872 I 101334884 1504 
873 I 101347746 1504 
874 I 101347877 1504 
875 I 101352344 1504 
876 I 101352470 1504 
877 I 101369672 1504 
878 I 101369799 1504 
879 I 101389773 1504 
880 I 101389898 1504 
881 I 101399446 1504 
882 I 101399564 1504 
883 I 101500380 1504 
884 I 101500503 1504 
885 I 101505381 1504 
886 I 101505500 1504 
887 I 101510275 1504 
888 I 101510399 1504 
889 I 101517783 1504 
890 I 101517920 1504 
891 I 101526339 1504 
892 I 101526460 1504 
893 I 101566034 1504 
894 I 101566170 1504 
895 I 115383873 1504 
896 I 115383999 1504 
897 I 115384122 1504 
898 I 115384243 1504 
899 I 115384378 1504 
900 I 115384510 1504 
901 I 115384619 1504 
902 I 115384744 1504 
903 I 115384858 1504 
904 I 115384987 1504 
905 I 115385103 1504 
906 I 115385230 1504 
907 I 115444473 1504 
908 I 115444598 1504 
909 I 115448488 1504 
910 I 115448612 1504 
911 I 115453043 1504 
912 I 115453166 1504 
913 I 115458394 1504 
914 I 115458516 1504 
915 I 115463626 1504 
916 I 115468629 1504 
917 I 115468750 1504 
918 I 115472569 1504 
919 I 115505350 1504 
920 I 115505471 1504 
921 I 115505603 1504 
922 I 115512427 1504 
923 I 115512548 1504 
924 I 115517853 1504 
925 I 115517984 1504 
926 I 115523635 1504 
927 I 115523762 1504 
928 I 115574162 1504 
929 I 115574285 1504 
930 I 115585175 1504 
931 I 115585294 1504 
932 I 115592102 1504 
933 I 115592225 1504 
934 I 115601489 1504 
935 I 115608817 1504 
936 I 115608935 1504 
937 I 115614510 1504 
938 I 115620940 1504 
939 I 115621070 1504 
940 I 115634450 1504 
941 I 115634574 1504 
942 I 115645537 1504 
943 I 115645659 1504 
944 I 115654781 1504 
945 I 115654897 1504 
946 I 115722243 1504 
947 I 115722374 1504 
948 I 115722494 1504 
949 I 115727388 1504 
950 I 115727514 1504 
951 I 115732700 1504 
952 I 115732825 1504 
953 I 115738152 1504 
954 I 115738280 1504 
955 I 115743217 1504 
956 I 115743340 1504 
957 I 115748133 1504 
958 I 115748250 1504 
959 I 115794452 1504 
960 I 115794575 1504 
961 I 115803726 1504 
962 I 115803841 1504 
963 I 115809606 1504 
964 I 115809730 1504 
965 I 115814773 1504 
966 I 115814893 1504 
967 I 115819138 1504 
968 I 129199661 1504 
969 I 129199782 1504 
970 I 129199907 1504 
971 I 129200029 1504 
972 I 129200151 1504 
973 I 129200274 1504 
974 I 129200396 1504 
975 I 129200519 1504 
976 I 129200644 1504 
977 I 129200770 1504 
978 I 129200890 1504 
979 I 129201014 1504 
980 I 129201134 1504 
981 I 129201260 1504 
982 I 129260107 1504 
983 I 129260227 1504 
984 I 129260352 1504 
985 I 129266942 1504 
986 I 129267056 1504 
987 I 129272010 1504 
988 I 129272133 1504 
989 I 129277106 1504 
990 I 129282123 1504 
991 I 129282256 1504 
992 I 129287196 1504 
993 I 129287316 1504 
994 I 129295321 1504 
995 I 129300147 1504 
996 I 129300284 1504 
997 I 129342761 1504 
998 I 129342879 1504 
999 I 129346893 1504 
1000 I 129347025 1504 
1001 I 129351187 1504 
1002 I 129351306 1504 
1003 I 129362527 1504 
1004 I 129367127 1504 
1005 I 129367255 1504 
1006 I 129372614 1504 
1007 I 129381356 1504 
1008 I 129381476 1504 
1009 I 129392397 1504 
1010 I 129392517 1504 
1011 I 129427758 1504 
1012 I 129427879 1504 
1013 I 129428006 1504 
1014 I 129438761 1504 
1015 I 129438886 1504 
1016 I 129443228 1504 
1017 I 129443361 1504 
1018 I 129447284 1504 
1019 I 129447411 1504 
1020 I 129452595 1504 
1021 I 129452710 1504 
1022 I 129457102 1504 
1023 I 129457230 1504 
1024 I 129461699 1504 
1025 I 129461822 1504 
1026 I 129494497 1504 
1027 I 129494625 1504 
1028 I 129499286 1504 
1029 I 129499412 1504 
1030 I 129504254 1504 
1031 I 129504377 1504 
1032 I 129509570 1504 
1033 I 129509704 1504 
1034 I 129514324 1504 
1035 I 129704436 1504 
