0 I 0 1504 
1 I 27 707 
2 I 1332581 1504 
3 I 1332711 1504 
4 I 1332829 1504 
5 I 1332954 1504 
6 I 2023274 1504 
7 I 2023406 1504 
8 I 2428582 1504 
9 I 2428705 1504 
10 I 2732833 1504 
11 I 3032185 1504 
12 I 3232507 1504 
13 I 3548333 1504 
14 I 3945597 1504 
15 I 4243582 1504 
16 I 4373064 1504 
17 I 5403967 1504 
18 I 6144165 1504 
19 I 6723969 1504 
20 I 6724089 1504 
21 I 6724180 188 
22 I 6724212 1504 
23 I 64813524 633 
24 I 64813542 1504 
25 I 65619446 1504 
26 I 65619570 1504 
27 I 65619693 1504 
28 I 65619818 1504 
29 I 65619937 1504 
30 I 65620009 1313 
