0 I 0 276 
1 I 235177 277 
2 I 3004229 280 
3 I 5768860 280 
4 I 8534783 280 
5 I 9281637 276 
6 I 9515483 277 
7 I 12284164 280 
8 I 15754099 280 
9 I 18520076 280 
10 I 21284379 281 
11 I 24582257 282 
12 I 27347687 282 
13 I 30113688 282 
14 I 32880276 282 
15 I 35628929 282 
16 I 38394951 282 
17 I 41161155 282 
18 I 43926962 282 
19 I 46691130 282 
20 I 49457117 282 
21 I 52222793 282 
22 I 54989316 282 
23 I 57755204 282 
24 I 60520733 282 
25 I 63285045 282 
26 I 66036254 282 
27 I 68831759 282 
28 I 71598000 282 
29 I 74365335 282 
30 I 77129682 282 
31 I 79895632 282 
32 I 82661357 282 
33 I 85427575 282 
34 I 88193258 282 
35 I 90957612 282 
36 I 93725557 282 
37 I 96489719 282 
38 I 99255510 282 
39 I 102021491 282 
40 I 104787475 282 
41 I 107553439 282 
42 I 109597088 276 
43 I 109830627 277 
44 I 112599946 280 
45 I 115366162 280 
46 I 118130036 280 
47 I 120896165 281 
48 I 123661939 282 
49 I 126427882 282 
50 I 129194086 282 
51 I 132428316 282 
52 I 135192858 282 
53 I 138475175 282 
54 I 139723183 276 
55 I 140025603 277 
56 I 142788752 280 
57 I 145552507 280 
58 I 148318497 280 
59 I 151679031 281 
60 I 154443049 282 
61 I 157209607 282 
62 I 159975027 282 
63 I 162741276 282 
64 I 165506974 282 
65 I 168272947 282 
66 I 171037565 282 
67 I 173803293 282 
68 I 176568934 282 
69 I 179335138 282 
70 I 182115668 282 
71 I 184882063 282 
72 I 187647917 282 
73 I 190413535 282 
74 I 193179545 282 
75 I 195944080 282 
76 I 198709521 282 
77 I 201475779 282 
78 I 204241969 282 
79 I 207007732 282 
80 I 209773404 282 
81 I 212539392 282 
82 I 215303702 282 
83 I 218069675 282 
84 I 220835624 282 
