0 I 0 301 
1 I 6030 1085 
2 I 2330349 301 
3 I 2336446 1085 
4 I 4602406 301 
5 I 4608356 1085 
6 I 4744530 301 
7 I 4750317 1070 
8 I 6894603 301 
9 I 6900545 1085 
10 I 14088868 301 
11 I 14095081 1085 
12 I 16353374 301 
13 I 16359524 1085 
14 I 18586717 301 
15 I 18592895 1085 
16 I 20799756 301 
17 I 20805773 1085 
18 I 21009848 301 
19 I 21015871 1070 
20 I 22980478 301 
21 I 22986662 1085 
22 I 25108744 301 
23 I 25114721 1085 
24 I 27236859 301 
25 I 27242947 1085 
26 I 29368492 301 
27 I 29374637 1085 
28 I 31527885 301 
29 I 31534024 1085 
30 I 34322556 301 
31 I 34328853 1085 
32 I 36560182 301 
33 I 36566104 1085 
34 I 37058945 301 
35 I 37065020 1070 
36 I 38738816 301 
37 I 38745111 1085 
38 I 40919493 301 
39 I 40925457 1085 
40 I 43193757 301 
41 I 43199752 1085 
42 I 45769216 301 
43 I 45775240 1085 
44 I 47953670 301 
45 I 47959982 1085 
46 I 50228865 301 
47 I 50235170 1085 
48 I 52598605 301 
49 I 52604845 1085 
50 I 53247221 301 
51 I 53253201 1070 
52 I 54878578 301 
53 I 54884798 1085 
54 I 57160439 301 
55 I 57166382 1085 
56 I 59818658 301 
57 I 59824576 1085 
58 I 62055715 301 
59 I 62061744 1085 
60 I 64269192 301 
61 I 64275211 1085 
62 I 66442073 301 
63 I 66447904 1085 
64 I 68607138 301 
65 I 68613469 1085 
66 I 69954869 301 
67 I 69960851 1070 
68 I 70843905 301 
69 I 70850000 1085 
70 I 73075991 301 
71 I 73082284 1085 
72 I 75569634 301 
73 I 75575802 1085 
74 I 77819660 301 
75 I 77825773 1085 
76 I 80077056 301 
77 I 80083278 1085 
78 I 82326385 301 
79 I 82332591 1085 
80 I 84624692 301 
81 I 84630694 1085 
82 I 86273416 301 
83 I 86279252 1070 
84 I 86908750 301 
85 I 86914883 1085 
86 I 89201872 301 
87 I 89207898 1085 
88 I 91496797 301 
89 I 91502868 1085 
90 I 93775770 301 
91 I 93781904 1085 
92 I 96028780 301 
93 I 96034938 1085 
94 I 98215871 301 
95 I 98221870 1085 
96 I 100416748 301 
97 I 100422713 1085 
98 I 102553323 301 
99 I 102559452 1070 
100 I 102608415 301 
101 I 102614497 1085 
102 I 104809299 301 
103 I 104815378 1085 
104 I 106974298 301 
105 I 106980274 1085 
106 I 109088352 301 
107 I 109094615 1085 
108 I 111209738 301 
109 I 111215929 1085 
110 I 113331675 301 
111 I 113337859 1085 
112 I 115505993 301 
113 I 115511904 1085 
114 I 117664386 301 
115 I 117670286 1085 
116 I 118748761 301 
117 I 118754918 1070 
118 I 119921129 301 
119 I 119927337 1085 
120 I 122277122 301 
121 I 122283195 1085 
122 I 124438987 301 
123 I 124444967 1085 
124 I 126585279 301 
125 I 126591200 1085 
126 I 128764764 301 
127 I 128771020 1085 
128 I 130945950 301 
129 I 130952087 1085 
130 I 133136850 301 
131 I 133142868 1085 
132 I 135566295 301 
133 I 135572197 1070 
134 I 135658026 301 
135 I 135664005 1085 
136 I 138116766 301 
137 I 138122793 1085 
138 I 140486168 301 
139 I 140492362 1085 
140 I 145286436 301 
141 I 145292576 1085 
142 I 147464960 301 
143 I 147471074 1085 
144 I 149665432 301 
145 I 149671366 1085 
146 I 151827536 301 
147 I 151833717 1070 
148 I 151838574 301 
149 I 151844751 1085 
150 I 154065266 301 
151 I 154071600 1085 
152 I 156323278 301 
153 I 156329435 1085 
154 I 158574984 301 
155 I 158581267 1085 
156 I 160819154 301 
157 I 160825306 1085 
158 I 163074092 301 
159 I 163080367 1085 
160 I 165440161 301 
161 I 165446356 1085 
162 I 167699098 301 
163 I 167705413 1085 
164 I 167969460 301 
165 I 167975646 1070 
166 I 169991377 301 
167 I 169997223 1085 
168 I 172271004 301 
169 I 172277009 1085 
170 I 174557746 301 
171 I 174563750 1085 
172 I 176827929 301 
173 I 176834234 1085 
174 I 179065305 301 
175 I 179071182 1085 
176 I 181629084 301 
177 I 181635087 1085 
178 I 183829895 301 
179 I 183835804 1085 
180 I 184155793 301 
181 I 184161899 1070 
182 I 186024607 301 
183 I 186030676 1085 
184 I 188215098 301 
185 I 188220993 1085 
186 I 190363295 301 
187 I 190369202 1085 
188 I 192498762 301 
189 I 192504901 1085 
190 I 195392719 301 
191 I 195398658 1085 
192 I 197524180 301 
193 I 197530421 1085 
194 I 199716163 301 
195 I 199722137 1085 
196 I 200824383 301 
197 I 200830510 1070 
198 I 201884742 301 
199 I 201890658 1085 
200 I 204070759 301 
201 I 204076954 1085 
202 I 206236089 301 
203 I 206242136 1085 
204 I 208638747 301 
205 I 208645055 1085 
206 I 210816265 301 
207 I 210822375 1085 
208 I 213005968 301 
209 I 213012066 1085 
210 I 215183473 301 
211 I 215189651 1085 
212 I 216967410 301 
213 I 216973503 1070 
214 I 217421328 301 
215 I 217427277 1085 
216 I 219698770 301 
217 I 219705065 1085 
218 I 221964206 301 
219 I 221970206 1085 
220 I 224227254 301 
221 I 224233476 1085 
222 I 226519843 301 
223 I 226526036 1085 
224 I 228798285 301 
225 I 228804323 1085 
226 I 230962772 301 
227 I 230968651 1085 
228 I 233129764 301 
229 I 233135964 1085 
230 I 233137706 301 
231 I 233143406 1070 
232 I 235313372 301 
233 I 235319665 1085 
234 I 237542002 301 
235 I 237547953 1085 
236 I 239734461 301 
237 I 239740552 1085 
238 I 242328167 301 
239 I 242334067 1085 
240 I 244563122 301 
241 I 244569038 1085 
242 I 246803055 301 
243 I 246808991 1085 
244 I 249076245 301 
245 I 249082407 1085 
246 I 249903771 301 
247 I 249909795 1070 
248 I 251332130 301 
249 I 251338257 1085 
250 I 253604331 301 
251 I 253610546 1085 
252 I 256126524 301 
253 I 256132643 1085 
254 I 258476506 301 
255 I 258482802 1085 
256 I 260766086 301 
257 I 260772367 1085 
258 I 262971884 301 
259 I 262977890 1085 
260 I 265161628 301 
261 I 265167758 1085 
262 I 266184702 301 
263 I 266190509 1070 
264 I 267352783 301 
265 I 267358994 1085 
266 I 269567641 301 
267 I 269573638 1085 
268 I 271753658 301 
269 I 271759680 1085 
270 I 273914506 301 
271 I 273920512 1085 
272 I 276082547 301 
273 I 276088638 1085 
274 I 278198552 301 
275 I 278204588 1085 
276 I 280341930 301 
277 I 280348080 1085 
278 I 282353500 301 
279 I 282359516 1070 
280 I 282492747 301 
281 I 282498702 1085 
282 I 284628974 301 
283 I 284635291 1085 
284 I 286905733 301 
285 I 286911741 1085 
286 I 289092573 301 
287 I 289098936 1085 
288 I 291242835 301 
289 I 291248950 1085 
290 I 293393144 301 
291 I 293399240 1085 
292 I 295536769 301 
293 I 295542796 1085 
294 I 297713646 301 
295 I 297719636 1085 
