0 I 0 436 
1 I 80069479 296 
2 I 80239240 373 
3 I 81761885 292 
4 I 82129785 376 
5 I 82344577 372 
6 I 86985570 260 
7 I 88516675 268 
8 I 90755126 244 
9 I 91376698 245 
10 I 91446763 245 
11 I 92313878 242 
12 I 92431867 244 
13 I 92586452 362 
14 I 92665406 362 
15 I 92726836 362 
16 I 92781536 364 
17 I 92876990 362 
18 I 92904637 362 
19 I 92992386 362 
20 I 93020724 362 
21 I 93111083 362 
22 I 93138447 362 
23 I 93229250 363 
24 I 93258126 363 
25 I 93517911 364 
26 I 93637941 360 
27 I 93708547 360 
28 I 93756340 362 
29 I 93830277 361 
30 I 93870137 361 
31 I 93975279 360 
32 I 94002902 361 
33 I 94092367 361 
34 I 94123762 360 
35 I 94213121 360 
36 I 94240550 363 
37 I 94324651 362 
38 I 94357991 361 
39 I 94442318 361 
40 I 94479717 363 
41 I 94556834 361 
42 I 94589835 362 
43 I 94673612 365 
44 I 94725839 363 
45 I 94934595 364 
46 I 94963284 365 
47 I 95118317 361 
48 I 95192396 359 
49 I 95495302 361 
50 I 95555735 359 
51 I 95616431 360 
52 I 95673551 359 
53 I 95825210 359 
54 I 95899054 365 
55 I 95977970 360 
56 I 96141191 362 
57 I 96404477 361 
58 I 96432006 360 
59 I 96506674 364 
60 I 96616099 360 
61 I 96818923 360 
62 I 96946413 361 
63 I 97063942 361 
64 I 97218178 361 
65 I 97602523 361 
66 I 97776046 361 
67 I 98119479 360 
68 I 98300869 362 
69 I 98504270 361 
70 I 102226165 363 
71 I 102249451 363 
72 I 102329682 363 
73 I 102353387 363 
74 I 102887942 374 
75 I 102911569 363 
76 I 103019296 364 
77 I 103046721 363 
78 I 103161406 362 
79 I 103184765 361 
80 I 103315694 363 
81 I 103348352 364 
82 I 103542745 366 
83 I 103941006 365 
84 I 103968780 366 
85 I 104083879 367 
86 I 104121619 363 
87 I 104219852 367 
88 I 104247353 365 
89 I 104412703 365 
90 I 104444515 369 
91 I 104547531 365 
92 I 104601958 367 
93 I 104667476 364 
94 I 116683747 389 
95 I 116835495 361 
96 I 116859386 365 
97 I 116993930 365 
98 I 117031885 365 
99 I 117168570 365 
100 I 122609434 387 
101 I 122799959 363 
