0 I 0 462 
1 I 164126 318 
2 I 176978 462 
3 I 398134 465 
4 I 3462386 465 
5 I 14106606 538 
6 I 14862422 328 
7 I 15415487 323 
8 I 15739229 323 
9 I 16149473 325 
10 I 19739068 325 
11 I 19968296 332 
12 I 20098992 329 
13 I 20776832 324 
14 I 21223620 323 
15 I 21359903 325 
16 I 24078677 326 
17 I 26186595 328 
18 I 26592289 323 
19 I 29516427 323 
20 I 30477738 323 
21 I 30610433 326 
22 I 30998751 324 
23 I 31496961 324 
24 I 31705923 321 
25 I 35214323 324 
26 I 35575606 325 
27 I 35718460 322 
28 I 36260291 328 
29 I 36437110 333 
30 I 36592884 328 
