0 I 0 377 
1 I 11690 377 
2 I 104392 403 
3 I 195037 404 
4 I 283884 376 
5 I 306181 390 
6 I 452370 377 
7 I 470656 388 
8 I 588928 382 
9 I 619907 384 
10 I 973016 368 
11 I 979189 384 
12 I 1224567 366 
13 I 1239279 379 
14 I 1329576 368 
15 I 1350262 387 
16 I 5035272 453 
17 I 5049032 455 
18 I 5178366 457 
19 I 5299868 454 
20 I 5375226 449 
21 I 5414549 458 
22 I 10575760 480 
23 I 10697088 485 
24 I 16691367 576 
25 I 16716124 577 
26 I 16852420 545 
27 I 16876212 557 
28 I 17021345 558 
29 I 17103669 558 
