0 I 0 359 
1 I 120113 359 
2 I 243357 385 
3 I 759106 386 
4 I 759197 364 
5 I 1579732 356 
6 I 1580118 359 
7 I 1864935 370 
8 I 1864998 379 
9 I 1964803 342 
10 I 1971396 339 
11 I 2049598 372 
12 I 2133667 371 
13 I 2148612 385 
14 I 2221855 362 
15 I 2236894 362 
16 I 2316347 371 
17 I 2365425 372 
18 I 2407887 366 
19 I 2486107 359 
20 I 2496178 356 
21 I 2594265 359 
22 I 2607336 360 
23 I 2681617 353 
24 I 2708661 358 
25 I 2784183 356 
26 I 2793378 363 
27 I 2866187 353 
28 I 2874439 353 
29 I 3071484 351 
30 I 18616639 400 
31 I 18668513 399 
32 I 18741428 399 
33 I 25886716 410 
34 I 25896190 418 
35 I 25983808 414 
36 I 26108756 402 
37 I 26109011 442 
38 I 26231046 408 
39 I 26237985 408 
40 I 26417873 408 
41 I 26431310 408 
42 I 26536117 409 
43 I 26547965 410 
44 I 26665745 410 
45 I 26672519 410 
46 I 26752706 410 
47 I 26761290 409 
48 I 26835185 409 
49 I 26848254 409 
50 I 26921851 410 
51 I 26986121 408 
52 I 27006803 410 
53 I 27070872 411 
54 I 27091143 410 
55 I 27160447 411 
56 I 27193873 411 
57 I 33426353 433 
