0 I 0 899 
1 I 59812 916 
2 I 23951897 1011 
3 I 23994032 962 
4 I 24032026 918 
5 I 24387457 734 
6 I 24578186 1091 
7 I 25123965 1025 
8 I 25168255 966 
9 I 26320008 797 
10 I 26323771 810 
11 I 26327960 793 
12 I 26337806 799 
13 I 26345630 793 
14 I 26353777 794 
15 I 26357751 792 
16 I 26363637 790 
17 I 26369757 792 
18 I 26375786 801 
19 I 26381711 807 
20 I 26514165 806 
21 I 26547613 800 
22 I 26571969 797 
23 I 30087697 825 
24 I 30203771 825 
25 I 30588797 804 
26 I 30588836 813 
27 I 30602562 805 
28 I 30602593 800 
29 I 30607576 809 
30 I 30611647 813 
31 I 30617680 826 
32 I 30627593 809 
33 I 30631559 793 
34 I 30639656 800 
35 I 30647792 809 
36 I 30759778 813 
37 I 30768702 817 
38 I 30768878 816 
39 I 30777881 812 
40 I 30782237 813 
41 I 30791798 805 
42 I 30826145 812 
43 I 33061760 808 
44 I 33069719 810 
45 I 33313729 817 
46 I 40377864 873 
47 I 40479908 793 
48 I 41895709 848 
49 I 42333833 836 
50 I 42499715 819 
51 I 42615805 820 
52 I 42967732 941 
53 I 43207988 1020 
54 I 44308628 873 
55 I 44308824 864 
56 I 44317869 865 
57 I 44325737 890 
58 I 44330181 903 
59 I 44345964 880 
60 I 44461904 881 
61 I 44486018 874 
62 I 44545973 890 
63 I 44568020 869 
64 I 44587996 881 
65 I 44636083 875 
66 I 44848991 857 
67 I 44849271 892 
68 I 44903680 861 
69 I 44918922 865 
70 I 44919518 864 
71 I 44923789 872 
72 I 44937724 744 
73 I 44993850 866 
74 I 44997909 869 
75 I 45119667 866 
76 I 45369732 875 
77 I 45529660 867 
78 I 45736000 902 
79 I 45973906 879 
80 I 45982623 882 
81 I 45982694 864 
82 I 46157959 887 
83 I 66019832 873 
84 I 67151887 852 
85 I 67505903 883 
86 I 67566055 866 
87 I 67755643 866 
88 I 68341708 904 
89 I 68578156 738 
90 I 68582596 744 
91 I 68582613 739 
92 I 68810467 745 
93 I 69111615 743 
94 I 69119600 759 
95 I 69124411 750 
96 I 69124588 753 
97 I 69127633 750 
98 I 69252137 760 
99 I 69781552 736 
100 I 69789545 731 
101 I 69794531 751 
102 I 69794540 746 
103 I 69799805 744 
104 I 69803804 754 
105 I 69817880 742 
106 I 69897538 743 
107 I 70026603 742 
108 I 70026608 750 
109 I 70036244 746 
110 I 70036590 744 
111 I 70049697 742 
112 I 70117790 745 
113 I 70231576 743 
114 I 70239519 749 
115 I 70475551 752 
