0 I 0 365 
1 I 7468577 364 
2 I 11540798 365 
3 I 16671082 364 
4 I 21352819 365 
5 I 26512596 364 
6 I 32036292 365 
7 I 46735324 365 
8 I 58177097 365 
9 I 69462324 365 
10 I 76745235 364 
11 I 81545366 365 
12 I 89736167 364 
13 I 95429981 365 
14 I 107177569 365 
15 I 113759756 364 
16 I 118530400 365 
17 I 127292340 364 
18 I 131602616 365 
19 I 138272777 364 
20 I 148348316 365 
21 I 154016371 364 
22 I 162732838 365 
23 I 170860070 365 
24 I 176038195 364 
25 I 182721510 365 
26 I 192030797 364 
27 I 195990651 365 
28 I 199858625 364 
29 I 204364576 365 
30 I 209969395 364 
31 I 217847810 365 
32 I 222955702 364 
33 I 236506285 342 
