0 I 0 311 
1 I 7997751 183 
2 I 8448644 173 
3 I 17639631 183 
4 I 18042515 174 
5 I 24880020 183 
6 I 25279326 174 
7 I 32313289 183 
8 I 32709261 174 
9 I 35928690 174 
10 I 52103350 179 
11 I 53325519 302 
12 I 58423255 179 
13 I 59890531 306 
14 I 62979608 306 
15 I 73522629 179 
16 I 75894645 172 
17 I 83995107 179 
18 I 86181879 172 
19 I 90849583 179 
20 I 91268829 172 
21 I 101099079 179 
22 I 101505490 172 
23 I 108188263 179 
24 I 108609008 173 
25 I 118427943 179 
26 I 118781829 174 
