0 I 0 1087 
1 I 453321 232 
2 I 869963 233 
3 I 1273297 230 
4 I 1697092 230 
5 I 2112865 234 
6 I 2509036 234 
7 I 2932320 233 
8 I 3346950 229 
9 I 63810766 1087 
10 I 64259547 232 
11 I 64674319 233 
12 I 65092214 230 
13 I 65508580 230 
14 I 65922756 234 
15 I 66322525 234 
16 I 66718494 233 
17 I 67123477 229 
18 I 127564510 1087 
19 I 128010606 232 
20 I 128445583 233 
21 I 128849685 230 
22 I 129265312 230 
23 I 129680349 234 
24 I 130081442 234 
25 I 130480716 233 
26 I 130911821 229 
27 I 191338939 1087 
28 I 191781954 232 
29 I 192215318 233 
30 I 192618664 230 
31 I 193040043 230 
32 I 193467243 234 
33 I 193863021 234 
34 I 194263787 233 
35 I 194687985 229 
36 I 255108719 1087 
37 I 255620970 232 
38 I 256043562 233 
39 I 256447302 230 
40 I 256861157 230 
41 I 257279119 234 
42 I 257674305 234 
43 I 258085192 233 
44 I 258489808 229 
