0 I 0 121 
1 I 673675 104 
2 I 1346418 142 
3 I 2181302 71 
4 I 2847477 62 
5 I 4117828 50 
6 I 4804802 275 
7 I 5481124 506 
8 I 6129513 275 
9 I 6748431 275 
10 I 7406594 275 
11 I 8085601 275 
12 I 8763531 275 
13 I 9451994 275 
14 I 10104055 275 
15 I 10779111 275 
16 I 11467502 275 
17 I 12141782 275 
18 I 12794662 275 
19 I 13459384 275 
20 I 14138893 275 
21 I 14825294 275 
22 I 15506612 275 
23 I 16150112 275 
24 I 16810997 275 
25 I 17478148 275 
26 I 18131267 275 
27 I 18778350 275 
28 I 19444561 275 
29 I 20204302 275 
30 I 20974254 275 
31 I 21703854 275 
32 I 22416756 275 
33 I 23104990 275 
34 I 23797389 275 
35 I 24455162 275 
36 I 25078546 275 
37 I 25724912 275 
38 I 26381600 275 
39 I 27111133 275 
40 I 27789121 275 
41 I 28442786 275 
42 I 29128247 275 
43 I 29799579 275 
44 I 31450283 275 
45 I 31508845 506 
