0 I 0 528 
1 I 61783704 328 
2 I 64405765 323 
3 I 65838018 323 
4 I 67613457 325 
5 I 68871968 325 
6 I 69791590 332 
7 I 70384751 329 
8 I 73507629 324 
9 I 75362145 323 
10 I 75958499 325 
11 I 87252354 326 
12 I 96514404 328 
13 I 98487553 323 
14 I 100184724 323 
15 I 100784631 326 
16 I 102585966 324 
17 I 104613010 324 
18 I 105511296 321 
19 I 107032425 324 
20 I 108500205 325 
21 I 109095485 322 
22 I 111675886 328 
23 I 112264952 333 
24 I 112855324 328 
25 I 115042834 487 
26 I 160739110 451 
27 I 206237660 454 
