0 I 0 246 
1 I 12413862 1504 
2 I 12414092 1504 
3 I 15412012 1504 
4 I 21410934 1504 
5 I 22914784 1504 
6 I 22914962 1504 
7 I 24396399 1504 
8 I 24396579 1504 
9 I 36393061 1504 
10 I 36726813 1504 
11 I 51625944 1504 
12 I 51626059 1504 
13 I 54624366 1504 
14 I 55671351 1504 
15 I 55671527 1504 
16 I 56881378 1504 
17 I 56881490 1504 
18 I 56881632 1504 
19 I 58008156 246 
20 I 60389043 1504 
21 I 61790791 246 
22 I 61827723 1504 
23 I 61827837 1504 
24 I 63111061 1504 
25 I 63111341 246 
26 I 63111355 1504 
27 I 67709779 246 
