0 I 0 206 
1 I 70 235 
2 I 144 242 
3 I 244 461 
4 I 291 451 
5 I 325 460 
6 I 436 456 
7 I 516 454 
8 I 297260 1281 
9 I 297340 1279 
10 I 301237 1286 
11 I 301335 1294 
12 I 301584 1260 
13 I 301692 1406 
14 I 301701 59 
15 I 301704 449 
16 I 301707 755 
17 I 301755 68 
18 I 301764 449 
19 I 302177 184 
20 I 302393 455 
21 I 459580 1136 
22 I 595128 1246 
23 I 595259 1298 
24 I 606585 880 
25 I 606814 1504 
26 I 607020 1504 
27 I 607164 1504 
28 I 607333 1504 
29 I 607550 1504 
30 I 721998 112 
31 I 756053 1504 
32 I 895093 880 
33 I 1218941 580 
34 I 1218962 490 
35 I 1861896 112 
36 I 2531645 112 
37 I 2689064 174 
38 I 2745659 580 
39 I 2745692 580 
40 I 2745775 580 
41 I 2819531 580 
42 I 2819621 580 
43 I 2819709 580 
44 I 3042038 580 
45 I 3042134 580 
46 I 3042164 580 
47 I 3156200 580 
48 I 3156216 580 
49 I 3255800 286 
50 I 3338149 580 
51 I 3338227 580 
52 I 3338289 580 
53 I 3452720 580 
54 I 3452737 580 
55 I 3452792 580 
56 I 3452847 580 
57 I 3452895 580 
58 I 3634821 580 
59 I 3634881 580 
60 I 3634904 580 
61 I 3672802 174 
62 I 3718748 348 
63 I 3719825 580 
64 I 3719870 580 
65 I 3720012 580 
66 I 3749724 580 
67 I 3749777 580 
68 I 3749870 580 
69 I 3749896 580 
70 I 3749992 580 
71 I 3749995 580 
72 I 3750109 580 
73 I 3750124 580 
74 I 3932415 580 
75 I 3932520 580 
76 I 3932582 580 
77 I 4015473 547 
78 I 4051120 580 
79 I 4051291 580 
80 I 4051293 580 
81 I 4051609 580 
82 I 4051631 580 
83 I 4051668 580 
84 I 4051752 580 
85 I 4053149 174 
86 I 4351752 355 
