0 I 0 1424 
1 I 34316 1424 
2 I 35452 1424 
3 I 96798 1424 
4 I 96903 1424 
5 I 289285 1424 
6 I 289525 1424 
7 I 401952 1424 
8 I 576471 1424 
9 I 576633 1424 
10 I 666415 1424 
11 I 666536 1424 
12 I 666641 1424 
13 I 667154 1424 
14 I 804362 1424 
15 I 806000 1424 
16 I 806167 1424 
17 I 872065 1424 
18 I 905408 1424 
19 I 905784 1424 
20 I 1172740 1424 
21 I 1172822 1424 
22 I 1206690 1424 
23 I 1207052 1424 
24 I 1336712 1424 
25 I 1429388 1424 
26 I 1431295 1424 
27 I 1433080 1424 
28 I 1433197 1424 
29 I 1526972 1424 
30 I 1527214 1424 
31 I 1584921 1424 
32 I 1585199 1424 
33 I 1667901 1424 
34 I 1668010 1424 
35 I 1756956 1424 
36 I 1757049 1424 
37 I 1810384 1424 
38 I 1929756 1424 
39 I 1972263 1424 
40 I 1972438 1424 
41 I 2011415 1424 
42 I 2111121 1424 
43 I 2191004 1424 
44 I 2194595 1424 
45 I 2195194 1424 
46 I 2195359 1424 
47 I 2353158 1424 
48 I 2353354 1424 
49 I 2441709 1424 
50 I 2442050 1424 
51 I 2523653 1424 
52 I 2577933 1424 
53 I 2578161 1424 
54 I 2733687 1424 
55 I 2733775 1424 
56 I 2959063 1424 
57 I 2959227 1424 
58 I 2959476 1424 
59 I 2959796 1424 
60 I 3017591 1424 
61 I 3017806 1424 
62 I 3284536 1424 
63 I 3319531 1424 
64 I 3337177 1424 
65 I 3337293 1424 
66 I 3419706 1424 
67 I 3419960 1424 
68 I 3420244 1424 
69 I 3722194 1424 
70 I 3774183 1424 
71 I 3774358 1424 
72 I 3843186 1424 
73 I 3843471 1424 
74 I 3844837 1424 
75 I 3845078 1424 
76 I 4108665 1424 
77 I 4108928 1424 
78 I 4240263 1424 
79 I 4240460 1424 
80 I 4241308 1424 
81 I 4241381 1424 
82 I 4295147 1424 
83 I 4425609 1424 
84 I 4540974 1424 
85 I 4541085 1424 
86 I 4589820 1424 
87 I 4590059 1424 
88 I 4727741 1424 
89 I 4807362 1424 
90 I 4807488 1424 
91 I 5065678 1424 
92 I 5065861 1424 
93 I 5125311 1424 
94 I 5213499 1424 
95 I 5230855 1424 
96 I 5259674 1424 
97 I 5259775 1424 
98 I 5375814 1424 
99 I 5375923 1424 
100 I 5422254 1424 
101 I 5422419 1424 
102 I 5422504 1424 
103 I 5431422 1424 
104 I 5555093 1424 
105 I 5555264 1424 
106 I 5633332 1424 
107 I 5637945 1424 
108 I 5894285 1424 
109 I 5894683 1424 
110 I 5934642 1424 
111 I 5947007 1424 
112 I 6073252 1424 
113 I 6073452 1424 
114 I 6186523 1424 
115 I 6186726 1424 
116 I 6236549 1424 
117 I 6238405 1424 
118 I 6238530 1424 
119 I 6403341 1424 
120 I 6403595 1424 
121 I 6403686 1424 
122 I 6495549 1424 
123 I 6682093 1424 
124 I 6682173 1424 
125 I 6682301 1424 
126 I 6721888 1424 
127 I 6721990 1424 
128 I 6861871 1424 
129 I 6861952 1424 
130 I 6979729 1424 
131 I 6979918 1424 
132 I 6980068 1424 
133 I 7028932 1424 
134 I 7029126 1424 
135 I 7188066 1424 
136 I 7188329 1424 
137 I 7278684 1424 
138 I 7342543 1424 
139 I 7362392 1424 
140 I 7362660 1424 
141 I 7472047 1424 
142 I 7650696 1424 
143 I 7650833 1424 
144 I 7651026 1424 
145 I 7706406 1424 
146 I 7745180 1424 
147 I 7769095 1424 
148 I 8065132 1424 
149 I 8124875 1424 
150 I 8125047 1424 
151 I 8147380 1424 
152 I 8148904 1424 
153 I 8149226 1424 
154 I 8149312 1424 
155 I 8437715 1424 
156 I 8437840 1424 
157 I 8486188 1424 
158 I 8546418 1424 
159 I 8550039 1424 
160 I 8605238 1424 
161 I 8651507 1424 
162 I 8841519 1424 
163 I 8841747 1424 
164 I 8924871 1424 
165 I 8924994 1424 
166 I 8930803 1424 
167 I 8931169 1424 
168 I 8931596 1424 
169 I 9107963 1424 
170 I 9108128 1424 
171 I 9211087 1424 
172 I 9211265 1424 
173 I 9211446 1424 
174 I 9254055 1424 
175 I 9256686 1424 
176 I 9314753 1424 
177 I 9314947 1424 
178 I 9427887 1424 
179 I 9428055 1424 
180 I 9503262 1424 
181 I 9606934 1424 
182 I 9694831 1424 
183 I 9696557 1424 
184 I 9805058 1424 
185 I 9873577 1424 
186 I 9874095 1424 
187 I 9976730 1424 
188 I 9976854 1424 
189 I 10024031 1424 
190 I 10024126 1424 
191 I 10109007 1424 
192 I 10195255 1424 
193 I 10195409 1424 
194 I 10207430 1424 
195 I 10259621 1424 
196 I 10360262 1424 
197 I 10370868 1424 
198 I 10412737 1424 
199 I 10468844 1424 
200 I 10561512 1424 
201 I 10584892 1424 
202 I 10639885 1424 
203 I 10640293 1424 
204 I 10734998 1424 
205 I 10735362 1424 
206 I 10735675 1424 
207 I 10792910 1424 
208 I 10963885 1424 
209 I 10978596 1424 
210 I 11007852 1424 
211 I 11022529 1424 
212 I 11022607 1424 
213 I 11064624 1424 
214 I 11132604 1424 
215 I 11132799 1424 
216 I 11231858 1424 
217 I 11266423 1424 
218 I 11314639 1424 
219 I 11362141 1424 
220 I 11366361 1424 
221 I 11414645 1424 
222 I 11415604 1424 
223 I 11514380 1424 
224 I 11514506 1424 
225 I 11801728 1424 
226 I 12024622 1424 
227 I 12030807 1424 
228 I 12055593 1424 
229 I 12055770 1424 
230 I 12100603 1424 
231 I 12152073 1424 
232 I 12152242 1424 
233 I 12205629 1424 
234 I 12206194 1424 
235 I 12304980 1424 
236 I 12309122 1424 
237 I 12589294 1424 
238 I 12774701 1424 
239 I 12811223 1424 
240 I 12938265 1424 
241 I 12975582 1424 
242 I 12995230 1424 
243 I 12997812 1424 
244 I 13047221 1424 
245 I 13176794 1424 
246 I 13277519 1424 
247 I 13550744 1424 
248 I 13550838 1424 
249 I 13550944 1424 
250 I 13593732 1424 
251 I 13593915 1424 
252 I 13594118 1424 
253 I 13594285 1424 
254 I 13594444 1424 
255 I 13594564 1424 
256 I 13594723 1424 
257 I 13594810 1424 
258 I 13629134 1424 
259 I 13755260 1424 
260 I 13813693 1424 
261 I 13816763 1424 
262 I 13868448 1424 
263 I 13956154 1424 
264 I 13956320 1424 
265 I 14001131 1424 
266 I 14001325 1424 
267 I 14283358 1424 
268 I 14416316 1424 
269 I 14418508 1424 
270 I 14555265 1424 
271 I 14555356 1424 
272 I 14555502 1424 
273 I 14571481 1424 
274 I 14571584 1424 
275 I 14629183 1424 
276 I 14634543 1424 
277 I 14690748 1424 
278 I 14766978 1424 
279 I 14767160 1424 
280 I 14808890 1424 
281 I 14809053 1424 
282 I 14887270 1424 
283 I 15227143 1424 
284 I 15289436 1424 
285 I 15431758 1424 
286 I 15494266 1424 
287 I 15494550 1424 
288 I 15558230 1424 
289 I 15558456 1424 
290 I 15616046 1424 
291 I 15616175 1424 
292 I 15762530 1424 
293 I 16100471 1424 
294 I 16100627 1424 
295 I 16247342 1424 
296 I 16384258 1424 
297 I 16594565 1424 
298 I 16898742 1424 
299 I 16924185 1424 
300 I 16999305 1424 
301 I 16999712 1424 
302 I 17099748 1424 
303 I 17218358 1424 
304 I 17430496 1424 
305 I 17703512 1424 
306 I 17730797 1424 
307 I 17731020 1424 
308 I 17751554 1424 
309 I 17822139 1424 
310 I 17822219 1424 
311 I 17823172 1424 
312 I 17823269 1424 
313 I 18046479 1424 
314 I 18206795 1424 
315 I 18256762 1424 
316 I 18544342 1424 
317 I 18564211 1424 
318 I 18564379 1424 
319 I 18639235 1424 
320 I 18641664 1424 
321 I 18641750 1424 
322 I 18864823 1424 
323 I 18864998 1424 
324 I 18865076 1424 
325 I 18910259 1424 
326 I 19022299 1424 
327 I 19022598 1424 
328 I 19082754 1424 
329 I 19082880 1424 
330 I 19198966 1424 
331 I 19396597 1424 
332 I 19396792 1424 
333 I 19600556 1424 
334 I 19707457 1424 
335 I 19867470 1424 
336 I 19867724 1424 
337 I 19903545 1424 
338 I 19903654 1424 
339 I 19916562 1424 
340 I 19916821 1424 
341 I 19929751 1424 
342 I 19930029 1424 
343 I 19930204 1424 
344 I 20209735 1424 
345 I 20209829 1424 
346 I 20318681 1424 
347 I 20560907 1424 
348 I 20561003 1424 
349 I 20618679 1424 
350 I 20621077 1424 
351 I 20722080 1424 
352 I 20770378 1424 
353 I 20770730 1424 
354 I 20783984 1424 
355 I 20784088 1424 
356 I 20784222 1424 
357 I 20912106 1424 
358 I 20912286 1424 
359 I 20912466 1424 
360 I 20912749 1424 
361 I 21216158 1424 
362 I 21453699 1424 
363 I 21453863 1424 
364 I 21499344 1424 
365 I 21504078 1424 
366 I 21504336 1424 
367 I 21504578 1424 
368 I 21504737 1424 
369 I 21504837 1424 
370 I 21627083 1424 
371 I 21663298 1424 
372 I 21663375 1424 
373 I 21663455 1424 
374 I 21719568 1424 
375 I 21719659 1424 
376 I 21770901 1424 
377 I 21771144 1424 
378 I 21771227 1424 
379 I 21928408 1424 
380 I 22074684 1424 
381 I 22129661 1424 
382 I 22315993 1424 
383 I 22366053 1424 
384 I 22366240 1424 
385 I 22366856 1424 
386 I 22367087 1424 
387 I 22367400 1424 
388 I 22367582 1424 
389 I 22367745 1424 
390 I 22368136 1424 
391 I 22368372 1424 
392 I 22368779 1424 
393 I 22370371 1424 
394 I 22371685 1424 
395 I 22494164 1424 
396 I 22494332 1424 
397 I 22532394 1424 
398 I 22538461 1424 
399 I 22638941 1424 
400 I 22639105 1424 
401 I 22639201 1424 
402 I 22639580 1424 
403 I 22728105 1424 
404 I 22791447 1424 
405 I 22791693 1424 
406 I 22934058 1424 
407 I 23135454 1424 
408 I 23253128 1424 
409 I 23260847 1424 
410 I 23336611 1424 
411 I 23368580 1424 
412 I 23368765 1424 
413 I 23548104 1424 
414 I 23548392 1424 
415 I 23675209 1424 
416 I 24126856 1424 
417 I 24126994 1424 
418 I 24238922 1424 
419 I 24239122 1424 
420 I 24241627 1424 
421 I 24241717 1424 
422 I 24343941 1424 
423 I 24344048 1424 
424 I 24410318 1424 
425 I 24410452 1424 
426 I 24544356 1424 
427 I 24644326 1424 
428 I 24946471 1424 
429 I 24999770 1424 
430 I 25000140 1424 
431 I 25117369 1424 
432 I 25117491 1424 
433 I 25117655 1424 
434 I 25119751 1424 
435 I 25120077 1424 
436 I 25250090 1424 
437 I 25250448 1424 
438 I 25291279 1424 
439 I 25291448 1424 
440 I 25348478 1424 
441 I 25449171 1424 
442 I 25532232 1424 
443 I 25532406 1424 
444 I 25835925 1424 
445 I 25836013 1424 
446 I 25876368 1424 
447 I 25876618 1424 
448 I 25991578 1424 
449 I 26141993 1424 
450 I 26142083 1424 
451 I 26186340 1424 
452 I 26186542 1424 
453 I 26186917 1424 
454 I 26324162 1424 
455 I 26324320 1424 
456 I 26756252 1424 
457 I 26849624 1424 
458 I 26849981 1424 
459 I 26856808 1424 
460 I 26996693 1424 
461 I 26996800 1424 
462 I 27042544 1424 
463 I 27042772 1424 
464 I 27139330 1424 
465 I 27175439 1424 
466 I 27360081 1424 
467 I 27684774 1424 
468 I 27684932 1424 
469 I 27691461 1424 
470 I 27691562 1424 
471 I 27762338 1424 
472 I 27821043 1424 
473 I 27821159 1424 
474 I 27821281 1424 
475 I 27863330 1424 
476 I 27863589 1424 
477 I 27863771 1424 
478 I 27863954 1424 
479 I 27995260 319 
480 I 28146769 1424 
481 I 28515681 1424 
482 I 28515858 1424 
483 I 28516181 1424 
484 I 28523135 1424 
485 I 28523233 1424 
486 I 28695679 1424 
487 I 28695855 1424 
488 I 28868946 1424 
489 I 28963169 1424 
490 I 28963442 1424 
491 I 29144671 1424 
492 I 29144843 1424 
493 I 29338197 1424 
494 I 29338351 1424 
495 I 29345027 1424 
496 I 29372142 1424 
497 I 29527069 1424 
498 I 29791409 1424 
499 I 29791531 1424 
500 I 29791862 1424 
501 I 29874803 1424 
502 I 29986516 1424 
503 I 30154669 1424 
504 I 30154902 1424 
505 I 30165836 1424 
506 I 30189806 1424 
507 I 30190016 1424 
508 I 30330521 1424 
509 I 30593584 1424 
510 I 30593665 1424 
511 I 30593743 1424 
512 I 30665362 1424 
513 I 30665523 1424 
514 I 30679946 1424 
515 I 30738444 1424 
516 I 30738572 1424 
517 I 30773687 1424 
518 I 30938204 1424 
519 I 30938372 1424 
520 I 30938640 1424 
521 I 30947772 1424 
522 I 30947967 1424 
523 I 30981363 1424 
524 I 31081982 1424 
525 I 31108514 1424 
526 I 31108614 1424 
527 I 31232050 1424 
528 I 31383079 1424 
529 I 31383376 1424 
530 I 31383569 1424 
531 I 31484124 1424 
532 I 31514613 1424 
533 I 31514866 1424 
534 I 31515105 1424 
535 I 31710821 1424 
536 I 31711339 1424 
537 I 31725039 1424 
538 I 31725134 1424 
539 I 31738849 1424 
540 I 31739024 1424 
541 I 31886707 1424 
542 I 32144096 1424 
543 I 32163506 1424 
544 I 32167269 1424 
545 I 32258455 1424 
546 I 32258539 1424 
547 I 32285146 1424 
548 I 32481693 1424 
549 I 32481877 1424 
550 I 32510566 1424 
551 I 32510737 1424 
552 I 32655939 1424 
553 I 32656419 1424 
554 I 32892266 1424 
555 I 32920024 1424 
556 I 33016451 1424 
557 I 33016677 1424 
558 I 33034166 1424 
559 I 33222850 1424 
560 I 33226045 1424 
561 I 33741468 1424 
562 I 33741555 1424 
563 I 33952445 1424 
564 I 33957749 1424 
565 I 33999187 1424 
566 I 33999571 1424 
567 I 34200072 1424 
568 I 34458571 1424 
569 I 34458740 1424 
570 I 34459050 1424 
571 I 34501920 1424 
572 I 34664790 1424 
573 I 34670810 1424 
574 I 34821802 1424 
575 I 34821969 1424 
576 I 34909236 1424 
577 I 34909404 1424 
578 I 35004707 1424 
579 I 35178123 1424 
580 I 35211007 1424 
581 I 35211097 1424 
582 I 35306870 1424 
583 I 35373225 1424 
584 I 35507730 1424 
585 I 35605471 1424 
586 I 35605652 1424 
587 I 35706240 1424 
588 I 35706342 1424 
589 I 35872630 1424 
590 I 35872787 1424 
591 I 35899053 1424 
592 I 35899173 1424 
593 I 35982005 1424 
594 I 35982073 1424 
595 I 35982290 1424 
596 I 36010625 1424 
597 I 36270597 1424 
598 I 36270743 1424 
599 I 36374470 1424 
600 I 36374563 1424 
601 I 36566400 1424 
602 I 36566507 1424 
603 I 36577862 1424 
604 I 36578162 1424 
605 I 36647876 1424 
606 I 36648050 1424 
607 I 36793142 1424 
608 I 36793375 1424 
609 I 36813565 1424 
610 I 36813666 1424 
611 I 36941288 1424 
612 I 36941446 1424 
613 I 36941721 1424 
614 I 37016740 1424 
615 I 37041731 1424 
616 I 37042015 1424 
617 I 37244691 1424 
618 I 37468766 1424 
619 I 37468854 1424 
620 I 37468990 1424 
621 I 37620254 734 
622 I 37621576 1424 
623 I 37621695 1424 
624 I 37696234 1424 
625 I 37696364 1424 
626 I 37726406 1424 
627 I 37726528 1424 
628 I 37726631 1424 
629 I 37728896 1424 
630 I 37922008 1424 
631 I 37937691 1424 
632 I 38022454 1424 
633 I 38159559 1424 
634 I 38223765 1424 
635 I 38309320 1424 
636 I 38320826 1424 
637 I 38321075 1424 
638 I 38321249 1424 
639 I 38324369 1424 
640 I 38421260 1424 
641 I 38421512 1424 
642 I 38537588 1424 
643 I 38714442 1424 
644 I 38714611 1424 
645 I 38995983 1424 
646 I 38996187 1424 
647 I 39004151 1424 
648 I 39004334 1424 
649 I 39011802 1424 
650 I 39011966 1424 
651 I 39100472 1424 
652 I 39100570 1424 
653 I 39100694 1424 
654 I 39127468 1424 
655 I 39325461 1424 
656 I 39381646 1424 
657 I 39381879 1424 
658 I 39631841 1424 
659 I 39680887 1424 
660 I 39680993 1424 
661 I 39681161 1424 
662 I 39838810 1424 
663 I 39943205 1424 
664 I 39943370 1424 
665 I 39943471 1424 
666 I 39943560 1424 
667 I 40012368 1424 
668 I 40069295 1424 
669 I 40069376 1424 
670 I 40235458 1424 
671 I 40323219 1424 
672 I 40323362 1424 
673 I 40335761 1424 
674 I 40375290 1424 
675 I 40375656 1424 
676 I 40376974 1424 
677 I 40436325 1424 
678 I 40537984 1424 
679 I 40645113 1424 
680 I 40648952 1424 
681 I 40649125 1424 
682 I 40726226 1424 
683 I 40784470 1424 
684 I 40784742 1424 
685 I 40784920 1424 
686 I 40950336 1424 
687 I 40950651 1424 
688 I 41060414 1424 
689 I 41060645 1424 
690 I 41102263 1424 
691 I 41163613 1424 
692 I 41163805 1424 
693 I 41261291 1424 
694 I 41367522 1424 
695 I 41371232 1424 
696 I 41507333 1424 
697 I 41507416 1424 
698 I 41571028 1424 
699 I 41571110 1424 
700 I 41667704 1424 
701 I 41671949 1424 
702 I 41672055 1424 
703 I 41778592 1424 
704 I 41778943 1424 
705 I 41884773 1424 
706 I 41884876 1424 
707 I 41945488 1424 
708 I 41978101 1424 
709 I 41978250 1424 
710 I 42089662 1424 
711 I 42089992 1424 
712 I 42246892 1424 
713 I 42272737 1424 
714 I 42274414 1424 
715 I 42428518 1424 
716 I 42428792 1424 
717 I 42649142 1424 
718 I 42674331 1424 
719 I 42686850 1424 
720 I 42686987 1424 
721 I 42750440 1424 
722 I 42993081 1424 
723 I 42993173 1424 
724 I 43281498 1424 
725 I 43281669 1424 
726 I 43399159 1424 
727 I 43412324 1424 
728 I 43474262 1424 
729 I 43474519 1424 
730 I 43655579 1424 
731 I 43728241 1424 
732 I 43728471 1424 
733 I 43856706 1424 
734 I 43957484 1424 
735 I 44010049 1424 
736 I 44010982 1424 
737 I 44130934 1424 
738 I 44142511 1424 
739 I 44158789 1424 
740 I 44208956 1424 
741 I 44359379 1424 
742 I 44458789 1424 
743 I 44459009 1424 
744 I 44585373 1424 
745 I 44585559 1424 
746 I 44730380 1424 
747 I 44730533 1424 
748 I 44860322 1424 
749 I 44869933 1424 
750 I 44870023 1424 
751 I 44882466 1424 
752 I 44882597 1424 
753 I 44927344 1424 
754 I 45065062 1424 
755 I 45065643 1424 
756 I 45167263 1424 
757 I 45283919 1424 
758 I 45365181 1424 
759 I 45436086 1424 
760 I 45436231 1424 
761 I 45574601 1424 
762 I 45574738 1424 
763 I 45690308 1424 
764 I 45767819 1424 
765 I 45897012 1424 
766 I 45907814 1424 
767 I 46089374 1424 
768 I 46089716 1424 
769 I 46270368 1424 
770 I 46302679 1424 
771 I 46302765 1424 
772 I 46515331 1424 
773 I 46515663 1424 
774 I 46600496 1424 
775 I 46600699 1424 
776 I 46626516 1424 
777 I 46639391 1424 
778 I 46821430 1424 
779 I 46873997 734 
780 I 47000632 1424 
781 I 47000800 1424 
782 I 47034130 1424 
783 I 47034258 1424 
784 I 47034449 1424 
785 I 47076066 1424 
786 I 47248714 1424 
787 I 47248984 1424 
788 I 47254605 1424 
789 I 47331488 1424 
790 I 47331614 1424 
791 I 47331785 1424 
792 I 47372892 1424 
793 I 47505343 1424 
794 I 47702484 1424 
795 I 47733624 1424 
796 I 47733754 1424 
797 I 47767742 1424 
798 I 47767861 1424 
799 I 47795220 1424 
800 I 47795419 1424 
801 I 47880214 1424 
802 I 47880335 1424 
803 I 47901492 1424 
804 I 47962849 1424 
805 I 48199760 1424 
806 I 48199840 1424 
807 I 48200006 1424 
808 I 48407901 1424 
809 I 48407999 1424 
810 I 48483686 1424 
811 I 48512693 1424 
812 I 48512783 1424 
813 I 48584742 1424 
814 I 48604118 1424 
815 I 48604416 1424 
816 I 48614445 1424 
817 I 48614536 1424 
818 I 48614637 1424 
819 I 48619737 1424 
820 I 48684749 1424 
821 I 48827688 1424 
822 I 48827853 1424 
823 I 48935872 1424 
824 I 48935958 1424 
825 I 49087766 1424 
826 I 49233392 1424 
827 I 49233724 1424 
828 I 49267618 1424 
829 I 49267782 1424 
830 I 49267943 1424 
831 I 49333942 1424 
832 I 49337226 1424 
833 I 49337597 1424 
834 I 49384831 1424 
835 I 49386375 1424 
836 I 49386539 1424 
837 I 49395554 1424 
838 I 49440812 1424 
839 I 49440987 1424 
840 I 49627592 1424 
841 I 49627697 1424 
842 I 49688011 1424 
843 I 49688220 1424 
844 I 49688299 1424 
845 I 49688533 1424 
846 I 49837827 1424 
847 I 49838199 1424 
848 I 49977992 1424 
849 I 49978228 1424 
850 I 50078061 1424 
851 I 50078138 1424 
852 I 50128798 1424 
853 I 50129162 1424 
854 I 50131525 1424 
855 I 50131737 1424 
856 I 50131849 1424 
857 I 50132316 1424 
858 I 50194554 1424 
859 I 50427728 1424 
860 I 50428000 1424 
861 I 50428495 1424 
862 I 50573050 1424 
863 I 50573163 1424 
864 I 50717430 1424 
865 I 50717675 1424 
866 I 50811541 1424 
867 I 50811711 1424 
868 I 50857254 1424 
869 I 50857366 1424 
870 I 50927250 1424 
871 I 50927350 1424 
872 I 50930298 1424 
873 I 50930419 1424 
874 I 51020361 1424 
875 I 51020457 1424 
876 I 51020608 1424 
877 I 51146654 1424 
878 I 51146904 1424 
879 I 51288003 1424 
880 I 51288154 1424 
881 I 51437501 1424 
882 I 51437777 1424 
883 I 51438172 1424 
884 I 51539051 1424 
885 I 51539160 1424 
886 I 51539241 1424 
887 I 51576920 1424 
888 I 51644345 1424 
889 I 51651117 1424 
890 I 51874218 1424 
891 I 52104837 1424 
892 I 52174902 1424 
893 I 52175094 1424 
894 I 52275493 1424 
895 I 52280309 1424 
896 I 52306086 1424 
897 I 52306521 1424 
898 I 52327370 1424 
899 I 52339149 1424 
900 I 52385587 1424 
901 I 52507022 1424 
902 I 52809328 1424 
903 I 52909631 1424 
904 I 53028974 1424 
905 I 53053161 1424 
906 I 53053290 1424 
907 I 53076527 1424 
908 I 53076722 1424 
909 I 53083170 1424 
910 I 53135416 1424 
911 I 53135516 1424 
912 I 53251715 1424 
913 I 53252055 1424 
914 I 53259031 1424 
915 I 53259324 1424 
916 I 53259490 1424 
917 I 53559659 1424 
918 I 53559908 1424 
919 I 53655181 1424 
920 I 53655415 1424 
921 I 53774856 1424 
922 I 53801122 1424 
923 I 53802814 1424 
924 I 53878578 1424 
925 I 53878739 1424 
926 I 53915625 1424 
927 I 53946586 1424 
928 I 53988525 1424 
929 I 53988717 1424 
930 I 53993989 1424 
931 I 53994996 1424 
932 I 54385781 1424 
933 I 54385933 1424 
934 I 54451787 1424 
935 I 54610744 1424 
936 I 54610858 1424 
937 I 54652891 1424 
938 I 54653303 1424 
939 I 54682133 1424 
940 I 54720166 1424 
941 I 54720299 1424 
942 I 54724189 1424 
943 I 54921792 1424 
944 I 55222946 1424 
945 I 55349387 1424 
946 I 55349635 1424 
947 I 55349942 1424 
948 I 55420793 1424 
949 I 55459293 1424 
950 I 55459420 1424 
951 I 55460960 1424 
952 I 55461128 1424 
953 I 55468801 1424 
954 I 55667416 1424 
955 I 55667712 1424 
956 I 55726954 1424 
957 I 55927377 1424 
958 I 56102656 1424 
959 I 56104978 1424 
960 I 56178757 1424 
961 I 56179213 1424 
962 I 56217820 1424 
963 I 56218085 1424 
964 I 56219828 1424 
965 I 56219924 1424 
966 I 56220566 1424 
967 I 56230058 1424 
968 I 56230141 1424 
969 I 56496918 1424 
970 I 56497115 1424 
971 I 56531022 1424 
972 I 56695543 1424 
973 I 56695636 1424 
974 I 56732372 1424 
975 I 56863525 1424 
976 I 56863670 1424 
977 I 56936513 1424 
978 I 56936608 1424 
979 I 56979011 1424 
980 I 56989018 1424 
981 I 56989171 1424 
982 I 57285114 1424 
983 I 57285326 1424 
984 I 57285414 1424 
985 I 57450147 1424 
986 I 57450237 1424 
987 I 57472715 1424 
988 I 57472900 1424 
989 I 57492017 1424 
990 I 57492546 1424 
991 I 57625520 1424 
992 I 57625615 1424 
993 I 57638423 1424 
994 I 57738111 1424 
995 I 57881236 1424 
996 I 57881435 1424 
997 I 57881521 1424 
998 I 58045432 1424 
999 I 58045660 1424 
1000 I 58186073 1424 
1001 I 58210463 1424 
1002 I 58210562 1424 
1003 I 58234989 1424 
1004 I 58235110 1424 
1005 I 58235342 1424 
1006 I 58390788 1424 
1007 I 58390898 1424 
1008 I 58399865 1424 
1009 I 58400182 1424 
1010 I 58441741 1424 
1011 I 58507701 1424 
1012 I 58508035 1424 
1013 I 58650823 1424 
1014 I 58650939 1424 
1015 I 58652036 1424 
1016 I 58812431 1424 
1017 I 58812555 1424 
1018 I 58983167 1424 
1019 I 58983274 1424 
1020 I 58983342 1424 
1021 I 59046074 1424 
1022 I 59102393 1424 
1023 I 59102675 1424 
1024 I 59146357 1424 
1025 I 59204855 1424 
1026 I 59205042 1424 
1027 I 59205132 1424 
1028 I 59205378 1424 
1029 I 59299522 1424 
1030 I 59299610 1424 
1031 I 59311797 1424 
1032 I 59443561 1424 
1033 I 59548207 1424 
1034 I 59614345 1424 
1035 I 59614448 1424 
1036 I 59785134 1424 
1037 I 59785257 1424 
1038 I 59844606 1424 
1039 I 59844777 1424 
1040 I 59950702 1424 
1041 I 60051907 1424 
1042 I 60090745 1424 
1043 I 60090849 1424 
1044 I 60099955 1424 
1045 I 60329115 1424 
1046 I 60329293 1424 
1047 I 60396457 1424 
1048 I 60396711 1424 
1049 I 60396846 1424 
1050 I 60396945 1424 
1051 I 60564009 1424 
1052 I 60624991 1424 
1053 I 60625221 1424 
1054 I 60655062 1424 
1055 I 60729022 1424 
1056 I 60729103 1424 
1057 I 60858028 1424 
1058 I 60858353 1424 
1059 I 60878740 1424 
1060 I 60887752 1424 
1061 I 61120320 1424 
1062 I 61120429 1424 
1063 I 61189794 1424 
1064 I 61189924 1424 
1065 I 61359082 1424 
1066 I 61361313 1424 
1067 I 61425572 1424 
1068 I 61425757 1424 
1069 I 61449554 1424 
1070 I 61449697 1424 
1071 I 61537829 1424 
1072 I 61537908 1424 
1073 I 61664665 1424 
1074 I 61664783 1424 
1075 I 61683559 1424 
1076 I 61696081 1424 
1077 I 61696389 1424 
1078 I 61931829 1424 
1079 I 61932025 1424 
1080 I 62005792 1424 
1081 I 62005971 1424 
1082 I 62006158 1424 
1083 I 62006320 1424 
1084 I 62006419 1424 
1085 I 62063106 1424 
1086 I 62171003 1424 
1087 I 62171130 1424 
1088 I 62175606 1424 
1089 I 62273819 1424 
1090 I 62274007 1424 
1091 I 62365763 1424 
1092 I 62465328 1424 
1093 I 62465341 734 
1094 I 62477862 1424 
1095 I 62477944 1424 
1096 I 62494860 1424 
1097 I 62495174 1424 
1098 I 62767870 1424 
1099 I 62821409 1424 
1100 I 62821524 1424 
1101 I 62821652 1424 
1102 I 62871648 1424 
1103 I 62871789 1424 
1104 I 62965558 1424 
1105 I 63065833 1424 
1106 I 63065962 1424 
1107 I 63069075 1424 
1108 I 63155707 1424 
1109 I 63155967 1424 
1110 I 63244744 1424 
1111 I 63244987 1424 
1112 I 63245555 1424 
1113 I 63245706 1424 
1114 I 63263273 1424 
1115 I 63283342 1424 
1116 I 63283604 1424 
1117 I 63471790 1424 
1118 I 63640017 1424 
1119 I 63672433 1424 
1120 I 63842764 1424 
1121 I 63926771 1424 
1122 I 63933328 1424 
1123 I 63933503 1424 
1124 I 63974059 1424 
1125 I 64022826 1424 
1126 I 64032029 1424 
1127 I 64032327 1424 
1128 I 64040407 1424 
1129 I 64060598 1424 
1130 I 64060732 1424 
1131 I 64246098 1424 
1132 I 64246284 1424 
1133 I 64446302 1424 
1134 I 64446417 1424 
1135 I 64477488 1424 
1136 I 64627794 1424 
1137 I 64627967 1424 
1138 I 64628069 1424 
1139 I 64678592 1424 
1140 I 64714609 1424 
1141 I 64714815 1424 
1142 I 64754991 1424 
1143 I 64755144 1424 
1144 I 64779068 1424 
1145 I 64815632 1424 
1146 I 64817557 1424 
1147 I 64847363 1424 
1148 I 64847613 1424 
1149 I 64847814 1424 
1150 I 64879690 1424 
1151 I 64982778 1424 
1152 I 65035419 1424 
1153 I 65183549 1424 
1154 I 65247322 1424 
1155 I 65247409 1424 
1156 I 65274557 1424 
1157 I 65274731 1424 
1158 I 65383749 1424 
1159 I 65429310 1424 
1160 I 65564587 1424 
1161 I 65584115 1424 
1162 I 65584245 1424 
1163 I 65622603 1424 
1164 I 65622689 1424 
1165 I 65680933 1424 
1166 I 65681129 1424 
1167 I 65986904 1424 
1168 I 66045691 1424 
1169 I 66045948 1424 
1170 I 66168626 1424 
1171 I 66168798 1424 
1172 I 66346824 1424 
1173 I 66365202 1424 
1174 I 66365325 1424 
1175 I 66365488 1424 
1176 I 66398415 1424 
1177 I 66400060 1424 
1178 I 66460236 1424 
1179 I 66460336 1424 
1180 I 66690195 1424 
1181 I 66761663 1424 
1182 I 66761842 1424 
1183 I 66823173 1424 
1184 I 66823359 1424 
1185 I 66823480 1424 
1186 I 66950394 1424 
1187 I 66950692 1424 
1188 I 67132001 1424 
1189 I 67132317 1424 
1190 I 67157306 1424 
1191 I 67157571 1424 
1192 I 67186869 1424 
1193 I 67193129 1424 
1194 I 67193326 1424 
1195 I 67350889 1424 
1196 I 67595293 1424 
1197 I 67595610 1424 
1198 I 67662384 1424 
1199 I 67746356 1424 
1200 I 67746604 1424 
1201 I 67767512 1424 
1202 I 67767926 1424 
1203 I 67768211 1424 
1204 I 67796701 1424 
1205 I 67897237 1424 
1206 I 67964235 1424 
1207 I 67964480 1424 
1208 I 67991749 1424 
1209 I 68061502 1424 
1210 I 68259927 1424 
1211 I 68260045 1424 
1212 I 68261086 1424 
1213 I 68261333 1424 
1214 I 68299822 1424 
1215 I 68300398 1424 
1216 I 68403109 1424 
1217 I 68403356 1424 
1218 I 68546634 1424 
1219 I 68546771 1424 
1220 I 68546937 1424 
1221 I 68568006 1424 
1222 I 68568181 1424 
1223 I 68596370 1424 
1224 I 68596493 1424 
1225 I 68665322 1424 
1226 I 68665427 1424 
1227 I 68698039 1424 
1228 I 68698205 1424 
1229 I 68790106 1424 
1230 I 68864041 1424 
1231 I 68864574 1424 
1232 I 69053409 1424 
1233 I 69054270 1424 
1234 I 69090293 1424 
1235 I 69090406 1424 
1236 I 69090579 1424 
1237 I 69090840 1424 
1238 I 69091108 1424 
1239 I 69104453 1424 
1240 I 69204775 1424 
1241 I 69305837 1424 
1242 I 69330500 1424 
1243 I 69330618 1424 
1244 I 69377742 1424 
1245 I 69377922 1424 
1246 I 69441251 1424 
1247 I 69571460 1424 
1248 I 69831152 1424 
1249 I 69869771 1424 
1250 I 69870119 1424 
1251 I 69990547 1424 
1252 I 69990664 1424 
1253 I 70009807 1424 
1254 I 70067364 1424 
1255 I 70067574 1424 
1256 I 70092196 1424 
1257 I 70092366 1424 
1258 I 70113458 1424 
1259 I 70211289 1424 
1260 I 70223696 1424 
1261 I 70359970 1424 
1262 I 70411956 1424 
1263 I 70512622 1424 
1264 I 70613138 1424 
1265 I 70613555 1424 
1266 I 70617225 1424 
1267 I 70795884 1424 
1268 I 70796002 1424 
1269 I 70877249 1424 
1270 I 70891279 1424 
1271 I 71002508 1424 
1272 I 71116393 1424 
1273 I 71285515 1424 
1274 I 71285840 1424 
1275 I 71285995 1424 
1276 I 71391256 1424 
1277 I 71566096 1424 
1278 I 71566364 1424 
1279 I 71619280 1424 
1280 I 71647723 1424 
1281 I 71662326 1424 
1282 I 71662422 1424 
1283 I 71774529 1424 
1284 I 71774700 1424 
1285 I 71880434 1424 
1286 I 71880503 1424 
1287 I 72021799 1424 
1288 I 72046058 1424 
1289 I 72046232 1424 
1290 I 72047999 1424 
1291 I 72315811 1424 
1292 I 72316071 1424 
1293 I 72362572 1424 
1294 I 72362833 1424 
1295 I 72511910 1424 
1296 I 72512030 1424 
1297 I 72618824 1424 
1298 I 72619178 1424 
1299 I 72753660 1424 
1300 I 72753761 1424 
1301 I 72781221 1424 
1302 I 73027355 1424 
1303 I 73053878 1424 
1304 I 73054032 1424 
1305 I 73054215 1424 
1306 I 73099762 1424 
1307 I 73099898 1424 
1308 I 73228327 1424 
1309 I 73270635 1424 
1310 I 73270760 1424 
1311 I 73371981 1424 
1312 I 73372070 1424 
1313 I 73429703 1424 
1314 I 73501918 1424 
1315 I 73527777 1424 
1316 I 73527935 1424 
1317 I 73771183 1424 
1318 I 73771361 1424 
1319 I 73771660 1424 
1320 I 73771994 1424 
1321 I 73776942 1424 
1322 I 73777160 1424 
1323 I 73803861 1424 
1324 I 73803967 1424 
1325 I 73832306 1424 
1326 I 73849498 1424 
1327 I 73849728 1424 
1328 I 73981834 1424 
1329 I 73984727 1424 
1330 I 73984848 1424 
1331 I 74122335 1424 
1332 I 74122480 1424 
1333 I 74122710 1424 
1334 I 74181709 1424 
1335 I 74181950 1424 
1336 I 74255449 1424 
1337 I 74286463 1424 
1338 I 74286699 1424 
1339 I 74336031 1424 
1340 I 74529071 1424 
1341 I 74529164 1424 
1342 I 74529335 1424 
1343 I 74536762 1424 
1344 I 74536966 1424 
1345 I 74537342 1424 
1346 I 74538896 1424 
1347 I 74539057 1424 
1348 I 74573273 1424 
1349 I 74573376 1424 
1350 I 74573515 1424 
1351 I 74604354 1424 
1352 I 74604688 1424 
1353 I 74614369 1424 
1354 I 74614543 1424 
1355 I 74614648 1424 
1356 I 74636836 1424 
1357 I 74748027 1424 
1358 I 74748120 1424 
1359 I 74882145 1424 
1360 I 74884993 1424 
1361 I 74885116 1424 
1362 I 74944963 1424 
1363 I 74945080 1424 
1364 I 75015849 1424 
1365 I 75015936 1424 
1366 I 75075705 1424 
1367 I 75088019 1424 
1368 I 75088107 1424 
1369 I 75175893 1424 
1370 I 75282185 1424 
1371 I 75282269 1424 
1372 I 75282455 1424 
1373 I 75287488 1424 
1374 I 75287605 1424 
1375 I 75287784 1424 
1376 I 75318393 1424 
1377 I 75318568 1424 
1378 I 75340832 1079 
1379 I 75349667 1424 
1380 I 75349834 1424 
1381 I 75475309 1424 
1382 I 75475408 1424 
1383 I 75475732 1424 
1384 I 75476274 1424 
1385 I 75476564 1424 
1386 I 75476642 1424 
1387 I 75489628 1424 
1388 I 75489751 1424 
1389 I 75759745 1424 
1390 I 75760090 1424 
1391 I 75782477 1424 
1392 I 75833593 1424 
1393 I 75886326 1424 
1394 I 75923987 1424 
1395 I 76043855 1424 
1396 I 76043986 1424 
1397 I 76044081 1424 
1398 I 76044212 1424 
1399 I 76045712 1424 
1400 I 76047159 1424 
1401 I 76047307 1424 
1402 I 76047479 1424 
1403 I 76072871 1424 
1404 I 76073051 1424 
1405 I 76073259 1424 
1406 I 76101959 1424 
1407 I 76190391 1424 
1408 I 76190642 1424 
1409 I 76233378 1424 
1410 I 76233490 1424 
1411 I 76233601 1424 
1412 I 76233911 1424 
1413 I 76237041 1424 
1414 I 76406437 1424 
1415 I 76406562 1424 
1416 I 76447157 1424 
1417 I 76529102 1424 
1418 I 76554543 1424 
1419 I 76649143 1424 
1420 I 76658851 1424 
1421 I 76695690 1424 
1422 I 76820452 1424 
1423 I 76820826 1424 
1424 I 76820955 1424 
1425 I 76850018 1424 
1426 I 76850178 1424 
1427 I 76867819 1424 
1428 I 76870450 1424 
1429 I 76971478 1424 
1430 I 76971640 1424 
1431 I 76971811 1424 
1432 I 77008229 1424 
1433 I 77008413 1424 
1434 I 77008610 1424 
1435 I 77008943 1424 
1436 I 77009631 1424 
1437 I 77010853 1424 
1438 I 77184445 1424 
1439 I 77224782 1424 
1440 I 77224869 1424 
1441 I 77251959 1424 
1442 I 77315022 1424 
1443 I 77435138 1424 
1444 I 77435313 1424 
1445 I 77453622 1424 
1446 I 77604202 1424 
1447 I 77605766 1424 
1448 I 77628539 1424 
1449 I 77628771 1424 
1450 I 77628866 1424 
1451 I 77629022 1424 
1452 I 77752939 1424 
1453 I 77788684 1424 
1454 I 77788888 1424 
1455 I 77793733 1424 
1456 I 77794451 1424 
1457 I 77855437 1424 
1458 I 77956109 1424 
1459 I 77999019 1424 
1460 I 77999186 1424 
1461 I 78232282 1424 
1462 I 78232449 1424 
1463 I 78358428 1424 
1464 I 78387331 1424 
1465 I 78387448 1424 
1466 I 78398333 1424 
1467 I 78549760 1424 
1468 I 78556166 1424 
1469 I 78713797 1424 
1470 I 78713888 1424 
1471 I 78758768 1424 
1472 I 78759013 1424 
1473 I 78814206 1424 
1474 I 78814361 1424 
1475 I 79006868 1424 
1476 I 79007031 1424 
1477 I 79063178 1424 
1478 I 79140714 1424 
1479 I 79141030 1424 
1480 I 79164027 1424 
1481 I 79263642 1424 
1482 I 79340463 1424 
1483 I 79464914 1424 
1484 I 79558247 1424 
1485 I 79558411 1424 
1486 I 79558596 1424 
1487 I 79612336 1424 
1488 I 79612663 1424 
1489 I 79613050 1424 
1490 I 79633172 1424 
1491 I 79813380 1424 
1492 I 79813503 1424 
1493 I 79954162 1424 
1494 I 79954336 1424 
1495 I 79968083 1424 
1496 I 79970159 1424 
1497 I 80065068 1424 
1498 I 80065183 1424 
1499 I 80065295 1424 
1500 I 80274474 1424 
1501 I 80274678 1424 
1502 I 80370470 1424 
1503 I 80542771 1424 
1504 I 80572035 1424 
1505 I 80628708 1424 
1506 I 80628939 1424 
1507 I 80629021 1424 
1508 I 80771496 1424 
1509 I 80771575 1424 
1510 I 80871564 1424 
1511 I 80871798 1424 
1512 I 81036892 1424 
1513 I 81163559 1424 
1514 I 81163723 1424 
1515 I 81163802 1424 
1516 I 81163999 1424 
1517 I 81164341 1424 
1518 I 81164466 1424 
1519 I 81165129 1424 
1520 I 81321277 1424 
1521 I 81410840 1424 
1522 I 81410923 1424 
1523 I 81523155 1424 
1524 I 81542102 1424 
1525 I 81542513 1424 
1526 I 81542596 1424 
1527 I 81636946 1424 
1528 I 81677834 1424 
1529 I 81779189 1424 
1530 I 81814154 1424 
1531 I 81937175 1424 
1532 I 81937381 1424 
1533 I 81937494 1424 
1534 I 81937628 1424 
1535 I 81937780 1424 
1536 I 82088781 1424 
1537 I 82088921 1424 
1538 I 82183117 1424 
1539 I 82183284 1424 
1540 I 82183373 1424 
1541 I 82434878 1424 
1542 I 82435083 1424 
1543 I 82435257 1424 
1544 I 82435542 1424 
1545 I 82483082 1424 
1546 I 82583889 1424 
1547 I 82590463 1424 
1548 I 82590543 1424 
1549 I 82729707 1424 
1550 I 82729804 1424 
1551 I 82867304 1424 
1552 I 82869122 1424 
1553 I 82869373 1424 
1554 I 82953268 1424 
1555 I 82953950 1424 
1556 I 83187220 1424 
1557 I 83187677 1424 
1558 I 83197908 1424 
1559 I 83351033 1424 
1560 I 83351207 1424 
1561 I 83488446 1424 
1562 I 83491721 1424 
1563 I 83492573 1424 
1564 I 83534662 1424 
1565 I 83629696 1424 
1566 I 83629870 1424 
1567 I 83630090 1424 
1568 I 83717375 1424 
1569 I 83941326 1424 
1570 I 83941433 1424 
1571 I 83941835 1424 
1572 I 83942001 1424 
1573 I 84025878 1424 
1574 I 84105862 1424 
1575 I 84106053 1424 
1576 I 84225499 1424 
1577 I 84225604 1424 
1578 I 84232940 1424 
1579 I 84233136 1424 
1580 I 84293273 1424 
1581 I 84369629 1424 
1582 I 84369960 1424 
1583 I 84373498 1424 
1584 I 84632212 1424 
1585 I 84632300 1424 
1586 I 84796455 1424 
1587 I 84852130 1424 
1588 I 84852222 1424 
1589 I 84945297 1424 
1590 I 84992075 1424 
1591 I 85097848 1424 
1592 I 85139428 1424 
1593 I 85557538 1424 
1594 I 85784589 1424 
1595 I 85895214 1424 
1596 I 85895299 1424 
1597 I 85903500 1424 
1598 I 86103696 1424 
1599 I 86351028 1424 
1600 I 86580562 1424 
1601 I 86580748 1424 
1602 I 86687765 1424 
1603 I 86688163 1424 
1604 I 86694687 1424 
1605 I 86694927 1424 
1606 I 86707674 1424 
1607 I 86895701 1424 
1608 I 86895860 1424 
1609 I 87127753 1424 
1610 I 87127909 1424 
1611 I 87311059 1424 
1612 I 87352277 1424 
1613 I 87352365 1424 
1614 I 87455574 1424 
1615 I 87455942 1424 
1616 I 87664299 1424 
1617 I 87664549 1424 
1618 I 87664719 1424 
1619 I 87713492 1424 
1620 I 87762155 1424 
1621 I 87892141 1424 
1622 I 87892303 1424 
1623 I 88115601 1424 
1624 I 88122736 1424 
1625 I 88122996 1424 
1626 I 88230870 1424 
1627 I 88316692 1424 
1628 I 88439352 1424 
1629 I 88444138 1424 
1630 I 88534486 1424 
1631 I 88890474 1424 
1632 I 88891050 1424 
1633 I 88895265 1424 
1634 I 88895396 1424 
1635 I 88895575 1424 
1636 I 88920468 1424 
1637 I 89001957 1424 
1638 I 89087570 1424 
1639 I 89087668 1424 
1640 I 89221700 1424 
1641 I 89226252 1424 
1642 I 89303376 1424 
1643 I 89378607 1424 
1644 I 89378801 1424 
1645 I 89661460 1424 
1646 I 89661804 1424 
1647 I 89664666 1424 
1648 I 89664953 1424 
1649 I 89687646 1424 
1650 I 89688133 1424 
1651 I 89766620 1424 
1652 I 89849817 1424 
1653 I 89981479 1424 
1654 I 89981751 1424 
1655 I 89991427 1424 
1656 I 89991523 1424 
1657 I 90065059 1424 
1658 I 90125938 1424 
1659 I 90126166 1424 
1660 I 90328857 1424 
1661 I 90412923 1424 
1662 I 90530255 1424 
1663 I 90664989 1424 
1664 I 90665095 1424 
1665 I 90735916 1424 
1666 I 90736012 1424 
1667 I 90744419 1424 
1668 I 90888682 1424 
1669 I 90888922 1424 
1670 I 90991056 1424 
1671 I 91090638 1424 
1672 I 91090817 1424 
1673 I 91133327 1424 
1674 I 91175301 1424 
1675 I 91334316 1424 
1676 I 91426267 1424 
1677 I 91426627 1424 
1678 I 91678366 1424 
1679 I 91881547 1424 
1680 I 91881706 1424 
1681 I 91887084 1424 
1682 I 91887356 1424 
1683 I 91940724 1424 
1684 I 92204294 1424 
1685 I 92204387 1424 
1686 I 92441027 1424 
1687 I 92601795 1424 
1688 I 92660701 1424 
1689 I 92660927 1424 
1690 I 92943739 1424 
1691 I 92944148 1424 
1692 I 92997715 1424 
1693 I 93229406 1424 
1694 I 93229560 1424 
1695 I 93390182 1424 
1696 I 93444436 1424 
1697 I 93444629 1424 
1698 I 93648140 1424 
1699 I 93734356 1424 
1700 I 93734452 1424 
1701 I 93734709 1424 
1702 I 93734870 1424 
1703 I 93786780 1424 
1704 I 94012905 1424 
1705 I 94013001 1424 
1706 I 94171101 1424 
1707 I 94227143 1424 
1708 I 94227219 1424 
1709 I 94419206 1424 
1710 I 94419467 1424 
1711 I 94509140 1424 
1712 I 94509222 1424 
1713 I 94510971 1424 
1714 I 94511087 1424 
1715 I 94561433 1424 
1716 I 94754383 1424 
1717 I 94754668 1424 
1718 I 94799661 1424 
1719 I 94799779 1424 
1720 I 94949215 1424 
1721 I 95206537 1424 
1722 I 95289358 1424 
1723 I 95289583 1424 
1724 I 95412284 1424 
1725 I 95458750 1424 
1726 I 95522792 1424 
1727 I 95542219 1424 
1728 I 95542548 1424 
1729 I 95543001 1424 
1730 I 95543090 1424 
1731 I 95708792 1424 
1732 I 95708946 1424 
1733 I 96056328 1424 
1734 I 96056552 1424 
1735 I 96056679 1424 
1736 I 96106263 1424 
1737 I 96172039 1424 
1738 I 96212463 1424 
1739 I 96212869 1424 
1740 I 96296953 1424 
1741 I 96297031 1424 
1742 I 96300494 1424 
1743 I 96461069 1424 
1744 I 96815229 1424 
1745 I 96863163 1424 
1746 I 96967212 1424 
1747 I 97063774 1424 
1748 I 97226621 1424 
1749 I 97269524 1424 
1750 I 97571195 1424 
1751 I 97571702 1424 
1752 I 97583298 1424 
1753 I 97839994 1424 
1754 I 97840194 1424 
1755 I 97872955 1424 
1756 I 98040102 1424 
1757 I 98040205 1424 
1758 I 98174568 1424 
1759 I 98341753 1424 
1760 I 98341925 1424 
1761 I 98358577 1424 
1762 I 98639379 1424 
1763 I 98639491 1424 
1764 I 98778460 1424 
1765 I 98905204 1424 
1766 I 98905434 1424 
1767 I 99109196 1424 
1768 I 99109359 1424 
1769 I 99398155 1424 
1770 I 99783989 1424 
1771 I 99876409 1424 
1772 I 99876486 1424 
1773 I 100186376 1424 
1774 I 100186479 1424 
1775 I 100387944 1424 
1776 I 100588640 1424 
1777 I 100689818 1424 
1778 I 100984754 1424 
1779 I 100984857 1424 
1780 I 100990973 1424 
1781 I 101190181 1424 
1782 I 101190270 1424 
1783 I 101379220 1424 
1784 I 101379411 1424 
1785 I 101481136 1424 
1786 I 101481226 1424 
1787 I 101772340 1424 
1788 I 101772711 1424 
1789 I 101774978 1424 
1790 I 101775242 1424 
1791 I 101796114 1424 
1792 I 102157714 1424 
1793 I 102157849 1424 
1794 I 102298839 1424 
1795 I 102544400 1424 
1796 I 102544573 1424 
1797 I 102564121 1424 
1798 I 102564280 1424 
1799 I 103054508 1424 
1800 I 103304987 1424 
1801 I 103322054 1424 
1802 I 103322234 1424 
1803 I 103322322 1424 
1804 I 103908038 1424 
1805 I 104008950 1424 
1806 I 104109760 1424 
1807 I 104118500 1424 
1808 I 104118609 1424 
1809 I 104273137 1424 
1810 I 104512211 1424 
1811 I 104611994 1424 
1812 I 104807773 1424 
1813 I 104807871 1424 
1814 I 104914624 1424 
1815 I 104914710 1424 
1816 I 104914956 1424 
1817 I 105015121 1424 
1818 I 105076024 1424 
1819 I 105076188 1424 
1820 I 105171030 1424 
1821 I 105396182 1424 
1822 I 105396468 1424 
1823 I 105597377 1424 
1824 I 105597550 1424 
1825 I 105708692 1424 
1826 I 105708799 1424 
1827 I 105809814 1424 
1828 I 105810064 1424 
1829 I 105881686 1424 
1830 I 106083562 1424 
1831 I 106387922 1424 
1832 I 106396827 1424 
1833 I 106397059 1424 
1834 I 106685829 1424 
1835 I 106686023 1424 
1836 I 106724764 1424 
1837 I 107185093 1424 
1838 I 107187361 1424 
1839 I 107466229 1424 
1840 I 107467034 1424 
1841 I 107467209 1424 
1842 I 107507079 1424 
1843 I 107507289 1424 
1844 I 107529387 1424 
1845 I 107630547 1424 
1846 I 107680629 1424 
1847 I 107680924 1424 
1848 I 107958680 1424 
1849 I 107959483 1424 
1850 I 108233610 1424 
1851 I 108233818 1424 
1852 I 108247946 1424 
1853 I 108415252 1424 
1854 I 108415370 1424 
1855 I 108500823 1424 
1856 I 108500987 1424 
1857 I 108761300 1424 
1858 I 108761903 1424 
1859 I 108762007 1424 
1860 I 108837068 1424 
1861 I 109035805 1424 
1862 I 109035885 1424 
1863 I 109036672 1424 
1864 I 109036747 1424 
1865 I 109046674 1424 
1866 I 109309118 1424 
1867 I 109309214 1424 
1868 I 109842754 1424 
1869 I 109843028 1424 
1870 I 109854152 1424 
1871 I 109858301 1424 
1872 I 109872246 1424 
1873 I 109872475 1424 
1874 I 109872726 1424 
1875 I 110134006 1424 
1876 I 110134263 1424 
1877 I 110145886 1424 
1878 I 110245232 1424 
1879 I 110666510 1424 
1880 I 110666664 1424 
1881 I 110674892 1424 
1882 I 110679670 1424 
1883 I 110693913 1424 
1884 I 110699189 1424 
1885 I 110949505 1424 
1886 I 111057819 1424 
1887 I 111057904 1424 
1888 I 111351624 1424 
1889 I 111474188 1424 
1890 I 111474427 1424 
1891 I 111477318 1424 
1892 I 111477440 1424 
1893 I 111503070 1424 
1894 I 112024508 1424 
1895 I 112166119 1424 
1896 I 112166314 1424 
1897 I 112294515 1424 
1898 I 112294641 1424 
1899 I 112317762 1424 
1900 I 112423411 1424 
1901 I 112834701 1424 
1902 I 112974063 1424 
1903 I 112974214 1424 
1904 I 113097258 1424 
1905 I 113226384 1424 
1906 I 113263047 1424 
1907 I 113363776 1424 
1908 I 113565537 1424 
1909 I 113635194 1424 
1910 I 113665410 1424 
1911 I 113779684 1424 
1912 I 113779999 1424 
1913 I 114060540 1424 
1914 I 114060695 1424 
1915 I 114156821 1424 
1916 I 114157138 1424 
1917 I 114168618 1424 
1918 I 114268875 1424 
1919 I 114424040 1424 
1920 I 114561022 1424 
1921 I 114850077 1424 
1922 I 114872292 1424 
1923 I 114951747 1424 
1924 I 114952102 1424 
1925 I 115060136 1424 
1926 I 115060306 1424 
1927 I 115274778 1424 
1928 I 115300511 1424 
1929 I 115300801 1424 
1930 I 115331712 1424 
1931 I 115665004 1424 
1932 I 115665179 1424 
1933 I 115747112 1424 
1934 I 115747288 1424 
1935 I 115850638 1424 
1936 I 115850773 1424 
1937 I 115978970 1424 
1938 I 116096679 1424 
1939 I 116096806 1424 
1940 I 116096973 1424 
1941 I 116119951 1424 
1942 I 116180238 1424 
1943 I 116280580 1424 
1944 I 116280753 1424 
1945 I 116446182 1424 
1946 I 116446606 1424 
1947 I 116525066 1424 
1948 I 116525255 1424 
1949 I 116582969 1424 
1950 I 116873628 1424 
1951 I 116873721 1424 
1952 I 116873921 1424 
1953 I 116894996 1424 
1954 I 116958156 1424 
1955 I 116958229 1424 
1956 I 117035176 1424 
1957 I 117035283 1424 
1958 I 117057587 1424 
1959 I 117057713 1424 
1960 I 117086185 1424 
1961 I 117226072 1424 
1962 I 117226256 1424 
1963 I 117294346 1424 
1964 I 117294485 1424 
1965 I 117294571 1424 
1966 I 117331831 1424 
1967 I 117623190 1424 
1968 I 117623359 1424 
1969 I 117705934 1424 
1970 I 117776549 1424 
1971 I 117777571 1424 
1972 I 117825582 1424 
1973 I 117825758 1424 
1974 I 117916174 1424 
1975 I 117963295 1424 
1976 I 117963455 1424 
1977 I 118030410 1424 
1978 I 118033257 1424 
1979 I 118058210 1424 
1980 I 118355563 1424 
1981 I 118356854 1424 
1982 I 118433967 1424 
1983 I 118509506 1424 
1984 I 118556244 1424 
1985 I 118556335 1424 
1986 I 118594159 1424 
1987 I 118699397 1424 
1988 I 118699504 1424 
1989 I 118762681 1424 
1990 I 118763034 1424 
1991 I 119097262 1424 
1992 I 119161240 1424 
1993 I 119161298 1424 
1994 I 119197393 1424 
1995 I 119222273 1424 
1996 I 119233587 1424 
1997 I 119286617 1424 
1998 I 119286823 1424 
1999 I 119487093 1424 
2000 I 119499222 1424 
2001 I 119800902 1424 
2002 I 119813690 1424 
2003 I 119813951 1424 
2004 I 119916060 1424 
2005 I 119916157 1424 
2006 I 119916241 1424 
2007 I 119949995 1424 
2008 I 119999515 1424 
2009 I 120019517 1424 
2010 I 120194453 1424 
2011 I 120211571 1424 
2012 I 120211656 1424 
2013 I 120492432 1424 
2014 I 120492674 1424 
2015 I 120505044 1424 
2016 I 120505507 1424 
2017 I 120508849 1424 
2018 I 120508941 1424 
2019 I 120615441 1424 
2020 I 120694883 1424 
2021 I 120711894 1424 
2022 I 120807190 1424 
2023 I 120892089 1424 
2024 I 120892538 1424 
2025 I 120920820 1424 
2026 I 120920949 1424 
2027 I 121204452 1424 
2028 I 121204634 1424 
2029 I 121209613 1424 
2030 I 121213777 1424 
2031 I 121214093 1424 
2032 I 121409306 1424 
2033 I 121411119 1424 
2034 I 121426388 1424 
2035 I 121642120 1424 
2036 I 121642366 1424 
2037 I 121642444 1424 
2038 I 121712172 1424 
2039 I 121927067 1424 
2040 I 121927160 1424 
2041 I 121930708 1424 
2042 I 121930830 1424 
2043 I 121935036 1424 
2044 I 122130437 1424 
2045 I 122130521 1424 
2046 I 122358503 1424 
2047 I 122358671 1424 
2048 I 122416295 1424 
2049 I 122434656 1424 
2050 I 122434783 1424 
2051 I 122645331 1424 
2052 I 122645529 1424 
2053 I 122645783 1424 
2054 I 122651350 1424 
2055 I 122651446 1424 
2056 I 122853362 1424 
2057 I 122853548 1424 
2058 I 123067789 1424 
2059 I 123125889 1424 
2060 I 123126059 1424 
2061 I 123149464 1424 
2062 I 123149646 1424 
2063 I 123221164 1424 
2064 I 123221345 1424 
2065 I 123346255 1424 
2066 I 123346452 1424 
2067 I 123354706 1424 
2068 I 123354789 1424 
2069 I 123552308 1424 
2070 I 123552466 1424 
2071 I 123623976 1424 
2072 I 123723963 1424 
2073 I 123754046 1424 
2074 I 123754229 1424 
2075 I 123812671 1424 
2076 I 123812841 1424 
2077 I 123910118 1424 
2078 I 123910224 1424 
2079 I 124028676 1424 
2080 I 124029505 1424 
2081 I 124029758 1424 
2082 I 124029834 1424 
2083 I 124229030 1424 
2084 I 124229235 1424 
2085 I 124229735 1424 
2086 I 124230016 1424 
2087 I 124230099 1424 
2088 I 124429892 1424 
2089 I 124430647 1424 
2090 I 124432253 1424 
2091 I 124432337 1424 
2092 I 124711327 1424 
2093 I 124712247 1424 
2094 I 124714607 1424 
2095 I 124730028 1424 
2096 I 124736142 1424 
2097 I 124911049 1424 
2098 I 125109171 1424 
2099 I 125233131 1424 
2100 I 125333502 1424 
2101 I 125392059 1424 
2102 I 125434098 1424 
2103 I 125534648 1424 
2104 I 125599973 1424 
2105 I 125635167 1424 
2106 I 125635574 1424 
2107 I 125735839 1424 
2108 I 125926070 1424 
2109 I 125926242 1424 
2110 I 125938208 1424 
2111 I 125938314 1424 
2112 I 126013087 1424 
2113 I 126013280 1424 
2114 I 126037525 1424 
2115 I 126069787 1424 
2116 I 126207051 1424 
2117 I 126207179 1424 
2118 I 126262602 1424 
2119 I 126297375 1424 
2120 I 126297546 1424 
2121 I 126387453 1424 
2122 I 126387701 1424 
2123 I 126573305 1424 
2124 I 126663673 1424 
2125 I 126663772 1424 
2126 I 126831596 1424 
2127 I 126832035 1424 
2128 I 126832203 1424 
2129 I 126855496 1424 
2130 I 126919103 1424 
2131 I 126944860 1424 
2132 I 126944962 1424 
2133 I 127234718 1424 
2134 I 127603554 1424 
2135 I 127603668 1424 
2136 I 127603892 1424 
2137 I 127637578 1424 
2138 I 127637814 1424 
2139 I 127646905 1424 
2140 I 127887948 1424 
2141 I 127949110 1424 
2142 I 127949275 1424 
2143 I 128049382 1424 
2144 I 128259508 1424 
2145 I 128259591 1424 
2146 I 128295896 1424 
2147 I 128451077 1424 
2148 I 128453569 1424 
2149 I 128552997 1424 
2150 I 128612541 1424 
2151 I 128612706 1424 
2152 I 128614518 1424 
2153 I 128614771 1424 
2154 I 128720046 1424 
2155 I 128720217 1424 
2156 I 128854839 1424 
2157 I 128925370 1424 
2158 I 128925541 1424 
2159 I 128925696 1424 
2160 I 128954935 1424 
2161 I 128961695 1424 
2162 I 129122086 1424 
2163 I 129122243 1424 
2164 I 129210287 1424 
2165 I 129210443 1424 
2166 I 129244086 1424 
2167 I 129367212 1424 
2168 I 129612484 1424 
2169 I 129612581 1424 
2170 I 129659698 1424 
2171 I 129742645 1424 
2172 I 129742753 1424 
2173 I 129742975 1424 
2174 I 129764468 1424 
2175 I 129764623 1424 
2176 I 129849211 1424 
2177 I 129849368 1424 
2178 I 129860292 1424 
2179 I 129895683 1424 
2180 I 130009700 1424 
2181 I 130263632 1424 
2182 I 130263769 1424 
2183 I 130310601 1424 
2184 I 130310725 1424 
2185 I 130362795 1424 
2186 I 130394276 1424 
2187 I 130394440 1424 
2188 I 130395895 1424 
2189 I 130395972 1424 
2190 I 130418906 1424 
2191 I 130463751 1424 
2192 I 130512883 1424 
2193 I 130513175 1424 
2194 I 130554642 1424 
2195 I 130674082 1424 
2196 I 130674199 1424 
2197 I 130919775 1424 
2198 I 130920120 1424 
2199 I 130967774 1424 
2200 I 130977295 1424 
2201 I 131034103 1424 
2202 I 131034341 1424 
2203 I 131062251 1424 
2204 I 131062359 1424 
2205 I 131065547 1424 
2206 I 131067591 1424 
2207 I 131086730 1424 
2208 I 131351949 1424 
2209 I 131352141 1424 
2210 I 131377637 1424 
2211 I 131377801 1424 
2212 I 131603618 1424 
2213 I 131603941 1424 
2214 I 131604091 1424 
2215 I 131662411 1424 
2216 I 132177570 1424 
2217 I 132177676 1424 
2218 I 132177839 1424 
2219 I 132177964 1424 
2220 I 132345945 1424 
2221 I 132346050 1424 
2222 I 132476043 1424 
2223 I 132577079 1424 
2224 I 132577521 1424 
2225 I 132979665 1424 
2226 I 132982230 1424 
2227 I 132982398 1424 
2228 I 132982566 1424 
2229 I 133014532 1424 
2230 I 133014767 1424 
2231 I 133142080 1424 
2232 I 133142250 1424 
2233 I 133181132 1424 
2234 I 133244447 1424 
2235 I 133244584 1424 
2236 I 133649307 1424 
2237 I 133649447 1424 
2238 I 133682265 1424 
2239 I 133682376 1424 
2240 I 133823750 1424 
2241 I 133823862 1424 
2242 I 133924501 1424 
2243 I 133924704 1424 
2244 I 134332971 1424 
2245 I 134365619 1424 
2246 I 134365875 1424 
2247 I 134369173 1424 
2248 I 134369330 1424 
2249 I 134487266 1424 
2250 I 134516696 1424 
2251 I 134516825 1424 
2252 I 134613596 1424 
2253 I 134613864 1424 
2254 I 134688473 1424 
2255 I 134789011 1424 
2256 I 135030357 1424 
2257 I 135068020 1424 
2258 I 135072274 1424 
2259 I 135072533 1424 
2260 I 135307798 1424 
2261 I 135308111 1424 
2262 I 135308400 1424 
2263 I 135484972 1424 
2264 I 135485119 1424 
2265 I 135715063 1424 
2266 I 135753540 1424 
2267 I 135795814 1424 
2268 I 135796110 1424 
2269 I 135895509 1424 
2270 I 135985124 1424 
2271 I 136176642 1424 
2272 I 136298113 1424 
2273 I 136447023 1424 
2274 I 136447379 1424 
2275 I 136488198 1424 
2276 I 136488419 1424 
2277 I 136520643 1424 
2278 I 136589988 1424 
2279 I 136590124 1424 
2280 I 136686343 1424 
2281 I 136686514 1424 
2282 I 136700400 1424 
2283 I 137027451 1424 
2284 I 137150478 1424 
2285 I 137150978 1424 
2286 I 137293536 1424 
2287 I 137293867 1424 
2288 I 137328667 1424 
2289 I 137328846 1424 
2290 I 137329078 1424 
2291 I 137404174 1424 
2292 I 137504781 1424 
2293 I 137824172 1424 
2294 I 137980662 1424 
2295 I 137980821 1424 
2296 I 138019229 1424 
2297 I 138019312 1424 
2298 I 138019456 1424 
2299 I 138020762 1424 
2300 I 138093426 1424 
2301 I 138093752 1424 
2302 I 138191905 1424 
2303 I 138192118 1424 
2304 I 138410236 1424 
2305 I 138651239 1424 
2306 I 138651398 1424 
2307 I 138651577 1424 
2308 I 138691841 1424 
2309 I 138695346 1424 
2310 I 138695428 1424 
2311 I 138695600 1424 
2312 I 138695709 1424 
2313 I 138912809 1424 
2314 I 138922886 1424 
2315 I 139017670 1424 
2316 I 139151006 1424 
2317 I 139151249 1424 
2318 I 139397797 1424 
2319 I 139397917 1424 
2320 I 139415743 1424 
2321 I 139451415 1424 
2322 I 139451684 1424 
2323 I 139533539 1424 
2324 I 139654045 1424 
2325 I 139654162 1424 
2326 I 139664901 1424 
2327 I 139890354 1424 
2328 I 139890451 1424 
2329 I 140125767 1424 
2330 I 140196444 1424 
2331 I 140196582 1424 
2332 I 140341071 1424 
2333 I 140352114 1424 
2334 I 140522918 1424 
2335 I 140522992 1424 
2336 I 140573124 1424 
2337 I 140573471 1424 
2338 I 140573667 1424 
2339 I 140811706 1424 
2340 I 141033790 1424 
2341 I 141214268 1424 
2342 I 141214368 1424 
2343 I 141226436 1424 
2344 I 141266785 1424 
2345 I 141266954 1424 
2346 I 141327791 1424 
2347 I 141441243 1424 
2348 I 141898822 1424 
2349 I 141899071 1424 
2350 I 141954462 1424 
2351 I 142133437 1424 
2352 I 142232391 1424 
2353 I 142597283 1424 
2354 I 142597474 1424 
2355 I 142827357 1424 
2356 I 142924855 1424 
2357 I 142925013 1424 
2358 I 142936652 1424 
2359 I 143320557 1424 
2360 I 143439430 1424 
2361 I 143539837 1424 
2362 I 143540009 1424 
2363 I 143741206 1424 
2364 I 143782300 1424 
2365 I 144044486 1424 
2366 I 144152741 1424 
2367 I 144152983 1424 
2368 I 144244262 1424 
2369 I 144246407 1424 
2370 I 144246546 1424 
2371 I 144248506 1424 
2372 I 144248620 1424 
2373 I 144463315 1424 
2374 I 144463594 1424 
2375 I 144498074 1424 
2376 I 144751173 1424 
2377 I 144866743 1424 
2378 I 144867132 1424 
2379 I 144869420 1424 
2380 I 144956174 1424 
2381 I 145149647 1424 
2382 I 145451696 1424 
2383 I 145584453 1424 
2384 I 145588679 1424 
2385 I 145682844 1424 
2386 I 145848348 1424 
2387 I 145848501 1424 
2388 I 146150510 1424 
2389 I 146150793 1424 
2390 I 146256387 1424 
2391 I 146296542 1424 
2392 I 146400525 1424 
2393 I 146400681 1424 
2394 I 146758799 1424 
2395 I 146866570 1424 
2396 I 147100252 1424 
2397 I 147100472 1424 
2398 I 147100590 1424 
2399 I 147162074 1424 
2400 I 147261832 1424 
2401 I 147770148 1424 
2402 I 147770278 1424 
2403 I 147874929 1424 
2404 I 147925661 1424 
2405 I 147925825 1424 
2406 I 147965968 1424 
2407 I 148543265 1424 
2408 I 148543438 1424 
2409 I 148570525 1424 
2410 I 148591966 1424 
2411 I 148592068 1424 
2412 I 148624516 1424 
2413 I 148624964 1424 
2414 I 149173003 1424 
2415 I 149196916 1424 
2416 I 149272057 1424 
2417 I 149272215 1424 
2418 I 149474675 1424 
2419 I 149474747 734 
2420 I 149777318 1424 
2421 I 149831258 1424 
2422 I 149831528 1424 
2423 I 149917089 1424 
2424 I 150078961 1424 
2425 I 150115797 1424 
2426 I 150279760 1424 
2427 I 150464377 1424 
2428 I 150682052 1424 
2429 I 150742109 1424 
2430 I 150899652 1424 
2431 I 150899752 1424 
2432 I 151083705 1424 
2433 I 151297689 1424 
2434 I 151297952 1424 
2435 I 151361871 1424 
2436 I 151362130 1424 
2437 I 151486989 1424 
2438 I 151518308 1424 
2439 I 151518517 1424 
2440 I 151932076 1424 
2441 I 151932333 1424 
2442 I 151999317 1424 
2443 I 151999414 1424 
2444 I 152090115 1424 
2445 I 152161147 1424 
2446 I 152161293 1424 
2447 I 152492805 1424 
2448 I 152560322 1424 
2449 I 152560513 1424 
2450 I 152624752 1424 
2451 I 152624843 1424 
2452 I 152720305 1424 
2453 I 152720688 1424 
2454 I 152787920 1424 
2455 I 152788116 1424 
2456 I 152788201 1424 
2457 I 153095998 1424 
2458 I 153185260 1424 
2459 I 153185423 1424 
2460 I 153185518 1424 
2461 I 153263553 1424 
2462 I 153263679 1424 
2463 I 153263858 1424 
2464 I 153408298 1424 
2465 I 153408609 1424 
2466 I 153693882 1424 
2467 I 153693958 1424 
2468 I 153860632 1424 
2469 I 154014208 1424 
2470 I 154014337 1424 
2471 I 154202450 1424 
2472 I 154202623 1424 
2473 I 154310612 1424 
2474 I 154310720 1424 
2475 I 154480052 1424 
2476 I 154504510 1424 
2477 I 154604928 1424 
2478 I 154631754 1424 
2479 I 154631903 1424 
2480 I 154831010 1424 
2481 I 154831249 1424 
2482 I 154856615 1424 
2483 I 154856699 1424 
2484 I 154931310 1424 
2485 I 154931395 1424 
2486 I 155229147 1424 
2487 I 155229395 1424 
2488 I 155261119 1424 
2489 I 155261289 1424 
2490 I 155463852 1424 
2491 I 155464089 1424 
2492 I 155510070 1424 
2493 I 155560706 1424 
2494 I 155560879 1424 
2495 I 155560980 1424 
2496 I 155811674 1424 
2497 I 155897205 1424 
2498 I 155897340 1424 
2499 I 155897467 1424 
2500 I 156013452 1424 
2501 I 156140750 1424 
2502 I 156140970 1424 
2503 I 156201725 1424 
2504 I 156201894 1424 
2505 I 156295074 1424 
2506 I 156390476 1424 
2507 I 156429629 1424 
2508 I 156429744 1424 
2509 I 156630989 1424 
2510 I 156631206 1424 
2511 I 156717590 1424 
2512 I 156755103 1424 
2513 I 156755269 1424 
2514 I 157018806 1424 
2515 I 157197075 1424 
2516 I 157197277 1424 
2517 I 157197349 1424 
2518 I 157197591 1424 
2519 I 157220236 1424 
2520 I 157250831 1424 
2521 I 157250920 1424 
2522 I 157320888 1424 
2523 I 157348624 1424 
2524 I 157348845 1424 
2525 I 157382460 1424 
2526 I 157652871 1424 
2527 I 157652963 1424 
2528 I 157723055 1424 
2529 I 157823681 1424 
2530 I 157859159 1424 
2531 I 157859331 1424 
2532 I 157898331 1424 
2533 I 157898419 1424 
2534 I 157919145 1424 
2535 I 157919556 1424 
2536 I 157961405 1424 
2537 I 157961528 1424 
2538 I 157996432 1424 
2539 I 157996613 1424 
2540 I 158028646 1424 
2541 I 158307860 1424 
2542 I 158535539 1424 
2543 I 158535691 1424 
2544 I 158539461 1424 
2545 I 158539605 1424 
2546 I 158594190 1424 
2547 I 158594491 1424 
2548 I 158594670 1424 
2549 I 158637974 1424 
2550 I 158638066 1424 
2551 I 158688021 1424 
2552 I 158688199 1424 
2553 I 158995820 1424 
2554 I 159206804 1424 
2555 I 159207052 1424 
2556 I 159211714 1424 
2557 I 159268557 1424 
2558 I 159320555 1424 
2559 I 159320648 1424 
2560 I 159836201 1424 
2561 I 159852902 1424 
2562 I 159853914 1424 
2563 I 159857755 1424 
2564 I 159968354 1424 
2565 I 159968608 1424 
2566 I 159968778 1424 
2567 I 160238597 1424 
2568 I 160483383 1424 
2569 I 160483614 1424 
2570 I 160512998 1424 
2571 I 160513135 1424 
2572 I 160515213 1424 
2573 I 160515310 1424 
2574 I 160539839 1424 
2575 I 160640064 1424 
2576 I 160735617 1424 
2577 I 160735806 1424 
2578 I 160742513 1424 
2579 I 160742707 1424 
2580 I 160742939 1424 
2581 I 161153569 1424 
2582 I 161153719 1424 
2583 I 161183402 1424 
2584 I 161305420 1424 
2585 I 161305602 1424 
2586 I 161410021 1424 
2587 I 161410102 1424 
2588 I 161445622 734 
2589 I 161549625 1424 
2590 I 161549726 1424 
2591 I 161841655 1424 
2592 I 161842099 1424 
2593 I 161848170 1424 
2594 I 162096554 1424 
2595 I 162096653 1424 
2596 I 162245378 1424 
2597 I 162245489 1424 
2598 I 162519295 1424 
2599 I 162519648 1424 
2600 I 162519767 1424 
2601 I 162524518 1424 
2602 I 162524917 1424 
2603 I 162909513 1424 
2604 I 162910356 1424 
2605 I 163154707 1424 
2606 I 163192765 1424 
2607 I 163192897 1424 
2608 I 163198191 1424 
2609 I 163198301 1424 
2610 I 163357512 1424 
2611 I 163456556 1424 
2612 I 163831788 1424 
2613 I 163832035 1424 
2614 I 164042605 1424 
2615 I 164042705 1424 
2616 I 164060500 1424 
2617 I 164141174 1424 
2618 I 164141479 1424 
2619 I 164161949 1424 
2620 I 164462913 1424 
2621 I 164663538 1424 
2622 I 164681490 1424 
2623 I 164759865 1424 
2624 I 164863121 1424 
2625 I 164863320 1424 
2626 I 165065838 1424 
2627 I 165368912 1424 
2628 I 165389678 1424 
2629 I 165389928 1424 
2630 I 165468166 1424 
2631 I 165589140 1424 
2632 I 165789422 1424 
2633 I 165789591 1424 
2634 I 166072365 1424 
2635 I 166072479 1424 
2636 I 166114459 1424 
2637 I 166173592 1424 
2638 I 166195165 1424 
2639 I 166195357 1424 
2640 I 166311482 1424 
2641 I 166475150 1424 
2642 I 166525535 1424 
2643 I 166525684 1424 
2644 I 166822278 1424 
2645 I 166822391 1424 
2646 I 166876782 1424 
2647 I 166877154 1424 
2648 I 166951906 1424 
2649 I 166952157 1424 
2650 I 167073930 1424 
2651 I 167074094 1424 
2652 I 167078699 1424 
2653 I 167228566 1424 
2654 I 167228678 1424 
2655 I 167293162 1424 
2656 I 167293645 1424 
2657 I 167568281 1424 
2658 I 167568374 1424 
2659 I 167626510 1424 
2660 I 167626758 1424 
2661 I 167691003 1424 
2662 I 167691114 1424 
2663 I 167811224 1424 
2664 I 167813171 1424 
2665 I 167813269 1424 
2666 I 167964991 1424 
2667 I 167965155 1424 
2668 I 168202400 1424 
2669 I 168202733 1424 
2670 I 168281172 1424 
2671 I 168281270 1424 
2672 I 168343225 1424 
2673 I 168343355 1424 
2674 I 168395284 1424 
2675 I 168395445 1424 
2676 I 168395537 1424 
2677 I 168511846 1424 
2678 I 168668283 1424 
2679 I 168668373 1424 
2680 I 168908088 1424 
2681 I 168911646 1424 
2682 I 169001731 1424 
2683 I 169050146 1424 
2684 I 169050395 1424 
2685 I 169392080 1424 
2686 I 169603582 1424 
2687 I 169603683 1424 
2688 I 169693065 1424 
2689 I 169693425 1424 
2690 I 169697956 1424 
2691 I 169755134 1424 
2692 I 169755245 1424 
2693 I 169755461 1424 
2694 I 170095654 1424 
2695 I 170387649 1424 
2696 I 170387730 1424 
2697 I 170389199 1424 
2698 I 170389437 1424 
2699 I 170393471 1424 
2700 I 170393560 1424 
2701 I 170407577 1424 
2702 I 170407731 1424 
2703 I 170407900 1424 
2704 I 170446814 1424 
2705 I 170446927 1424 
2706 I 170606375 1424 
2707 I 171085485 1424 
2708 I 171088168 1424 
2709 I 171091421 1424 
2710 I 171091534 1424 
2711 I 171099315 1424 
2712 I 171100197 1424 
2713 I 171302816 1424 
2714 I 171327213 1424 
2715 I 171327346 1424 
2716 I 171403463 1424 
2717 I 171408916 1424 
2718 I 171409012 1424 
2719 I 171409196 1424 
2720 I 171409513 1424 
2721 I 171770325 1424 
2722 I 171775746 1424 
2723 I 171783745 1424 
2724 I 171783868 1424 
2725 I 171905952 1424 
2726 I 171994035 1424 
2727 I 171994282 1424 
2728 I 172091681 1424 
2729 I 172091772 1424 
2730 I 172099044 1424 
2731 I 172099149 1424 
2732 I 172099255 1424 
2733 I 172099371 1424 
2734 I 172107257 1424 
2735 I 172451117 1424 
2736 I 172451399 1424 
2737 I 172465277 1424 
2738 I 172465535 1424 
2739 I 172510258 1424 
2740 I 172578652 1424 
2741 I 172578822 1424 
2742 I 172664182 1424 
2743 I 172780688 1424 
2744 I 172780819 1424 
2745 I 172785638 1424 
2746 I 172785896 1424 
2747 I 173012778 1424 
2748 I 173127269 1424 
2749 I 173127362 1424 
2750 I 173148288 1424 
2751 I 173189592 1424 
2752 I 173189736 1424 
2753 I 173456651 1424 
2754 I 173456823 1424 
2755 I 173515460 1424 
2756 I 173623818 1424 
2757 I 173703082 1424 
2758 I 173703335 1424 
2759 I 173718324 1424 
2760 I 173835886 1424 
2761 I 174027347 1424 
2762 I 174201956 1424 
2763 I 174202227 1424 
2764 I 174219547 1424 
2765 I 174320302 1424 
2766 I 174394279 1424 
2767 I 174394382 1424 
2768 I 174525205 1424 
2769 I 174622503 1424 
2770 I 174724559 1424 
2771 I 174912134 1424 
2772 I 174912305 1424 
2773 I 175089916 1424 
2774 I 175090087 1424 
2775 I 175316824 1424 
2776 I 175317072 1424 
2777 I 175326959 1424 
2778 I 175421031 1424 
2779 I 175441849 1424 
2780 I 175441967 1424 
2781 I 175829444 1424 
2782 I 176028240 1424 
2783 I 176028365 1424 
2784 I 176130956 1424 
2785 I 176131163 1424 
2786 I 176144306 1424 
2787 I 176144568 1424 
2788 I 176144878 1424 
2789 I 176147081 1424 
2790 I 176331843 1424 
2791 I 176724430 1424 
2792 I 176724560 1424 
2793 I 176734648 1424 
2794 I 176843863 1424 
2795 I 176844039 1424 
2796 I 176844210 1424 
2797 I 176949346 1424 
2798 I 176949608 1424 
2799 I 177057463 1424 
2800 I 177057658 1424 
2801 I 177145060 1424 
2802 I 177145748 1424 
2803 I 177425363 1424 
2804 I 177425467 1424 
2805 I 177539122 1424 
2806 I 177543225 1424 
2807 I 177543418 1424 
2808 I 177543533 1424 
2809 I 177643762 1424 
2810 I 177643860 1424 
2811 I 177751995 1424 
2812 I 178120421 1424 
2813 I 178120583 1424 
2814 I 178120742 1424 
2815 I 178142369 1424 
2816 I 178231361 1424 
2817 I 178231832 1424 
2818 I 178239879 1424 
2819 I 178239981 1424 
2820 I 178344535 1424 
2821 I 178445659 1424 
2822 I 178841103 1424 
2823 I 178841288 1424 
2824 I 178853387 1424 
2825 I 178853679 1424 
2826 I 178947536 1424 
2827 I 178948246 1424 
2828 I 179044086 1424 
2829 I 179044203 1424 
2830 I 179147616 1424 
2831 I 179147909 1424 
2832 I 179547887 1424 
2833 I 179547977 1424 
2834 I 179734621 1424 
2835 I 179734793 1424 
2836 I 179752804 1424 
2837 I 179835785 1424 
2838 I 179836131 1424 
2839 I 180255686 1424 
2840 I 180413513 1424 
2841 I 180413603 1424 
2842 I 180507922 1424 
2843 I 180508097 1424 
2844 I 180757770 1424 
2845 I 180926013 1424 
2846 I 180926115 1424 
2847 I 181079639 1424 
2848 I 181079891 1424 
2849 I 181079972 1424 
2850 I 181181481 1424 
2851 I 181181760 1424 
2852 I 181181934 1424 
2853 I 181430565 1424 
2854 I 181430668 1424 
2855 I 181562631 1424 
2856 I 181562801 1424 
2857 I 181564791 1424 
2858 I 181607082 1424 
2859 I 181607230 1424 
2860 I 181763991 1424 
2861 I 181764146 1424 
2862 I 181864571 1424 
2863 I 181965443 1424 
2864 I 182066334 1424 
2865 I 182122389 1424 
2866 I 182122564 1424 
2867 I 182252265 1424 
2868 I 182252472 1424 
2869 I 182260547 1424 
2870 I 182260665 1424 
2871 I 182262835 1424 
2872 I 182262997 1424 
2873 I 182303200 1424 
2874 I 182303307 1424 
2875 I 182462484 1424 
2876 I 182462574 1424 
2877 I 182831324 1424 
2878 I 182831431 1424 
2879 I 182965430 1424 
2880 I 183001094 1424 
2881 I 183001282 1424 
2882 I 183023819 1424 
2883 I 183024047 1424 
2884 I 183024261 1424 
2885 I 183200369 1424 
2886 I 183292711 1424 
2887 I 183552234 1424 
2888 I 183552565 1424 
2889 I 183552826 1424 
2890 I 183715956 1424 
2891 I 183716050 1424 
2892 I 183888565 1424 
2893 I 183888693 1424 
2894 I 183888891 1424 
2895 I 183899670 1424 
2896 I 184077810 1424 
2897 I 184245989 1424 
2898 I 184253803 1424 
2899 I 184280273 1424 
2900 I 184414980 1424 
2901 I 184415088 1424 
2902 I 184415348 1424 
2903 I 184580178 1424 
2904 I 184580541 1424 
2905 I 184592732 1424 
2906 I 184624971 1424 
2907 I 184970618 1424 
2908 I 184970881 1424 
2909 I 184998408 1424 
2910 I 184998572 1424 
2911 I 185118036 1424 
2912 I 185284819 1424 
2913 I 185285058 1424 
2914 I 185285896 1424 
2915 I 185286062 1424 
2916 I 185325820 1424 
2917 I 185385013 1424 
2918 I 185670608 1424 
2919 I 185670798 1424 
2920 I 185699413 1424 
2921 I 185699498 1424 
2922 I 185704475 1424 
2923 I 185787200 1424 
2924 I 185818415 1424 
2925 I 185818496 1424 
2926 I 186025529 1424 
2927 I 186025846 1424 
2928 I 186363103 1424 
2929 I 186391247 1424 
2930 I 186473941 1424 
2931 I 186474195 1424 
2932 I 186507112 1424 
2933 I 186507345 1424 
2934 I 186592241 1424 
2935 I 186710839 1424 
2936 I 186711028 1424 
2937 I 186711215 1424 
2938 I 187191177 1424 
2939 I 187191421 1424 
2940 I 187204838 1424 
2941 I 187204956 1424 
2942 I 187284257 1424 
2943 I 187284352 1424 
2944 I 187297248 1424 
2945 I 187300215 1424 
2946 I 187412381 1424 
2947 I 187412698 1424 
2948 I 187928376 1424 
2949 I 187928500 1424 
2950 I 188008442 1424 
2951 I 188101078 1424 
2952 I 188123485 1424 
2953 I 188124086 1424 
2954 I 188130726 1424 
2955 I 188201791 1424 
2956 I 188725329 1424 
2957 I 188805257 1424 
2958 I 188843170 1424 
2959 I 188844922 1424 
2960 I 188851174 1424 
2961 I 188918069 1424 
2962 I 188918318 1424 
2963 I 189006671 1424 
2964 I 189408448 1424 
2965 I 189505037 1424 
2966 I 189505221 1424 
2967 I 189505480 1424 
2968 I 189505634 1424 
2969 I 189505729 1424 
2970 I 189560837 1424 
2971 I 189812598 1424 
2972 I 189812669 1424 
2973 I 190087553 1424 
2974 I 190087838 1424 
2975 I 190113229 1424 
2976 I 190186736 1424 
2977 I 190186892 1424 
2978 I 190186973 1424 
2979 I 190233491 1424 
2980 I 190716333 1424 
2981 I 190763164 1424 
2982 I 190763367 1424 
2983 I 190860009 1424 
2984 I 190861221 1424 
2985 I 190915626 1424 
2986 I 191118339 1424 
2987 I 191436909 1424 
2988 I 191437084 1424 
2989 I 191585683 1424 
2990 I 191791300 1424 
2991 I 191791415 1424 
2992 I 191822812 1424 
2993 I 192113020 1424 
2994 I 192113192 1424 
2995 I 192113482 1424 
2996 I 192454451 1424 
2997 I 192454574 1424 
2998 I 192484858 1424 
2999 I 192485041 1424 
3000 I 192526791 1424 
3001 I 192760457 1424 
3002 I 192760597 1424 
3003 I 192914090 1424 
3004 I 192929182 1424 
3005 I 193098450 1424 
3006 I 193098584 1424 
3007 I 193098728 1424 
3008 I 193128993 1424 
3009 I 193129150 1424 
3010 I 193169411 1424 
3011 I 193169605 1424 
3012 I 193405815 1424 
3013 I 193633585 1424 
3014 I 193763001 1424 
3015 I 193763309 1424 
3016 I 193833213 1424 
3017 I 193833424 1424 
3018 I 193932920 1424 
3019 I 193935673 1424 
3020 I 194075764 1424 
3021 I 194137645 1424 
3022 I 194236585 1424 
3023 I 194311429 1424 
3024 I 194311761 1424 
3025 I 194513296 1424 
3026 I 194513377 1424 
3027 I 194618258 1424 
3028 I 194618354 1424 
3029 I 194745877 1424 
3030 I 194745979 1424 
3031 I 194746157 1424 
3032 I 194746318 1424 
3033 I 194759107 1424 
3034 I 194823022 1424 
3035 I 194823303 1424 
3036 I 194995366 1424 
3037 I 194995520 1424 
3038 I 195302248 1424 
3039 I 195346043 1424 
3040 I 195347883 1424 
3041 I 195348043 1424 
3042 I 195433021 1424 
3043 I 195433276 1424 
3044 I 195450608 1424 
3045 I 195450693 1424 
3046 I 195450931 1424 
3047 I 195510196 1424 
3048 I 195510450 1424 
3049 I 195680909 1424 
3050 I 195681184 1424 
3051 I 195745369 1424 
3052 I 196026953 1424 
3053 I 196027084 1424 
3054 I 196027254 1424 
3055 I 196029389 1424 
3056 I 196110437 1424 
3057 I 196111372 1424 
3058 I 196148412 1424 
3059 I 196254053 1424 
3060 I 196254309 1424 
3061 I 196349378 1424 
3062 I 196421288 1424 
3063 I 196421439 1424 
3064 I 196450552 1424 
3065 I 196549059 1424 
3066 I 196549306 1424 
3067 I 196550876 1424 
3068 I 196650863 1424 
3069 I 196701301 1424 
3070 I 196701648 1424 
3071 I 196782451 1424 
3072 I 196954079 1424 
3073 I 197056958 1424 
3074 I 197103895 1424 
3075 I 197104001 1424 
3076 I 197153881 1424 
3077 I 197227754 1424 
3078 I 197229809 1424 
3079 I 197230120 1424 
3080 I 197230368 1424 
3081 I 197327486 1424 
3082 I 197327611 1424 
3083 I 197387264 1424 
3084 I 197387586 1424 
3085 I 197623115 1424 
3086 I 197623373 1424 
3087 I 197623540 1424 
3088 I 197667075 1424 
3089 I 197667393 1424 
3090 I 197720967 1424 
3091 I 197769688 1424 
3092 I 197769765 1424 
3093 I 197887946 1424 
3094 I 197888318 1424 
3095 I 197895848 1424 
3096 I 197896159 1424 
3097 I 197944051 1424 
3098 I 197944180 1424 
3099 I 197982659 1424 
3100 I 198260853 1424 
3101 I 198278095 1424 
3102 I 198278250 1424 
3103 I 198325042 1424 
3104 I 198325142 1424 
3105 I 198325237 1424 
3106 I 198370819 1424 
3107 I 198462920 1424 
3108 I 198463623 1424 
3109 I 198531927 1424 
3110 I 198533808 1424 
3111 I 198545513 1424 
3112 I 198545587 1424 
3113 I 198591440 1424 
3114 I 198591642 1424 
3115 I 198591728 1424 
3116 I 198621447 1424 
3117 I 198879098 1424 
3118 I 198879220 1424 
3119 I 198937948 1424 
3120 I 198964873 1424 
3121 I 198985555 1424 
3122 I 199026825 1424 
3123 I 199026923 1424 
3124 I 199064890 1424 
3125 I 199072966 1424 
3126 I 199073235 1424 
3127 I 199139823 1424 
3128 I 199142835 1424 
3129 I 199153169 1424 
3130 I 199153407 1424 
3131 I 199153672 1424 
3132 I 199195209 1424 
3133 I 199196125 1424 
3134 I 199491974 1424 
3135 I 199567749 1424 
3136 I 199575010 1424 
3137 I 199575124 1424 
3138 I 199575288 1424 
3139 I 199575375 1424 
3140 I 199632930 1424 
3141 I 199633836 1424 
3142 I 199669219 1424 
3143 I 199669393 1424 
3144 I 199679003 1424 
3145 I 199679181 1424 
3146 I 199737316 1424 
3147 I 199747407 1424 
3148 I 199803107 1424 
3149 I 199803361 1424 
3150 I 199944218 1424 
3151 I 199944372 1424 
3152 I 199944487 1424 
3153 I 200182449 1424 
3154 I 200182623 1424 
3155 I 200185915 1424 
3156 I 200187359 1424 
3157 I 200187523 1424 
3158 I 200237968 1424 
3159 I 200281592 1424 
3160 I 200282058 1424 
3161 I 200410414 1424 
3162 I 200539911 1424 
3163 I 200540174 1424 
3164 I 200540305 1424 
3165 I 200674668 1424 
3166 I 200745556 1424 
3167 I 200745879 1424 
3168 I 200746141 1424 
3169 I 200774820 1424 
3170 I 200792602 1424 
3171 I 200792885 1424 
3172 I 200875911 1424 
3173 I 200895510 1424 
3174 I 200895630 1424 
3175 I 200941179 1424 
3176 I 200941453 1424 
3177 I 200941651 1424 
3178 I 201015257 1424 
3179 I 201044217 1424 
3180 I 201149829 1424 
3181 I 201149965 1424 
3182 I 201177641 1424 
3183 I 201342339 1424 
3184 I 201342665 1424 
3185 I 201342767 1424 
3186 I 201380665 1424 
3187 I 201475340 1424 
3188 I 201475434 1424 
3189 I 201534444 1424 
3190 I 201536036 1424 
3191 I 201536146 1424 
3192 I 201537223 1424 
3193 I 201537389 1424 
3194 I 201537477 1424 
3195 I 201605041 1424 
3196 I 201640052 1424 
3197 I 201640152 1424 
3198 I 201737371 1424 
3199 I 201981938 1424 
3200 I 202030676 1424 
3201 I 202030798 1424 
3202 I 202030893 1424 
3203 I 202064112 1424 
3204 I 202110623 1424 
3205 I 202183114 1424 
3206 I 202183406 1424 
3207 I 202187923 1424 
3208 I 202219698 1424 
3209 I 202223131 1424 
3210 I 202237803 1424 
3211 I 202316553 1424 
3212 I 202564479 1424 
3213 I 202564782 1424 
3214 I 202615422 1424 
3215 I 202615569 1424 
3216 I 202647889 1424 
3217 I 202747695 1424 
3218 I 202747824 1424 
3219 I 202768973 1424 
3220 I 202769163 1424 
3221 I 202769512 1424 
3222 I 202769632 1424 
3223 I 202774469 1424 
3224 I 202813821 1424 
3225 I 202813919 1424 
3226 I 202853860 1424 
3227 I 202854203 1424 
3228 I 202903951 1424 
3229 I 202904119 1424 
3230 I 202942745 1424 
3231 I 203158055 1424 
3232 I 203206945 1424 
3233 I 203372175 1424 
3234 I 203390344 1424 
3235 I 203456054 1424 
3236 I 203456226 1424 
3237 I 203507673 1424 
3238 I 203507900 1424 
3239 I 203560706 1424 
3240 I 203692234 1424 
3241 I 203767110 1424 
3242 I 203994838 1424 
3243 I 204065770 1424 
3244 I 204065929 1424 
3245 I 204066086 1424 
3246 I 204115411 1424 
3247 I 204115499 1424 
3248 I 204165144 1424 
3249 I 204287564 1424 
3250 I 204287745 1424 
3251 I 204360535 1424 
3252 I 204360653 1424 
3253 I 204396236 1424 
3254 I 204578937 1424 
3255 I 204579228 1424 
3256 I 204597250 1424 
3257 I 204644794 1424 
3258 I 204644896 1424 
3259 I 204738148 1424 
3260 I 204844538 1424 
3261 I 204858426 1424 
3262 I 204858758 1424 
3263 I 204929964 1424 
3264 I 204968999 1424 
3265 I 204969190 1424 
3266 I 205102265 1424 
3267 I 205175011 1424 
3268 I 205175130 1424 
3269 I 205200842 1424 
3270 I 205201256 1424 
3271 I 205226566 1424 
3272 I 205226832 1424 
3273 I 205226945 1424 
3274 I 205302845 1424 
3275 I 205328100 1424 
3276 I 205448306 1424 
3277 I 205448499 1424 
3278 I 205559784 1424 
3279 I 205559948 1424 
3280 I 205560120 1424 
3281 I 205560495 1424 
3282 I 205767746 1424 
3283 I 205792918 1424 
3284 I 205793165 1424 
3285 I 205824195 1424 
3286 I 205925969 1424 
3287 I 205926207 1424 
3288 I 205926342 1424 
3289 I 206049400 1424 
3290 I 206049524 1424 
3291 I 206049651 1424 
3292 I 206158477 1424 
3293 I 206163045 1424 
3294 I 206163218 1424 
3295 I 206308192 1424 
3296 I 206398978 1424 
3297 I 206399211 1424 
3298 I 206524614 1424 
3299 I 206647664 1424 
3300 I 206647914 1424 
3301 I 206709870 1424 
3302 I 206762019 1424 
3303 I 207012669 1424 
3304 I 207249328 1424 
3305 I 207250447 1424 
3306 I 207313565 1424 
3307 I 207313672 1424 
3308 I 207366176 1424 
3309 I 207414036 1424 
3310 I 207614415 1424 
3311 I 207614587 1424 
3312 I 207615741 1424 
3313 I 207716131 1424 
3314 I 207842374 1424 
3315 I 207842529 1424 
3316 I 207903213 1424 
3317 I 207903493 1424 
3318 I 207948262 1424 
3319 I 207948434 1424 
3320 I 207998284 1424 
3321 I 207998445 1424 
3322 I 208202481 1424 
3323 I 208202733 1424 
3324 I 208204008 1424 
3325 I 208204109 1424 
3326 I 208308710 1424 
3327 I 208308833 1424 
3328 I 208440281 1424 
3329 I 208440451 1424 
3330 I 208502524 1424 
3331 I 208502771 1424 
3332 I 208521238 1424 
3333 I 208595856 1424 
3334 I 208687658 1424 
3335 I 208808742 1424 
3336 I 208808906 1424 
3337 I 208991331 1424 
3338 I 209113105 1424 
3339 I 209113251 1424 
3340 I 209113367 1424 
3341 I 209130520 1424 
3342 I 209130809 1424 
3343 I 209298629 1424 
3344 I 209325577 1424 
3345 I 209419394 1424 
3346 I 209419560 1424 
3347 I 209419675 1424 
3348 I 209726813 1424 
3349 I 209730022 1424 
3350 I 209895812 1424 
3351 I 209915087 1424 
3352 I 210029118 1424 
3353 I 210039542 1424 
3354 I 210039726 1424 
3355 I 210129833 1424 
3356 I 210199652 1424 
3357 I 210347330 1424 
3358 I 210347497 1424 
3359 I 210431636 1424 
3360 I 210486674 1424 
3361 I 210486862 1424 
3362 I 210509821 1424 
3363 I 210640509 1424 
3364 I 210640622 1424 
3365 I 210737428 1424 
3366 I 210737547 1424 
3367 I 210833915 1424 
3368 I 211002240 1424 
3369 I 211002385 1424 
3370 I 211002529 1424 
3371 I 211002599 1424 
3372 I 211088747 1424 
3373 I 211135566 1424 
3374 I 211135819 1424 
3375 I 211247432 1424 
3376 I 211247550 1424 
3377 I 211623449 1424 
3378 I 211638527 1424 
3379 I 211705604 1424 
3380 I 211750367 1424 
3381 I 211750538 1424 
3382 I 212141494 1424 
3383 I 212242144 1424 
3384 I 212252205 1424 
3385 I 212252294 1424 
3386 I 212318594 1424 
3387 I 212318831 1424 
3388 I 212343928 1424 
3389 I 212363108 1424 
3390 I 212363186 1424 
3391 I 212752969 1424 
3392 I 212753172 1424 
3393 I 212846242 1424 
3394 I 212930815 1424 
3395 I 212930992 1424 
3396 I 212968282 1424 
3397 I 213046993 1424 
3398 I 213348189 1424 
3399 I 213348314 1424 
3400 I 213438849 1424 
3401 I 213438951 1424 
3402 I 213522511 1424 
3403 I 213522706 1424 
3404 I 213550627 1424 
3405 I 213573097 1424 
3406 I 213573235 1424 
3407 I 213636009 1424 
3408 I 213636319 1424 
3409 I 213953038 734 
3410 I 213953243 1424 
3411 I 213953358 1424 
3412 I 214106816 1424 
3413 I 214106916 1424 
3414 I 214106989 1424 
3415 I 214117907 1424 
3416 I 214143255 1424 
3417 I 214143375 1424 
3418 I 214235663 1424 
3419 I 214235916 1424 
3420 I 214314510 1424 
3421 I 214314590 1424 
3422 I 214550879 1424 
3423 I 214550975 1424 
3424 I 214741954 1424 
3425 I 214757131 1424 
3426 I 214830226 1424 
3427 I 214857328 1424 
3428 I 214903957 1424 
3429 I 215138635 1424 
3430 I 215138804 1424 
3431 I 215139116 1424 
3432 I 215159442 1424 
3433 I 215269628 1424 
3434 I 215341038 1424 
3435 I 215350008 1424 
3436 I 215350258 1424 
3437 I 215361085 1424 
3438 I 215425559 1424 
3439 I 215446384 1424 
3440 I 215446616 1424 
3441 I 215500004 1424 
3442 I 215735577 1424 
3443 I 215735841 1424 
3444 I 215866024 1424 
3445 I 215866169 1424 
3446 I 215931073 1424 
3447 I 215931324 1424 
3448 I 215951821 1424 
3449 I 215951946 1424 
3450 I 216020253 1424 
3451 I 216098710 1424 
3452 I 216098902 1424 
3453 I 216316208 1424 
3454 I 216531194 1424 
3455 I 216708418 1424 
3456 I 216871004 1424 
3457 I 216871180 1424 
3458 I 216969763 1424 
3459 I 217212419 1424 
3460 I 217372093 1424 
3461 I 217416724 1424 
3462 I 217417022 1424 
3463 I 217431305 1424 
3464 I 217431479 1424 
3465 I 217526791 1424 
3466 I 217527004 1424 
3467 I 217997088 1424 
3468 I 217997251 1424 
3469 I 217997498 1424 
3470 I 218011554 1424 
3471 I 218011647 1424 
3472 I 218103965 1424 
3473 I 218104147 1424 
3474 I 218105552 1424 
3475 I 218277690 1424 
3476 I 218278481 1424 
3477 I 218588185 1424 
3478 I 218588366 1424 
3479 I 218602645 1424 
3480 I 218602889 1424 
3481 I 218603049 1424 
3482 I 218695890 1424 
3483 I 218749348 1424 
3484 I 218749524 1424 
3485 I 218840343 1424 
3486 I 218873508 1424 
3487 I 218873685 1424 
3488 I 219082311 1424 
3489 I 219182029 1424 
3490 I 219182129 1424 
3491 I 219192576 1424 
3492 I 219192893 1424 
3493 I 219338556 1424 
3494 I 219360680 1424 
3495 I 219360795 1424 
3496 I 219437167 1424 
3497 I 219755364 1424 
3498 I 219765729 1424 
3499 I 219908975 1424 
3500 I 219931721 1424 
3501 I 220337616 1424 
3502 I 220337783 1424 
3503 I 220591222 1424 
3504 I 220893054 1424 
3505 I 220932281 1424 
3506 I 221196847 1424 
3507 I 221197012 1424 
3508 I 221496336 1424 
3509 I 221542341 1424 
3510 I 221597247 1424 
3511 I 221697447 1424 
3512 I 222099772 1424 
3513 I 222470887 1424 
3514 I 222471134 1424 
3515 I 222502387 1424 
3516 I 222856336 1424 
3517 I 222856504 1424 
3518 I 223064724 1424 
3519 I 223064900 1424 
3520 I 223091850 1424 
3521 I 223091973 1424 
3522 I 223106135 1424 
3523 I 223450208 1424 
3524 I 223450288 1424 
3525 I 223609006 1424 
3526 I 223695814 1424 
3527 I 223703754 1424 
3528 I 223703914 1424 
3529 I 224010986 1424 
3530 I 224011157 1424 
3531 I 224182830 1424 
3532 I 224212375 1424 
3533 I 224299781 1424 
3534 I 224413751 1424 
3535 I 224615489 1424 
3536 I 224615720 1424 
3537 I 224795295 1424 
3538 I 224816644 1424 
3539 I 224905865 1424 
3540 I 224905964 1424 
3541 I 225017486 1424 
3542 I 225119770 1424 
3543 I 225180337 1424 
3544 I 225180759 1424 
3545 I 225238731 1424 
3546 I 225238905 1424 
3547 I 225389901 1424 
3548 I 225419810 1424 
3549 I 225494353 1424 
3550 I 225494432 1424 
3551 I 225612443 1424 
3552 I 225612538 1424 
3553 I 225869694 1424 
3554 I 225869945 1424 
3555 I 225966702 1424 
3556 I 225966791 1424 
3557 I 226068904 1424 
3558 I 226069030 1424 
3559 I 226185056 1424 
3560 I 226185252 1424 
3561 I 226186898 1424 
3562 I 226325117 1424 
3563 I 226425515 1424 
3564 I 226456507 1424 
3565 I 226456974 1424 
3566 I 226556933 1424 
3567 I 226557105 1424 
3568 I 226626560 1424 
3569 I 226928035 1424 
3570 I 227029070 1424 
3571 I 227029232 1424 
3572 I 227060230 1424 
3573 I 227223663 1424 
3574 I 227223783 1424 
3575 I 227291834 1424 
3576 I 227626446 1424 
3577 I 227626628 1424 
3578 I 227674049 1424 
3579 I 227890973 1424 
3580 I 228236027 1424 
3581 I 228270192 1424 
3582 I 228270285 1424 
3583 I 228484161 1424 
3584 I 228739482 1424 
3585 I 228825893 1424 
3586 I 228826226 1424 
3587 I 228839697 1424 
3588 I 228850509 1424 
3589 I 228850752 1424 
3590 I 229059244 1424 
3591 I 229059405 1424 
3592 I 229413725 1424 
3593 I 229413805 1424 
3594 I 229430003 1424 
3595 I 229430098 1424 
3596 I 229642635 1424 
3597 I 229642713 1424 
3598 I 230016903 1424 
3599 I 230016997 1424 
3600 I 230017172 1424 
3601 I 230241563 1424 
3602 I 230241656 1424 
3603 I 230628121 1424 
3604 I 230846165 1424 
3605 I 230846324 1424 
3606 I 230846454 1424 
3607 I 231454614 1424 
3608 I 231455943 1424 
3609 I 231456225 1424 
3610 I 231655777 1424 
3611 I 231656373 1424 
3612 I 231758874 1424 
3613 I 231957715 1424 
3614 I 231958150 1424 
3615 I 232047080 1424 
3616 I 232047175 1424 
3617 I 232050328 1424 
3618 I 232050459 1424 
3619 I 232050579 1424 
3620 I 232244956 1424 
3621 I 232245144 1424 
3622 I 232246775 1424 
3623 I 232246974 1424 
3624 I 232348146 1424 
3625 I 232348263 1424 
3626 I 232359942 1424 
3627 I 232460764 1424 
3628 I 232568984 1424 
3629 I 232569307 1424 
3630 I 232655750 1424 
3631 I 232655890 1424 
3632 I 232660297 1424 
3633 I 232660457 1424 
3634 I 232660602 1424 
3635 I 232837804 1424 
3636 I 232876028 1424 
3637 I 232876200 1424 
3638 I 232984265 1424 
3639 I 232984400 1424 
3640 I 233054795 1424 
3641 I 233112657 1424 
3642 I 233112748 1424 
3643 I 233265714 1424 
3644 I 233265996 1424 
3645 I 233328069 1424 
3646 I 233328248 1424 
3647 I 233334432 1424 
3648 I 233334641 1424 
3649 I 233387893 1424 
3650 I 233564608 1424 
3651 I 233598634 1424 
3652 I 233598809 1424 
3653 I 233703522 1424 
3654 I 233703638 1424 
3655 I 233786980 1424 
3656 I 233993096 1424 
3657 I 233993792 1424 
3658 I 233993993 1424 
3659 I 234056434 1424 
3660 I 234056667 1424 
3661 I 234056841 1424 
3662 I 234061383 1424 
3663 I 234111129 1424 
3664 I 234287926 1424 
3665 I 234572800 1424 
3666 I 234574216 1424 
3667 I 234574425 1424 
3668 I 234673838 1424 
3669 I 234788198 1424 
3670 I 234874920 1424 
3671 I 234958000 1424 
3672 I 235239530 1424 
3673 I 235239703 1424 
3674 I 235240734 1424 
3675 I 235336816 1424 
3676 I 235337061 1424 
3677 I 235463423 1424 
3678 I 235545004 1424 
3679 I 235545112 1424 
3680 I 235629327 1424 
3681 I 235914804 1424 
3682 I 235922411 1424 
3683 I 236182299 1424 
3684 I 236182482 1424 
3685 I 236226602 1424 
3686 I 236226681 1424 
3687 I 236277231 1424 
3688 I 236298101 1424 
3689 I 236298280 1424 
3690 I 236592142 1424 
3691 I 236592390 1424 
3692 I 236782463 1424 
3693 I 236854638 1424 
3694 I 236854717 1424 
3695 I 236899955 1424 
3696 I 236965388 1424 
3697 I 236965535 1424 
3698 I 237081658 1424 
3699 I 237081745 1424 
3700 I 237188632 1424 
3701 I 237257259 1424 
3702 I 237257439 1424 
3703 I 237489846 1424 
3704 I 237550452 1424 
3705 I 237572366 1424 
3706 I 237720408 1424 
3707 I 237819366 1424 
3708 I 237819570 1424 
3709 I 238056705 1424 
3710 I 238093874 1424 
3711 I 238102321 1424 
3712 I 238102577 1424 
3713 I 238164649 1424 
3714 I 238164971 1424 
3715 I 238328321 1424 
3716 I 238328506 1424 
3717 I 238424347 1424 
3718 I 238424527 1424 
3719 I 238678095 1424 
3720 I 238714156 1424 
3721 I 238714419 1424 
3722 I 238718406 1424 
3723 I 238718516 1424 
3724 I 238999051 1424 
3725 I 239043963 1424 
3726 I 239307006 1424 
3727 I 239341262 1424 
3728 I 239341432 1424 
3729 I 239344904 1424 
3730 I 239602171 1424 
3731 I 239681659 1424 
3732 I 239803405 1424 
3733 I 239977326 1424 
3734 I 239977409 1424 
3735 I 240004838 1424 
3736 I 240010543 1424 
3737 I 240293973 1424 
3738 I 240294149 1424 
3739 I 240380103 1424 
3740 I 240380258 1424 
3741 I 240406987 1424 
3742 I 240497547 1424 
3743 I 240497780 1424 
3744 I 240673514 1424 
3745 I 240673646 1424 
3746 I 240795904 1424 
3747 I 241011698 1424 
3748 I 241212635 1424 
3749 I 241290005 1424 
3750 I 241513499 1424 
3751 I 241614489 1424 
3752 I 241715485 1424 
3753 I 241815502 1424 
3754 I 241840574 1424 
3755 I 241840688 1424 
3756 I 241919569 1424 
3757 I 242149456 1424 
3758 I 242149624 1424 
3759 I 242218540 1424 
3760 I 242251234 1424 
3761 I 242251412 1424 
3762 I 242471727 1424 
3763 I 242471835 1424 
3764 I 242551995 1424 
3765 I 242620698 1424 
3766 I 242783196 1424 
3767 I 242821475 1424 
3768 I 242889431 1424 
3769 I 242889699 1424 
3770 I 243255660 1424 
3771 I 243255745 1424 
3772 I 243300954 1424 
3773 I 243357817 1424 
3774 I 243410743 1424 
3775 I 243449786 1424 
3776 I 243449872 1424 
3777 I 243866359 1424 
3778 I 243866528 1424 
3779 I 243913902 1424 
3780 I 243972169 1424 
3781 I 244069351 1424 
3782 I 244069439 1424 
3783 I 244128804 1424 
3784 I 244476672 1424 
3785 I 244476773 1424 
3786 I 244676306 1424 
3787 I 244676479 1424 
3788 I 244732426 1424 
3789 I 245088179 1424 
3790 I 245088332 1424 
3791 I 245088405 1424 
3792 I 245135148 1424 
3793 I 245235863 1424 
3794 I 245280956 1424 
3795 I 245333581 1424 
3796 I 245333656 1424 
3797 I 245716457 1424 
3798 I 245716652 1424 
3799 I 245738331 1424 
3800 I 245745413 1424 
3801 I 245745530 1424 
3802 I 245845427 1424 
3803 I 245845685 1424 
3804 I 245904255 1424 
3805 I 246349652 1424 
3806 I 246349838 1424 
3807 I 246360141 1424 
3808 I 246360398 1424 
3809 I 246486619 1424 
3810 I 246712598 1424 
3811 I 246712683 1424 
3812 I 246712875 1424 
3813 I 246712990 1424 
3814 I 246744091 1424 
3815 I 246845381 1424 
3816 I 246977505 1424 
3817 I 246977813 1424 
3818 I 247108528 1424 
3819 I 247132735 1424 
3820 I 247374029 1424 
3821 I 247377563 1424 
3822 I 247394762 1424 
3823 I 247394844 1424 
3824 I 247623475 1424 
3825 I 247623986 1424 
3826 I 247624397 1424 
3827 I 247753704 1424 
3828 I 247753899 1424 
3829 I 248052233 1424 
3830 I 248234927 1424 
3831 I 248267887 1424 
3832 I 248529366 1424 
3833 I 248655319 1424 
3834 I 248880038 1424 
3835 I 248957383 1424 
3836 I 249057616 1424 
3837 I 249149184 1424 
3838 I 249259121 1424 
3839 I 249561406 1424 
3840 I 249661527 1424 
3841 I 249862967 1424 
3842 I 250063706 1424 
3843 I 250646883 1424 
3844 I 250646988 1424 
3845 I 251242487 1424 
3846 I 251242724 1424 
3847 I 251270859 1424 
3848 I 251773900 1424 
3849 I 251825662 1424 
3850 I 251825831 1424 
3851 I 251845672 1424 
3852 I 251845844 1424 
3853 I 251985883 1424 
3854 I 251985963 1424 
3855 I 252368562 1424 
3856 I 252368734 1424 
3857 I 252377212 1424 
3858 I 252446711 1424 
3859 I 252555096 1424 
3860 I 252555326 1424 
3861 I 252580056 1424 
3862 I 252678865 1424 
3863 I 252747993 1424 
3864 I 252748082 1424 
3865 I 252958132 1424 
3866 I 252966391 1424 
3867 I 252966596 1424 
3868 I 253041816 1424 
3869 I 253165075 1424 
3870 I 253205203 1424 
3871 I 253205286 1424 
3872 I 253282792 1424 
3873 I 253319730 1424 
3874 I 253320022 1424 
3875 I 253405878 1424 
3876 I 253483666 1424 
3877 I 253660610 1424 
3878 I 253748461 1424 
3879 I 253748630 1424 
3880 I 253848983 1424 
3881 I 253849060 1424 
3882 I 253884403 1424 
3883 I 253968752 1424 
3884 I 253969022 1424 
3885 I 253995739 1424 
3886 I 253995925 1424 
3887 I 254065030 1424 
3888 I 254065134 1424 
3889 I 254285968 1424 
3890 I 254286133 1424 
3891 I 254325466 1424 
3892 I 254416646 1424 
3893 I 254417037 1424 
3894 I 254510641 1424 
3895 I 254511004 1424 
3896 I 254511109 1424 
3897 I 254547739 1424 
3898 I 254665460 1424 
3899 I 254692071 1424 
3900 I 254744098 1424 
3901 I 254744250 1424 
3902 I 254960965 1424 
3903 I 254962361 1424 
3904 I 255087934 1424 
3905 I 255088250 1424 
3906 I 255187183 1424 
3907 I 255187283 1424 
3908 I 255187529 1424 
3909 I 255224832 1424 
3910 I 255224930 1424 
3911 I 255347410 1424 
3912 I 255420330 1424 
3913 I 255421270 1424 
3914 I 255493365 1424 
3915 I 255493451 1424 
3916 I 255631347 1424 
3917 I 255755843 1424 
3918 I 255756101 1424 
3919 I 255756343 1424 
3920 I 255843147 1424 
3921 I 255843297 1424 
3922 I 255844457 1424 
3923 I 255879717 1424 
3924 I 256076292 1424 
3925 I 256079390 1424 
3926 I 256287140 1424 
3927 I 256293416 1424 
3928 I 256408665 1424 
3929 I 256703281 1424 
3930 I 256741113 1424 
3931 I 256742751 1424 
3932 I 256903561 1424 
3933 I 256949646 1424 
3934 I 256957522 1424 
3935 I 257004370 1424 
3936 I 257087034 1424 
3937 I 257345817 1424 
3938 I 257345889 1424 
3939 I 257381381 1424 
3940 I 257542670 1424 
3941 I 257542794 1424 
3942 I 257590676 1424 
3943 I 257590968 1424 
3944 I 257596239 1424 
3945 I 257644707 1424 
3946 I 257644941 1424 
3947 I 257645108 1424 
3948 I 257645358 1424 
3949 I 257645526 1424 
3950 I 257645779 1424 
3951 I 257728641 1424 
3952 I 257910900 1424 
3953 I 258026424 1424 
3954 I 258190327 1424 
3955 I 258233751 1424 
3956 I 258233864 1424 
3957 I 258287641 1424 
3958 I 258513324 1424 
3959 I 258513767 1424 
3960 I 258679251 1424 
3961 I 258679366 1424 
3962 I 258926855 1424 
3963 I 259157830 1424 
3964 I 259157926 1424 
3965 I 259217234 1424 
3966 I 259319386 1424 
3967 I 259804134 1424 
3968 I 259804326 1424 
3969 I 259864410 1424 
3970 I 259864503 1424 
3971 I 259921285 1424 
3972 I 260122537 1424 
3973 I 260223548 1424 
3974 I 260430942 1424 
3975 I 260431184 1424 
3976 I 260543175 1424 
3977 I 260543340 1424 
3978 I 260849983 1424 
3979 I 260850086 1424 
3980 I 261062760 1424 
3981 I 261062854 1424 
3982 I 261063082 1424 
3983 I 261509488 1424 
3984 I 261509763 1424 
3985 I 261631256 1424 
3986 I 261736576 1424 
3987 I 261736742 1424 
3988 I 261838612 1424 
3989 I 262033936 1424 
3990 I 262347093 1424 
3991 I 262431839 1424 
3992 I 262719953 1424 
3993 I 262720145 1424 
3994 I 263048771 1424 
3995 I 263391009 1424 
3996 I 263643099 1424 
3997 I 263743752 1424 
3998 I 264054382 319 
3999 I 264287314 1424 
4000 I 264287538 1424 
4001 I 264399160 1424 
4002 I 264399465 1424 
4003 I 265026190 1424 
4004 I 265030547 1424 
4005 I 265030825 1424 
4006 I 265353404 1424 
4007 I 265553894 734 
4008 I 265665021 1424 
4009 I 265673749 1424 
4010 I 265673919 1424 
4011 I 265755909 1424 
4012 I 266258401 1424 
4013 I 266315059 1424 
4014 I 266319012 1424 
4015 I 266342320 1424 
4016 I 266342592 1424 
4017 I 266404030 1424 
4018 I 266404353 1424 
4019 I 266895783 1424 
4020 I 266896055 1424 
4021 I 266951204 1424 
4022 I 266951254 1022 
4023 I 267041586 1424 
4024 I 267041751 1424 
4025 I 267525418 1424 
4026 I 267652468 1424 
4027 I 267652598 1424 
4028 I 267666928 1424 
4029 I 268217641 1424 
4030 I 268218043 1424 
4031 I 268229767 1424 
4032 I 268229932 1424 
4033 I 268230097 1424 
4034 I 268371395 1424 
4035 I 268823411 1424 
4036 I 268828023 1424 
4037 I 268829503 1424 
4038 I 268969462 1424 
4039 I 268969722 1424 
4040 I 269175381 1424 
4041 I 269175499 1424 
4042 I 269185112 1424 
4043 I 269376735 1424 
4044 I 269397992 1424 
4045 I 269398161 1424 
4046 I 269477250 1424 
4047 I 269548337 1424 
4048 I 269879869 1424 
4049 I 269934108 1424 
4050 I 269934198 1424 
4051 I 269957754 1424 
4052 I 269957915 1424 
4053 I 269975817 1424 
4054 I 269975944 1424 
4055 I 269976069 1424 
4056 I 270056484 1424 
4057 I 270056659 1424 
4058 I 270441771 1424 
4059 I 270511475 1424 
4060 I 270537902 1424 
4061 I 270538009 1424 
4062 I 270549554 1424 
4063 I 270628851 1424 
4064 I 270629098 1424 
4065 I 271072006 1424 
4066 I 271117370 1424 
4067 I 271117739 1424 
4068 I 271117860 1424 
4069 I 271287757 1286 
4070 I 271343407 1424 
4071 I 271654099 1424 
4072 I 271654217 1424 
4073 I 271690110 1424 
4074 I 271705713 1424 
4075 I 271935075 1424 
4076 I 272052468 1424 
4077 I 272052579 1424 
4078 I 272052788 1424 
4079 I 272358820 1424 
4080 I 272535813 1424 
4081 I 272596289 1424 
4082 I 272660302 1424 
4083 I 272660416 1424 
4084 I 272971869 1424 
4085 I 273203302 1424 
4086 I 273203469 1424 
4087 I 273273841 1424 
4088 I 273578424 1424 
4089 I 273873222 1424 
4090 I 273903270 1424 
4091 I 274104285 1424 
4092 I 274496240 1424 
4093 I 274496512 1424 
4094 I 274700257 1424 
4095 I 274700349 1424 
4096 I 275011147 1424 
4097 I 275100905 1424 
4098 I 275101086 1424 
4099 I 275305120 1424 
4100 I 275305205 1424 
4101 I 275515421 1424 
4102 I 275620894 1424 
4103 I 275621155 1424 
4104 I 275707133 1424 
4105 I 275707465 1424 
4106 I 275707713 1424 
4107 I 275899558 1424 
4108 I 275899692 1424 
4109 I 275915619 1424 
4110 I 276216715 1424 
4111 I 276216836 1424 
4112 I 276373035 1424 
4113 I 276474265 1424 
4114 I 276474366 1424 
4115 I 276474447 1424 
4116 I 276493686 1424 
4117 I 276813754 1424 
4118 I 276813838 1424 
4119 I 276813930 1424 
4120 I 276814143 1424 
4121 I 276920779 1424 
4122 I 277073271 1424 
4123 I 277114874 1424 
4124 I 277122091 1424 
4125 I 277368749 1424 
4126 I 277368849 1424 
4127 I 277418628 1424 
4128 I 277418787 1424 
4129 I 277424906 1424 
4130 I 277515874 1424 
4131 I 277516119 1424 
4132 I 277595122 1424 
4133 I 277681250 1424 
4134 I 277720910 1424 
4135 I 278027306 1424 
4136 I 278027636 1424 
4137 I 278027735 1424 
4138 I 278116941 1424 
4139 I 278128858 1424 
4140 I 278194525 1424 
4141 I 278194687 1424 
4142 I 278303388 1424 
4143 I 278499741 1424 
4144 I 278630669 1424 
4145 I 278652450 1424 
4146 I 278652796 1424 
4147 I 278654139 1424 
4148 I 278654405 1424 
4149 I 278654506 1424 
4150 I 278770650 1424 
4151 I 278770729 1424 
4152 I 278822090 1424 
4153 I 278922358 1424 
4154 I 279132971 1424 
4155 I 279300822 1424 
4156 I 279300946 1424 
4157 I 279309131 1424 
4158 I 279309390 1424 
4159 I 279404305 1424 
4160 I 279435440 1424 
4161 I 279438535 1424 
4162 I 279706763 1424 
4163 I 279737318 1424 
4164 I 279754102 1424 
4165 I 279918451 1424 
4166 I 279918610 1424 
4167 I 279929985 1424 
4168 I 279930188 1424 
4169 I 279930571 1424 
4170 I 280055283 1424 
4171 I 280055377 1424 
4172 I 280055549 1424 
4173 I 280055798 1424 
4174 I 280213566 1424 
4175 I 280341314 1424 
4176 I 280353829 1424 
4177 I 280353916 1424 
4178 I 280370409 1424 
4179 I 280511666 1424 
4180 I 280511823 1424 
4181 I 280673325 1424 
4182 I 280707404 1424 
4183 I 280707637 1424 
4184 I 280707820 1424 
4185 I 280708004 1424 
4186 I 280743190 1424 
4187 I 280743308 1424 
4188 I 280844180 1424 
4189 I 281107996 1424 
4190 I 281108598 1424 
4191 I 281123285 1424 
4192 I 281123442 1424 
4193 I 281318902 1424 
4194 I 281318965 1424 
4195 I 281409058 1424 
4196 I 281722105 1424 
4197 I 281732935 1424 
4198 I 281733101 1424 
4199 I 281749569 1424 
4200 I 281936018 1424 
4201 I 281936338 1424 
4202 I 281936545 1424 
4203 I 281936730 1424 
4204 I 282046995 1424 
4205 I 282151714 1424 
4206 I 282252105 1424 
4207 I 282346811 1424 
4208 I 282346967 1424 
4209 I 282347055 1424 
4210 I 282453939 1424 
4211 I 282550296 1424 
4212 I 282550488 1424 
4213 I 282553983 1424 
4214 I 282660716 1424 
4215 I 282755306 1424 
4216 I 282855917 1424 
4217 I 282856072 1424 
4218 I 282949105 1424 
4219 I 282949332 1424 
4220 I 283047918 1424 
4221 I 283048221 1424 
4222 I 283146446 1424 
4223 I 283146698 1424 
4224 I 283146928 1424 
4225 I 283147129 1424 
4226 I 283154152 1424 
4227 I 283154279 1424 
4228 I 283253176 1424 
4229 I 283459810 1424 
4230 I 283525020 1424 
4231 I 283551433 1424 
4232 I 283551688 1424 
4233 I 283660770 1424 
4234 I 283792407 1424 
4235 I 283792654 1424 
4236 I 284063246 1424 
4237 I 284086827 1424 
4238 I 284086911 1424 
4239 I 284174773 1424 
4240 I 284174858 1424 
4241 I 284280796 1424 
4242 I 284280937 1424 
4243 I 284339305 1424 
4244 I 284339399 1424 
4245 I 284565722 1424 
4246 I 284713224 1424 
4247 I 284713333 1424 
4248 I 284802381 1424 
4249 I 284802505 1424 
4250 I 284868827 1424 
4251 I 284903624 1424 
4252 I 284903779 1424 
4253 I 284968246 1424 
4254 I 285169808 1424 
4255 I 285197267 1424 
4256 I 285197409 1424 
4257 I 285269816 1424 
4258 I 285425615 1424 
4259 I 285429894 1424 
4260 I 285493426 1424 
4261 I 285493591 1424 
4262 I 285597412 1424 
4263 I 285900082 1424 
4264 I 285900320 1424 
4265 I 285951391 1424 
4266 I 285951494 1424 
4267 I 286137712 1424 
4268 I 286137959 1424 
4269 I 286175134 1424 
4270 I 286228996 1424 
4271 I 286229073 1424 
4272 I 286376202 1424 
4273 I 286815862 1424 
4274 I 286815996 1424 
4275 I 286877076 1424 
4276 I 286877241 1424 
4277 I 287080239 1424 
4278 I 287181223 1424 
4279 I 287281699 1424 
4280 I 287479719 1424 
4281 I 287479801 1424 
4282 I 287673763 1424 
4283 I 287673965 1424 
4284 I 287746485 1424 
4285 I 287746640 1424 
4286 I 287928276 1424 
4287 I 287928380 1424 
4288 I 288112518 1424 
4289 I 288112693 1424 
4290 I 288186891 1424 
4291 I 288302175 1424 
4292 I 288307057 1424 
4293 I 288389435 1424 
4294 I 288558157 1424 
4295 I 288558303 1424 
4296 I 288741633 1424 
4297 I 288741775 1424 
4298 I 288741928 1424 
4299 I 288815154 1424 
4300 I 288815386 1424 
4301 I 288918083 1424 
4302 I 288918339 1424 
4303 I 289293208 1424 
4304 I 289368107 1424 
4305 I 289542377 1424 
4306 I 289542515 1424 
4307 I 289695417 1424 
4308 I 289695591 1286 
4309 I 289896725 1424 
4310 I 290004743 1424 
4311 I 290191806 1424 
4312 I 290192057 1424 
4313 I 290299353 1424 
4314 I 290399590 1424 
4315 I 290489940 1424 
4316 I 290490333 1424 
4317 I 290490720 1424 
4318 I 290500276 1424 
4319 I 290644287 1424 
4320 I 290842961 1424 
4321 I 290843216 1424 
4322 I 290843595 1424 
4323 I 290951357 1424 
4324 I 290951429 1424 
4325 I 291055452 1424 
4326 I 291055867 1424 
4327 I 291151813 1424 
4328 I 291152079 1424 
4329 I 291306849 1424 
4330 I 291609294 1424 
4331 I 291609445 1424 
4332 I 291708074 1424 
4333 I 291945475 1424 
4334 I 292009388 1424 
4335 I 292242102 1424 
4336 I 292311363 1424 
4337 I 292338084 1424 
4338 I 292338246 1424 
4339 I 292513771 1424 
4340 I 292590623 1424 
4341 I 292590794 1424 
4342 I 292612845 1424 
4343 I 292651271 1424 
4344 I 292651459 1424 
4345 I 292954437 1424 
4346 I 292954519 1424 
4347 I 293227933 1424 
4348 I 293228058 1424 
4349 I 293250400 1424 
4350 I 293250589 1424 
4351 I 293293126 1424 
4352 I 293593984 1424 
4353 I 293594087 1424 
4354 I 293719673 1424 
4355 I 293820445 1424 
4356 I 293893556 1424 
4357 I 294240290 1424 
4358 I 294240430 1424 
4359 I 294323467 1424 
4360 I 294371220 1424 
4361 I 294371327 1424 
4362 I 294547522 1424 
4363 I 294724864 1424 
4364 I 294826110 1424 
4365 I 294888350 1424 
4366 I 294888542 1424 
4367 I 294888623 1424 
4368 I 295027062 1424 
4369 I 295177549 1424 
4370 I 295177689 1424 
4371 I 295357080 1424 
4372 I 295357237 1424 
4373 I 295428985 381 
4374 I 295519222 1424 
4375 I 295519321 1424 
4376 I 295658461 1424 
4377 I 295658651 1424 
4378 I 295707657 1424 
4379 I 295807590 1424 
4380 I 295986530 1424 
4381 I 295986699 1424 
4382 I 296057344 1424 
4383 I 296149930 1424 
4384 I 296150154 1424 
4385 I 296150246 1424 
4386 I 296291856 1424 
4387 I 296291984 1424 
4388 I 296448353 1424 
4389 I 296512982 1424 
4390 I 296535869 1424 
4391 I 296624579 1424 
4392 I 296624707 1424 
4393 I 296687924 1424 
4394 I 296688198 1424 
4395 I 296688619 1424 
4396 I 296790733 1424 
4397 I 296790903 1424 
4398 I 296916637 1424 
4399 I 297179345 1424 
4400 I 297179598 1424 
4401 I 297269325 1424 
4402 I 297269531 1424 
4403 I 297269714 1424 
4404 I 297314019 1424 
4405 I 297337404 1424 
4406 I 297337652 1424 
4407 I 297340759 1424 
4408 I 297541961 1424 
4409 I 297787531 1424 
4410 I 297787811 1424 
4411 I 298005387 1424 
4412 I 298005555 1424 
4413 I 298005637 1424 
4414 I 298101616 1424 
4415 I 298101714 1424 
4416 I 298101816 1424 
4417 I 298101916 1424 
4418 I 298102144 1424 
4419 I 298161675 1424 
4420 I 298161765 1424 
4421 I 298384041 1424 
4422 I 298384125 1424 
4423 I 298446864 1424 
4424 I 298447364 1424 
4425 I 298657032 1424 
4426 I 298657332 1424 
4427 I 298720121 1424 
4428 I 298720340 1424 
4429 I 298721296 1424 
4430 I 298778544 1424 
4431 I 298778670 1424 
4432 I 298817018 1424 
4433 I 298817223 1424 
4434 I 299019488 1424 
4435 I 299271189 1424 
4436 I 299271371 1424 
4437 I 299353042 1424 
4438 I 299390325 1424 
4439 I 299390426 1424 
4440 I 299430170 1424 
4441 I 299430266 1424 
4442 I 299554821 1424 
4443 I 299667883 1424 
4444 I 299855234 1424 
4445 I 299895107 1424 
4446 I 299895411 1424 
