0 I 0 800 
1 I 359281 1504 
2 I 359400 1504 
3 I 545629 1504 
4 I 545846 1504 
5 I 546048 1504 
6 I 546248 1504 
7 I 546555 1504 
8 I 630434 166 
9 I 731326 1504 
10 I 731405 1504 
11 I 731502 1504 
12 I 737694 1504 
13 I 738146 1504 
14 I 861140 1504 
15 I 861247 1504 
16 I 912527 1504 
17 I 917627 1504 
18 I 917809 1504 
19 I 920454 1504 
20 I 1028550 166 
21 I 1043128 1504 
22 I 1043285 1504 
23 I 1043562 1504 
24 I 1093070 1504 
25 I 1093099 692 
26 I 1101835 1504 
27 I 1101853 1504 
28 I 1227497 1504 
29 I 1227509 996 
30 I 1244040 166 
31 I 1377933 195 
32 I 1378521 1504 
33 I 1420279 195 
34 I 1458553 166 
35 I 1659340 1504 
36 I 1664775 1427 
37 I 1873502 166 
38 I 1964362 1504 
39 I 1964489 1504 
40 I 2087497 166 
41 I 2156140 1504 
42 I 2156272 1504 
43 I 2156345 1268 
44 I 2159694 1504 
45 I 2169349 223 
46 I 2184300 461 
47 I 2193080 1504 
48 I 2216120 195 
49 I 2220083 195 
50 I 2466410 885 
51 I 2566343 523 
52 I 3227766 86 
53 I 3227792 1504 
54 I 3409080 1504 
55 I 3409243 1504 
56 I 3598514 411 
57 I 4338343 1504 
58 I 4338452 1504 
59 I 4338505 1504 
60 I 4338641 1504 
61 I 4338893 53 
62 I 4338909 1504 
63 I 4339036 1504 
64 I 4392441 808 
65 I 4392549 1504 
66 I 5799584 166 
67 I 5833632 166 
68 I 5833839 166 
69 I 5878428 166 
70 I 5978600 195 
71 I 124721652 1504 
72 I 125057428 1504 
73 I 125057611 1504 
74 I 125245558 1504 
75 I 125245802 1504 
76 I 125245808 1020 
77 I 125245894 1504 
78 I 125429939 1504 
79 I 125430154 1504 
80 I 125437247 1504 
81 I 125437276 1504 
82 I 125437445 1504 
83 I 125558886 924 
84 I 125559183 1404 
85 I 125618393 1504 
86 I 125618541 1504 
87 I 125618872 1504 
88 I 125626124 1504 
89 I 125626211 1504 
90 I 125744661 1504 
91 I 125744797 1504 
92 I 125799690 748 
93 I 126057631 195 
94 I 126213875 166 
95 I 126232282 166 
96 I 126235273 166 
97 I 126255551 166 
98 I 126267188 195 
99 I 126268233 195 
100 I 126283252 223 
101 I 126370819 1504 
102 I 126662677 1504 
103 I 126662916 1504 
104 I 126851774 1504 
105 I 126851785 1002 
106 I 126851986 1504 
107 I 127039227 555 
