0 I 0 184 
1 I 3072734 185 
2 I 5644901 653 
3 I 5742690 185 
4 I 8191870 184 
5 I 8297805 185 
6 I 10731874 185 
7 I 10833250 185 
8 I 13328635 185 
9 I 13410685 185 
10 I 15984471 185 
11 I 18603250 184 
12 I 21087067 185 
13 I 21213744 1504 
14 I 21213959 1504 
15 I 21214063 1504 
16 I 21214270 1504 
17 I 21214290 785 
18 I 23831728 1504 
19 I 24463336 185 
20 I 26486586 185 
21 I 27047193 185 
22 I 29134773 185 
23 I 29685131 185 
24 I 32317996 185 
25 I 36878913 185 
26 I 39594635 185 
27 I 52369091 185 
28 I 54279973 185 
29 I 58345397 185 
30 I 60981238 185 
31 I 67858902 185 
32 I 71212141 185 
33 I 85058549 185 
34 I 87356384 185 
35 I 89084207 185 
36 I 90000679 184 
37 I 91688174 184 
38 I 92623424 184 
39 I 94313909 185 
40 I 95205263 183 
41 I 100649074 185 
42 I 101654847 183 
43 I 104598357 185 
44 I 107153517 185 
45 I 109771835 185 
46 I 113322144 185 
47 I 115535793 185 
48 I 117503020 183 
49 I 127202820 185 
50 I 129815161 184 
51 I 132438161 185 
52 I 135018242 185 
53 I 137603490 185 
54 I 140218511 1504 
55 I 140218627 1504 
56 I 140218737 1504 
57 I 142793524 183 
58 I 145006604 1504 
59 I 145412387 185 
