0 I 0 375 
1 I 361956 375 
2 I 993152 371 
3 I 17959865 368 
4 I 18355083 368 
5 I 23464939 336 
6 I 24140819 382 
7 I 31763501 345 
8 I 32314430 345 
9 I 33964907 344 
10 I 34495664 344 
11 I 51403772 338 
12 I 58621290 344 
13 I 59144350 389 
14 I 59553994 367 
15 I 60136672 367 
16 I 63615615 340 
17 I 64117639 364 
18 I 75498944 371 
19 I 75948283 395 
20 I 83761380 353 
21 I 84088072 403 
22 I 84619976 424 
23 I 87105163 348 
24 I 87677026 370 
25 I 97010561 344 
26 I 97469800 344 
27 I 116063804 394 
28 I 121911739 340 
29 I 122301735 392 
30 I 125160981 438 
31 I 125700948 503 
32 I 130840256 339 
33 I 131296740 339 
34 I 133347819 340 
35 I 138065608 340 
36 I 138622279 362 
37 I 152611101 397 
38 I 153056833 397 
39 I 154919181 371 
40 I 155312637 394 
41 I 157905824 348 
42 I 161445259 348 
43 I 167231724 344 
44 I 167746163 414 
45 I 171810830 367 
46 I 172277357 405 
47 I 181374503 375 
48 I 181802964 396 
49 I 206166627 359 
50 I 206630356 359 
51 I 208553757 343 
52 I 209207415 343 
53 I 211258444 367 
54 I 211648299 367 
55 I 240486239 366 
56 I 240940230 421 
57 I 244572238 391 
58 I 245044939 423 
59 I 274617625 379 
60 I 274984974 483 
61 I 279519181 375 
62 I 280053429 374 
63 I 280732403 375 
64 I 281058738 344 
65 I 281202538 420 
66 I 281478780 344 
