0 I 0 1484 
1 I 1125923 1484 
2 I 1568538 1484 
3 I 2244157 1344 
4 I 2862293 1484 
5 I 2883284 1484 
6 I 3436495 1484 
7 I 4162792 1484 
8 I 4856462 1484 
9 I 5307432 1484 
10 I 5328608 1484 
11 I 6410201 1484 
12 I 6431851 1484 
13 I 7342200 1484 
14 I 7431040 523 
15 I 8450775 1484 
16 I 8455392 262 
17 I 9795927 1005 
18 I 12955173 1484 
19 I 14207907 1484 
20 I 15240844 1484 
21 I 16487795 1204 
22 I 22081850 1484 
23 I 23159231 1484 
24 I 23180258 1484 
25 I 24433195 1484 
26 I 24454213 1484 
27 I 25661383 1484 
28 I 25682501 1484 
29 I 26861866 1484 
30 I 26883210 1484 
31 I 26904392 1484 
32 I 27977442 1484 
33 I 27998679 1484 
34 I 28000909 122 
35 I 28294955 1484 
36 I 29260713 1484 
37 I 29273370 924 
38 I 29662093 1484 
39 I 30460597 1484 
40 I 30477759 1204 
41 I 30706326 1484 
42 I 30708081 79 
43 I 31810716 1344 
44 I 31815920 324 
45 I 32851691 1344 
46 I 32893582 1484 
47 I 33957811 1484 
48 I 33979279 1484 
49 I 35075023 1484 
50 I 35096118 1484 
51 I 36059058 1484 
52 I 36080752 1484 
53 I 36101469 1484 
54 I 37149909 1484 
55 I 37177406 1484 
56 I 37198548 1484 
57 I 38259677 1484 
58 I 38280623 1484 
59 I 38285617 348 
60 I 38401135 1484 
61 I 38418478 1204 
62 I 39486897 1344 
63 I 39594186 1484 
64 I 39641039 1064 
65 I 39764403 1484 
66 I 40621388 1484 
67 I 40624471 176 
68 I 40682827 1484 
69 I 40741773 1204 
70 I 40808029 1204 
71 I 43579267 1484 
72 I 44672480 1344 
73 I 44714999 1484 
74 I 45984632 1484 
75 I 47315943 1484 
76 I 47745327 1484 
77 I 48517611 1204 
78 I 49008786 1484 
79 I 49030815 1484 
80 I 49614738 1484 
81 I 49997537 1484 
82 I 50946374 1484 
83 I 51308204 1484 
84 I 51329502 1484 
85 I 52044912 1484 
86 I 52531355 1484 
87 I 52556472 208 
88 I 53302007 1484 
89 I 53319331 1204 
90 I 53686169 1344 
91 I 54395388 1484 
92 I 54817252 1204 
93 I 55780711 1484 
94 I 56881336 1344 
95 I 56905694 1484 
96 I 56910659 316 
97 I 56994257 1204 
98 I 57960792 1484 
99 I 57978149 1204 
100 I 59148041 1484 
101 I 59188504 1344 
102 I 60237700 1484 
103 I 61293771 1476 
104 I 61999062 1484 
105 I 62347780 184 
106 I 63187139 1344 
107 I 63349482 1484 
108 I 63605997 1484 
109 I 64668519 1484 
110 I 65045787 1484 
111 I 65066779 1484 
112 I 66030673 1484 
113 I 66275344 1484 
114 I 66296583 1484 
115 I 67571649 1484 
116 I 67697116 1484 
117 I 67712067 1064 
118 I 67754295 1484 
119 I 68790001 1484 
120 I 68934453 636 
121 I 68949737 1064 
122 I 74150975 1484 
123 I 75233930 456 
124 I 75255153 1484 
125 I 76493579 1484 
126 I 77616430 1484 
127 I 78724534 1484 
128 I 79807966 1484 
129 I 80068816 1064 
130 I 81002011 1484 
131 I 81223073 1484 
132 I 82441267 1484 
133 I 83440527 504 
134 I 86607270 1484 
135 I 87650786 1484 
136 I 87672068 1484 
137 I 88783089 1484 
138 I 88804324 1484 
139 I 89817847 1484 
140 I 91162770 1484 
141 I 91183741 1484 
142 I 92282099 1484 
143 I 92300134 1096 
144 I 93304529 1484 
145 I 93316925 808 
146 I 94373830 1344 
147 I 94380168 432 
148 I 95370603 1344 
149 I 95574128 1484 
150 I 96420956 1484 
151 I 96642269 1484 
152 I 97725514 1484 
153 I 98944574 1484 
154 I 99815150 1484 
155 I 99902887 1336 
156 I 100893959 1484 
157 I 100915415 1484 
158 I 101051209 1484 
159 I 102143450 1484 
160 I 104309305 1484 
161 I 105352896 1484 
162 I 105373968 1484 
163 I 106464652 1484 
164 I 106485509 1484 
165 I 107614413 1484 
166 I 107635865 1484 
167 I 108740783 1484 
168 I 108761979 1484 
169 I 108781595 1360 
170 I 109903933 1484 
171 I 109925369 1484 
172 I 110996661 1484 
173 I 111018195 1484 
174 I 111032837 1056 
175 I 112050786 1484 
176 I 112065436 1064 
177 I 112104116 1204 
178 I 114762342 1484 
179 I 115705205 1344 
180 I 115726249 1484 
181 I 116640712 1484 
182 I 116661410 1484 
183 I 117589050 1484 
184 I 117610224 1484 
185 I 118583574 1484 
186 I 118604629 1484 
187 I 118626070 1484 
188 I 119538214 1484 
189 I 119559684 1484 
190 I 119645468 1484 
191 I 120573985 1484 
192 I 120594879 1484 
193 I 120600733 354 
194 I 120840678 1484 
195 I 120858105 1204 
196 I 121699844 1344 
197 I 121879567 1484 
198 I 121896636 1204 
199 I 122103981 1484 
200 I 122108789 330 
201 I 122204009 1484 
202 I 122917528 1204 
203 I 122983495 1484 
204 I 123145342 1204 
205 I 123275214 1484 
206 I 123292323 1204 
207 I 123627259 1484 
208 I 123908031 1204 
209 I 123929143 1484 
210 I 123934448 330 
211 I 124159265 1484 
212 I 124176129 1204 
213 I 124685871 1344 
214 I 124886472 1344 
215 I 124907784 1484 
216 I 124924949 1204 
217 I 125096487 1344 
218 I 125118462 1484 
219 I 125123022 330 
220 I 125842253 1344 
221 I 125866418 1484 
222 I 125883303 1204 
223 I 126136549 1344 
224 I 126248683 1484 
225 I 126868683 1344 
226 I 126889791 1484 
227 I 126895002 330 
228 I 127161377 1344 
229 I 127205233 1484 
230 I 127222417 1204 
231 I 127859028 1204 
232 I 128805957 1344 
233 I 128932584 1484 
234 I 128949841 1204 
235 I 129059514 1484 
236 I 129064720 330 
237 I 129820790 1484 
238 I 129837912 1204 
239 I 130024867 1204 
240 I 130182359 1484 
241 I 130772203 1484 
242 I 131129017 1344 
243 I 131600743 330 
244 I 132549726 1344 
245 I 133540462 184 
246 I 133556128 1064 
247 I 136383440 1484 
248 I 137315774 1484 
249 I 137337032 1484 
250 I 138278070 1484 
251 I 138505519 1484 
252 I 139424470 1484 
253 I 139445807 1484 
254 I 139604604 1484 
255 I 140439287 1484 
256 I 140460689 1484 
257 I 140468405 510 
258 I 140667345 1484 
259 I 141334228 1484 
260 I 141355670 1484 
261 I 141368770 924 
262 I 141806753 1484 
263 I 141827842 1484 
264 I 141830919 190 
265 I 142366408 1344 
266 I 142410249 1484 
267 I 142640908 1204 
268 I 142906404 1344 
269 I 143012148 1484 
270 I 143158757 1204 
271 I 143555371 1344 
272 I 143576225 1484 
273 I 143581561 330 
274 I 144023250 1344 
275 I 144070292 1484 
276 I 144087748 1204 
277 I 144486751 1344 
278 I 144510409 1484 
279 I 144527795 1204 
280 I 145069502 1344 
281 I 145092167 1484 
282 I 145097313 330 
283 I 145415239 1344 
284 I 145674313 1484 
285 I 145691632 1204 
286 I 146040654 1344 
287 I 146088429 1484 
288 I 146106020 1204 
289 I 146538305 1344 
290 I 146633785 470 
291 I 146656167 1484 
292 I 146673545 1204 
293 I 147091176 1484 
294 I 147108173 1204 
295 I 147586795 1344 
296 I 147608150 1484 
297 I 147625191 1204 
298 I 147853448 1484 
299 I 147858263 330 
300 I 148243729 1484 
301 I 148260995 1204 
302 I 148694605 1484 
303 I 148984822 1344 
304 I 149005945 1484 
305 I 149023177 1204 
306 I 149505727 1484 
307 I 149510545 330 
308 I 149952980 1344 
309 I 149970194 1204 
310 I 151023293 1344 
311 I 151089755 1484 
312 I 151106931 1204 
313 I 151291139 1484 
314 I 152136425 1484 
315 I 152157850 1484 
316 I 152171113 924 
317 I 152275785 1484 
318 I 152280696 330 
319 I 152442103 1344 
320 I 153217681 1344 
321 I 153238754 1484 
322 I 153327617 1204 
323 I 153391219 1484 
324 I 153495993 1204 
325 I 153518839 1484 
326 I 154238454 330 
327 I 154260207 1484 
328 I 154276684 1204 
329 I 154544942 1484 
330 I 154562353 1204 
331 I 154792466 1484 
332 I 154809752 1204 
333 I 155284010 1484 
334 I 155568715 470 
335 I 155590165 1484 
336 I 155607167 1204 
337 I 155875434 1484 
338 I 155892976 1204 
339 I 156580439 1344 
340 I 156602598 1204 
341 I 156847498 1204 
342 I 157713587 1344 
343 I 157734681 1484 
344 I 157751736 1204 
345 I 157775663 1484 
346 I 157928686 1484 
347 I 158872720 1484 
348 I 158874008 53 
349 I 158892980 1344 
350 I 158975395 1484 
351 I 159359788 1484 
352 I 160156731 1484 
353 I 160168504 924 
354 I 160334167 1484 
355 I 160339966 363 
356 I 160361383 1484 
357 I 160813932 1204 
358 I 161408131 1344 
359 I 161514516 1484 
360 I 161571738 1204 
361 I 161682533 1484 
362 I 161699450 1204 
363 I 161994797 503 
364 I 162430440 1344 
365 I 162451618 1484 
366 I 162468423 1204 
367 I 162611142 1484 
368 I 162628397 1204 
369 I 163101471 1344 
370 I 163421272 1344 
371 I 163493824 363 
372 I 163624743 1484 
373 I 163641970 1204 
374 I 164187048 1344 
375 I 164411167 1344 
376 I 164541053 1344 
377 I 164560769 1344 
378 I 167663964 1484 
379 I 168879629 1344 
380 I 168900984 1484 
381 I 170173771 1484 
382 I 171425179 1484 
383 I 172492394 1484 
384 I 173458215 223 
385 I 176621741 1484 
386 I 177611347 1484 
387 I 178703690 1484 
388 I 179577419 1484 
389 I 180671323 963 
390 I 183729160 1484 
391 I 184676566 1484 
392 I 184697450 1484 
393 I 185935408 1484 
394 I 185956371 1484 
395 I 187305773 1484 
396 I 187327354 1484 
397 I 188537504 1484 
398 I 188558744 1484 
399 I 188579728 1484 
400 I 188582768 201 
401 I 189519458 1484 
402 I 189536444 1204 
403 I 189596729 1484 
404 I 189617808 1484 
405 I 190523816 1484 
406 I 190545081 1484 
407 I 190707654 1484 
408 I 190723418 1103 
409 I 191569457 1484 
410 I 191586839 1204 
411 I 191607859 1484 
412 I 191867837 1204 
413 I 191930637 1484 
414 I 192670315 1484 
415 I 192685324 1064 
416 I 192898107 1484 
417 I 192903693 363 
418 I 193114675 1484 
419 I 193682781 1204 
420 I 193765774 1484 
421 I 193934079 1204 
422 I 193955524 1484 
423 I 194083777 1204 
424 I 194598516 1344 
425 I 195616213 503 
426 I 195637432 1484 
427 I 195654456 1204 
428 I 196625833 1484 
429 I 196647231 1484 
430 I 196769293 1484 
431 I 197496321 1484 
432 I 197518188 1484 
433 I 198413492 1484 
434 I 198428729 1064 
435 I 199282691 1484 
436 I 199334849 644 
437 I 200307349 1204 
438 I 201383243 1344 
439 I 202416644 503 
440 I 205478953 1484 
441 I 206528873 1344 
442 I 206609423 1484 
443 I 207457087 1484 
444 I 207478287 1484 
445 I 208434854 1484 
446 I 208456024 1484 
447 I 209569938 1484 
448 I 209590961 1484 
449 I 209612004 1484 
450 I 210509181 1484 
451 I 210627038 1484 
452 I 211426812 1484 
453 I 211447900 1484 
454 I 212245807 1484 
455 I 212259782 1002 
456 I 213075362 1484 
457 I 213856794 1462 
458 I 215050348 526 
459 I 216136351 503 
460 I 216184088 1484 
461 I 217066319 1484 
462 I 217087028 1484 
463 I 217972330 1484 
464 I 217993490 1484 
465 I 219009083 1484 
466 I 219030547 1484 
467 I 219051477 1484 
468 I 219926251 1484 
469 I 219953567 403 
470 I 219997514 1484 
471 I 220895660 1484 
472 I 221768447 1484 
473 I 222563848 1484 
474 I 222607599 543 
475 I 223401727 1484 
476 I 223422642 1484 
477 I 224209137 1484 
478 I 224230101 1484 
479 I 224255325 1484 
480 I 225232476 1484 
481 I 225425637 1484 
482 I 225446941 1484 
483 I 226431144 1484 
484 I 226498035 1484 
485 I 226519122 1484 
486 I 226527904 582 
487 I 227418216 1484 
488 I 227435345 1204 
489 I 227510437 1344 
490 I 227531641 1484 
491 I 228199478 1484 
492 I 228220469 1484 
493 I 228233847 924 
494 I 228301435 1484 
495 I 228306963 379 
496 I 229128924 1484 
497 I 229146195 1204 
498 I 229213400 1484 
499 I 229234949 1204 
500 I 229257983 1344 
501 I 229990523 1484 
502 I 230007827 1204 
503 I 230128445 1344 
504 I 230170911 1484 
505 I 230179341 545 
506 I 230333585 1344 
507 I 230738495 1344 
508 I 230759691 1484 
509 I 230777081 1204 
510 I 230980354 1344 
511 I 231043919 1484 
512 I 231061266 1204 
513 I 231656439 685 
514 I 231696220 1344 
515 I 231805887 1484 
516 I 231823090 1204 
517 I 232084602 1484 
518 I 232846811 1484 
519 I 232863678 1204 
520 I 232939612 1484 
521 I 232947746 545 
522 I 233768789 1344 
523 I 235422797 1484 
524 I 236599820 1484 
525 I 236620961 1484 
526 I 236642055 1484 
527 I 236663685 1484 
528 I 236679790 1145 
529 I 237780893 1344 
530 I 237802326 1484 
531 I 237819482 1204 
532 I 237842427 1344 
533 I 237912718 1344 
534 I 238266606 1484 
535 I 238283824 1204 
536 I 239463632 1484 
537 I 239655520 1484 
538 I 239676117 1484 
539 I 240758385 1484 
540 I 240802120 1484 
541 I 240823143 1484 
542 I 241851396 1484 
543 I 241859794 545 
544 I 241905141 1484 
545 I 242111224 1484 
546 I 242719384 1484 
547 I 242735687 1145 
548 I 242793770 924 
549 I 243535850 1484 
550 I 243781372 1484 
551 I 244490966 1484 
552 I 244511951 1484 
553 I 244989285 1484 
554 I 245515890 1484 
555 I 245536925 1484 
556 I 245551530 1005 
557 I 246452788 1484 
558 I 246742792 1484 
559 I 246763630 1484 
560 I 247083044 1484 
561 I 247935025 1484 
562 I 248098374 1484 
563 I 248114281 1145 
564 I 248198279 1484 
565 I 248580386 1204 
566 I 249175960 1344 
567 I 249199788 1484 
568 I 249217182 1204 
569 I 249428378 1484 
570 I 249436748 545 
571 I 250312253 1344 
572 I 250333299 1484 
573 I 250350505 1204 
574 I 250636839 1484 
575 I 250653932 1204 
576 I 251443653 1344 
577 I 254456175 1484 
578 I 255536115 1484 
579 I 255557229 1484 
580 I 256617157 1484 
581 I 256638244 1484 
582 I 257493161 1484 
583 I 258402537 1484 
584 I 259386792 1484 
585 I 260376329 1484 
586 I 260483690 1285 
587 I 261328446 1484 
588 I 261511602 1484 
589 I 262648210 1484 
590 I 263474758 1484 
591 I 264260935 1484 
592 I 264278103 1226 
593 I 265234945 1484 
594 I 265256175 1484 
595 I 265277531 1484 
596 I 266430105 1484 
597 I 266622394 1484 
598 I 267878328 1484 
599 I 267920671 1484 
600 I 268946311 1484 
601 I 269892987 1484 
602 I 270802232 607 
603 I 274221789 1484 
604 I 275463849 1484 
605 I 275485197 1484 
606 I 276747687 1484 
607 I 276769112 1484 
608 I 278072189 1484 
609 I 278093681 1484 
610 I 279406512 1484 
611 I 279427721 1484 
612 I 279449127 1484 
613 I 279450532 77 
614 I 280243447 1484 
615 I 280264616 1484 
616 I 280288691 1484 
617 I 280301545 924 
618 I 281095621 1484 
619 I 281117074 1484 
620 I 281229652 1484 
621 I 282088957 1484 
622 I 282110134 1484 
623 I 282121528 752 
624 I 282263610 1484 
625 I 283135587 1484 
626 I 283154086 1172 
627 I 286368838 1484 
628 I 287326022 1484 
629 I 287339223 924 
630 I 288221794 1484 
631 I 288242998 1484 
632 I 289302072 1484 
633 I 289323489 1484 
634 I 290459085 1484 
635 I 290480099 1484 
636 I 290501261 1484 
637 I 291726541 1484 
638 I 291903106 1484 
639 I 292950924 1484 
640 I 293121291 612 
641 I 293982799 1484 
642 I 294004060 1460 
643 I 294958973 1344 
644 I 295009686 292 
645 I 297911992 1484 
