0 I 0 1496 
1 I 20654 1496 
2 I 1096836 1496 
3 I 1118204 1496 
4 I 1139407 1496 
5 I 2217009 1496 
6 I 2237542 1496 
7 I 2258916 1496 
8 I 2365044 1496 
9 I 2386870 1496 
10 I 3273364 1496 
11 I 3295130 1496 
12 I 3315666 1496 
13 I 3387030 1496 
14 I 3408557 1496 
15 I 3430039 1496 
16 I 3450783 1496 
17 I 3471949 1496 
18 I 4335443 1496 
19 I 4356256 1496 
20 I 4377909 1496 
21 I 4431036 1496 
22 I 4452487 1496 
23 I 4468412 1086 
24 I 9513628 1496 
25 I 9534836 1496 
26 I 9555826 1496 
27 I 9562440 491 
28 I 15983169 339 
29 I 19852457 1236 
30 I 43059154 1496 
31 I 43076520 1496 
32 I 44162648 1496 
33 I 44190901 1496 
34 I 44210745 1496 
35 I 45270304 1496 
36 I 45290372 1496 
37 I 45312254 1496 
38 I 45333145 1496 
39 I 45351757 1264 
