0 I 0 558 
1 I 380250 855 
2 I 783959 1504 
3 I 784139 1504 
4 I 1160725 649 
5 I 1626017 418 
6 I 1922108 1504 
7 I 1990717 1504 
8 I 1990852 1504 
9 I 2292116 1504 
10 I 2292259 1463 
11 I 2678918 401 
12 I 2678929 1504 
13 I 3373985 1504 
14 I 3741659 1504 
15 I 4123368 1504 
16 I 4123378 1005 
17 I 4516669 1504 
18 I 4516811 284 
19 I 4516816 1504 
20 I 4908774 1390 
21 I 5808179 1390 
22 I 6147471 1504 
23 I 6533119 1504 
24 I 6533254 1504 
25 I 6790574 903 
26 I 6790577 1504 
27 I 6916086 1504 
28 I 6916218 1470 
29 I 7315426 848 
30 I 7710267 863 
31 I 7710270 1504 
32 I 8589866 1504 
33 I 8849580 1504 
34 I 8981841 903 
35 I 9245880 1504 
36 I 9245885 888 
37 I 9365752 603 
38 I 9365758 1504 
39 I 9641946 1327 
40 I 10698990 1327 
41 I 10747449 603 
42 I 11106137 1115 
43 I 11155627 1504 
44 I 11155867 1504 
45 I 11556080 1504 
46 I 11556215 1504 
47 I 11556326 553 
48 I 12707880 1504 
49 I 13106025 349 
50 I 13106035 1504 
51 I 13220391 1115 
52 I 13688918 1504 
53 I 13689152 1504 
54 I 14104807 1504 
55 I 14104896 1362 
56 I 14537412 1504 
57 I 14537568 1504 
58 I 14537744 1504 
59 I 15434485 1504 
60 I 15817901 1504 
61 I 15818061 1504 
62 I 16788418 1504 
63 I 16788438 1084 
64 I 17504783 1504 
65 I 17613665 1504 
66 I 18051283 1504 
67 I 18051288 931 
68 I 18454736 1504 
69 I 18454901 1504 
70 I 18455057 1504 
71 I 18938171 1504 
72 I 19281332 1504 
73 I 19682302 1504 
74 I 19682575 1504 
75 I 20091394 1504 
76 I 20091409 716 
77 I 21804359 1504 
78 I 21820832 1043 
79 I 21824007 1504 
80 I 21824127 1504 
81 I 22251749 570 
82 I 22251757 1504 
83 I 22267903 1504 
84 I 22268434 1504 
85 I 22268950 1504 
86 I 22670520 1504 
87 I 22670825 1504 
88 I 22671008 1504 
89 I 22691354 1504 
90 I 22691597 1504 
91 I 22819707 656 
92 I 23217398 610 
93 I 23507157 1504 
94 I 23636203 105 
95 I 23636222 1504 
96 I 23935303 656 
97 I 24323335 1504 
98 I 24360124 406 
99 I 24360135 1504 
100 I 25741137 1504 
