0 I 0 1504 
1 I 129 1504 
2 I 81803 1504 
3 I 81924 1504 
4 I 82056 1504 
5 I 121662 534 
6 I 257159 1504 
7 I 257221 992 
8 I 319181 458 
9 I 319187 1504 
10 I 341693 481 
11 I 378768 371 
12 I 498793 371 
13 I 526046 1060 
14 I 565309 482 
15 I 5380433 1504 
16 I 5380561 1504 
17 I 5381590 1504 
18 I 5381692 1302 
19 I 11491403 1504 
20 I 11492245 1504 
21 I 11492367 1504 
22 I 11492589 1352 
23 I 11881744 1504 
24 I 11881866 1504 
25 I 11881990 1504 
26 I 11882133 1504 
27 I 11882257 1504 
28 I 11882409 1504 
29 I 11882532 1504 
30 I 11921021 1504 
31 I 11921184 1504 
32 I 11921191 558 
33 I 11961219 1504 
34 I 11961344 1504 
35 I 24678813 1504 
36 I 24678943 1504 
37 I 24679059 1504 
38 I 24680090 1289 
39 I 25073886 1504 
40 I 25074545 1504 
41 I 25074665 1504 
42 I 25074790 1504 
43 I 25074912 1504 
44 I 25075035 1504 
45 I 25075198 1504 
46 I 25075921 1504 
47 I 25113534 1504 
48 I 25113694 1504 
49 I 25119600 1504 
50 I 25119727 1504 
51 I 25121090 1504 
52 I 25121215 1504 
53 I 25150735 1504 
54 I 25150858 1504 
55 I 25150982 1504 
56 I 25154296 1504 
57 I 25160774 1504 
58 I 25162510 1504 
59 I 25164438 1504 
60 I 25188120 1504 
61 I 25189317 1504 
62 I 25191770 1504 
63 I 25201048 1504 
64 I 25201175 1504 
65 I 25229068 1504 
66 I 25229195 1504 
67 I 25235677 1504 
68 I 25236244 922 
69 I 28491529 1504 
70 I 28491978 1504 
71 I 28492101 1504 
72 I 28492324 1504 
73 I 28492573 1504 
74 I 28492693 1504 
75 I 28492783 168 
76 I 28492818 1504 
77 I 28772874 371 
78 I 28802641 1504 
79 I 28846381 1504 
80 I 28846514 1504 
81 I 28846653 1504 
82 I 28846775 1504 
83 I 28847485 1504 
84 I 28847610 1504 
85 I 28884293 1504 
86 I 28884417 1504 
87 I 28887516 1504 
88 I 28888634 1504 
89 I 28891129 1504 
90 I 28891268 1504 
91 I 28924326 1504 
92 I 28924449 1504 
93 I 28924479 700 
94 I 28981451 860 
95 I 29008315 168 
96 I 29036432 1504 
97 I 29036858 1504 
98 I 29036985 1504 
99 I 29037111 1504 
100 I 29037241 1504 
101 I 29038164 1504 
102 I 29038405 1504 
103 I 29066464 321 
104 I 29066483 1504 
105 I 29074386 1504 
106 I 29074516 1504 
107 I 29078218 1504 
108 I 29079222 775 
