0 I 0 580 
1 I 49 580 
2 I 107 580 
3 I 1434760 580 
4 I 1435046 580 
5 I 1435097 580 
6 I 1435101 235 
7 I 1736478 580 
8 I 1736528 580 
9 I 1736581 580 
10 I 55497784 580 
11 I 55497833 580 
12 I 55497883 580 
13 I 56356577 580 
14 I 56356628 580 
15 I 56356679 580 
16 I 56655314 580 
17 I 56655326 283 
18 I 72598205 580 
19 I 72598267 580 
20 I 72598315 580 
21 I 74573539 580 
22 I 74573589 580 
23 I 74788977 580 
24 I 74789018 580 
25 I 74789054 494 
26 I 153866893 580 
27 I 153866943 580 
28 I 153866976 365 
29 I 156138385 580 
30 I 156138444 580 
31 I 156138446 305 
32 I 157493180 580 
33 I 157493250 580 
34 I 157493298 580 
35 I 157657804 580 
36 I 157657852 580 
37 I 157657902 580 
38 I 159438447 121 
39 I 160279316 314 
40 I 187494322 580 
41 I 187494358 580 
42 I 187494413 580 
43 I 189050425 505 
