0 I 0 1504 
1 I 111 1504 
2 I 364069 1504 
3 I 364182 120 
4 I 364197 1504 
5 I 774936 1504 
6 I 775307 1504 
7 I 775566 1504 
8 I 1136332 1504 
9 I 1136622 117 
10 I 1136638 1504 
11 I 2324241 1504 
12 I 5090148 1504 
13 I 5090393 1504 
14 I 5190636 1504 
15 I 5190794 1504 
16 I 5589465 1504 
17 I 5589736 1504 
18 I 5617196 1504 
19 I 5617347 469 
20 I 5617356 1504 
21 I 5986504 743 
22 I 6596126 1504 
23 I 7355785 469 
24 I 8610873 1504 
25 I 8976877 1504 
26 I 8977172 1504 
27 I 9323295 1504 
28 I 9919378 469 
29 I 10279667 1504 
30 I 10279819 1504 
31 I 10696448 1504 
32 I 10696673 1504 
33 I 10696677 809 
34 I 11075733 1504 
35 I 11076097 1504 
36 I 11076320 1292 
37 I 12180430 1504 
38 I 12562045 1504 
39 I 12906441 1504 
40 I 12906581 1504 
41 I 13006352 1504 
