0 I 0 580 
1 I 13 356 
2 I 713891 73 
3 I 713903 580 
4 I 1295782 580 
5 I 1296979 580 
6 I 1296988 303 
7 I 2353667 580 
8 I 2354338 580 
9 I 2354348 261 
10 I 3404107 580 
11 I 3404367 580 
12 I 3427391 580 
13 I 3428057 117 
14 I 3428069 580 
15 I 3957868 580 
16 I 3959035 580 
17 I 4159144 580 
18 I 4159691 580 
19 I 4368696 580 
20 I 4368730 63 
21 I 4368744 580 
22 I 4558359 79 
23 I 5233893 580 
24 I 5233929 96 
25 I 5233942 580 
26 I 5321642 580 
27 I 5321685 542 
28 I 6036478 580 
29 I 6037168 539 
30 I 6173424 580 
31 I 6173469 549 
32 I 6731494 580 
33 I 6732095 458 
34 I 7397967 580 
35 I 7398069 534 
36 I 8697315 580 
37 I 8697358 580 
38 I 9276467 580 
39 I 9276516 580 
40 I 9463181 580 
41 I 9463222 580 
42 I 9876729 580 
43 I 9876777 580 
44 I 9876836 580 
45 I 10132416 580 
46 I 10132418 270 
47 I 11153577 162 
48 I 11153582 580 
49 I 11227670 437 
50 I 11715576 134 
51 I 11715582 580 
52 I 64183790 580 
53 I 64183833 580 
54 I 64783378 580 
55 I 64784181 580 
56 I 64784231 580 
57 I 65396097 580 
58 I 65396146 580 
59 I 65396203 580 
60 I 65690191 580 
61 I 65690776 580 
62 I 65999404 232 
63 I 66508744 134 
64 I 66508751 580 
65 I 66847996 163 
66 I 66847999 580 
67 I 70528040 580 
68 I 70528115 580 
69 I 71133590 580 
70 I 71133639 580 
71 I 71134737 580 
