0 I 0 1304 
1 I 108 1304 
2 I 33561 1304 
3 I 33913 1304 
4 I 34067 1304 
5 I 66577 1304 
6 I 66701 1304 
7 I 66812 1304 
8 I 100768 1304 
9 I 100783 575 
10 I 4533026 1304 
11 I 4533637 1304 
12 I 4533748 1304 
13 I 4533896 1304 
14 I 4534009 1304 
15 I 4534111 1304 
16 I 4534223 1304 
17 I 4567336 1304 
18 I 4567340 478 
19 I 4832138 1304 
20 I 4860735 1304 
21 I 4860842 1304 
22 I 4896961 1304 
23 I 4897763 1304 
24 I 4897884 1304 
25 I 4932360 1304 
26 I 4932465 1304 
27 I 4932575 1304 
28 I 4964072 1304 
29 I 4964928 1304 
30 I 4965043 1304 
31 I 4967564 75 
32 I 4967598 1304 
33 I 8288849 1304 
34 I 8288958 1304 
35 I 8378884 1304 
36 I 8379256 1304 
37 I 8379382 1304 
38 I 8492414 1304 
39 I 8492864 1304 
40 I 8492970 1304 
41 I 8590593 230 
42 I 8590605 1304 
