0 I 0 1504 
1 I 123 1504 
2 I 90752 1504 
3 I 90876 1504 
4 I 90997 1504 
5 I 176364 416 
6 I 176366 1504 
7 I 40270924 1504 
8 I 40271049 1504 
9 I 43268774 1504 
10 I 43338922 1504 
11 I 43339051 1504 
12 I 43428327 1504 
13 I 43428448 470 
14 I 43428451 1504 
15 I 43898698 1504 
16 I 91794014 1504 
17 I 91794146 1504 
18 I 91883490 1504 
19 I 91883611 1504 
20 I 91883734 1504 
21 I 91969674 1504 
22 I 91969797 1504 
23 I 91969829 753 
24 I 96548899 1504 
25 I 96549195 1504 
26 I 96549424 1386 
27 I 96549551 1504 
28 I 96549630 1124 
29 I 96676650 1504 
30 I 97032007 1504 
31 I 97943445 1504 
32 I 97943564 1504 
33 I 98030851 1504 
34 I 98030945 266 
35 I 98030973 1504 
36 I 101892526 1504 
37 I 101892650 1504 
38 I 101980063 1504 
39 I 101980188 496 
40 I 101980193 1504 
41 I 150846693 1504 
42 I 150846812 1504 
43 I 150935300 1504 
44 I 150935422 1504 
45 I 150935545 1504 
46 I 151021666 416 
47 I 151021677 1504 
48 I 151425177 1504 
