0 I 0 273 
1 I 5098 273 
2 I 1259411 273 
3 I 3498247 273 
4 I 11438923 274 
5 I 12670128 273 
6 I 13730100 273 
7 I 14938123 274 
8 I 16869520 273 
9 I 17872451 273 
10 I 18110376 273 
11 I 19301055 272 
12 I 20405259 756 
13 I 21368855 273 
14 I 21517430 1504 
15 I 21517456 647 
16 I 22592098 530 
17 I 23663523 1504 
18 I 23663586 1043 
19 I 25927220 271 
20 I 26088380 530 
21 I 27009104 462 
22 I 27009106 1504 
23 I 28175803 1504 
24 I 28175911 1113 
25 I 28255977 1504 
26 I 28256000 625 
27 I 34249802 1504 
28 I 35333912 1504 
29 I 35333934 283 
30 I 38828695 283 
31 I 43425072 616 
32 I 50922477 1504 
33 I 50922512 846 
34 I 52099794 427 
35 I 53167075 273 
36 I 56660115 273 
37 I 62658624 273 
38 I 74434103 272 
39 I 74659976 273 
40 I 84575119 273 
41 I 88069351 273 
42 I 98660628 273 
