0 I 0 844 
1 I 889565 916 
2 I 1830093 379 
3 I 5128544 382 
4 I 6048531 800 
5 I 6943667 1124 
6 I 7160462 396 
7 I 7843271 798 
8 I 10160212 396 
9 I 16160361 396 
10 I 16934343 376 
11 I 17200541 798 
12 I 17888348 368 
13 I 18619465 374 
14 I 28120785 374 
15 I 28930819 376 
16 I 29593450 367 
17 I 47141339 374 
18 I 47965527 816 
19 I 48822323 887 
20 I 49632535 369 
21 I 50425018 458 
22 I 51214316 1209 
23 I 51983698 370 
24 I 53591651 367 
25 I 53655894 370 
26 I 54278139 769 
27 I 58951832 370 
28 I 59766466 464 
29 I 61609490 1504 
30 I 61609604 1504 
31 I 61609736 1504 
32 I 62440475 1504 
33 I 62440603 1473 
34 I 66962425 1473 
35 I 67739613 429 
36 I 76792354 429 
37 I 77582310 786 
38 I 79308977 429 
39 I 82049922 1504 
40 I 82050011 834 
41 I 82050026 1504 
42 I 88353065 1504 
43 I 89165654 368 
44 I 90057508 369 
45 I 90975425 369 
46 I 91808144 1125 
47 I 96863189 1125 
48 I 102273363 769 
49 I 103052481 962 
50 I 104201217 427 
51 I 114313569 427 
52 I 134554196 427 
53 I 164580471 248 
54 I 167584847 232 
55 I 168329201 248 
56 I 174015363 248 
57 I 185395757 248 
58 I 185990366 249 
59 I 189594479 105 
60 I 189594537 1504 
61 I 190225853 220 
62 I 190225906 1504 
63 I 192680174 124 
64 I 192680231 1504 
65 I 196256051 220 
66 I 208336540 220 
67 I 215437107 1504 
68 I 232497284 220 
