0 I 0 1504 
1 I 36 1027 
2 I 2916674 1504 
3 I 2916684 1027 
4 I 3360283 1504 
5 I 3833963 1504 
6 I 3833970 1027 
7 I 4382995 1504 
8 I 4383031 1027 
9 I 4775085 1504 
10 I 4775098 1027 
11 I 5388713 1504 
12 I 5388727 1027 
13 I 5707804 1504 
14 I 5707841 1027 
15 I 6356748 1504 
16 I 6356787 1027 
17 I 8121087 1504 
18 I 8121105 1027 
19 I 9830328 1504 
20 I 11112257 1504 
21 I 11628578 1504 
22 I 11628603 1027 
23 I 12203321 1027 
24 I 12585330 1504 
25 I 12585356 1027 
26 I 13697783 1504 
27 I 13697800 1027 
28 I 13755052 1504 
29 I 13755064 1027 
30 I 17020315 1504 
31 I 17120613 1504 
