0 I 0 379 
1 I 178002108 1504 
2 I 178002264 1504 
3 I 178002460 1504 
4 I 178515707 1504 
5 I 178515949 1504 
6 I 178516155 1504 
7 I 178524552 1504 
8 I 178524688 1504 
9 I 179188225 1504 
10 I 179188392 1504 
11 I 179188478 1504 
12 I 179190471 1504 
13 I 179194686 1504 
14 I 179194858 1504 
15 I 179861716 1504 
16 I 179861822 1504 
17 I 180388350 1504 
18 I 181066863 1504 
19 I 181067014 1504 
20 I 182331511 1504 
21 I 182807903 1504 
22 I 182808049 1504 
23 I 183612171 1504 
24 I 183612294 1504 
25 I 183612403 1504 
26 I 184396548 387 
27 I 185745734 1504 
