0 I 0 1504 
1 I 27512601 1504 
2 I 82537715 1504 
3 I 83037333 1504 
4 I 83037595 1504 
5 I 83531715 1504 
6 I 83531845 1504 
7 I 83531985 1504 
8 I 85148032 1504 
9 I 85626423 1504 
10 I 85626532 1504 
11 I 86114682 1504 
12 I 86114979 1504 
13 I 86115366 1504 
14 I 86606593 1504 
15 I 86606643 1504 
16 I 86785166 1504 
17 I 87848215 1504 
18 I 88334916 1504 
19 I 88335077 1504 
20 I 88822568 1504 
21 I 88822956 1504 
22 I 88823164 1504 
23 I 89321021 1504 
24 I 89940018 1504 
25 I 92018971 1504 
26 I 92512734 1504 
27 I 92512845 1504 
28 I 93021078 1504 
29 I 93021378 1504 
30 I 93021671 1504 
31 I 93528325 1504 
32 I 93528474 1504 
33 I 93725363 1504 
34 I 94227780 1504 
35 I 94748815 1504 
36 I 97211060 1504 
37 I 97714342 1504 
38 I 97714801 1504 
39 I 102639632 1504 
40 I 103282886 1504 
41 I 103283189 1504 
42 I 113150944 1504 
43 I 113742134 1504 
44 I 113742256 1504 
45 I 114192048 1504 
46 I 114192394 1504 
47 I 114192575 1504 
48 I 115370867 1504 
49 I 115800973 1504 
50 I 115801067 1504 
51 I 115801253 1504 
52 I 116232705 1504 
53 I 117385713 1504 
54 I 119691284 1504 
