0 I 0 1504 
1 I 475 1504 
2 I 12021563 1504 
3 I 17073869 1504 
4 I 17074678 1504 
5 I 17980587 1504 
6 I 17981025 1504 
7 I 17981375 1504 
8 I 18895457 1504 
9 I 18896294 1504 
10 I 19870438 1504 
11 I 22284206 1504 
12 I 23083804 1504 
13 I 23084529 1461 
14 I 29829086 1504 
15 I 115126473 1504 
16 I 115126890 1504 
17 I 117479281 183 
18 I 118142573 1504 
19 I 120459927 183 
20 I 124177869 1504 
21 I 136248110 1504 
22 I 137178880 1504 
23 I 137179697 1504 
24 I 138087929 1504 
25 I 138088282 1504 
26 I 138839695 673 
27 I 138839698 1504 
28 I 139609508 1504 
29 I 139610044 1504 
30 I 139610461 1504 
31 I 140763724 1504 
32 I 141488248 1504 
