0 I 0 214 
1 I 321521 174 
2 I 990206 213 
3 I 1307751 174 
4 I 2135905 214 
5 I 2501207 174 
6 I 3264266 213 
7 I 3597846 174 
8 I 5531647 214 
9 I 5897610 174 
10 I 6599205 213 
11 I 6991257 174 
12 I 10594607 214 
13 I 10924253 174 
14 I 11749159 213 
15 I 12127849 174 
16 I 19666320 214 
17 I 20002482 174 
18 I 20828259 213 
19 I 21206613 174 
20 I 36713446 214 
21 I 37067355 174 
22 I 37900375 213 
23 I 38268389 174 
24 I 69958920 214 
25 I 70314946 174 
26 I 71775357 213 
27 I 72174234 174 
