0 I 0 1504 
1 I 132 1504 
2 I 2995391 1504 
3 I 3202350 1504 
4 I 3202527 1504 
5 I 4436912 1504 
6 I 4437042 1504 
7 I 4437256 1504 
8 I 5668120 1504 
9 I 5668284 1504 
10 I 5668382 1504 
11 I 5670664 1504 
12 I 5671143 1504 
13 I 6833972 1504 
14 I 6834118 1504 
15 I 6838767 1504 
16 I 7946922 1504 
17 I 8995330 1504 
18 I 14155326 1504 
19 I 20995149 1504 
20 I 24335176 1504 
21 I 44695066 1504 
22 I 44994894 1504 
23 I 85414307 1504 
24 I 87052390 1504 
25 I 87052734 1504 
26 I 88928369 576 
27 I 88928399 1504 
28 I 92994588 1504 
29 I 94620336 1504 
30 I 94620503 1504 
31 I 96170807 1504 
32 I 96170941 1504 
33 I 96171081 1504 
34 I 97824300 1504 
35 I 97824798 1504 
36 I 97825192 1504 
37 I 99671559 1504 
38 I 106064116 1504 
39 I 107688330 1504 
40 I 107688462 1504 
41 I 109222265 1504 
42 I 109222270 722 
