0 I 0 1504 
1 I 67 1504 
2 I 49000687 1504 
3 I 52681292 1504 
4 I 55321656 1504 
5 I 67519230 1504 
6 I 67519488 1504 
7 I 76619585 1504 
8 I 76619743 1504 
9 I 77112863 1504 
10 I 77113121 1504 
11 I 77113368 1504 
12 I 77792149 1504 
13 I 77792459 1504 
14 I 77792854 1504 
15 I 78275233 1504 
16 I 119326812 1504 
17 I 131517813 1504 
18 I 137846260 968 
19 I 139068634 1504 
20 I 147490382 1504 
21 I 147490491 1504 
22 I 148689498 1504 
23 I 151089655 1504 
24 I 155890166 1504 
25 I 156334742 1504 
26 I 156334942 1504 
27 I 165931394 1504 
28 I 166380373 1504 
29 I 166380527 1504 
30 I 166828451 1504 
31 I 166828476 1504 
32 I 166828592 1504 
33 I 167383706 1504 
34 I 167383870 1504 
35 I 167384166 1504 
36 I 167834705 1504 
37 I 167834925 1504 
38 I 168891401 1504 
39 I 169347986 1504 
40 I 169348327 1504 
41 I 171461854 1504 
42 I 171929465 1504 
43 I 171929657 1504 
44 I 172393269 1504 
45 I 172393405 1504 
46 I 172393604 1504 
47 I 172983173 1504 
48 I 172983438 1504 
49 I 172983585 1504 
50 I 173438923 1504 
51 I 173439265 1504 
52 I 173582912 1504 
53 I 173885066 1504 
54 I 173885224 1504 
55 I 173885467 1504 
56 I 174184173 1504 
57 I 174331347 1504 
58 I 174331796 1504 
59 I 174483711 1504 
60 I 174772520 1504 
61 I 174772626 1504 
62 I 174773395 1504 
63 I 174881504 1504 
64 I 175082716 1504 
65 I 175534870 1504 
66 I 176532815 1504 
67 I 176999976 1504 
68 I 177000168 1504 
69 I 178992654 1504 
70 I 179451019 1504 
71 I 179451828 1504 
72 I 183333254 1504 
73 I 183443198 1504 
74 I 183890411 1504 
75 I 183890631 1504 
76 I 184338998 1504 
77 I 184339112 1504 
78 I 184339207 1504 
79 I 185332957 1504 
80 I 185779330 1504 
81 I 185779525 1504 
82 I 186390006 1504 
83 I 186390313 1504 
84 I 188384198 1504 
85 I 188838093 1504 
86 I 188838199 1504 
87 I 189449411 1504 
88 I 189449794 1504 
89 I 190443976 1504 
90 I 192443874 1504 
91 I 192854069 1504 
92 I 192854172 1504 
93 I 195523996 1504 
94 I 196859961 1504 
95 I 204855168 1504 
96 I 205269981 1504 
97 I 205270057 1504 
98 I 205845344 1504 
99 I 205845628 1504 
100 I 207585066 1504 
101 I 207994791 1504 
102 I 207995176 1504 
103 I 211466361 1504 
104 I 218426889 1504 
105 I 218942276 1504 
106 I 218942378 1504 
107 I 219442185 1504 
108 I 219442368 1504 
109 I 233358225 1504 
110 I 247339122 1504 
111 I 259529992 1504 
112 I 261203371 1504 
113 I 261599064 1504 
114 I 261599301 1504 
