0 I 0 267 
1 I 4860818 267 
2 I 11341198 267 
3 I 22393079 267 
4 I 24246517 566 
5 I 33983773 566 
6 I 35426813 566 
7 I 40223567 566 
8 I 41773763 566 
9 I 45030788 566 
10 I 51594305 566 
11 I 53236416 566 
12 I 54861354 566 
13 I 56488337 566 
14 I 59687285 566 
15 I 74745744 566 
16 I 81233612 566 
17 I 82842883 307 
18 I 105501795 566 
19 I 107191713 566 
20 I 108941671 566 
21 I 110665970 566 
22 I 143254252 566 
23 I 147642016 267 
24 I 148985708 267 
25 I 150366204 267 
26 I 153637066 267 
27 I 154959903 267 
28 I 177452767 267 
29 I 180652287 267 
30 I 182572486 267 
31 I 187215171 267 
