0 I 0 1480 
1 I 240 1480 
2 I 71183 1480 
3 I 71304 1480 
4 I 71426 1480 
5 I 135332 193 
6 I 135355 1480 
7 I 292734 1480 
8 I 292855 1480 
9 I 293122 999 
10 I 454314 1480 
11 I 454436 1480 
12 I 529953 244 
13 I 529976 1480 
14 I 629884 1480 
15 I 630016 1480 
16 I 705094 1480 
17 I 705211 1480 
18 I 705333 1480 
19 I 705428 1281 
20 I 733435 1480 
21 I 733553 1480 
22 I 814953 1480 
23 I 815050 141 
24 I 815073 1480 
25 I 920494 1480 
26 I 920616 1480 
27 I 996199 1480 
28 I 996292 228 
29 I 996315 1480 
30 I 1006442 1480 
31 I 1006559 1480 
32 I 1089021 1480 
33 I 1089136 1480 
34 I 1089375 871 
35 I 1205423 1480 
36 I 1205545 1480 
37 I 1279532 1480 
38 I 1279643 1417 
39 I 1289290 1480 
40 I 1289412 1480 
41 I 1372350 1480 
42 I 1372444 107 
43 I 1372468 1480 
44 I 1491966 1480 
45 I 1492088 1480 
46 I 1563893 1480 
47 I 1564006 1422 
48 I 1580629 1480 
49 I 1580749 1480 
50 I 1656260 1480 
51 I 1656359 300 
52 I 1656384 1480 
53 I 1782700 1480 
54 I 1782821 1480 
55 I 1855228 1480 
56 I 1855323 174 
57 I 1855348 1480 
58 I 1864660 1480 
59 I 1864781 1480 
60 I 1946973 1480 
61 I 1947096 1480 
62 I 1947121 675 
63 I 2060055 1480 
64 I 2060181 1480 
65 I 2138240 1480 
66 I 2138357 493 
67 I 2138360 1480 
68 I 2161273 1480 
69 I 2161394 1480 
70 I 2237562 1480 
71 I 2237683 1480 
72 I 2237804 1480 
73 I 2300477 1480 
74 I 2300595 1480 
75 I 2322163 1480 
76 I 2322283 1480 
77 I 2322403 1480 
78 I 2338218 1480 
79 I 2338347 1480 
80 I 2363631 1480 
81 I 2363764 1480 
82 I 2384946 1480 
83 I 2385064 1480 
84 I 2385190 1480 
85 I 2404876 431 
86 I 2404894 1480 
87 I 2423071 1480 
88 I 2423157 1129 
89 I 2628236 1480 
90 I 2628357 1480 
91 I 2654528 1480 
92 I 2654651 1480 
93 I 2704975 1480 
94 I 2705078 469 
95 I 2705092 1480 
96 I 2729903 1480 
97 I 2730015 343 
98 I 2730034 1480 
99 I 2963566 1480 
100 I 2963696 1480 
101 I 2972825 1480 
102 I 2972945 1480 
103 I 3035125 1480 
104 I 3035245 1480 
105 I 3035255 629 
106 I 3055834 1480 
107 I 3055952 1480 
108 I 3055993 814 
109 I 3319250 1480 
110 I 3319370 1480 
111 I 3396113 1480 
112 I 3396233 1480 
113 I 3396355 1480 
114 I 3459146 1480 
115 I 3459267 1480 
116 I 3479846 1480 
117 I 3479966 1480 
118 I 3480093 1480 
119 I 3522181 1480 
120 I 3522298 1480 
121 I 3542709 1480 
122 I 3542831 1480 
123 I 3542955 1480 
124 I 3563647 1480 
125 I 3563769 1480 
126 I 3563888 1480 
127 I 3597083 1480 
128 I 3597203 1480 
129 I 3597326 1480 
130 I 3605800 1480 
131 I 3605921 1480 
132 I 3624036 1480 
133 I 3624119 1171 
134 I 5704737 1480 
135 I 5704863 1480 
136 I 5727120 1480 
137 I 5727245 1480 
138 I 5779741 1480 
139 I 5779861 1480 
140 I 5779984 1467 
141 I 5805195 1480 
142 I 5805302 403 
143 I 5805315 1480 
144 I 6036279 1480 
145 I 6036396 1480 
146 I 6085601 1480 
147 I 6085718 1480 
148 I 6113249 1480 
149 I 6113321 1149 
150 I 6266271 1480 
151 I 6266397 1480 
152 I 6337821 1480 
153 I 6337944 1480 
154 I 6338063 1480 
155 I 6400572 1480 
156 I 6400688 1480 
157 I 6422278 1480 
158 I 6422393 1480 
159 I 6422514 1480 
160 I 6463630 1480 
161 I 6463754 1480 
162 I 6488379 1480 
163 I 6488499 1480 
164 I 6488621 1480 
165 I 6506617 1480 
166 I 6506739 1480 
167 I 6506850 1480 
168 I 6538351 1480 
169 I 6538472 1480 
170 I 6538593 1480 
171 I 6551343 1480 
172 I 6551459 1480 
173 I 6572055 1480 
174 I 6572174 1480 
175 I 6572296 1480 
176 I 6589556 1480 
177 I 6589675 1480 
178 I 6589796 1480 
179 I 6607047 1480 
180 I 6607169 1480 
181 I 6615874 255 
182 I 9683059 1480 
183 I 9683179 1480 
184 I 9690428 1480 
185 I 9690547 1480 
186 I 9758185 1480 
187 I 9758282 66 
188 I 9758305 1480 
189 I 9774678 1480 
190 I 9774763 1149 
191 I 9968665 1480 
192 I 9968790 1480 
193 I 9993645 1480 
194 I 9993766 1480 
195 I 10047186 1480 
196 I 10047291 1368 
197 I 10071977 1480 
198 I 10072085 391 
199 I 10072099 1480 
200 I 10275055 1480 
201 I 10275172 1480 
202 I 10314824 1480 
203 I 10314945 1480 
204 I 10428701 1480 
205 I 10428823 1480 
206 I 10504815 1480 
207 I 10504935 1480 
208 I 10505057 1480 
209 I 10567730 1480 
210 I 10567855 1480 
211 I 10588448 1480 
212 I 10588572 1480 
213 I 10588690 1480 
214 I 10631040 1480 
215 I 10631166 1480 
216 I 10655868 1480 
217 I 10655984 1480 
218 I 10656104 1480 
219 I 10673161 1480 
220 I 10673283 1480 
221 I 10673399 1480 
222 I 10704399 1480 
223 I 10704520 1480 
224 I 10704640 1480 
225 I 10720124 1480 
226 I 10720248 1480 
227 I 10741546 1480 
228 I 10741670 1480 
229 I 10741791 1480 
230 I 10756627 1480 
231 I 10756748 1480 
232 I 10756871 1480 
233 I 10773968 1480 
234 I 10774088 1480 
235 I 10783464 1480 
236 I 10801263 1480 
237 I 10801384 1480 
238 I 10817881 1480 
239 I 10818006 1480 
240 I 10836020 1480 
241 I 10836143 1480 
242 I 10845080 119 
243 I 22645691 1480 
244 I 22645813 1480 
245 I 22722189 1480 
246 I 22722313 1480 
247 I 22747802 1480 
248 I 22747922 1480 
249 I 22821675 1480 
250 I 22821766 221 
251 I 22821789 1480 
252 I 22925835 1480 
253 I 22925957 1480 
254 I 22998048 1480 
255 I 22998166 568 
256 I 22998168 1480 
257 I 23010966 1480 
258 I 23011088 1480 
259 I 23093300 1480 
260 I 23093407 486 
261 I 23093420 1480 
262 I 23209618 1480 
263 I 23209737 1480 
264 I 23288704 1480 
265 I 23288819 1331 
266 I 24900952 1480 
267 I 24901072 1480 
268 I 24979807 1480 
269 I 24979929 1480 
270 I 24980053 1480 
271 I 25043773 1480 
272 I 25043888 1480 
273 I 25063330 1480 
274 I 25063450 1480 
275 I 25063571 1480 
276 I 25107260 1480 
277 I 25107381 1480 
278 I 25130523 1480 
279 I 25130641 1480 
280 I 25130766 1480 
281 I 25148625 1480 
282 I 25148745 1480 
283 I 25148870 1480 
284 I 25180254 1480 
285 I 25180379 1480 
286 I 25180492 1480 
287 I 25193339 1480 
288 I 25193461 1480 
289 I 25213368 1480 
290 I 25213483 1480 
291 I 25213605 1480 
292 I 25232070 1480 
293 I 25232194 1480 
294 I 25232313 1480 
295 I 25248983 197 
296 I 25249009 1480 
297 I 33898217 1480 
298 I 33898339 1480 
299 I 33971642 1480 
300 I 33971762 1480 
301 I 33971884 1480 
302 I 34034452 1480 
303 I 34034572 1480 
304 I 34055248 1480 
305 I 34055373 1480 
306 I 34055492 1480 
307 I 34097756 1480 
308 I 34097878 1480 
309 I 34122553 1480 
310 I 34122677 1480 
311 I 34122793 1480 
312 I 34139830 1480 
313 I 34139950 1480 
314 I 34140070 1480 
315 I 34171978 1480 
316 I 34172095 1480 
317 I 34172216 1480 
318 I 34185950 1480 
319 I 34186071 1480 
320 I 34205880 1480 
321 I 34205999 1480 
322 I 34206121 1480 
323 I 34223568 1480 
324 I 34223688 1480 
325 I 34223810 1480 
326 I 34240756 1324 
327 I 37541527 1480 
328 I 37541647 1480 
329 I 37613783 1480 
330 I 37613904 1480 
331 I 37614030 1480 
332 I 37677551 1480 
333 I 37677670 1480 
334 I 37697333 1480 
335 I 37697456 1480 
336 I 37697574 1480 
337 I 37741121 1480 
338 I 37741244 1480 
339 I 37763702 1480 
340 I 37763824 1480 
341 I 37763945 1480 
342 I 37782314 1480 
343 I 37782430 1480 
344 I 37782551 1480 
345 I 37813244 1480 
346 I 37813360 1480 
347 I 37813480 1480 
348 I 37827466 1480 
349 I 37827587 1480 
350 I 37847354 1480 
351 I 37847472 1480 
352 I 37847600 1480 
353 I 37864537 1480 
354 I 37864656 1480 
355 I 37864777 1480 
356 I 37882533 1480 
357 I 37882657 1480 
358 I 37890939 688 
359 I 41004586 1480 
360 I 41004710 1480 
361 I 41080154 1480 
362 I 41080271 1480 
363 I 41080391 1480 
364 I 41143243 1480 
365 I 41143365 1480 
366 I 41163837 1480 
367 I 41163959 1480 
368 I 41164078 1480 
369 I 41206879 1480 
370 I 41207006 1480 
371 I 41230841 1480 
372 I 41230965 1480 
373 I 41231083 1480 
374 I 41257390 1480 
375 I 41257522 1480 
376 I 41257641 1480 
377 I 41279717 1480 
378 I 41279839 1480 
379 I 41279965 1480 
380 I 41293795 1480 
381 I 41293929 1480 
382 I 41313869 1480 
383 I 41313988 1480 
384 I 41314107 1480 
385 I 41331279 1480 
386 I 41331395 1480 
387 I 41331516 1480 
388 I 41348304 69 
389 I 44279769 1480 
390 I 44279978 1480 
391 I 44355362 1480 
392 I 44355484 1480 
393 I 44355605 1480 
394 I 44418711 1480 
395 I 44418833 1480 
396 I 44438256 1480 
397 I 44438378 1480 
398 I 44438498 1480 
399 I 44482267 1480 
400 I 44482388 1480 
401 I 44514722 1480 
402 I 44514845 1480 
403 I 44514966 1480 
404 I 44532065 1480 
405 I 44532191 1480 
406 I 44532309 1480 
407 I 44555139 1480 
408 I 44555260 1480 
409 I 44555382 1480 
410 I 44578151 1480 
411 I 44578272 1480 
412 I 44597296 1480 
413 I 44597330 1480 
414 I 44597451 1480 
415 I 44614597 1480 
416 I 44614710 1480 
417 I 44614831 1480 
418 I 44632777 1480 
419 I 44632901 1480 
420 I 44641346 1480 
421 I 44659309 1480 
422 I 44659430 1480 
423 I 44676887 1480 
424 I 44677014 1480 
425 I 44694088 1480 
426 I 44694209 1480 
427 I 44703238 978 
428 I 49167523 1480 
429 I 49167644 1480 
430 I 49239740 1480 
431 I 49239861 1480 
432 I 49239982 1480 
433 I 49303513 1480 
434 I 49303633 1480 
435 I 49321694 1480 
436 I 49321816 1480 
437 I 49321938 1480 
438 I 49366443 1480 
439 I 49366564 1480 
440 I 49388064 1480 
441 I 49388184 1480 
442 I 49388307 1480 
443 I 49406137 1480 
444 I 49406255 1480 
445 I 49406377 1480 
446 I 49438597 1480 
447 I 49438723 1480 
448 I 49438837 1480 
449 I 49450936 1480 
450 I 49451057 1480 
451 I 49473051 1480 
452 I 49473169 1480 
453 I 49473290 1480 
454 I 49489911 1480 
455 I 49490035 1480 
456 I 49490155 1480 
457 I 49507314 1480 
458 I 49507437 1480 
459 I 49516395 954 
460 I 52803675 1480 
461 I 52803794 1480 
462 I 52880465 1480 
463 I 52880584 1480 
464 I 52880705 1480 
465 I 52944838 1480 
466 I 52944946 1480 
467 I 52963768 1480 
468 I 52963891 1480 
469 I 52964015 1480 
470 I 53007787 1480 
471 I 53007909 1480 
472 I 53031030 1480 
473 I 53031151 1480 
474 I 53031271 1480 
475 I 53048301 1480 
476 I 53048421 1480 
477 I 53048547 1480 
478 I 53080664 1480 
479 I 53080784 1480 
480 I 53080904 1480 
481 I 53094033 1480 
482 I 53094151 1480 
483 I 53113763 1480 
484 I 53113884 1480 
485 I 53114006 1480 
486 I 53131091 1480 
487 I 53131210 1480 
488 I 53131333 1480 
489 I 53149086 1480 
490 I 53149205 1480 
491 I 53157600 1480 
492 I 53175777 1480 
493 I 53175782 633 
494 I 58020474 1480 
495 I 58020591 1480 
496 I 58097187 1480 
497 I 58097312 1480 
498 I 58097427 1480 
499 I 58160503 1480 
500 I 58160623 1480 
501 I 58180198 1480 
502 I 58180316 1480 
503 I 58180439 1480 
504 I 58223335 1480 
505 I 58223463 1480 
506 I 58246939 1480 
507 I 58247061 1480 
508 I 58247181 1480 
509 I 58263862 1480 
510 I 58263984 1480 
511 I 58264105 1480 
