0 I 0 580 
1 I 51 580 
2 I 107 77 
3 I 3570584 580 
4 I 3570633 580 
5 I 6150369 580 
6 I 6150419 580 
7 I 6563735 580 
8 I 7614905 580 
9 I 7614957 580 
10 I 7826549 580 
11 I 7826599 580 
12 I 9144294 580 
13 I 11095492 580 
14 I 11095542 580 
15 I 13825265 580 
16 I 13916111 580 
17 I 13916151 580 
18 I 14215371 162 
19 I 14215376 580 
20 I 16525779 580 
21 I 16525806 386 
22 I 83552498 580 
23 I 83552553 580 
24 I 85626010 580 
25 I 85626060 580 
26 I 85626108 580 
27 I 88145699 318 
28 I 152517059 580 
29 I 152517108 580 
30 I 153426664 580 
31 I 153426712 580 
32 I 153521005 580 
33 I 153521043 580 
34 I 153731598 580 
35 I 153731635 580 
36 I 155045245 580 
37 I 155045296 580 
38 I 155045343 580 
39 I 155644809 580 
40 I 155644853 580 
41 I 155644902 580 
42 I 156515093 580 
43 I 156725124 580 
44 I 156845043 580 
45 I 156845093 580 
46 I 157766472 580 
47 I 157766521 580 
48 I 157896349 580 
49 I 157896399 580 
50 I 161795592 132 
51 I 161795602 580 
52 I 162836392 580 
53 I 163715394 580 
54 I 163715443 580 
55 I 163895306 331 
56 I 163896609 580 
57 I 166296050 188 
58 I 166296051 580 
59 I 167795589 580 
60 I 167795637 580 
61 I 168006234 72 
62 I 168006250 580 
63 I 178499587 188 
64 I 180210032 580 
65 I 228200433 580 
66 I 228200483 580 
67 I 228484240 580 
68 I 228484290 580 
69 I 233346115 580 
70 I 233346167 580 
71 I 233346214 580 
72 I 234844834 580 
73 I 234844885 580 
74 I 234844934 580 
75 I 242855426 511 
76 I 246185113 580 
77 I 246185140 472 
