0 I 0 1504 
1 I 122 1504 
2 I 141376 827 
3 I 192962 1504 
4 I 193090 1504 
5 I 193284 1504 
6 I 193406 1504 
7 I 201841 1504 
8 I 202084 1504 
9 I 402483 129 
10 I 402519 1504 
11 I 420358 376 
12 I 456054 209 
13 I 583798 1504 
14 I 583888 84 
15 I 583921 1504 
16 I 584056 1504 
17 I 584176 1504 
18 I 688674 1504 
19 I 688788 1431 
20 I 957298 1504 
21 I 957387 83 
22 I 957421 1504 
23 I 1005283 1504 
24 I 1005416 1504 
25 I 1094120 1001 
26 I 1574460 886 
27 I 3636876 1001 
28 I 3686999 1504 
29 I 3766158 1504 
30 I 3766268 1504 
31 I 3840070 557 
32 I 3851061 1431 
