0 I 0 580 
1 I 48 580 
2 I 394209 99 
3 I 834897 580 
4 I 834938 580 
5 I 834986 580 
6 I 1169117 580 
7 I 1169174 580 
8 I 1169214 580 
9 I 1329167 580 
10 I 1329215 580 
11 I 1519222 580 
12 I 1519268 580 
13 I 1519326 580 
14 I 1829224 580 
15 I 1829274 580 
16 I 2165645 580 
17 I 2165693 580 
18 I 2165742 580 
19 I 2209142 580 
20 I 2209186 580 
21 I 2424156 580 
22 I 2424206 580 
23 I 2534199 580 
24 I 2534247 580 
25 I 2534306 580 
26 I 2779192 580 
27 I 2779248 580 
28 I 2779301 580 
29 I 3004949 580 
30 I 3004995 580 
31 I 3005043 580 
32 I 3224156 580 
33 I 3224200 580 
34 I 3224250 580 
35 I 3374228 580 
36 I 3374273 580 
37 I 3374320 580 
38 I 3599181 580 
39 I 3599229 580 
40 I 3599282 580 
41 I 3824166 580 
42 I 3824215 580 
43 I 4064172 580 
44 I 4064210 580 
45 I 4289277 580 
46 I 4289338 580 
47 I 4509205 580 
48 I 4509254 580 
49 I 4729191 580 
50 I 4959390 580 
51 I 4959428 580 
52 I 5079286 580 
53 I 5299182 580 
54 I 5299230 580 
55 I 5529223 580 
56 I 5529272 580 
57 I 5769267 580 
58 I 5769316 580 
59 I 6134320 580 
60 I 6269312 580 
61 I 6269362 580 
62 I 6499202 580 
63 I 6499253 580 
64 I 6724460 580 
65 I 6969255 580 
66 I 8439221 580 
67 I 8439264 580 
68 I 8854222 580 
69 I 8854277 580 
70 I 8854318 580 
71 I 9284328 580 
72 I 9284371 580 
73 I 9389351 580 
74 I 9389394 580 
75 I 9389443 580 
76 I 9719337 580 
77 I 9719386 580 
78 I 9719436 580 
79 I 9939461 580 
80 I 9939509 580 
81 I 9939559 580 
82 I 10159229 580 
83 I 10159286 580 
84 I 10159327 580 
85 I 10389260 580 
86 I 10389309 580 
87 I 10389358 580 
88 I 10604199 580 
89 I 10604250 580 
90 I 10854269 580 
91 I 10854439 580 
92 I 10949235 580 
93 I 11169308 580 
94 I 11169357 580 
95 I 11419314 580 
96 I 11419350 580 
97 I 11644294 580 
98 I 11644342 580 
99 I 11864346 580 
100 I 11864395 580 
101 I 11989313 580 
102 I 12374345 580 
103 I 12374394 580 
104 I 12374450 580 
105 I 12794253 580 
106 I 12914378 580 
107 I 12914419 580 
108 I 13149351 580 
109 I 13149402 580 
110 I 13369350 580 
111 I 13369399 580 
112 I 13599393 580 
113 I 13704295 580 
114 I 13704335 580 
115 I 13929357 580 
116 I 13929517 580 
117 I 14174296 580 
118 I 14174345 580 
119 I 14274235 580 
120 I 14499372 580 
121 I 14499427 580 
122 I 14714325 580 
123 I 14714374 580 
124 I 14714413 580 
125 I 14964351 580 
126 I 14964395 580 
127 I 15189308 580 
128 I 15189352 580 
129 I 15394552 580 
130 I 15539288 580 
131 I 15539331 580 
132 I 15759664 580 
133 I 15759712 580 
134 I 15974310 580 
135 I 15974371 580 
136 I 16194209 134 
137 I 79940556 580 
138 I 79940614 580 
139 I 80344875 99 
140 I 80715420 580 
141 I 80715472 580 
142 I 80715517 580 
143 I 81079842 580 
144 I 81079892 580 
145 I 81079947 580 
146 I 81299841 580 
147 I 81299890 580 
148 I 81439755 580 
149 I 81439799 580 
150 I 81439851 580 
151 I 81660090 580 
152 I 81660123 580 
153 I 81660174 580 
154 I 81894775 580 
155 I 81894825 580 
156 I 82059730 580 
157 I 82059789 580 
158 I 82289796 580 
159 I 82289845 580 
160 I 82534934 580 
161 I 82534983 580 
162 I 82754865 580 
163 I 82754914 580 
164 I 82984848 580 
165 I 82984897 580 
166 I 83024793 580 
167 I 83254955 580 
168 I 83255004 580 
169 I 83474815 580 
170 I 83474867 580 
171 I 83824835 580 
172 I 83824885 580 
173 I 84044984 580 
174 I 84045031 580 
175 I 84045088 580 
176 I 84299789 580 
177 I 84499824 580 
178 I 84624831 580 
179 I 84624874 580 
180 I 84739852 580 
181 I 84859924 580 
182 I 85089887 580 
183 I 85309916 580 
184 I 85529787 580 
185 I 85774890 580 
186 I 86004878 580 
187 I 86104800 580 
188 I 86474811 580 
189 I 86474860 580 
190 I 86474899 580 
191 I 86699884 580 
192 I 86699922 580 
193 I 86899932 580 
194 I 86900021 580 
195 I 87099814 580 
196 I 87229913 580 
197 I 87229968 580 
198 I 87474868 580 
199 I 87474918 580 
200 I 87579880 580 
201 I 87709802 580 
202 I 87924937 580 
203 I 88145024 580 
204 I 88274893 580 
205 I 88474918 580 
206 I 88475098 580 
207 I 88714998 580 
208 I 88904863 580 
209 I 88904911 580 
210 I 89019904 580 
211 I 89219909 580 
212 I 89339874 580 
213 I 89544861 580 
214 I 89664974 580 
215 I 89964978 580 
216 I 89965021 580 
217 I 89965066 580 
218 I 90274890 580 
219 I 90504922 580 
220 I 90504987 580 
221 I 90730101 580 
222 I 90730150 580 
223 I 90919954 580 
224 I 90920003 580 
225 I 91159849 580 
226 I 91159895 580 
227 I 91389871 580 
228 I 91389920 580 
229 I 91614943 580 
230 I 91615007 580 
231 I 91834869 580 
232 I 91834913 580 
233 I 91864888 580 
234 I 92084853 580 
235 I 92084907 580 
236 I 92304874 580 
237 I 92304930 580 
238 I 92744971 580 
239 I 92745017 580 
240 I 93134889 580 
241 I 93264840 580 
242 I 93264885 580 
243 I 93264937 580 
244 I 93484859 580 
245 I 93484907 580 
246 I 93777681 580 
247 I 93777737 580 
248 I 93934949 580 
249 I 93935006 580 
250 I 94174987 580 
251 I 94175044 580 
252 I 94399991 580 
253 I 94400173 580 
254 I 94624876 580 
255 I 94624925 580 
256 I 94850025 580 
257 I 94850064 580 
258 I 94850114 580 
259 I 95070316 580 
260 I 95309898 580 
261 I 95309956 580 
262 I 95539919 580 
263 I 95539973 580 
264 I 95749985 580 
265 I 95879893 580 
266 I 95879953 580 
267 I 95980010 580 
268 I 96099947 580 
269 I 96499868 580 
270 I 96950073 580 
271 I 97160046 225 
272 I 97160051 580 
273 I 97410015 580 
