0 I 0 1504 
1 I 120 1504 
2 I 2999343 1504 
3 I 3757788 1504 
4 I 3757912 1504 
5 I 9748105 1504 
6 I 10789925 1504 
7 I 10790046 1504 
8 I 11583137 1504 
9 I 11583261 1504 
10 I 11583384 1504 
11 I 12361575 1504 
12 I 12361692 1504 
13 I 12377538 1504 
14 I 13175272 1504 
15 I 13175400 1504 
16 I 13939241 1504 
17 I 13940349 1504 
18 I 14708257 1504 
19 I 15517155 1504 
20 I 16458602 1504 
21 I 19977173 1504 
22 I 20895916 1504 
23 I 20896039 1504 
24 I 21683459 1504 
25 I 21683585 1504 
26 I 21683705 1504 
27 I 22490715 1504 
28 I 22526949 1504 
29 I 23244547 1504 
30 I 23996239 1504 
31 I 24904329 1504 
32 I 25806402 1504 
33 I 25806525 1504 
34 I 26597830 1504 
35 I 26597958 1504 
36 I 26598076 1504 
37 I 27385765 1504 
38 I 27385881 1504 
39 I 27385928 938 
40 I 59622411 204 
