0 I 0 546 
1 I 4547774 534 
2 I 4675398 530 
3 I 4765860 535 
4 I 4833032 526 
5 I 8630634 551 
6 I 8713525 580 
7 I 8717100 110 
8 I 8871395 580 
9 I 8871623 76 
10 I 8932589 541 
11 I 9398354 540 
12 I 9670908 546 
13 I 10720956 543 
14 I 11051412 580 
15 I 11053127 120 
16 I 11186360 540 
17 I 12185923 580 
18 I 12187756 109 
19 I 14191353 534 
20 I 16191049 580 
21 I 16195021 119 
22 I 16730682 580 
23 I 16732459 77 
24 I 22446207 515 
25 I 22526065 580 
26 I 22531735 90 
27 I 24532646 580 
28 I 24532879 73 
29 I 25252553 580 
30 I 25296669 90 
31 I 25383221 580 
32 I 25383383 107 
33 I 25466599 580 
34 I 25466606 88 
35 I 25566705 531 
36 I 25937558 580 
37 I 25953409 106 
38 I 64376941 580 
39 I 64378743 99 
40 I 70216443 580 
41 I 70218063 90 
42 I 70361485 580 
43 I 70361775 85 
44 I 70446556 580 
45 I 70452140 82 
46 I 73355777 580 
47 I 73362139 142 
48 I 73502421 580 
49 I 73502681 136 
50 I 73625914 580 
51 I 73626211 159 
