0 I 0 1504 
1 I 126 1504 
2 I 809150 1504 
3 I 809270 1504 
4 I 1342834 1504 
5 I 1342957 1504 
6 I 1409118 1504 
7 I 1426101 1504 
8 I 1455292 1504 
9 I 1455536 1504 
10 I 1455661 1504 
11 I 1460835 1504 
12 I 1812202 1504 
13 I 1812327 1504 
14 I 2308512 1504 
15 I 2308635 1504 
16 I 2622903 1504 
17 I 3115912 1504 
18 I 3618865 1504 
19 I 3618986 1504 
20 I 4122154 1504 
21 I 4122278 1504 
22 I 4449532 1504 
23 I 4449665 1504 
24 I 4625133 1504 
25 I 4625254 1504 
26 I 5131878 1504 
27 I 5132001 1504 
28 I 5635797 1504 
29 I 5635922 1504 
30 I 6139667 1504 
31 I 6139791 1504 
32 I 6641406 1504 
33 I 7148121 1504 
34 I 7640672 1504 
35 I 8152574 1504 
36 I 8647158 1504 
37 I 9154179 1504 
38 I 9646558 1504 
39 I 9646679 1504 
40 I 10055275 1504 
41 I 10055403 1504 
42 I 10657251 1504 
43 I 11159528 1504 
44 I 11629036 1504 
45 I 12138829 1504 
46 I 13074417 1504 
47 I 13074540 1504 
48 I 14078549 1504 
49 I 14078672 1504 
50 I 14587282 1504 
51 I 14587406 1504 
52 I 15086880 1504 
53 I 15593148 1504 
54 I 15593271 1504 
55 I 16096829 1504 
56 I 16600309 1504 
57 I 17106636 1504 
58 I 17602817 1504 
59 I 18102964 1504 
60 I 18605936 1504 
61 I 19112307 1504 
62 I 19618835 1504 
63 I 20122073 1504 
64 I 20615066 1504 
65 I 21118139 1504 
66 I 21621311 1504 
67 I 22131156 1504 
68 I 25646887 1504 
69 I 26153192 1504 
70 I 26656558 1504 
71 I 26656683 1504 
72 I 27149309 1504 
73 I 27662851 1504 
74 I 28159241 1504 
75 I 28159366 1504 
76 I 28665760 1504 
77 I 29165587 1504 
78 I 29672168 1504 
79 I 30175162 1504 
80 I 30681691 1504 
81 I 31184840 1504 
82 I 31688311 1504 
83 I 32181509 1504 
84 I 32687866 1504 
85 I 33194153 1504 
86 I 33697356 1504 
87 I 34200723 1504 
88 I 34704026 1504 
89 I 35206785 1504 
90 I 35703555 1504 
91 I 36206342 1504 
92 I 36709686 1504 
93 I 37216074 1504 
94 I 37719773 1504 
95 I 38226002 1504 
96 I 38729077 1504 
97 I 39236219 1504 
98 I 39735297 1504 
99 I 40232032 1504 
100 I 40735260 1504 
101 I 41238848 1504 
102 I 41744977 1504 
103 I 42248878 1504 
104 I 42744290 1504 
105 I 43247482 1504 
106 I 43750691 1504 
107 I 44257010 1504 
108 I 44757081 1504 
109 I 44757203 1504 
110 I 45263548 1504 
111 I 45766579 1504 
112 I 46273527 1504 
113 I 46776199 1504 
114 I 46776324 1504 
115 I 47279598 1504 
116 I 47775802 1504 
117 I 48278993 1504 
118 I 48785599 1504 
119 I 49289067 1504 
120 I 49795551 1504 
121 I 50298456 1504 
122 I 50791529 1504 
123 I 51298478 1504 
124 I 51797825 1504 
125 I 52313693 1504 
126 I 52807407 1504 
127 I 53314202 1504 
128 I 53807300 1504 
129 I 54320439 1504 
130 I 54823638 1504 
131 I 55320040 1504 
132 I 55823218 1504 
133 I 55823339 1504 
134 I 56326249 1504 
135 I 56833038 1504 
136 I 57339859 1504 
137 I 57843087 1504 
138 I 58332300 1504 
139 I 58332424 1504 
140 I 58839411 1504 
141 I 59342230 1504 
142 I 59848914 1504 
143 I 60351615 1504 
144 I 60858068 1504 
145 I 61358027 1504 
146 I 61864606 1504 
147 I 62367726 1504 
148 I 62864326 1504 
149 I 63367297 1504 
150 I 63873801 1504 
151 I 64377130 1504 
152 I 64785482 1504 
153 I 65282032 1504 
154 I 65879798 1504 
155 I 66382873 1504 
156 I 66791926 1504 
157 I 67298160 1504 
158 I 67895760 1504 
159 I 68399048 1504 
160 I 68797425 1504 
161 I 69300774 1504 
162 I 69807124 1504 
163 I 70310348 1504 
164 I 70911714 1504 
165 I 71309971 1504 
166 I 71826522 1504 
167 I 72424400 1504 
168 I 72927607 1504 
169 I 73424652 1504 
170 I 73829116 1504 
171 I 74430125 1504 
172 I 74958715 1504 
173 I 75439845 1504 
174 I 75838360 1504 
175 I 76449762 1504 
176 I 76952760 1504 
177 I 77455949 1504 
178 I 77854608 1504 
179 I 78458058 1504 
180 I 78962646 1504 
181 I 79465256 1504 
182 I 79968427 1504 
183 I 80367022 1504 
184 I 80964562 1504 
185 I 81471133 1504 
186 I 81974688 1504 
187 I 82383476 1504 
188 I 82886702 1504 
189 I 83487204 1504 
190 I 83886140 1504 
191 I 84500164 1504 
192 I 84893170 1504 
193 I 85401894 1504 
194 I 85904645 1504 
195 I 86503064 1504 
196 I 86901648 1504 
197 I 87417907 1504 
198 I 87910878 1504 
199 I 88417599 1504 
200 I 88921545 1504 
201 I 89424403 1504 
202 I 89931392 1504 
203 I 90430090 1504 
204 I 90926498 1504 
205 I 91429841 1504 
206 I 91936286 1504 
207 I 92441123 1504 
208 I 92943265 1504 
209 I 93445812 1504 
210 I 93953448 1504 
211 I 94455702 1504 
212 I 94958944 1504 
213 I 95451789 1504 
214 I 95958262 1504 
215 I 96461425 1504 
216 I 96968097 1504 
217 I 97471199 1504 
218 I 97974648 1504 
219 I 98470751 1504 
220 I 98974054 1504 
221 I 99480977 1504 
222 I 99980200 1504 
223 I 100487321 1504 
224 I 100989994 1504 
225 I 101499971 1504 
226 I 102000145 1504 
227 I 102503149 1504 
228 I 102999428 1504 
229 I 103502557 1504 
230 I 104008865 1504 
231 I 104508705 1504 
232 I 105016197 1504 
233 I 105518557 1504 
234 I 106011553 1504 
235 I 106523010 1504 
236 I 107022754 1504 
237 I 107528130 1504 
238 I 108031274 1504 
239 I 108537376 1504 
240 I 109040979 1504 
241 I 109543712 1504 
242 I 110047772 1504 
243 I 110540478 1504 
244 I 111050056 1504 
245 I 111550446 1504 
246 I 112056316 1504 
247 I 112559903 1504 
248 I 113062831 1504 
249 I 113559246 1504 
250 I 114062039 1504 
251 I 114565919 1504 
252 I 114973967 1504 
253 I 115477413 1504 
254 I 116078344 1504 
255 I 116581309 1504 
256 I 117087895 1504 
257 I 117486561 1504 
258 I 118087877 1504 
259 I 118590588 1504 
260 I 119093754 1504 
261 I 119597190 1504 
262 I 120103439 1504 
263 I 120606980 1504 
264 I 121103133 1504 
265 I 121606264 1504 
266 I 122117923 1504 
267 I 122616123 1504 
268 I 123119110 1504 
269 I 123637507 1504 
270 I 124128994 1504 
271 I 124682727 1504 
272 I 125135270 1504 
273 I 125628202 1504 
274 I 126135989 1504 
275 I 126641420 1504 
276 I 127141377 1504 
277 I 127647528 1504 
278 I 128150615 1504 
279 I 128657358 1504 
280 I 129153970 1504 
281 I 129654472 1504 
282 I 130160100 1504 
283 I 130663316 1504 
284 I 131169741 1504 
285 I 131669850 1504 
286 I 132176801 1504 
287 I 132679418 1504 
288 I 133176315 1504 
289 I 133683200 1504 
290 I 134186077 1504 
291 I 134688530 1504 
292 I 135192045 1504 
293 I 135590529 1504 
294 I 136201658 1504 
295 I 136694438 1504 
296 I 137200999 1504 
297 I 137609818 1504 
298 I 138211366 1504 
299 I 138710607 1504 
300 I 139213677 1504 
301 I 139721708 1504 
302 I 140223423 1504 
303 I 140719860 1504 
304 I 141222979 1504 
305 I 141726155 1504 
306 I 142232707 1504 
307 I 142736118 1504 
308 I 143239069 1504 
309 I 143745824 1504 
310 I 144238609 1504 
311 I 144647217 1504 
312 I 145275633 1504 
313 I 145754141 1504 
314 I 146254627 1504 
315 I 146761537 1504 
316 I 147264358 1504 
317 I 147767694 1504 
318 I 148260598 1504 
319 I 148767266 1504 
320 I 149273569 1504 
321 I 149777934 1504 
322 I 150280020 1504 
323 I 150783205 1504 
324 I 151182187 1504 
325 I 151684777 1504 
326 I 152286099 1504 
327 I 152789316 1504 
328 I 153299098 1504 
329 I 153721231 1504 
330 I 154305939 1504 
331 I 154808467 1504 
332 I 155315008 1504 
333 I 155808259 1504 
334 I 156213351 1504 
335 I 156814347 1504 
336 I 157318008 1504 
337 I 157824363 1504 
338 I 158222725 1504 
339 I 158659055 1504 
340 I 159337347 1504 
341 I 159833531 1504 
342 I 160238677 1504 
343 I 160745554 1504 
344 I 161245020 1504 
345 I 161849908 761 
346 I 162352595 1504 
347 I 162752220 1504 
348 I 163250958 1504 
349 I 163784823 1504 
350 I 164264010 1504 
351 I 164767497 1504 
352 I 165273688 1504 
353 I 165766668 1504 
354 I 166271185 1504 
355 I 166773890 1504 
356 I 167280750 1504 
357 I 167793414 1504 
358 I 174118637 1504 
359 I 174617666 1504 
360 I 175124319 1504 
361 I 175627752 1504 
362 I 176134003 1504 
363 I 176637191 1504 
364 I 177140748 1504 
365 I 177643590 1504 
366 I 178139918 1504 
367 I 178646329 1504 
368 I 179146203 1504 
369 I 179649348 1504 
370 I 180155997 1504 
371 I 180659732 1504 
372 I 181260145 761 
373 I 183553401 1504 
374 I 183773346 1504 
375 I 184279676 762 
