0 I 0 1504 
1 I 102 267 
2 I 123 1504 
3 I 273377 1504 
4 I 273486 1413 
5 I 273617 1504 
6 I 273752 1504 
7 I 392388 1504 
8 I 392511 1504 
9 I 392634 1504 
10 I 489427 1504 
11 I 489555 1504 
12 I 495669 1504 
13 I 495792 1504 
14 I 495801 351 
15 I 741346 1504 
16 I 741564 1447 
17 I 987794 1504 
18 I 987892 380 
19 I 987912 1504 
20 I 1227360 1504 
21 I 1227459 74 
22 I 1227483 1504 
23 I 1555197 1504 
24 I 1555320 1504 
25 I 1665268 60 
26 I 1665295 1504 
27 I 1911241 1504 
28 I 1911361 1504 
29 I 1911368 627 
30 I 2141242 1504 
31 I 2141364 1504 
32 I 2141432 1090 
33 I 2357937 1504 
34 I 2358051 478 
35 I 2358059 1504 
36 I 2581474 1504 
37 I 2581597 1504 
38 I 2682894 1504 
39 I 2682900 672 
40 I 3211328 1504 
41 I 3211452 1494 
42 I 3479867 1504 
43 I 3479989 1504 
44 I 3480028 357 
45 I 3608674 1504 
46 I 3608795 1504 
47 I 3608856 1035 
48 I 3790493 1504 
49 I 3790617 1504 
50 I 3790989 943 
51 I 3932226 1504 
52 I 3932329 462 
53 I 3932347 1504 
54 I 4037011 1504 
55 I 4037120 392 
56 I 4037136 1504 
57 I 4247821 1504 
58 I 4247935 1504 
59 I 4394586 1504 
60 I 4394703 1504 
61 I 4507697 1504 
62 I 4507816 1504 
63 I 4507940 1504 
64 I 4604083 1504 
65 I 4604212 1504 
66 I 4604335 1504 
67 I 4702537 1504 
68 I 4702662 1504 
69 I 4702780 1504 
70 I 4703150 1504 
71 I 4703273 1504 
72 I 4703300 772 
