0 I 0 1504 
1 I 257 1504 
2 I 376 1504 
3 I 493 1504 
4 I 616 1504 
5 I 252596 1504 
6 I 252601 511 
7 I 276562 1504 
8 I 276659 1248 
9 I 502470 499 
10 I 548383 1108 
11 I 746060 1504 
12 I 746100 798 
13 I 929767 1504 
14 I 929890 1504 
15 I 929902 582 
16 I 1087958 1504 
17 I 1088090 1504 
18 I 1088101 631 
19 I 1203548 1504 
20 I 1203670 1504 
21 I 1203784 1504 
22 I 1374861 1504 
23 I 1374949 362 
24 I 1486111 1504 
25 I 1486176 1029 
26 I 1733943 1504 
27 I 1734034 189 
28 I 1734071 1504 
29 I 1984111 1504 
30 I 1984292 1050 
31 I 2125926 1504 
32 I 2236148 1504 
33 I 2236238 162 
34 I 2236271 1504 
35 I 2380419 1504 
36 I 2380545 1504 
37 I 2491382 1504 
38 I 2491479 265 
39 I 2491505 1504 
40 I 2626305 1240 
41 I 2755791 1504 
42 I 2755859 1019 
43 I 2879459 1504 
44 I 2879546 56 
45 I 2879583 1504 
46 I 26403971 1504 
47 I 26404091 1504 
48 I 26647363 1504 
49 I 26647486 1504 
50 I 26647608 1504 
51 I 26902126 1504 
52 I 26902205 1123 
