0 I 0 1504 
1 I 123 1504 
2 I 47049 1504 
3 I 47119 1120 
4 I 587498 348 
5 I 677571 348 
6 I 803623 1504 
7 I 803746 1504 
8 I 881735 1504 
9 I 881857 1504 
10 I 950596 1504 
11 I 950715 1504 
12 I 989809 1504 
13 I 989931 1504 
14 I 1028696 1504 
15 I 1028821 1504 
16 I 1067711 1504 
17 I 1067825 1504 
18 I 1144768 1504 
19 I 1144885 1504 
20 I 1145009 1504 
21 I 1148213 1504 
22 I 1148336 1504 
23 I 1148460 1504 
24 I 1152138 1504 
25 I 1152262 1504 
26 I 1152381 1504 
27 I 1156268 1504 
28 I 1156389 1504 
29 I 1156512 1504 
30 I 1156574 1038 
31 I 1160243 1504 
32 I 1160366 1504 
33 I 1160489 1504 
34 I 1164261 1504 
35 I 1164381 1504 
36 I 1164503 1504 
37 I 1194637 1504 
38 I 1194762 1504 
39 I 1224732 1504 
40 I 1224850 1504 
41 I 1228244 1504 
42 I 1228366 1504 
43 I 1228488 1504 
44 I 1228493 358 
45 I 1232120 1504 
46 I 1232242 1504 
47 I 1232365 1504 
48 I 1232370 609 
49 I 1244282 1504 
50 I 1244405 1504 
51 I 1244531 1504 
52 I 1264197 1504 
53 I 1264321 1504 
54 I 1264426 376 
55 I 1264445 1504 
56 I 1294039 1504 
57 I 1294151 502 
58 I 1294165 1504 
59 I 1344138 1504 
60 I 1344264 1504 
61 I 1348341 1504 
62 I 1348441 261 
63 I 1348466 1504 
64 I 1352226 1504 
65 I 1352287 1095 
66 I 1382512 98 
67 I 1382538 1504 
68 I 1386244 1504 
69 I 1390044 1504 
70 I 1398089 1504 
71 I 1418100 1504 
72 I 1565061 1504 
73 I 1565187 1504 
74 I 1594560 1504 
75 I 1594683 1504 
76 I 1621000 1504 
77 I 1621119 1504 
78 I 1647107 1504 
79 I 1647236 1504 
80 I 1672636 1504 
81 I 1672759 1504 
82 I 1697448 1504 
83 I 1697580 1504 
84 I 1697696 1504 
85 I 1700491 1504 
86 I 1700613 1504 
87 I 1700738 1504 
88 I 1703613 1504 
89 I 1703736 1504 
90 I 1703859 1504 
91 I 1703898 875 
92 I 1706452 1504 
93 I 1706576 1504 
94 I 1706703 1504 
95 I 1709441 1504 
96 I 1709564 1504 
97 I 1709685 1504 
98 I 1735003 575 
99 I 1735007 1504 
100 I 1751969 416 
101 I 1751987 1504 
102 I 1941952 1504 
103 I 1942074 1504 
104 I 1942144 1108 
105 I 1947334 1504 
106 I 1979884 1504 
107 I 1979994 1504 
108 I 1997238 1504 
109 I 1997363 1504 
110 I 1999911 1504 
111 I 2000035 1504 
112 I 2005404 1504 
113 I 2015425 1504 
114 I 2015553 1504 
115 I 2015674 1504 
116 I 2042414 1504 
117 I 2042538 1504 
118 I 2042656 1504 
119 I 2052924 1504 
120 I 2053044 1504 
121 I 2053139 1324 
122 I 2081434 1504 
123 I 2081533 96 
124 I 2081556 1504 
125 I 2138410 1504 
126 I 2138532 1504 
127 I 2141955 1504 
128 I 2142076 1504 
129 I 2144487 1504 
130 I 2144553 1095 
131 I 2185146 1504 
132 I 2185269 1504 
133 I 2185377 1315 
134 I 2201469 1038 
135 I 2249935 1504 
136 I 2250056 1504 
137 I 2260782 1504 
138 I 2306826 1504 
139 I 2306948 1504 
140 I 2310363 1504 
141 I 2310483 1504 
142 I 2310600 1504 
143 I 2356978 1504 
144 I 2357101 1504 
145 I 2382773 1504 
146 I 2382892 1504 
147 I 2386427 1504 
148 I 2386553 1504 
149 I 2386606 979 
150 I 2390292 229 
151 I 2390316 1504 
152 I 2397249 875 
153 I 2402513 1504 
154 I 2402636 1504 
155 I 2402758 1504 
156 I 2402799 859 
157 I 2434695 1504 
158 I 2434819 1504 
159 I 2438340 1504 
160 I 2438466 1504 
161 I 2438549 1210 
162 I 2477802 1504 
163 I 2478354 1504 
164 I 2478478 1504 
165 I 2478602 1504 
166 I 2532666 1504 
167 I 2532792 1504 
168 I 2572315 1504 
169 I 2572436 1504 
170 I 2572561 1504 
171 I 2616267 1504 
172 I 2616390 1504 
173 I 2654564 1504 
174 I 2654685 1504 
175 I 2654808 1504 
176 I 2686985 367 
177 I 2690389 1504 
178 I 2690491 371 
179 I 2690511 1504 
180 I 5298594 1504 
181 I 5298718 1504 
182 I 5514099 1504 
183 I 5514219 1504 
184 I 5514341 1504 
185 I 5562479 1504 
186 I 5562512 829 
187 I 6312620 1504 
188 I 6312743 1504 
189 I 6366062 1504 
190 I 6366177 1504 
191 I 6366300 1504 
192 I 6414125 1504 
193 I 6414243 1504 
194 I 6462071 1504 
195 I 6462193 1504 
196 I 6510606 1504 
197 I 6510730 1504 
198 I 6558055 1504 
199 I 6558179 1504 
200 I 6558302 1504 
201 I 6612787 1504 
202 I 6612909 1504 
203 I 6624157 1504 
204 I 6624280 1504 
205 I 6666179 1504 
206 I 6666303 1504 
207 I 6678045 1504 
208 I 6678167 1504 
209 I 6721651 1504 
210 I 6721776 1504 
211 I 6721894 1504 
212 I 6732104 1504 
213 I 6732226 1504 
214 I 6774120 1504 
215 I 6774245 1504 
216 I 6786328 1504 
217 I 6786451 1504 
218 I 6822455 1504 
219 I 6822580 1504 
220 I 6834160 1504 
221 I 6834283 1504 
222 I 6871026 1504 
223 I 6871150 1504 
224 I 6871273 1504 
225 I 6882131 1504 
226 I 6882251 1504 
227 I 6918162 1504 
228 I 6918281 1504 
229 I 6930072 1504 
230 I 6930197 1504 
231 I 6942136 1504 
232 I 6942260 1504 
233 I 6966128 1504 
234 I 6966252 1504 
235 I 6978589 694 
236 I 15090660 1504 
237 I 15090793 1504 
238 I 15138234 1504 
239 I 15138359 1504 
240 I 15138480 1504 
241 I 15192082 1504 
242 I 15192205 1504 
243 I 15192327 1504 
244 I 15240102 1504 
245 I 15240226 1504 
246 I 15252348 1504 
247 I 15252474 1504 
248 I 15288021 1504 
249 I 15288144 1504 
250 I 15301585 1504 
251 I 15301711 1504 
252 I 15336076 1504 
253 I 15336199 1504 
254 I 15336325 1504 
255 I 15348236 1504 
256 I 15348359 1504 
257 I 15546146 1504 
258 I 15546271 1504 
259 I 15546393 1504 
260 I 15546516 1504 
261 I 15588068 1504 
262 I 15600355 1504 
263 I 15600481 1504 
264 I 15612139 1504 
265 I 15612263 1504 
266 I 15648112 1504 
267 I 15648230 1504 
268 I 15660278 1504 
269 I 15660399 1504 
270 I 15660524 1504 
271 I 15696310 1504 
272 I 15696434 1504 
273 I 15708043 1504 
274 I 15708171 1504 
275 I 15721495 1504 
276 I 15721620 1504 
277 I 15744220 1504 
278 I 15744343 1504 
279 I 15756242 1504 
280 I 15756363 1504 
281 I 15768079 1504 
282 I 15768202 1504 
283 I 15792047 1504 
284 I 15792167 1504 
285 I 15804139 573 
286 I 15804144 1504 
