0 I 0 1504 
1 I 126 1504 
2 I 46450 1504 
3 I 46518 1106 
4 I 144881 1504 
5 I 145000 1504 
6 I 189247 1504 
7 I 189353 1504 
8 I 189472 1504 
9 I 207383 1504 
10 I 207507 1504 
11 I 236333 1504 
12 I 236455 1504 
13 I 236579 1504 
14 I 251555 1504 
15 I 251650 63 
16 I 251678 1504 
17 I 282334 1504 
18 I 282455 1504 
19 I 282581 1504 
20 I 286538 1504 
21 I 286664 1504 
22 I 286679 732 
23 I 364769 1504 
24 I 364889 1504 
25 I 405257 1504 
26 I 405383 1504 
27 I 411364 1504 
28 I 411487 1504 
29 I 411609 1504 
30 I 450677 1504 
31 I 450798 1504 
32 I 450811 689 
33 I 457965 1504 
34 I 458087 1504 
35 I 458211 1504 
36 I 512886 1504 
37 I 513008 1504 
38 I 513131 1504 
39 I 517112 1504 
40 I 517234 1504 
41 I 517358 1504 
42 I 559233 1504 
43 I 559246 678 
44 I 582366 1504 
45 I 582493 1504 
46 I 628008 1504 
47 I 628118 1504 
48 I 628138 769 
49 I 727760 1504 
50 I 727881 1504 
51 I 772533 1504 
52 I 772630 297 
53 I 772653 1504 
54 I 798725 1504 
55 I 798850 1504 
56 I 850465 1504 
57 I 850564 245 
58 I 850588 1504 
59 I 879063 1504 
60 I 879088 779 
61 I 959509 1504 
62 I 959520 684 
63 I 986563 1504 
64 I 986687 1504 
65 I 1040469 1504 
66 I 1040586 1504 
67 I 1040710 1504 
68 I 1077949 1504 
69 I 1077974 767 
70 I 1086266 1504 
71 I 1086387 1504 
72 I 1086479 1325 
73 I 1191334 1504 
74 I 1191455 1504 
75 I 1216349 1504 
76 I 1216469 1504 
77 I 1237381 1504 
78 I 1237486 271 
79 I 1237505 1504 
80 I 1261831 1504 
81 I 1261936 329 
82 I 1261955 1504 
83 I 1343961 1504 
84 I 1344086 1504 
85 I 1379458 1504 
86 I 1379577 1504 
87 I 1388045 1504 
88 I 1388147 237 
89 I 1388168 1504 
90 I 1423972 1504 
91 I 1424094 1504 
92 I 1424150 996 
93 I 1506233 1504 
94 I 1506357 1504 
95 I 1530531 1504 
96 I 1530652 1504 
97 I 1550927 1504 
98 I 1551041 1445 
99 I 1578270 1504 
100 I 1578373 196 
101 I 1578396 1504 
102 I 1657894 1504 
103 I 1658019 1504 
104 I 1703858 1504 
105 I 1703981 1504 
106 I 1704104 1504 
107 I 1749796 1504 
108 I 1749910 508 
109 I 1749920 1504 
