0 I 0 856 
1 I 147 1504 
2 I 59826 1504 
3 I 59940 1504 
4 I 60034 1504 
5 I 107884 1504 
6 I 107998 1504 
7 I 108151 1504 
8 I 155749 1504 
9 I 155865 1504 
10 I 156013 1504 
11 I 156097 1504 
12 I 167878 1504 
13 I 167964 1504 
14 I 209784 1504 
15 I 209863 1504 
16 I 210000 1504 
17 I 210202 1504 
18 I 210323 1504 
19 I 251823 1504 
20 I 251949 1504 
21 I 252053 1504 
22 I 263919 1504 
23 I 264042 1504 
24 I 275765 1504 
25 I 275941 1504 
26 I 293817 1504 
27 I 293950 1504 
28 I 294035 1504 
29 I 305803 1504 
30 I 305930 1504 
31 I 317776 1504 
32 I 329891 1504 
33 I 330015 1504 
34 I 341808 1504 
35 I 341956 1504 
36 I 342091 1504 
37 I 359874 1504 
38 I 360025 1504 
39 I 360110 1504 
40 I 371807 1504 
41 I 407788 1504 
42 I 407907 1504 
43 I 419776 1504 
44 I 419866 1504 
45 I 419975 1504 
46 I 420092 1504 
47 I 431747 1504 
48 I 431872 1504 
49 I 431978 1504 
50 I 455898 1504 
51 I 455964 1504 
52 I 456116 1504 
53 I 467835 1504 
54 I 467950 1504 
55 I 468111 1504 
56 I 479925 1504 
57 I 831337 692 
58 I 9654268 856 
59 I 9654362 1504 
60 I 9654481 1504 
61 I 9702293 1504 
62 I 9702425 1504 
63 I 9702543 1504 
64 I 9744186 1504 
65 I 9744311 1504 
66 I 9744421 1504 
67 I 9756455 1504 
68 I 9756607 1504 
69 I 9786325 1504 
70 I 9786463 1504 
71 I 9786557 1504 
72 I 9798316 1504 
73 I 9798413 1504 
74 I 9798555 1504 
75 I 9810390 1504 
76 I 9810487 1504 
77 I 9828382 1504 
78 I 9828478 1504 
79 I 9840304 1504 
80 I 9840446 1504 
81 I 9852349 1504 
82 I 9852479 1504 
83 I 9864350 1504 
84 I 9876374 1504 
85 I 9876492 1504 
86 I 10035694 1504 
87 I 10035809 1504 
88 I 10035912 1504 
89 I 10036047 1504 
90 I 10036132 1504 
91 I 10036340 1504 
92 I 10036431 1504 
93 I 10036491 1504 
94 I 10036616 1504 
95 I 10036755 1504 
96 I 10080191 1504 
97 I 10080315 1504 
98 I 10092292 1504 
99 I 10092435 1504 
100 I 10104357 1504 
101 I 10104479 1504 
102 I 10122390 1504 
103 I 10134293 1504 
104 I 10146272 1504 
105 I 10170281 1504 
106 I 10194443 1504 
107 I 10218331 1504 
108 I 10242340 1504 
109 I 10267420 1504 
110 I 10284348 1504 
111 I 10314378 1504 
112 I 10332357 1504 
113 I 10362274 1504 
114 I 10410282 1504 
115 I 10410349 1504 
116 I 10410469 1504 
117 I 10464404 1504 
118 I 10464604 1504 
119 I 10881523 692 
120 I 18152701 856 
121 I 18152848 1504 
122 I 18152984 1504 
123 I 18200851 1504 
124 I 18200982 1504 
125 I 18201127 1504 
126 I 18249170 1504 
127 I 18249291 1504 
128 I 18249383 1504 
129 I 18260775 1504 
130 I 18260901 1504 
131 I 18261027 1504 
132 I 18296723 1504 
133 I 18296844 1504 
134 I 18308728 1504 
135 I 18308852 1504 
136 I 18320746 1504 
137 I 18320858 1504 
138 I 18344825 1504 
139 I 18344980 1504 
140 I 18356708 1504 
141 I 18356861 1504 
142 I 18368755 1504 
143 I 18368858 1504 
144 I 18368990 1504 
145 I 18392751 1504 
146 I 18392830 1504 
147 I 18404808 1504 
148 I 18404918 1504 
149 I 18416682 1504 
150 I 18416912 1504 
151 I 18434922 1504 
152 I 18435046 1504 
153 I 18446875 1504 
154 I 18446991 1504 
155 I 18464635 1504 
156 I 18464785 1504 
157 I 18482957 1504 
158 I 18483086 1504 
159 I 18543020 1504 
160 I 18543118 1504 
161 I 18543198 1504 
162 I 18554706 1504 
163 I 18554853 1504 
164 I 18593783 1504 
165 I 18941824 692 
166 I 24807680 856 
167 I 24807877 1504 
168 I 24808005 1504 
169 I 24897907 1504 
170 I 24897996 1504 
171 I 24898103 1504 
172 I 24945793 1504 
173 I 24945949 1504 
174 I 24946048 1504 
175 I 24958702 1504 
176 I 24958807 1504 
177 I 24958905 1504 
178 I 24993822 1504 
179 I 24993952 1504 
180 I 24994084 1504 
181 I 25005869 1504 
182 I 25006002 1504 
183 I 25017815 1504 
184 I 25017948 1504 
185 I 25041844 1504 
186 I 25041974 1504 
187 I 25053727 1504 
188 I 25053831 1504 
189 I 25065870 1504 
190 I 25065946 1504 
191 I 25090210 1504 
192 I 25090310 1504 
193 I 25090408 1504 
194 I 25101884 1504 
195 I 25113840 1504 
196 I 25113937 1504 
197 I 25125770 1504 
198 I 25125991 1504 
199 I 25149790 1504 
200 I 25149912 1504 
201 I 25161838 1504 
202 I 25161987 1504 
203 I 25173788 1504 
204 I 25173905 1504 
205 I 25185760 1504 
206 I 25185935 1504 
207 I 25197732 1504 
208 I 25197854 1504 
209 I 25209663 1504 
210 I 25209781 1504 
211 I 25752042 692 
212 I 31308224 856 
213 I 31308411 1504 
214 I 31308487 1504 
215 I 31356412 1504 
216 I 31356546 1504 
217 I 31356645 1504 
218 I 31404382 1504 
219 I 31404497 1504 
220 I 31404611 1504 
221 I 31416141 1504 
222 I 31416262 1504 
223 I 31416498 1504 
224 I 31452364 1504 
225 I 31452443 1504 
226 I 31452597 1504 
227 I 31464220 1504 
228 I 31476346 1504 
229 I 31476466 1504 
230 I 31500228 1504 
231 I 31500375 1504 
232 I 31512541 1504 
233 I 31512697 1504 
234 I 31524103 1504 
235 I 31536202 1504 
236 I 31536390 1504 
237 I 31548213 1504 
238 I 31548312 1504 
239 I 31560436 1504 
240 I 31560556 1504 
241 I 31560679 1504 
242 I 31572321 1504 
243 I 31584188 1504 
244 I 31584310 1504 
245 I 31596247 1504 
246 I 31596363 1504 
247 I 31608238 1504 
248 I 31608409 1504 
249 I 31620227 1504 
250 I 31620409 1504 
251 I 31632391 1504 
252 I 31632536 1504 
253 I 31644320 1504 
254 I 31644462 1504 
255 I 31656180 1504 
256 I 31656299 1504 
257 I 31982154 692 
258 I 38766163 856 
259 I 38766387 1504 
260 I 38766515 1504 
261 I 38814198 1504 
262 I 38814362 1504 
263 I 38814531 1504 
264 I 38862510 1504 
265 I 38862688 1504 
266 I 38862842 1504 
267 I 38874269 1504 
268 I 38874364 1504 
269 I 38910308 1504 
270 I 38910369 1504 
271 I 38910523 1504 
272 I 39072781 1504 
273 I 39072867 1504 
274 I 39073010 1504 
275 I 39073139 1504 
276 I 39073261 1504 
277 I 39073454 1504 
278 I 39073566 1504 
279 I 39151377 1504 
280 I 39151522 1504 
281 I 39151708 1504 
282 I 39151780 1504 
283 I 39151894 1504 
284 I 39151975 1504 
285 I 39198385 1504 
286 I 39210202 1504 
287 I 39222388 1504 
288 I 39246283 1504 
289 I 39270267 1504 
290 I 39294242 1504 
291 I 39318211 1504 
292 I 39318341 1504 
293 I 39360393 1504 
294 I 39360513 1504 
295 I 39360647 1504 
296 I 39390292 1504 
297 I 39434685 1504 
298 I 39434817 1504 
299 I 39438271 1504 
300 I 39438411 1504 
301 I 39792299 692 
302 I 45299254 856 
303 I 45299312 1504 
304 I 45299548 1504 
305 I 45347284 1504 
306 I 45347380 1504 
307 I 45347501 1504 
308 I 45395313 1504 
309 I 45395457 1504 
310 I 45395587 1504 
311 I 45407236 1504 
312 I 45407352 1504 
313 I 45443374 1504 
314 I 45443492 1504 
315 I 45551923 1504 
316 I 45552088 1504 
317 I 45552181 1504 
318 I 45552234 1504 
319 I 45552322 1504 
320 I 45599344 1504 
321 I 45599477 1504 
322 I 45599580 1504 
323 I 45611210 1504 
324 I 45611339 1504 
325 I 45647135 1504 
326 I 45647231 1504 
327 I 45659241 1504 
328 I 45659376 1504 
329 I 45671374 1504 
330 I 45671495 1504 
331 I 45697446 1504 
332 I 45697610 1504 
333 I 45707319 1504 
334 I 45707456 1504 
335 I 45719872 1504 
336 I 45719979 1504 
337 I 45720101 1504 
338 I 45743261 1504 
339 I 45743382 1504 
340 I 45755288 1504 
341 I 45755427 1504 
342 I 45767511 1504 
343 I 45767585 1504 
344 I 45791304 1504 
345 I 45791463 1504 
346 I 45803197 1504 
347 I 45803316 1504 
348 I 45816408 1504 
349 I 45816487 1504 
350 I 45843396 1504 
351 I 45843494 1504 
352 I 45843741 1504 
353 I 45843879 1504 
354 I 45851235 1504 
355 I 45851366 1504 
356 I 45863288 1504 
357 I 45863424 1504 
358 I 45887284 1504 
359 I 46222602 692 
360 I 53892420 856 
361 I 53892627 1504 
362 I 53892797 1504 
363 I 53982400 1504 
364 I 53982568 1504 
365 I 53982620 1504 
366 I 54030375 1504 
367 I 54030427 1504 
368 I 54030580 1504 
369 I 54042379 1504 
370 I 54042462 1504 
371 I 54042586 1504 
372 I 54078455 1504 
373 I 54078579 1504 
374 I 54078736 1504 
375 I 54090318 1504 
376 I 54090529 1504 
377 I 54102292 1504 
378 I 54102406 1504 
379 I 54126404 1504 
380 I 54126487 1504 
381 I 54138400 1504 
382 I 54138530 1504 
383 I 54138647 1504 
384 I 54150428 1504 
385 I 54150607 1504 
386 I 54168362 1504 
387 I 54168471 1504 
388 I 54186335 1504 
389 I 54186462 1504 
390 I 54198312 1504 
391 I 54198433 1504 
392 I 54210341 1504 
393 I 54210454 1504 
394 I 54222449 1504 
395 I 54222624 1504 
396 I 54234615 1504 
397 I 54234744 1504 
398 I 54246332 1504 
399 I 54246498 1504 
400 I 54282294 1504 
401 I 54282424 1504 
402 I 54282532 1504 
403 I 54294300 1504 
404 I 54294394 1504 
405 I 54652818 692 
