0 I 0 1424 
1 I 138 1424 
2 I 52280 1424 
3 I 52393 1424 
4 I 52535 1424 
5 I 108167 1424 
6 I 108285 1424 
7 I 108400 1424 
8 I 192468 1424 
9 I 192601 1424 
10 I 192720 1424 
11 I 197982 1424 
12 I 198094 1424 
13 I 198217 1424 
14 I 244201 1424 
15 I 244317 1424 
16 I 244433 1424 
17 I 257406 1424 
18 I 257525 1424 
19 I 266243 1424 
20 I 266398 1424 
21 I 266514 1424 
22 I 296247 1424 
23 I 296368 1424 
24 I 296604 1424 
25 I 300249 1424 
26 I 300448 1424 
27 I 300648 1424 
28 I 308211 1424 
29 I 308341 1424 
30 I 308446 1424 
31 I 316618 1424 
32 I 316734 1424 
33 I 322325 1424 
34 I 322454 1424 
35 I 322572 1424 
36 I 366903 1424 
37 I 367024 1424 
38 I 367139 1424 
39 I 372586 1424 
40 I 372937 1424 
41 I 373170 1424 
42 I 377489 1424 
43 I 377590 1424 
44 I 382643 1424 
45 I 382787 1424 
46 I 382904 1424 
47 I 387876 1424 
48 I 388026 1424 
49 I 388146 1424 
50 I 393762 1424 
51 I 393880 1424 
52 I 393998 1424 
53 I 399562 1424 
54 I 399798 1424 
55 I 411976 1424 
56 I 412092 1424 
57 I 412233 1424 
58 I 422362 1424 
59 I 422482 1424 
60 I 422609 1424 
61 I 427741 1424 
62 I 427880 1424 
63 I 427997 1424 
64 I 432945 1424 
65 I 433064 1424 
66 I 433179 1424 
67 I 436811 1424 
68 I 436932 1424 
69 I 437051 1424 
70 I 441374 1424 
71 I 441481 1424 
72 I 441597 1424 
73 I 448642 1424 
74 I 448759 1424 
75 I 448875 1424 
76 I 455797 1424 
77 I 455916 1424 
78 I 456032 1424 
79 I 461081 1424 
80 I 461200 1424 
81 I 461316 1424 
82 I 467539 1424 
83 I 467657 1424 
84 I 467778 1424 
85 I 473320 1424 
86 I 473439 1424 
87 I 473580 1424 
88 I 481469 1424 
89 I 481590 1424 
90 I 481705 1424 
91 I 490539 1424 
92 I 490656 1424 
93 I 496646 418 
94 I 7214392 1424 
95 I 7214507 1424 
96 I 7264208 1424 
97 I 7264443 1424 
98 I 7264684 1424 
99 I 7316556 1424 
100 I 7316790 1424 
101 I 7317025 1424 
102 I 7376253 1424 
103 I 7376370 1424 
104 I 7376486 1424 
105 I 7381514 1424 
106 I 7381656 1424 
107 I 7381774 1424 
108 I 7427796 1424 
109 I 7427913 1424 
110 I 7428030 1424 
111 I 7432991 1424 
112 I 7433214 1424 
113 I 7433331 1424 
114 I 7437551 1424 
115 I 7437681 1424 
116 I 7437793 1424 
117 I 7481037 1424 
118 I 7481146 1424 
119 I 7481260 1424 
120 I 7487286 1424 
121 I 7487393 1424 
122 I 7487512 1424 
123 I 7491976 1424 
124 I 7492221 1424 
125 I 7492460 1424 
126 I 7495688 1424 
127 I 7495855 1424 
128 I 7495985 1424 
129 I 7501304 1424 
130 I 7501421 1424 
131 I 7535136 1424 
132 I 7535248 1424 
133 I 7535371 1424 
134 I 7541084 1424 
135 I 7541200 1424 
136 I 7541228 686 
137 I 7819394 332 
138 I 7982107 1424 
139 I 7982230 1424 
140 I 7982346 1424 
141 I 7982463 1424 
142 I 7982583 1424 
143 I 7982694 1424 
144 I 7982815 1424 
145 I 7982928 1424 
146 I 7983045 1424 
147 I 7983163 1424 
148 I 7983279 1424 
149 I 7983397 1424 
150 I 7983515 1424 
151 I 7983628 1424 
152 I 7983746 1424 
153 I 7983889 1424 
154 I 7984003 1424 
155 I 7984122 1424 
156 I 7984239 1424 
157 I 7984369 1424 
158 I 7984484 1424 
159 I 7984600 1424 
160 I 7984716 1424 
161 I 7984834 1424 
162 I 7984950 1424 
163 I 8034415 1424 
164 I 8034531 1424 
165 I 8034651 1424 
166 I 8071836 1424 
167 I 8071952 1424 
168 I 8072070 1424 
169 I 8079406 1424 
170 I 8079520 1424 
171 I 8079638 1424 
172 I 8085156 1424 
173 I 8085270 1424 
174 I 8085388 1424 
175 I 8090673 1424 
176 I 8090789 1424 
177 I 8090908 1424 
178 I 8094896 429 
179 I 8094901 1424 
180 I 8642545 975 
181 I 8778683 1424 
182 I 8778804 1424 
183 I 8778922 1424 
184 I 8779075 1424 
185 I 8779382 1424 
186 I 8779612 1424 
187 I 8779894 1424 
188 I 8780133 1424 
189 I 8780344 1424 
190 I 8780576 1424 
191 I 8780811 1424 
192 I 8781047 1424 
193 I 8781257 1424 
194 I 8781374 1424 
195 I 8781492 1424 
196 I 8781606 1424 
197 I 8781723 1424 
198 I 8781840 1424 
199 I 8781963 1424 
200 I 8782074 1424 
201 I 8782191 1424 
202 I 8782308 1424 
203 I 8782426 1424 
204 I 8782540 1424 
205 I 8782657 1424 
206 I 8782774 1424 
207 I 8782892 1424 
208 I 8783012 1424 
209 I 8783140 1424 
210 I 8783256 1424 
211 I 8783372 1424 
212 I 8783497 1424 
213 I 8783619 1424 
214 I 8783723 1424 
215 I 8783840 1424 
216 I 8783964 1424 
217 I 8784074 1424 
218 I 8784189 1424 
219 I 8784307 1424 
220 I 8784424 1424 
221 I 8784544 1424 
222 I 8784661 1424 
223 I 8784775 1424 
224 I 8784890 1424 
225 I 8785007 1424 
226 I 8785126 1424 
227 I 8838363 1424 
228 I 8838481 1424 
229 I 8838596 1424 
230 I 8919860 1424 
231 I 8919976 1424 
232 I 8925408 1424 
233 I 8925523 1424 
234 I 8931213 1424 
235 I 8931331 1424 
236 I 8939542 1424 
237 I 8939657 1424 
238 I 8945384 1424 
239 I 8945609 1424 
240 I 8949202 1424 
241 I 8949439 1424 
242 I 8953341 1424 
243 I 8953581 1424 
244 I 8957343 1424 
245 I 8957485 1424 
246 I 8961301 1424 
247 I 8961423 1424 
248 I 8971186 1424 
249 I 8971417 1424 
250 I 8975402 1424 
251 I 8979784 779 
252 I 9189312 1424 
253 I 9189477 1424 
254 I 9189592 1424 
255 I 9189711 1424 
256 I 9189827 1424 
257 I 9189950 1424 
258 I 9190066 1424 
259 I 9190184 1424 
260 I 9190228 806 
261 I 9341277 1424 
262 I 9341411 1424 
263 I 9341716 1424 
264 I 9341835 1424 
265 I 9341951 1424 
266 I 9342067 1424 
267 I 9342182 1424 
268 I 9342300 1424 
269 I 9342416 1424 
270 I 9342531 1424 
271 I 9342650 1424 
272 I 9342782 1424 
273 I 9342895 1424 
274 I 9343012 1424 
275 I 9343021 525 
276 I 9509241 1424 
277 I 9509357 1424 
278 I 9509474 1424 
279 I 9509592 1424 
280 I 9509707 1424 
281 I 9509824 1424 
282 I 9509941 1424 
283 I 9510058 1424 
284 I 9510175 1424 
285 I 9510292 1424 
286 I 9510409 1424 
287 I 9510530 1424 
288 I 9510655 1424 
289 I 9510766 1424 
290 I 9510881 1424 
291 I 9511005 1424 
292 I 9511115 1424 
293 I 9511232 1424 
294 I 9511352 1424 
295 I 9511474 1424 
296 I 9511580 1424 
297 I 9511699 1424 
298 I 9511817 1424 
299 I 9511930 1424 
300 I 9512049 1424 
301 I 9512168 1424 
302 I 9512281 1424 
303 I 9512406 1424 
304 I 9512514 1424 
305 I 9512631 1424 
306 I 9512749 1424 
307 I 9512865 1424 
308 I 9512982 1424 
309 I 9513099 1424 
310 I 9513216 1424 
311 I 9513331 1424 
312 I 9513448 1424 
313 I 9513607 1424 
314 I 9513719 1424 
315 I 9513836 1424 
316 I 9513952 1424 
317 I 9514072 1424 
318 I 9514230 1424 
319 I 9514347 1424 
320 I 9514463 1424 
321 I 9514587 1424 
322 I 9514697 1424 
323 I 9560689 1424 
324 I 9560804 1424 
325 I 9573749 1424 
326 I 9573974 1424 
327 I 9588846 1424 
328 I 9588966 1424 
329 I 9594525 1424 
330 I 9594639 1424 
331 I 9599772 1424 
332 I 9599889 1424 
333 I 9605852 1424 
334 I 9605969 1424 
335 I 9611751 1424 
336 I 9612005 1424 
337 I 9621406 1424 
338 I 9621520 1424 
339 I 9627100 1424 
340 I 9627218 1424 
341 I 9631161 1424 
342 I 9631278 1424 
343 I 9635156 1424 
344 I 9635272 1424 
345 I 9640367 1424 
346 I 9653851 1424 
347 I 9672768 1424 
348 I 9684092 1424 
349 I 9689918 1424 
350 I 9712657 1424 
351 I 9718267 1424 
352 I 9730527 1424 
353 I 9736153 1424 
354 I 9758856 1424 
355 I 9764295 1424 
356 I 9774573 1424 
357 I 9792557 1424 
358 I 9845905 1424 
359 I 9856854 1424 
360 I 9862817 1424 
361 I 9878838 1424 
362 I 9896520 1424 
363 I 9943553 1424 
364 I 9953678 1424 
365 I 9973888 1424 
366 I 9986746 1424 
367 I 9992349 1424 
368 I 10041707 1424 
369 I 10053876 1424 
370 I 10059846 1424 
371 I 10066764 1424 
372 I 10079045 1424 
373 I 10092871 1424 
374 I 10111401 1424 
375 I 10118232 1424 
376 I 10164507 1424 
377 I 10181506 1424 
378 I 10194600 1424 
379 I 10213560 1424 
380 I 10226923 1424 
381 I 10275170 1424 
382 I 10287334 1424 
383 I 10294297 1424 
384 I 10299150 1424 
385 I 10360675 1424 
386 I 10442063 1424 
387 I 10495602 1424 
388 I 10525462 1424 
389 I 10659407 1424 
390 I 10679221 1424 
391 I 10838772 1424 
392 I 10888432 1424 
393 I 11497393 1424 
394 I 11554078 1424 
395 I 11554197 1424 
396 I 11603722 1424 
397 I 11603843 1424 
398 I 11729682 1424 
399 I 11729801 1424 
400 I 11792600 1424 
401 I 11792719 1424 
402 I 11792932 1424 
403 I 11845421 1424 
404 I 11845536 1424 
405 I 11900546 1424 
406 I 11900663 1424 
407 I 11956842 1424 
408 I 11956958 1424 
409 I 11957073 1424 
410 I 12009946 1424 
411 I 12010062 1424 
412 I 12013995 1424 
413 I 12014111 1424 
414 I 12064486 1424 
415 I 12064722 1424 
416 I 12070527 1424 
417 I 12070798 1424 
418 I 12123623 1424 
419 I 12123742 1424 
420 I 12124071 1424 
421 I 12133364 1424 
422 I 12133482 1424 
423 I 12178418 1424 
424 I 12178536 1424 
425 I 12188988 1424 
426 I 12189094 1424 
427 I 12249101 1424 
428 I 12249214 1424 
429 I 12253648 1424 
430 I 12253812 1424 
431 I 12253922 1424 
432 I 12327405 1424 
433 I 12327650 1424 
434 I 12336974 1424 
435 I 12337091 1424 
436 I 12344566 1424 
437 I 12344681 1424 
438 I 12378153 1424 
439 I 12378277 1424 
440 I 12391859 1424 
441 I 12391979 1424 
442 I 12398614 1424 
443 I 12398732 1424 
444 I 12398848 1424 
445 I 12428348 1424 
446 I 12428465 1424 
447 I 12441946 798 
448 I 12656289 1424 
449 I 12656413 1424 
450 I 12656529 1424 
451 I 12656567 751 
452 I 12748707 1424 
453 I 12748948 1424 
454 I 12749057 1424 
455 I 12749178 1424 
456 I 12749291 1424 
457 I 12749409 1424 
458 I 12749525 1424 
459 I 12749641 1424 
460 I 12847496 1424 
461 I 12847612 1424 
462 I 12847843 1424 
463 I 12848077 1424 
464 I 12848311 1424 
465 I 12848430 1424 
466 I 12848543 1424 
467 I 12848660 1424 
468 I 12901043 1424 
469 I 12901161 1424 
470 I 12905143 1424 
471 I 12905383 1424 
472 I 12912723 1424 
473 I 12912847 1424 
474 I 12919391 1424 
475 I 12919509 1424 
476 I 12960846 1424 
477 I 12961078 1424 
478 I 12976517 1424 
479 I 12976654 1424 
480 I 12992010 1424 
481 I 12992143 1424 
482 I 12992260 1424 
483 I 13003101 1424 
484 I 13011597 1424 
485 I 13011858 1424 
486 I 13031182 1424 
487 I 13031297 1424 
488 I 13043551 1424 
489 I 13043675 1424 
490 I 13051195 1424 
491 I 13051310 1424 
492 I 13059717 1424 
493 I 13059850 1424 
494 I 13142195 1424 
495 I 13142314 1424 
496 I 13151676 1424 
497 I 13151824 1424 
498 I 13156275 1424 
499 I 13156415 1424 
500 I 13160208 1424 
501 I 13160338 1424 
502 I 13160442 1424 
503 I 13192844 1424 
504 I 13192961 1424 
505 I 13207189 1424 
506 I 13207306 1424 
507 I 13214122 1424 
508 I 13214235 1424 
509 I 13220142 1424 
510 I 13220256 1424 
511 I 13224586 1424 
512 I 13224822 1424 
513 I 13244761 1424 
514 I 13244877 1424 
515 I 13262678 1110 
516 I 13443907 1424 
517 I 13444026 1424 
518 I 13444141 1424 
519 I 13444374 1424 
520 I 13444716 1424 
521 I 13444831 1424 
522 I 13444946 1424 
523 I 13445066 1424 
524 I 13445178 1424 
525 I 13445300 1424 
526 I 13445401 1320 
527 I 13752947 1424 
528 I 13753060 1424 
529 I 13753284 1424 
530 I 13753388 1424 
531 I 13753509 1424 
532 I 13753622 1424 
533 I 13753739 1424 
534 I 13753855 1424 
535 I 13753973 1424 
536 I 13754088 1424 
537 I 13754208 1424 
538 I 13840854 1424 
539 I 13840994 1424 
540 I 13847080 1424 
541 I 13847198 1424 
542 I 13853821 1424 
543 I 13853938 1424 
544 I 13858368 1424 
545 I 13858593 148 
546 I 13858625 1424 
