0 I 0 286 
1 I 1852201 580 
2 I 1852240 580 
3 I 1852302 580 
4 I 2436079 580 
5 I 2436126 580 
6 I 2542094 580 
7 I 2542143 580 
8 I 2542193 580 
9 I 3034941 580 
10 I 3035436 417 
11 I 3675718 580 
12 I 3675771 580 
13 I 3675829 580 
14 I 3675881 580 
15 I 3675933 580 
16 I 3675987 580 
17 I 3676043 580 
18 I 3676094 580 
19 I 3676142 580 
20 I 4282306 580 
21 I 4282357 580 
22 I 4282439 580 
23 I 4507452 125 
24 I 5525219 431 
25 I 6102986 580 
26 I 6103023 84 
27 I 6103034 580 
28 I 7527665 286 
