0 I 0 735 
1 I 114645 573 
2 I 270314 1504 
3 I 270429 1504 
4 I 389885 1504 
5 I 390002 1427 
6 I 552071 1065 
7 I 661343 1504 
8 I 661447 1504 
9 I 680467 504 
10 I 690005 1504 
11 I 690171 1504 
12 I 701890 1504 
13 I 702008 1504 
14 I 713406 1189 
15 I 722132 1504 
16 I 722253 1504 
17 I 734221 1504 
18 I 734450 1504 
19 I 741622 1504 
20 I 741763 1504 
21 I 752662 1504 
22 I 752815 1504 
23 I 766722 1504 
24 I 766863 1504 
25 I 773879 1504 
26 I 773998 1504 
27 I 782958 794 
28 I 790964 1504 
29 I 791081 1504 
30 I 814645 1504 
31 I 814749 1504 
32 I 825358 1504 
33 I 825497 1504 
34 I 826001 1504 
35 I 826147 1504 
36 I 833639 855 
37 I 842903 96 
38 I 842940 1504 
39 I 852342 806 
40 I 853865 1136 
41 I 855463 552 
42 I 857104 1504 
43 I 857222 1504 
44 I 857348 1504 
45 I 858583 1504 
46 I 858702 1504 
47 I 858818 1504 
48 I 860754 1504 
49 I 860852 1504 
50 I 860982 1504 
51 I 861741 1504 
52 I 861858 1504 
53 I 862032 1504 
54 I 876134 1504 
55 I 876264 1504 
56 I 876402 1504 
57 I 893780 1504 
58 I 893907 1504 
59 I 894081 1504 
60 I 911643 1504 
61 I 911811 1504 
62 I 911898 1504 
63 I 934148 1504 
64 I 934390 1504 
65 I 934505 1504 
66 I 952052 402 
67 I 970384 1504 
68 I 970481 1504 
69 I 970531 1504 
70 I 1047982 1504 
71 I 1048178 1504 
72 I 1048340 1504 
73 I 1066233 993 
74 I 1083384 377 
75 I 1109034 349 
76 I 1130597 642 
77 I 1145358 1097 
78 I 1147321 1504 
79 I 1147432 1504 
80 I 1150384 1504 
81 I 1234429 1504 
82 I 1243718 1504 
83 I 1319196 1504 
84 I 1408911 1504 
85 I 1409038 1504 
86 I 1456555 1504 
87 I 1500153 1504 
88 I 1500286 1504 
89 I 1500380 1504 
90 I 1507315 1504 
91 I 1553352 1504 
92 I 1591660 1504 
93 I 1591782 1504 
94 I 1599878 1504 
95 I 1641908 1504 
96 I 1642065 1504 
97 I 1674826 1504 
98 I 1674913 1504 
99 I 1705183 552 
100 I 1733399 1504 
101 I 1733473 1504 
102 I 1733672 1504 
103 I 1741737 1504 
104 I 1741815 1504 
105 I 1743183 1504 
106 I 1743299 1504 
107 I 1757473 1504 
108 I 1757736 1504 
109 I 1757826 755 
110 I 1824310 1504 
111 I 1824414 1504 
112 I 1833542 1504 
113 I 1841644 1504 
114 I 1841759 1504 
115 I 1851970 1504 
116 I 1852075 1504 
117 I 1852195 1504 
118 I 1867306 1504 
119 I 1867427 1504 
120 I 1867545 1504 
121 I 1906868 1504 
122 I 1907022 1504 
123 I 1941377 1504 
124 I 1941480 1504 
125 I 1941628 1504 
126 I 1958133 1504 
127 I 1958265 1504 
128 I 1983653 1504 
129 I 1983785 1504 
130 I 2000411 1504 
131 I 2000473 1504 
132 I 2032486 1504 
133 I 2032603 1504 
134 I 2049580 1504 
135 I 2049695 1504 
136 I 2067134 1504 
137 I 2067260 1504 
138 I 2083913 1504 
139 I 2084001 1504 
140 I 2084224 1504 
141 I 2115016 1504 
142 I 2115142 1504 
143 I 2132388 1504 
144 I 2132471 1504 
145 I 2150760 1297 
146 I 2167023 1504 
147 I 2167065 637 
148 I 2198066 612 
149 I 2214843 1504 
150 I 2214996 1504 
151 I 2215111 1504 
152 I 2297424 1504 
153 I 2297547 1461 
154 I 2736455 1504 
155 I 2773387 1504 
156 I 2773504 1504 
157 I 2865258 1504 
158 I 2865359 1504 
159 I 2865425 900 
160 I 3018941 1504 
161 I 3019096 1504 
162 I 3044864 1504 
163 I 3044985 1504 
164 I 3054429 1504 
165 I 3054543 1504 
166 I 3062127 1504 
167 I 3062243 1504 
168 I 3079478 65 
169 I 3079514 1504 
170 I 3096521 1504 
171 I 3106249 1504 
172 I 3106362 1504 
173 I 3113974 1504 
174 I 3114123 1504 
175 I 3138595 1504 
176 I 3138690 1191 
177 I 3156334 1504 
178 I 3156392 997 
179 I 3162296 1504 
180 I 3162422 1504 
181 I 3162481 1504 
182 I 3162586 1504 
183 I 3164329 1504 
184 I 3164403 1504 
185 I 3164929 1504 
186 I 3164990 1243 
187 I 3169759 1504 
188 I 3169897 1504 
189 I 3173360 1504 
190 I 3173598 1504 
191 I 3173797 1504 
192 I 3175074 1504 
193 I 3175185 1136 
194 I 3178236 1504 
195 I 3178352 1504 
196 I 3178475 1504 
197 I 3183604 1504 
198 I 3183662 723 
199 I 3192341 1504 
200 I 3192465 95 
201 I 3192502 1504 
202 I 3206278 1504 
203 I 3206397 270 
204 I 3206408 1504 
205 I 3223336 284 
206 I 3223340 1504 
207 I 3271804 1504 
208 I 3271910 1504 
209 I 3272024 1504 
210 I 3284951 1414 
211 I 3288108 1504 
212 I 3288207 1305 
213 I 3305313 1419 
214 I 3342559 1504 
215 I 3342656 1504 
216 I 3392561 1504 
217 I 3392676 1207 
218 I 3393608 1504 
219 I 3393702 1504 
220 I 3394787 301 
221 I 3394815 1504 
222 I 3394928 224 
223 I 3394958 1504 
224 I 3395381 204 
225 I 3395419 1504 
226 I 3398258 1504 
227 I 3398483 759 
228 I 3398494 1504 
229 I 3451743 1504 
230 I 3451837 1504 
231 I 3451951 1504 
232 I 3499369 1504 
233 I 3499495 1504 
234 I 3499643 1504 
235 I 3523918 1504 
236 I 3524030 1504 
237 I 3569548 1504 
238 I 3569673 1504 
239 I 3569812 1504 
240 I 3594383 1504 
241 I 3594528 1504 
242 I 3594633 1504 
243 I 3603992 502 
244 I 3604113 1504 
245 I 3604232 1504 
246 I 3620162 1504 
247 I 3620275 1504 
248 I 3620393 1504 
249 I 3652569 1504 
250 I 3652688 1504 
251 I 3652834 1504 
252 I 3669203 1059 
253 I 3678055 1504 
254 I 3678186 1504 
255 I 3678194 692 
256 I 3699620 1504 
257 I 3713359 1504 
258 I 3731697 1504 
259 I 3731797 1504 
260 I 3731901 1504 
261 I 3740897 1504 
262 I 3741031 1504 
263 I 3741131 1504 
264 I 3818276 1504 
265 I 3818416 1504 
266 I 3818452 1504 
267 I 3835498 871 
268 I 3851662 1504 
269 I 3851778 1504 
270 I 3851900 1504 
271 I 3916463 1243 
272 I 3917478 1504 
273 I 3934203 1504 
274 I 3934348 1504 
275 I 3934364 799 
276 I 3942032 1504 
277 I 3942212 1504 
278 I 3943701 1136 
279 I 4047493 1504 
280 I 4047575 1504 
281 I 4047654 1504 
282 I 4138298 1504 
283 I 4138398 1504 
284 I 4145664 723 
285 I 4175398 1504 
286 I 4221150 1504 
287 I 4221251 1504 
288 I 4303710 1504 
289 I 4303832 1504 
290 I 4410436 1504 
291 I 4410559 1504 
292 I 4410705 1504 
293 I 4449700 1504 
294 I 4492877 379 
295 I 4619987 1504 
296 I 4642412 1504 
297 I 4642598 1504 
298 I 4734046 1504 
299 I 4734215 1504 
300 I 4734353 1504 
301 I 4745523 1504 
302 I 4825832 1504 
303 I 4825937 1504 
304 I 4842497 95 
305 I 4842505 1504 
306 I 4908439 741 
307 I 5041860 1504 
308 I 5042006 1504 
309 I 5132893 1504 
310 I 5133005 1504 
311 I 5133143 1504 
312 I 5224371 1504 
313 I 5224504 1504 
314 I 5306650 138 
315 I 5306687 1504 
316 I 6127964 1504 
317 I 6128077 1504 
318 I 6219554 1504 
319 I 6219670 1504 
320 I 6219783 1504 
321 I 6234053 1504 
322 I 6234200 1504 
323 I 6241707 1504 
324 I 6241860 1504 
325 I 6310821 1504 
326 I 6310934 1504 
327 I 6311046 1504 
328 I 6337425 1504 
329 I 6337500 1504 
330 I 6337616 1504 
331 I 6362737 572 
332 I 6412844 1504 
333 I 6412982 1504 
334 I 6413075 1504 
335 I 6430072 492 
336 I 6446439 1504 
337 I 6446559 1504 
338 I 6446657 1504 
339 I 6528989 1504 
340 I 6529099 1504 
341 I 6529124 1319 
342 I 7157215 1504 
343 I 7157337 1504 
344 I 7248632 1504 
345 I 7248718 1504 
346 I 7248847 1504 
347 I 7426027 1504 
348 I 7426151 1504 
349 I 7517059 1504 
350 I 7517181 1504 
351 I 7517293 1504 
352 I 7608434 1504 
353 I 7608532 1504 
354 I 7608652 1504 
355 I 7691100 1504 
356 I 7691222 1504 
357 I 7708252 1504 
358 I 7708363 1504 
359 I 7782424 1504 
360 I 7782548 1504 
361 I 7800649 108 
362 I 7800679 1504 
363 I 8553578 1504 
364 I 8553669 1504 
365 I 8645272 1504 
366 I 8645448 1504 
367 I 8645470 161 
368 I 8823382 1504 
369 I 8823554 1504 
370 I 8847845 222 
371 I 8847876 1504 
372 I 8895012 1504 
373 I 8895254 1504 
374 I 8914812 1504 
375 I 8914933 1504 
376 I 8915076 1504 
377 I 8985919 1504 
378 I 8986038 1504 
379 I 8986162 1504 
380 I 9005861 1504 
381 I 9005975 1504 
382 I 9077138 1504 
383 I 9077272 1504 
384 I 9077380 1504 
385 I 9094240 1504 
386 I 9094353 1504 
387 I 9160624 384 
388 I 9160649 1504 
389 I 9189847 1504 
390 I 9189988 1504 
391 I 9272249 418 
392 I 9378966 1504 
393 I 9379103 1504 
394 I 9379259 1504 
395 I 9470427 1504 
396 I 9470524 1504 
397 I 9470648 1504 
398 I 9570047 1504 
399 I 9570162 1504 
400 I 9570284 1504 
401 I 9570399 1504 
402 I 9662564 1504 
403 I 9662636 880 
404 I 11039704 1504 
405 I 11039856 1504 
406 I 11130890 1504 
407 I 11131054 1504 
408 I 11131074 892 
409 I 11278168 1504 
410 I 11278248 1504 
411 I 11297078 1504 
412 I 11297296 1504 
413 I 11304837 1504 
414 I 11304956 1504 
415 I 11330898 1504 
416 I 11330983 1504 
417 I 11385647 1504 
418 I 11385850 1504 
419 I 11386990 1504 
420 I 11387109 1504 
421 I 11397714 1504 
422 I 11397876 1504 
423 I 11399035 1504 
424 I 11399247 1504 
425 I 11399368 1504 
426 I 11424566 1504 
427 I 11424712 1504 
428 I 11424824 1504 
429 I 11431168 1504 
430 I 11431261 1504 
431 I 11441647 1504 
432 I 11441744 1504 
433 I 11441850 1504 
434 I 11459019 1504 
435 I 11459145 1504 
436 I 11459288 1504 
437 I 11476723 1504 
438 I 11476821 1504 
439 I 11476978 1504 
440 I 11495173 1504 
441 I 11495291 1504 
442 I 11495406 1504 
443 I 11511010 1504 
444 I 11511154 1504 
445 I 11511247 1504 
446 I 11528130 1504 
447 I 11528260 1504 
448 I 11528372 1504 
449 I 11554080 1504 
450 I 11554217 1504 
451 I 11554304 1504 
452 I 11579653 1504 
453 I 11579788 1504 
454 I 11579893 1504 
455 I 11613565 1504 
456 I 11613650 1504 
457 I 11613754 1504 
458 I 11631331 1504 
459 I 11631457 1504 
460 I 11631590 1504 
461 I 11641163 1504 
462 I 11641182 595 
463 I 11648488 1504 
464 I 11648612 1504 
465 I 11648729 1504 
466 I 11691141 1504 
467 I 11691198 1018 
468 I 11725586 1504 
469 I 11725688 1504 
470 I 11725795 1504 
471 I 11741565 1504 
472 I 11741733 1504 
473 I 11743821 1504 
474 I 11750042 1081 
475 I 11758908 1504 
476 I 11767528 1504 
477 I 11775863 1504 
478 I 11784685 1504 
479 I 11825961 1504 
480 I 11826111 1504 
481 I 11826117 342 
482 I 11841270 1504 
483 I 11841407 1504 
484 I 11851820 1504 
485 I 11859226 1504 
486 I 11908845 826 
487 I 11936009 1504 
488 I 11944496 1504 
489 I 11952972 1504 
490 I 12018445 1504 
491 I 12035684 1504 
492 I 12035711 1102 
493 I 12101001 1504 
494 I 12101188 1504 
495 I 12192016 195 
496 I 12200454 1504 
497 I 12283304 595 
498 I 12631126 1504 
499 I 12842471 1504 
500 I 12842588 1504 
501 I 12933394 1504 
502 I 12933518 1504 
503 I 12933572 838 
504 I 15529144 1504 
505 I 15529257 1504 
506 I 15620136 1504 
507 I 15620325 1504 
508 I 15620345 893 
509 I 15804289 1504 
510 I 15804446 1504 
511 I 15809412 1504 
512 I 15809524 1504 
513 I 15817855 1504 
514 I 15817962 1504 
515 I 15836289 1504 
516 I 15836421 1504 
517 I 15846425 1504 
518 I 15846565 1504 
519 I 15852003 1504 
520 I 15852210 1504 
521 I 15858659 1504 
522 I 15858868 1504 
523 I 15873133 1504 
524 I 15873269 1504 
525 I 15896028 1504 
526 I 15896169 1504 
527 I 15896285 1504 
528 I 15912613 1504 
529 I 15912725 1504 
530 I 15912839 1504 
531 I 15929408 1504 
532 I 15929523 1504 
533 I 15929660 1504 
534 I 15947082 1504 
535 I 15947143 1504 
536 I 15947308 1504 
537 I 15963851 1504 
538 I 15963976 1504 
539 I 15964056 1504 
540 I 15981291 1504 
541 I 15981441 1504 
542 I 15981551 1504 
543 I 15998076 1504 
544 I 15998195 1504 
545 I 15998312 1504 
546 I 16015543 1504 
547 I 16015656 1504 
548 I 16015778 1504 
549 I 16031848 1504 
550 I 16031917 1504 
551 I 16057365 1504 
552 I 16057483 1504 
553 I 16057601 1504 
554 I 16083092 1504 
555 I 16083199 1504 
556 I 16101223 1504 
557 I 16101336 1504 
558 I 16142557 1504 
559 I 16169685 1504 
560 I 16195269 1504 
561 I 16195387 1448 
562 I 16229493 1504 
563 I 16237606 1504 
564 I 16242366 1504 
565 I 16243454 1504 
566 I 16243573 1504 
567 I 16246185 1504 
568 I 16254461 1504 
569 I 16254592 1504 
570 I 16262616 1504 
571 I 16313119 1504 
572 I 16321261 1504 
573 I 16330914 1504 
574 I 16338600 1504 
575 I 16346702 1504 
576 I 16375579 417 
577 I 16401131 1504 
578 I 16429298 1504 
579 I 16438556 1504 
580 I 16445813 1504 
581 I 16530397 1504 
582 I 16530516 1504 
583 I 16621946 473 
584 I 16643224 102 
585 I 16811086 1504 
586 I 17033921 1504 
587 I 17105988 1504 
588 I 17116534 454 
589 I 17116553 1504 
590 I 17342164 1504 
591 I 17342263 1504 
592 I 17350089 1504 
593 I 17433033 1504 
594 I 17433143 1504 
595 I 17433245 1504 
596 I 17441630 1504 
597 I 17441743 1504 
598 I 17524139 1232 
599 I 17550555 215 
600 I 17550587 1504 
601 I 17890851 1504 
602 I 17973934 1504 
603 I 17974048 1504 
604 I 18064843 463 
605 I 20466519 1504 
606 I 20466611 1504 
607 I 20557734 1504 
608 I 20557802 1504 
609 I 20557913 893 
610 I 20746632 1504 
611 I 20746774 1504 
612 I 20792362 1504 
613 I 20792485 1504 
614 I 20794140 1504 
615 I 20794195 1504 
616 I 20802582 1504 
617 I 20802706 1504 
618 I 20802812 1504 
619 I 20802830 1504 
620 I 20802958 1504 
621 I 20825650 1504 
622 I 20825768 1504 
623 I 20837908 1504 
624 I 20838044 1504 
625 I 20838159 1504 
626 I 20861050 1504 
627 I 20861156 1504 
628 I 20880621 1504 
629 I 20880753 1504 
630 I 20883554 1504 
631 I 20883680 1504 
632 I 20883787 1504 
633 I 20900279 1504 
634 I 20900375 1504 
635 I 20900500 1504 
636 I 20917032 1504 
637 I 20917138 1504 
638 I 20917285 1504 
639 I 20944753 1504 
640 I 20944857 1504 
641 I 20944978 1504 
642 I 20960047 1504 
643 I 20960163 1504 
644 I 20960319 1504 
645 I 20977809 1504 
646 I 20977963 1504 
647 I 20978105 1504 
648 I 21002090 1504 
649 I 21002209 1504 
650 I 21002328 1504 
651 I 21022832 1504 
652 I 21022950 1504 
653 I 21023072 1504 
654 I 21036399 1504 
655 I 21036497 1504 
656 I 21040888 1504 
657 I 21088625 1504 
658 I 21088870 1504 
659 I 21088979 1504 
660 I 21114030 1504 
661 I 21114146 1504 
662 I 21114269 1504 
663 I 21123849 1436 
664 I 21150615 1504 
665 I 21150790 1504 
666 I 21150880 1504 
667 I 21173656 1504 
668 I 21173775 1504 
669 I 21186853 1504 
670 I 21203807 427 
671 I 21203829 1504 
672 I 21229676 1504 
673 I 21237332 1504 
674 I 21241254 1504 
675 I 21242825 1504 
676 I 21242936 1504 
677 I 21245914 1504 
678 I 21263007 1504 
679 I 21270878 1504 
680 I 21279599 1504 
681 I 21288174 1504 
682 I 21297244 1504 
683 I 21305127 1504 
684 I 21341949 1504 
685 I 21350516 1504 
686 I 21359153 1504 
687 I 21382015 284 
688 I 21406432 997 
689 I 21407700 1504 
690 I 21431757 1504 
691 I 21447786 1504 
692 I 21495365 673 
693 I 21514005 1263 
694 I 21530672 1504 
695 I 21530683 669 
696 I 21542642 1504 
697 I 21743679 1504 
698 I 21771062 1504 
699 I 21826544 1504 
700 I 22041885 54 
701 I 24087723 1504 
702 I 24087819 1504 
703 I 24179015 1504 
704 I 24179155 1504 
705 I 24179191 893 
706 I 27117963 1504 
707 I 27118184 1504 
708 I 27209389 55 
709 I 27209426 1504 
710 I 27409235 1504 
711 I 27409307 1504 
712 I 27411244 1504 
713 I 27411405 1504 
714 I 27413520 1504 
715 I 27413673 956 
716 I 27424096 1504 
717 I 27424213 1504 
718 I 27434291 1504 
719 I 27434486 1504 
720 I 27447442 1504 
721 I 27447633 1504 
722 I 27460064 1504 
723 I 27460233 1504 
724 I 27461174 1504 
725 I 27467607 1504 
726 I 27467672 1504 
727 I 27475449 1504 
728 I 27475565 1504 
729 I 27480865 1504 
730 I 27481009 1504 
731 I 27484730 241 
732 I 27484746 1504 
733 I 27493100 1504 
734 I 27493220 1504 
735 I 27500874 1504 
736 I 27500975 1504 
737 I 27501087 1504 
738 I 27518762 1504 
739 I 27518870 1504 
740 I 27519002 1504 
741 I 27549209 428 
742 I 27549228 1504 
743 I 27566359 1076 
744 I 27583713 1504 
745 I 27583851 1504 
746 I 27583973 1504 
747 I 27600616 1504 
748 I 27600722 1504 
749 I 27600873 1504 
750 I 27673282 1504 
751 I 27673453 1504 
752 I 27673684 1504 
753 I 27708064 1504 
754 I 27708194 1504 
755 I 27733348 75 
756 I 27740965 1504 
757 I 27741074 1504 
758 I 27742433 1504 
759 I 27742514 1504 
760 I 27756204 1504 
761 I 27764289 1504 
762 I 27772910 1504 
763 I 27791029 1504 
764 I 27791118 1504 
765 I 27823490 1504 
766 I 27832413 1445 
767 I 27842308 1504 
768 I 27842357 566 
769 I 27849239 1504 
770 I 27849400 1504 
771 I 27849442 1343 
772 I 27874942 1504 
773 I 27875104 1504 
774 I 27883758 1504 
775 I 27883913 1504 
776 I 27884018 1504 
777 I 27906110 1504 
778 I 27931366 1504 
779 I 27954308 1504 
780 I 27970254 1504 
781 I 27970376 1504 
782 I 27970512 1504 
783 I 27978548 1504 
784 I 27978667 1504 
785 I 27995809 1504 
786 I 27995905 1504 
787 I 28061725 1504 
788 I 28061861 1504 
789 I 28087044 1504 
790 I 28087190 1504 
791 I 28105162 1504 
792 I 28105265 1504 
793 I 28141083 1504 
794 I 28141183 1504 
795 I 28144657 1504 
796 I 28144780 1504 
797 I 28178279 1504 
798 I 28178422 1504 
799 I 28178548 1504 
800 I 28196793 1504 
801 I 28196896 1504 
802 I 28232698 1504 
803 I 28232764 1504 
804 I 28232907 1504 
805 I 28241702 1504 
806 I 28241909 1504 
807 I 28241994 1504 
808 I 28269514 1504 
809 I 28269619 1504 
810 I 28286635 1504 
811 I 28286745 1504 
812 I 28324005 1504 
813 I 28324109 1504 
814 I 28341045 1504 
815 I 28341131 1504 
816 I 28358144 1504 
817 I 28358261 1504 
818 I 28366026 1504 
819 I 28366197 1504 
820 I 28381475 1504 
821 I 28410056 1504 
822 I 28410113 1504 
823 I 28428329 1504 
824 I 28428430 1504 
825 I 28454319 1504 
826 I 28454432 1504 
827 I 28471382 1504 
828 I 28471571 1504 
829 I 28476311 1504 
830 I 28480108 1504 
831 I 28480256 1504 
832 I 28480320 1191 
833 I 28521909 1504 
834 I 28521998 1504 
835 I 28547655 1504 
836 I 28547896 1504 
837 I 28547933 662 
838 I 28551386 1504 
839 I 28605245 1504 
840 I 28605434 1504 
841 I 28605570 1504 
842 I 28640628 1504 
843 I 28640769 1504 
844 I 28687935 1504 
845 I 28688138 1504 
846 I 28705900 1504 
847 I 28706024 1504 
848 I 28731521 864 
849 I 28779192 1504 
850 I 28779280 1504 
851 I 28798018 1504 
852 I 28798090 1504 
853 I 28840717 1504 
854 I 28840832 1316 
855 I 28870128 1504 
856 I 28870338 1504 
857 I 28870449 1504 
858 I 28888900 1504 
859 I 28888991 1504 
860 I 28961594 1504 
861 I 28961763 1504 
862 I 28978823 1504 
863 I 28978925 1504 
864 I 29044244 1504 
865 I 29044363 1504 
866 I 29062048 1504 
867 I 29062174 1504 
868 I 29127548 1504 
869 I 29127758 1504 
870 I 29127879 1504 
871 I 29145548 1504 
872 I 29145647 1504 
873 I 29304120 1504 
874 I 29304252 1504 
875 I 29304421 1504 
876 I 29304494 1504 
877 I 29304619 1504 
878 I 29304849 1504 
879 I 29436920 1504 
880 I 29437061 1504 
881 I 29454001 1504 
882 I 29454152 1504 
883 I 29470442 1504 
884 I 29470615 1504 
885 I 29528201 1504 
886 I 29528259 1504 
887 I 29545662 686 
888 I 29727961 1504 
889 I 29728081 1504 
890 I 29819803 1194 
