0 I 0 287 
1 I 321813 285 
2 I 9326107 287 
3 I 9454901 285 
4 I 36038599 287 
5 I 36226503 285 
6 I 39092580 287 
7 I 39262832 285 
8 I 42005511 287 
9 I 42178875 285 
10 I 43871194 287 
11 I 44019342 285 
12 I 45712135 287 
13 I 45976789 285 
14 I 62488280 287 
15 I 62630869 285 
16 I 68882828 287 
17 I 69066318 285 
18 I 69508825 287 
19 I 69642577 285 
20 I 84469358 287 
21 I 84725071 285 
22 I 85722976 287 
23 I 85904410 285 
24 I 111438808 287 
25 I 111628491 285 
26 I 114928935 287 
27 I 115087815 285 
28 I 115421064 287 
29 I 115557841 285 
30 I 122100584 287 
31 I 122325019 285 
32 I 142915634 287 
33 I 143062335 285 
34 I 165479308 287 
35 I 165712082 285 
36 I 192118134 287 
37 I 192305651 285 
38 I 198004288 287 
39 I 198268745 285 
40 I 222630642 287 
41 I 222862364 285 
42 I 229153032 287 
43 I 229243722 285 
44 I 247162867 287 
45 I 247295296 285 
46 I 269188259 287 
47 I 269380229 285 
