0 I 0 592 
1 I 1263844 1504 
2 I 1264136 1504 
3 I 1968010 1504 
4 I 1968392 1504 
5 I 1968405 1504 
6 I 2562511 1504 
7 I 2562535 1504 
8 I 2562635 1504 
9 I 2681697 1504 
10 I 2681709 1504 
11 I 2930903 561 
12 I 3121807 1504 
13 I 3122040 1504 
14 I 3122201 1504 
15 I 3384631 1504 
16 I 3384880 1504 
17 I 3389627 1504 
18 I 3389638 1369 
19 I 4091696 1504 
20 I 4678835 1504 
21 I 4678977 1504 
22 I 5392401 1504 
23 I 5392678 898 
24 I 5392683 1504 
25 I 6311041 73 
26 I 6428228 73 
27 I 6500706 1504 
28 I 6500712 703 
29 I 6609915 73 
30 I 7524921 309 
31 I 7580036 509 
32 I 7580055 1504 
33 I 8992044 349 
34 I 8992070 1504 
35 I 14500288 1504 
36 I 14500449 1504 
37 I 15238447 1504 
38 I 15238595 835 
39 I 15238604 1504 
40 I 16268901 73 
41 I 16843818 1504 
42 I 16843974 1504 
43 I 17076907 73 
44 I 17553425 1504 
45 I 17553431 898 
46 I 17553438 1504 
47 I 18448811 73 
48 I 18533455 73 
49 I 18624214 703 
50 I 18624227 1504 
51 I 18868738 73 
52 I 19665327 73 
53 I 19701463 73 
54 I 19769485 73 
55 I 19942561 73 
56 I 20425208 73 
57 I 20498476 73 
58 I 20551413 73 
59 I 20613885 73 
60 I 21118970 73 
61 I 21195889 73 
62 I 21274116 73 
63 I 21316154 73 
64 I 21764525 334 
65 I 21839921 322 
66 I 22674969 73 
67 I 23235929 1040 
68 I 23236654 49 
