0 I 0 1504 
1 I 34 1504 
2 I 852690 1504 
3 I 1325191 167 
4 I 1325394 1504 
5 I 3290300 1504 
6 I 3290341 1504 
7 I 4024471 1504 
8 I 4024507 1504 
9 I 4312170 1504 
10 I 4312205 1504 
11 I 4615366 1504 
12 I 4615399 1504 
13 I 4918654 685 
14 I 8242071 1056 
15 I 8242158 1504 
16 I 9296604 1465 
17 I 9344209 1360 
18 I 9344247 1504 
19 I 9344284 1504 
20 I 10062538 426 
21 I 11199244 426 
22 I 14504410 809 
23 I 14504562 1504 
24 I 14504613 1504 
25 I 15685760 812 
26 I 16564312 262 
27 I 16564506 1504 
28 I 16564574 1504 
29 I 16644281 129 
30 I 16644499 1504 
31 I 16644543 1504 
32 I 17506085 1504 
33 I 17682166 1504 
34 I 17682217 1504 
35 I 18699312 1504 
36 I 20199392 1504 
37 I 21339905 1504 
38 I 21339941 1504 
39 I 21834440 1160 
40 I 24699536 1504 
41 I 25620247 1504 
42 I 26243553 1160 
