0 I 0 580 
1 I 48 580 
2 I 592137 358 
3 I 994128 580 
4 I 994179 580 
5 I 1896347 580 
6 I 1896379 580 
7 I 2785220 580 
8 I 2785269 580 
9 I 3891283 580 
10 I 3891332 580 
11 I 4914936 580 
12 I 5990957 580 
13 I 6885127 580 
14 I 7702133 580 
15 I 8485635 564 
16 I 11274314 580 
17 I 11274359 580 
18 I 14270034 580 
19 I 15053267 580 
20 I 15053320 580 
21 I 15898609 580 
22 I 16619242 580 
23 I 16619296 580 
24 I 16619339 580 
25 I 18048600 580 
26 I 19602481 580 
27 I 19902856 580 
28 I 19902905 580 
29 I 19902953 580 
30 I 20910573 580 
31 I 21408119 580 
32 I 21903038 580 
33 I 23826526 580 
34 I 24019705 580 
35 I 24723246 580 
36 I 27908430 580 
37 I 27908481 580 
38 I 27908529 580 
39 I 29461544 580 
40 I 31639742 580 
41 I 31850948 580 
42 I 31850995 580 
43 I 32842097 580 
44 I 35130627 580 
45 I 35130700 580 
46 I 35130726 580 
47 I 35433433 580 
48 I 36922489 580 
49 I 39550186 580 
50 I 40028779 580 
51 I 40028830 580 
52 I 40349391 580 
53 I 41839226 580 
54 I 41839278 580 
55 I 43233006 580 
56 I 43536618 580 
57 I 43727003 580 
58 I 43936371 580 
59 I 44081645 580 
60 I 46034066 580 
61 I 46253845 580 
62 I 47138957 580 
63 I 47139006 580 
64 I 48228641 580 
65 I 48532209 580 
66 I 48532257 580 
67 I 48690274 580 
68 I 48690324 580 
69 I 50132259 580 
70 I 50340980 580 
71 I 51124617 580 
72 I 51428493 580 
73 I 52645866 580 
74 I 52791878 580 
75 I 52791881 227 
76 I 53126037 580 
77 I 53126071 580 
78 I 53126119 580 
79 I 57945809 580 
80 I 59037686 580 
81 I 59739177 580 
82 I 61628377 580 
83 I 61628426 580 
84 I 62541148 580 
85 I 63249413 580 
86 I 65039529 580 
87 I 65248384 580 
88 I 66047734 580 
89 I 66047781 580 
90 I 66739638 580 
91 I 68931309 580 
92 I 69234438 580 
93 I 69825871 580 
94 I 69825916 580 
95 I 71235944 580 
96 I 71235967 407 
97 I 84193262 580 
98 I 84193312 580 
99 I 86847411 580 
100 I 86847461 580 
101 I 86847510 580 
102 I 89651038 580 
103 I 89651089 580 
104 I 89651148 580 
105 I 89857826 580 
106 I 89857877 580 
107 I 93205877 580 
108 I 93205926 580 
109 I 93205976 580 
110 I 93362435 580 
111 I 93362485 580 
112 I 93362533 580 
113 I 93604145 580 
114 I 93604192 580 
115 I 96245903 580 
116 I 96245948 580 
117 I 96245993 580 
118 I 96405660 580 
119 I 96405680 386 
120 I 96553138 580 
121 I 96553187 580 
122 I 96601527 580 
123 I 96601574 580 
124 I 96663311 580 
125 I 99543908 580 
126 I 99561412 580 
127 I 99561459 580 
128 I 99600276 580 
129 I 99643078 580 
130 I 99643127 580 
131 I 99755308 580 
132 I 99755356 580 
133 I 99863967 386 
134 I 102635325 580 
135 I 103372554 580 
136 I 103372603 580 
137 I 103581993 580 
138 I 103773981 580 
139 I 104075452 580 
140 I 104075502 580 
141 I 104171106 580 
142 I 104171155 580 
143 I 104171205 580 
144 I 104780348 580 
145 I 108001394 580 
146 I 108001448 580 
147 I 108096066 580 
148 I 108271248 580 
149 I 108271309 580 
150 I 108686506 580 
151 I 108783249 580 
152 I 108977219 580 
153 I 108977267 580 
154 I 109470335 580 
155 I 110481396 580 
156 I 110481441 580 
157 I 110993886 580 
158 I 111268418 580 
159 I 111268468 580 
160 I 111567834 580 
161 I 111567883 580 
162 I 111745844 580 
163 I 111745890 580 
164 I 112064611 580 
165 I 112272667 580 
166 I 112373152 580 
167 I 112373203 580 
168 I 112577811 580 
169 I 112771657 580 
170 I 113667205 580 
171 I 113877640 580 
172 I 114466100 580 
173 I 114466153 580 
174 I 114674002 580 
175 I 114772253 580 
176 I 114962899 580 
177 I 114962948 580 
178 I 115284681 580 
179 I 115476973 580 
180 I 115587513 580 
181 I 115587563 580 
182 I 115780157 580 
183 I 115955761 580 
184 I 115955813 580 
185 I 116260284 580 
186 I 117253535 580 
187 I 117253581 580 
188 I 117767788 580 
189 I 117925423 580 
190 I 117925474 580 
191 I 118276786 580 
192 I 118276835 580 
193 I 118568149 580 
194 I 118758096 580 
195 I 118966621 580 
196 I 119095265 580 
197 I 119095315 580 
198 I 119253657 580 
199 I 119253711 580 
200 I 119560575 580 
201 I 119560625 580 
202 I 119878405 580 
203 I 120070262 580 
204 I 121063101 580 
205 I 121255814 580 
206 I 121255862 580 
207 I 121928881 580 
208 I 121928904 580 
209 I 121928954 580 
210 I 122264209 580 
211 I 122459225 580 
212 I 122459274 580 
213 I 122969770 580 
214 I 123159784 580 
215 I 123159833 580 
216 I 123369901 580 
217 I 123466358 580 
218 I 123656668 580 
219 I 123818112 580 
220 I 123818164 580 
221 I 124154618 580 
222 I 124154662 580 
223 I 124476051 580 
224 I 124476096 580 
225 I 124666588 580 
226 I 125962052 580 
227 I 126265984 580 
228 I 126670953 580 
229 I 126780839 580 
230 I 126955771 580 
231 I 127262423 580 
232 I 127262473 580 
233 I 127581341 580 
234 I 127581372 450 
235 I 128171774 580 
236 I 128573624 580 
237 I 128667702 580 
238 I 128972456 580 
239 I 129166503 580 
240 I 129372777 580 
241 I 129372835 580 
242 I 129678788 580 
243 I 129965436 580 
244 I 130159156 580 
245 I 130989555 580 
246 I 131662458 580 
247 I 131874049 580 
248 I 132063994 580 
249 I 132064044 580 
250 I 132766621 580 
251 I 133472813 580 
252 I 133666473 580 
253 I 133760613 580 
254 I 134063818 580 
255 I 134063869 580 
256 I 134256501 580 
257 I 134464150 580 
258 I 134559830 580 
259 I 134774673 580 
260 I 134774722 580 
261 I 134774752 280 
262 I 135074307 580 
263 I 135074309 199 
264 I 136866053 580 
265 I 137174795 580 
266 I 137316898 580 
267 I 137316947 580 
268 I 137378917 580 
269 I 137378965 580 
270 I 137670054 580 
271 I 137670103 580 
272 I 139972154 580 
273 I 140179958 580 
274 I 140309608 580 
275 I 140310237 580 
276 I 140310286 580 
277 I 140628892 580 
278 I 140628937 580 
279 I 140968466 580 
280 I 140968515 580 
281 I 141640315 580 
282 I 141640364 580 
283 I 141973025 580 
284 I 142183201 580 
285 I 142183250 580 
286 I 142470836 580 
287 I 142470872 580 
288 I 142662157 580 
289 I 142966734 580 
290 I 142966782 580 
291 I 143256600 580 
292 I 143256648 580 
293 I 143256684 504 
294 I 143511744 580 
295 I 143511795 580 
296 I 143511844 580 
297 I 144359716 580 
298 I 144570571 580 
299 I 144775296 580 
300 I 144775344 580 
301 I 146169010 580 
302 I 146169060 580 
303 I 146328465 580 
304 I 146328515 580 
305 I 146328562 580 
306 I 146668545 580 
307 I 146668595 580 
308 I 146970484 580 
309 I 146970537 580 
310 I 147371298 580 
311 I 147371326 580 
312 I 147371376 580 
313 I 147673179 580 
314 I 147673226 580 
315 I 147849741 580 
316 I 147849792 580 
317 I 147849841 580 
318 I 148169599 580 
319 I 148334765 580 
320 I 148334816 580 
321 I 148682961 580 
322 I 148683008 580 
323 I 149454795 580 
324 I 149454849 580 
325 I 149454893 580 
326 I 149788023 580 
327 I 149788071 580 
328 I 149788118 580 
329 I 150074407 580 
330 I 150074460 580 
331 I 150251365 580 
332 I 150251409 580 
333 I 150251460 580 
334 I 150571012 580 
335 I 150571060 580 
336 I 150750572 580 
337 I 150750621 580 
338 I 151085359 580 
339 I 151085404 580 
340 I 151373798 580 
341 I 151756369 580 
342 I 151756419 580 
343 I 151756471 580 
344 I 152078165 580 
345 I 152078212 580 
346 I 152236654 149 
347 I 152236664 580 
348 I 153869589 580 
349 I 153869639 580 
350 I 154248351 580 
351 I 154349301 580 
352 I 154349350 580 
353 I 154349371 364 
354 I 176577558 580 
355 I 176577606 580 
356 I 179577290 580 
357 I 179935922 580 
358 I 179935971 580 
359 I 181910005 580 
360 I 181910075 580 
361 I 181910105 580 
362 I 183105524 580 
363 I 183105581 580 
364 I 183299419 580 
365 I 185779443 580 
366 I 185779495 580 
367 I 186099895 580 
368 I 186099957 558 
369 I 213258116 580 
370 I 213258164 580 
371 I 213830823 580 
372 I 213830872 580 
373 I 213830920 580 
374 I 214392572 580 
375 I 214392619 580 
376 I 214392668 580 
377 I 214634628 580 
378 I 214634675 580 
379 I 214887566 580 
380 I 214887603 580 
381 I 214887648 580 
382 I 214887707 558 
383 I 237761182 580 
384 I 237761229 580 
385 I 240760550 580 
386 I 242427253 580 
387 I 242717501 580 
388 I 242717544 580 
389 I 242717592 580 
390 I 247633535 580 
391 I 248127229 580 
392 I 248415552 580 
393 I 251926943 580 
394 I 251926993 580 
395 I 252227769 580 
396 I 252536622 580 
397 I 255239324 580 
398 I 255239391 580 
399 I 255447529 580 
400 I 255447579 580 
401 I 256966410 580 
402 I 256966476 580 
403 I 256966507 580 
404 I 257159083 580 
405 I 257159134 580 
406 I 258841795 580 
407 I 258841824 397 
408 I 275528269 580 
409 I 275528319 580 
410 I 276137703 580 
411 I 276137755 580 
412 I 276137806 580 
413 I 276687974 580 
414 I 276688027 580 
415 I 276688073 580 
416 I 276836924 580 
417 I 276836973 580 
418 I 277209534 580 
419 I 277209583 580 
420 I 277209633 580 
421 I 277343005 580 
422 I 277343055 580 
423 I 277343104 580 
424 I 277540837 580 
425 I 277540886 580 
426 I 277669217 580 
427 I 277669260 580 
428 I 277669309 580 
429 I 277781104 580 
430 I 277781128 386 
431 I 290037128 580 
432 I 290037177 580 
433 I 290609056 580 
434 I 290609104 580 
435 I 290609153 580 
436 I 291135229 580 
437 I 291135279 580 
438 I 291135326 580 
439 I 291360439 580 
440 I 291360488 580 
441 I 291952501 580 
442 I 291952551 580 
443 I 291952598 580 
444 I 292144752 580 
445 I 292144800 580 
446 I 292241484 580 
447 I 292241535 580 
448 I 292241584 580 
449 I 292593318 580 
450 I 292593370 580 
451 I 292593416 580 
452 I 292751754 580 
453 I 292751777 397 
