0 I 0 275 
1 I 5000028 275 
2 I 10001687 275 
3 I 15000132 275 
4 I 20001779 275 
5 I 25000399 275 
6 I 30002288 275 
7 I 35000654 275 
8 I 40002266 275 
9 I 45000895 275 
10 I 50002401 275 
11 I 55000720 275 
12 I 60002256 275 
13 I 65000534 275 
14 I 70002209 275 
15 I 75000788 275 
16 I 80002362 275 
17 I 85000664 275 
18 I 90002341 275 
19 I 95000687 275 
20 I 100002369 275 
21 I 105000758 275 
22 I 110002264 275 
23 I 115000732 275 
24 I 120002365 275 
25 I 124993586 275 
26 I 129999751 275 
27 I 135001689 275 
28 I 139999842 275 
29 I 145000177 275 
30 I 149999824 275 
31 I 155000116 275 
32 I 159999795 275 
33 I 164999869 275 
34 I 170001745 275 
35 I 174999751 275 
36 I 180001485 275 
37 I 185001615 275 
38 I 190001674 275 
39 I 194996302 275 
40 I 200001957 275 
41 I 205000508 275 
42 I 210000297 275 
43 I 215002080 275 
44 I 220002289 275 
45 I 225002307 275 
46 I 230000385 275 
47 I 235002052 275 
48 I 240002200 275 
49 I 245002191 275 
50 I 250000332 275 
51 I 255002112 275 
52 I 260002152 275 
53 I 265001658 275 
54 I 270000137 275 
55 I 275001673 275 
56 I 280001902 275 
57 I 285001784 275 
58 I 289999849 275 
59 I 295000174 275 
