0 I 0 1504 
1 I 95 1244 
2 I 2992440 1504 
3 I 6592749 1244 
4 I 12706991 1504 
5 I 12707099 1365 
6 I 12789081 1504 
7 I 12789222 1504 
8 I 12886916 1296 
9 I 12929138 1343 
10 I 13043244 1334 
11 I 13089286 1317 
12 I 13125443 1504 
13 I 13125565 1504 
14 I 13199897 362 
15 I 13339712 1504 
16 I 13339855 1504 
17 I 13347147 1290 
18 I 13407657 1499 
19 I 13441259 1172 
20 I 13503452 1498 
21 I 13614751 1504 
22 I 13614764 587 
23 I 15703494 1504 
24 I 15783397 1504 
25 I 15883250 1296 
26 I 15923508 1343 
27 I 16043306 1334 
28 I 16083349 1317 
29 I 16123406 1504 
30 I 16192674 362 
31 I 16333441 1504 
32 I 16343313 1290 
33 I 16403460 1499 
34 I 16433194 1172 
35 I 16503468 1498 
36 I 16613445 1504 
37 I 21619029 1504 
38 I 21619060 727 
39 I 85816026 1504 
40 I 85816170 1504 
41 I 86677521 108 
42 I 87668914 1504 
43 I 87669026 1365 
44 I 87807355 1504 
45 I 87807478 1504 
46 I 89099457 1504 
47 I 89099468 587 
