0 I 0 1504 
1 I 10 1504 
2 I 27211 1504 
3 I 27362 1504 
4 I 27378 1504 
5 I 50840 1504 
6 I 50852 1504 
7 I 50955 1504 
8 I 74695 1504 
9 I 74709 1504 
10 I 74725 1504 
11 I 74823 1504 
12 I 74838 1504 
13 I 74848 1504 
14 I 98051 1504 
15 I 98080 1504 
16 I 98088 1504 
17 I 98183 1504 
18 I 98210 1504 
19 I 98306 1504 
20 I 98316 1504 
21 I 98328 1504 
22 I 98341 1504 
23 I 122037 1504 
24 I 122051 1504 
25 I 122167 1504 
26 I 122182 1504 
27 I 122191 1504 
28 I 122205 1504 
29 I 122288 1504 
30 I 122299 1504 
31 I 122312 1504 
32 I 122419 1504 
33 I 122427 1504 
34 I 122441 1504 
35 I 122559 1504 
36 I 157643 1504 
37 I 157655 1504 
38 I 157668 1504 
39 I 157680 1504 
40 I 157770 1504 
41 I 157777 1504 
42 I 157788 1504 
43 I 157899 1504 
44 I 157911 1504 
45 I 157926 1504 
46 I 157939 1504 
47 I 158057 1504 
48 I 688440 1504 
49 I 688453 1504 
50 I 688465 1504 
51 I 688580 1504 
52 I 688586 908 
53 I 688594 1504 
