0 I 0 580 
1 I 48 580 
2 I 779182 580 
3 I 779233 580 
4 I 779280 580 
5 I 1471586 580 
6 I 1471641 580 
7 I 1675350 580 
8 I 1675421 580 
9 I 1874869 580 
10 I 1874918 580 
11 I 2179071 580 
12 I 2179123 580 
13 I 2367454 580 
14 I 2367501 580 
15 I 2577381 580 
16 I 2577430 580 
17 I 2771271 580 
18 I 2771319 580 
19 I 2975753 580 
20 I 2975799 580 
21 I 3180143 580 
22 I 3180192 580 
23 I 3374023 580 
24 I 3374069 580 
25 I 3579116 580 
26 I 3579165 580 
27 I 3778217 580 
28 I 3778275 580 
29 I 3976975 580 
30 I 3977024 580 
31 I 4281536 580 
32 I 4480502 580 
33 I 4679504 580 
34 I 4879339 580 
35 I 5083229 580 
36 I 5282429 580 
37 I 5282479 580 
38 I 5586850 580 
39 I 5880611 580 
40 I 6079373 580 
41 I 6279309 326 
42 I 59459531 580 
43 I 59459583 580 
44 I 60186245 580 
45 I 60186297 580 
46 I 60390818 580 
47 I 60390866 580 
48 I 60889602 580 
49 I 60889650 580 
50 I 61088350 580 
51 I 61088399 580 
52 I 61288496 580 
53 I 61288546 580 
54 I 61481564 580 
55 I 61481614 580 
56 I 61691434 580 
57 I 61691484 580 
58 I 61893190 580 
59 I 61893240 580 
60 I 62078898 580 
61 I 62078947 580 
62 I 62288950 580 
63 I 62288996 580 
64 I 62488066 580 
65 I 62488116 580 
66 I 62687933 580 
67 I 62687982 580 
68 I 62986214 580 
69 I 62986260 580 
70 I 63190388 580 
71 I 63190437 580 
72 I 63389688 580 
73 I 63573309 580 
74 I 63573326 328 
75 I 119460179 580 
76 I 119460227 580 
77 I 120196912 580 
78 I 120196962 580 
79 I 120406958 580 
80 I 120407006 580 
81 I 120904953 580 
82 I 120905002 580 
83 I 121104134 580 
84 I 121104183 580 
85 I 121302826 580 
86 I 121302883 580 
87 I 121502060 580 
88 I 121502112 580 
89 I 121690959 580 
90 I 121691016 580 
91 I 121900736 580 
92 I 121900786 580 
93 I 122199738 580 
94 I 122199787 580 
95 I 122398906 580 
96 I 122398955 580 
97 I 122598305 580 
98 I 122598374 580 
99 I 122797201 580 
100 I 122797246 580 
101 I 122996845 580 
102 I 122996895 580 
103 I 123195922 580 
104 I 123195969 580 
105 I 123395698 580 
106 I 123601170 580 
107 I 123798570 580 
108 I 123998141 580 
109 I 124197891 580 
110 I 124396834 580 
111 I 124595832 580 
112 I 124794939 580 
113 I 125004497 580 
114 I 125204151 580 
115 I 125403080 580 
116 I 125596879 580 
117 I 125806949 206 
118 I 239464293 580 
119 I 239464341 580 
120 I 240228449 580 
121 I 240228499 580 
122 I 240228547 580 
123 I 240914797 580 
124 I 240914848 580 
125 I 241224151 580 
126 I 241224203 580 
127 I 241224252 580 
128 I 241617996 580 
129 I 241618046 580 
130 I 241816630 580 
131 I 241816675 580 
132 I 242120922 580 
133 I 242120969 580 
134 I 242325069 580 
135 I 242325120 580 
136 I 242524905 580 
137 I 242524956 580 
138 I 242723690 580 
139 I 242723755 580 
140 I 242918532 580 
141 I 242918581 580 
142 I 243122576 580 
143 I 243122627 580 
144 I 243310740 580 
145 I 243310795 580 
146 I 243520598 580 
147 I 243520649 580 
148 I 243719977 580 
149 I 243720027 580 
150 I 243926259 580 
151 I 244112926 580 
152 I 244312494 580 
153 I 244522333 580 
154 I 244721089 580 
155 I 244909812 580 
156 I 245114710 253 
