0 I 0 356 
1 I 32107 1504 
2 I 32226 1504 
3 I 267332 1504 
4 I 267357 1504 
5 I 267480 1504 
6 I 348651 1504 
7 I 348664 1504 
8 I 348793 1504 
9 I 474448 651 
10 I 474450 1504 
11 I 474460 1504 
12 I 593749 1504 
13 I 593763 1504 
14 I 683447 1504 
15 I 683463 1504 
16 I 683471 1504 
17 I 721049 1504 
18 I 721061 1504 
19 I 856208 1504 
20 I 856219 1504 
21 I 856345 1504 
22 I 856353 1504 
23 I 856358 1145 
24 I 856376 1504 
25 I 856488 1504 
26 I 933405 689 
27 I 933422 1504 
28 I 1192649 1504 
29 I 1192662 1504 
30 I 1311185 1103 
31 I 1393664 1504 
32 I 1393743 1504 
33 I 1747037 1504 
34 I 1747052 1504 
35 I 1747064 1504 
36 I 1816362 1504 
37 I 1816376 1504 
38 I 1816505 1504 
39 I 1816516 1504 
40 I 1816523 1145 
41 I 1816541 1504 
42 I 1816631 1504 
43 I 1816635 1230 
44 I 1893074 1504 
45 I 1893088 1504 
46 I 1893195 1504 
47 I 1992132 1504 
48 I 1992145 1504 
49 I 2061589 1504 
50 I 2061689 70 
51 I 2061724 1504 
52 I 2492692 1504 
53 I 2492830 1504 
54 I 2492976 1504 
55 I 2493082 1504 
56 I 2493086 1145 
57 I 2493106 1504 
58 I 2493111 1316 
59 I 2871379 1504 
60 I 2871390 1504 
61 I 3311576 708 
