0 I 0 451 
1 I 762 49 
2 I 139467 714 
3 I 350981 1504 
4 I 351164 1504 
5 I 427394 1504 
6 I 427515 1504 
7 I 427713 1504 
8 I 487353 1504 
9 I 487469 1504 
10 I 517252 77 
11 I 517288 1504 
12 I 517425 1504 
13 I 3049530 1504 
14 I 3217282 1504 
15 I 3217480 1504 
16 I 3271305 1504 
17 I 3271436 1504 
18 I 3271553 1504 
19 I 3337304 1504 
20 I 3337429 1504 
21 I 3337549 1504 
22 I 3349106 57 
23 I 3349313 1504 
24 I 3377686 1392 
25 I 3397343 1504 
26 I 3397473 1504 
27 I 3397576 1504 
28 I 3409201 1504 
29 I 3409461 1504 
30 I 3433324 1504 
31 I 3433445 1504 
32 I 3577300 639 
33 I 3577481 1504 
34 I 3980423 494 
35 I 4031629 1082 
36 I 38725793 1504 
37 I 38725914 1504 
38 I 38807792 1504 
39 I 38807917 1504 
40 I 38808034 1504 
41 I 38885803 1504 
42 I 38885925 1504 
43 I 38933790 1072 
44 I 38933870 1504 
45 I 44175602 1504 
46 I 44380330 1504 
47 I 44380432 1504 
48 I 44458324 1504 
49 I 44458436 1504 
50 I 44458574 1504 
51 I 44542309 1504 
52 I 44542434 1504 
53 I 44542564 1504 
54 I 44560327 1504 
55 I 44560431 1504 
56 I 44614086 238 
57 I 44614260 1504 
58 I 44990023 1097 
