0 I 0 580 
1 I 5 580 
2 I 174941 580 
3 I 176559 580 
4 I 373147 580 
5 I 373153 580 
6 I 511069 580 
7 I 686080 337 
8 I 686084 580 
9 I 722689 580 
10 I 1074468 580 
11 I 1184179 580 
12 I 1184184 580 
13 I 1184191 580 
14 I 1184196 580 
15 I 1294961 580 
16 I 1683664 580 
17 I 1685517 580 
18 I 2106353 580 
19 I 2216766 580 
20 I 2216770 580 
21 I 2216882 580 
22 I 2216902 580 
23 I 2734362 580 
24 I 2737700 580 
25 I 3192285 580 
26 I 3634482 387 
27 I 3758965 580 
28 I 4142772 329 
29 I 4589661 580 
30 I 4655883 580 
31 I 4655894 580 
32 I 4745918 387 
33 I 4783549 580 
34 I 4901753 580 
35 I 5545475 580 
36 I 5617916 580 
37 I 5617919 580 
38 I 5731605 580 
39 I 5856764 580 
40 I 6254050 387 
41 I 6499249 329 
42 I 7131250 580 
43 I 7468164 580 
44 I 7468170 580 
45 I 7865147 580 
46 I 8115427 354 
47 I 8115428 580 
48 I 8115430 580 
49 I 8515522 580 
50 I 8515526 580 
51 I 8515530 580 
52 I 8841442 580 
53 I 9466939 580 
54 I 9466942 580 
55 I 9469052 580 
56 I 9469057 580 
57 I 9688783 580 
58 I 9688792 580 
59 I 9946398 580 
60 I 9946403 580 
61 I 10142484 580 
62 I 10162599 580 
63 I 10162604 580 
64 I 10162987 580 
65 I 10162989 295 
66 I 10416833 580 
67 I 10416838 580 
68 I 10539738 580 
69 I 10859847 580 
70 I 10859849 580 
71 I 10948781 580 
72 I 10948786 580 
73 I 10948792 580 
74 I 11796853 580 
75 I 11796858 580 
76 I 11796862 580 
77 I 11994116 580 
78 I 11994120 580 
79 I 12248218 580 
80 I 12248224 580 
81 I 12374121 71 
82 I 12374135 580 
83 I 12413148 580 
84 I 12413150 580 
85 I 12413158 580 
86 I 12413160 580 
87 I 12414583 580 
88 I 12527166 580 
89 I 12527177 580 
90 I 12527179 580 
91 I 12834983 580 
92 I 12834988 580 
93 I 12915804 580 
94 I 12915810 580 
95 I 13094429 580 
96 I 13094549 580 
97 I 13094552 580 
98 I 13422732 580 
99 I 13422741 580 
100 I 13673085 580 
101 I 13673087 580 
102 I 13947031 580 
103 I 13947040 580 
104 I 14046329 580 
105 I 14046333 580 
106 I 14180742 580 
107 I 14180997 580 
108 I 14181003 580 
109 I 14300120 580 
110 I 14445611 580 
111 I 14445618 580 
112 I 14638081 580 
113 I 14638203 580 
114 I 14692430 580 
115 I 14692567 580 
116 I 14933919 580 
117 I 14933925 580 
118 I 15078822 580 
119 I 15078827 580 
120 I 15078833 580 
121 I 15261482 580 
122 I 15332686 580 
123 I 15332695 580 
124 I 15582147 580 
125 I 15582152 580 
126 I 15582154 580 
127 I 15831356 580 
128 I 15831471 580 
129 I 16081831 580 
130 I 16081835 580 
131 I 16081838 580 
132 I 16311323 580 
133 I 16338923 580 
134 I 16338932 580 
135 I 16338936 580 
136 I 16632117 580 
137 I 16632121 580 
138 I 16846221 580 
139 I 16846359 580 
140 I 16969297 580 
141 I 16969305 580 
142 I 16969307 580 
143 I 17084079 580 
144 I 17084083 580 
145 I 17273588 580 
146 I 17326311 580 
147 I 17326318 580 
148 I 17482700 580 
149 I 17601887 580 
150 I 17601892 580 
151 I 17601897 580 
152 I 17602013 580 
153 I 18141559 580 
154 I 18221123 580 
155 I 18353972 580 
156 I 18353981 580 
157 I 18354084 580 
158 I 18354097 580 
159 I 18943961 580 
160 I 18975655 580 
161 I 18975939 580 
162 I 18975941 580 
163 I 19242650 580 
164 I 19242653 580 
165 I 19328463 580 
166 I 19359447 580 
167 I 19359452 580 
168 I 19359461 580 
169 I 19685483 68 
170 I 19685488 222 
171 I 19741951 580 
172 I 19868255 580 
173 I 19868260 580 
174 I 20140570 580 
175 I 20140575 580 
176 I 20263381 580 
177 I 20793210 580 
178 I 20836756 580 
179 I 21599937 580 
180 I 21714101 580 
181 I 21714107 580 
182 I 21714110 580 
183 I 21714222 580 
184 I 22240071 580 
185 I 22364698 580 
186 I 22364701 580 
187 I 22364707 580 
188 I 22364712 580 
189 I 22480143 580 
