0 I 0 1504 
1 I 134 1504 
2 I 493463 1504 
3 I 493477 1504 
4 I 493605 1504 
5 I 825862 1504 
6 I 826118 1504 
7 I 1932439 73 
8 I 2023604 73 
9 I 2098990 73 
10 I 2149325 73 
11 I 2441890 73 
12 I 2546960 73 
13 I 2601603 73 
14 I 2723170 73 
15 I 3028094 73 
16 I 3082753 73 
17 I 3176777 73 
18 I 3473946 73 
19 I 3645832 73 
20 I 3669339 73 
21 I 3956834 73 
22 I 4066453 73 
23 I 4104607 73 
24 I 4202637 73 
25 I 4463212 73 
26 I 4568275 73 
27 I 4613920 73 
28 I 4733855 73 
29 I 4912002 73 
30 I 5038684 73 
31 I 5092234 73 
32 I 5208753 73 
33 I 5398763 73 
34 I 5482017 73 
35 I 5654349 73 
36 I 5715248 73 
37 I 5905452 73 
38 I 5992289 73 
39 I 6167196 73 
40 I 6233294 73 
41 I 6414692 73 
42 I 6505199 73 
43 I 6650801 73 
44 I 6721371 73 
45 I 6927121 73 
46 I 7014017 73 
47 I 7200333 73 
48 I 7272908 73 
49 I 7455811 73 
50 I 7554369 73 
51 I 7737482 73 
52 I 8002414 73 
53 I 8093110 73 
54 I 8283885 73 
55 I 8456400 73 
56 I 8581359 73 
57 I 8630997 73 
58 I 8913361 73 
59 I 8933481 73 
60 I 9022848 73 
61 I 9304363 73 
62 I 9535942 73 
63 I 9596942 73 
64 I 9655596 73 
65 I 9832077 73 
66 I 9982496 73 
67 I 10080807 73 
68 I 10226540 637 
69 I 29736283 1504 
70 I 29736403 1504 
71 I 30233699 1504 
72 I 30233824 1504 
73 I 30233956 1504 
74 I 30562371 1504 
75 I 30562619 1504 
76 I 31064552 73 
77 I 31131445 73 
78 I 31185951 73 
79 I 31228992 73 
80 I 31274459 73 
81 I 31340312 73 
82 I 31622247 73 
83 I 31695291 73 
84 I 31756034 73 
85 I 31823201 73 
86 I 31859267 73 
87 I 31919095 73 
88 I 32336050 73 
89 I 32368905 73 
90 I 32414942 73 
91 I 32456560 73 
92 I 32521889 73 
93 I 32711297 73 
94 I 32820131 73 
95 I 32883929 73 
96 I 32933058 73 
97 I 33049462 652 
98 I 44827077 1504 
99 I 44827087 1504 
100 I 45293518 1504 
101 I 45293812 1504 
102 I 45293821 1504 
103 I 45594084 1504 
104 I 45594218 1504 
105 I 46082890 73 
106 I 46123788 73 
107 I 46164063 73 
108 I 46231485 73 
109 I 46280262 73 
110 I 46355158 73 
111 I 46405877 73 
112 I 46445716 73 
113 I 46736997 73 
114 I 46818733 73 
115 I 46878528 73 
116 I 46928615 73 
117 I 46970471 73 
118 I 47030824 73 
119 I 47072960 73 
120 I 47147469 73 
121 I 47433046 73 
122 I 47529925 534 
123 I 60593324 1504 
124 I 60593464 1504 
125 I 61072679 1504 
126 I 61073419 1504 
127 I 61073433 1504 
128 I 61372741 1504 
129 I 61372841 1504 
130 I 61879810 73 
131 I 61964381 73 
132 I 62010131 73 
133 I 62053144 73 
134 I 62096862 73 
135 I 62175885 73 
136 I 62211439 73 
137 I 62264021 73 
138 I 62338157 73 
139 I 62379130 73 
140 I 62673827 73 
141 I 62764516 73 
142 I 62808737 73 
143 I 62873821 73 
144 I 62925422 73 
145 I 63003336 73 
146 I 63044810 73 
147 I 63094325 73 
148 I 63153276 73 
149 I 63222065 73 
150 I 63452215 73 
151 I 63554215 73 
152 I 63682148 73 
153 I 64682159 549 
154 I 71866492 1504 
155 I 71866629 1504 
156 I 72352954 1504 
157 I 72353190 1504 
158 I 72353329 1504 
159 I 72654516 1504 
160 I 72654534 1504 
161 I 73217300 73 
162 I 73256663 73 
163 I 73326810 73 
164 I 73414121 73 
165 I 73462218 73 
166 I 73504885 73 
167 I 73557822 73 
168 I 73594218 73 
169 I 73654634 73 
170 I 73681250 73 
171 I 73737008 73 
172 I 73773869 73 
173 I 74126804 73 
174 I 74204893 73 
175 I 74243017 73 
176 I 74319860 73 
177 I 74358878 73 
178 I 74404338 73 
179 I 74449556 73 
180 I 74522976 73 
181 I 74582789 73 
182 I 74612701 73 
183 I 74696362 73 
184 I 74766914 73 
185 I 75096208 73 
186 I 75170305 73 
187 I 75212586 73 
188 I 75273986 73 
189 I 75340226 73 
190 I 75385423 73 
191 I 75473070 73 
192 I 75511025 73 
193 I 75555571 73 
194 I 75627338 73 
195 I 75666723 73 
196 I 75726694 73 
197 I 76023885 73 
198 I 76104877 73 
199 I 76204172 73 
200 I 76235077 73 
201 I 76316857 73 
202 I 76388180 73 
203 I 76443968 73 
204 I 76526396 73 
205 I 76568085 73 
206 I 76619304 73 
207 I 76655592 73 
208 I 76746756 73 
209 I 77041554 73 
210 I 77117526 73 
211 I 77191733 73 
212 I 77261449 73 
213 I 77340621 73 
214 I 77371703 73 
215 I 77433593 73 
216 I 77477756 73 
217 I 77557738 73 
218 I 77621280 73 
219 I 77644263 73 
220 I 77759581 73 
221 I 78024098 73 
222 I 78126783 73 
223 I 78203428 73 
224 I 78251508 73 
225 I 78302927 73 
226 I 78371553 73 
227 I 78461287 73 
228 I 78513475 73 
229 I 78543659 73 
230 I 78605108 73 
231 I 78660702 73 
232 I 78752598 73 
233 I 78931104 73 
234 I 79065021 562 
