0 I 0 1504 
1 I 12 633 
2 I 1540011 1504 
3 I 1540135 1504 
4 I 1540246 1429 
5 I 2084963 1504 
6 I 2085082 1504 
7 I 2085206 1504 
8 I 2185683 360 
9 I 2253668 1504 
10 I 2253696 778 
11 I 2722804 1504 
12 I 2722927 1504 
13 I 2723051 1504 
14 I 2783113 617 
15 I 3242633 1504 
16 I 3242754 1504 
17 I 3242879 1504 
18 I 3297517 1504 
19 I 3297598 1141 
20 I 3356305 1504 
21 I 3356428 1504 
22 I 3787026 500 
23 I 3832684 566 
24 I 4355387 1504 
25 I 4382133 563 
26 I 4905908 372 
27 I 4944710 1504 
28 I 4944731 731 
29 I 5449809 1504 
30 I 5449933 1504 
31 I 5450055 1504 
32 I 5450115 998 
33 I 5496611 1504 
34 I 5496628 669 
35 I 6046884 1504 
36 I 6046916 796 
37 I 6621887 1504 
38 I 6622007 1504 
39 I 6622130 1504 
40 I 6622256 1504 
41 I 6622376 1504 
42 I 6622502 1504 
43 I 6622542 871 
44 I 6890180 1504 
45 I 7203348 1504 
46 I 7203400 915 
47 I 7420973 1504 
48 I 7421013 856 
49 I 7738187 1504 
50 I 7738310 1504 
51 I 7738433 1504 
52 I 7738560 1504 
53 I 7738681 1504 
54 I 7738774 1257 
55 I 7960361 1504 
56 I 7960483 1504 
57 I 7960619 1504 
58 I 8279116 1504 
59 I 8279237 1504 
60 I 8279361 1504 
61 I 8279482 1500 
62 I 8488474 1504 
63 I 8488595 1504 
64 I 8488725 1504 
65 I 8658270 1504 
66 I 8826453 1504 
67 I 8826569 1504 
68 I 8826689 1504 
69 I 8826818 1504 
70 I 8826936 1504 
71 I 8827058 1504 
72 I 8827182 1504 
73 I 8827187 560 
74 I 9001468 1504 
75 I 9001587 1504 
76 I 9157807 1504 
77 I 9351229 1393 
78 I 9369182 1504 
79 I 9369306 1504 
80 I 9369427 1504 
81 I 9369553 1504 
82 I 9369679 1504 
83 I 9369802 1504 
84 I 9369922 1504 
85 I 9370041 1504 
86 I 9370164 1504 
87 I 9370288 1504 
88 I 9370412 1504 
89 I 9370535 1504 
90 I 9857247 1504 
91 I 9857371 1504 
92 I 9857493 1504 
93 I 9857618 1504 
94 I 9857738 1504 
95 I 9862807 1504 
96 I 9876749 1504 
97 I 10391428 1504 
98 I 10391550 1504 
99 I 10395346 1504 
100 I 10395467 1504 
101 I 10411790 1504 
102 I 10411911 1504 
103 I 10412039 1504 
104 I 10412158 1504 
105 I 10412274 458 
106 I 10412283 1504 
107 I 10550403 681 
108 I 10952074 1504 
109 I 11087087 1504 
110 I 11087203 1504 
111 I 11087329 1504 
112 I 11087449 1504 
113 I 11087572 1504 
114 I 11087697 1504 
115 I 11598908 378 
116 I 11654840 1504 
117 I 12171916 1504 
118 I 12172037 1504 
119 I 12172161 1504 
120 I 12172282 1504 
121 I 12172405 1504 
122 I 12172529 1504 
123 I 12183318 1504 
124 I 12689548 1504 
125 I 12689670 1504 
126 I 12700098 444 
127 I 12848926 1504 
128 I 12849048 1504 
129 I 13386903 1504 
130 I 13387029 1504 
131 I 13387149 1504 
132 I 13540456 1504 
133 I 13922593 1504 
134 I 13922630 849 
135 I 14085275 1504 
136 I 14085399 1504 
137 I 14510919 1504 
138 I 14511041 1504 
139 I 14511163 1504 
140 I 14511283 1504 
141 I 15023970 1504 
142 I 15024096 1504 
143 I 15051138 1504 
144 I 15051260 1504 
145 I 15555054 1504 
146 I 15555176 1504 
147 I 15555297 1504 
148 I 15591345 1504 
149 I 15591481 1504 
150 I 15800556 1504 
151 I 16083986 845 
152 I 16348288 1504 
153 I 16348408 1504 
154 I 16633939 1504 
155 I 16634053 467 
156 I 16634064 1504 
157 I 16914251 1504 
158 I 16914375 1504 
159 I 16914499 1504 
160 I 17200665 1504 
161 I 17200790 1504 
162 I 17200913 1504 
163 I 17201036 1504 
164 I 17201158 1504 
165 I 17201283 1504 
166 I 17473643 1504 
167 I 17473761 1504 
168 I 17666628 1504 
169 I 17761031 1475 
170 I 18003132 1504 
171 I 18003253 1504 
172 I 18357846 194 
173 I 18357879 1504 
174 I 18603649 1475 
175 I 18893524 538 
176 I 18893528 1504 
177 I 19131862 492 
178 I 19464007 1504 
179 I 19464130 1504 
180 I 19464136 537 
181 I 20104106 1504 
182 I 20104228 1504 
183 I 20104351 1504 
184 I 20105617 515 
185 I 20105619 1504 
186 I 20676949 1226 
187 I 24381419 1504 
188 I 24381543 1504 
189 I 24945502 1504 
190 I 24945626 1504 
191 I 24945749 1504 
192 I 25491732 447 
193 I 25491745 1504 
194 I 25529757 370 
195 I 26098733 369 
196 I 65170358 1065 
197 I 67246703 1504 
198 I 67246826 1504 
199 I 67246921 1239 
200 I 67768612 1504 
201 I 67768736 1504 
202 I 67768859 1504 
203 I 67952790 1504 
204 I 67952912 1504 
205 I 68349674 1504 
206 I 68349797 1504 
207 I 68916466 53 
208 I 68916503 1504 
209 I 69477810 1504 
210 I 69477931 1504 
211 I 69478056 1504 
212 I 69478177 1504 
213 I 70029095 1504 
214 I 70029219 1504 
215 I 70029340 1504 
216 I 70051666 59 
217 I 70051704 1504 
218 I 70598375 1504 
219 I 70598498 1504 
220 I 70598626 1504 
221 I 70598751 1504 
222 I 70598872 1504 
223 I 70598991 1504 
224 I 70599113 1504 
225 I 70599237 1504 
226 I 70599359 1504 
227 I 70827562 1504 
228 I 71134424 1504 
229 I 71159378 1504 
230 I 71167359 1504 
231 I 71537437 1504 
232 I 71537560 1504 
233 I 71683991 1504 
234 I 71684025 798 
235 I 72089658 1504 
236 I 72089789 1504 
237 I 72089912 1504 
238 I 72233384 1504 
239 I 72233507 1504 
240 I 72233632 1504 
241 I 72233756 1504 
242 I 72233877 1504 
243 I 72623837 1504 
244 I 72623896 973 
245 I 72766456 1504 
246 I 72766580 1504 
247 I 72772261 1504 
248 I 72772384 1504 
249 I 72936349 1504 
250 I 73179540 285 
251 I 73179568 1504 
252 I 73293416 1504 
253 I 73293537 1504 
254 I 73298967 1504 
255 I 73299088 1504 
256 I 73299212 1504 
257 I 73650349 175 
258 I 73709251 240 
259 I 73709279 1504 
260 I 74163659 1504 
261 I 74245888 431 
262 I 74245904 1504 
263 I 74821246 384 
264 I 74821267 1504 
265 I 75277776 1504 
266 I 75351196 201 
267 I 75351230 1504 
268 I 75799499 247 
269 I 75799531 1504 
270 I 75862875 351 
271 I 75862895 1504 
272 I 76325396 314 
273 I 76325424 1504 
274 I 76381969 1504 
275 I 76381975 495 
276 I 76925313 1504 
277 I 76925321 602 
278 I 77469162 414 
279 I 77469178 1504 
280 I 77587884 1504 
281 I 78069689 345 
282 I 78069714 1504 
283 I 78180374 480 
284 I 78180382 1504 
285 I 78645588 497 
286 I 78645593 1504 
287 I 78738948 495 
288 I 78738954 1504 
289 I 79217920 1504 
290 I 79217925 569 
291 I 79299656 363 
292 I 79299679 1504 
293 I 79807702 391 
294 I 79807720 1504 
295 I 79916478 211 
296 I 79916507 1504 
297 I 80372269 484 
298 I 80372277 1504 
299 I 80485452 484 
300 I 80485460 1504 
301 I 80953652 406 
302 I 80953668 1504 
303 I 81065575 301 
304 I 81065604 1504 
305 I 81543775 351 
306 I 81543799 1504 
307 I 81651300 455 
308 I 81651313 1504 
309 I 82132162 1504 
310 I 82132166 609 
311 I 82272305 305 
312 I 82272329 1504 
313 I 82708221 340 
314 I 82708246 1504 
315 I 82854099 254 
316 I 82854130 1504 
317 I 83255310 459 
318 I 83255320 1504 
319 I 83411719 310 
320 I 83411748 1504 
321 I 83840595 444 
322 I 83840609 1504 
323 I 83971504 1504 
324 I 83971626 1504 
325 I 83971749 1504 
326 I 83971872 1504 
327 I 83971997 1504 
328 I 84517838 1504 
329 I 84517959 1504 
330 I 84524815 1504 
331 I 84524940 1504 
332 I 84632176 1504 
333 I 85064895 753 
334 I 97481103 1504 
335 I 97481225 1504 
336 I 97982104 379 
337 I 98508589 1504 
338 I 98508710 1504 
339 I 98995507 1504 
340 I 98995631 1504 
341 I 98995752 1504 
342 I 99479239 1504 
343 I 99479362 1504 
344 I 99479486 1504 
345 I 101268235 1504 
346 I 101268359 1504 
347 I 101268485 1504 
348 I 101268604 1504 
349 I 101685222 1504 
350 I 101775608 1504 
351 I 102282890 1504 
352 I 102283016 1504 
353 I 102283136 1504 
354 I 102283261 1504 
355 I 102283383 1504 
356 I 102369342 1504 
357 I 102369455 1504 
358 I 102790314 1504 
359 I 102790436 1504 
360 I 102852268 1504 
361 I 102852392 1504 
362 I 102873420 971 
363 I 103042001 1504 
364 I 103270890 1504 
365 I 103271018 1504 
366 I 103341262 1504 
367 I 103341385 1504 
368 I 103361032 1504 
369 I 103361159 1504 
370 I 103361277 1504 
371 I 103643879 1504 
372 I 103644001 1504 
373 I 103737803 1504 
374 I 103737925 1504 
375 I 103803616 1504 
376 I 103803739 1504 
377 I 103818772 1504 
378 I 103818895 1504 
379 I 103931482 1504 
380 I 104113515 1504 
381 I 104113641 1504 
382 I 104201169 1504 
383 I 104201293 1504 
384 I 104274681 1504 
385 I 104274803 1504 
386 I 104285449 1504 
387 I 104285571 1504 
388 I 104285696 1504 
389 I 104540920 1504 
390 I 104588130 1504 
391 I 104588253 1504 
392 I 104707565 1504 
393 I 104707686 1504 
394 I 104707810 1504 
395 I 104774506 1504 
396 I 104774625 1504 
397 I 104775472 546 
398 I 105058519 220 
399 I 105254421 1504 
400 I 105254511 133 
401 I 105254544 1504 
402 I 124781840 1504 
403 I 124781962 1504 
404 I 127776015 1504 
405 I 128432063 1504 
406 I 128753573 1504 
407 I 128753697 1504 
408 I 129030978 1504 
409 I 129031100 1504 
410 I 129031220 1504 
411 I 129209332 1504 
412 I 129209449 1504 
413 I 129209572 1504 
414 I 129496385 1504 
415 I 129496507 1504 
416 I 129651112 1504 
417 I 129960192 844 
418 I 130396705 215 
419 I 130396737 1504 
420 I 130841813 1090 
421 I 131309774 1504 
422 I 131309842 1070 
423 I 131782074 1504 
424 I 131782200 1504 
425 I 131782320 1504 
426 I 131782442 1504 
427 I 132226423 1377 
428 I 132571557 1504 
429 I 132666584 1374 
430 I 133139405 1371 
431 I 133140789 1504 
432 I 133140909 1504 
433 I 133597145 1504 
434 I 133597195 872 
435 I 133610421 52 
436 I 133610455 1504 
437 I 134052964 1485 
438 I 134080411 1483 
439 I 134547002 875 
440 I 134553978 1504 
441 I 134554068 1241 
442 I 135027897 1504 
443 I 135028020 1504 
444 I 135028143 1504 
445 I 135049346 1504 
446 I 135049469 1504 
447 I 135049592 1504 
448 I 135049716 1504 
449 I 135049842 1504 
450 I 135049963 1504 
451 I 135516937 1504 
452 I 135517062 1504 
453 I 135517183 1504 
454 I 135542914 1504 
455 I 135543036 1504 
456 I 135545656 421 
457 I 135724508 1504 
458 I 135986011 1504 
459 I 135986134 1504 
460 I 136029498 1504 
461 I 136029621 1504 
462 I 136029687 1056 
463 I 136194643 778 
464 I 136643424 1504 
465 I 136643547 1504 
466 I 136643671 1504 
467 I 136643764 1258 
468 I 136756746 1504 
469 I 137124350 1009 
470 I 137262591 1504 
471 I 137262715 1504 
472 I 137637018 1504 
473 I 137637140 1504 
474 I 137637197 993 
475 I 138126008 1281 
476 I 138611870 492 
477 I 138716546 1504 
478 I 139109920 1504 
479 I 139110042 537 
480 I 139110044 1504 
481 I 139235254 220 
482 I 139871949 1504 
483 I 155559112 1504 
484 I 155559235 1504 
485 I 156100851 436 
486 I 156774222 1504 
487 I 156774347 1504 
488 I 156774469 1504 
489 I 156774592 1504 
490 I 157344338 1504 
491 I 157344458 1504 
492 I 157344580 1504 
493 I 157894756 1504 
494 I 158437890 1504 
495 I 158438013 1504 
496 I 158998859 1504 
497 I 158998981 1504 
498 I 158999104 1504 
499 I 159680967 1504 
500 I 159681091 1504 
501 I 159690430 1504 
502 I 159690554 1504 
503 I 159716780 1504 
504 I 160283157 1504 
505 I 160283279 1504 
506 I 160336651 1504 
507 I 160336775 1504 
508 I 160336898 1504 
509 I 160522807 1504 
510 I 160522932 1504 
511 I 160886168 1504 
512 I 160886293 1504 
513 I 160931732 1504 
514 I 160931855 1504 
515 I 160931978 1504 
516 I 161109787 1504 
517 I 161109911 1504 
518 I 161119222 1504 
519 I 161119343 1504 
520 I 161467080 1504 
521 I 161467198 1504 
522 I 161701474 1504 
523 I 161701596 1504 
524 I 161771273 1504 
525 I 162066229 1504 
526 I 162066355 1504 
527 I 162066475 1504 
528 I 162286920 1504 
529 I 162287041 1504 
530 I 162533047 1504 
531 I 163111073 1504 
532 I 163132133 1504 
533 I 163132258 1504 
534 I 163132383 1504 
535 I 163132500 1504 
536 I 163132624 1504 
537 I 163733122 1504 
538 I 163733245 1504 
539 I 163745901 397 
540 I 164358633 1504 
541 I 164358757 1504 
542 I 164358880 1504 
543 I 164359001 1504 
544 I 164359128 1504 
545 I 164934344 1504 
546 I 164934467 1504 
547 I 164963021 1504 
548 I 164963144 1504 
549 I 164963268 1504 
550 I 165550295 1504 
551 I 165560458 1504 
552 I 165831426 1504 
553 I 166138517 1504 
554 I 166138637 1504 
555 I 166318408 1504 
556 I 166318530 1504 
557 I 166422849 1504 
558 I 166422968 1504 
559 I 166731981 858 
560 I 167028564 1504 
561 I 167028686 1504 
562 I 167028809 1504 
563 I 167642049 1504 
564 I 167642061 643 
565 I 182632485 1504 
566 I 182632608 1504 
567 I 185622585 1504 
568 I 186315416 1504 
569 I 187007371 378 
570 I 187441940 1504 
571 I 187442062 1504 
572 I 188007830 1504 
573 I 188007952 1504 
574 I 188008074 1504 
575 I 188575997 1504 
576 I 188576115 1504 
577 I 188576237 1504 
578 I 188707650 1504 
579 I 188707775 1504 
580 I 189138032 828 
581 I 189722844 1504 
582 I 189722969 1504 
583 I 189723091 1504 
584 I 189723211 1504 
585 I 189723330 1504 
586 I 189723455 1504 
587 I 189723578 1504 
588 I 189723714 1504 
589 I 189723832 1504 
590 I 190273079 925 
591 I 193002749 378 
592 I 193509770 1504 
593 I 193509895 1504 
594 I 194100602 1504 
595 I 194100726 1504 
596 I 194100850 1504 
597 I 194716771 1504 
598 I 194716900 1504 
599 I 194934775 1504 
600 I 195342840 1504 
601 I 195342965 1504 
602 I 195710353 1504 
603 I 195710475 1504 
604 I 196120479 1504 
605 I 197503087 1504 
606 I 198119270 1504 
607 I 198119393 1504 
608 I 205559272 1504 
609 I 205559396 1504 
610 I 206184803 341 
611 I 206799171 1504 
612 I 206799295 1504 
613 I 206799418 1504 
614 I 206799541 1504 
615 I 206845889 1504 
616 I 206846013 1504 
617 I 207422500 1504 
618 I 207422622 1504 
619 I 207422748 1504 
620 I 207438041 1504 
621 I 207438164 1504 
622 I 207438286 1504 
623 I 207474138 1504 
624 I 207474264 1504 
625 I 207474385 1504 
626 I 208041192 1504 
627 I 208041315 1504 
628 I 208112696 1504 
629 I 208112818 1504 
630 I 208112943 1504 
631 I 208315986 1504 
632 I 208316107 1504 
633 I 208664281 1504 
634 I 208752301 1504 
635 I 208752344 863 
636 I 209287895 1504 
637 I 209288018 1504 
638 I 209288142 1504 
639 I 209379930 1504 
640 I 209907326 1504 
641 I 209913455 1504 
642 I 209913575 1504 
643 I 209913700 1504 
644 I 209991801 1504 
645 I 210510495 1504 
646 I 210510620 1504 
647 I 210519965 1504 
648 I 210520087 1504 
649 I 210625364 1504 
650 I 210625489 1504 
651 I 210625611 1504 
652 I 210625733 1504 
653 I 210625862 1504 
654 I 210625985 1504 
655 I 211225863 1504 
656 I 211246671 1504 
657 I 211300178 1504 
658 I 211885736 1504 
659 I 211885858 1504 
660 I 211885984 1504 
661 I 212014955 1504 
662 I 212487563 505 
663 I 215035169 1504 
664 I 215800186 1504 
665 I 215800306 1504 
666 I 216432928 1504 
667 I 216433051 1504 
668 I 216433173 1504 
669 I 222465686 1504 
670 I 223072654 1504 
671 I 223072778 1504 
672 I 223743522 1504 
673 I 223743647 1504 
674 I 223743768 1504 
675 I 224346936 1504 
676 I 224347058 1504 
677 I 224522693 1504 
678 I 225925924 1504 
679 I 229086128 1504 
680 I 229709642 1504 
681 I 229709763 1504 
682 I 230337276 1504 
683 I 230337402 1504 
684 I 230337528 1504 
685 I 231796304 1504 
686 I 232370894 1504 
687 I 232371018 1504 
688 I 232965892 1504 
689 I 232966017 1504 
690 I 232966139 1504 
691 I 233586129 1504 
692 I 233586253 1504 
693 I 233706290 1504 
694 I 234201957 1504 
695 I 234202083 1504 
696 I 234493232 1504 
697 I 234493347 482 
698 I 234493353 1504 
