0 I 0 580 
1 I 32 580 
2 I 555728 580 
3 I 555769 513 
4 I 4108787 580 
5 I 6043499 580 
6 I 6043558 580 
7 I 6479005 580 
8 I 6479054 580 
9 I 6479104 580 
10 I 6729239 420 
11 I 6903287 580 
12 I 6903332 580 
13 I 7069390 580 
14 I 7179348 580 
15 I 7179397 580 
16 I 7179446 580 
17 I 7319573 580 
18 I 7319622 580 
19 I 7575213 580 
20 I 7575259 580 
21 I 7630617 580 
22 I 7630666 580 
23 I 7630716 580 
24 I 7815628 580 
25 I 7815677 580 
26 I 7874305 580 
27 I 7874354 580 
28 I 7988395 580 
29 I 7988446 580 
30 I 8104407 580 
31 I 8104455 580 
32 I 8104508 580 
33 I 8266632 580 
34 I 8266681 580 
35 I 8275809 580 
36 I 8275857 580 
37 I 8363895 580 
38 I 8363944 580 
39 I 8363994 580 
40 I 8468722 580 
41 I 8468771 580 
42 I 8729257 580 
43 I 8729296 135 
44 I 8729305 580 
45 I 8773285 580 
46 I 8773337 580 
47 I 8773385 580 
48 I 8773433 580 
49 I 8829182 580 
50 I 8829219 137 
51 I 8829228 580 
52 I 9362964 580 
53 I 9363029 580 
54 I 9363069 580 
55 I 9363111 580 
56 I 9363136 363 
57 I 9738141 580 
58 I 9738190 580 
59 I 9738238 580 
60 I 9738303 580 
61 I 9738312 370 
62 I 10339999 580 
63 I 10340044 580 
64 I 10340092 580 
65 I 10340152 580 
66 I 10340190 580 
67 I 10951591 580 
68 I 10951640 580 
69 I 10951697 580 
70 I 11161979 580 
71 I 11162031 580 
72 I 11409730 580 
73 I 11409778 580 
74 I 11667295 580 
75 I 11667346 580 
76 I 11911321 580 
77 I 11911368 580 
78 I 12429064 580 
79 I 12429083 519 
80 I 13332709 369 
81 I 13756173 580 
82 I 13756223 580 
83 I 13756276 580 
84 I 13756330 580 
85 I 13756370 580 
86 I 13756419 580 
87 I 13756473 580 
88 I 13756521 580 
89 I 13756568 580 
90 I 13756616 580 
91 I 13756665 580 
92 I 13756673 267 
93 I 13959260 580 
94 I 15492252 580 
95 I 15492302 580 
96 I 15492350 580 
97 I 15492400 580 
98 I 15492452 580 
99 I 15492499 580 
100 I 15492547 580 
101 I 15492597 580 
102 I 15492644 580 
103 I 15492693 580 
104 I 15492733 132 
105 I 15492744 580 
106 I 15618915 580 
107 I 15618923 282 
108 I 17204456 580 
109 I 17204505 193 
110 I 17204506 580 
111 I 17386300 580 
112 I 17386345 503 
113 I 17817774 580 
114 I 17817823 580 
115 I 17817854 440 
116 I 18034293 580 
117 I 18034324 432 
118 I 18511991 580 
119 I 18512040 580 
120 I 18512090 580 
121 I 18512140 580 
122 I 18512142 245 
123 I 18723192 580 
124 I 18723241 580 
125 I 18723245 252 
126 I 19387206 580 
127 I 19387260 580 
128 I 19387308 580 
129 I 19387353 580 
130 I 19387403 580 
131 I 19387453 580 
132 I 19387500 580 
133 I 19387552 580 
134 I 19387599 580 
135 I 19387649 580 
136 I 19387697 580 
137 I 19387748 580 
138 I 19387797 580 
139 I 19387844 580 
140 I 19387899 580 
141 I 19387947 580 
142 I 19661339 580 
143 I 19661389 580 
144 I 19661436 580 
145 I 19661487 580 
146 I 19873813 580 
147 I 20024236 580 
148 I 20024283 580 
149 I 20272334 580 
150 I 20272383 580 
151 I 20526230 580 
152 I 20526280 580 
153 I 20774544 580 
154 I 20905493 580 
155 I 20905543 580 
156 I 21146418 571 
157 I 21749635 580 
158 I 21876487 580 
159 I 21876541 580 
160 I 22278380 580 
161 I 22278427 580 
162 I 22278478 580 
163 I 23514211 580 
164 I 23514260 580 
165 I 23514309 580 
166 I 23514357 580 
167 I 23514407 580 
168 I 23514458 580 
169 I 23514507 580 
170 I 23514556 580 
171 I 23514603 580 
172 I 23514653 580 
173 I 23514703 580 
174 I 23514756 580 
175 I 23514801 580 
176 I 23514851 580 
177 I 23514900 580 
178 I 23514947 580 
179 I 23777083 580 
180 I 23777130 580 
181 I 24030813 580 
182 I 24030862 580 
183 I 24030912 580 
184 I 24275530 580 
185 I 24275583 580 
186 I 24375258 580 
187 I 24517945 580 
188 I 24517994 580 
189 I 24773206 240 
190 I 24773214 580 
191 I 26510065 580 
192 I 26760010 580 
193 I 26760064 580 
194 I 27000942 580 
195 I 27000996 580 
196 I 27604547 580 
197 I 27604596 580 
198 I 27604646 580 
199 I 27604694 580 
200 I 27604743 580 
201 I 27604792 580 
202 I 27604841 580 
203 I 27604891 580 
204 I 27604941 580 
205 I 27605004 580 
206 I 27605040 580 
207 I 27605109 580 
208 I 27605137 580 
209 I 27605187 580 
210 I 27605252 580 
211 I 27605284 580 
212 I 27774953 580 
213 I 27907035 580 
214 I 27907085 580 
215 I 27907133 580 
216 I 28406165 580 
217 I 28406213 580 
218 I 28645647 580 
219 I 28645699 580 
220 I 28872097 448 
221 I 30501944 580 
222 I 31292882 580 
223 I 31292931 580 
224 I 31292983 580 
225 I 31293030 580 
226 I 31293081 580 
227 I 31293131 580 
228 I 31293176 580 
229 I 31293229 580 
230 I 31293276 580 
231 I 31293324 580 
232 I 31293373 580 
233 I 31293423 580 
234 I 31293474 580 
235 I 31293526 580 
236 I 31293572 580 
237 I 31476106 580 
238 I 31476157 580 
239 I 31819826 580 
240 I 31819878 580 
241 I 31819923 580 
242 I 32063931 580 
243 I 32063978 580 
244 I 32321105 580 
245 I 32321155 580 
246 I 32561253 580 
247 I 32561300 580 
248 I 32817421 580 
249 I 32817468 580 
250 I 33059950 580 
251 I 33059998 580 
252 I 33319168 580 
253 I 33319219 580 
254 I 33556687 580 
255 I 33556737 580 
256 I 33573766 580 
257 I 33874569 580 
258 I 33874616 580 
259 I 33932009 123 
260 I 35175456 580 
261 I 35668137 580 
262 I 35668188 580 
263 I 36021710 580 
264 I 36021759 580 
265 I 36234712 580 
266 I 36234761 580 
267 I 36234811 580 
268 I 36234861 580 
269 I 36234910 580 
270 I 36234958 580 
271 I 36235012 580 
272 I 36235056 580 
273 I 36661324 580 
274 I 36901094 580 
275 I 36901145 580 
276 I 36901196 580 
277 I 37141348 580 
278 I 37141397 580 
279 I 37393182 206 
280 I 37777179 580 
281 I 37777231 580 
282 I 37777284 580 
283 I 37777331 580 
284 I 37777376 580 
285 I 37777413 488 
286 I 38547719 580 
287 I 38547767 580 
288 I 38547820 580 
289 I 38547865 580 
290 I 38547886 337 
291 I 39946087 580 
292 I 39946136 580 
293 I 40461153 580 
294 I 40461201 580 
295 I 40461250 580 
296 I 40978115 580 
297 I 40978164 580 
298 I 41101518 580 
299 I 41101557 580 
300 I 41101607 580 
301 I 41506930 256 
302 I 41991374 580 
303 I 41991425 580 
304 I 42033432 580 
305 I 42033480 580 
306 I 42033533 580 
307 I 42033566 72 
308 I 42033581 580 
309 I 42198380 580 
310 I 42449989 580 
311 I 42450037 580 
312 I 42450086 580 
313 I 42999844 492 
314 I 43173904 337 
315 I 43195986 580 
316 I 43196032 580 
317 I 43196082 580 
318 I 43374993 580 
319 I 43375043 580 
320 I 43678181 580 
321 I 43678222 531 
322 I 44250898 580 
323 I 44250964 580 
324 I 44694377 580 
325 I 44694424 580 
326 I 44694474 580 
327 I 45126369 580 
328 I 45126418 580 
329 I 45126469 580 
330 I 45372919 580 
331 I 45372972 580 
332 I 45523971 580 
333 I 45524009 481 
334 I 45653015 580 
335 I 45653065 580 
336 I 45998600 95 
337 I 45998610 580 
338 I 46153002 580 
339 I 46153051 580 
340 I 46153100 580 
341 I 46474298 580 
342 I 46474347 580 
343 I 46474396 580 
344 I 46474444 580 
345 I 46474493 580 
346 I 46474543 580 
347 I 46474592 580 
348 I 46474651 580 
349 I 46474695 580 
350 I 46474739 580 
351 I 46678991 580 
352 I 46679028 580 
353 I 46803784 580 
354 I 46803840 580 
355 I 46803883 580 
356 I 47063330 580 
357 I 47063379 580 
358 I 47063428 580 
359 I 47327803 580 
360 I 47327851 580 
361 I 47327907 580 
