0 I 0 580 
1 I 18 580 
2 I 631384 580 
3 I 631408 580 
4 I 1813582 580 
5 I 2235473 580 
6 I 2235490 580 
7 I 2802093 580 
8 I 2802109 580 
9 I 2802125 580 
10 I 3368076 580 
11 I 3368092 580 
12 I 3636480 580 
13 I 3908332 580 
14 I 3908347 580 
15 I 4343034 580 
16 I 4343051 580 
17 I 4416466 580 
18 I 4416483 580 
19 I 4909377 580 
20 I 4909389 580 
21 I 5108662 580 
22 I 5108680 580 
23 I 5423045 580 
24 I 5423065 580 
25 I 5423083 580 
26 I 5616867 580 
27 I 5616890 580 
28 I 5901458 580 
29 I 6042157 580 
30 I 6042169 580 
31 I 6221206 580 
32 I 6221236 580 
33 I 6539365 580 
34 I 6628595 580 
35 I 6628612 580 
36 I 6628627 580 
37 I 6896533 580 
38 I 6896575 580 
39 I 7086303 580 
40 I 7086314 580 
41 I 7237712 580 
42 I 7237729 580 
43 I 7379371 580 
44 I 7379382 580 
45 I 7829817 580 
46 I 7829828 580 
47 I 7971301 580 
48 I 7971425 580 
49 I 8129602 580 
50 I 8129616 580 
51 I 8338036 580 
52 I 8706037 580 
53 I 8706054 580 
54 I 8943894 580 
55 I 9062979 580 
56 I 9062994 580 
57 I 9229489 580 
58 I 9229505 580 
59 I 9811895 580 
60 I 9811911 580 
61 I 10231436 580 
62 I 10231449 580 
63 I 10231465 580 
64 I 10420263 580 
65 I 10420281 580 
66 I 10655515 580 
67 I 11290272 580 
68 I 11290286 580 
69 I 11665691 580 
70 I 11665706 580 
71 I 11866295 580 
72 I 12218022 580 
73 I 12218039 580 
74 I 12448383 580 
75 I 13041260 580 
76 I 13041277 580 
77 I 13041290 580 
78 I 13220081 580 
79 I 13220098 580 
80 I 13425007 580 
81 I 13425018 580 
82 I 13533887 580 
83 I 13533903 580 
84 I 13720011 253 
85 I 29087231 580 
86 I 29087234 494 
87 I 29648324 494 
88 I 38028607 494 
89 I 78762949 580 
90 I 78762957 580 
91 I 79399378 580 
92 I 79399391 580 
93 I 79593528 580 
94 I 79593647 580 
95 I 79991968 580 
96 I 79991986 580 
97 I 79992002 580 
98 I 80222748 580 
99 I 80222766 580 
100 I 80222781 580 
101 I 80558690 580 
102 I 80558707 580 
103 I 80558727 580 
104 I 80647614 580 
105 I 80647643 580 
106 I 80848719 580 
107 I 80848730 580 
108 I 80848756 580 
109 I 81029933 580 
110 I 81029949 580 
111 I 81029966 580 
112 I 81203413 580 
113 I 81203428 580 
114 I 81203445 580 
115 I 81373810 580 
116 I 81373826 580 
117 I 81373844 580 
118 I 81486146 580 
119 I 81486163 580 
120 I 81643996 580 
121 I 81644014 580 
122 I 81644031 580 
123 I 81811857 580 
124 I 81811876 580 
125 I 81811887 580 
126 I 81984533 580 
127 I 81984539 580 
128 I 81984556 580 
129 I 82151970 580 
130 I 82151990 580 
131 I 82242346 580 
132 I 82435944 580 
133 I 82435961 580 
134 I 82618584 580 
135 I 82618599 580 
136 I 82861847 580 
137 I 82861870 580 
138 I 83065180 580 
139 I 83065197 580 
140 I 83179605 580 
141 I 83353378 580 
142 I 83353395 580 
143 I 83557501 580 
144 I 83557522 580 
145 I 83714439 580 
146 I 83714457 580 
147 I 83845238 580 
148 I 83845254 580 
149 I 83949910 580 
150 I 84170438 580 
151 I 84170467 580 
152 I 84349925 461 
153 I 85039873 580 
154 I 85039889 488 
155 I 85122932 477 
156 I 126800663 580 
157 I 126800681 580 
158 I 127504023 112 
159 I 127504036 580 
160 I 128761882 580 
161 I 129440711 580 
162 I 129440730 580 
163 I 130022148 580 
164 I 130022278 580 
165 I 130022294 580 
166 I 130585880 543 
