0 I 0 1504 
1 I 35 1504 
2 I 27889 1504 
3 I 28018 1504 
4 I 28146 1504 
5 I 51400 1504 
6 I 51523 1504 
7 I 51631 1504 
8 I 74807 1504 
9 I 74934 1504 
10 I 75052 1504 
11 I 75179 1504 
12 I 75303 1504 
13 I 75408 1504 
14 I 98174 1504 
15 I 98361 1504 
16 I 98515 1504 
17 I 98654 1504 
18 I 98767 1504 
19 I 98888 1504 
20 I 105140 1504 
21 I 105264 1504 
22 I 105395 1504 
23 I 126802 1125 
24 I 2190342 1019 
25 I 120313219 1504 
26 I 120313335 1504 
27 I 120336887 1504 
28 I 120337019 1504 
29 I 120337136 1504 
30 I 120361096 1504 
31 I 120361275 1504 
32 I 120361346 1504 
33 I 120361381 1504 
34 I 120384606 1504 
35 I 120384712 1504 
36 I 120384981 1504 
37 I 120385020 1504 
38 I 120385090 1504 
39 I 120385214 1504 
40 I 120408010 1504 
41 I 120408132 1504 
42 I 120408432 1504 
43 I 120408437 263 
44 I 120408467 1504 
45 I 120408568 1504 
46 I 121465221 1019 
