0 I 0 1504 
1 I 127 1504 
2 I 244 1504 
3 I 369 1504 
4 I 174072 1504 
5 I 174195 1504 
6 I 567756 1504 
7 I 1717739 1504 
8 I 4017717 1504 
9 I 8627674 1504 
10 I 17857797 1504 
11 I 20808367 1504 
12 I 20808490 1504 
13 I 20808613 1504 
14 I 20922738 1504 
15 I 20922859 1504 
16 I 20922981 1504 
17 I 20923103 1504 
18 I 21160610 1504 
19 I 21160734 1504 
20 I 21160856 1504 
21 I 21160978 1504 
22 I 21161112 1504 
23 I 21264254 1504 
24 I 21264379 1504 
25 I 21264501 1504 
26 I 21264624 1504 
27 I 21264747 1504 
28 I 21264871 1504 
29 I 21464246 1504 
30 I 21464369 1504 
31 I 21464494 1504 
32 I 21464615 1504 
33 I 21464737 1504 
34 I 21464859 1504 
35 I 21464982 1504 
36 I 21679888 1504 
37 I 21680010 1504 
38 I 21680138 1504 
39 I 21680259 1504 
40 I 21680379 1504 
41 I 21680502 1504 
42 I 21680627 1504 
43 I 21680759 1504 
44 I 21966075 1504 
45 I 21966201 1504 
46 I 21966326 1504 
47 I 21966456 1504 
48 I 21966571 1504 
49 I 21966691 1504 
50 I 21966814 1504 
51 I 21966939 1504 
52 I 21967061 1504 
53 I 22051274 1504 
54 I 22051342 1050 
55 I 35915469 1504 
56 I 35915591 1504 
57 I 35915715 1504 
58 I 35915838 1504 
59 I 35915961 1504 
60 I 35916084 1504 
61 I 35916207 1504 
62 I 35916331 1504 
63 I 35916454 1504 
64 I 35916580 1504 
65 I 35916700 1504 
66 I 36010971 1504 
67 I 36011095 1504 
68 I 36011223 1504 
69 I 36011339 1504 
70 I 36011461 1504 
71 I 36011586 1504 
72 I 36011711 1504 
73 I 36011831 1504 
74 I 36011958 1504 
75 I 36012077 1504 
76 I 36012200 1504 
77 I 36012323 1504 
78 I 36100810 1504 
79 I 36100933 1504 
80 I 36101054 1504 
81 I 36101178 1504 
82 I 36101305 1504 
83 I 36101424 1504 
84 I 36101548 1504 
85 I 36101670 1504 
86 I 36101793 1504 
87 I 36101916 1504 
88 I 36102039 1504 
89 I 36102162 1504 
90 I 36102285 1504 
91 I 36317633 1504 
92 I 36380837 1504 
93 I 36381085 1504 
94 I 36381209 1504 
95 I 36381331 1504 
96 I 36381452 1504 
97 I 36381576 1504 
98 I 36381705 1504 
99 I 36381823 1504 
100 I 36381944 1504 
101 I 36382069 1504 
102 I 36382191 1504 
103 I 36382313 1504 
104 I 36382437 1504 
105 I 36382562 1504 
106 I 36478099 1504 
107 I 36478152 936 
108 I 38303872 1504 
109 I 38303994 1504 
110 I 38304117 1504 
111 I 38386932 1504 
112 I 38387049 1504 
113 I 38387177 1504 
114 I 38387304 1504 
115 I 38581618 1504 
116 I 38581742 1504 
117 I 38581868 1504 
118 I 38581988 1504 
119 I 38582110 1504 
120 I 38707092 1504 
121 I 38707215 1504 
122 I 38707340 1504 
123 I 38707461 1504 
124 I 38707583 1504 
125 I 38707709 1504 
126 I 38995376 1504 
127 I 38995495 1504 
128 I 38995618 1504 
129 I 38995740 1504 
130 I 38995864 1504 
131 I 38995987 1504 
132 I 38996112 1504 
133 I 39191099 1504 
134 I 39191223 1504 
135 I 39191348 1504 
136 I 39191467 1504 
137 I 39191591 1504 
138 I 39191715 1504 
139 I 39191838 1504 
140 I 39191962 1504 
141 I 39385531 1504 
142 I 39385658 1504 
143 I 39385780 1504 
144 I 39385894 424 
145 I 39385902 1504 
146 I 73237529 1504 
147 I 133237746 1504 
148 I 193237167 1504 
149 I 253237013 1504 
