0 I 0 1504 
1 I 94 1504 
2 I 116 1504 
3 I 233 1504 
4 I 1741 1504 
5 I 1754 1504 
6 I 2002 1504 
7 I 2017 1504 
8 I 2232 1504 
9 I 2244 1504 
10 I 19454 234 
11 I 19751 234 
12 I 25336 1504 
13 I 25363 981 
14 I 25366 1504 
15 I 25442 1504 
16 I 25596 1504 
17 I 25605 1504 
18 I 27090 1504 
19 I 27102 1504 
20 I 27126 1504 
21 I 27445 1504 
22 I 27460 1504 
23 I 27593 1504 
24 I 27819 1504 
25 I 27987 1504 
26 I 27999 1504 
27 I 50725 1504 
28 I 50830 1504 
29 I 51059 1504 
30 I 51192 1504 
31 I 51206 1504 
32 I 52947 1504 
33 I 52958 1504 
34 I 52971 1504 
35 I 52983 1504 
36 I 53060 1504 
37 I 53212 1504 
38 I 53223 1504 
39 I 53325 1504 
40 I 53447 1504 
41 I 53456 1504 
42 I 53613 1504 
43 I 53690 1504 
44 I 53705 1504 
45 I 53719 1504 
46 I 53829 1504 
47 I 76314 1504 
48 I 76320 1293 
49 I 77912 1504 
50 I 78177 1504 
51 I 78551 1504 
52 I 78679 1504 
53 I 78795 1504 
54 I 79292 1504 
55 I 79414 1504 
56 I 79428 1504 
57 I 79442 1504 
58 I 79541 1504 
59 I 79555 1504 
60 I 79579 1504 
61 I 79689 1504 
62 I 79702 1504 
63 I 91782 1504 
64 I 91915 1504 
65 I 94434 1504 
66 I 103154 1504 
67 I 103180 1504 
68 I 103520 1504 
69 I 105288 1504 
70 I 105301 1504 
71 I 105572 885 
72 I 107416 234 
73 I 117569 234 
74 I 119799 1504 
75 I 140141 1504 
76 I 140151 1504 
77 I 140251 1504 
78 I 140258 1263 
79 I 146378 1504 
80 I 146495 1504 
81 I 147761 1504 
82 I 147774 1504 
83 I 147902 1075 
84 I 147905 1504 
85 I 150486 383 
86 I 150499 1504 
87 I 150516 1504 
88 I 159494 1504 
89 I 159638 1504 
90 I 171726 368 
91 I 171741 1504 
92 I 171751 1504 
93 I 178876 1504 
94 I 178893 1504 
95 I 181469 1504 
96 I 181618 1504 
97 I 181971 1504 
98 I 181985 1504 
99 I 184980 1504 
100 I 185244 368 
101 I 185269 1504 
102 I 193342 1504 
103 I 193353 1504 
104 I 193489 1504 
105 I 193512 1504 
106 I 193517 1185 
107 I 203839 234 
108 I 204309 314 
109 I 204338 1504 
110 I 206706 1504 
111 I 206836 1504 
112 I 206860 1504 
113 I 207579 1504 
114 I 207729 1504 
115 I 207747 1504 
116 I 218446 1504 
117 I 218589 1504 
118 I 218601 1504 
119 I 218704 1504 
120 I 219220 1504 
121 I 219232 1504 
122 I 222829 234 
123 I 231823 1504 
124 I 231836 1504 
125 I 231957 1504 
126 I 232063 1504 
127 I 232208 1504 
128 I 232961 1504 
129 I 232972 1504 
130 I 233092 1504 
131 I 233105 1504 
132 I 233116 1504 
133 I 243588 594 
134 I 243606 1504 
135 I 244709 1504 
136 I 244719 1504 
137 I 257057 1504 
138 I 257196 1504 
139 I 258674 1504 
140 I 258816 1504 
141 I 269793 1504 
142 I 269910 368 
143 I 269935 1504 
144 I 295786 1504 
145 I 297273 1504 
146 I 297403 50 
147 I 297409 1504 
148 I 297421 1504 
149 I 297435 1504 
150 I 300532 1504 
151 I 301786 713 
152 I 309310 1504 
153 I 309406 1504 
154 I 309419 1504 
155 I 309431 1504 
156 I 309438 1177 
157 I 326938 234 
158 I 335005 1504 
159 I 335138 1504 
160 I 335149 1504 
161 I 335161 1504 
162 I 335287 1504 
163 I 335313 1504 
164 I 360125 1504 
165 I 360138 1504 
166 I 364405 1504 
167 I 364560 1110 
168 I 379700 234 
169 I 385470 1504 
170 I 385596 1504 
171 I 391625 1504 
172 I 391637 1504 
173 I 391655 1504 
174 I 391741 1177 
175 I 391745 1504 
176 I 392864 1504 
177 I 392875 1504 
178 I 393230 1504 
179 I 393240 1504 
180 I 405055 234 
181 I 410754 943 
182 I 410760 1504 
183 I 412632 234 
184 I 417075 1504 
185 I 417222 1504 
186 I 417233 1504 
187 I 417249 1504 
188 I 417591 388 
189 I 417616 1504 
190 I 417959 1504 
191 I 417975 1504 
192 I 417986 1504 
193 I 418448 1504 
194 I 418593 1504 
195 I 418606 1504 
196 I 443330 1504 
197 I 443341 1504 
198 I 443813 1504 
199 I 443825 1504 
200 I 443946 1504 
201 I 444091 1504 
202 I 444192 1504 
203 I 444433 144 
204 I 444454 1504 
205 I 444466 1504 
206 I 445337 1504 
207 I 445350 1504 
208 I 450688 234 
209 I 469057 1504 
210 I 469065 1504 
211 I 469313 1504 
212 I 469442 1504 
213 I 469447 1200 
214 I 470673 1504 
215 I 470700 1504 
216 I 470810 1504 
217 I 477683 1504 
218 I 477699 1504 
219 I 488675 234 
220 I 495934 1504 
221 I 495944 1504 
222 I 495958 1504 
223 I 496039 1504 
224 I 496051 1504 
225 I 499902 1504 
226 I 500042 1504 
227 I 503168 1504 
228 I 503284 1504 
229 I 503294 1504 
230 I 505021 1504 
231 I 505158 1504 
232 I 521636 823 
233 I 521646 1504 
234 I 525766 1504 
235 I 525882 368 
236 I 525907 1504 
237 I 528777 1504 
238 I 528804 1504 
239 I 528816 1504 
240 I 528837 1504 
241 I 528899 1504 
242 I 530011 1504 
243 I 530140 1504 
244 I 530153 1504 
245 I 549129 1504 
246 I 549143 1504 
247 I 554540 1504 
248 I 554554 1504 
249 I 554741 1504 
250 I 554877 1504 
251 I 554914 1504 
252 I 555508 1504 
253 I 555520 1504 
254 I 555755 1504 
255 I 555767 1504 
256 I 555783 1504 
257 I 575888 1504 
258 I 576015 1504 
259 I 576026 1504 
260 I 581351 1504 
261 I 581369 1504 
262 I 600931 1504 
263 I 601119 1504 
264 I 601133 1504 
265 I 601143 1504 
266 I 601265 1504 
267 I 601278 1504 
268 I 603207 380 
269 I 603237 1504 
270 I 604349 1504 
271 I 604373 1504 
272 I 604386 1504 
273 I 604410 1504 
274 I 604490 1504 
275 I 604502 1504 
276 I 626575 1504 
277 I 626588 1504 
278 I 630101 1504 
279 I 630209 1504 
280 I 630226 1504 
281 I 630355 1504 
282 I 630367 1504 
283 I 630478 1504 
284 I 630598 1504 
285 I 633072 479 
286 I 657809 1504 
287 I 657821 1504 
288 I 657935 1504 
289 I 657947 1504 
290 I 657959 1504 
291 I 658049 1504 
292 I 660434 1504 
293 I 660444 1504 
294 I 660576 1504 
295 I 660588 1504 
296 I 660594 1177 
297 I 683429 1504 
298 I 683554 1504 
299 I 683567 1504 
300 I 683575 1339 
301 I 685829 1504 
302 I 685857 1504 
303 I 686035 1504 
304 I 686168 1504 
305 I 686181 1504 
306 I 686207 1504 
307 I 686330 1504 
308 I 686342 1504 
309 I 686441 1504 
310 I 686578 1504 
311 I 711668 1504 
312 I 711678 1504 
313 I 711809 1504 
314 I 711939 1504 
315 I 712038 1504 
316 I 712051 1504 
317 I 712061 1249 
318 I 712452 1270 
319 I 724156 1504 
320 I 724161 1131 
321 I 748016 1504 
322 I 748135 1504 
323 I 748159 1504 
324 I 748176 1504 
325 I 748256 1504 
326 I 774258 1504 
327 I 774263 1155 
328 I 784237 1504 
329 I 784347 1504 
330 I 784755 752 
331 I 784758 1504 
332 I 784766 1504 
333 I 809836 1504 
334 I 809995 1504 
335 I 810004 1504 
336 I 813583 1504 
337 I 813724 1504 
338 I 814080 1504 
339 I 814217 1504 
340 I 814229 1504 
341 I 814243 1504 
342 I 826083 1504 
343 I 826096 1504 
344 I 826207 1504 
345 I 826326 1504 
346 I 826331 1177 
347 I 835834 1504 
348 I 835851 1504 
349 I 835956 1504 
350 I 835966 1504 
351 I 836123 1504 
352 I 839066 1504 
353 I 839210 1504 
354 I 839218 1504 
355 I 839230 1504 
356 I 839301 415 
357 I 839325 1504 
358 I 851060 1504 
359 I 851074 1504 
360 I 851186 1504 
361 I 851338 1504 
362 I 851693 1504 
363 I 851704 1504 
364 I 860929 1504 
365 I 861053 1504 
366 I 861451 1504 
367 I 861463 1504 
368 I 861488 1504 
369 I 861562 1504 
370 I 864806 1504 
371 I 864940 1504 
372 I 864953 1504 
373 I 864965 1504 
374 I 864979 1504 
375 I 869053 1504 
376 I 869063 1504 
377 I 869181 1504 
378 I 869194 1504 
379 I 869199 1169 
380 I 887938 945 
381 I 888043 1504 
382 I 888056 1504 
383 I 888066 1504 
384 I 888080 1504 
385 I 888166 1504 
386 I 888178 1504 
387 I 901424 1504 
388 I 901435 1504 
389 I 901527 1504 
390 I 901653 738 
391 I 901664 1504 
392 I 901786 1504 
393 I 901905 1504 
394 I 901914 1504 
395 I 903551 1504 
396 I 913153 1504 
397 I 913158 1192 
398 I 915666 1504 
399 I 915680 1504 
400 I 926933 1504 
401 I 926945 1504 
402 I 927405 1504 
403 I 927418 1504 
404 I 927436 1504 
405 I 928767 1504 
406 I 930258 1504 
407 I 930384 1504 
408 I 930397 1504 
409 I 930554 1504 
410 I 930559 1161 
411 I 940883 1504 
412 I 940897 1504 
413 I 941038 1504 
414 I 955635 1504 
415 I 955648 1504 
416 I 955661 1504 
417 I 955673 1504 
418 I 955762 1504 
419 I 955774 1504 
420 I 955788 1504 
421 I 955890 1504 
422 I 955904 1504 
423 I 956000 1504 
424 I 956152 1504 
425 I 956164 1504 
426 I 967006 1504 
427 I 967020 1504 
428 I 967127 1504 
429 I 967142 1504 
430 I 967153 1504 
431 I 978383 1504 
432 I 978389 1504 
433 I 982604 1504 
434 I 982745 1504 
435 I 982761 1504 
436 I 982769 1504 
437 I 982781 1504 
438 I 982866 1504 
439 I 982877 1504 
440 I 982893 1504 
441 I 982986 1504 
442 I 983004 1504 
443 I 983017 1504 
444 I 983138 1504 
445 I 992723 1504 
446 I 992738 1504 
447 I 992860 1504 
448 I 992871 1504 
449 I 992989 1504 
450 I 993090 1504 
451 I 1003592 1504 
452 I 1003717 1504 
453 I 1003728 1504 
454 I 1015092 1504 
455 I 1015108 1504 
456 I 1015118 1504 
457 I 1015226 1504 
458 I 1015241 1504 
459 I 1015357 1504 
460 I 1015459 1504 
461 I 1015475 1504 
462 I 1015486 1504 
463 I 1015582 1504 
464 I 1015712 1504 
465 I 1015725 1504 
466 I 1018093 1504 
467 I 1018246 1504 
468 I 1018375 1504 
469 I 1018598 1504 
470 I 1018721 1504 
471 I 1018844 1504 
472 I 1028957 1504 
473 I 1029078 1504 
474 I 1029594 1504 
475 I 1029606 1504 
476 I 1029631 1504 
477 I 1044083 1504 
478 I 1044095 1504 
479 I 1044108 1504 
480 I 1044197 1504 
481 I 1044210 1504 
482 I 1044221 1504 
483 I 1044326 1504 
484 I 1044337 1504 
485 I 1044695 1504 
486 I 1044707 1504 
487 I 1044721 1504 
488 I 1044833 1504 
489 I 1054309 1504 
490 I 1054450 1504 
491 I 1054844 1504 
492 I 1054856 1504 
493 I 1055211 991 
494 I 1069298 1504 
495 I 1069423 1504 
496 I 1070178 1504 
497 I 1070207 1504 
498 I 1070305 1504 
499 I 1070313 1504 
500 I 1070326 1504 
501 I 1070458 1504 
502 I 1070561 1504 
503 I 1070696 1504 
504 I 1070708 1504 
505 I 1070723 1504 
506 I 1094798 1504 
507 I 1094810 1504 
508 I 1095416 1504 
509 I 1095537 1504 
510 I 1095549 1504 
511 I 1095925 1504 
512 I 1095940 1504 
513 I 1096309 1504 
514 I 1096423 1504 
515 I 1096436 1504 
516 I 1096531 1504 
517 I 1096805 1504 
518 I 1114926 1504 
519 I 1115038 1504 
520 I 1121059 1504 
521 I 1121070 1504 
522 I 1121534 269 
523 I 1121546 1504 
524 I 1121553 1070 
525 I 1146512 1504 
526 I 1146525 1504 
527 I 1146537 1504 
528 I 1150644 752 
529 I 1171883 1504 
530 I 1171894 1504 
531 I 1172240 1504 
532 I 1172256 1504 
533 I 1172378 1504 
534 I 1175000 1504 
535 I 1175012 1504 
536 I 1175030 1504 
537 I 1175141 1504 
538 I 1175146 1161 
539 I 1196989 1504 
540 I 1197090 1504 
541 I 1197611 1504 
542 I 1197624 1504 
543 I 1197997 1504 
544 I 1201002 1504 
545 I 1201014 1504 
546 I 1201028 1504 
547 I 1201102 1504 
548 I 1201118 1504 
549 I 1201128 1504 
550 I 1205995 1504 
551 I 1216972 1504 
552 I 1216984 1504 
553 I 1216996 1504 
554 I 1217008 1504 
555 I 1217085 1161 
556 I 1222328 1504 
557 I 1222459 1504 
558 I 1223112 1504 
559 I 1223492 692 
560 I 1223506 1504 
561 I 1226218 1504 
562 I 1226232 1504 
563 I 1226584 1504 
564 I 1226707 1504 
565 I 1226729 1504 
566 I 1226838 1504 
567 I 1242360 1504 
568 I 1242373 1504 
569 I 1242378 1225 
570 I 1251949 1504 
571 I 1252071 1504 
572 I 1252330 1504 
573 I 1252355 1504 
574 I 1252367 1504 
575 I 1252453 1504 
576 I 1269933 1504 
577 I 1269944 1504 
578 I 1269958 1504 
579 I 1270079 1504 
580 I 1270084 1153 
581 I 1277432 1504 
582 I 1277440 1504 
583 I 1277562 1504 
584 I 1277813 1504 
585 I 1277822 1504 
586 I 1278183 1504 
587 I 1280574 1504 
588 I 1280588 1504 
589 I 1295033 1504 
590 I 1295167 1504 
591 I 1295178 1504 
592 I 1295534 1504 
593 I 1295688 1504 
594 I 1295700 1504 
595 I 1303152 1504 
596 I 1303297 1504 
597 I 1303311 1504 
598 I 1303665 1504 
599 I 1303688 1504 
600 I 1303801 1504 
601 I 1306177 1504 
602 I 1306311 1504 
603 I 1306321 1504 
604 I 1320003 124 
605 I 1328787 1504 
606 I 1328800 1504 
607 I 1329171 1504 
608 I 1329267 1504 
609 I 1329381 1504 
610 I 1329567 1504 
611 I 1331518 1504 
612 I 1331652 1504 
613 I 1331662 1504 
614 I 1331675 1504 
615 I 1354155 1504 
616 I 1354181 1504 
617 I 1354367 1504 
618 I 1354511 1504 
619 I 1354526 1504 
620 I 1355144 1504 
621 I 1356886 1504 
622 I 1356898 1504 
623 I 1357122 1504 
624 I 1357272 1504 
625 I 1357286 1504 
626 I 1357370 1504 
627 I 1379260 844 
628 I 1382116 1504 
629 I 1382238 1504 
630 I 1382498 1504 
631 I 1383366 1504 
632 I 1383390 1504 
633 I 1383398 1504 
634 I 1409338 1504 
635 I 1409531 1504 
636 I 1409595 1504 
637 I 1409607 1504 
638 I 1409619 1504 
639 I 1409751 1504 
640 I 1437993 1504 
641 I 1438085 1504 
642 I 1438096 1504 
643 I 1438109 1504 
644 I 1438208 1504 
645 I 1438222 1504 
646 I 1463691 1504 
647 I 1463705 1504 
648 I 1464211 1504 
649 I 1464224 1504 
650 I 1464241 1504 
651 I 1464328 1504 
652 I 1488916 473 
653 I 1540762 1504 
654 I 1540894 1504 
655 I 1540905 1504 
656 I 1540921 1504 
657 I 1540926 1177 
658 I 1566525 1504 
659 I 1566542 1504 
660 I 1566633 1504 
661 I 1566645 1504 
662 I 1566669 1504 
663 I 1566776 1504 
664 I 1591740 1504 
665 I 1591751 1504 
666 I 1591849 1504 
667 I 1592104 1504 
668 I 1592117 1504 
669 I 1592618 1504 
670 I 1617328 1462 
671 I 1644955 1504 
672 I 1644966 1504 
673 I 1670430 1504 
674 I 1670445 1504 
675 I 1670456 1504 
676 I 1695785 1504 
677 I 1695915 1504 
678 I 1695932 1504 
679 I 1696039 1504 
680 I 1696319 1504 
681 I 1720901 1504 
682 I 1721029 1504 
683 I 1721411 1504 
684 I 1721437 1504 
685 I 1721686 1504 
686 I 1722052 1504 
687 I 1754873 148 
688 I 1754907 1504 
689 I 1812464 1504 
690 I 1812606 1504 
691 I 1812613 1504 
692 I 1812724 1504 
693 I 1812730 1177 
694 I 1837699 1504 
695 I 1837842 1504 
696 I 1837852 1504 
697 I 1837957 1504 
698 I 1838083 1504 
699 I 1838095 1504 
700 I 1863454 1504 
701 I 1863468 1504 
702 I 1863834 1504 
703 I 1863839 735 
704 I 1863846 1504 
705 I 1895189 1504 
706 I 1895201 1504 
707 I 1921032 1504 
708 I 1921046 1504 
709 I 1921059 1504 
710 I 1946268 1504 
711 I 1946382 1504 
712 I 1946512 1504 
713 I 1946659 1504 
714 I 1946672 1504 
715 I 1971888 1504 
716 I 1971899 1504 
717 I 1971998 1504 
718 I 1972012 1504 
719 I 1972267 1504 
720 I 1997235 1504 
721 I 1997247 1504 
722 I 1997850 1504 
723 I 1997865 1504 
724 I 1997992 1504 
725 I 1998118 1504 
726 I 2022713 1504 
727 I 2022847 1504 
728 I 2023349 1504 
729 I 2023463 1504 
730 I 2023510 1504 
731 I 2023521 1504 
732 I 2047947 1504 
733 I 2048059 1436 
734 I 2100563 1504 
735 I 2100696 1504 
736 I 2100708 1504 
737 I 2100721 1504 
738 I 2100726 1177 
739 I 2125729 1504 
740 I 2126794 1504 
741 I 2126914 1504 
742 I 2126929 1504 
743 I 2127524 1504 
744 I 2127938 1504 
745 I 2127951 1504 
746 I 2152759 1504 
747 I 2152772 1504 
748 I 2152899 1504 
749 I 2153910 1504 
750 I 2154010 1504 
751 I 2154022 1504 
752 I 2178000 1429 
753 I 2206986 1504 
754 I 2207100 1504 
755 I 2232590 1504 
756 I 2232607 1504 
757 I 2232709 1504 
758 I 2257945 1504 
759 I 2258065 1504 
760 I 2258078 1504 
761 I 2258096 1504 
762 I 2258196 1504 
763 I 2283181 1504 
764 I 2283306 1504 
765 I 2283558 1504 
766 I 2283580 1504 
767 I 2283705 1504 
768 I 2283817 1504 
769 I 2297096 1504 
770 I 2297197 1504 
771 I 2308534 1504 
772 I 2308550 1504 
773 I 2308809 1504 
774 I 2309560 1504 
775 I 2309571 1504 
776 I 2309585 1504 
777 I 2322821 1504 
778 I 2322835 1504 
779 I 2322850 1504 
780 I 2334370 59 
781 I 2334412 1504 
782 I 2348662 1504 
783 I 2348674 1504 
784 I 2348801 1504 
785 I 2348815 1504 
786 I 2374431 1504 
787 I 2374436 1504 
788 I 2374544 1504 
789 I 2387393 1504 
790 I 2387407 1504 
791 I 2387510 1504 
792 I 2387524 1504 
793 I 2387541 1177 
794 I 2400385 1504 
795 I 2400410 1504 
796 I 2400546 1504 
797 I 2400558 1504 
798 I 2413097 1504 
799 I 2413110 1504 
800 I 2413262 1504 
801 I 2413294 1504 
802 I 2413649 1504 
803 I 2413662 1504 
804 I 2425634 1504 
805 I 2425721 645 
806 I 2425735 1504 
807 I 2438587 1504 
808 I 2438612 1504 
809 I 2438722 1504 
810 I 2438853 1504 
811 I 2438865 1504 
812 I 2439097 1504 
813 I 2464072 1504 
814 I 2464225 1504 
815 I 2464437 1504 
816 I 2464452 1504 
817 I 2464580 1504 
818 I 2464592 1504 
819 I 2479188 1504 
820 I 2479200 1504 
821 I 2479309 1504 
822 I 2479448 1504 
823 I 2479453 1177 
824 I 2489294 1504 
825 I 2489416 1504 
826 I 2489943 1504 
827 I 2490060 1504 
828 I 2490071 1504 
829 I 2490085 1504 
830 I 2505667 1504 
831 I 2505805 1504 
832 I 2505826 1504 
833 I 2505977 1504 
834 I 2506074 1504 
835 I 2506191 1504 
836 I 2514694 1504 
837 I 2514800 1504 
838 I 2515426 1504 
839 I 2515569 1504 
840 I 2515580 1212 
841 I 2515585 1504 
842 I 2531269 1504 
843 I 2531363 301 
844 I 2531395 1504 
845 I 2543711 1504 
846 I 2543724 1504 
847 I 2558526 1504 
848 I 2558533 1504 
849 I 2558557 1504 
850 I 2558571 1504 
851 I 2558576 1177 
852 I 2569524 1504 
853 I 2569673 1504 
854 I 2569684 1504 
855 I 2583638 1504 
856 I 2583648 1504 
857 I 2583662 1504 
858 I 2583878 1504 
859 I 2585039 1504 
860 I 2585049 1486 
861 I 2595416 1504 
862 I 2595518 1504 
863 I 2595913 1504 
864 I 2595927 1504 
865 I 2596023 1504 
866 I 2612393 1504 
867 I 2612515 1504 
868 I 2612532 1504 
869 I 2612551 1504 
870 I 2612559 1177 
871 I 2620687 1504 
872 I 2620700 1504 
873 I 2621498 1504 
874 I 2621509 1504 
875 I 2621622 1504 
876 I 2637705 1504 
877 I 2637842 1504 
878 I 2637856 1504 
879 I 2638121 1504 
880 I 2638344 1504 
881 I 2638357 1504 
882 I 2646240 1504 
883 I 2646351 1504 
884 I 2646370 1504 
885 I 2646997 1504 
886 I 2647126 1504 
887 I 2647140 1504 
888 I 2663093 1504 
889 I 2663108 1504 
890 I 2663476 1504 
891 I 2663849 1504 
892 I 2663955 1504 
893 I 2663968 1504 
894 I 2671585 1504 
895 I 2671597 1504 
896 I 2671845 1504 
897 I 2672695 1504 
898 I 2672829 1504 
899 I 2672843 1504 
900 I 2688966 1504 
901 I 2688979 1504 
902 I 2689079 1504 
903 I 2689091 1504 
904 I 2689103 1504 
905 I 2689202 1504 
906 I 2697323 1504 
907 I 2697334 1504 
908 I 2697454 1504 
909 I 2698342 1504 
910 I 2698354 1504 
911 I 2698555 1504 
