0 I 0 1504 
1 I 114 1504 
2 I 65084 425 
3 I 65107 1504 
4 I 313312 1504 
5 I 313445 1504 
6 I 378781 1504 
7 I 378787 883 
8 I 378790 1504 
9 I 504922 73 
10 I 564405 73 
11 I 577904 73 
12 I 587134 309 
13 I 590745 703 
14 I 590758 1504 
15 I 889563 349 
16 I 889587 1504 
17 I 1068581 1504 
18 I 1068731 1341 
19 I 1357932 1504 
20 I 1358049 1504 
21 I 1425120 1504 
22 I 1425131 1504 
23 I 1425242 1504 
24 I 1492158 470 
25 I 1601763 296 
26 I 1604738 309 
27 I 1675697 73 
28 I 1678571 349 
29 I 1678597 1504 
30 I 91504841 588 
31 I 91637658 1504 
32 I 91637821 1336 
33 I 91873409 1504 
34 I 91873423 1504 
35 I 91937094 1504 
36 I 91937218 1504 
37 I 91937385 1504 
38 I 92000065 470 
39 I 92128490 73 
40 I 92138501 73 
41 I 92143080 73 
42 I 92157201 703 
43 I 92157216 1504 
44 I 92158454 296 
45 I 92159776 309 
46 I 92250026 73 
47 I 92251132 73 
48 I 92437478 322 
49 I 93291553 1029 
50 I 93292402 49 
51 I 94352667 313 
52 I 94420456 1504 
53 I 94420463 1485 
54 I 94482416 1504 
55 I 94482430 1504 
56 I 94482524 1504 
57 I 94545494 1504 
58 I 94545503 1504 
59 I 94545621 1504 
60 I 94607446 1504 
61 I 94607580 1504 
62 I 94607595 1504 
63 I 94612459 1504 
64 I 94612472 1504 
65 I 94612485 1504 
66 I 94678040 1504 
67 I 94678149 1504 
68 I 94678325 1504 
69 I 94681699 1504 
70 I 94681714 1504 
71 I 94681722 1504 
72 I 94684646 1504 
73 I 94684793 1504 
74 I 94684806 1504 
75 I 94744488 1504 
76 I 94744500 1504 
77 I 94744665 1504 
78 I 94748235 1504 
79 I 94748367 1504 
80 I 94748389 1504 
81 I 94755227 1504 
82 I 94755354 1504 
83 I 94755363 1504 
84 I 94755499 1504 
85 I 94755512 1504 
86 I 94829749 1111 
87 I 94998550 73 
88 I 96633565 1504 
89 I 96633698 1504 
90 I 96700384 425 
91 I 96700407 1504 
92 I 96995365 1504 
93 I 96995377 1504 
94 I 97058933 1504 
95 I 97059054 881 
96 I 97059062 1504 
97 I 97180080 73 
98 I 97241068 73 
99 I 97247795 73 
100 I 97257290 334 
101 I 97260419 703 
102 I 97260432 1504 
103 I 97322934 73 
