0 I 0 829 
1 I 1413314 836 
2 I 1907982 834 
3 I 2454746 737 
4 I 29973989 829 
5 I 31472254 834 
6 I 34062051 836 
7 I 34432951 734 
8 I 78974214 744 
9 I 80975782 751 
10 I 80978013 749 
11 I 105351533 829 
12 I 105743301 836 
13 I 106035016 834 
14 I 126110958 744 
15 I 127519851 751 
16 I 127520559 749 
17 I 128519681 738 
18 I 128520388 736 
19 I 146082660 780 
20 I 146085164 778 
21 I 154682468 829 
22 I 154923773 836 
23 I 155040764 834 
24 I 155080998 735 
25 I 171080498 829 
26 I 171272895 836 
27 I 171378825 834 
