0 I 0 1504 
1 I 1653779 1504 
2 I 1653892 1504 
3 I 104173758 1504 
4 I 104173896 1504 
5 I 104785476 1504 
6 I 104785607 1504 
7 I 104785733 1504 
8 I 105375901 1504 
9 I 105376014 1504 
10 I 105376153 1504 
11 I 105993411 256 
12 I 105993885 1504 
13 I 106596345 1504 
14 I 106596485 1504 
15 I 106596619 1504 
16 I 107205197 774 
17 I 107209368 1504 
18 I 107209489 1504 
19 I 107826127 774 
20 I 107826147 1504 
21 I 107956271 1504 
22 I 108413423 1504 
23 I 108427924 774 
24 I 108657376 1504 
25 I 109012959 774 
26 I 109012975 1504 
27 I 109373142 1504 
28 I 109606741 1504 
29 I 109612335 774 
30 I 110167678 1504 
31 I 110209810 774 
32 I 110209815 1504 
33 I 110499468 257 
34 I 110800070 1504 
35 I 111400173 1504 
36 I 113037776 1504 
37 I 113654866 1504 
38 I 113654968 1504 
39 I 113654977 774 
40 I 114242435 1504 
41 I 114928935 1504 
42 I 115518653 1504 
43 I 116100585 1504 
44 I 116981791 257 
45 I 118739201 1504 
46 I 119291124 1504 
47 I 119291232 1504 
48 I 119291307 209 
49 I 119291355 1504 
50 I 119844417 1504 
51 I 119844532 1504 
52 I 119973235 1504 
53 I 120380135 1504 
54 I 120388567 1504 
55 I 120507930 1211 
56 I 122230757 1504 
57 I 124131516 1504 
58 I 124131607 1390 
59 I 128118280 257 
60 I 131338416 257 
61 I 135706769 256 
62 I 136765525 257 
63 I 137860495 257 
64 I 139536220 257 
65 I 141112912 257 
66 I 142266332 257 
67 I 143342389 257 
68 I 143803317 257 
69 I 144432911 257 
