0 I 0 1180 
1 I 276762 580 
2 I 954709 580 
3 I 954716 580 
4 I 954803 580 
5 I 955011 580 
6 I 955022 580 
7 I 955052 382 
8 I 1034200 1504 
9 I 1034323 1504 
10 I 1485815 580 
11 I 1486341 78 
12 I 1486364 580 
13 I 1568357 362 
14 I 2650802 1504 
15 I 2650939 1504 
16 I 3354441 463 
17 I 6619894 1504 
18 I 7263422 463 
19 I 11607565 1504 
20 I 11607673 1504 
21 I 12272515 194 
22 I 15150608 78 
23 I 15549356 1504 
24 I 22111473 580 
25 I 22790628 580 
26 I 22790667 580 
27 I 23359198 432 
28 I 23359201 580 
29 I 24499370 863 
30 I 24499373 1504 
31 I 25607977 767 
32 I 25607998 1504 
33 I 26708318 694 
34 I 26708321 1504 
35 I 27808065 384 
36 I 31010204 384 
37 I 32013615 866 
38 I 32013628 1504 
39 I 35612164 866 
40 I 39789253 921 
41 I 39789264 1504 
42 I 41400833 78 
43 I 61748851 515 
44 I 61748885 1504 
45 I 62804946 479 
46 I 66062923 479 
47 I 67136479 632 
48 I 67136506 1504 
49 I 71306380 804 
50 I 71306396 1504 
51 I 72327571 783 
52 I 73349295 811 
53 I 73349301 1504 
54 I 77589661 497 
55 I 77589698 1504 
56 I 81542492 497 
57 I 82567414 958 
58 I 83623556 360 
59 I 83623599 1504 
60 I 87476218 360 
61 I 88489857 1459 
62 I 89498843 401 
63 I 90813036 580 
