0 I 0 719 
1 I 3240697 719 
2 I 68294435 895 
3 I 69542924 815 
4 I 70478780 1504 
5 I 70478891 1504 
6 I 70917882 1504 
7 I 70918010 1504 
8 I 70918125 1504 
9 I 71363459 1504 
10 I 71363588 1504 
11 I 71363770 1504 
12 I 71363848 1504 
13 I 71787555 1504 
14 I 71787695 1504 
15 I 71804070 1504 
16 I 71804227 1504 
17 I 72230398 1504 
18 I 72230526 1504 
19 I 72230646 1504 
20 I 72249116 1504 
21 I 72670571 1504 
22 I 72670696 1504 
23 I 72670818 1504 
24 I 72687983 1504 
25 I 73102527 1504 
26 I 73102647 1504 
27 I 73102773 1504 
28 I 73529950 774 
29 I 73529967 1504 
30 I 73634329 1504 
31 I 73958100 1504 
32 I 73959611 774 
33 I 74388466 991 
34 I 74388472 1504 
35 I 75045731 1504 
36 I 75475448 1504 
37 I 75475511 774 
38 I 75475529 1504 
39 I 76032226 1504 
40 I 76577045 1504 
41 I 77482133 1504 
42 I 77482256 1504 
43 I 77921861 1504 
44 I 77921989 1504 
45 I 77922104 1504 
46 I 78357661 1504 
47 I 78357784 1504 
48 I 78357908 1504 
49 I 78532813 67 
50 I 81189502 67 
51 I 81717684 1504 
52 I 82233395 1504 
53 I 82233534 774 
54 I 82233543 1504 
55 I 82693705 1504 
56 I 83150384 1504 
57 I 83603202 1504 
58 I 84062221 1504 
59 I 84517387 774 
60 I 86220765 67 
61 I 87325468 383 
62 I 88228385 617 
63 I 88228413 1504 
64 I 92003483 617 
65 I 92922406 427 
66 I 93967801 1504 
67 I 94404440 1504 
68 I 94404607 1504 
69 I 94404663 530 
70 I 94404683 1504 
71 I 94845950 1504 
72 I 94846943 1504 
73 I 94847011 530 
74 I 94847044 1504 
75 I 95294394 1504 
76 I 95295203 1504 
77 I 95295322 530 
78 I 95295354 1504 
79 I 95742626 1504 
80 I 95744235 1504 
81 I 95744313 530 
82 I 95744344 1504 
83 I 96194023 1504 
84 I 96200144 1504 
85 I 96637657 1018 
86 I 98014756 1504 
87 I 98428660 1504 
88 I 98428769 1504 
89 I 98428868 530 
90 I 98428881 1504 
91 I 98840960 1504 
92 I 98841255 1504 
93 I 98841288 1018 
94 I 102763902 427 
95 I 102936715 1504 
96 I 103359900 647 
97 I 104208596 1504 
98 I 104208711 1390 
99 I 107374987 1504 
100 I 111481742 837 
101 I 112344527 409 
102 I 115888949 427 
103 I 122101066 409 
104 I 122992626 783 
105 I 123941249 440 
106 I 124827177 641 
107 I 124827205 1504 
108 I 125718985 600 
109 I 126610469 1164 
