0 I 0 820 
1 I 1509515 1504 
2 I 1509657 1504 
3 I 2004205 1504 
4 I 2004367 1504 
5 I 2005039 1504 
6 I 2005142 1504 
7 I 2508220 1504 
8 I 2508339 1504 
9 I 2508499 1504 
10 I 2508625 1504 
11 I 2508774 1504 
12 I 2508860 1504 
13 I 2509543 1504 
14 I 2509659 1504 
15 I 3021525 1504 
16 I 3021650 1504 
17 I 3021773 1504 
18 I 3021913 1504 
19 I 3512995 1504 
20 I 3515295 1504 
21 I 3995847 1504 
22 I 3998649 1504 
23 I 4478581 1504 
24 I 4480881 1504 
25 I 4959923 1504 
26 I 4962348 1504 
27 I 5447293 1504 
28 I 5450489 1504 
29 I 5942504 1504 
30 I 5945836 409 
31 I 6403867 1504 
32 I 6446892 1504 
33 I 6908759 1504 
34 I 6908878 1504 
35 I 6908998 1504 
36 I 6909157 1504 
37 I 6909251 1504 
38 I 6909369 1504 
39 I 6909495 1504 
40 I 6909510 1125 
41 I 6951663 1504 
42 I 7409055 1504 
43 I 7409142 1504 
44 I 7409260 1504 
45 I 7409379 1504 
46 I 7409520 1504 
47 I 7409665 1504 
48 I 7409772 1504 
49 I 7409903 1504 
50 I 7409939 1125 
51 I 7913840 1504 
52 I 7914399 1504 
53 I 7914518 1504 
54 I 7914590 124 
55 I 7914642 1504 
56 I 10560540 1504 
57 I 11055398 1504 
58 I 11055497 1504 
59 I 11055556 1504 
60 I 11055802 1504 
61 I 11055882 1504 
62 I 11055903 1504 
63 I 11055965 66 
64 I 11056025 1504 
65 I 11567863 1183 
66 I 14576535 363 
67 I 17013390 1504 
