0 I 0 580 
1 I 629436 580 
2 I 629466 580 
3 I 629515 312 
4 I 1141046 580 
5 I 1656576 580 
6 I 2161155 580 
7 I 6649381 257 
8 I 17369485 1504 
9 I 17369587 1504 
10 I 17699159 1504 
11 I 17699250 1504 
12 I 17909542 1504 
13 I 17909643 1504 
14 I 17909763 1504 
15 I 18236047 1504 
16 I 18236168 1504 
17 I 18236299 1504 
18 I 18441688 1504 
19 I 18441818 1504 
20 I 18441930 1504 
21 I 18632557 1504 
22 I 18632695 1504 
23 I 18768872 1504 
24 I 18768982 1504 
25 I 18769100 1504 
26 I 18931463 1504 
27 I 18931561 1504 
28 I 18987853 1504 
29 I 18987975 1504 
30 I 18988106 1504 
31 I 19056200 256 
32 I 19178433 1504 
33 I 19311617 1504 
34 I 19311720 1504 
35 I 19311892 1504 
36 I 19436253 1504 
37 I 19468240 256 
38 I 19729689 1504 
39 I 19729765 530 
40 I 19729796 1504 
41 I 19860379 1504 
42 I 19860514 1504 
43 I 20192102 257 
44 I 20280539 1504 
45 I 20281151 1504 
46 I 20328280 580 
47 I 20571244 257 
48 I 20834944 1018 
49 I 20878653 580 
50 I 20878703 580 
51 I 20878731 416 
52 I 21427691 580 
53 I 21427860 580 
54 I 21532599 416 
55 I 21983506 580 
56 I 21983531 580 
57 I 22229927 416 
58 I 22546024 580 
59 I 22546057 580 
60 I 22567543 1504 
61 I 22678402 1504 
62 I 22883985 257 
63 I 22929975 416 
64 I 23111718 580 
65 I 23111789 580 
66 I 23329463 1504 
67 I 23329586 1504 
68 I 23329685 530 
69 I 23329718 1504 
70 I 23629310 416 
71 I 23648771 257 
72 I 23676820 580 
73 I 23676838 580 
74 I 23893402 1504 
75 I 23893554 1504 
76 I 23893593 530 
77 I 23893628 1504 
78 I 23895603 1504 
79 I 24240058 580 
80 I 24240117 580 
81 I 24366293 256 
82 I 24457406 1504 
83 I 24457526 1504 
84 I 24457561 1018 
85 I 24806516 580 
86 I 24806585 580 
87 I 25374548 865 
88 I 25380130 580 
89 I 25380159 580 
90 I 25470246 580 
91 I 25946002 580 
92 I 26712021 256 
93 I 27652266 256 
94 I 27820660 427 
95 I 28363487 580 
96 I 28737680 257 
97 I 29188072 580 
98 I 29567013 1504 
99 I 30110731 1504 
100 I 30110868 1504 
101 I 30110969 530 
102 I 30110981 1504 
103 I 30631686 1504 
104 I 30631842 1504 
105 I 30631928 1504 
106 I 31155410 1018 
107 I 31155415 1504 
108 I 32895177 257 
109 I 33151454 427 
110 I 33285783 1504 
111 I 34578648 257 
112 I 36626969 580 
113 I 37092394 580 
114 I 37092514 580 
115 I 37092524 312 
116 I 37564948 580 
117 I 37564956 580 
118 I 37817656 257 
119 I 38039430 580 
120 I 38040962 580 
121 I 38515696 580 
122 I 38519025 580 
123 I 38784246 258 
124 I 38785533 580 
125 I 38981549 580 
126 I 39031442 580 
127 I 39345300 580 
128 I 39345309 580 
129 I 39345320 580 
130 I 39345417 580 
131 I 39345436 382 
132 I 39345439 580 
133 I 39442624 580 
134 I 39489729 580 
135 I 39489733 580 
136 I 39489772 580 
137 I 39489838 52 
138 I 39489861 580 
139 I 39676655 427 
140 I 39713832 257 
141 I 39771899 580 
142 I 39814091 580 
143 I 39814140 580 
144 I 39814180 382 
145 I 39814286 580 
146 I 39814409 242 
147 I 39814423 580 
148 I 39814483 580 
149 I 39814514 580 
150 I 39814564 580 
151 I 39814620 580 
152 I 39814675 580 
153 I 39814721 382 
154 I 39912566 580 
155 I 39961981 580 
156 I 39962156 580 
157 I 39962167 580 
158 I 39962181 580 
159 I 40288143 580 
160 I 40288267 580 
161 I 40288289 580 
162 I 40288301 580 
163 I 40288431 580 
164 I 40288475 580 
165 I 40288528 580 
166 I 40288636 580 
167 I 40288644 580 
168 I 40350518 580 
169 I 40350552 312 
170 I 40350562 580 
171 I 40385872 580 
172 I 40439572 580 
173 I 40439592 580 
174 I 40439694 580 
175 I 40439726 580 
176 I 40773453 580 
177 I 40773517 426 
178 I 40837942 580 
179 I 40838000 580 
180 I 40875822 580 
181 I 40926688 580 
182 I 40926695 220 
183 I 41329683 580 
184 I 41329757 580 
185 I 41820873 580 
186 I 42295874 580 
187 I 42784005 580 
188 I 42969116 580 
189 I 43273244 580 
190 I 43766782 580 
191 I 43982565 440 
192 I 44965700 600 
193 I 45939781 257 
194 I 46942049 1164 
195 I 47932882 1504 
196 I 47933037 1504 
197 I 48426534 323 
198 I 49107528 580 
199 I 49465581 400 
200 I 49869292 257 
201 I 50708101 580 
202 I 52801957 427 
203 I 54129101 257 
204 I 55144711 257 
205 I 58362337 257 
206 I 59293809 400 
207 I 59404036 440 
208 I 60458775 600 
209 I 61357513 580 
210 I 61522168 1164 
211 I 61890234 580 
212 I 61890244 312 
213 I 61890255 580 
214 I 62423039 580 
215 I 62423119 580 
216 I 62423143 580 
217 I 62596913 257 
218 I 62950808 580 
219 I 62950828 580 
220 I 62950960 580 
221 I 63069069 580 
222 I 63463151 580 
223 I 63463493 580 
224 I 63463514 580 
225 I 63604136 1504 
226 I 63604440 1504 
227 I 63640505 1504 
228 I 63640561 1504 
229 I 63979613 580 
230 I 63979706 580 
231 I 63980332 580 
232 I 64121750 1417 
233 I 64157524 323 
234 I 64497172 81 
235 I 65184942 1180 
236 I 66253251 1504 
237 I 66253388 1504 
238 I 66774024 362 
239 I 66841164 1504 
240 I 67296063 1504 
241 I 67364839 323 
242 I 68432612 1504 
243 I 68432737 1504 
244 I 68810961 1504 
245 I 68811080 1504 
246 I 68963470 1248 
247 I 69443976 463 
248 I 71926580 1248 
249 I 72419326 1504 
250 I 72582204 580 
251 I 73080871 580 
252 I 73080900 312 
253 I 73080909 580 
254 I 73581488 580 
255 I 73581509 92 
256 I 73581529 580 
257 I 74085085 580 
258 I 74085143 580 
259 I 74085157 580 
260 I 74597914 580 
261 I 74597944 580 
262 I 75101005 580 
263 I 78544152 580 
264 I 79052640 427 
265 I 79245923 580 
266 I 79245988 580 
267 I 79245996 315 
268 I 80118608 258 
269 I 80315176 1504 
270 I 80315297 1504 
271 I 80844505 194 
272 I 81172657 257 
273 I 81356994 1504 
274 I 82199663 257 
275 I 83224244 257 
276 I 84248421 440 
277 I 85278525 600 
278 I 86125217 863 
279 I 86125228 1504 
280 I 86339171 1164 
281 I 87170587 767 
282 I 87170607 1504 
283 I 87385270 865 
284 I 90603557 865 
285 I 91119735 767 
286 I 91609215 1504 
287 I 91609355 1504 
288 I 92120068 323 
289 I 92205018 694 
290 I 92205042 1504 
291 I 92635080 1504 
292 I 95416129 1504 
293 I 97439365 1504 
294 I 97439484 1504 
295 I 97960501 1248 
296 I 99148517 1504 
297 I 99148637 1504 
298 I 99657959 1417 
299 I 100810391 1180 
300 I 102493961 1504 
301 I 102494077 1504 
302 I 103012419 362 
303 I 106049867 362 
304 I 108568564 580 
305 I 109099833 580 
306 I 109099894 580 
307 I 109099900 312 
308 I 109631378 580 
309 I 109631380 312 
310 I 109631389 580 
311 I 110169435 580 
312 I 110169556 580 
313 I 110364941 1504 
314 I 110365053 1504 
315 I 110706890 580 
316 I 110706920 580 
317 I 110900132 463 
318 I 111234030 580 
319 I 111234096 580 
320 I 111766791 580 
321 I 111766845 580 
322 I 111976553 1504 
323 I 111976640 1504 
324 I 112300181 580 
325 I 112300221 580 
326 I 112661225 194 
327 I 112826452 580 
328 I 112826534 580 
329 I 112942617 580 
330 I 113350930 580 
331 I 113879808 580 
332 I 114398144 580 
333 I 115913323 1504 
334 I 116960703 400 
335 I 117319308 580 
336 I 117813077 580 
337 I 117813085 580 
338 I 117813108 580 
339 I 117813203 580 
340 I 117813234 558 
341 I 117977527 863 
342 I 117977538 1504 
343 I 118304503 580 
344 I 118305186 580 
345 I 118305745 580 
346 I 118305906 580 
347 I 118632099 580 
348 I 118794889 580 
349 I 118796342 176 
350 I 119075095 767 
351 I 119075114 1504 
352 I 119124590 580 
353 I 119124630 312 
354 I 119124639 580 
355 I 119619381 580 
356 I 120103861 580 
357 I 120128281 694 
358 I 120128283 1504 
359 I 120581197 580 
360 I 123811768 694 
361 I 123811794 1504 
362 I 129899095 580 
363 I 130454696 580 
364 I 130454715 580 
365 I 130915720 546 
366 I 130989895 580 
367 I 131378167 580 
368 I 131454304 580 
369 I 131454395 416 
370 I 131454398 580 
371 I 131928125 580 
372 I 131928145 580 
373 I 131928161 416 
374 I 132394089 580 
375 I 132843224 384 
376 I 132849066 580 
377 I 134599608 580 
378 I 135086617 580 
379 I 135086635 580 
380 I 135086639 312 
381 I 135552253 580 
382 I 135552329 580 
383 I 135655158 312 
384 I 135943345 384 
385 I 136022448 580 
386 I 136022463 580 
387 I 136486501 580 
388 I 136486554 580 
389 I 136954223 580 
390 I 136954708 580 
391 I 137062307 515 
392 I 137062343 1504 
393 I 137303657 866 
394 I 137303668 1504 
395 I 137419233 580 
396 I 137989141 580 
397 I 138450573 580 
398 I 138450591 580 
399 I 138450594 580 
400 I 138450637 52 
401 I 138450661 580 
402 I 138912837 580 
403 I 138912940 580 
404 I 138912949 580 
405 I 139377025 580 
406 I 139377736 580 
407 I 139377928 580 
408 I 139840475 580 
409 I 139841189 580 
410 I 140314822 580 
411 I 140315189 580 
412 I 140505560 1504 
413 I 140639275 515 
414 I 141447783 921 
415 I 141447786 1504 
416 I 142571175 632 
417 I 142571205 1504 
418 I 142802748 580 
419 I 143284309 580 
420 I 143284377 580 
421 I 143284399 580 
422 I 143284451 580 
423 I 143284462 580 
424 I 143284508 398 
425 I 143284512 580 
426 I 143763803 580 
427 I 143763879 580 
428 I 143764143 580 
429 I 143764302 580 
430 I 143764391 580 
431 I 144248139 580 
432 I 144248801 580 
433 I 144249461 580 
434 I 144720130 580 
435 I 144721560 410 
436 I 144873772 479 
437 I 145824521 1504 
438 I 145824535 866 
439 I 146139342 632 
440 I 149034549 1504 
441 I 149941381 1504 
442 I 149941402 921 
443 I 151115720 580 
444 I 152264009 580 
445 I 152867005 96 
446 I 153192513 1504 
447 I 153730963 573 
448 I 153730995 1504 
449 I 157288574 632 
450 I 157288578 1504 
451 I 157861632 1459 
452 I 158207311 573 
453 I 158207337 1504 
454 I 158866930 804 
455 I 158866949 1504 
456 I 162070720 1504 
457 I 162112027 573 
458 I 163011754 811 
459 I 163011774 1504 
460 I 163052531 1459 
461 I 163971467 515 
462 I 163971501 1504 
463 I 166911757 580 
464 I 167543891 515 
465 I 173672417 515 
466 I 177895637 479 
467 I 178868203 497 
468 I 178868247 1504 
469 I 182452138 497 
470 I 183435250 958 
471 I 187629894 401 
472 I 198412519 580 
473 I 198853483 580 
474 I 198853656 312 
475 I 198853665 580 
476 I 199288131 580 
477 I 199288174 580 
478 I 199288209 398 
479 I 199726691 580 
480 I 199726727 580 
481 I 200163120 580 
482 I 200163122 580 
483 I 200601511 580 
484 I 201040079 580 
485 I 201463899 580 
486 I 201881726 580 
487 I 202298520 580 
488 I 202717864 580 
489 I 203139232 580 
490 I 203568134 142 
491 I 207274837 401 
492 I 262288102 580 
493 I 262758075 580 
494 I 262758136 580 
495 I 262758255 570 
496 I 263304871 360 
497 I 263304891 1504 
498 I 273681238 360 
