0 I 0 1504 
1 I 120 1504 
2 I 726846 1504 
3 I 726979 1504 
4 I 727090 1504 
5 I 1491068 1504 
6 I 1491207 1504 
7 I 1491337 1504 
8 I 1711750 1504 
9 I 1711862 1504 
10 I 1755871 1504 
11 I 1756010 1504 
12 I 2169804 1504 
13 I 2309372 1504 
14 I 2462308 1504 
15 I 2521685 1504 
16 I 2521773 1504 
17 I 2588179 1504 
18 I 2740701 1504 
19 I 2740812 1504 
20 I 2832907 1504 
21 I 3188707 1504 
22 I 3188831 1504 
23 I 3188971 1504 
24 I 3246051 1504 
25 I 3452688 1504 
26 I 3467393 1504 
27 I 3467543 1504 
28 I 3467640 1504 
29 I 3889831 1504 
30 I 3909433 1504 
31 I 3909575 991 
32 I 3909581 1504 
33 I 5139574 1504 
34 I 5139700 1504 
35 I 5903780 1504 
36 I 5903926 1504 
37 I 5904022 1504 
38 I 6337666 1504 
39 I 6666658 1504 
40 I 6666770 1504 
41 I 6666897 1504 
42 I 6976362 1504 
43 I 6976476 1504 
44 I 6976563 465 
45 I 6976600 1504 
46 I 7323477 67 
47 I 7441692 1504 
48 I 7441816 1504 
49 I 7725370 1504 
50 I 7725493 1504 
51 I 7995942 1504 
52 I 8338081 1504 
53 I 8465257 1504 
54 I 8668425 1504 
55 I 8988261 1504 
56 I 9147252 1504 
57 I 9374615 1504 
58 I 10011382 1504 
59 I 10656225 1504 
60 I 11346562 1504 
61 I 11915023 1504 
62 I 12065966 1504 
63 I 12071261 383 
64 I 12599259 1504 
65 I 12599386 1504 
66 I 12599514 1504 
67 I 12599626 1504 
68 I 12599777 1504 
69 I 12599863 491 
70 I 12599877 1504 
71 I 12766358 1504 
72 I 13153699 1504 
73 I 13153799 1390 
74 I 13449383 1504 
75 I 13449503 1504 
76 I 13449635 1504 
77 I 13449761 1504 
78 I 13449915 1504 
79 I 14408857 1504 
80 I 14408874 1238 
