0 I 0 580 
1 I 1131177 580 
2 I 1131280 580 
3 I 1131323 580 
4 I 1131331 580 
5 I 1131431 580 
6 I 1131433 382 
7 I 2114171 580 
8 I 2114703 580 
9 I 2117089 580 
10 I 2117364 580 
11 I 5460612 209 
12 I 37437569 383 
13 I 37449226 617 
14 I 37449255 1504 
15 I 38511646 641 
16 I 38511673 1504 
17 I 39641861 1504 
18 I 39641951 1390 
19 I 41618961 617 
20 I 42729189 427 
21 I 43505573 1390 
22 I 43844049 837 
23 I 44633843 409 
24 I 45747331 783 
25 I 47093743 837 
26 I 48295938 600 
27 I 50131860 440 
28 I 51401765 1504 
29 I 51401891 1504 
30 I 52051668 323 
31 I 52685844 865 
32 I 53227306 1504 
33 I 53227422 1504 
34 I 53819531 1248 
35 I 53851962 400 
36 I 54391483 1504 
37 I 55632020 1504 
38 I 55632145 1504 
39 I 56201895 1417 
40 I 57121957 400 
41 I 58308276 1180 
42 I 59460330 1504 
43 I 59460462 1504 
44 I 59473327 1417 
45 I 60030775 362 
46 I 60620286 1504 
47 I 60620434 1504 
48 I 61178891 463 
49 I 61733984 1504 
50 I 63303902 863 
51 I 63303912 1504 
52 I 64418168 767 
53 I 64418179 1504 
54 I 65529813 1504 
55 I 65529819 694 
56 I 66658217 384 
57 I 69935977 384 
58 I 71100935 866 
59 I 71100951 1504 
60 I 74296368 1504 
61 I 75461318 921 
62 I 75461325 1504 
63 I 76670925 515 
64 I 76670956 1504 
65 I 79872558 1504 
66 I 82215845 632 
67 I 82215870 1504 
68 I 83391776 573 
69 I 83391805 1504 
70 I 84283869 479 
71 I 85486582 1504 
72 I 85486587 804 
73 I 86624165 1459 
74 I 87639886 573 
75 I 89823737 1459 
76 I 91079911 497 
77 I 91079946 1504 
78 I 92164316 811 
79 I 92164334 1504 
80 I 93363780 401 
81 I 94308181 1504 
82 I 94611961 958 
83 I 97810286 958 
84 I 99134478 360 
85 I 99134525 1504 
86 I 100870430 580 
87 I 113995492 580 
88 I 114724958 580 
89 I 114725041 312 
90 I 114725049 580 
91 I 115235683 81 
