0 I 0 895 
1 I 1856930 815 
2 I 2943215 1504 
3 I 2943357 1504 
4 I 3493167 1504 
5 I 4048294 1504 
6 I 4613887 1504 
7 I 4613988 774 
8 I 4614007 1504 
9 I 5158785 1504 
10 I 5180216 1504 
11 I 5180334 1504 
12 I 5703682 1504 
13 I 5821934 1504 
14 I 5822055 1504 
15 I 6253151 1504 
16 I 6381449 1504 
17 I 6389650 1504 
18 I 6817953 774 
19 I 6938508 1504 
20 I 6938643 1504 
21 I 6945666 774 
22 I 7514449 1504 
23 I 7793220 1504 
24 I 8075718 1504 
25 I 8522200 1504 
26 I 8522319 1504 
27 I 8522413 530 
28 I 8522444 1504 
29 I 8629364 1504 
30 I 9072956 1504 
31 I 9073079 1504 
32 I 9073167 530 
33 I 9073200 1504 
34 I 9180330 1504 
35 I 9638724 1504 
36 I 9749348 774 
37 I 10768942 1504 
38 I 11338517 1504 
39 I 11338646 1504 
40 I 11338661 991 
41 I 12603577 1504 
42 I 18730224 580 
43 I 19421891 580 
44 I 19421897 580 
45 I 19421953 580 
46 I 19422016 580 
47 I 19422066 580 
48 I 19422083 382 
49 I 19979840 580 
50 I 19983260 580 
51 I 19983316 580 
52 I 20517885 580 
53 I 20528899 580 
54 I 21061539 580 
55 I 31033999 580 
56 I 31723681 580 
57 I 31723845 580 
58 I 31723857 580 
59 I 31723920 580 
60 I 31723959 580 
61 I 31723976 382 
62 I 32182413 580 
63 I 36471293 1504 
64 I 36471410 1504 
65 I 37129429 1504 
66 I 37129572 1504 
67 I 37641060 1504 
68 I 37652468 1504 
69 I 38146571 1504 
70 I 38146710 1504 
71 I 38156876 774 
72 I 38657572 797 
73 I 41647484 1504 
74 I 47768161 580 
75 I 48421439 580 
76 I 48421447 580 
77 I 48421533 580 
78 I 48421551 307 
79 I 48421562 580 
80 I 56681967 580 
81 I 57213317 580 
82 I 57213360 312 
83 I 57213364 580 
84 I 57799760 580 
85 I 57799769 580 
86 I 57799834 580 
87 I 58356434 580 
88 I 58911993 580 
89 I 59449705 580 
90 I 59973673 580 
91 I 60510301 580 
92 I 61050319 580 
93 I 61112088 580 
94 I 62739936 383 
95 I 66997451 617 
96 I 66997480 1504 
97 I 68080952 641 
98 I 68080982 1504 
99 I 69149855 427 
100 I 70246339 837 
101 I 74562630 409 
