0 I 0 936 
1 I 1486970 856 
2 I 4759551 856 
3 I 5775450 1504 
4 I 5775594 1504 
5 I 6233423 1504 
6 I 6233507 1504 
7 I 6233645 1504 
8 I 6686702 1504 
9 I 6686847 1504 
10 I 6686951 1504 
11 I 6824433 1504 
12 I 6824565 1504 
13 I 7132829 1504 
14 I 7132960 1504 
15 I 7133058 1504 
16 I 7274507 1504 
17 I 7274621 1504 
18 I 7423392 1504 
19 I 7720529 1504 
20 I 7720621 1504 
21 I 7817815 1504 
22 I 7817972 1504 
23 I 10717241 1504 
24 I 10991744 1504 
25 I 11146009 1504 
26 I 11146106 774 
27 I 11146124 1504 
28 I 11583515 1504 
29 I 11583608 1504 
30 I 12025905 1504 
31 I 12026022 1504 
32 I 12467486 1504 
33 I 14107842 1504 
34 I 17553981 580 
35 I 18006192 580 
36 I 18006248 580 
37 I 18466751 580 
38 I 18931695 580 
39 I 19359370 580 
40 I 19401811 580 
41 I 19401841 312 
42 I 19401849 580 
43 I 19869484 580 
44 I 19869494 580 
45 I 20333079 580 
46 I 20333100 580 
47 I 20795658 580 
48 I 20795765 580 
49 I 21266708 580 
50 I 23022884 580 
51 I 29366467 580 
52 I 29856521 580 
53 I 30324408 580 
54 I 30324419 312 
55 I 30324429 580 
56 I 30801065 580 
57 I 45194452 1504 
58 I 45194601 1504 
59 I 45691496 1504 
60 I 46181266 1504 
61 I 46669140 1504 
62 I 46669266 774 
63 I 46669284 1504 
64 I 51732250 580 
65 I 53128608 1504 
66 I 66252732 580 
67 I 83669605 383 
68 I 88508012 617 
69 I 88508038 1504 
70 I 93731891 580 
71 I 108181577 580 
72 I 108715257 580 
73 I 108715557 580 
74 I 108715584 469 
