0 I 0 1504 
1 I 106 1504 
2 I 493606 1504 
3 I 493728 1504 
4 I 493837 1504 
5 I 989269 1504 
6 I 1494787 1504 
7 I 1494913 1504 
8 I 1996912 774 
9 I 1997167 1504 
10 I 1997305 1504 
11 I 2496448 1504 
12 I 2496472 774 
13 I 2687379 1504 
14 I 3003314 774 
15 I 3003330 1504 
16 I 3509562 1504 
17 I 4019482 1504 
18 I 4214268 1504 
19 I 4214402 1504 
20 I 4738849 1504 
21 I 4738967 1504 
22 I 4739093 1504 
23 I 5257300 1504 
24 I 5257884 1504 
25 I 5545885 1504 
26 I 5768923 1504 
27 I 5769047 1504 
28 I 5769137 774 
29 I 6188996 1504 
30 I 6189123 1504 
31 I 6189141 1057 
32 I 6286043 1504 
33 I 6715113 1504 
34 I 6715222 774 
35 I 6715244 1504 
36 I 6715266 327 
37 I 6811426 1504 
38 I 7244700 1504 
39 I 7245474 1504 
40 I 7245593 1504 
41 I 7344627 1504 
42 I 7772180 1504 
43 I 7773079 1504 
44 I 7869610 1504 
45 I 8290560 1504 
46 I 8384893 1504 
47 I 8892477 1403 
48 I 9276218 1504 
49 I 11889895 1504 
50 I 12406568 1504 
51 I 12406700 1504 
52 I 12406823 1504 
53 I 12406929 885 
54 I 12406936 1504 
55 I 12928166 1504 
56 I 12928288 1504 
57 I 12928436 1504 
58 I 13098952 1504 
59 I 13446989 1504 
60 I 13447183 1504 
61 I 13619323 1504 
62 I 13976128 1504 
63 I 14142190 1504 
64 I 14486501 1504 
65 I 14654144 1504 
66 I 15001528 1504 
67 I 15402676 580 
68 I 15516377 1504 
69 I 16106286 580 
70 I 16106297 580 
71 I 16106325 580 
72 I 16106333 580 
73 I 16106338 382 
74 I 16106345 580 
75 I 16614462 580 
76 I 16614503 331 
77 I 16614511 580 
78 I 20813276 1504 
79 I 20813430 1504 
80 I 21317862 1504 
81 I 21827495 1504 
82 I 23578221 1504 
83 I 24214576 1504 
84 I 24214699 1504 
85 I 24214843 1504 
86 I 24214945 1504 
87 I 24215066 1504 
88 I 24215171 1504 
89 I 24215308 1409 
90 I 24737030 1504 
91 I 24737172 1504 
92 I 24737298 1504 
93 I 24737414 1504 
94 I 24737552 1504 
95 I 24737645 1504 
96 I 24737757 1409 
97 I 24737952 1347 
98 I 28308040 1504 
99 I 28810102 1504 
100 I 28810221 1504 
101 I 28810328 1358 
102 I 29303553 1504 
103 I 29303693 1504 
104 I 29795186 213 
105 I 68121105 580 
106 I 68779283 580 
107 I 68779362 580 
108 I 68779489 580 
109 I 68779497 580 
110 I 68779560 580 
111 I 68779593 382 
112 I 69238998 580 
113 I 69239100 580 
114 I 69239108 580 
115 I 69239233 580 
116 I 69239264 580 
117 I 69700534 580 
118 I 69700547 61 
119 I 69700571 580 
120 I 88233997 580 
121 I 88807426 580 
122 I 88807435 580 
123 I 88807485 580 
124 I 88807496 580 
125 I 88807580 580 
126 I 88807650 382 
127 I 89272332 580 
128 I 89272351 580 
129 I 89272466 580 
130 I 89272487 580 
131 I 89272588 382 
132 I 89272591 580 
133 I 177828477 1504 
134 I 177828593 1504 
135 I 178266571 1504 
136 I 178266713 1504 
137 I 178266820 1504 
138 I 178754451 1504 
139 I 178754584 1504 
140 I 178754698 1504 
141 I 178782377 256 
142 I 179239740 1504 
143 I 179240271 1504 
144 I 179240385 1504 
145 I 179713297 1504 
146 I 179713522 774 
147 I 180168581 1504 
148 I 180626881 1504 
149 I 181089666 1504 
150 I 181549520 1504 
151 I 182007340 1504 
152 I 182462202 1504 
153 I 182656162 1504 
154 I 182904320 1504 
155 I 182990415 1504 
156 I 182990585 1504 
157 I 183246190 1504 
158 I 183246325 1504 
159 I 183246442 1504 
160 I 183246449 752 
161 I 183331358 1504 
162 I 183331437 1504 
163 I 183331565 1504 
164 I 183331694 752 
165 I 183331696 1504 
166 I 183412734 1504 
167 I 183412871 1504 
168 I 183412920 1273 
169 I 183758357 1504 
170 I 183758479 1504 
171 I 183758621 1504 
172 I 183758746 1504 
173 I 183758935 1504 
174 I 183759065 1504 
175 I 184194298 1504 
176 I 184194412 1504 
177 I 184194498 1504 
178 I 184194612 1504 
179 I 184194798 1504 
180 I 184635575 1504 
181 I 184635719 1504 
182 I 184636250 1504 
183 I 184636381 1504 
184 I 184636520 1504 
185 I 185078658 667 
