0 I 0 580 
1 I 538605 580 
2 I 538617 580 
3 I 538726 580 
4 I 538784 580 
5 I 538789 580 
6 I 538814 539 
7 I 1099216 580 
8 I 1099227 580 
9 I 1099326 580 
10 I 1099339 580 
11 I 1106649 257 
12 I 1106834 258 
13 I 1288802 580 
14 I 1657684 580 
15 I 1657743 580 
16 I 1660146 580 
17 I 1847690 580 
18 I 2174667 258 
19 I 2234025 580 
20 I 2234054 580 
21 I 2409109 580 
22 I 2806516 580 
23 I 2806638 580 
24 I 3382540 580 
25 I 3382547 580 
26 I 3935249 580 
27 I 3987351 580 
28 I 4381384 258 
29 I 9404137 580 
30 I 20342233 580 
31 I 20821043 580 
32 I 20821065 312 
33 I 20821076 580 
34 I 21281465 580 
35 I 21281513 580 
36 I 21281553 312 
37 I 21281560 580 
38 I 21754929 580 
39 I 21754959 580 
40 I 21754998 312 
41 I 21755006 580 
42 I 22230950 312 
43 I 22230959 580 
44 I 22231072 580 
45 I 22724616 580 
46 I 22724656 580 
47 I 22724697 580 
48 I 22726757 257 
49 I 23222515 580 
50 I 23222527 580 
51 I 23719375 580 
52 I 24086895 258 
53 I 24216828 580 
54 I 24716494 580 
55 I 24721335 580 
56 I 25962032 257 
57 I 29748003 580 
58 I 30237350 580 
59 I 30237495 312 
60 I 30237501 580 
61 I 31280508 257 
62 I 40254330 580 
63 I 60379033 580 
64 I 60899427 580 
65 I 60899537 312 
66 I 60899547 580 
67 I 61438664 580 
68 I 61438732 312 
69 I 61438737 580 
70 I 61977385 580 
71 I 61977676 312 
72 I 61977687 580 
73 I 62512929 580 
74 I 62514362 580 
75 I 63050870 580 
76 I 63053290 580 
77 I 63563440 580 
78 I 63568532 580 
79 I 64090843 580 
80 I 64096357 580 
81 I 64097694 580 
82 I 64617697 580 
83 I 64629097 580 
84 I 64629119 217 
85 I 99472006 1504 
86 I 99472159 1504 
87 I 99976160 1504 
88 I 99976305 1504 
89 I 99976414 1504 
90 I 100484796 1504 
91 I 100484911 1504 
92 I 100485017 1504 
93 I 100485544 1504 
94 I 100485682 1504 
95 I 100982634 1504 
96 I 100984005 1504 
97 I 100984147 1504 
98 I 100984277 1504 
99 I 101479901 1504 
100 I 101479999 1358 
101 I 101972210 1504 
102 I 101974207 1504 
103 I 102456108 1504 
104 I 102937331 1504 
105 I 103434308 1504 
106 I 103932979 1504 
107 I 104222034 256 
108 I 104368460 1504 
109 I 104434697 1504 
110 I 104871589 1504 
111 I 104871796 1504 
112 I 104871895 1504 
113 I 104871984 1504 
114 I 104871992 1029 
115 I 104924165 1504 
116 I 105230990 257 
117 I 105362414 1504 
118 I 105362537 1504 
119 I 105362659 1504 
120 I 105362799 1029 
121 I 105362802 1504 
122 I 105362982 1504 
123 I 105844179 175 
124 I 105844234 1504 
125 I 105844350 1504 
126 I 105844456 1504 
127 I 105844466 1029 
128 I 106316333 1504 
129 I 106321008 175 
130 I 106321063 1504 
131 I 106440922 1029 
132 I 106825236 1504 
133 I 106825299 175 
134 I 106825354 1504 
135 I 106936765 97 
136 I 106936823 1504 
137 I 107310398 1504 
138 I 107310404 1107 
139 I 107415034 1504 
140 I 107416296 1171 
141 I 107792537 1504 
142 I 107792602 1107 
143 I 108034844 1171 
144 I 108271003 311 
145 I 108498018 257 
146 I 109780381 256 
147 I 110011154 256 
148 I 110012510 1504 
149 I 110012641 1504 
150 I 110480852 1417 
151 I 111473994 256 
152 I 113225449 256 
153 I 113269803 256 
154 I 114015701 258 
155 I 114240707 258 
156 I 115004499 257 
157 I 115359326 257 
158 I 115837357 257 
159 I 115962679 256 
160 I 118378217 257 
161 I 119189060 256 
162 I 119788152 256 
