0 I 0 478 
1 I 172675 1504 
2 I 172804 1504 
3 I 172907 1504 
4 I 173952 972 
5 I 173955 1504 
6 I 2071770 650 
7 I 2074397 1504 
8 I 2074511 1504 
9 I 2586961 1504 
10 I 2587087 1504 
11 I 2587222 1504 
12 I 3085781 1504 
13 I 3085885 1504 
14 I 3086007 1504 
15 I 3180323 1504 
16 I 3180454 1504 
17 I 3373947 972 
18 I 3633967 1504 
19 I 3634089 1504 
20 I 3634226 1504 
21 I 3720475 1504 
22 I 3720607 1504 
23 I 3729856 1504 
24 I 3730008 1504 
25 I 3730094 1504 
26 I 4171273 1504 
27 I 4171396 1504 
28 I 4171550 1504 
29 I 4256940 1504 
30 I 4257063 1504 
31 I 4257216 1504 
32 I 4266126 1504 
33 I 4266208 1504 
34 I 4266350 1504 
35 I 4267121 1504 
36 I 4267200 1504 
37 I 4267319 1504 
38 I 4712828 1504 
39 I 4712951 1504 
40 I 4713088 1504 
41 I 4795630 1504 
42 I 4795785 1504 
43 I 4810663 1504 
44 I 4810790 1504 
45 I 4810913 1504 
46 I 4817894 650 
47 I 5261422 622 
48 I 5261459 1504 
49 I 5608142 237 
50 I 6184816 345 
51 I 6184857 1504 
52 I 6349585 237 
53 I 6426913 238 
54 I 6815114 239 
55 I 6964808 345 
56 I 6964847 1504 
57 I 9062361 622 
58 I 9155983 341 
59 I 10024343 345 
60 I 10714921 345 
61 I 11003470 365 
62 I 13219185 478 
63 I 13219221 1504 
64 I 15899902 900 
65 I 18839761 900 
66 I 19545966 820 
67 I 22905510 1504 
68 I 22905655 1504 
69 I 23477300 1504 
70 I 23477397 1504 
71 I 23477510 1504 
72 I 23675362 478 
73 I 23933723 820 
74 I 23970430 455 
75 I 24041453 1504 
76 I 24609823 1504 
77 I 24609935 774 
78 I 24609953 1504 
79 I 25181115 1504 
80 I 25181211 628 
81 I 25181238 1504 
82 I 26045932 390 
83 I 26164123 1504 
84 I 26164258 1504 
85 I 26449955 1504 
86 I 26450067 1504 
87 I 26579341 1504 
88 I 26579475 1504 
89 I 26598679 421 
90 I 26727791 1504 
91 I 26727913 1504 
92 I 26728037 1504 
93 I 27000189 1504 
94 I 27000310 1504 
95 I 27000418 1504 
96 I 27129729 1504 
97 I 27129893 1504 
98 I 27129988 1504 
99 I 27273884 1504 
100 I 27274020 1504 
101 I 27274139 1504 
102 I 27365627 1504 
103 I 27365749 1504 
104 I 27543875 1504 
105 I 27543998 1504 
106 I 27544113 1504 
107 I 27638282 1504 
108 I 27638395 1504 
109 I 27674318 1504 
110 I 27674431 1504 
111 I 27674560 1504 
112 I 27723489 1504 
113 I 27723616 1504 
114 I 27816993 1504 
115 I 27817116 1504 
116 I 27817238 1504 
117 I 27905017 1504 
118 I 27905143 1504 
119 I 27905256 1504 
120 I 27935404 1504 
121 I 27935527 1504 
122 I 28086086 1504 
123 I 28086189 1504 
124 I 28086304 1504 
125 I 28160263 1504 
126 I 28160375 1504 
127 I 28184999 1504 
128 I 28185117 1504 
129 I 28185346 1504 
130 I 28220012 1504 
131 I 28220149 1504 
132 I 28220274 1504 
133 I 28272198 1504 
134 I 28272341 1504 
135 I 28272450 1504 
136 I 28362954 1504 
137 I 28363070 1504 
138 I 28364445 1504 
139 I 28364536 1504 
140 I 28364644 1504 
141 I 28402745 1504 
142 I 28402865 1504 
143 I 28452737 1504 
144 I 28452849 1504 
145 I 28452985 1504 
146 I 28461624 1504 
147 I 28480901 1504 
148 I 28481033 1504 
149 I 28481168 1504 
150 I 28503655 1504 
151 I 28503772 1504 
152 I 28636855 1504 
153 I 28636979 1504 
154 I 28637117 1504 
155 I 28703243 1504 
156 I 28703346 1504 
157 I 28703499 1504 
158 I 28729420 1504 
159 I 28729536 1504 
160 I 28729669 1504 
161 I 28729778 1504 
162 I 28729936 1504 
163 I 28730026 1504 
164 I 28761382 1504 
165 I 28761522 1504 
166 I 28761643 1504 
167 I 28813739 1504 
168 I 28813858 1504 
169 I 28813985 1504 
170 I 28814624 1504 
171 I 28814764 1504 
172 I 28814870 1504 
173 I 28905090 1504 
174 I 28905203 1504 
175 I 28905341 1504 
176 I 28907456 1504 
177 I 28907598 1504 
178 I 28907730 1504 
179 I 28947777 1504 
180 I 28947909 1504 
181 I 28948016 1504 
182 I 28997016 649 
183 I 28997045 1504 
184 I 29101739 1504 
185 I 29101880 1504 
186 I 29177914 1504 
187 I 29178029 1504 
188 I 29178138 1504 
189 I 29244068 1504 
190 I 29244186 1504 
191 I 29244318 1504 
192 I 29244467 1504 
193 I 29244543 1504 
194 I 29244648 1360 
195 I 29306570 1504 
196 I 29306716 1504 
197 I 29306829 1504 
198 I 29359548 1504 
199 I 29359687 1504 
200 I 29359760 1504 
201 I 29359903 1504 
202 I 29359983 650 
203 I 29360003 1504 
204 I 30849718 900 
205 I 30925088 1504 
206 I 30925169 1504 
207 I 31453011 1216 
208 I 31947768 649 
209 I 32258087 650 
210 I 33780583 345 
211 I 33780628 1504 
212 I 34153345 1504 
213 I 34153498 1504 
214 I 34610638 1504 
215 I 34610763 1504 
216 I 34644631 343 
217 I 34703190 900 
218 I 34755951 359 
219 I 35094129 1398 
220 I 35410107 1504 
221 I 35410240 1504 
222 I 35567679 1504 
223 I 35870869 444 
224 I 38890009 444 
225 I 39140801 820 
226 I 39327117 478 
227 I 39327150 1504 
228 I 42201922 1504 
229 I 42202027 1504 
230 I 42696750 1504 
231 I 42696884 1504 
232 I 42697005 1504 
233 I 42884404 478 
234 I 43189162 1504 
235 I 43189294 1504 
236 I 43189410 1504 
237 I 43287791 1504 
238 I 43287929 1504 
239 I 43692704 1504 
240 I 43692808 1504 
241 I 43692912 1504 
242 I 43784900 1504 
243 I 43785035 1504 
244 I 43785139 1504 
245 I 43877330 1504 
246 I 43877470 1504 
247 I 44186470 1504 
248 I 44186564 1504 
249 I 44186681 1504 
250 I 44275274 354 
251 I 44277927 1504 
252 I 44278039 1504 
253 I 44278756 1504 
254 I 44278883 1504 
255 I 44279013 1504 
256 I 44284191 1504 
257 I 44284310 1504 
258 I 44373925 1504 
259 I 44374044 1504 
260 I 44374121 1504 
261 I 44673490 1504 
262 I 44673625 1504 
263 I 44673732 1504 
264 I 44761929 1504 
265 I 44762046 1504 
266 I 44762208 1504 
267 I 44764641 1504 
268 I 44764651 649 
269 I 47463511 649 
270 I 47565644 354 
271 I 48692878 580 
272 I 49203300 580 
273 I 49203315 580 
274 I 49616521 1504 
275 I 49616604 1504 
276 I 49690416 421 
277 I 49707133 580 
278 I 49707240 580 
279 I 49707260 580 
280 I 49707274 580 
281 I 49798155 846 
282 I 50120588 1398 
283 I 50205594 580 
284 I 50205702 580 
285 I 50205712 580 
286 I 50205833 580 
287 I 50205849 580 
288 I 50205871 580 
289 I 50699205 580 
290 I 50699313 133 
291 I 50699322 580 
292 I 50702350 580 
293 I 50702387 130 
294 I 50702407 580 
295 I 50702502 580 
296 I 50702532 128 
297 I 50702552 580 
298 I 51182718 126 
299 I 51182729 580 
300 I 51182738 580 
301 I 52255868 1504 
302 I 52255994 1504 
303 I 52764330 343 
304 I 52895252 1504 
305 I 52895360 1504 
306 I 53289880 1504 
307 I 53290003 1504 
308 I 53405097 444 
309 I 53507711 580 
310 I 53787359 1398 
311 I 54094340 580 
312 I 54094415 580 
313 I 54286712 354 
314 I 54594699 580 
315 I 54594806 580 
316 I 54594814 580 
317 I 55095310 580 
318 I 55095392 580 
319 I 55095395 580 
320 I 55192234 580 
321 I 55192263 178 
322 I 55599662 580 
323 I 55599716 170 
324 I 55599732 580 
325 I 55692927 163 
326 I 55692944 580 
327 I 55695531 291 
328 I 55695542 580 
329 I 56111652 580 
330 I 56111693 580 
331 I 56111737 152 
332 I 57077182 1504 
333 I 57077276 1504 
334 I 57297419 1504 
335 I 57297517 1504 
336 I 57588508 175 
337 I 57809897 343 
338 I 57989842 580 
339 I 58591976 580 
340 I 58592006 580 
341 I 62485174 580 
342 I 63002335 580 
343 I 63002354 312 
344 I 63002364 580 
345 I 63444544 341 
346 I 63444588 1504 
347 I 63464690 939 
348 I 63515866 580 
349 I 63515874 580 
350 I 65502806 365 
351 I 67151078 341 
352 I 71334115 580 
353 I 72888248 900 
354 I 77045723 900 
355 I 77176616 900 
356 I 81008625 820 
357 I 83922865 1504 
358 I 83923011 1504 
359 I 84419859 1504 
360 I 84419989 1504 
361 I 84420113 1504 
362 I 84937173 1504 
363 I 84937288 1504 
364 I 84937446 1504 
365 I 85036183 1504 
366 I 85036326 1504 
367 I 85463619 1504 
368 I 85463739 1504 
369 I 85463881 1504 
370 I 85562943 1504 
371 I 85563097 1504 
372 I 85563199 1504 
373 I 85563302 1504 
374 I 85563459 1504 
375 I 85994398 1504 
376 I 85994499 1504 
377 I 85994617 1504 
378 I 86092686 1504 
379 I 86092789 1504 
380 I 86092928 1504 
381 I 86093064 1504 
382 I 86093193 1504 
383 I 86093311 1504 
384 I 86093429 1504 
385 I 86093553 1504 
386 I 86093653 1504 
387 I 86521310 1504 
388 I 86521426 1504 
389 I 86521547 1504 
390 I 86611382 1504 
391 I 86611527 1504 
392 I 86622703 1504 
393 I 86622807 1504 
394 I 86622951 1504 
395 I 86623170 652 
396 I 87089725 580 
397 I 87371140 1504 
398 I 87371220 1504 
399 I 87692647 580 
400 I 87692674 312 
401 I 87692682 580 
402 I 87886717 1504 
403 I 87886820 1504 
404 I 87886947 1504 
405 I 88213208 580 
406 I 88213267 580 
407 I 88405608 1504 
408 I 88405725 1504 
409 I 88405857 1504 
410 I 88428714 1504 
411 I 88428830 1504 
412 I 88919593 1504 
413 I 88919696 1504 
414 I 88919823 1504 
415 I 88944148 1504 
416 I 88944155 972 
417 I 90040426 580 
418 I 90632664 580 
419 I 90632678 580 
420 I 90632744 312 
421 I 91036895 622 
422 I 91036917 1504 
423 I 91131531 580 
424 I 91131536 580 
425 I 91224080 312 
426 I 91239037 364 
427 I 91640714 580 
428 I 91640746 580 
429 I 91823878 312 
430 I 92153858 580 
431 I 92153920 580 
432 I 92432837 312 
433 I 92678125 580 
434 I 92678150 580 
435 I 93052780 312 
436 I 93198956 580 
437 I 93344642 1504 
438 I 93344748 1504 
439 I 93718991 580 
440 I 93719041 580 
441 I 93719157 312 
442 I 93865155 1398 
443 I 94060069 1504 
444 I 94060226 1504 
445 I 94233544 580 
446 I 94233589 580 
447 I 94333675 312 
448 I 94580799 343 
449 I 94730561 622 
450 I 94751895 580 
451 I 94751927 580 
452 I 94944502 312 
453 I 95274607 580 
454 I 95274614 580 
455 I 95564300 312 
456 I 95693322 1504 
457 I 95693497 1504 
458 I 95704393 847 
459 I 95704406 1504 
460 I 95881955 580 
461 I 96042064 365 
462 I 96132473 710 
463 I 97369164 580 
464 I 97983414 580 
465 I 97983529 312 
466 I 97983537 580 
467 I 98126668 792 
468 I 98126687 1504 
469 I 98496153 341 
470 I 98496194 1504 
471 I 98499277 580 
472 I 98499356 580 
473 I 99307413 847 
474 I 99881449 580 
475 I 100505874 580 
476 I 100505899 312 
477 I 100505915 580 
478 I 101958246 792 
479 I 102343280 341 
480 I 102380947 630 
481 I 103278033 580 
482 I 105893297 1504 
483 I 105893386 1504 
484 I 106178869 1504 
485 I 106178981 1504 
486 I 106427918 1504 
487 I 106428030 1504 
488 I 106428185 1504 
489 I 106707182 1504 
490 I 106707309 1504 
491 I 106707428 1504 
492 I 106956322 104 
493 I 106956380 1504 
494 I 107230556 1504 
495 I 107230655 1504 
496 I 107230783 1504 
497 I 107328035 1504 
498 I 107328166 1504 
499 I 107750877 1504 
500 I 107751008 1504 
501 I 107751132 1504 
502 I 107844770 1504 
503 I 107844889 1504 
504 I 107845031 1504 
505 I 107940289 1504 
506 I 107940389 1504 
507 I 108279611 1504 
508 I 108279724 1504 
509 I 108279871 1504 
510 I 108374600 1504 
511 I 108374750 1504 
512 I 108374850 1504 
513 I 108374970 1504 
514 I 108375093 1504 
515 I 108375222 1504 
516 I 108471489 1504 
517 I 108471593 1504 
518 I 108471727 1504 
519 I 108814020 1504 
520 I 108814137 1504 
521 I 108814252 1504 
522 I 108909042 1504 
523 I 108909163 1504 
524 I 108909738 1504 
525 I 108909888 1504 
526 I 108909976 1504 
527 I 108910042 652 
528 I 108957899 580 
529 I 108961712 820 
530 I 109114495 1504 
531 I 109114577 1504 
532 I 109351295 1504 
533 I 109492347 580 
534 I 109492355 580 
535 I 109655984 430 
536 I 109999902 1504 
537 I 110031615 580 
538 I 110031696 580 
539 I 110031785 312 
540 I 110574590 580 
541 I 110574681 258 
542 I 110574694 580 
543 I 110662397 496 
544 I 110948711 900 
545 I 111108249 580 
546 I 111108295 580 
547 I 111108298 209 
548 I 111508108 1504 
549 I 111508244 1504 
550 I 112026549 1504 
551 I 112026702 1504 
552 I 112048896 1504 
553 I 112049017 1504 
554 I 112049151 1504 
555 I 112243205 580 
556 I 112368676 648 
557 I 112447579 478 
558 I 112447616 1504 
559 I 112458749 652 
560 I 112560254 1504 
561 I 112560384 1504 
562 I 112560554 1504 
563 I 112582487 1504 
564 I 112582589 1504 
565 I 112582711 1504 
566 I 112634922 1504 
567 I 112635058 1504 
568 I 112650245 1504 
569 I 112650369 1504 
570 I 112799092 1504 
571 I 112799224 1504 
572 I 112874301 580 
573 I 112874395 580 
574 I 112898910 479 
575 I 112898946 1504 
576 I 113089577 121 
577 I 113108517 1504 
578 I 113108643 1504 
579 I 113108772 1504 
580 I 113163556 1399 
581 I 113181238 1504 
582 I 113181391 1504 
583 I 113181493 1504 
584 I 113243581 1504 
585 I 113243715 1504 
586 I 113332038 1398 
587 I 113372988 858 
588 I 113405888 580 
589 I 113405923 580 
590 I 113405945 312 
591 I 113640894 1504 
592 I 113641011 1504 
593 I 113641139 1504 
594 I 113691776 1504 
595 I 113691910 1504 
596 I 113715233 1504 
597 I 113715381 1504 
598 I 113715480 1504 
599 I 113774519 1504 
600 I 113774621 1504 
601 I 113774767 1504 
602 I 113799243 1504 
603 I 113799381 1504 
604 I 113935480 580 
605 I 113935546 580 
606 I 113935562 258 
607 I 114038183 496 
608 I 114164505 1504 
609 I 114164631 1504 
610 I 114164757 1504 
611 I 114213671 1504 
612 I 114213828 1504 
613 I 114213930 1504 
614 I 114237268 1504 
615 I 114237399 1504 
616 I 114237519 1504 
617 I 114238110 1201 
618 I 114457323 580 
619 I 114457370 531 
620 I 114496225 1504 
621 I 114496350 1504 
622 I 115016930 1504 
623 I 115017055 1504 
624 I 115017172 1504 
625 I 115380098 1504 
626 I 115380225 1504 
627 I 115544023 1504 
628 I 115544137 1504 
629 I 115544255 1504 
630 I 115582958 1504 
631 I 115583090 1504 
632 I 115754247 341 
633 I 115754286 1504 
634 I 115907336 1504 
635 I 115907468 1504 
636 I 115907578 1504 
637 I 116066054 1504 
638 I 116149181 478 
639 I 116428577 1504 
640 I 116428714 1504 
641 I 116428835 1504 
642 I 116464755 1504 
643 I 116464878 1504 
644 I 116589036 1504 
645 I 116589155 1504 
646 I 116589237 1358 
647 I 116671378 104 
648 I 116945086 1504 
649 I 116945189 1504 
650 I 116945361 1504 
651 I 116945660 1504 
652 I 116945763 1504 
653 I 116978768 1504 
654 I 116978895 1504 
655 I 116979027 1504 
656 I 117103611 1504 
657 I 117103654 1118 
658 I 117448382 1504 
659 I 117448496 1504 
660 I 117448606 1504 
661 I 117448745 1504 
662 I 117448860 1504 
663 I 117448985 1504 
664 I 117449109 1504 
665 I 117449236 1504 
666 I 117480547 1504 
667 I 117480665 1504 
668 I 117480798 1504 
669 I 117482048 1504 
670 I 117482185 1504 
671 I 117946898 1504 
672 I 117946975 1504 
673 I 117947148 1504 
674 I 117947247 1504 
675 I 117947379 1504 
676 I 117947484 1504 
677 I 117947584 738 
678 I 117947607 1504 
679 I 119489949 341 
680 I 120482967 238 
681 I 120765017 738 
682 I 120969317 364 
683 I 121631501 622 
684 I 121631528 1504 
685 I 121636176 421 
686 I 122096588 238 
687 I 122670634 846 
688 I 123000246 479 
689 I 123687780 1504 
690 I 123687922 1504 
691 I 124159801 1398 
692 I 125108372 1504 
693 I 125108471 1504 
694 I 125185303 622 
695 I 125498505 1504 
696 I 125498623 1504 
697 I 125584094 343 
698 I 125963270 1398 
699 I 126090131 1504 
700 I 126090261 1504 
701 I 126227408 1504 
702 I 126227539 1504 
703 I 126245033 844 
704 I 126245043 1504 
705 I 126542570 444 
706 I 126892664 900 
707 I 128368938 365 
708 I 128552515 748 
709 I 128552528 1504 
710 I 129023160 847 
711 I 129023174 1504 
712 I 129498769 1504 
713 I 130346471 820 
714 I 130804221 1504 
715 I 130804345 1504 
716 I 131047829 478 
717 I 131047867 1504 
718 I 131275070 1504 
719 I 131275185 1504 
720 I 131275306 1504 
721 I 131756536 1504 
722 I 131756648 1504 
723 I 131756769 1504 
724 I 131780636 1504 
725 I 131780814 1504 
726 I 132189938 1504 
727 I 132190068 1504 
728 I 132223133 1504 
729 I 132223243 1504 
730 I 132223372 1504 
731 I 132246360 1504 
732 I 132246491 1504 
733 I 132246617 1504 
734 I 132314245 939 
735 I 132338289 1504 
736 I 132338420 1504 
737 I 132640164 345 
738 I 132647810 1504 
739 I 132647933 1504 
740 I 132648059 1504 
741 I 132685173 1504 
742 I 132685294 1504 
743 I 132685419 1504 
744 I 132707860 238 
745 I 132711821 1504 
746 I 132711941 1504 
747 I 132712071 1504 
748 I 132712198 1504 
749 I 132712338 1504 
750 I 132712456 1504 
751 I 132722160 847 
752 I 132795396 1504 
753 I 132795618 1504 
754 I 132795694 1504 
755 I 133112657 1504 
756 I 133112801 1504 
757 I 133112875 1504 
758 I 133151315 1504 
759 I 133151442 1504 
760 I 133151579 1504 
761 I 133175404 1504 
762 I 133175466 1504 
763 I 133175589 1504 
764 I 133175715 1504 
765 I 133175812 651 
766 I 133175843 1504 
767 I 133211295 1504 
768 I 133211424 1504 
769 I 133577581 1504 
770 I 133577696 1504 
771 I 133577852 1504 
772 I 133668817 1504 
773 I 133668968 1504 
774 I 133680139 1504 
775 I 133680273 1504 
776 I 133680387 1504 
777 I 133751007 341 
778 I 133751054 1504 
779 I 134044814 1504 
780 I 134044940 1504 
781 I 134045061 1504 
782 I 134136720 1504 
783 I 134136832 1504 
784 I 134136961 1504 
785 I 134152886 1504 
786 I 134153003 1504 
787 I 134153130 1504 
788 I 134153262 1504 
789 I 134153392 1504 
790 I 134153509 1504 
791 I 134520808 1504 
792 I 134520934 1504 
793 I 134521052 1504 
794 I 134618058 1504 
795 I 134618201 1504 
796 I 134618297 1504 
797 I 134618446 1504 
798 I 134618522 649 
799 I 134618550 1504 
800 I 134654313 238 
801 I 134686103 478 
802 I 135617955 651 
803 I 135642277 1504 
804 I 135642351 1504 
805 I 136108345 1504 
806 I 136108463 1504 
807 I 136108582 1504 
808 I 136548381 1504 
809 I 136548500 1504 
810 I 136580451 1504 
811 I 136580575 1504 
812 I 136580710 1504 
813 I 136679273 1504 
814 I 136679393 1504 
815 I 136857971 1504 
816 I 136858092 1504 
817 I 137021862 856 
818 I 137021874 1504 
819 I 137050389 1504 
820 I 137050520 1504 
821 I 137050666 1504 
822 I 137097160 649 
823 I 137134532 972 
824 I 137134538 1504 
825 I 137287436 341 
826 I 137327347 1398 
827 I 137756393 1504 
828 I 137756398 844 
829 I 138278645 580 
830 I 138357469 237 
831 I 138842190 212 
832 I 139276391 238 
833 I 140758862 856 
834 I 141370407 238 
835 I 141419589 844 
836 I 142064446 900 
837 I 142640236 238 
838 I 143582581 238 
839 I 144199608 238 
840 I 144539951 820 
841 I 145098182 238 
842 I 145406748 580 
843 I 145908420 900 
844 I 145930909 1504 
845 I 145931023 1504 
846 I 145967854 436 
847 I 146151943 238 
848 I 146399719 238 
849 I 146408665 1504 
850 I 146408799 1504 
851 I 146408915 1504 
852 I 146872214 1504 
853 I 146872280 1504 
854 I 146872406 1504 
855 I 146967687 1504 
856 I 146967801 1504 
857 I 147288131 238 
858 I 147330915 1504 
859 I 147331036 1504 
860 I 147331156 1504 
861 I 147418126 1504 
862 I 147418227 1504 
863 I 147418328 1504 
864 I 147485424 1504 
865 I 147485559 1504 
866 I 147785530 1504 
867 I 147785659 1504 
868 I 147785782 1504 
869 I 147874903 1504 
870 I 147875017 1504 
871 I 147875128 1504 
872 I 147875256 1504 
873 I 147875419 1504 
874 I 147875534 1504 
875 I 147942188 1504 
876 I 147942345 1504 
877 I 147942431 1504 
878 I 148239769 1504 
879 I 148239890 1504 
880 I 148240009 1504 
881 I 148329497 1504 
882 I 148329705 1504 
883 I 148329775 1504 
884 I 148329866 1504 
885 I 148329955 650 
886 I 148329979 1504 
887 I 148436404 238 
888 I 148460623 238 
889 I 148470748 364 
890 I 148743112 1504 
891 I 148743229 1504 
892 I 148900771 238 
893 I 149183574 1504 
894 I 149183701 1504 
895 I 149183823 1504 
896 I 149223617 238 
897 I 149336993 1504 
898 I 149337120 1504 
899 I 149484955 764 
900 I 149629607 1504 
901 I 149629707 1504 
902 I 149629845 1504 
903 I 149794794 1504 
904 I 149794949 1504 
905 I 149795112 1504 
906 I 150073229 900 
907 I 150229338 1504 
908 I 150229464 1504 
909 I 150229610 1504 
910 I 150303538 1504 
911 I 150303696 1504 
912 I 150950706 650 
913 I 152497801 421 
914 I 152734948 820 
915 I 152810458 1504 
916 I 152810584 1504 
917 I 153242682 1398 
918 I 154451365 1504 
919 I 154451475 1504 
920 I 154892223 1398 
921 I 155161176 1504 
922 I 155161264 1504 
923 I 155236746 1504 
924 I 155236879 1504 
925 I 155614827 1504 
926 I 155614944 1504 
927 I 155615064 1504 
928 I 155692314 343 
929 I 156057137 1504 
930 I 156057254 1504 
931 I 156057381 1504 
932 I 156115041 1504 
933 I 156115164 1504 
934 I 156493316 1504 
935 I 156493435 1504 
936 I 156493548 1504 
937 I 156552443 1504 
938 I 156552564 1504 
939 I 156552662 1504 
940 I 156586517 1504 
941 I 156586627 1504 
942 I 156932238 1504 
943 I 156932359 1504 
944 I 156932486 1504 
945 I 156992889 1504 
946 I 156993031 1504 
947 I 156993135 1504 
948 I 156993269 1504 
949 I 156993412 1504 
950 I 156993534 1504 
951 I 157027271 1504 
952 I 157027383 1504 
953 I 157027496 1504 
954 I 157379226 1504 
955 I 157379365 1504 
956 I 157379450 1504 
957 I 157428164 1504 
958 I 157428296 1504 
959 I 157441238 1504 
960 I 157441366 1504 
961 I 157441464 652 
962 I 157441487 1504 
963 I 158223010 939 
964 I 158455405 341 
965 I 158455448 1504 
966 I 160072320 652 
967 I 161404894 421 
968 I 161998211 341 
969 I 162376139 1504 
970 I 162376254 1504 
971 I 162557645 1504 
972 I 162557772 1504 
973 I 162842354 1398 
974 I 163025492 1504 
975 I 163025615 1504 
976 I 163025755 1504 
977 I 163369695 613 
978 I 163369723 1504 
979 I 163494130 1504 
980 I 163494251 1504 
981 I 163494375 1504 
982 I 163497690 1504 
983 I 163497808 1504 
984 I 163969195 1504 
985 I 163969317 1504 
986 I 163969454 1504 
987 I 163974041 1504 
988 I 163974185 1504 
989 I 163974328 1504 
990 I 163998176 478 
991 I 163998218 1504 
992 I 164029171 1504 
993 I 164029296 1504 
994 I 164039056 341 
995 I 164039101 1504 
996 I 164452160 1504 
997 I 164452296 1504 
998 I 164452462 1504 
999 I 164456429 1504 
1000 I 164456544 1504 
1001 I 164456681 1504 
1002 I 164457629 1504 
1003 I 164457767 1504 
1004 I 164529083 1504 
1005 I 164529202 1504 
1006 I 164529297 1504 
1007 I 164559932 1504 
1008 I 164560020 1504 
1009 I 164946205 1504 
1010 I 164946349 1504 
1011 I 164946465 1504 
1012 I 164950559 1504 
1013 I 164950684 1504 
1014 I 164950812 1504 
1015 I 164950902 650 
1016 I 164950929 1504 
1017 I 166901907 613 
1018 I 167576037 478 
1019 I 167886394 341 
1020 I 167928869 900 
1021 I 170958824 820 
1022 I 171814084 478 
1023 I 171814117 1504 
1024 I 172373135 1504 
1025 I 172373249 1504 
1026 I 172639553 580 
1027 I 172745441 341 
1028 I 172745483 1504 
1029 I 172842808 1504 
1030 I 172842922 1504 
1031 I 172843049 1504 
1032 I 173203019 114 
1033 I 173316380 1504 
1034 I 173316504 1504 
1035 I 173316616 1504 
1036 I 173404982 1504 
1037 I 173405120 1504 
1038 I 173794580 1504 
1039 I 173794696 1504 
1040 I 173794820 1504 
1041 I 173880381 1504 
1042 I 173880491 1504 
1043 I 173880614 1504 
1044 I 173981313 1504 
1045 I 173981428 1504 
1046 I 174273589 1504 
1047 I 174273709 1504 
1048 I 174273839 1504 
1049 I 174320166 1504 
1050 I 174320293 1504 
1051 I 174359669 1504 
1052 I 174359760 1504 
1053 I 174359887 1504 
1054 I 174457359 1504 
1055 I 174457482 1504 
1056 I 174457609 1504 
1057 I 174494315 1504 
1058 I 174494425 1504 
1059 I 174752264 1504 
1060 I 174752366 1504 
1061 I 174752496 1504 
1062 I 174793791 1504 
1063 I 174793901 1504 
1064 I 174794011 1504 
1065 I 174836049 650 
1066 I 174836074 1504 
1067 I 175451693 478 
1068 I 176415042 341 
1069 I 176716709 364 
1070 I 181915353 580 
1071 I 190219798 1504 
1072 I 190220026 1504 
1073 I 190689031 1504 
1074 I 190689130 1504 
1075 I 190689254 1504 
1076 I 191153193 1504 
1077 I 191153341 1504 
1078 I 191153427 1504 
1079 I 191192047 1504 
1080 I 191192209 1504 
1081 I 191206584 114 
1082 I 191621121 1504 
1083 I 191621259 1504 
1084 I 191621385 1504 
1085 I 191621525 1504 
1086 I 191621600 1504 
1087 I 191659656 1504 
1088 I 191659799 1504 
1089 I 191659923 1504 
1090 I 191807234 237 
1091 I 192090565 1504 
1092 I 192090696 1504 
1093 I 192090807 1504 
1094 I 192090952 1504 
1095 I 192091050 1504 
1096 I 192091187 1504 
1097 I 192091345 1504 
1098 I 192091438 1504 
1099 I 192128333 1504 
1100 I 192128430 1504 
1101 I 192128558 1504 
1102 I 192128676 1504 
1103 I 192128802 1504 
1104 I 192550827 1504 
1105 I 192550943 1504 
1106 I 192551061 1504 
1107 I 192551184 1504 
1108 I 192551346 1504 
1109 I 192551451 1504 
1110 I 192551562 652 
1111 I 192551566 1504 
1112 I 193556083 238 
1113 I 193595473 237 
1114 I 195139246 652 
1115 I 195155638 238 
1116 I 195968771 1504 
1117 I 195968881 1504 
1118 I 196438655 1398 
1119 I 196840683 237 
1120 I 197593524 238 
1121 I 199052872 1504 
1122 I 199053041 1504 
1123 I 199490488 1504 
1124 I 199490637 1504 
1125 I 199490733 1504 
1126 I 199647293 478 
1127 I 199647329 1504 
1128 I 199927698 1504 
1129 I 199927801 1504 
1130 I 199927927 1504 
1131 I 199960347 1504 
1132 I 199960462 1504 
1133 I 203269385 478 
1134 I 203569588 370 
1135 I 207906424 900 
1136 I 211073726 820 
1137 I 213104223 1504 
1138 I 213104366 1504 
1139 I 213524196 1504 
1140 I 213524296 1504 
1141 I 213524424 1504 
1142 I 213948271 1504 
1143 I 213948368 1504 
1144 I 213948508 1504 
1145 I 214043038 1504 
1146 I 214043183 1504 
1147 I 214380594 1504 
1148 I 214380716 1504 
1149 I 214380850 1504 
1150 I 214474426 1504 
1151 I 214474576 1504 
1152 I 214474724 1504 
1153 I 214504805 1504 
1154 I 214504937 1504 
1155 I 214805473 1504 
1156 I 214805590 1504 
1157 I 214805713 1504 
1158 I 214864460 1504 
1159 I 214864586 1504 
1160 I 214903991 1504 
1161 I 214904079 1504 
1162 I 214904226 1504 
1163 I 214931478 1504 
1164 I 214931601 1504 
1165 I 214931705 1504 
1166 I 215027548 1504 
1167 I 215027652 1504 
1168 I 215236244 1504 
1169 I 215236394 1504 
1170 I 215236506 1504 
1171 I 215300150 1504 
1172 I 215300283 1504 
1173 I 215300396 1504 
1174 I 215305807 1504 
1175 I 215305938 1504 
1176 I 215339108 1504 
1177 I 215339180 1204 
1178 I 218675121 1504 
1179 I 218675254 1504 
1180 I 219102160 1504 
1181 I 219102277 1504 
1182 I 219102397 1504 
1183 I 219524931 1504 
1184 I 219525022 1504 
1185 I 219525155 1504 
1186 I 219545354 1504 
1187 I 219545478 1504 
1188 I 219936438 1504 
1189 I 219936558 1504 
1190 I 219936681 1504 
1191 I 219956433 1504 
1192 I 219956558 1504 
1193 I 219956677 1504 
1194 I 220001720 1504 
1195 I 220001758 1504 
1196 I 220258204 1504 
1197 I 220258339 1504 
1198 I 220360660 1504 
1199 I 220360777 1504 
1200 I 220360892 1504 
1201 I 220362423 1504 
1202 I 220362537 1504 
1203 I 220378155 1504 
1204 I 220378264 1504 
1205 I 220378394 1504 
1206 I 220380138 1504 
1207 I 220380236 1504 
1208 I 220426737 1504 
1209 I 220426838 1504 
1210 I 220426948 1504 
1211 I 220686753 1504 
1212 I 220686883 1504 
1213 I 220687042 1504 
1214 I 220777553 238 
1215 I 220790669 1504 
1216 I 220790771 1504 
1217 I 220790922 1504 
1218 I 220792035 1504 
1219 I 220792167 1504 
1220 I 220792294 1504 
1221 I 220801431 649 
1222 I 220801450 1504 
1223 I 221120936 1504 
1224 I 221121052 1504 
1225 I 221121201 1504 
1226 I 221145039 1504 
1227 I 221145129 1504 
1228 I 221562117 1504 
1229 I 221562229 1504 
1230 I 221562373 1504 
1231 I 221584773 1504 
1232 I 221584910 1504 
1233 I 221585034 1504 
1234 I 221619298 1504 
1235 I 221619417 1504 
1236 I 222000734 1504 
1237 I 222000899 1504 
1238 I 222001015 1504 
1239 I 222023402 1504 
1240 I 222023498 1504 
1241 I 222023619 1504 
1242 I 222023742 1504 
1243 I 222023874 1504 
1244 I 222024210 1504 
1245 I 222059409 1504 
1246 I 222059520 1504 
1247 I 222059659 1504 
1248 I 222436913 1504 
1249 I 222437033 1504 
1250 I 222437181 1504 
1251 I 222456684 1504 
1252 I 222456807 1504 
1253 I 222456952 1504 
1254 I 222457489 1504 
1255 I 222457620 652 
1256 I 222457644 1504 
1257 I 223401322 649 
1258 I 224189660 237 
1259 I 225036420 652 
1260 I 228480314 900 
1261 I 231108968 900 
1262 I 231782737 820 
1263 I 233827156 1504 
1264 I 233827293 1504 
1265 I 233884757 1504 
1266 I 233884893 1504 
1267 I 234307736 1504 
1268 I 234307846 1504 
1269 I 234307946 1504 
1270 I 234348859 820 
1271 I 234361319 1504 
1272 I 234361430 1504 
1273 I 234361578 1504 
1274 I 234770971 1504 
1275 I 234771091 1504 
1276 I 234771210 1504 
1277 I 234790443 1504 
1278 I 234790550 1504 
1279 I 234822775 103 
1280 I 234822835 1504 
1281 I 235237461 1504 
1282 I 235237595 1504 
1283 I 235237706 1504 
1284 I 235256546 1504 
1285 I 235256669 1504 
1286 I 235256804 1504 
1287 I 235334974 1504 
1288 I 235335073 1504 
1289 I 235709095 1504 
1290 I 235709266 1504 
1291 I 235709390 1504 
1292 I 235728609 1504 
1293 I 235728715 1504 
1294 I 235728899 1504 
1295 I 235728999 1504 
1296 I 235729145 1504 
1297 I 235729251 1504 
1298 I 235807265 1504 
1299 I 235807342 1504 
1300 I 235807466 1504 
1301 I 236491349 1504 
1302 I 236491463 1504 
1303 I 236708744 237 
1304 I 236777969 237 
1305 I 236864852 1504 
1306 I 236864967 1504 
1307 I 236954468 1504 
1308 I 236954590 1504 
1309 I 236954705 1504 
1310 I 237321305 1504 
1311 I 237321414 1504 
1312 I 237321564 1504 
1313 I 237409411 1504 
1314 I 237409477 1504 
1315 I 237409603 1504 
1316 I 237445364 1504 
1317 I 237445454 1504 
1318 I 237629784 238 
1319 I 237766048 1504 
1320 I 237766199 1504 
1321 I 237766305 1504 
1322 I 237851693 1504 
1323 I 237851756 1504 
1324 I 237851914 1504 
1325 I 237856592 1504 
1326 I 237856721 1504 
1327 I 237881758 1504 
1328 I 237881858 1504 
1329 I 237881986 1504 
1330 I 237889796 1504 
1331 I 237889928 1504 
1332 I 238199748 1504 
1333 I 238199894 1504 
1334 I 238200024 1504 
1335 I 238297755 1504 
1336 I 238297891 1504 
1337 I 238298010 1504 
1338 I 238300440 1504 
1339 I 238300555 1504 
1340 I 238300705 1504 
1341 I 238300808 1504 
1342 I 238300936 1504 
1343 I 238320445 1504 
1344 I 238320557 1504 
1345 I 238320699 1504 
1346 I 238321900 1504 
1347 I 238322032 1504 
1348 I 238322138 1504 
1349 I 238329061 1504 
1350 I 238329201 1504 
1351 I 238329316 1504 
1352 I 238644377 1504 
1353 I 238644511 1504 
1354 I 238644641 1504 
1355 I 238738871 1504 
1356 I 238738971 1504 
1357 I 238746873 1504 
1358 I 238746993 1504 
1359 I 238747129 1504 
1360 I 238747772 1504 
1361 I 238747907 1504 
1362 I 238748068 1504 
1363 I 238748200 1504 
1364 I 238748341 1504 
1365 I 238748474 1504 
1366 I 238765266 1504 
1367 I 238765435 1504 
1368 I 238765513 1504 
1369 I 238765881 1504 
1370 I 238765970 650 
1371 I 238765995 1504 
1372 I 238837104 1504 
1373 I 238837255 1504 
1374 I 239085626 1504 
1375 I 239085739 1504 
1376 I 239085866 1504 
1377 I 239175707 1504 
1378 I 239175780 1504 
1379 I 239179694 1504 
1380 I 239179805 651 
1381 I 239179829 1504 
1382 I 240343056 238 
1383 I 240826688 390 
1384 I 241624854 651 
1385 I 242937519 1504 
1386 I 242937641 1504 
1387 I 243310532 900 
1388 I 243382966 444 
1389 I 243416403 844 
1390 I 243416419 1504 
1391 I 243505324 103 
1392 I 243798709 1504 
1393 I 243798846 1504 
1394 I 244233700 1398 
1395 I 244792281 365 
1396 I 245333163 900 
1397 I 245356961 900 
1398 I 245373914 580 
1399 I 246109187 820 
1400 I 246939221 844 
1401 I 248004366 345 
1402 I 248004408 1504 
1403 I 248485672 820 
1404 I 248677490 1504 
1405 I 248677634 1504 
1406 I 248682566 341 
1407 I 248682609 1504 
1408 I 249115595 1504 
1409 I 249115721 1504 
1410 I 249115868 1504 
1411 I 249539801 1504 
1412 I 249539872 1504 
1413 I 249540002 1504 
1414 I 249627880 1504 
1415 I 249627977 1504 
1416 I 249948335 1504 
1417 I 249948443 1504 
1418 I 249948561 1504 
1419 I 249991865 1504 
1420 I 249991979 1504 
1421 I 250035147 1504 
1422 I 250035296 1504 
1423 I 250035420 1504 
1424 I 250133017 1504 
1425 I 250133171 1504 
1426 I 250133793 900 
1427 I 250291520 900 
1428 I 250363885 1504 
1429 I 250363985 1504 
1430 I 250364127 1504 
1431 I 250407077 1504 
1432 I 250407202 1504 
1433 I 250407328 1504 
1434 I 250450012 1504 
1435 I 250450134 1504 
1436 I 250450245 1504 
1437 I 250450372 1504 
1438 I 250450495 1504 
1439 I 250450689 1504 
1440 I 250549847 1504 
1441 I 250549908 1504 
1442 I 250549985 1504 
1443 I 250638701 378 
1444 I 250785702 1504 
1445 I 250785827 1504 
1446 I 250785949 1504 
1447 I 250824891 1504 
1448 I 250825019 1504 
1449 I 250825125 1504 
1450 I 250838369 1504 
1451 I 250838486 1504 
1452 I 250869185 1504 
1453 I 250869313 1504 
1454 I 250869437 1504 
1455 I 250869579 1504 
1456 I 250869663 652 
1457 I 250869692 1504 
1458 I 251245998 1504 
1459 I 251246082 1504 
1460 I 251246191 1504 
1461 I 251262547 1504 
1462 I 251262671 1504 
1463 I 251262790 1504 
1464 I 251266459 1504 
1465 I 251266596 1504 
1466 I 251666469 1504 
1467 I 251666591 1504 
1468 I 251666711 1504 
1469 I 251681631 1504 
1470 I 251681734 1504 
1471 I 251681860 1504 
1472 I 251682007 1504 
1473 I 251682109 1504 
1474 I 251682268 1504 
1475 I 251686722 1504 
1476 I 251686891 1504 
1477 I 251686962 1504 
1478 I 251831139 1504 
1479 I 251831247 1504 
1480 I 251973055 1504 
1481 I 251973163 1504 
1482 I 252086055 1504 
1483 I 252086173 1504 
1484 I 252086325 1504 
1485 I 252101600 1504 
1486 I 252101707 1504 
1487 I 252101879 1504 
1488 I 252101959 1504 
1489 I 252102070 652 
1490 I 252102093 1504 
1491 I 252249355 1504 
1492 I 252249489 1504 
1493 I 252249578 1504 
1494 I 252321687 341 
1495 I 252390484 1504 
1496 I 252390604 1504 
1497 I 252390745 1504 
1498 I 252665936 1504 
1499 I 252666065 1504 
1500 I 252666168 1504 
1501 I 252693337 1504 
1502 I 252693500 1504 
1503 I 252694817 820 
1504 I 252803815 1504 
1505 I 252803968 1504 
1506 I 252804020 1504 
1507 I 252866305 1504 
1508 I 252866448 1504 
1509 I 253117873 1504 
1510 I 253117969 1504 
1511 I 253118089 1504 
1512 I 253150506 972 
1513 I 253150510 1504 
1514 I 253280698 1504 
1515 I 253280806 1504 
1516 I 253280968 1504 
1517 I 253312988 1504 
1518 I 253313090 1504 
1519 I 253351031 1504 
1520 I 253351160 1504 
1521 I 253351270 1504 
1522 I 253437609 652 
1523 I 253445082 1504 
1524 I 253445204 1504 
1525 I 253742362 1504 
1526 I 253742483 1504 
1527 I 253742601 1504 
1528 I 253754832 1504 
1529 I 253754978 1504 
1530 I 253775309 1504 
1531 I 253775423 1504 
1532 I 253775568 1504 
1533 I 253810736 1504 
1534 I 253810866 1504 
1535 I 253811035 1504 
1536 I 253841028 1504 
1537 I 253841151 1504 
1538 I 253903746 1504 
1539 I 253903863 1504 
1540 I 253903999 1504 
1541 I 254141683 1504 
1542 I 254141811 1504 
1543 I 254199972 1504 
1544 I 254200102 1504 
1545 I 254200218 1504 
1546 I 254200345 1504 
1547 I 254200471 1504 
1548 I 254211606 1504 
1549 I 254211698 651 
1550 I 254211705 1504 
1551 I 254362995 1504 
1552 I 254363115 1504 
1553 I 254363238 1504 
1554 I 254376260 1504 
1555 I 254376381 1504 
1556 I 254399889 652 
1557 I 254605016 1504 
1558 I 254605123 1504 
1559 I 254605247 1504 
1560 I 254686433 820 
1561 I 254750334 421 
1562 I 254826413 1504 
1563 I 254826554 1504 
1564 I 254826661 1504 
1565 I 254839431 1504 
1566 I 254839591 1504 
1567 I 254839675 1504 
1568 I 254873234 1504 
1569 I 254873353 1504 
1570 I 255066383 1504 
1571 I 255066499 1504 
1572 I 255066626 1504 
1573 I 255166560 1504 
1574 I 255166664 1504 
1575 I 255298788 1504 
1576 I 255529851 1504 
1577 I 255529972 1504 
1578 I 255530100 1504 
1579 I 255625603 1504 
1580 I 255625714 1504 
1581 I 255634921 1504 
1582 I 255635070 1504 
1583 I 255635184 1504 
1584 I 255983046 1504 
1585 I 255983165 1504 
1586 I 255983290 1504 
1587 I 255989302 972 
1588 I 256048929 1504 
1589 I 256049049 1504 
1590 I 256091107 1504 
1591 I 256091204 1504 
1592 I 256091321 1504 
1593 I 256094289 1504 
1594 I 256094398 1504 
1595 I 256094532 1504 
1596 I 256185339 1504 
1597 I 256185461 1504 
1598 I 256443311 1504 
1599 I 256443440 1504 
1600 I 256443579 1504 
1601 I 256501165 1504 
1602 I 256501276 1504 
1603 I 256511788 1504 
1604 I 256511874 1504 
1605 I 256512008 1504 
1606 I 256522852 1504 
1607 I 256522976 1504 
1608 I 256531304 1504 
1609 I 256531431 1504 
1610 I 256552587 1504 
1611 I 256552709 1504 
1612 I 256552833 1504 
1613 I 256552913 1202 
1614 I 256641492 651 
1615 I 256686886 900 
1616 I 256856649 237 
1617 I 256958507 1398 
1618 I 256973881 900 
1619 I 256977889 1398 
1620 I 256988293 1504 
1621 I 256988375 1504 
1622 I 256988597 1504 
1623 I 257103827 1504 
1624 I 257103947 1504 
1625 I 257437779 1504 
1626 I 257437856 1504 
1627 I 257437994 1504 
1628 I 257534965 1504 
1629 I 257535092 1504 
1630 I 257556329 343 
1631 I 257643867 1504 
1632 I 257643873 844 
1633 I 257749690 345 
1634 I 257886382 1504 
1635 I 257886512 1504 
1636 I 257886638 1504 
1637 I 257984271 1504 
1638 I 257984389 1504 
1639 I 257984454 1504 
1640 I 257984534 1504 
1641 I 258084652 1504 
1642 I 258084777 1504 
1643 I 258339805 1504 
1644 I 258339930 1504 
1645 I 258340055 1504 
1646 I 258435000 1504 
1647 I 258435127 1504 
1648 I 258437801 1504 
1649 I 258437912 1504 
1650 I 258438040 1504 
1651 I 258438160 1504 
1652 I 258438266 1504 
1653 I 258438284 1504 
1654 I 258438371 287 
1655 I 258438397 1504 
1656 I 258438414 1504 
1657 I 258438524 1504 
1658 I 258535068 1504 
1659 I 258535173 1504 
1660 I 258537043 1504 
1661 I 258537166 1504 
1662 I 258537284 1504 
1663 I 258606288 1504 
1664 I 258606427 1504 
1665 I 258791170 1504 
1666 I 258791312 1504 
1667 I 258791458 1504 
1668 I 258841873 1440 
1669 I 258880606 1504 
1670 I 258880717 1504 
1671 I 258880828 1504 
1672 I 258885422 651 
1673 I 258885451 1504 
1674 I 258885693 1504 
1675 I 258885806 1504 
1676 I 258885939 1504 
1677 I 258886066 1504 
1678 I 258886178 1504 
1679 I 258886279 735 
1680 I 258886300 1504 
1681 I 258915460 365 
1682 I 258971078 478 
1683 I 258971115 1504 
1684 I 259012825 622 
1685 I 259012854 1504 
1686 I 259052153 343 
1687 I 259056174 478 
1688 I 259056210 1504 
1689 I 259542626 847 
1690 I 259542641 1504 
1691 I 259737638 1504 
1692 I 259737750 1504 
1693 I 260167739 820 
1694 I 260175831 1398 
1695 I 260501043 820 
1696 I 260885538 378 
1697 I 260923367 1504 
1698 I 260923486 1504 
1699 I 260987851 1504 
1700 I 260987984 1504 
1701 I 261190560 844 
1702 I 261374619 1504 
1703 I 261393196 1398 
1704 I 261464218 1504 
1705 I 261464360 1504 
1706 I 261464465 1504 
1707 I 261537124 651 
1708 I 261939766 1504 
1709 I 261939895 1504 
1710 I 261940049 1504 
1711 I 261943038 1504 
1712 I 261943172 1504 
1713 I 262029988 1504 
1714 I 262030101 1504 
1715 I 262412494 1504 
1716 I 262412598 1504 
1717 I 262412763 1504 
1718 I 262415506 1504 
1719 I 262415657 1504 
1720 I 262415762 1504 
1721 I 262442313 478 
1722 I 262480273 1504 
1723 I 262480298 972 
1724 I 262493660 478 
1725 I 262606266 622 
1726 I 262726390 1504 
1727 I 262726525 1504 
1728 I 262889951 1504 
1729 I 262890084 1504 
1730 I 262890211 1504 
1731 I 262964734 409 
1732 I 262964751 1504 
1733 I 262997594 341 
1734 I 262997638 1504 
1735 I 263040640 847 
1736 I 263191336 1504 
1737 I 263191450 1504 
1738 I 263191561 1504 
1739 I 263351155 1504 
1740 I 263351225 387 
1741 I 263351267 1504 
1742 I 263392998 369 
1743 I 263393039 1504 
1744 I 263524727 1078 
1745 I 263651788 1504 
1746 I 263651888 1504 
1747 I 263652030 1504 
1748 I 263692649 820 
1749 I 263750712 1504 
1750 I 263750845 1504 
1751 I 263759444 365 
1752 I 264095473 1504 
1753 I 264095591 1504 
1754 I 264111352 1504 
1755 I 264111490 1504 
1756 I 264111602 1504 
1757 I 264202592 1504 
1758 I 264202716 1504 
1759 I 264202844 1504 
1760 I 264303030 1504 
1761 I 264303165 1504 
1762 I 264546126 1504 
1763 I 264546242 1504 
1764 I 264546377 1504 
1765 I 264559278 1504 
1766 I 264559399 1504 
1767 I 264559546 1504 
1768 I 264635429 1504 
1769 I 264635580 1504 
1770 I 264647474 1504 
1771 I 264647596 1504 
1772 I 264647718 1504 
1773 I 264740524 1504 
1774 I 264740649 1504 
1775 I 264749532 1504 
1776 I 264749625 1504 
1777 I 264749750 1504 
1778 I 264996336 1504 
1779 I 264996471 1504 
1780 I 264996634 1504 
1781 I 265002905 1504 
1782 I 265003048 1504 
1783 I 265003165 1504 
1784 I 265074801 1504 
1785 I 265074922 1504 
1786 I 265075057 1504 
1787 I 265087677 650 
1788 I 265087692 1504 
1789 I 265089311 1504 
1790 I 265089396 1504 
1791 I 265444568 1504 
1792 I 265444696 1504 
1793 I 265444802 1504 
1794 I 265537420 1504 
1795 I 265537527 1504 
1796 I 265537674 1504 
1797 I 265630467 1504 
1798 I 265630593 1504 
1799 I 265859482 1504 
1800 I 265898642 1504 
1801 I 265898797 1504 
1802 I 265898909 1504 
1803 I 265936508 364 
1804 I 265989145 1504 
1805 I 265989280 1504 
1806 I 265990325 1504 
1807 I 265990533 1504 
1808 I 265990574 1504 
1809 I 266087077 1504 
1810 I 266087185 1504 
1811 I 266087309 1504 
1812 I 266163178 1504 
1813 I 266163297 1504 
1814 I 266181510 1504 
1815 I 266181643 1504 
1816 I 266354912 1504 
1817 I 266354987 1504 
1818 I 266355115 1504 
1819 I 266444495 1504 
1820 I 266444600 1504 
1821 I 266444764 1504 
1822 I 266444822 646 
1823 I 266444849 1504 
1824 I 266612741 1504 
1825 I 266612866 1504 
1826 I 266612976 1504 
1827 I 266820399 1504 
1828 I 266820556 1504 
1829 I 266848859 345 
1830 I 266848900 1504 
1831 I 266899744 390 
1832 I 267056316 1504 
1833 I 267056429 1504 
1834 I 267056561 1504 
1835 I 267088344 1504 
1836 I 267088467 1504 
1837 I 267259587 1504 
1838 I 267259745 1504 
1839 I 267259919 1504 
1840 I 267491947 1504 
1841 I 267656576 650 
1842 I 267689502 1504 
1843 I 267689603 1504 
1844 I 267689744 1504 
1845 I 267725870 1504 
1846 I 267725998 1504 
1847 I 267914202 1504 
1848 I 267914311 1504 
1849 I 267914399 1358 
1850 I 267938309 421 
1851 I 268105093 1504 
1852 I 268105231 1504 
1853 I 268105337 1504 
1854 I 268145484 1504 
1855 I 268145557 1504 
1856 I 268145686 1504 
1857 I 268237387 1504 
1858 I 268237538 1504 
1859 I 268336936 1504 
1860 I 268337044 547 
1861 I 268337075 1504 
1862 I 268337162 347 
1863 I 268337204 1504 
1864 I 268526047 1504 
1865 I 268526178 1504 
1866 I 268526316 1504 
1867 I 268569683 1504 
1868 I 268569806 1504 
1869 I 268569926 1504 
1870 I 268570052 1504 
1871 I 268570174 1504 
1872 I 268570320 1504 
1873 I 268662016 1504 
1874 I 268662133 1504 
1875 I 268662285 1504 
1876 I 268763093 1504 
1877 I 268763184 455 
1878 I 268763220 1504 
1879 I 268874624 1504 
1880 I 268874738 1504 
1881 I 268945334 1504 
1882 I 268945466 1504 
1883 I 268945578 1504 
1884 I 268986368 1504 
1885 I 268986490 1504 
1886 I 268986640 1504 
1887 I 268987912 1504 
1888 I 268988035 650 
1889 I 268988039 1504 
1890 I 269082145 646 
1891 I 269294755 1398 
1892 I 269449125 1504 
1893 I 269449247 1504 
1894 I 269494872 1504 
1895 I 269494985 1504 
1896 I 269514111 1504 
1897 I 269514256 1504 
1898 I 269865804 1398 
1899 I 269910770 444 
1900 I 269929237 1398 
1901 I 270128090 1504 
1902 I 270128210 1504 
1903 I 270225144 844 
1904 I 270225158 1504 
1905 I 270535911 345 
1906 I 270540648 343 
1907 I 270546795 847 
1908 I 270546811 1504 
1909 I 270584671 1504 
1910 I 270584828 1504 
1911 I 270733547 1504 
1912 I 270733664 1504 
1913 I 271066756 343 
1914 I 271151666 444 
1915 I 271201177 1504 
1916 I 271375589 650 
1917 I 271606822 1504 
1918 I 271606938 1504 
1919 I 271632005 1504 
1920 I 271632121 1504 
1921 I 271717185 748 
1922 I 271717206 1504 
1923 I 272036163 1504 
1924 I 272036287 1504 
1925 I 272036414 1504 
1926 I 272238559 365 
1927 I 272470851 1504 
1928 I 272470992 1504 
1929 I 272471115 1504 
1930 I 272698436 341 
1931 I 273759432 844 
1932 I 274087801 847 
1933 I 274127964 341 
1934 I 274128008 1504 
1935 I 275118742 364 
1936 I 275203890 748 
1937 I 277140845 421 
1938 I 277764356 341 
1939 I 277955146 846 
1940 I 279090535 900 
1941 I 279440994 748 
1942 I 279441012 1504 
1943 I 279511880 1504 
1944 I 279512009 1504 
1945 I 279908680 1504 
1946 I 279908692 844 
1947 I 279948026 1398 
1948 I 281871885 1504 
1949 I 281871890 847 
1950 I 282144065 820 
1951 I 283056941 748 
1952 I 283710175 1504 
1953 I 283710279 1504 
1954 I 284030009 370 
1955 I 284155273 1504 
1956 I 284155353 1504 
1957 I 284155484 1504 
1958 I 284163886 1504 
1959 I 284164015 1504 
1960 I 284598510 1504 
1961 I 284598601 1504 
1962 I 284598757 1504 
1963 I 284606947 1504 
1964 I 284607060 1504 
1965 I 284607175 1504 
1966 I 284622760 1504 
1967 I 284622886 1504 
1968 I 285043122 1504 
1969 I 285043246 1504 
1970 I 285043380 1504 
1971 I 285050389 1504 
1972 I 285050525 1504 
1973 I 285050634 1504 
1974 I 285065459 1504 
1975 I 285065555 1504 
1976 I 285065689 1504 
1977 I 285149226 1504 
1978 I 285149328 1504 
1979 I 285164697 1504 
1980 I 285164834 1504 
1981 I 285376040 847 
1982 I 285489473 1504 
1983 I 285489581 1504 
1984 I 285489703 1504 
1985 I 285495807 1504 
1986 I 285495940 1504 
1987 I 285496093 1504 
1988 I 285510975 1504 
1989 I 285511087 1504 
1990 I 285511213 1504 
1991 I 285511386 1504 
1992 I 285511464 1504 
1993 I 285511727 1504 
1994 I 285596014 1504 
1995 I 285596117 1504 
1996 I 285596245 1504 
1997 I 285611678 1504 
1998 I 285611796 1504 
1999 I 285611921 1504 
2000 I 285685878 1504 
2001 I 285686024 1504 
2002 I 285945151 1504 
2003 I 285945273 1504 
2004 I 285945396 1504 
2005 I 285947290 1504 
2006 I 285947409 1504 
2007 I 285947545 1504 
2008 I 285956204 1504 
2009 I 285956365 1504 
2010 I 285956474 1504 
2011 I 285956587 1504 
2012 I 285956668 651 
2013 I 285956693 1504 
2014 I 286036856 1504 
2015 I 286036990 1504 
2016 I 286042787 1504 
2017 I 286042890 1504 
2018 I 286043014 1504 
2019 I 286134490 1504 
2020 I 286134648 1504 
2021 I 286134741 1504 
2022 I 286175265 1504 
2023 I 286175424 1504 
2024 I 286398765 1504 
2025 I 286398930 1504 
2026 I 286399014 1504 
2027 I 286488356 1504 
2028 I 286488509 1504 
2029 I 286488633 1504 
2030 I 286498184 652 
2031 I 286498213 1504 
2032 I 287316417 900 
2033 I 288374081 237 
2034 I 288548008 651 
2035 I 288863817 1504 
2036 I 288863988 1504 
2037 I 289181794 652 
2038 I 289307581 1398 
2039 I 289361823 1504 
2040 I 289361954 1504 
2041 I 289438743 900 
2042 I 289807912 343 
2043 I 290157542 1504 
2044 I 290157652 1504 
2045 I 290614275 175 
2046 I 291045493 1504 
2047 I 291045613 1504 
2048 I 291189881 238 
2049 I 291498184 444 
2050 I 291784594 900 
2051 I 291820073 238 
2052 I 292377411 478 
2053 I 292377446 1504 
2054 I 292550527 341 
2055 I 292550572 1504 
2056 I 295965986 478 
2057 I 296135398 341 
2058 I 297237473 1504 
2059 I 297237632 1504 
2060 I 297670815 1504 
2061 I 297670984 1504 
2062 I 297671057 1504 
2063 I 298103371 1504 
2064 I 298103500 1504 
2065 I 298103608 1504 
2066 I 298195580 1504 
2067 I 298195697 1504 
2068 I 298539138 1504 
2069 I 298539277 1504 
2070 I 298539412 1504 
2071 I 298638040 1504 
2072 I 298638164 1504 
2073 I 298638306 1504 
2074 I 298638895 1504 
2075 I 298639030 1504 
2076 I 298978778 1504 
2077 I 298978884 1504 
2078 I 298979030 1504 
2079 I 299044771 1504 
2080 I 299044889 1504 
2081 I 299080506 1504 
2082 I 299080601 1504 
2083 I 299080732 1504 
2084 I 299080846 1504 
2085 I 299080972 1504 
2086 I 299081118 1504 
2087 I 299176171 1504 
2088 I 299176294 1504 
2089 I 299418368 1504 
2090 I 299418525 1504 
2091 I 299418623 1504 
2092 I 299486434 1504 
2093 I 299486744 1504 
2094 I 299486816 1504 
2095 I 299521236 650 
2096 I 299521263 1504 
