0 I 0 419 
1 I 19745198 419 
2 I 22669634 419 
3 I 23922533 419 
4 I 24075862 419 
5 I 43684716 419 
6 I 84674454 419 
7 I 102415069 293 
8 I 106329531 419 
9 I 112976566 419 
10 I 114426622 419 
11 I 117622985 419 
12 I 128877191 293 
13 I 142477045 419 
14 I 146009029 419 
15 I 154930774 419 
16 I 158017855 293 
17 I 170492337 419 
18 I 187087280 293 
19 I 210569342 419 
20 I 215070670 293 
21 I 234447424 419 
22 I 247792994 419 
23 I 248721114 419 
24 I 250060010 419 
25 I 252096699 293 
26 I 253269973 293 
27 I 260917687 419 
28 I 261418887 419 
29 I 261898709 293 
30 I 270632239 419 
31 I 282378816 419 
32 I 284782519 293 
33 I 293674608 293 
