0 I 0 237 
1 I 30266882 1504 
2 I 30267031 1504 
3 I 30772703 1504 
4 I 30772823 1504 
5 I 30772956 1504 
6 I 31280457 1504 
7 I 31280570 1504 
8 I 31280702 1504 
9 I 31454467 1504 
10 I 31454606 1504 
11 I 31774119 1504 
12 I 31774249 1504 
13 I 31774383 1504 
14 I 31855555 1504 
15 I 31855696 1504 
16 I 32054536 1504 
17 I 32054666 1504 
18 I 32354303 1504 
19 I 32855474 1504 
20 I 35167356 237 
21 I 35226895 238 
22 I 35545102 1504 
23 I 36056311 1504 
24 I 36056433 1504 
25 I 36572684 1504 
26 I 36572796 1504 
27 I 36572927 1504 
28 I 36573275 1504 
29 I 37101016 1504 
30 I 37101109 1504 
31 I 37101236 1504 
32 I 39809427 1504 
33 I 40339923 1504 
34 I 40340045 1504 
35 I 40340116 530 
36 I 40340149 1504 
37 I 40856482 1504 
38 I 46262895 1504 
39 I 57208891 580 
40 I 79087048 580 
41 I 79606961 580 
42 I 79606967 312 
43 I 79606971 580 
