0 I 0 895 
1 I 1340533 815 
2 I 5532042 1504 
3 I 5532159 1504 
4 I 6002157 1504 
5 I 6464136 1504 
6 I 6931606 1504 
7 I 6931703 1504 
8 I 6931719 774 
9 I 7399121 1504 
10 I 7399228 1504 
11 I 7478959 1504 
12 I 7479111 1504 
13 I 7545648 774 
14 I 7866446 1504 
15 I 7948891 1504 
16 I 7948992 1504 
17 I 7949121 1504 
18 I 8009699 1504 
19 I 8324388 1504 
20 I 8406625 1504 
21 I 8407185 1504 
22 I 8859655 1504 
23 I 8859777 1504 
24 I 10509324 1504 
25 I 10944462 1504 
26 I 10944586 1504 
27 I 10944668 209 
28 I 10944720 1504 
29 I 11293326 1504 
30 I 11378366 1504 
31 I 11378493 1504 
32 I 11378632 1504 
33 I 11378758 1504 
34 I 11723082 1504 
35 I 11723210 1504 
36 I 11723290 530 
37 I 11723323 1504 
38 I 12147499 1504 
39 I 12148535 1504 
40 I 12566126 1504 
41 I 12566982 187 
42 I 14902858 1504 
43 I 17400223 1504 
44 I 17832563 1504 
45 I 17832701 1504 
46 I 17832813 1427 
47 I 18259197 1504 
48 I 18259350 1504 
49 I 18449128 1427 
50 I 18689842 1504 
51 I 18856859 1504 
52 I 19012219 1504 
53 I 19012326 1504 
54 I 19049668 1427 
55 I 19248629 1504 
56 I 19292434 1504 
57 I 19450748 1504 
58 I 19450865 1504 
59 I 19451005 1504 
60 I 19648545 1427 
61 I 19848904 1504 
62 I 19888778 1504 
63 I 19888917 1504 
64 I 19889036 1504 
65 I 20048349 67 
66 I 20088240 1504 
67 I 20527566 1504 
68 I 22540658 1504 
69 I 22976193 1504 
70 I 22976308 1504 
71 I 22976388 1325 
72 I 23406469 1504 
73 I 23837845 1504 
74 I 24257595 1504 
75 I 24683829 223 
76 I 28201192 580 
77 I 28337731 1504 
78 I 28763137 1504 
79 I 28763259 1504 
80 I 28763357 530 
81 I 28763390 1504 
82 I 28763966 455 
83 I 28763969 580 
84 I 29193403 1504 
85 I 29193534 1504 
86 I 29193665 530 
87 I 29193677 1504 
88 I 29626690 1504 
89 I 29626811 1504 
90 I 29626901 530 
91 I 29626929 1504 
92 I 30046617 1275 
93 I 32275298 1275 
94 I 61904795 1504 
95 I 61904922 1504 
96 I 62330124 1504 
97 I 62330249 1504 
98 I 62330382 1504 
99 I 62748746 1504 
100 I 62748962 1504 
101 I 63162612 1504 
102 I 63162621 774 
103 I 63510117 256 
104 I 63592805 1504 
105 I 63593326 1504 
106 I 64058869 1504 
107 I 64059673 774 
108 I 64452839 1504 
109 I 64452947 1504 
110 I 64910181 1504 
111 I 64910310 1504 
112 I 64910461 1504 
113 I 65376633 1504 
114 I 65376765 1504 
115 I 65376869 1504 
116 I 65509801 67 
117 I 66044689 1504 
118 I 68755314 1504 
119 I 71957750 580 
120 I 72627656 580 
121 I 72627686 580 
122 I 72627760 580 
123 I 72627766 580 
124 I 72627886 382 
125 I 72627893 580 
126 I 73099777 580 
127 I 73099791 580 
128 I 73099866 580 
129 I 73099922 580 
130 I 73099928 382 
131 I 73099934 580 
132 I 73568363 580 
133 I 73569024 580 
134 I 73569158 580 
135 I 74027411 580 
136 I 74027553 580 
137 I 74439841 580 
138 I 74481387 580 
139 I 74481672 580 
140 I 74930627 580 
141 I 75027123 580 
142 I 75027145 580 
143 I 75372627 580 
144 I 75627870 580 
145 I 75627875 580 
146 I 76079559 432 
147 I 76079582 307 
148 I 85294378 580 
149 I 85723318 580 
150 I 85723363 580 
151 I 85723390 580 
152 I 85723474 580 
153 I 85723493 580 
154 I 85723519 580 
155 I 85723551 559 
156 I 86153871 580 
157 I 86153902 580 
158 I 86153951 580 
159 I 86154040 580 
160 I 86154099 580 
161 I 86154115 382 
162 I 86154474 580 
163 I 86154528 580 
164 I 86154633 580 
165 I 86581013 221 
166 I 86582160 580 
167 I 86582182 580 
168 I 87005641 580 
169 I 87006448 580 
170 I 87006603 580 
171 I 87429312 580 
172 I 87430737 580 
173 I 87430745 580 
174 I 87851895 580 
175 I 87853777 72 
176 I 96694285 187 
177 I 96696247 354 
