0 I 0 419 
1 I 12257861 293 
2 I 13460590 293 
3 I 25502108 419 
4 I 33901449 293 
5 I 41470185 293 
6 I 59472740 293 
7 I 93367605 419 
8 I 98584123 419 
9 I 114448331 293 
10 I 127363533 419 
11 I 130659313 419 
12 I 132341156 419 
13 I 140221094 419 
14 I 143213939 419 
15 I 152182489 293 
16 I 161808499 419 
17 I 171557462 419 
18 I 174181637 419 
19 I 176262342 419 
20 I 188137856 293 
21 I 190470406 293 
22 I 200267551 419 
23 I 204556758 419 
24 I 210052215 419 
25 I 218913329 293 
26 I 232132527 293 
27 I 236074552 293 
28 I 253585706 419 
29 I 259259376 293 
30 I 263946076 293 
31 I 270613491 419 
32 I 283779448 293 
