0 I 0 1504 
1 I 33956333 1504 
2 I 33956422 1504 
3 I 35147264 1504 
4 I 36370719 1504 
5 I 41780578 774 
6 I 42963359 1504 
7 I 43137632 1504 
8 I 43137775 1504 
9 I 44374410 1504 
10 I 44374519 1504 
11 I 44374637 1504 
12 I 45606241 1504 
13 I 45606510 1504 
14 I 46816036 1504 
15 I 49655918 774 
16 I 49874777 1504 
17 I 51097809 1504 
18 I 51098138 1504 
19 I 52343131 1504 
20 I 52343203 1504 
21 I 53619866 1504 
22 I 53620236 1504 
23 I 54904942 1504 
24 I 54905197 1504 
25 I 54905373 1504 
26 I 56190336 1504 
27 I 56190453 1504 
28 I 56394688 1504 
29 I 60921692 1504 
30 I 62174199 1504 
31 I 62174358 1504 
32 I 63439180 1504 
33 I 63439274 1504 
34 I 64694316 1504 
35 I 65961659 1504 
36 I 70438160 1504 
37 I 71687641 1504 
38 I 71687821 1504 
39 I 73000251 1504 
40 I 73000386 1504 
41 I 74271467 1504 
42 I 74271563 1504 
43 I 74271672 1504 
44 I 75562849 1504 
45 I 75563047 1504 
46 I 75701115 1504 
47 I 76871832 1504 
48 I 76871918 1504 
49 I 76872038 1504 
50 I 78147684 1504 
51 I 78147771 1504 
52 I 78147965 1504 
53 I 78312953 1504 
54 I 79410477 1504 
55 I 79410607 1504 
56 I 82578159 1504 
57 I 83841675 1504 
58 I 83841931 1504 
59 I 85086951 1504 
60 I 85087161 1504 
61 I 85087347 1504 
62 I 86444280 1504 
63 I 86444830 1504 
64 I 87703102 1504 
65 I 87703220 1504 
66 I 90780909 1504 
67 I 92052562 1504 
68 I 92052714 1504 
69 I 95156480 1504 
70 I 98109478 1504 
71 I 110359347 1504 
72 I 134859734 1504 
73 I 136063387 1504 
74 I 136063523 1504 
75 I 137278754 1504 
76 I 137278854 1504 
77 I 140000527 1504 
78 I 141169609 1504 
79 I 141169711 1504 
80 I 142364421 1504 
81 I 142364663 1504 
82 I 143552854 1504 
83 I 143552955 1504 
84 I 145797360 1504 
85 I 146923785 1504 
86 I 146923927 1504 
87 I 148022528 1504 
88 I 149137173 1504 
89 I 150217971 1504 
90 I 150218187 1504 
91 I 151303735 1504 
92 I 154766083 1504 
93 I 163953705 1504 
94 I 182329239 1504 
95 I 183492286 1504 
96 I 183492501 1504 
97 I 220173139 1504 
98 I 255148229 1504 
99 I 255148331 1504 
100 I 255299086 1504 
101 I 261626264 1504 
102 I 262735389 1504 
103 I 262735527 1504 
104 I 263841970 1504 
105 I 263842080 1504 
106 I 265120191 1504 
107 I 268954814 1504 
108 I 270228380 1504 
109 I 270228568 1504 
110 I 271321240 1504 
111 I 271321392 1504 
112 I 272412511 1504 
113 I 272412690 1504 
114 I 273525416 1504 
115 I 273525550 1504 
116 I 273525653 1504 
117 I 274638406 1504 
118 I 274638569 1504 
119 I 275750180 1504 
120 I 276845874 1504 
121 I 277903972 1504 
122 I 277904071 1504 
123 I 279002857 1504 
124 I 279003044 1504 
125 I 280106738 1504 
126 I 280106836 1504 
127 I 281224132 1504 
128 I 282372197 1504 
129 I 283522594 1504 
130 I 283522831 1504 
131 I 287439236 1504 
132 I 293673785 1504 
