0 I 0 545 
1 I 5 1504 
2 I 78368 1504 
3 I 78689 1504 
4 I 78906 1504 
5 I 1077497 1504 
6 I 1077825 1504 
7 I 1078069 1460 
8 I 2243943 1504 
9 I 2244210 1504 
10 I 2244287 1504 
11 I 2244434 1287 
12 I 3747216 1504 
13 I 3747461 1504 
14 I 3747635 1504 
15 I 3747713 1504 
16 I 3747893 1504 
17 I 3748000 1504 
18 I 3748089 1504 
19 I 3748243 1504 
20 I 3748489 1504 
21 I 3748834 1504 
22 I 4665729 1504 
23 I 4665969 1504 
24 I 4666307 1504 
25 I 4666409 1504 
26 I 4733614 275 
27 I 4733626 1504 
28 I 4733733 1504 
29 I 5671142 1504 
30 I 5671376 1504 
31 I 5671536 1504 
32 I 5671609 318 
33 I 5671777 1504 
34 I 5969905 1504 
35 I 5970086 1504 
36 I 5970257 1504 
37 I 5970443 1504 
38 I 5970679 1504 
39 I 5970989 1504 
40 I 5971056 320 
41 I 5971193 1504 
42 I 7530211 1504 
43 I 7530467 1504 
44 I 7530719 1504 
45 I 8519408 1504 
46 I 8519522 423 
47 I 8519527 1504 
48 I 8519622 1504 
49 I 9068016 1504 
50 I 9068049 997 
51 I 27116761 1504 
52 I 27117097 1504 
53 I 27117377 1504 
54 I 28126372 253 
55 I 28126387 1504 
56 I 28126490 1504 
