0 I 0 580 
1 I 2009540 580 
2 I 2651135 580 
3 I 2651247 580 
4 I 3276175 580 
5 I 3914309 580 
6 I 4594142 580 
7 I 4594272 580 
8 I 5221750 580 
9 I 5221826 580 
10 I 5226527 580 
11 I 5836699 580 
12 I 5836718 580 
13 I 5837404 580 
14 I 5837493 580 
15 I 6458748 580 
16 I 6458924 580 
17 I 7250858 580 
18 I 7994260 580 
19 I 8746747 580 
20 I 9348773 580 
21 I 9371372 580 
22 I 9371409 580 
23 I 10057885 580 
24 I 10057907 580 
25 I 10059974 580 
26 I 10060168 580 
27 I 12066804 580 
28 I 12686510 580 
29 I 12686557 580 
30 I 13467884 580 
31 I 14280353 580 
32 I 17396491 580 
33 I 18173195 580 
34 I 18173241 580 
35 I 18804529 580 
36 I 18804640 580 
37 I 20716485 580 
38 I 22726840 580 
39 I 23409804 580 
40 I 23409837 580 
41 I 24060165 580 
42 I 24535132 580 
43 I 24710330 580 
44 I 25165419 580 
45 I 25165473 580 
46 I 32788415 580 
47 I 41542758 580 
48 I 42177171 580 
49 I 42177274 580 
50 I 47169035 312 
51 I 47994743 580 
52 I 47994786 580 
53 I 48072339 580 
54 I 48598922 580 
55 I 48598958 580 
56 I 48598989 580 
57 I 48674472 580 
58 I 48674496 580 
59 I 49276188 580 
60 I 49276219 580 
61 I 49379817 580 
62 I 49379860 580 
63 I 49379880 580 
64 I 49971913 580 
65 I 50577735 580 
66 I 50895806 580 
67 I 51206712 580 
68 I 51494139 580 
69 I 51494176 580 
70 I 51823625 580 
71 I 51823772 580 
72 I 52083319 580 
73 I 52083360 580 
74 I 52417849 580 
75 I 52417899 580 
76 I 52997823 580 
77 I 52997920 580 
78 I 53511217 580 
79 I 53584518 580 
80 I 53584581 580 
81 I 53584643 580 
82 I 54178810 580 
83 I 54770522 580 
84 I 55360334 580 
85 I 55956753 580 
86 I 55956799 580 
87 I 56527280 580 
88 I 56570676 580 
89 I 61218613 580 
90 I 61218666 580 
91 I 61849352 580 
92 I 61849400 580 
93 I 61849480 580 
94 I 62471151 580 
95 I 62476291 580 
96 I 63092850 580 
97 I 63092906 580 
98 I 65375351 580 
99 I 71210091 580 
100 I 71846593 580 
101 I 71846654 580 
102 I 72454346 580 
103 I 72454499 580 
104 I 73110205 580 
105 I 73110233 580 
106 I 75838986 580 
107 I 76478436 580 
108 I 76478562 580 
109 I 77153722 580 
110 I 77153792 580 
111 I 77778169 580 
112 I 77778246 580 
113 I 78592273 580 
114 I 78592311 580 
115 I 79210879 580 
116 I 79819610 580 
117 I 82354865 580 
118 I 87606914 580 
119 I 98061071 580 
120 I 98702559 580 
121 I 98702617 580 
122 I 99434689 580 
123 I 100133273 580 
124 I 118377088 183 
125 I 119086498 580 
126 I 119086566 580 
127 I 119086598 580 
128 I 119688970 580 
129 I 119689002 580 
130 I 119689096 580 
131 I 119884507 580 
132 I 119884574 580 
133 I 120478917 580 
134 I 120478941 580 
135 I 120479078 580 
136 I 120479103 580 
137 I 120493930 580 
138 I 121064876 580 
139 I 121066706 580 
140 I 121067624 580 
141 I 121072586 580 
142 I 121682480 580 
143 I 121687590 580 
144 I 122266231 580 
145 I 122648153 580 
146 I 122648205 580 
147 I 125322412 580 
148 I 125918878 74 
149 I 125918884 580 
150 I 128643384 580 
151 I 129324580 580 
152 I 129324644 580 
153 I 130007549 580 
154 I 130007585 580 
155 I 130619945 580 
156 I 131242260 580 
157 I 132064700 580 
158 I 134175318 580 
159 I 134801401 580 
160 I 134801487 580 
161 I 135433568 580 
162 I 135433599 580 
163 I 138402941 580 
164 I 139125898 580 
165 I 139125946 580 
166 I 144542391 580 
167 I 145148001 580 
168 I 148509773 580 
169 I 148509826 580 
170 I 149076231 580 
171 I 149076435 580 
172 I 149076514 580 
173 I 149644810 580 
174 I 149647394 580 
175 I 150205206 580 
176 I 150773887 580 
177 I 153092810 580 
178 I 153681468 580 
179 I 153681514 580 
180 I 154250899 580 
181 I 154250947 580 
182 I 154466835 580 
183 I 154466955 580 
184 I 155024712 580 
185 I 155024767 580 
186 I 155024852 580 
187 I 155571050 580 
188 I 155571074 580 
189 I 155571135 580 
190 I 156118012 580 
191 I 156120493 580 
192 I 156122992 580 
193 I 156658186 580 
194 I 156798982 580 
195 I 157109284 580 
196 I 157358539 580 
197 I 157358651 580 
198 I 157664239 580 
199 I 157664293 580 
200 I 157923310 580 
201 I 157923397 580 
202 I 157923424 580 
203 I 158208127 580 
204 I 158208192 580 
205 I 158474182 580 
206 I 158474310 580 
207 I 158749579 580 
208 I 158749594 580 
209 I 159029149 580 
210 I 159030419 580 
211 I 159519102 580 
212 I 159519150 580 
213 I 159606953 580 
214 I 159606974 580 
215 I 160141437 580 
216 I 160204071 580 
217 I 160725108 580 
218 I 160725156 580 
219 I 160842226 580 
220 I 161231360 580 
221 I 161313563 580 
222 I 161313637 580 
223 I 161446056 580 
224 I 161916345 580 
225 I 161916400 580 
226 I 162030887 580 
227 I 162507106 580 
228 I 162616729 580 
229 I 163098172 580 
230 I 163706330 580 
231 I 163706343 580 
232 I 164309729 580 
233 I 164309770 580 
234 I 165661104 580 
235 I 166273011 580 
236 I 166273052 580 
237 I 166565683 580 
238 I 166878416 580 
239 I 166878463 580 
240 I 167326744 580 
241 I 167326790 580 
242 I 168027200 580 
243 I 168976830 580 
244 I 169476182 580 
245 I 172596476 580 
246 I 173202846 580 
247 I 173800874 580 
248 I 173800895 580 
249 I 174409015 580 
250 I 174409159 580 
251 I 175054245 580 
252 I 175054303 580 
253 I 175655922 580 
254 I 175655992 580 
255 I 175656052 580 
256 I 176434022 580 
257 I 176434313 580 
258 I 176434420 580 
259 I 177057208 580 
260 I 177057249 580 
261 I 177679594 580 
262 I 177679643 580 
263 I 177679712 580 
264 I 177679778 580 
265 I 178299556 580 
266 I 178911535 580 
267 I 178911604 580 
268 I 179518431 580 
269 I 179518476 580 
270 I 180233072 580 
271 I 180818268 580 
272 I 181475452 580 
273 I 181855757 580 
274 I 182158322 580 
275 I 182158361 580 
276 I 182827502 580 
277 I 182827515 580 
278 I 183449322 580 
279 I 183449357 580 
280 I 184769372 580 
281 I 185546038 580 
282 I 185546081 580 
283 I 186161874 580 
284 I 186161915 580 
285 I 186821637 580 
286 I 187486201 580 
287 I 190297205 580 
288 I 195939198 580 
289 I 196564290 580 
290 I 196564310 580 
291 I 200355969 580 
292 I 200909431 580 
293 I 200909470 580 
294 I 201428458 580 
295 I 201428497 580 
296 I 201963105 580 
297 I 201963198 580 
298 I 201963360 400 
299 I 202481342 580 
300 I 203520229 580 
301 I 203520299 580 
302 I 204035787 580 
303 I 204035805 580 
304 I 204582027 580 
305 I 205483321 580 
306 I 206007217 580 
307 I 206007324 580 
308 I 206514302 580 
309 I 206514314 580 
310 I 207800719 580 
311 I 207901715 580 
312 I 210715849 580 
313 I 211275609 580 
314 I 211275638 580 
315 I 216856861 580 
316 I 217509235 580 
317 I 217509276 580 
318 I 218028689 580 
319 I 218028770 580 
320 I 218535608 580 
321 I 218535717 580 
322 I 219051607 580 
323 I 219051743 580 
324 I 219051802 580 
325 I 219598879 580 
326 I 219598916 580 
327 I 219712649 580 
328 I 220155556 580 
329 I 220155586 580 
330 I 220155650 580 
331 I 220413472 580 
332 I 220686627 580 
333 I 220689020 580 
334 I 220945638 580 
335 I 221219400 580 
336 I 221790160 580 
337 I 224002825 580 
338 I 224504709 580 
339 I 224504813 580 
340 I 225041101 580 
341 I 225041135 580 
342 I 229421730 580 
343 I 230070908 580 
344 I 230070963 580 
345 I 230327784 580 
346 I 230574460 580 
347 I 230574512 580 
348 I 231096640 580 
349 I 231096725 188 
350 I 231627055 580 
351 I 231627074 580 
352 I 231627110 580 
353 I 232337728 580 
354 I 233208309 580 
355 I 233208376 580 
356 I 233763445 580 
357 I 233763557 580 
358 I 234522934 580 
359 I 235092407 580 
360 I 235459914 580 
361 I 235673903 580 
362 I 236226756 580 
363 I 236226822 580 
364 I 236903630 580 
365 I 237443636 580 
366 I 237972982 580 
367 I 237991313 580 
368 I 238523848 580 
369 I 238523912 580 
370 I 238548287 580 
371 I 239142006 580 
372 I 239152501 580 
373 I 239152524 580 
374 I 239152702 580 
375 I 239720793 580 
376 I 239721846 580 
377 I 240251868 580 
378 I 240258225 580 
379 I 240819929 580 
380 I 241293602 580 
381 I 241856508 580 
382 I 241856567 580 
383 I 241856685 580 
384 I 241856740 580 
385 I 241856790 580 
386 I 246223587 580 
387 I 255079100 580 
388 I 272785654 580 
