0 I 0 316 
1 I 2 580 
2 I 3698403 316 
3 I 4329810 580 
4 I 4329848 580 
5 I 4907272 580 
6 I 4927299 580 
7 I 4927347 580 
8 I 5470887 580 
9 I 5494158 580 
10 I 6034535 349 
11 I 6061527 580 
12 I 9029571 580 
13 I 9407938 580 
14 I 9407992 580 
15 I 9601298 580 
16 I 9601361 580 
17 I 9986619 368 
18 I 10180033 580 
19 I 10180075 580 
20 I 10572616 580 
21 I 10572659 580 
22 I 10572706 580 
23 I 11153968 580 
24 I 11154005 580 
25 I 11736279 580 
26 I 12325574 535 
27 I 12912982 580 
28 I 13053111 580 
29 I 13647005 580 
30 I 13647045 580 
31 I 13920648 88 
32 I 13920656 580 
33 I 14235032 238 
34 I 17076435 238 
35 I 17076531 580 
36 I 17623816 580 
37 I 17623829 580 
38 I 17651668 580 
39 I 18192773 580 
40 I 18419345 580 
41 I 18921880 280 
42 I 18921882 580 
43 I 22206493 580 
