0 I 0 1504 
1 I 1241 1504 
2 I 166424 1504 
3 I 825818 1504 
4 I 1343424 1504 
5 I 1344654 1504 
6 I 1345911 1504 
7 I 1347139 1504 
8 I 1793691 1504 
9 I 2324010 1504 
10 I 2330052 1504 
11 I 2792584 1504 
12 I 3297038 1504 
13 I 3748624 1504 
14 I 3749578 1504 
15 I 4326427 1504 
16 I 4327688 1504 
17 I 5419928 1504 
18 I 8701724 1504 
19 I 8703358 1504 
20 I 8874152 1504 
21 I 10001325 1504 
22 I 10002488 1504 
23 I 10951379 1504 
24 I 10989748 1504 
25 I 11921455 1504 
26 I 12884286 1504 
27 I 12885737 1504 
28 I 13867065 1504 
29 I 14767245 1504 
30 I 14768561 1504 
31 I 14834125 1504 
32 I 15884237 1504 
33 I 15885488 1504 
34 I 18428440 1504 
35 I 19333231 1504 
36 I 21855922 1504 
37 I 22871812 1504 
38 I 22873107 1504 
39 I 23884343 1504 
40 I 23885365 1504 
41 I 24902370 1504 
42 I 25927706 1504 
43 I 26374591 1504 
44 I 28987760 1504 
45 I 30083533 1504 
46 I 30084913 1504 
47 I 35101623 774 
48 I 36357066 1504 
49 I 40528436 1504 
50 I 40833908 1504 
51 I 41909385 1504 
52 I 41910631 1504 
53 I 48702300 1504 
54 I 49689280 1504 
55 I 49690346 1504 
56 I 50647178 1504 
57 I 50648393 1504 
58 I 51712843 1504 
59 I 52348409 1504 
60 I 52349801 1504 
61 I 52646626 1504 
62 I 53312070 1504 
63 I 53313369 1504 
64 I 53314513 1504 
65 I 53605478 1504 
66 I 53829049 1504 
67 I 54267763 1504 
68 I 54268989 1504 
69 I 54270326 1504 
70 I 54764534 1504 
71 I 54765558 1504 
72 I 55219575 1504 
73 I 55701060 1504 
74 I 55702366 1504 
75 I 56141426 1504 
76 I 56185556 1504 
77 I 56814593 1504 
78 I 57112476 1504 
79 I 57113780 1504 
80 I 57155405 1504 
81 I 57156638 1504 
82 I 57780885 1504 
83 I 58081901 1504 
84 I 58083315 1504 
85 I 58125895 1504 
86 I 58859952 1504 
87 I 59059645 1504 
88 I 59095649 1504 
89 I 59841241 1504 
90 I 59842551 1504 
91 I 60044274 1504 
92 I 60078567 1504 
93 I 60079848 1504 
94 I 60815696 1504 
95 I 60817013 1504 
96 I 61062221 1504 
97 I 61063541 1504 
98 I 62376592 1504 
99 I 62780584 1504 
100 I 63750721 1504 
101 I 63751438 1504 
102 I 64491101 1504 
103 I 64847498 1504 
104 I 65470068 1504 
105 I 65471260 1504 
106 I 65835100 1504 
107 I 66477046 1504 
108 I 66478395 1504 
109 I 66600390 1504 
110 I 66830151 1504 
111 I 67205098 1504 
112 I 67474711 1504 
113 I 67475964 1504 
114 I 67832298 1504 
115 I 67833552 1504 
116 I 68209067 1504 
117 I 68210441 1504 
118 I 68489577 1504 
119 I 68490710 1504 
120 I 68492005 1504 
121 I 68619076 1504 
122 I 68848091 1504 
123 I 68849312 1504 
124 I 69979850 1504 
125 I 70954443 1504 
126 I 71632080 1504 
127 I 71833245 1504 
128 I 71944544 1504 
129 I 72813939 1504 
130 I 72815428 1504 
131 I 72935001 1504 
132 I 72936269 1504 
133 I 73790716 1504 
134 I 73791937 1504 
135 I 73946913 1504 
136 I 73948310 1504 
137 I 74955124 1504 
138 I 74956400 1504 
139 I 74960117 1504 
140 I 75939101 1504 
141 I 75940246 1504 
142 I 75941620 1504 
143 I 75949011 1504 
144 I 76965790 1504 
145 I 76967104 1504 
146 I 77764674 1504 
147 I 77989731 1504 
148 I 78473031 1504 
149 I 79003866 1504 
150 I 79573924 1504 
151 I 80625196 1504 
152 I 80626474 1504 
153 I 81667527 1504 
154 I 81668763 1504 
155 I 82694053 1504 
156 I 82695257 1504 
157 I 83700809 1504 
158 I 83702271 1504 
159 I 83703346 1504 
160 I 84681301 1504 
161 I 84682533 1504 
162 I 84683854 1504 
163 I 84806998 1504 
164 I 85507256 1504 
165 I 85695485 1504 
166 I 85696701 1504 
167 I 85887650 1504 
168 I 85889528 1504 
169 I 86512797 1504 
170 I 86513929 1504 
171 I 86693621 1504 
172 I 86896485 1504 
173 I 86900184 1504 
174 I 87521623 1504 
175 I 87522688 1504 
176 I 87887341 1504 
177 I 88078629 1504 
178 I 88520496 1504 
179 I 89064874 1504 
180 I 89066090 1504 
181 I 90054108 1504 
182 I 90055466 1504 
183 I 90056684 1504 
184 I 90637974 1504 
185 I 91035001 1504 
186 I 91036055 1504 
187 I 91186414 1504 
188 I 92451878 1504 
189 I 95061882 1504 
190 I 96248020 1504 
191 I 96249604 1504 
192 I 96976360 1504 
193 I 97073700 1504 
194 I 97076043 1504 
195 I 97215441 1504 
196 I 97216593 1504 
197 I 98041538 1504 
198 I 98042782 1504 
199 I 99040005 1504 
200 I 99041221 1504 
201 I 100149171 1504 
202 I 100194386 1504 
203 I 101296683 1504 
204 I 102204053 774 
205 I 102402692 1504 
206 I 103007160 1504 
207 I 103359790 1504 
208 I 103360855 1504 
209 I 103965802 1504 
210 I 103966972 1504 
211 I 104316325 1504 
212 I 104317544 1504 
213 I 104938761 1504 
214 I 104939881 1504 
215 I 105620898 1504 
216 I 105906814 1504 
217 I 105908249 1504 
218 I 106689291 1504 
219 I 106690554 1504 
220 I 106882366 1504 
221 I 106883459 1504 
222 I 106885013 1504 
223 I 107654823 1504 
224 I 107656041 1504 
225 I 107841246 1504 
226 I 107842565 1504 
227 I 108799613 1504 
228 I 108800800 1504 
229 I 108939709 1504 
230 I 109774469 1504 
231 I 109775688 1504 
232 I 109898185 1504 
233 I 109899421 1504 
234 I 110741026 1504 
235 I 110742013 1504 
236 I 110749878 1504 
237 I 110762342 1504 
238 I 110764111 1504 
239 I 110764217 774 
240 I 111012900 1504 
241 I 111717531 1504 
242 I 111740107 1504 
243 I 111741383 1504 
244 I 111742454 1358 
245 I 112459445 1504 
246 I 112691521 1504 
247 I 112714580 1504 
248 I 112715811 1504 
249 I 112716158 547 
250 I 112825255 347 
251 I 112825259 1504 
252 I 113668874 1504 
253 I 113670110 1504 
254 I 113670703 958 
255 I 113783927 1504 
256 I 114630276 1320 
257 I 114732277 958 
258 I 115484081 1504 
259 I 115602778 1504 
260 I 115603940 1504 
261 I 115605173 1504 
262 I 115605564 774 
263 I 116206158 1504 
264 I 116529766 1504 
265 I 116531029 1504 
266 I 116532162 1504 
267 I 117136252 1504 
268 I 117137250 1260 
269 I 117461100 1504 
270 I 117462250 1504 
271 I 117463656 530 
272 I 117463666 1504 
273 I 118374642 1504 
274 I 118375710 1504 
275 I 118376575 1018 
276 I 120404620 1504 
277 I 121274142 1504 
278 I 121275359 1504 
279 I 121276583 1504 
280 I 121276718 530 
281 I 121513427 1504 
282 I 122159108 1504 
283 I 122160319 1504 
284 I 123048124 1504 
285 I 123049275 1504 
286 I 123893040 1504 
287 I 124429099 1504 
288 I 124724511 1504 
289 I 125269715 1504 
290 I 125271138 1504 
291 I 125272200 104 
292 I 125272217 1504 
293 I 125574775 1504 
294 I 126161829 1504 
295 I 126162998 104 
296 I 126163016 1504 
297 I 127007980 1504 
298 I 127009221 1504 
299 I 127010417 1504 
300 I 127868253 1504 
301 I 127869537 1504 
302 I 127869946 711 
303 I 128351678 1504 
304 I 128710432 1504 
305 I 131167790 1504 
306 I 133213782 1504 
307 I 133214569 1504 
308 I 133584434 1504 
309 I 134463874 1504 
310 I 134465506 1504 
311 I 135365210 1504 
312 I 135366516 1504 
313 I 135702268 1504 
314 I 136408526 1504 
315 I 137285879 1504 
316 I 137769619 1504 
317 I 138736326 1504 
318 I 138737517 1504 
319 I 139288411 1504 
320 I 139289645 1504 
321 I 140251790 1504 
322 I 140253007 1504 
323 I 140254088 1504 
324 I 141210416 1504 
325 I 141211624 1504 
326 I 141212813 1504 
327 I 141486958 1504 
328 I 142130569 1504 
329 I 142134355 1504 
330 I 142135486 1504 
331 I 142271132 1504 
332 I 142272684 1504 
333 I 142430123 1504 
334 I 142431352 1504 
335 I 143121789 1504 
336 I 143527495 1504 
337 I 144073416 1504 
338 I 145249283 1504 
339 I 146192127 1504 
340 I 146193658 1504 
341 I 146534294 1504 
342 I 147355933 1504 
343 I 147484333 1504 
344 I 147485621 1504 
345 I 148101404 1504 
346 I 148328421 1504 
347 I 148464752 1504 
348 I 148466100 1504 
349 I 149098489 1504 
350 I 149099721 1504 
351 I 149316361 1504 
352 I 150326039 1504 
353 I 150327214 1504 
354 I 151291180 1504 
355 I 151292473 1504 
356 I 151883000 1504 
357 I 152239858 1504 
358 I 153233034 1504 
359 I 154170156 1504 
360 I 154171260 1504 
361 I 155012679 1504 
362 I 155013977 1504 
363 I 155837798 1504 
364 I 155839086 1504 
365 I 156674758 1504 
366 I 156675870 1504 
367 I 156677091 1504 
368 I 157530931 1504 
369 I 157532217 1504 
370 I 157691481 1504 
371 I 158878654 1504 
372 I 159912222 1504 
373 I 159912889 1504 
374 I 159925263 1504 
375 I 159926495 1504 
376 I 160335303 1504 
377 I 160686960 1504 
378 I 161192926 1504 
379 I 161194364 1504 
380 I 161542624 1504 
381 I 161543833 1504 
382 I 162119198 1504 
383 I 162120662 1504 
384 I 163094627 1504 
385 I 163095840 1504 
386 I 164353953 1504 
387 I 165281645 1504 
388 I 165282695 1504 
389 I 166184130 1504 
390 I 167111713 1504 
391 I 167119079 1504 
392 I 167120471 1504 
393 I 167473868 1504 
394 I 168049854 1504 
395 I 168050746 1504 
396 I 168425176 1504 
397 I 168426405 1504 
398 I 169299573 1504 
399 I 169300774 1504 
400 I 170085907 1504 
401 I 170791979 1504 
402 I 171049846 1504 
403 I 171051046 1504 
404 I 171688012 1504 
405 I 171689182 1504 
406 I 171960704 1504 
407 I 172310620 1504 
408 I 172575035 1504 
409 I 172576641 1504 
410 I 173179293 1504 
411 I 173180505 1504 
412 I 173532244 1504 
413 I 173533512 1504 
414 I 173798079 1504 
415 I 174525322 1504 
416 I 174526442 1504 
417 I 174527824 1504 
418 I 174716072 1504 
419 I 174717188 1504 
420 I 175612173 1504 
421 I 175613334 1504 
422 I 175614553 1504 
423 I 175631759 1504 
424 I 176551183 1504 
425 I 176552374 1504 
426 I 176559927 1504 
427 I 176716457 1504 
428 I 176717503 1504 
429 I 177048713 1504 
430 I 177497007 1504 
431 I 177498207 1504 
432 I 177621998 1504 
433 I 177623146 1504 
434 I 178080920 1504 
435 I 178082188 1504 
436 I 178570355 1504 
437 I 178697632 1504 
438 I 179108861 1504 
439 I 179138058 1504 
440 I 179200134 1504 
441 I 179672765 1504 
442 I 180192370 1504 
443 I 180233802 1504 
444 I 180235028 1504 
445 I 180636922 1504 
446 I 180637999 1504 
447 I 181162718 1504 
448 I 181163922 1504 
449 I 181192047 1504 
450 I 181193289 1504 
451 I 181552746 1504 
452 I 181554184 1504 
453 I 182131270 1504 
454 I 182132528 1504 
455 I 182170330 1504 
456 I 182171563 1504 
457 I 182172803 1504 
458 I 182512593 1504 
459 I 182513710 1504 
460 I 183154841 1504 
461 I 183156008 1504 
462 I 184161256 1504 
463 I 184162477 1504 
464 I 184163754 1504 
465 I 185148531 1504 
466 I 185149746 1504 
467 I 185151018 1504 
468 I 185940316 1504 
469 I 188589845 1504 
470 I 190601883 1504 
471 I 191468517 1504 
472 I 191469545 1504 
473 I 192713125 1504 
474 I 192719701 1504 
475 I 192720759 1504 
476 I 193524410 1504 
477 I 193525354 1504 
478 I 193526689 1504 
479 I 194350618 1504 
480 I 194351697 1504 
481 I 195203427 1504 
482 I 195830706 1504 
483 I 196636680 1504 
484 I 196637786 1504 
485 I 197471645 1504 
486 I 197473507 1504 
487 I 197743062 1504 
488 I 198301868 1504 
489 I 198303127 1504 
490 I 198570935 1504 
491 I 198572148 1504 
492 I 199115735 1504 
493 I 199117135 1504 
494 I 199117970 1504 
495 I 199377740 1504 
496 I 199378979 1504 
497 I 199937265 1504 
498 I 199938390 1504 
499 I 200095854 1504 
500 I 200194653 1504 
501 I 200195942 1504 
502 I 200758383 1504 
503 I 200759621 1504 
504 I 200760909 1504 
505 I 201016110 1504 
506 I 201017248 1504 
507 I 201018535 1504 
508 I 201578599 1504 
509 I 201599824 1504 
510 I 201601054 1504 
511 I 202371655 1504 
512 I 202392975 1504 
513 I 203228200 1504 
514 I 203228978 1504 
515 I 204179191 1504 
516 I 204253653 1504 
517 I 205047322 1504 
518 I 206402713 1504 
519 I 206496918 1504 
520 I 207324849 1504 
521 I 207326209 1504 
522 I 210615044 1504 
523 I 211498086 1504 
524 I 211498888 1504 
525 I 211924531 1504 
526 I 212368548 1504 
527 I 212369764 1504 
528 I 212783370 1504 
529 I 212784541 1504 
530 I 213250203 1504 
531 I 213251441 1504 
532 I 213823004 1504 
533 I 214660931 1504 
534 I 214739004 1504 
535 I 215485769 1504 
536 I 215714964 1504 
537 I 215716241 1504 
538 I 216250056 1504 
539 I 216310125 1504 
540 I 216311304 1504 
541 I 216535019 1504 
542 I 216536253 1504 
543 I 217104709 1504 
544 I 217105924 1504 
545 I 217195070 1504 
546 I 217196308 1504 
547 I 217324769 1504 
548 I 217326198 1504 
549 I 217887284 1504 
550 I 217888577 1504 
551 I 217970829 1504 
552 I 218277750 1504 
553 I 218279018 1504 
554 I 218780950 1504 
555 I 218782027 1504 
556 I 219057045 1504 
557 I 219567637 1504 
558 I 219568744 1504 
559 I 220674808 1504 
560 I 221379449 1504 
561 I 222191653 1504 
562 I 222192607 1504 
563 I 223019067 1504 
564 I 223020231 1504 
565 I 223190708 1504 
566 I 223828270 1504 
567 I 223829499 1504 
568 I 223830791 1504 
569 I 223997804 1504 
570 I 223999093 1504 
571 I 224629881 1504 
572 I 224631076 1504 
573 I 224632342 1504 
574 I 224785380 1504 
575 I 224786600 1504 
576 I 225425101 1504 
577 I 225528284 1504 
578 I 225646783 1504 
579 I 225647951 1504 
580 I 226045082 1504 
581 I 226217479 1504 
582 I 226324384 1504 
583 I 226325509 1504 
584 I 226428288 1504 
585 I 226801469 1504 
586 I 226802719 1504 
587 I 227001823 1504 
588 I 227112083 1504 
589 I 227261222 1504 
590 I 227524683 1504 
591 I 227597611 1504 
592 I 227912045 1504 
593 I 227931513 1504 
594 I 228074837 1504 
595 I 228076132 1504 
596 I 228334812 1504 
597 I 228336152 1504 
598 I 228564100 1504 
599 I 228746677 1504 
600 I 228748257 1504 
601 I 228956956 1504 
602 I 228958100 1504 
603 I 229539120 1504 
604 I 229546887 1504 
605 I 229768745 1504 
606 I 230382198 1504 
607 I 230385737 1504 
608 I 230634956 1504 
609 I 230636292 1504 
610 I 231065212 1504 
611 I 231925032 1504 
612 I 231926254 1504 
613 I 231941397 1504 
614 I 232763577 1504 
615 I 232764792 1504 
616 I 233776873 1504 
617 I 233805048 1504 
618 I 233858853 1504 
619 I 234657176 1504 
620 I 234658422 1504 
621 I 234734066 1504 
622 I 234734787 1504 
623 I 235153095 1504 
624 I 235520160 1504 
625 I 235521293 1504 
626 I 235782580 1504 
627 I 236021778 1504 
628 I 236023002 1504 
629 I 236401375 1504 
630 I 236402284 1504 
631 I 236671018 1504 
632 I 237015268 1504 
633 I 237266309 1504 
634 I 237561159 1504 
635 I 237902475 1504 
636 I 238573831 1504 
637 I 238755614 1504 
638 I 239379645 1504 
639 I 239437726 1504 
640 I 239438854 1504 
641 I 239606794 1504 
642 I 239980418 1504 
643 I 240290688 1504 
644 I 240396466 1504 
645 I 240397586 1504 
646 I 240488196 1504 
647 I 240493312 1504 
648 I 240494759 1504 
649 I 240495747 1504 
650 I 240851081 1504 
651 I 240852431 1504 
652 I 241253374 1504 
653 I 241331651 1504 
654 I 241333265 1504 
655 I 241338369 1504 
656 I 241505452 1504 
657 I 242090239 1504 
658 I 242171343 1504 
659 I 242172565 1504 
660 I 242289382 1504 
661 I 242290676 1504 
662 I 242493251 1504 
663 I 242933920 1504 
664 I 242935161 1504 
665 I 243023128 1504 
666 I 243024330 1504 
667 I 243025643 1504 
668 I 243304832 1504 
669 I 243867758 1504 
670 I 243868939 1504 
671 I 243901773 1504 
672 I 244001094 1504 
673 I 244133797 1504 
674 I 244309194 1504 
675 I 244731225 1504 
676 I 244911693 1504 
677 I 244975182 1504 
678 I 245155421 1504 
679 I 245156698 1504 
680 I 245583498 1504 
681 I 245779435 1504 
682 I 245780603 1504 
683 I 245814528 774 
684 I 246120803 1504 
685 I 246128512 1504 
686 I 246442017 1504 
687 I 246443208 1504 
688 I 246642650 1504 
689 I 246643846 1504 
690 I 246980236 1504 
691 I 246981428 1504 
692 I 247290543 1504 
693 I 247496215 1504 
694 I 247497327 1504 
695 I 247859286 1504 
696 I 247860536 1504 
697 I 248163689 1504 
698 I 250046787 1504 
699 I 250877154 1504 
700 I 250878052 1504 
701 I 251048615 1504 
702 I 251147414 774 
703 I 251802410 1504 
704 I 251965897 1504 
705 I 252814048 1504 
706 I 252815233 1504 
707 I 253861201 1504 
708 I 257055535 1504 
709 I 258310797 1504 
710 I 259353030 1504 
711 I 259354386 1504 
712 I 260189535 1504 
713 I 260340190 1504 
714 I 260341229 1504 
715 I 261457684 1504 
716 I 262506377 1504 
717 I 263510404 1504 
718 I 264482604 1504 
719 I 264483801 1504 
720 I 265444223 1504 
721 I 266426981 1504 
722 I 266949083 1504 
723 I 267440264 1504 
724 I 267441541 1504 
725 I 267932825 1504 
726 I 267934019 1504 
727 I 268419258 1504 
728 I 268628531 1504 
729 I 269576025 1504 
730 I 269577280 1504 
731 I 269630039 1504 
732 I 270157264 1504 
733 I 270158443 1504 
734 I 270461422 1504 
735 I 270462713 1504 
736 I 270506783 1504 
737 I 270507994 1504 
738 I 271019731 1504 
739 I 271020937 1504 
740 I 271022182 1504 
741 I 271322166 1504 
742 I 271323474 1504 
743 I 271368408 1504 
744 I 271911866 1504 
745 I 271913122 1504 
746 I 271914320 1504 
747 I 271915584 1504 
748 I 272813571 1504 
749 I 272814748 1504 
750 I 272816064 1504 
751 I 272819651 1504 
752 I 272820920 1504 
753 I 272822116 1504 
754 I 272871607 774 
755 I 273713586 1504 
756 I 273714786 1504 
757 I 273716135 1504 
758 I 273763904 1504 
759 I 273874312 1504 
760 I 274620491 1504 
761 I 274621683 1504 
762 I 274622917 1504 
763 I 274660146 1504 
764 I 274889855 1504 
765 I 274891002 1504 
766 I 275085158 1504 
767 I 275527640 1504 
768 I 275528875 1504 
769 I 275565550 1504 
770 I 275692434 1504 
771 I 276027064 1504 
772 I 276028104 1504 
773 I 276706771 1504 
774 I 276718991 1504 
775 I 277644045 1504 
776 I 280110671 1504 
777 I 281015318 1504 
778 I 281024906 1504 
779 I 281026147 1504 
780 I 281932834 1504 
781 I 282910802 1504 
782 I 284532225 1504 
783 I 285243118 1504 
784 I 286145512 1504 
785 I 286146722 1504 
786 I 287191017 1504 
787 I 287850915 1504 
788 I 288830894 1504 
789 I 288832323 1504 
790 I 289359540 1504 
791 I 289750887 1504 
792 I 289752086 1504 
793 I 290299337 1504 
794 I 290300587 1504 
795 I 290699845 1504 
796 I 290701077 1504 
797 I 291264192 1504 
798 I 291265476 1504 
799 I 291659379 1504 
800 I 293181205 1504 
801 I 293281592 1504 
802 I 293784861 1504 
803 I 297203925 1504 
804 I 298080084 1504 
805 I 298081518 1504 
806 I 298713381 1504 
807 I 299049697 1504 
808 I 299585965 1504 
809 I 299587251 1504 
810 I 299932788 1504 
