0 I 0 296 
1 I 11 1424 
2 I 2952476 1424 
3 I 4138890 1424 
4 I 4139077 305 
5 I 5181366 1424 
6 I 5181494 1424 
7 I 6197182 1424 
8 I 8685261 1424 
9 I 9713103 1424 
10 I 9713511 1424 
11 I 10722715 323 
12 I 14417680 323 
13 I 15468138 1424 
14 I 15468314 1424 
15 I 16518199 64 
16 I 17600449 1424 
17 I 17600683 1424 
18 I 17601150 1286 
19 I 18646045 1337 
20 I 19706801 743 
21 I 22567923 1424 
22 I 22666819 743 
23 I 30411672 1424 
24 I 46102716 1424 
25 I 51966186 1424 
26 I 51966317 1424 
27 I 52948995 1424 
28 I 52949107 1424 
29 I 53947234 1424 
30 I 53947583 1424 
31 I 77484940 1424 
32 I 140250059 1424 
