0 I 0 639 
1 I 1058141 582 
2 I 14108988 732 
3 I 14991005 742 
4 I 15434740 744 
5 I 16079430 626 
6 I 25391520 603 
7 I 37035280 609 
8 I 38086331 609 
9 I 38646390 609 
10 I 41902902 605 
11 I 107775643 732 
12 I 108360781 742 
13 I 108791773 744 
14 I 109225445 625 
15 I 119744826 605 
16 I 168160620 732 
17 I 168594839 742 
18 I 168666611 744 
19 I 169193559 626 
20 I 169277624 605 
21 I 169590417 587 
22 I 173339202 543 
23 I 176294754 550 
24 I 176294852 540 
25 I 176566551 550 
26 I 176566600 540 
27 I 176732648 540 
28 I 176871529 540 
29 I 176998114 540 
30 I 177068933 540 
31 I 177263773 540 
32 I 177380192 540 
33 I 177465968 540 
34 I 177637805 540 
35 I 177748944 540 
36 I 177841823 540 
37 I 177997173 540 
38 I 178128303 540 
39 I 178227020 540 
40 I 178299299 540 
41 I 178492568 541 
42 I 178762856 541 
43 I 179069678 541 
44 I 179069891 542 
45 I 179093733 542 
46 I 179270518 542 
47 I 179437941 542 
48 I 179625249 542 
49 I 179699468 542 
50 I 179780835 542 
51 I 179848881 542 
52 I 180069166 542 
53 I 180105637 542 
54 I 180196974 543 
55 I 180272223 543 
56 I 180486416 543 
57 I 182768619 605 
58 I 183318711 542 
