0 I 0 181 
1 I 44286 105 
2 I 3030441 242 
3 I 35856261 1504 
4 I 35857506 1504 
5 I 36554123 1504 
6 I 37237309 1504 
7 I 37942623 1504 
8 I 37943842 1504 
9 I 38629209 1504 
10 I 38630364 1504 
11 I 38668402 184 
12 I 39338996 1504 
13 I 39340167 1462 
14 I 39394170 182 
15 I 40083450 184 
16 I 182759619 1504 
17 I 182760908 1504 
18 I 183504303 1504 
19 I 183505460 1504 
20 I 183506698 1504 
21 I 184280444 1504 
22 I 184281322 1504 
23 I 184282614 1504 
24 I 184283701 1463 
25 I 184665519 1504 
26 I 184666639 1504 
27 I 185397750 1504 
28 I 185398827 1504 
29 I 185400068 1504 
30 I 186134719 1504 
31 I 186135990 1504 
32 I 186137268 1504 
33 I 186138516 1504 
34 I 186139649 1504 
35 I 186886546 902 
36 I 187646662 1504 
37 I 187648030 1504 
38 I 187648276 776 
39 I 188410650 1056 
