0 I 0 871 
1 I 1092152 881 
2 I 1093585 879 
3 I 1116143 877 
4 I 1123064 886 
5 I 1150732 876 
6 I 1153293 883 
7 I 1155831 889 
8 I 1158444 887 
9 I 1160794 898 
10 I 1163352 898 
11 I 1165711 882 
12 I 1168083 881 
13 I 1171570 879 
14 I 1174262 875 
15 I 1176680 796 
16 I 1177036 883 
17 I 1178582 796 
18 I 1178819 795 
19 I 1180355 795 
20 I 1181914 795 
21 I 1189966 883 
22 I 1190035 884 
23 I 1193397 889 
24 I 1311677 880 
25 I 1343698 801 
26 I 86182443 1200 
27 I 93729673 1246 
28 I 94500338 783 
29 I 100722591 1249 
30 I 101475405 888 
31 I 101476826 801 
32 I 101542124 806 
33 I 106449100 803 
34 I 108421947 716 
35 I 110611091 823 
36 I 110612544 824 
37 I 133267090 1233 
38 I 134439759 836 
39 I 183633728 1233 
40 I 184700374 836 
