0 I 0 1504 
1 I 1229 1504 
2 I 2538 1504 
3 I 3906 1504 
4 I 5033 1504 
5 I 6146 1504 
6 I 7380 1504 
7 I 8618 1504 
8 I 9857 1504 
9 I 598034 1504 
10 I 599289 1504 
11 I 600468 1504 
12 I 601960 1504 
13 I 602976 1504 
14 I 604177 1504 
15 I 605392 1504 
16 I 606629 1504 
17 I 607927 1504 
18 I 609195 209 
19 I 609210 1504 
20 I 3091350 1504 
21 I 3092147 1504 
22 I 3093536 1504 
23 I 3094928 1504 
24 I 3095830 1504 
25 I 3097119 1504 
26 I 3098240 1504 
27 I 3099454 1504 
28 I 3100706 1504 
29 I 3101943 1504 
30 I 3103201 1504 
31 I 3104531 1504 
32 I 3694268 1504 
33 I 3695338 1504 
34 I 3696561 1504 
35 I 3697791 1504 
36 I 3699047 1504 
37 I 3700272 1504 
38 I 3707802 1504 
39 I 3708931 1504 
40 I 3710139 1483 
41 I 31980758 1504 
42 I 31981922 1504 
43 I 31983157 1504 
44 I 31984402 1504 
45 I 31985660 1504 
46 I 31986896 1504 
47 I 31988075 1504 
48 I 31989389 1504 
49 I 31990528 1504 
50 I 31991769 1504 
51 I 31992988 1504 
52 I 31994217 1504 
53 I 32519927 655 
54 I 35268523 1504 
55 I 35269595 1504 
56 I 35270828 1504 
57 I 35272033 1504 
58 I 35273338 1504 
59 I 35274492 1504 
60 I 35275927 1504 
61 I 35277619 1504 
62 I 35279015 1504 
63 I 35279803 1504 
64 I 35280849 1504 
65 I 35281880 1504 
66 I 35813215 1504 
67 I 35814450 1504 
68 I 35815678 1504 
69 I 35816914 1504 
70 I 35818149 1504 
71 I 35819498 1504 
72 I 35820013 987 
73 I 39462092 1504 
74 I 39463442 1504 
75 I 39464603 1504 
76 I 39465780 1504 
77 I 39467016 1504 
78 I 39468375 1504 
79 I 39469565 1504 
80 I 39470744 1504 
81 I 39471972 1504 
82 I 39473469 1504 
83 I 39475253 1504 
84 I 39476065 1504 
85 I 40040790 1504 
86 I 40042184 1504 
87 I 40043238 1504 
88 I 40044487 1504 
89 I 40045785 1504 
90 I 40046959 1504 
91 I 40048351 1504 
92 I 40049400 1504 
93 I 40050712 1504 
94 I 40051986 1504 
95 I 40053091 1504 
96 I 40151604 1504 
97 I 40614957 1504 
98 I 40616088 1504 
99 I 40617363 1504 
100 I 40624864 1504 
101 I 40626094 1504 
102 I 40627341 1504 
103 I 40628563 1504 
104 I 40629854 1504 
105 I 40631022 1504 
106 I 40632311 1504 
107 I 40633604 1504 
108 I 40812293 1504 
109 I 41170361 1504 
110 I 41171594 1504 
111 I 41172876 1504 
112 I 41178209 947 
113 I 42044854 1504 
114 I 42046089 1504 
115 I 42047317 1504 
116 I 42048653 1504 
117 I 42049835 1504 
118 I 42051009 1504 
119 I 42052264 1504 
120 I 42053787 1504 
121 I 42054742 1504 
122 I 42055935 1504 
123 I 42057232 1504 
124 I 42058655 1504 
125 I 42601622 1504 
126 I 42602517 1504 
127 I 42604430 1504 
128 I 42605873 1504 
129 I 42608570 1504 
130 I 42609718 1504 
131 I 42612059 1504 
132 I 42613031 1504 
133 I 42614304 1504 
134 I 42615530 1504 
135 I 42616718 1504 
136 I 42618020 1504 
137 I 43169888 1499 
138 I 72831292 1504 
139 I 72832663 1504 
140 I 72833719 1504 
141 I 72834955 1504 
142 I 72836281 1504 
143 I 72837432 1504 
144 I 72838655 1504 
145 I 72840540 1504 
146 I 72841679 1504 
147 I 72842866 1504 
148 I 72843559 1504 
149 I 72844876 1504 
150 I 73390173 1504 
151 I 73391334 1504 
152 I 73392591 1504 
153 I 73393823 1504 
154 I 73399132 1504 
155 I 73400520 1504 
156 I 73401604 1504 
157 I 73402868 1504 
158 I 73404091 1504 
159 I 73405338 1504 
160 I 73406584 1504 
161 I 73499228 1504 
162 I 73950823 1504 
163 I 73951951 1504 
164 I 73953326 1504 
165 I 73954627 1504 
166 I 73958675 1156 
167 I 100115284 1504 
168 I 100116415 1504 
169 I 100117719 1504 
170 I 100119187 1504 
171 I 100120695 1504 
172 I 100121334 1504 
173 I 100122596 1504 
174 I 100123797 1504 
175 I 100125018 1504 
176 I 100126585 1504 
177 I 100127522 1504 
178 I 100128841 1504 
179 I 100638934 1504 
180 I 100639962 1504 
181 I 100641374 1504 
182 I 100642422 1504 
183 I 100645182 1504 
184 I 100646003 1504 
185 I 100647210 1504 
186 I 100648482 1504 
187 I 100649673 1504 
188 I 100650955 1504 
189 I 100652137 1504 
190 I 100743039 1504 
191 I 101154362 1504 
192 I 101155637 1504 
193 I 101159204 1504 
194 I 101160385 1504 
195 I 101165796 1504 
196 I 101167023 1504 
197 I 101168429 1504 
198 I 101168900 745 
199 I 105569532 1504 
200 I 105570743 1504 
201 I 105572080 1504 
202 I 105573234 1504 
203 I 105574472 1504 
204 I 105575737 1504 
205 I 105577053 1504 
206 I 105578582 1504 
207 I 105579356 1504 
208 I 105580641 1504 
209 I 105582397 1504 
210 I 105583722 1504 
211 I 106069484 1504 
212 I 106070673 1504 
213 I 106071850 1504 
214 I 106073085 1504 
215 I 106074295 1504 
216 I 106075527 1504 
217 I 106076826 1504 
218 I 106077986 1504 
219 I 106079206 1504 
220 I 106080490 1504 
221 I 106082180 1504 
222 I 106083163 1504 
223 I 106565484 1504 
224 I 106566774 1504 
225 I 106568993 1504 
226 I 106570246 1504 
227 I 106571421 1504 
228 I 106572791 1504 
229 I 106574739 1504 
230 I 106576023 1504 
231 I 106580221 1504 
232 I 106581322 1504 
233 I 106583058 1504 
234 I 106584279 1504 
235 I 107060906 1504 
236 I 107062090 1504 
237 I 107065665 1504 
238 I 107066929 1504 
239 I 107068433 1504 
240 I 107071517 1504 
241 I 107071838 755 
242 I 134638511 1504 
243 I 134639655 1504 
244 I 134640955 1504 
245 I 134642120 1504 
246 I 134643344 1504 
247 I 134644597 1504 
248 I 134645881 1504 
249 I 134647433 1504 
250 I 134648273 1504 
251 I 134649497 1504 
252 I 134650815 1504 
253 I 134651995 1504 
254 I 135173178 1504 
255 I 135174359 1504 
256 I 135175727 1504 
257 I 135177245 1504 
258 I 135178507 1504 
259 I 135179753 1504 
260 I 135180940 1504 
261 I 135182175 1504 
262 I 135183465 1504 
263 I 135187338 1504 
264 I 135188777 1504 
265 I 135190265 1504 
266 I 135718577 1504 
267 I 135719906 1504 
268 I 135721144 1504 
269 I 135722479 1504 
270 I 135723505 1504 
271 I 135724878 1504 
272 I 135726073 1504 
273 I 135727455 1504 
274 I 135728528 1504 
275 I 135730986 1504 
276 I 135732196 1504 
277 I 135732487 652 
278 I 137598918 1504 
279 I 137600112 1504 
280 I 137601365 1504 
281 I 137602589 1504 
282 I 137604063 1504 
283 I 137605686 1504 
284 I 137606853 1504 
285 I 137607811 1504 
286 I 137608740 1504 
287 I 137609788 1341 
288 I 163774345 1504 
289 I 163775900 1504 
290 I 163776835 1504 
291 I 163778035 1504 
292 I 163779274 1504 
293 I 163780538 1504 
294 I 163781812 1504 
295 I 163782972 1504 
296 I 163784331 1504 
297 I 163785977 1504 
298 I 163787201 1504 
299 I 163788340 1504 
300 I 164370912 1504 
301 I 164372194 1504 
302 I 164373710 1504 
303 I 164374667 1504 
304 I 164376203 1504 
305 I 164377143 1504 
306 I 164378265 1504 
307 I 164379548 1504 
308 I 164380761 1457 
309 I 198593537 1504 
310 I 198594664 1504 
311 I 198595854 1504 
312 I 198597159 1504 
313 I 198598394 1504 
314 I 198599537 1504 
315 I 198600764 1504 
316 I 198601998 1504 
317 I 198603238 1504 
318 I 198604562 1504 
319 I 198605695 1504 
320 I 198606915 1504 
321 I 199103220 1504 
322 I 199104593 1504 
323 I 199105666 113 
324 I 199105686 1504 
325 I 230045281 1504 
326 I 230046123 1504 
327 I 230047425 1504 
328 I 230048579 1504 
329 I 230049822 1504 
330 I 230051304 1504 
331 I 230052420 1504 
332 I 230053500 1504 
333 I 230055067 1504 
334 I 230055981 1504 
335 I 230057219 1504 
336 I 230058445 1504 
337 I 230500574 1504 
338 I 230501669 1504 
339 I 230502909 1504 
340 I 230504206 1504 
341 I 230507653 1504 
342 I 230508862 1504 
343 I 230510195 1504 
344 I 230513923 1504 
345 I 230514942 1504 
346 I 230516693 1504 
347 I 230516937 489 
348 I 232895884 1504 
349 I 232897024 1504 
350 I 232898243 1504 
351 I 232899551 1504 
352 I 232900763 1504 
353 I 232901940 1504 
354 I 232903312 1504 
355 I 232904340 1504 
356 I 232905607 1504 
357 I 232906837 1504 
358 I 232908015 1504 
359 I 232909403 1504 
360 I 233395988 1504 
361 I 233397244 1504 
362 I 233398831 1504 
363 I 233400142 1504 
364 I 233401342 1504 
365 I 233402728 1504 
366 I 233403981 1504 
367 I 233405618 1504 
368 I 233407015 1504 
369 I 233408990 1504 
370 I 233410328 1504 
371 I 233508613 1504 
372 I 233904193 1504 
373 I 233905383 1504 
374 I 233906547 1354 
