0 I 0 1128 
1 I 3277328 1128 
2 I 9067635 1128 
3 I 15320501 1128 
4 I 17446499 1128 
5 I 24523077 1128 
6 I 29958237 1128 
7 I 44043949 1128 
8 I 51027222 1128 
9 I 61821870 1128 
10 I 66918708 1128 
11 I 71721594 1128 
12 I 74441384 1128 
13 I 81563472 1128 
14 I 93107819 1128 
15 I 100203543 1128 
16 I 104717245 1128 
17 I 109519667 1128 
18 I 116038322 1128 
19 I 123379320 1128 
20 I 130295097 1128 
21 I 136550431 1128 
22 I 146368057 1128 
23 I 153938302 1128 
24 I 158348258 1128 
25 I 181294179 1128 
26 I 182628515 1128 
27 I 189217198 1128 
28 I 200340274 1128 
29 I 205138257 1128 
30 I 213832139 1128 
31 I 224100956 1128 
32 I 227377520 1128 
33 I 229471572 1128 
34 I 237064678 1128 
35 I 238283361 1128 
36 I 243034762 1128 
37 I 243604983 1128 
38 I 250929829 1128 
39 I 259394796 1128 
40 I 264539306 1128 
41 I 271756135 1128 
42 I 278627159 1128 
43 I 285819357 1128 
44 I 292812314 1128 
