0 I 0 1510 
1 I 5 1510 
2 I 20045 1510 
3 I 20049 1510 
4 I 20053 1510 
5 I 39285 1510 
6 I 39290 1510 
7 I 43298 1510 
8 I 43302 1510 
9 I 43306 1510 
10 I 60371 1510 
11 I 60375 1510 
12 I 60379 1510 
13 I 65249 812 
14 I 118081 1510 
15 I 118085 1510 
16 I 118089 1510 
17 I 118093 1510 
18 I 118097 1510 
19 I 118131 1510 
20 I 118135 1510 
21 I 118139 1510 
22 I 118143 1510 
23 I 141851 1510 
24 I 141856 1510 
25 I 141859 1510 
26 I 141868 1510 
27 I 150073 1510 
28 I 150078 1510 
29 I 150081 1510 
30 I 150085 1510 
31 I 158939 508 
