0 I 0 564 
1 I 3055238 564 
2 I 7177542 446 
3 I 7218854 442 
4 I 7496940 442 
5 I 7558344 481 
6 I 7565431 490 
7 I 7830629 481 
8 I 7852250 490 
9 I 9148319 490 
10 I 9732964 481 
11 I 10364360 481 
12 I 10568362 481 
13 I 10731685 499 
14 I 10875070 481 
15 I 13609045 478 
16 I 14791096 444 
17 I 16224624 444 
18 I 16347379 446 
19 I 16381263 441 
20 I 27941387 453 
21 I 27975863 453 
22 I 28025051 453 
23 I 28854725 453 
24 I 28949152 453 
25 I 29001786 453 
26 I 29045742 453 
27 I 29065030 453 
28 I 29837036 453 
29 I 29993311 453 
30 I 30160120 453 
31 I 31063358 460 
32 I 31112782 460 
33 I 31153681 460 
34 I 31185778 461 
35 I 31212274 460 
36 I 31968495 461 
37 I 32018148 461 
38 I 32253400 461 
39 I 32846321 461 
40 I 32993590 461 
41 I 33043037 461 
42 I 33115533 461 
43 I 33279318 461 
44 I 33959142 458 
45 I 33981029 458 
46 I 34233670 458 
47 I 34541954 459 
48 I 34774845 459 
49 I 34825829 459 
50 I 34889912 458 
51 I 35025773 459 
52 I 36030789 459 
53 I 36073945 459 
54 I 36495972 459 
55 I 36560021 459 
56 I 36791795 459 
57 I 53160747 481 
58 I 53319825 490 
59 I 53338431 458 
60 I 58182096 490 
61 I 58201746 458 
62 I 59976589 458 
63 I 59989313 490 
64 I 61986921 481 
65 I 77461345 458 
66 I 79426679 458 
67 I 79440954 481 
68 I 80640319 490 
69 I 80660817 458 
70 I 82600318 490 
