0 I 0 1504 
1 I 110 1504 
2 I 787977 1504 
3 I 788123 1504 
4 I 788240 1504 
5 I 1626164 1504 
6 I 1626290 1504 
7 I 1626320 996 
8 I 1946012 157 
9 I 2416238 156 
10 I 2418691 156 
11 I 2430512 156 
12 I 2895856 156 
13 I 3242970 157 
14 I 3603838 157 
15 I 4253356 1504 
16 I 4253467 1504 
17 I 4856272 157 
18 I 5001565 1504 
19 I 5001713 1504 
20 I 5001806 1504 
21 I 5414476 156 
22 I 5416511 156 
23 I 5743187 1504 
24 I 5743265 1504 
25 I 6473416 1504 
26 I 7204880 1504 
27 I 7854250 157 
28 I 7942052 1504 
29 I 8697159 1504 
30 I 8697297 1504 
31 I 9449490 1504 
32 I 9449629 1504 
33 I 10230890 1504 
34 I 10231143 1504 
35 I 10231362 1504 
36 I 12154731 1504 
37 I 12936202 1504 
38 I 12936413 1504 
39 I 13735589 1504 
40 I 13735777 1504 
41 I 13735874 1504 
42 I 15511617 1504 
43 I 16318513 1504 
44 I 16318643 1504 
45 I 19872304 1504 
46 I 20702537 1504 
47 I 20702663 1504 
48 I 27810579 1504 
49 I 28552152 1504 
50 I 28552260 1504 
51 I 29283726 1504 
52 I 29283818 1504 
53 I 29394366 1504 
54 I 30086190 1504 
55 I 31618641 1504 
56 I 34684578 1504 
57 I 40816506 1504 
58 I 41497312 1504 
59 I 41497614 1504 
60 I 42167804 1504 
61 I 42167938 1504 
62 I 42168044 1504 
63 I 54429741 1504 
64 I 55160988 1504 
65 I 55161142 1504 
66 I 56018482 1504 
67 I 56018607 1504 
68 I 57458573 1504 
69 I 60341008 1504 
70 I 66105744 1504 
71 I 77635294 1504 
72 I 78367733 1504 
73 I 78367868 1504 
74 I 101426736 1504 
75 I 102182618 1504 
76 I 102182768 1504 
77 I 124771389 1504 
78 I 124771521 1504 
79 I 148300700 1504 
80 I 148881446 1504 
81 I 148881577 1504 
82 I 289767530 1504 
83 I 289767663 1504 
84 I 292766430 1504 
