0 I 0 548 
1 I 5203517 59 
2 I 5203538 580 
3 I 6453269 66 
4 I 6453319 580 
5 I 6501249 580 
6 I 6517042 64 
7 I 7380531 503 
8 I 25410390 66 
9 I 25410430 580 
10 I 25458398 64 
11 I 25458427 580 
12 I 61725361 548 
13 I 77975990 59 
14 I 77976014 580 
15 I 79337749 66 
16 I 79337780 580 
17 I 79418283 64 
18 I 79418289 580 
19 I 87486938 548 
20 I 96214405 59 
21 I 96214440 580 
22 I 97335180 66 
23 I 97335187 580 
24 I 97911611 580 
25 I 97927147 64 
26 I 109359861 548 
27 I 117445382 59 
28 I 117445397 580 
29 I 118470990 66 
30 I 118471035 580 
31 I 118743547 580 
32 I 118759058 64 
33 I 119831973 507 
34 I 130575054 548 
35 I 137955845 58 
36 I 137955877 580 
37 I 139251529 580 
38 I 139267060 65 
39 I 139843682 63 
40 I 139843740 580 
41 I 184914545 548 
42 I 193481122 548 
43 I 196043930 546 
44 I 214936293 580 
45 I 214952007 59 
46 I 215896901 580 
47 I 215896903 66 
48 I 216200872 64 
49 I 216200915 580 
50 I 217049228 505 
51 I 241161281 548 
52 I 241225513 546 
53 I 247518649 548 
54 I 249568170 546 
