0 I 0 322 
1 I 168 1266 
2 I 12808 323 
3 I 13303 1265 
4 I 697840 1504 
5 I 697945 1504 
6 I 832890 1504 
7 I 3863415 1504 
8 I 3963310 1504 
9 I 4497680 1504 
10 I 4596676 1504 
11 I 5226997 1504 
12 I 5396803 1504 
13 I 6302567 1504 
14 I 7144442 1504 
15 I 7926971 1504 
16 I 8316737 1504 
17 I 8742354 1504 
18 I 8958274 1504 
19 I 9534129 1504 
20 I 9733064 1504 
21 I 12399237 1504 
22 I 12876779 1504 
23 I 13248392 1504 
24 I 14040574 1504 
25 I 14040665 1504 
26 I 14711057 1504 
27 I 15537596 1504 
28 I 16331690 1504 
29 I 17125663 1504 
30 I 19118586 1504 
31 I 19318695 1504 
32 I 20008964 1504 
33 I 20207506 1504 
34 I 20912662 1504 
35 I 21110715 1504 
36 I 21799256 1504 
37 I 21952375 1504 
38 I 22742143 1504 
39 I 23548405 1504 
40 I 23693158 1504 
41 I 24402876 1504 
42 I 26907614 1504 
43 I 27574435 1504 
44 I 27710061 1504 
45 I 28352586 1504 
46 I 28361463 1504 
47 I 29198920 1504 
48 I 30068560 1504 
49 I 30068717 1504 
50 I 30766633 1504 
51 I 30766834 1504 
52 I 30813698 1504 
53 I 31508341 1504 
54 I 31708617 1504 
55 I 32407358 1504 
56 I 32607884 1504 
57 I 33272629 1504 
58 I 33474471 1504 
59 I 34101666 1504 
60 I 34275262 1504 
61 I 34962027 1504 
62 I 36324044 1504 
63 I 36426786 1504 
64 I 39129472 1504 
65 I 40818533 1504 
66 I 41403567 1504 
67 I 42150168 1504 
68 I 44123777 1504 
69 I 44724464 1504 
70 I 45311414 1504 
71 I 46107807 1504 
72 I 47406654 1504 
73 I 48203733 1504 
74 I 48207814 1504 
75 I 48804140 1504 
76 I 48930416 1504 
77 I 49604854 1504 
78 I 50109551 1504 
79 I 50329348 1504 
80 I 50827206 1504 
81 I 51025535 1504 
82 I 51531628 1504 
83 I 52400184 1504 
84 I 52705624 1504 
85 I 53207430 1504 
86 I 54019427 1504 
87 I 54822739 1504 
88 I 55123261 1504 
89 I 55622792 1504 
90 I 55918415 1504 
91 I 56709759 1504 
92 I 57117482 1504 
93 I 57709142 1504 
94 I 59919914 1504 
95 I 60121669 1504 
96 I 60522324 1504 
97 I 60910611 1504 
98 I 61710162 1504 
99 I 63018601 1504 
100 I 63631013 1504 
101 I 64416669 1504 
102 I 64920566 1504 
103 I 65618843 1504 
104 I 65719673 1504 
105 I 66229706 1504 
106 I 66523296 1504 
107 I 67024962 1504 
108 I 67317195 1504 
109 I 68116828 1504 
110 I 68318023 1504 
111 I 68904666 1504 
112 I 69638705 1504 
113 I 70525085 1504 
114 I 70726260 1504 
115 I 71105130 1504 
116 I 71237132 1504 
117 I 71726389 1504 
118 I 71925221 1504 
119 I 72427396 1504 
120 I 73116998 1504 
121 I 73424776 1504 
122 I 74205539 1504 
123 I 74912586 1504 
124 I 75605307 1504 
125 I 75829756 1504 
126 I 76310434 1504 
127 I 76411843 1504 
128 I 77025938 1504 
129 I 77129433 1504 
130 I 78118362 1504 
131 I 78324898 1504 
132 I 78704575 1504 
133 I 78902565 1504 
134 I 79414697 1504 
135 I 80104833 1504 
136 I 80822708 1504 
137 I 81225398 1504 
138 I 81530860 1504 
139 I 81929299 1504 
140 I 82233244 1504 
141 I 83010976 1504 
142 I 84008993 1504 
143 I 84628704 1504 
144 I 85411486 1504 
145 I 86528273 1504 
146 I 86728785 1504 
147 I 87205892 1504 
148 I 87518673 1504 
149 I 88025418 1504 
150 I 88326159 1504 
151 I 88809974 1504 
152 I 89041783 1504 
153 I 89827496 1504 
154 I 90204511 1504 
155 I 90622010 1504 
156 I 91425602 1504 
157 I 92517519 1504 
158 I 95713954 309 
159 I 95714256 1279 
160 I 95715469 310 
161 I 95715691 1278 
162 I 96299027 1504 
163 I 96418687 1504 
164 I 97110639 1504 
165 I 97309680 1504 
166 I 98115092 1504 
167 I 100111994 1504 
168 I 100723069 1504 
169 I 101204581 1504 
170 I 101428495 1504 
171 I 102131934 1504 
172 I 102906936 1504 
173 I 103703955 1504 
174 I 104430797 1504 
175 I 106931884 1504 
176 I 107522143 1504 
177 I 107531079 1504 
178 I 108133855 1504 
179 I 108310491 1504 
180 I 109110485 1504 
181 I 109904317 1504 
182 I 112309445 1504 
183 I 113109763 84 
184 I 117040293 1504 
185 I 120839072 1504 
186 I 121321470 1504 
187 I 121994137 1504 
188 I 122613081 1504 
189 I 123217542 1504 
190 I 123821308 1504 
191 I 124514520 1504 
192 I 126548812 1504 
193 I 126647655 1504 
194 I 127122719 1504 
195 I 127122914 1504 
196 I 127220851 1504 
197 I 127221034 1504 
198 I 127615538 1504 
199 I 127697804 1504 
200 I 129452024 1504 
201 I 129551860 1504 
202 I 129939030 1504 
203 I 130222522 1504 
204 I 130613500 1504 
205 I 131209470 1504 
206 I 131819426 1504 
207 I 131819555 1504 
208 I 133257370 1504 
209 I 133733514 1504 
210 I 134158848 1504 
211 I 134384299 1504 
212 I 134810702 1504 
213 I 135009237 1504 
214 I 135411849 1504 
215 I 135607171 1504 
216 I 136216632 1504 
217 I 136835771 1504 
218 I 137332658 1504 
219 I 137432842 1504 
220 I 137932064 1504 
221 I 138036427 1504 
222 I 138937058 1504 
223 I 140710029 1504 
224 I 141216410 1504 
225 I 141714438 1504 
226 I 142328788 1504 
227 I 142931389 1504 
228 I 143523994 1504 
229 I 144209914 1504 
230 I 144823795 1504 
231 I 144836716 1504 
232 I 145425162 1504 
233 I 145522406 1504 
234 I 146721161 1504 
235 I 147312714 1504 
236 I 149634474 1504 
237 I 150311919 1504 
238 I 150431402 84 
239 I 150936777 1504 
240 I 151634683 1504 
241 I 152620227 1504 
242 I 152818581 1504 
243 I 153125542 1504 
244 I 153324861 1504 
245 I 153928739 1504 
246 I 154727731 1504 
247 I 155613500 1504 
248 I 155816031 1504 
249 I 156530107 1504 
250 I 156636255 1504 
251 I 157209294 1504 
252 I 157309508 1504 
253 I 158012947 1504 
254 I 158630717 1504 
255 I 159249206 1504 
256 I 159520710 1504 
257 I 160157802 1504 
258 I 160515445 1504 
259 I 160916324 1504 
260 I 161110529 1504 
261 I 161555575 1504 
262 I 161808026 1504 
263 I 162248850 1504 
264 I 162515752 1504 
265 I 163021250 1504 
266 I 163223273 1504 
267 I 163722827 1504 
268 I 164337243 1504 
269 I 164412695 1504 
270 I 165322975 1504 
271 I 165951182 1504 
272 I 166609066 1504 
273 I 166725487 1504 
274 I 167253811 1504 
275 I 167869514 1504 
276 I 168615627 1504 
277 I 169618810 1504 
278 I 171524847 1504 
279 I 171829598 1504 
280 I 172517999 1504 
281 I 173225010 1504 
282 I 174224153 1504 
283 I 176131976 1504 
284 I 176656630 1504 
285 I 180628974 1504 
286 I 181121457 1504 
287 I 181121576 1504 
288 I 181130236 1504 
289 I 181623378 1504 
290 I 181632086 1504 
291 I 182319143 1504 
292 I 182319327 1504 
293 I 182998615 1504 
294 I 182998725 1504 
295 I 183341429 1504 
296 I 183555423 1504 
297 I 183985117 1504 
298 I 184634882 1504 
299 I 184685720 1504 
300 I 185147606 1504 
301 I 185781303 1504 
302 I 185836509 1504 
303 I 186737957 1504 
304 I 187428089 1504 
305 I 188240333 1504 
306 I 189341833 1504 
307 I 189811958 1504 
308 I 190460072 1504 
309 I 191055859 1504 
310 I 191056071 1504 
311 I 191526260 1504 
312 I 191526352 1504 
313 I 191982355 1504 
314 I 191982501 1504 
315 I 192450945 1504 
316 I 192451053 1504 
317 I 192930811 1504 
318 I 193047119 1504 
319 I 193613762 1504 
320 I 193618906 1504 
321 I 194294237 1504 
322 I 194824158 1504 
323 I 195299012 1504 
324 I 195350613 1504 
325 I 195825235 1504 
326 I 195825503 1504 
327 I 197712840 1504 
328 I 197954792 1504 
329 I 198462363 1504 
330 I 202461518 1504 
331 I 202862152 1504 
332 I 202946324 1504 
333 I 202946469 1504 
334 I 211675242 1504 
335 I 212476510 1504 
