0 I 0 424 
1 I 3555897 481 
2 I 5103029 573 
3 I 5151814 376 
4 I 5963987 446 
5 I 10191954 490 
6 I 11669116 488 
7 I 12950056 486 
8 I 13188074 485 
9 I 14461931 338 
10 I 14742134 577 
11 I 16387132 582 
12 I 17941302 491 
13 I 19285097 499 
14 I 19334241 494 
15 I 20398222 489 
16 I 21308192 483 
17 I 21574219 571 
18 I 22239148 496 
19 I 22470340 483 
20 I 22820336 580 
21 I 23037212 481 
22 I 23660316 572 
23 I 23828254 578 
24 I 24514246 572 
25 I 24724155 427 
26 I 25571368 572 
27 I 27930323 485 
28 I 27972296 572 
29 I 28644525 575 
30 I 28777453 494 
31 I 29526302 494 
32 I 32186413 581 
33 I 33593364 494 
34 I 33643282 493 
35 I 36225469 429 
36 I 37506540 594 
37 I 37569441 579 
38 I 38899467 427 
39 I 45332514 426 
40 I 46627878 505 
41 I 46669519 505 
42 I 47579630 505 
