0 I 0 686 
1 I 194569 686 
2 I 816883 686 
3 I 898623 686 
4 I 2006562 686 
5 I 2838823 686 
6 I 2996703 686 
7 I 3186771 686 
8 I 3770171 686 
9 I 3969696 686 
10 I 4115913 686 
11 I 4923939 686 
12 I 5023610 686 
13 I 5125092 686 
14 I 5428161 686 
15 I 5939484 686 
16 I 6005050 686 
17 I 6096894 686 
18 I 7164413 686 
19 I 7789592 686 
20 I 7916627 686 
21 I 8016498 686 
22 I 8116480 686 
23 I 8124461 686 
24 I 8389437 686 
25 I 8454582 686 
26 I 8875848 686 
27 I 9075928 686 
28 I 9087402 686 
29 I 9294566 686 
30 I 9412098 686 
31 I 9804419 686 
32 I 10031490 686 
33 I 10348622 686 
34 I 10751741 686 
35 I 10788639 686 
36 I 11386380 686 
37 I 11690785 686 
38 I 12286539 686 
39 I 12346225 686 
40 I 12674360 686 
41 I 12755576 686 
42 I 12958007 686 
43 I 13026294 686 
44 I 13157883 686 
45 I 13321613 686 
46 I 13993859 686 
47 I 14206301 686 
48 I 14259905 686 
49 I 14663462 686 
50 I 14964748 686 
51 I 15176420 686 
52 I 15631559 686 
53 I 15746281 686 
54 I 16287226 686 
55 I 16316775 686 
56 I 16610298 686 
57 I 17037600 686 
58 I 17288403 686 
59 I 18162023 686 
60 I 18166131 686 
61 I 18268957 686 
62 I 19234660 686 
63 I 19285976 686 
64 I 20036131 686 
65 I 20216209 686 
66 I 21201456 686 
67 I 21748294 686 
68 I 22196791 686 
69 I 22225824 686 
70 I 22563214 686 
71 I 22735268 686 
72 I 22761995 686 
73 I 23164464 686 
74 I 23808523 686 
75 I 24159825 686 
76 I 24167995 686 
77 I 24174499 686 
78 I 24195904 686 
79 I 24279902 686 
80 I 24815911 686 
81 I 24865991 686 
82 I 25164384 686 
83 I 25756959 686 
84 I 25863045 686 
85 I 26226447 686 
86 I 26563049 686 
87 I 27166519 686 
88 I 27219797 686 
89 I 27805660 686 
90 I 28132836 686 
91 I 28155664 686 
92 I 28855560 686 
93 I 30462605 686 
94 I 31125467 686 
95 I 31162652 686 
96 I 31680678 686 
97 I 31755441 686 
98 I 32115173 686 
99 I 32461987 686 
100 I 33455494 686 
101 I 33805314 686 
102 I 34155549 686 
103 I 34627583 686 
104 I 34675636 686 
105 I 34972226 686 
106 I 34985021 686 
107 I 35105770 686 
108 I 35456619 686 
109 I 35761670 686 
110 I 35783235 686 
111 I 35927299 686 
112 I 36254134 686 
113 I 36723522 686 
114 I 37519242 686 
115 I 37625184 686 
116 I 38755612 686 
117 I 38762926 686 
118 I 38775113 686 
119 I 38994908 686 
120 I 39455206 686 
121 I 39783280 686 
122 I 41318902 686 
123 I 42463922 686 
124 I 42563955 686 
125 I 43478009 686 
126 I 43602935 686 
127 I 43624985 686 
128 I 44314957 686 
129 I 44412849 686 
130 I 44544940 686 
131 I 45458009 686 
132 I 45964944 686 
133 I 46366927 686 
134 I 46474919 686 
135 I 47283543 686 
136 I 47404793 686 
137 I 47534897 686 
138 I 48229050 686 
139 I 48454740 686 
140 I 48964804 686 
141 I 49156399 686 
142 I 49679509 686 
143 I 51064852 686 
144 I 51224883 686 
145 I 51456876 686 
146 I 52155004 686 
147 I 52383978 686 
148 I 52474624 686 
149 I 53413012 686 
150 I 53518490 686 
151 I 54454588 686 
152 I 54964442 686 
153 I 55386147 686 
154 I 55624417 686 
155 I 56428354 686 
156 I 56514501 686 
157 I 57245060 686 
158 I 57371941 686 
159 I 57445271 686 
160 I 58155451 686 
161 I 59098649 686 
162 I 59233712 686 
163 I 60063022 686 
164 I 60317453 686 
165 I 60364197 686 
166 I 60444357 686 
167 I 60865772 686 
168 I 61193047 686 
169 I 61318183 686 
170 I 61397127 686 
171 I 61826903 686 
172 I 63065942 686 
173 I 64394092 686 
174 I 64683500 686 
175 I 65059093 686 
176 I 65765282 686 
177 I 66026117 686 
178 I 66964157 686 
179 I 67721629 686 
180 I 67922782 686 
181 I 68565393 686 
182 I 69023871 686 
183 I 69970791 686 
184 I 70393949 686 
185 I 70627690 686 
186 I 71264442 686 
187 I 71563687 686 
188 I 71574541 686 
189 I 71667247 686 
190 I 71866593 686 
191 I 72497009 686 
192 I 72963740 686 
193 I 73906699 686 
194 I 74864227 686 
195 I 75118353 686 
196 I 75510800 686 
197 I 75709647 686 
198 I 76046323 686 
199 I 76659444 686 
200 I 76999382 686 
201 I 77563725 686 
202 I 77572563 686 
203 I 77767008 686 
204 I 78716847 686 
205 I 79623434 686 
206 I 80564536 686 
207 I 80619846 686 
208 I 80867178 686 
209 I 81516829 686 
210 I 81571812 686 
211 I 81713349 686 
212 I 81967034 686 
213 I 82266564 686 
214 I 82393257 686 
215 I 82467680 686 
216 I 82522715 686 
217 I 82671097 686 
218 I 83863249 686 
219 I 84781510 686 
220 I 84965793 686 
221 I 85463395 686 
222 I 85514302 686 
223 I 85740156 686 
224 I 86178244 686 
225 I 86415241 686 
226 I 86521462 686 
227 I 87371380 686 
228 I 87798707 686 
229 I 88308699 686 
230 I 88865878 686 
231 I 89513194 686 
232 I 89563572 686 
233 I 90362995 686 
234 I 90447874 686 
235 I 90497006 686 
236 I 90793500 686 
237 I 91302908 686 
238 I 91512878 686 
239 I 92166791 686 
240 I 92767351 686 
241 I 93443175 686 
242 I 94329631 686 
243 I 95294669 686 
244 I 95371083 686 
245 I 96039922 686 
246 I 96069445 686 
247 I 96249730 686 
248 I 96448528 686 
249 I 96793271 686 
250 I 97738632 686 
251 I 99032905 686 
252 I 99062674 686 
253 I 99442652 686 
254 I 99443257 686 
255 I 100006192 686 
256 I 100191568 686 
257 I 100391802 686 
258 I 101356440 686 
259 I 102308175 686 
260 I 102992468 686 
261 I 103246674 686 
262 I 105032730 686 
263 I 105800495 686 
264 I 106772130 686 
265 I 107202757 686 
266 I 107407321 686 
267 I 108348382 686 
268 I 109017120 686 
269 I 109316273 686 
270 I 110070021 686 
271 I 111036010 686 
272 I 111998907 686 
273 I 112969839 686 
274 I 113310274 686 
275 I 113935578 686 
276 I 114894368 686 
277 I 116651517 686 
278 I 117892428 686 
279 I 119644491 686 
280 I 120597831 686 
281 I 121268196 686 
282 I 121768361 686 
283 I 121968575 686 
284 I 122190262 686 
285 I 122694179 686 
286 I 123168808 686 
287 I 124426281 686 
288 I 124768204 686 
289 I 124961554 686 
290 I 125878380 686 
291 I 125968805 686 
292 I 126161561 686 
293 I 126520762 686 
294 I 126668886 686 
295 I 127302666 686 
296 I 127761418 686 
297 I 128082175 686 
298 I 128175283 686 
299 I 128961663 686 
300 I 129050516 686 
301 I 129741170 686 
302 I 129869508 686 
303 I 131171186 686 
304 I 131349696 686 
305 I 131482009 686 
306 I 131567855 686 
307 I 131969442 686 
308 I 132041264 686 
309 I 132861201 686 
310 I 133660638 686 
311 I 134451654 686 
312 I 134481030 686 
313 I 135071198 686 
314 I 135268237 686 
315 I 135768796 686 
316 I 136061938 686 
317 I 136563925 686 
318 I 137171082 686 
319 I 137363041 686 
320 I 138041007 686 
321 I 138070913 686 
322 I 138166416 686 
323 I 138342588 686 
324 I 138573305 686 
325 I 139136177 686 
326 I 139931708 686 
327 I 140973296 686 
328 I 141155797 686 
329 I 141161336 686 
330 I 141874242 686 
331 I 141945684 686 
332 I 142274390 686 
333 I 142661721 686 
334 I 142729980 686 
335 I 142930694 686 
336 I 143066091 686 
337 I 143531984 686 
338 I 143735701 686 
339 I 143971822 686 
340 I 144070647 686 
341 I 144673265 686 
342 I 144770265 686 
343 I 144870851 686 
344 I 145562274 686 
345 I 145776588 686 
346 I 146060581 686 
347 I 146370286 686 
348 I 146466184 686 
349 I 146579685 686 
350 I 147165003 686 
351 I 147259835 686 
352 I 147542488 686 
353 I 147731507 686 
354 I 147870560 686 
355 I 148056872 686 
356 I 148473040 686 
357 I 148519162 686 
358 I 149299636 686 
359 I 150271354 686 
360 I 151035717 686 
361 I 151050323 686 
362 I 151275504 686 
363 I 151800131 686 
364 I 151824034 686 
365 I 152072752 686 
366 I 152841053 686 
367 I 153092108 686 
368 I 153870342 686 
369 I 155275692 686 
370 I 155697660 686 
371 I 156533327 686 
372 I 158373004 686 
373 I 158774924 686 
374 I 158890509 686 
375 I 159492218 686 
376 I 161673607 686 
377 I 161770079 686 
378 I 162579418 686 
379 I 162825498 686 
380 I 163217685 686 
381 I 163472863 686 
382 I 164669861 686 
383 I 164717320 686 
384 I 165569816 686 
385 I 166209724 686 
386 I 166274906 686 
387 I 166774126 686 
388 I 167183228 686 
389 I 167709705 686 
390 I 167773306 686 
391 I 168085778 686 
392 I 168110530 686 
393 I 169270535 686 
394 I 169386526 686 
395 I 170169597 686 
396 I 170610263 686 
397 I 170770960 686 
398 I 171079542 686 
399 I 171578845 686 
400 I 171931314 686 
401 I 172378687 686 
402 I 172379486 686 
403 I 173071821 686 
404 I 173609410 686 
405 I 173709671 686 
406 I 173970503 686 
407 I 174472246 686 
408 I 175369485 686 
409 I 175672878 686 
410 I 176294268 686 
411 I 176969322 686 
412 I 177074534 686 
413 I 177103930 686 
414 I 178371041 686 
415 I 178379332 686 
416 I 179505839 686 
417 I 179610229 686 
418 I 180069286 686 
419 I 180408837 686 
420 I 180573561 686 
421 I 180932129 686 
422 I 182170931 686 
423 I 182969306 686 
424 I 183398987 686 
425 I 183475330 686 
426 I 183569335 686 
427 I 183803376 686 
428 I 183934180 686 
429 I 184284781 686 
430 I 184687604 686 
431 I 185779704 686 
432 I 186468904 686 
433 I 186692736 686 
434 I 186764467 686 
435 I 187278836 686 
436 I 187672788 686 
437 I 187693135 686 
438 I 188170789 686 
439 I 188186755 686 
440 I 188660550 686 
441 I 188778815 686 
442 I 189598331 686 
443 I 189689820 686 
444 I 190405540 686 
445 I 191571072 686 
446 I 191660161 686 
447 I 192772039 686 
448 I 194968518 686 
449 I 195373317 686 
450 I 195375516 686 
451 I 195688567 686 
452 I 196464596 686 
453 I 196610728 686 
454 I 197300304 686 
455 I 197410303 686 
456 I 197971175 686 
457 I 198092828 686 
458 I 198368993 686 
459 I 198679394 686 
460 I 200171273 686 
461 I 200298570 686 
462 I 201088527 686 
463 I 201172746 686 
464 I 201673244 686 
465 I 201679287 686 
466 I 201920006 686 
467 I 202435481 686 
468 I 202683141 686 
469 I 203430546 686 
470 I 204168185 686 
471 I 204188370 686 
472 I 204368187 686 
473 I 204784262 686 
474 I 205173087 686 
475 I 205269257 686 
476 I 205371644 686 
477 I 205428122 686 
478 I 205671959 686 
479 I 206136106 686 
480 I 206184374 686 
481 I 207367176 686 
482 I 208169106 686 
483 I 208268645 686 
484 I 209177886 686 
485 I 210670352 686 
486 I 213340643 686 
487 I 215178154 686 
488 I 216337785 686 
489 I 216363541 686 
490 I 217212070 686 
491 I 218365513 686 
492 I 219358032 686 
493 I 221357480 686 
494 I 221374122 686 
495 I 221387224 686 
496 I 221413733 686 
497 I 221592178 686 
498 I 222416525 686 
499 I 222438831 686 
500 I 223031887 686 
501 I 223105831 686 
502 I 223772725 686 
503 I 224377275 686 
504 I 225177621 686 
505 I 226097347 686 
506 I 226847491 686 
507 I 227476881 686 
508 I 227975347 686 
509 I 228232892 686 
510 I 228736092 686 
511 I 228900563 686 
512 I 229310415 686 
513 I 230142808 686 
514 I 230377071 686 
515 I 230687859 686 
516 I 231090125 686 
517 I 231896952 686 
518 I 231975823 686 
519 I 232077136 686 
520 I 232098542 686 
521 I 232175495 686 
522 I 232430503 686 
523 I 232671664 686 
524 I 232854099 686 
525 I 232949054 686 
526 I 233079806 686 
527 I 234079156 686 
528 I 234083700 686 
529 I 234088050 686 
530 I 235066818 686 
531 I 235426845 686 
532 I 235667249 686 
533 I 235754040 686 
534 I 235847031 686 
535 I 236076784 686 
536 I 237921891 686 
537 I 238322759 686 
538 I 238747400 686 
539 I 239156162 686 
540 I 240922277 686 
541 I 241317926 686 
542 I 241693578 686 
543 I 242042571 686 
544 I 242097937 686 
545 I 242527516 686 
546 I 242835387 686 
547 I 242866335 686 
548 I 242884474 686 
549 I 243642299 686 
550 I 245526341 686 
551 I 245826338 686 
552 I 245876391 686 
553 I 246282168 686 
554 I 246591458 686 
555 I 246633548 686 
556 I 246636452 686 
557 I 247362371 686 
558 I 247416060 686 
559 I 248192342 686 
560 I 248969090 686 
561 I 249276325 686 
562 I 249482646 686 
563 I 249485067 686 
564 I 249626190 686 
565 I 250028702 686 
566 I 250229217 686 
567 I 250356248 686 
568 I 250371285 686 
569 I 250967823 686 
570 I 251103815 686 
571 I 251117265 686 
572 I 251877941 686 
573 I 252479341 686 
574 I 252634527 686 
575 I 253222768 686 
576 I 253366013 686 
577 I 253382439 686 
578 I 253966435 686 
579 I 254786328 686 
580 I 254822287 686 
581 I 254826911 686 
582 I 256993348 686 
583 I 257492004 686 
584 I 257767181 686 
585 I 257786037 686 
586 I 257826033 686 
587 I 258476079 686 
588 I 258568597 686 
589 I 259294814 686 
590 I 259365856 686 
591 I 260486073 686 
592 I 260493038 686 
593 I 260693485 686 
594 I 262360624 686 
595 I 262986684 686 
596 I 263485637 686 
597 I 263825609 686 
598 I 264277997 686 
599 I 264366538 686 
600 I 265266203 686 
601 I 266096538 686 
602 I 266694915 686 
603 I 266884542 686 
604 I 267608963 686 
605 I 267670214 686 
606 I 269057364 686 
607 I 269685451 686 
608 I 269806048 686 
609 I 270479955 686 
610 I 270546547 686 
611 I 270667371 686 
612 I 272689922 686 
613 I 273447559 686 
614 I 273545300 686 
615 I 273999224 686 
616 I 274205668 686 
617 I 274301235 686 
618 I 275685108 686 
619 I 277200906 686 
620 I 277298087 686 
621 I 280294936 686 
622 I 281116871 686 
623 I 281875873 686 
624 I 282097778 686 
625 I 282859021 686 
626 I 283600618 686 
627 I 283615179 686 
628 I 286070383 686 
629 I 286294720 686 
630 I 286595950 686 
631 I 286614711 686 
632 I 286855577 686 
633 I 286898346 686 
634 I 287379906 686 
635 I 287395120 686 
636 I 287684590 686 
637 I 288170646 686 
638 I 288542816 686 
639 I 288940171 686 
640 I 289202881 686 
641 I 289894854 686 
642 I 289990319 686 
643 I 290374540 686 
644 I 291158299 686 
645 I 291534547 686 
646 I 291934566 686 
647 I 291945379 686 
648 I 292722525 686 
649 I 292984349 686 
650 I 293500670 686 
651 I 293766892 686 
652 I 294474699 686 
653 I 294547218 686 
654 I 295726799 686 
655 I 295900584 686 
656 I 296495809 686 
657 I 296599242 686 
658 I 296665921 686 
659 I 297270855 686 
660 I 297376669 686 
661 I 297534193 686 
662 I 297546167 686 
663 I 298290032 686 
664 I 298295829 686 
665 I 299059234 686 
666 I 299599796 686 
667 I 299664406 686 
668 I 299826643 686 
