0 I 0 1504 
1 I 299904 1504 
2 I 499551 1504 
3 I 1603089 1504 
4 I 1907001 1504 
5 I 2209968 1504 
6 I 2516314 1504 
7 I 3177890 1504 
8 I 8285127 1504 
9 I 9114347 1504 
10 I 9115370 1504 
11 I 9695374 1504 
12 I 9696303 1504 
13 I 9985795 1504 
14 I 9987211 1504 
15 I 10437492 1504 
16 I 10720719 1504 
17 I 11010094 1504 
18 I 11315912 1504 
19 I 11611000 1504 
20 I 11612262 1504 
21 I 11912198 1504 
22 I 12216200 1504 
23 I 12615949 1504 
24 I 12910753 1504 
25 I 13227506 1504 
26 I 13612443 1504 
27 I 13613624 1504 
28 I 13918476 1504 
29 I 14217430 1504 
30 I 14529119 1504 
31 I 14829510 1504 
32 I 15218401 1504 
33 I 15517707 1504 
34 I 15712770 1504 
35 I 15848946 1504 
36 I 15850175 1504 
37 I 16040184 1504 
38 I 16323580 1504 
39 I 16640357 1504 
40 I 16641877 1504 
41 I 16828103 1504 
42 I 16829208 1504 
43 I 17038162 1504 
44 I 17153155 1504 
45 I 17344461 1504 
46 I 17463975 1504 
47 I 17465099 1504 
48 I 17739669 1504 
49 I 17740895 1504 
50 I 18046913 1504 
51 I 18048127 1504 
52 I 18241943 1504 
53 I 18444915 1504 
54 I 18446082 1504 
55 I 18645400 1504 
56 I 19046343 1504 
57 I 19047533 1504 
58 I 19545285 1504 
59 I 19641740 1504 
60 I 19858596 1504 
61 I 19859731 1504 
62 I 19941187 1504 
63 I 20347938 1504 
64 I 20736201 1504 
65 I 20835456 1504 
66 I 21239108 1504 
67 I 21240326 1504 
68 I 21346069 1504 
69 I 21746224 1504 
70 I 21747450 1504 
71 I 21748606 1504 
72 I 21993531 1504 
73 I 22182446 1504 
74 I 22451353 1504 
75 I 22583760 1504 
76 I 22871396 1504 
77 I 23544709 1504 
78 I 23599698 1504 
79 I 24241341 1504 
80 I 24242591 1504 
81 I 24443783 1504 
82 I 24444985 1504 
83 I 24832258 1504 
84 I 24833470 1504 
85 I 25089471 1504 
86 I 25090890 1504 
87 I 25451113 1504 
88 I 25452347 1504 
89 I 25764816 1504 
90 I 25766051 1504 
91 I 25943287 1504 
92 I 26142552 1504 
93 I 26337483 1504 
94 I 26520329 1504 
95 I 26521634 1504 
96 I 26852176 1504 
97 I 26889781 1504 
98 I 26949393 1504 
99 I 26950579 1504 
100 I 26951728 1504 
101 I 27408147 1504 
102 I 27409536 1504 
103 I 27447096 1504 
104 I 27653657 1504 
105 I 27795518 1504 
106 I 27796916 1504 
107 I 27953296 1504 
108 I 27954626 1504 
109 I 28346842 1504 
110 I 28348220 1504 
111 I 28507613 1504 
112 I 28508775 1504 
113 I 28651463 1504 
114 I 28667014 1504 
115 I 28668326 1504 
116 I 28699804 1504 
117 I 28701297 1504 
118 I 29058805 1504 
119 I 29352499 1504 
120 I 29353670 1504 
121 I 29355080 1504 
122 I 29458770 1504 
123 I 29460097 1504 
124 I 29667433 1504 
125 I 29669988 1504 
126 I 29764676 1504 
127 I 29765781 1504 
128 I 29868692 1504 
129 I 29869462 1052 
130 I 30059273 1504 
131 I 30060468 1504 
132 I 30269167 1504 
133 I 30269398 535 
134 I 30771551 1504 
135 I 31157427 1504 
136 I 31158528 1504 
137 I 31451198 1504 
138 I 31682455 1504 
139 I 31914046 1504 
140 I 32416602 1504 
141 I 32417817 1504 
142 I 32948525 1504 
143 I 32949845 1504 
144 I 32951201 1504 
145 I 33413891 1504 
146 I 33556047 1504 
147 I 33759163 167 
148 I 33759179 1504 
149 I 34158609 1504 
150 I 34911860 1504 
151 I 35461408 1052 
152 I 49655736 1504 
153 I 49657021 1504 
154 I 49661837 1504 
155 I 49663141 1504 
156 I 50175268 1504 
157 I 50175403 340 
158 I 50377670 1504 
159 I 50377921 415 
160 I 51307153 1504 
161 I 51308182 1223 
162 I 51321399 1504 
163 I 51322587 1504 
164 I 51324516 794 
165 I 52093394 1504 
166 I 52094664 1504 
167 I 52095421 1094 
168 I 52538279 1504 
169 I 52539627 1504 
170 I 52540641 1208 
171 I 66219208 1504 
172 I 66220449 1504 
173 I 66221126 843 
174 I 66233330 1504 
175 I 66234343 1504 
176 I 66234768 744 
177 I 67391256 1504 
178 I 67392384 1504 
179 I 67392878 623 
180 I 67529919 1504 
181 I 67531155 1504 
182 I 68085959 1504 
183 I 68087128 1504 
184 I 68288306 1504 
185 I 68397828 1504 
186 I 68398922 1504 
187 I 68651781 1504 
188 I 68653010 1504 
189 I 68654352 1291 
190 I 69079040 1504 
191 I 69080065 1504 
192 I 69281698 1504 
193 I 69682402 1504 
194 I 69883467 1504 
195 I 69883847 738 
196 I 69924704 1504 
197 I 69925990 1504 
198 I 70455187 1504 
199 I 70456391 1504 
200 I 70457629 1504 
201 I 71176239 1504 
202 I 71176710 687 
203 I 72349182 1504 
204 I 72350379 1504 
205 I 72805729 1504 
206 I 72806968 1504 
207 I 72808140 1504 
208 I 73399210 1504 
209 I 73688725 1504 
210 I 73886734 1504 
211 I 74032340 1504 
212 I 74033528 1504 
213 I 74034756 1504 
214 I 74588524 1504 
215 I 74781752 1504 
216 I 74990376 1504 
217 I 75190678 1504 
218 I 75389351 1504 
219 I 75390518 1504 
220 I 75391721 1504 
221 I 75665819 1504 
222 I 75667125 1504 
223 I 75901152 1504 
224 I 75902148 1504 
225 I 76393974 1504 
226 I 76607675 1504 
227 I 76882478 1504 
228 I 77070196 1504 
229 I 77071225 1504 
230 I 77080205 1504 
231 I 77397416 1504 
232 I 77590276 1504 
233 I 77784691 1504 
234 I 78091328 1504 
235 I 78291293 1504 
236 I 78498556 1504 
237 I 78692335 1504 
238 I 78996325 1504 
239 I 79198930 1504 
240 I 79404415 1504 
241 I 79686808 1504 
242 I 79890887 1504 
243 I 80191748 1504 
244 I 80396459 1504 
245 I 80594579 1504 
246 I 80798877 1504 
247 I 81100600 1504 
248 I 81396737 1504 
249 I 81687163 1504 
250 I 82096079 1504 
251 I 82393466 1504 
252 I 83063125 1504 
253 I 83620923 1504 
254 I 84103756 1504 
255 I 84522270 1504 
256 I 85025389 1504 
257 I 85026749 1504 
258 I 85367644 1504 
259 I 85368941 1504 
260 I 85370184 1504 
261 I 85734210 1504 
262 I 85735516 1504 
263 I 85736897 1504 
264 I 86127704 1504 
265 I 86418811 1504 
266 I 86420144 1504 
267 I 86451536 1504 
268 I 86452716 1504 
269 I 86964093 1504 
270 I 86965139 1504 
271 I 87237280 1504 
272 I 87238517 1504 
273 I 87428978 1504 
274 I 87455791 1504 
275 I 87457111 1504 
276 I 87904598 1504 
277 I 87905784 1504 
278 I 88028019 1504 
279 I 88313704 1504 
280 I 88314951 1504 
281 I 88459010 1504 
282 I 88460268 1504 
283 I 88461546 1504 
284 I 89069668 1504 
285 I 89070912 1504 
286 I 89329548 1504 
287 I 89531455 1504 
288 I 89835457 1504 
289 I 90024746 1504 
290 I 90708011 1504 
291 I 90709210 1504 
292 I 91034260 1504 
293 I 91233349 1504 
294 I 91435099 1504 
295 I 91633733 1504 
296 I 92131139 1504 
297 I 92336515 1504 
298 I 92637531 1504 
299 I 92935005 1504 
300 I 93137449 1504 
301 I 93429367 1504 
302 I 94281787 1504 
303 I 97768657 1504 
304 I 98243148 1504 
305 I 98254950 1504 
306 I 98255296 493 
307 I 116564398 1504 
308 I 116565687 1504 
309 I 117131079 1504 
310 I 117132323 1504 
311 I 117133520 1504 
312 I 117534843 1504 
313 I 117536053 1504 
314 I 117537255 1504 
315 I 117764882 1504 
316 I 118156123 1504 
317 I 118327262 1504 
318 I 118328326 1504 
319 I 118663309 1504 
320 I 118960974 1504 
321 I 118962102 1504 
322 I 119171200 1504 
323 I 119343597 1504 
324 I 119354891 1504 
325 I 119467753 1504 
326 I 119755420 1504 
327 I 119756566 1504 
328 I 119963802 1504 
329 I 120263952 1504 
330 I 120265277 1504 
331 I 120448533 1504 
332 I 120450025 1504 
333 I 120665704 1504 
334 I 120667086 1504 
335 I 120865323 1504 
336 I 120866598 1504 
337 I 121075369 1504 
338 I 121076359 1504 
339 I 121360338 1504 
340 I 121564792 1504 
341 I 121763151 1504 
342 I 121838250 1504 
343 I 121839510 1504 
344 I 122351787 1504 
345 I 122353099 1504 
346 I 122619449 1504 
347 I 122620686 1504 
348 I 122959598 1504 
349 I 122960694 1504 
350 I 123214645 1504 
351 I 123215901 1504 
352 I 123645362 1504 
353 I 123646592 1504 
354 I 123967225 1504 
355 I 124177810 1504 
356 I 124359083 1504 
357 I 124663847 1504 
358 I 124861326 1504 
359 I 125023501 1504 
360 I 125024711 1504 
361 I 125511774 1504 
362 I 125513052 1504 
363 I 126281778 1504 
364 I 126564597 1504 
365 I 126700424 1504 
366 I 126701627 1504 
367 I 127366174 1504 
368 I 127579468 1504 
369 I 127959862 1504 
370 I 128154593 1504 
371 I 128186113 1504 
372 I 128187425 1504 
373 I 128361827 1504 
374 I 128737949 1504 
375 I 128739018 1220 
376 I 128879401 1504 
377 I 129639246 1504 
378 I 129654779 1504 
379 I 130296580 1504 
380 I 130297919 1504 
381 I 130591269 1504 
382 I 130592460 1504 
383 I 130844048 1504 
384 I 130845226 1504 
385 I 131037758 1504 
386 I 131038926 1504 
387 I 131384334 1504 
388 I 131589615 1504 
389 I 131590818 1504 
390 I 131790263 1504 
391 I 131990802 1504 
392 I 132168879 1504 
393 I 132170312 1504 
394 I 132487784 1504 
395 I 132794096 1504 
396 I 133092101 1504 
397 I 133093590 1504 
398 I 133283945 1504 
399 I 133589114 1504 
400 I 133885043 1504 
401 I 134183966 1504 
402 I 134396142 1504 
403 I 134583986 1504 
404 I 134785492 1504 
405 I 135097718 1504 
406 I 135401234 1504 
407 I 135572708 1504 
408 I 135573606 1504 
409 I 136391008 1504 
410 I 136793295 1504 
411 I 137050531 1504 
412 I 137444711 1504 
413 I 137902130 1504 
414 I 138603779 1504 
415 I 139113634 1504 
416 I 139697696 1504 
417 I 139698920 1504 
418 I 140395382 1504 
419 I 140396611 1504 
420 I 140598372 1504 
421 I 140599635 1504 
422 I 140997114 1504 
423 I 140998429 1504 
424 I 141594261 1504 
425 I 141795256 1504 
426 I 142102998 1504 
427 I 142104302 1504 
428 I 142405487 1504 
429 I 142606030 1504 
430 I 143002435 1504 
431 I 143402976 1504 
432 I 143603620 1504 
433 I 144003518 1504 
434 I 144004799 1504 
435 I 144974891 1504 
436 I 146588511 1504 
437 I 146589702 1504 
438 I 146633388 1504 
439 I 146634697 1504 
440 I 147103188 1504 
441 I 147103468 492 
442 I 147411121 1504 
443 I 147411263 392 
444 I 147622584 1504 
445 I 148047682 1504 
446 I 148048936 1504 
447 I 148501493 1504 
448 I 148502683 1504 
449 I 148503783 1504 
450 I 149303024 1504 
451 I 149304413 1504 
452 I 149510541 1504 
453 I 149657803 1504 
454 I 149659066 1504 
455 I 150311447 1504 
456 I 150602945 1504 
457 I 150908182 1504 
458 I 150909455 1504 
459 I 151077175 1504 
460 I 151078386 1504 
461 I 151902047 1504 
462 I 152209767 1504 
463 I 152428118 1504 
464 I 152725554 1504 
465 I 153208016 1504 
466 I 153415066 1504 
467 I 153670309 1504 
468 I 153824834 1504 
469 I 154208421 1504 
470 I 154209649 1504 
471 I 154418197 1504 
472 I 154747611 1504 
473 I 154748711 1504 
474 I 155030773 1504 
475 I 155031972 1504 
476 I 155200789 1504 
477 I 155201736 1504 
478 I 155676412 1504 
479 I 155677711 1504 
480 I 155814732 1504 
481 I 156193916 1504 
482 I 156195389 1504 
483 I 156514985 1504 
484 I 156516411 1504 
485 I 156692709 1504 
486 I 156693941 1504 
487 I 156971272 1504 
488 I 156972285 1504 
489 I 157213962 1504 
490 I 157377789 1504 
491 I 157379077 1504 
492 I 157379454 635 
493 I 232523048 1504 
494 I 232524242 1504 
495 I 232529789 1504 
496 I 232530870 1504 
497 I 232992129 1504 
498 I 232993306 1504 
499 I 232994141 1067 
500 I 233001671 1504 
501 I 233002826 1504 
502 I 233004223 1435 
503 I 233902894 1504 
504 I 233904130 1504 
505 I 234026885 1504 
506 I 234028033 1504 
507 I 234246762 1504 
508 I 234248288 1504 
509 I 234249556 1504 
510 I 234250545 1198 
511 I 234368179 1504 
512 I 234369539 1504 
513 I 234370937 1504 
514 I 234755532 1504 
515 I 234756643 1504 
516 I 234872321 1504 
517 I 234873469 1504 
518 I 235128485 1504 
519 I 235128699 415 
520 I 235316913 1504 
521 I 235318069 1504 
522 I 235319250 1504 
523 I 235320658 125 
524 I 235945960 1504 
525 I 235947314 1504 
526 I 236510120 1504 
527 I 236511411 1504 
528 I 236512271 1504 
529 I 236905737 1504 
530 I 236906697 1257 
531 I 237737334 1504 
532 I 237738720 1504 
533 I 238031231 1504 
534 I 238032623 1504 
535 I 238033814 1504 
536 I 238612210 1504 
537 I 238613395 1504 
538 I 238935508 1504 
539 I 239232671 1504 
540 I 239427933 1504 
541 I 239429184 1504 
542 I 239430420 1504 
543 I 239803945 1504 
544 I 239805170 1504 
545 I 239870166 1504 
546 I 239871206 1504 
547 I 240130054 1504 
548 I 240131159 1504 
549 I 240204217 1504 
550 I 240205235 1504 
551 I 240432859 1504 
552 I 240434102 1504 
553 I 240435277 1504 
554 I 240591962 1504 
555 I 240593266 1504 
556 I 240792923 1504 
557 I 240794113 1504 
558 I 240961785 1504 
559 I 240963070 1504 
560 I 241138374 1504 
561 I 241202875 1504 
562 I 241204089 1504 
563 I 241297207 1504 
564 I 241298352 1504 
565 I 241299583 1504 
566 I 241485630 1504 
567 I 241486867 1504 
568 I 241576769 1504 
569 I 241577929 1504 
570 I 241603926 1504 
571 I 241605089 1504 
572 I 241785476 1504 
573 I 241786638 1504 
574 I 241877543 1504 
575 I 241878594 1504 
576 I 241915343 1504 
577 I 241916687 1504 
578 I 242186637 1504 
579 I 242188061 1504 
580 I 242394744 1504 
581 I 242395883 1504 
582 I 242609611 1504 
583 I 242611024 1504 
584 I 242874083 1504 
585 I 242875547 1504 
586 I 243101522 1504 
587 I 243102803 1504 
588 I 243287551 1504 
589 I 243288700 1504 
590 I 243319974 1504 
591 I 243321310 1504 
592 I 243382993 1504 
593 I 243384173 1504 
594 I 243570780 1504 
595 I 243571925 1504 
596 I 243611342 1504 
597 I 243612646 1504 
598 I 243665110 1504 
599 I 243666070 1504 
600 I 243930658 1504 
601 I 243931967 1504 
602 I 244046573 1504 
603 I 244047739 1504 
604 I 244154542 1504 
605 I 244155658 1504 
606 I 244306001 1504 
607 I 244307239 1504 
608 I 244361784 1504 
609 I 244363078 1504 
610 I 244486457 1504 
611 I 244487692 1504 
612 I 244591613 1504 
613 I 244593116 1504 
614 I 244680662 1504 
615 I 244681920 1504 
616 I 244767863 1504 
617 I 244769132 1504 
618 I 244903775 1504 
619 I 244904959 1504 
620 I 244972335 1504 
621 I 244973635 1504 
622 I 245181114 1504 
623 I 245182300 1504 
624 I 245240784 1504 
625 I 245241766 1256 
626 I 245332735 1504 
627 I 245333977 1504 
628 I 245838912 1504 
629 I 245839845 1281 
630 I 253753911 1504 
631 I 253755292 1504 
632 I 253761205 1504 
633 I 253762381 1504 
634 I 254111496 1504 
635 I 254112683 1504 
636 I 254113772 1504 
637 I 254167435 1504 
638 I 254168683 1504 
639 I 254169842 1504 
640 I 254169956 78 
641 I 254495529 1504 
642 I 254496643 151 
643 I 254496661 1504 
644 I 255160828 1504 
645 I 255162066 1504 
646 I 255449649 1504 
647 I 255450856 1220 
648 I 255742310 1504 
649 I 255743624 1504 
650 I 255744774 1504 
651 I 255745820 1037 
652 I 279733851 1504 
653 I 279734940 1504 
654 I 279736243 1504 
655 I 279737456 1504 
656 I 280221216 1504 
657 I 280222481 1504 
658 I 280222961 733 
659 I 280241070 1504 
660 I 280241487 599 
