0 I 0 1504 
1 I 1270 1504 
2 I 2618 1504 
3 I 1223246 1504 
4 I 1223454 366 
5 I 2050459 1504 
6 I 2051701 1504 
7 I 2052932 1504 
8 I 2054134 1504 
9 I 2055509 1504 
10 I 2056616 1504 
11 I 2058025 1504 
12 I 2569977 1504 
13 I 2571435 1504 
14 I 2572888 1504 
15 I 2778957 1504 
16 I 2780252 1504 
17 I 2781512 1504 
18 I 2990118 1504 
19 I 2991282 1504 
20 I 2992627 1504 
21 I 3412516 1504 
22 I 3729595 1504 
23 I 3830993 1504 
24 I 3947350 1504 
25 I 4043380 1504 
26 I 4460181 1504 
27 I 4675847 1504 
28 I 4677207 1504 
29 I 4678067 1504 
30 I 5196673 1504 
31 I 5198096 1504 
32 I 6330420 1504 
33 I 6831370 1504 
34 I 6978027 1504 
35 I 6979257 1504 
36 I 7289433 1504 
37 I 7290681 1504 
38 I 8655321 1504 
39 I 8656585 1504 
40 I 8962279 1504 
41 I 8963935 1504 
42 I 8965291 1504 
43 I 9597389 1504 
44 I 9598616 1504 
45 I 11060094 1504 
46 I 11060493 727 
47 I 28662926 1504 
48 I 28664210 1504 
49 I 31659952 1504 
50 I 32319959 1504 
51 I 32321170 1504 
52 I 34631227 67 
53 I 81955344 1504 
54 I 81956558 1504 
55 I 82380920 1504 
56 I 82381680 987 
57 I 88669215 520 
58 I 89144059 1504 
59 I 89145272 1504 
60 I 89146664 1504 
61 I 89148103 1504 
62 I 89149235 1504 
63 I 90023876 180 
64 I 91496224 285 
65 I 92653073 285 
66 I 103050695 1504 
67 I 103052090 1504 
68 I 103053188 1504 
69 I 103054351 1504 
70 I 103055657 1504 
71 I 103056834 1504 
72 I 103057294 658 
73 I 103057338 49 
74 I 104169228 285 
75 I 104585040 285 
76 I 105426375 285 
77 I 105526709 285 
78 I 169162232 1504 
79 I 169163771 1504 
80 I 169946467 1504 
81 I 169947712 1504 
82 I 169948950 1504 
83 I 170464814 182 
84 I 173056084 182 
85 I 230503926 1504 
86 I 230505163 1504 
87 I 231000489 1504 
88 I 231001678 1504 
89 I 231002820 1343 
90 I 231558655 284 
91 I 244257259 1504 
92 I 244258519 1504 
93 I 244259741 1504 
94 I 244260803 1504 
95 I 244261844 1504 
96 I 244262681 49 
97 I 244262693 1215 
98 I 246412374 285 
99 I 250179347 286 
100 I 276069007 1504 
101 I 276070209 1504 
102 I 277031621 1504 
103 I 277032849 1504 
104 I 277259327 1337 
105 I 288169168 1504 
106 I 288170602 1504 
107 I 288172022 1504 
108 I 288172921 1504 
109 I 288174061 1504 
110 I 288175365 1504 
111 I 288623650 125 
