0 I 0 455 
1 I 156305 551 
2 I 19527191 455 
3 I 19704220 551 
4 I 33352354 455 
5 I 33505230 551 
6 I 42882970 455 
7 I 43035826 551 
8 I 75660854 455 
9 I 75815549 551 
10 I 108313132 455 
11 I 108474059 551 
12 I 122046754 455 
13 I 122284511 551 
14 I 141474297 455 
15 I 141624667 551 
16 I 142414054 455 
17 I 142556311 551 
18 I 143156415 455 
19 I 143331924 551 
20 I 144022975 455 
21 I 144168681 551 
22 I 144617758 455 
23 I 144806690 551 
24 I 145170355 455 
25 I 145334267 551 
26 I 145770089 455 
27 I 145939380 551 
28 I 146386213 536 
29 I 146559536 632 
30 I 147061645 561 
31 I 150624169 536 
32 I 150833994 632 
33 I 258117997 561 
34 I 262811170 536 
35 I 263035062 632 
36 I 274884395 561 
