0 I 0 640 
1 I 429074 650 
2 I 670634 532 
3 I 15895988 668 
4 I 16115158 674 
5 I 28060630 665 
6 I 28333832 680 
7 I 33541253 665 
8 I 33771404 680 
9 I 38824381 640 
10 I 40107281 650 
11 I 45172390 668 
12 I 45432675 674 
13 I 54300126 580 
14 I 54307374 114 
15 I 55513486 580 
16 I 55525214 129 
17 I 63057866 580 
18 I 63065034 114 
19 I 64349889 580 
20 I 64356874 129 
21 I 73361772 580 
22 I 73369626 114 
23 I 74741284 580 
24 I 74749185 129 
25 I 85702462 580 
26 I 85709452 89 
27 I 86921185 580 
28 I 86928662 99 
29 I 89151576 473 
30 I 96687640 580 
31 I 96694681 117 
32 I 97908150 580 
33 I 97920515 123 
34 I 107647627 580 
35 I 107655406 114 
36 I 108863135 580 
37 I 108868424 129 
38 I 123240001 580 
39 I 123249009 117 
40 I 124992217 580 
41 I 125000116 123 
42 I 132743815 665 
43 I 133004090 680 
44 I 137493361 665 
45 I 137718994 680 
46 I 158655026 665 
47 I 158876245 680 
48 I 163215570 665 
49 I 163436921 680 
50 I 167880588 663 
51 I 168324895 678 
52 I 168562846 560 
53 I 178285013 668 
54 I 178548692 674 
55 I 184907211 665 
56 I 185184715 680 
57 I 254060589 665 
58 I 254545421 680 
