0 I 0 1408 
1 I 12 1408 
2 I 46 1408 
3 I 139239 1408 
4 I 139259 1408 
5 I 139279 1408 
6 I 252662 1408 
7 I 252749 1408 
8 I 279609 817 
9 I 1037591 1408 
10 I 1037625 1408 
11 I 1037630 1318 
12 I 1184225 1408 
13 I 1184247 1408 
14 I 1184268 1408 
15 I 1336464 1408 
16 I 1336484 1408 
17 I 1336505 1408 
18 I 1460490 1408 
19 I 1460511 1408 
20 I 1492359 1408 
21 I 1492379 1408 
22 I 1492401 1408 
23 I 1600198 1408 
24 I 1600220 1408 
25 I 1600240 1408 
26 I 1631811 1408 
27 I 1631833 1408 
28 I 1631853 1408 
29 I 1632630 1408 
30 I 1632651 1408 
31 I 1632713 1408 
32 I 1741330 1408 
33 I 1741357 1408 
34 I 1741377 1408 
35 I 1770497 1408 
36 I 1770521 1408 
37 I 1770542 1408 
38 I 1772762 1408 
39 I 1772795 1408 
40 I 1772816 1408 
41 I 1774198 1408 
42 I 1774225 1408 
43 I 1774245 1408 
44 I 1881751 1408 
45 I 1881778 1408 
46 I 1881799 1408 
47 I 1882384 1408 
48 I 1882441 1408 
49 I 1882462 1408 
50 I 1917485 1408 
51 I 1917538 1408 
52 I 1917542 1408 
53 I 1919543 1408 
54 I 1919569 1408 
55 I 1919589 1408 
56 I 1921629 1408 
57 I 1921656 1408 
58 I 1921676 1408 
59 I 1922928 1408 
60 I 1922953 1408 
61 I 1922973 1408 
62 I 2020280 1408 
63 I 2020305 1408 
64 I 2020326 1408 
65 I 2021881 1408 
66 I 2021905 1408 
67 I 2021936 1408 
68 I 2025564 1408 
69 I 2025594 1408 
70 I 2025622 1408 
71 I 2056954 1408 
72 I 2056975 1408 
73 I 2057002 1408 
74 I 2059041 853 
75 I 2240355 1408 
76 I 2240375 1408 
77 I 2240465 1408 
78 I 2240496 1408 
79 I 2240500 1253 
