0 I 0 1518 
1 I 107 1518 
2 I 128 1518 
3 I 46550 1518 
4 I 46572 1518 
5 I 46592 1518 
6 I 50985 1518 
7 I 51007 1518 
8 I 94310 1518 
9 I 94331 1518 
10 I 94364 1518 
11 I 99046 1518 
12 I 99068 1518 
13 I 99088 1518 
14 I 130571 1518 
15 I 130591 1518 
16 I 149524 1518 
17 I 149529 328 
18 I 149553 1518 
19 I 154261 1518 
20 I 154282 1518 
21 I 154306 1518 
22 I 154327 1518 
23 I 154348 1518 
24 I 154369 1518 
25 I 175827 1518 
26 I 175850 1518 
27 I 175872 1518 
28 I 197574 1518 
29 I 197595 1518 
30 I 197618 1518 
31 I 197639 1518 
32 I 202434 1518 
33 I 202474 1518 
34 I 202478 1478 
35 I 207056 1518 
36 I 207080 1518 
37 I 207102 1518 
38 I 207123 1518 
39 I 207145 1518 
40 I 207166 1518 
41 I 226241 1518 
42 I 226261 1518 
43 I 226281 1518 
44 I 247716 1518 
45 I 247738 1518 
46 I 247756 1518 
47 I 254390 1518 
48 I 254411 1518 
49 I 254431 1518 
50 I 254580 1518 
51 I 254601 1478 
52 I 254622 1518 
53 I 259873 1518 
54 I 259896 1518 
55 I 259917 1518 
56 I 259940 1518 
57 I 259961 1518 
58 I 259982 1518 
59 I 264673 1518 
60 I 264694 1518 
61 I 264714 1518 
62 I 283864 1518 
63 I 283877 1518 
64 I 283896 1518 
65 I 288805 1518 
66 I 288829 1518 
67 I 288850 1518 
68 I 295872 1478 
69 I 295893 1518 
70 I 295912 1518 
71 I 303813 1518 
72 I 303835 1518 
73 I 303856 1518 
74 I 308051 1518 
75 I 308076 1518 
76 I 308099 1518 
77 I 308120 1518 
78 I 308141 1518 
79 I 308162 1518 
80 I 308182 1518 
81 I 312610 1518 
82 I 312632 1518 
83 I 312656 1518 
84 I 312803 1518 
85 I 312826 1478 
86 I 312848 1518 
87 I 312870 1518 
88 I 312891 1518 
89 I 312912 1518 
90 I 317723 1518 
91 I 317744 1518 
92 I 317765 1518 
93 I 329399 1518 
94 I 329420 1518 
95 I 334323 1518 
96 I 334343 1518 
97 I 334364 1518 
98 I 339162 1518 
99 I 339184 1518 
100 I 339204 1518 
101 I 345081 1518 
102 I 345103 1478 
103 I 345123 1518 
104 I 352691 1518 
105 I 352712 1518 
106 I 352734 1518 
107 I 352754 1518 
108 I 358167 1518 
109 I 358188 1518 
110 I 358208 1518 
111 I 363250 1518 
112 I 363272 1518 
113 I 363297 1518 
114 I 363317 1518 
115 I 363340 1518 
116 I 363360 1518 
117 I 363383 1518 
118 I 363427 1518 
119 I 363432 1478 
120 I 363448 1518 
121 I 363469 1518 
122 I 368012 1518 
123 I 368033 1518 
124 I 368056 1518 
125 I 368086 1518 
126 I 368107 1518 
127 I 368129 1518 
128 I 368150 1518 
129 I 368171 1518 
130 I 368192 1518 
131 I 368213 1518 
132 I 374990 1518 
133 I 375012 1518 
134 I 375032 1518 
135 I 382563 1518 
136 I 382585 1478 
137 I 382609 1518 
138 I 382632 1518 
139 I 382647 1518 
140 I 394169 1518 
141 I 394191 1518 
142 I 394213 1518 
143 I 394235 1518 
144 I 394256 1518 
145 I 402717 1518 
146 I 402739 1518 
147 I 402761 1518 
148 I 402781 1518 
149 I 408641 1518 
150 I 408662 1518 
151 I 408680 1518 
152 I 543072 1518 
153 I 706150 1478 
154 I 706173 1518 
155 I 706193 1518 
156 I 715812 1518 
157 I 715834 1518 
158 I 715858 1518 
159 I 715880 1518 
160 I 715903 1518 
161 I 715925 1518 
162 I 715949 1518 
163 I 715974 1518 
164 I 715993 1518 
165 I 716035 1518 
166 I 716039 1518 
167 I 716060 1518 
168 I 716081 1518 
169 I 716122 1518 
170 I 716127 1478 
171 I 716147 1518 
172 I 716168 1518 
173 I 716189 1518 
174 I 716210 1518 
175 I 716231 1518 
176 I 720722 1518 
177 I 720743 1518 
178 I 720767 1518 
179 I 720788 1518 
180 I 720812 1518 
181 I 720855 1518 
182 I 720859 1518 
183 I 720878 1518 
184 I 720901 1518 
185 I 720921 1518 
186 I 720960 1518 
187 I 720965 1478 
188 I 721015 1518 
189 I 721036 1518 
190 I 721060 1518 
191 I 721081 1518 
192 I 721104 1518 
193 I 721126 1518 
194 I 721148 1518 
195 I 721170 1518 
196 I 721192 1518 
197 I 721213 1518 
198 I 812288 1518 
199 I 812310 1518 
200 I 812332 1518 
201 I 816684 1518 
202 I 816707 1518 
203 I 816729 1518 
204 I 816753 1478 
205 I 816774 1518 
206 I 816796 1518 
207 I 816819 1518 
208 I 816841 1518 
209 I 816864 1518 
210 I 816888 1518 
211 I 816909 1518 
212 I 816929 1518 
213 I 816955 1518 
214 I 816976 1518 
215 I 816996 1518 
216 I 817018 1518 
217 I 817042 1518 
218 I 817064 1518 
219 I 817085 1518 
220 I 817128 1518 
221 I 817134 1478 
222 I 817150 1518 
223 I 817172 1518 
224 I 817193 1518 
225 I 817216 1518 
226 I 817237 1518 
227 I 817258 1518 
228 I 817300 1518 
229 I 817305 1518 
230 I 817321 1518 
231 I 817342 1518 
232 I 817364 1518 
233 I 817388 1518 
234 I 817408 1518 
235 I 817430 1518 
236 I 817452 1518 
237 I 817470 1518 
238 I 817494 1478 
239 I 817514 1518 
240 I 817534 1518 
241 I 817557 1518 
242 I 817578 1518 
243 I 869542 1518 
244 I 881380 1518 
245 I 881403 1518 
246 I 881425 1518 
247 I 881447 1518 
248 I 881469 1518 
249 I 898138 1518 
250 I 898161 1518 
251 I 898187 1518 
252 I 898208 1518 
253 I 898228 1518 
254 I 898267 1518 
255 I 898271 1478 
256 I 898299 1518 
257 I 898321 1518 
258 I 898344 1518 
259 I 898366 1518 
260 I 898390 1518 
261 I 898412 1518 
262 I 898432 1518 
263 I 898454 1518 
264 I 898480 1518 
265 I 898497 1518 
266 I 898519 1518 
267 I 898540 1518 
268 I 898562 1518 
269 I 898585 1518 
270 I 898607 1518 
271 I 898629 1518 
272 I 898652 1478 
273 I 898673 1518 
274 I 898695 1518 
275 I 898717 1518 
276 I 898739 1518 
277 I 898760 1518 
278 I 898784 1518 
279 I 898805 1518 
280 I 898827 1518 
281 I 898847 1518 
282 I 898868 1518 
283 I 898891 1518 
284 I 898914 1518 
285 I 898931 1518 
286 I 917429 1518 
287 I 917450 1518 
288 I 917474 1518 
289 I 927105 1478 
290 I 927127 1518 
291 I 931970 1518 
292 I 931991 1518 
293 I 936744 1518 
294 I 950269 1518 
295 I 950290 1518 
296 I 956743 1518 
297 I 956765 1518 
298 I 956791 1518 
299 I 956813 1518 
300 I 956833 1518 
301 I 956854 1518 
302 I 956877 1518 
303 I 956903 1518 
304 I 956922 1518 
305 I 956964 1518 
306 I 956968 1478 
307 I 956986 1518 
308 I 957006 1518 
309 I 960653 1518 
310 I 960675 1518 
311 I 960697 1518 
312 I 960720 1518 
313 I 960740 1518 
314 I 960761 1518 
315 I 965722 1518 
316 I 965743 1518 
317 I 965766 1518 
318 I 965787 1518 
319 I 965808 1518 
320 I 965830 1518 
321 I 965852 1518 
322 I 965872 1518 
323 I 965896 1478 
324 I 965917 1518 
325 I 965939 1518 
326 I 970365 1518 
327 I 970387 1518 
328 I 970410 1518 
329 I 970432 1518 
330 I 970458 1518 
331 I 970473 1518 
332 I 970496 1518 
333 I 970517 1518 
334 I 977566 1518 
335 I 977606 1518 
336 I 977618 1518 
337 I 987023 1518 
338 I 987044 1518 
339 I 997622 1518 
340 I 997643 1478 
341 I 1006289 1518 
342 I 1006310 1518 
343 I 1013853 1518 
344 I 1013876 1518 
345 I 1013897 1518 
346 I 1013919 1518 
347 I 1013939 1518 
348 I 1013961 1518 
349 I 1013985 1518 
350 I 1014005 1518 
351 I 1014010 1518 
352 I 1014046 1518 
353 I 1014068 1518 
354 I 1018274 1518 
355 I 1018295 1518 
356 I 1018316 1518 
357 I 1018342 1478 
358 I 1018363 1518 
359 I 1018384 1518 
360 I 1018406 1518 
361 I 1018426 1518 
362 I 1022958 1518 
363 I 1022981 1518 
364 I 1023003 1518 
365 I 1023025 1518 
366 I 1023047 1518 
367 I 1023068 1518 
368 I 1023091 1518 
369 I 1023113 1518 
370 I 1023134 1518 
371 I 1027822 1518 
372 I 1027854 1518 
373 I 1027858 1518 
374 I 1027879 1478 
375 I 1027900 1518 
376 I 1027921 1518 
377 I 1027945 1518 
378 I 1027967 1518 
379 I 1032713 1518 
380 I 1032734 1518 
381 I 1037563 1518 
382 I 1037585 1518 
383 I 1054464 1518 
384 I 1054485 1518 
385 I 1059879 1518 
386 I 1059900 1518 
387 I 1059922 1518 
388 I 1063974 1518 
389 I 1063996 1518 
390 I 1064035 1518 
391 I 1064040 1478 
392 I 1068701 1518 
393 I 1068722 1518 
394 I 1068747 1518 
395 I 1068769 1518 
396 I 1068789 1518 
397 I 1068811 1518 
398 I 1068834 1518 
399 I 1068861 1518 
400 I 1068876 1518 
401 I 1068897 1518 
402 I 1073413 1518 
403 I 1073435 1518 
404 I 1073461 1518 
405 I 1073483 1518 
406 I 1073503 1518 
407 I 1073525 1518 
408 I 1073546 1478 
409 I 1073567 1518 
410 I 1073589 1518 
411 I 1073612 1518 
412 I 1073634 1518 
413 I 1078235 1518 
414 I 1078257 1518 
415 I 1078281 1518 
416 I 1078302 1518 
417 I 1078322 1518 
418 I 1078343 1518 
419 I 1078366 1518 
420 I 1078388 1518 
421 I 1078409 1518 
422 I 1083227 1518 
423 I 1083250 1518 
424 I 1083272 1518 
425 I 1083293 1478 
426 I 1089323 1518 
427 I 1089344 1518 
428 I 1114499 1518 
429 I 1114520 1518 
430 I 1119301 1518 
431 I 1119322 1518 
432 I 1119346 1518 
433 I 1119367 1518 
434 I 1119387 1518 
435 I 1119429 1518 
436 I 1119450 1518 
437 I 1119473 1518 
438 I 1119493 1518 
439 I 1119514 1518 
440 I 1119536 1518 
441 I 1119556 1518 
442 I 1119578 1478 
443 I 1124292 1518 
444 I 1124314 1518 
445 I 1124336 1518 
446 I 1124358 1518 
447 I 1124379 1518 
448 I 1124399 1518 
449 I 1130084 1518 
450 I 1130107 1518 
451 I 1130127 1518 
452 I 1130148 1518 
453 I 1135841 1518 
454 I 1135848 1518 
455 I 1135887 1518 
456 I 1135895 1518 
457 I 1135952 1518 
458 I 1135955 1518 
459 I 1135963 1478 
460 I 1140644 1518 
461 I 1140667 1518 
462 I 1140689 1518 
463 I 1140711 1518 
464 I 1140734 1518 
465 I 1140758 1518 
466 I 1140779 1518 
467 I 1140799 1518 
468 I 1140819 1518 
469 I 1140842 1518 
470 I 1140863 1518 
471 I 1140885 1518 
472 I 1140907 1518 
473 I 1162238 1518 
474 I 1162259 1518 
475 I 1167114 1518 
476 I 1167136 1478 
477 I 1167158 1518 
478 I 1167181 1518 
479 I 1171916 1518 
480 I 1171954 1518 
481 I 1177637 1518 
482 I 1177657 1518 
483 I 1177681 1518 
484 I 1177702 1518 
485 I 1177721 1518 
486 I 1177742 1518 
487 I 1181463 1518 
488 I 1181483 1518 
489 I 1181509 1518 
490 I 1181531 1518 
491 I 1181552 1518 
492 I 1181572 1518 
493 I 1181597 1478 
494 I 1181616 1518 
495 I 1181639 1518 
496 I 1181662 1518 
497 I 1181682 1518 
498 I 1186407 1518 
499 I 1186429 1518 
500 I 1186453 1518 
501 I 1186475 1518 
502 I 1186496 1518 
503 I 1186516 1518 
504 I 1192795 1518 
505 I 1192817 1518 
506 I 1192835 1518 
507 I 1198358 1518 
508 I 1198380 1518 
509 I 1198400 1518 
510 I 1198424 1478 
511 I 1198446 1518 
512 I 1198467 1518 
513 I 1198488 1518 
514 I 1198511 1518 
515 I 1198533 1518 
516 I 1198553 1518 
517 I 1212716 1518 
518 I 1212737 1518 
519 I 1217470 1518 
520 I 1217490 1518 
521 I 1217539 1518 
522 I 1217561 1518 
523 I 1217581 1518 
524 I 1223740 1518 
525 I 1223749 1518 
526 I 1229500 1518 
527 I 1229503 1478 
528 I 1229532 1518 
529 I 1229553 1518 
530 I 1234994 1518 
531 I 1235018 1518 
532 I 1235042 1518 
533 I 1235063 1518 
534 I 1235085 1518 
535 I 1235106 1518 
536 I 1235130 1518 
537 I 1235152 1518 
538 I 1235174 1518 
539 I 1235197 1518 
540 I 1235218 1518 
541 I 1235240 1518 
542 I 1235260 1518 
543 I 1239150 1518 
544 I 1239158 1478 
545 I 1239172 1518 
546 I 1239195 1518 
547 I 1239215 1518 
548 I 1239234 1518 
549 I 1243886 1518 
550 I 1243907 1518 
551 I 1250267 1518 
552 I 1250287 1518 
553 I 1250308 1518 
554 I 1250330 1518 
555 I 1255765 1518 
556 I 1255787 1518 
557 I 1255808 1518 
558 I 1255831 1518 
559 I 1255853 1518 
560 I 1255890 1518 
561 I 1255896 1478 
562 I 1266481 1518 
563 I 1266538 1518 
564 I 1272633 1518 
565 I 1272640 1518 
566 I 1272644 1518 
567 I 1272649 1518 
568 I 1277461 1518 
569 I 1277482 1518 
570 I 1282170 1518 
571 I 1282189 1518 
572 I 1287087 1518 
573 I 1287109 1518 
574 I 1287131 1518 
575 I 1287153 1518 
576 I 1287175 1518 
577 I 1287212 1518 
578 I 1287217 1478 
579 I 1294823 1518 
580 I 1294845 1518 
581 I 1294869 1518 
582 I 1294890 1518 
583 I 1294912 1518 
584 I 1294933 1518 
585 I 1294954 1518 
586 I 1294976 1518 
587 I 1294997 1518 
588 I 1295018 1518 
589 I 1299206 1518 
590 I 1299229 1518 
591 I 1299253 1518 
592 I 1299274 1518 
593 I 1299295 1518 
594 I 1299332 1518 
595 I 1299337 1478 
596 I 1303776 1518 
597 I 1303797 1518 
598 I 1303821 1518 
599 I 1303843 1518 
600 I 1303863 1518 
601 I 1303884 1518 
602 I 1308670 1518 
603 I 1308716 1518 
604 I 1308725 1518 
605 I 1308732 1518 
606 I 1315867 1518 
607 I 1315889 1518 
608 I 1315911 1518 
609 I 1324978 1518 
610 I 1324999 1518 
611 I 1325018 1518 
612 I 1325038 1478 
613 I 1331739 1518 
614 I 1331751 1518 
615 I 1337530 1518 
616 I 1337552 1518 
617 I 1342294 1518 
618 I 1342316 1518 
619 I 1342337 1518 
620 I 1342360 1518 
621 I 1342381 1518 
622 I 1342402 1518 
623 I 1347165 1518 
624 I 1347188 1518 
625 I 1347211 1518 
626 I 1347233 1518 
627 I 1347253 1518 
628 I 1347297 1518 
629 I 1347305 1478 
630 I 1347319 1518 
631 I 1347345 1518 
632 I 1351849 1518 
633 I 1351871 1518 
634 I 1351893 1518 
635 I 1351914 1518 
636 I 1356648 1518 
637 I 1356669 1518 
638 I 1356694 1518 
639 I 1356714 1518 
640 I 1356734 1518 
641 I 1356757 1518 
642 I 1356782 1518 
643 I 1356801 1518 
644 I 1356821 1518 
645 I 1356843 1518 
646 I 1356863 1478 
647 I 1362237 1518 
648 I 1362258 1518 
649 I 1362279 1518 
650 I 1362300 1518 
651 I 1368738 1518 
652 I 1368763 1518 
653 I 1373874 1518 
654 I 1373895 1518 
655 I 1378338 1518 
656 I 1378359 1518 
657 I 1383073 1518 
658 I 1383096 1518 
659 I 1383102 1518 
660 I 1389507 1518 
661 I 1389533 1518 
662 I 1394999 1518 
663 I 1395021 1478 
664 I 1395046 1518 
665 I 1395089 1518 
666 I 1395094 1518 
667 I 1395110 1518 
668 I 1400012 1518 
669 I 1400034 1518 
670 I 1400056 1518 
671 I 1400079 1518 
672 I 1400101 1518 
673 I 1400122 1518 
674 I 1404659 1518 
675 I 1404679 1518 
676 I 1404703 1518 
677 I 1404724 1518 
678 I 1404745 1518 
679 I 1404783 1518 
680 I 1404787 1478 
681 I 1410153 1518 
682 I 1410175 1518 
683 I 1410199 1518 
684 I 1410222 1518 
685 I 1410242 1518 
686 I 1410262 1518 
687 I 1410286 1518 
688 I 1410308 1518 
689 I 1410330 1518 
690 I 1410353 1518 
691 I 1414528 1518 
692 I 1414549 1518 
693 I 1414570 1518 
694 I 1419946 1518 
695 I 1419968 1518 
696 I 1420007 1518 
697 I 1420012 1478 
698 I 1423993 1518 
699 I 1424014 1518 
700 I 1428779 1518 
701 I 1428799 1518 
702 I 1433451 1518 
703 I 1433473 1518 
704 I 1438157 1518 
705 I 1438177 1518 
706 I 1443423 1518 
707 I 1443444 1518 
708 I 1447831 1518 
709 I 1447851 1518 
710 I 1447875 1518 
711 I 1447896 1518 
712 I 1447917 1518 
713 I 1447937 1518 
714 I 1447958 1478 
715 I 1452532 1518 
716 I 1452552 1518 
717 I 1452574 1518 
718 I 1452596 1518 
719 I 1457514 1518 
720 I 1457535 1518 
721 I 1457559 1518 
722 I 1457580 1518 
723 I 1457599 1518 
724 I 1457619 1518 
725 I 1462176 1518 
726 I 1462198 1518 
727 I 1462224 1518 
728 I 1462245 1518 
729 I 1462267 1518 
730 I 1462312 1518 
731 I 1462317 1478 
732 I 1462329 1518 
733 I 1462349 1518 
734 I 1467035 1518 
735 I 1467057 1518 
736 I 1467078 1518 
737 I 1467099 1518 
738 I 1473431 1518 
739 I 1473454 1518 
740 I 1473477 1518 
741 I 1473498 1518 
742 I 1473519 1518 
743 I 1473540 1518 
744 I 1473560 1518 
745 I 1478975 1518 
746 I 1478995 1518 
747 I 1491068 1518 
748 I 1491090 1478 
749 I 1491113 1518 
750 I 1491133 1518 
751 I 1495763 1518 
752 I 1495784 1518 
753 I 1495808 1518 
754 I 1495827 1518 
755 I 1500676 1518 
756 I 1500698 1518 
757 I 1500722 1518 
758 I 1500739 1518 
759 I 1505551 1518 
760 I 1505573 1518 
761 I 1505595 1518 
762 I 1505617 1518 
763 I 1505638 1518 
764 I 1511920 1518 
765 I 1511943 1478 
766 I 1511968 1518 
767 I 1511989 1518 
768 I 1512010 1518 
769 I 1512034 1518 
770 I 1517523 1518 
771 I 1517546 1518 
772 I 1517569 1518 
773 I 1517589 1518 
774 I 1517610 1518 
775 I 1517633 1518 
776 I 1517654 1518 
777 I 1517677 1518 
778 I 1517698 1518 
779 I 1522224 1518 
780 I 1522245 1518 
781 I 1522267 1518 
782 I 1522297 1478 
783 I 1522309 1518 
784 I 1522327 1518 
785 I 1527279 1518 
786 I 1527298 1518 
787 I 1527321 1518 
788 I 1527342 1518 
789 I 1531923 1518 
790 I 1531942 1518 
791 I 1537856 1518 
792 I 1544772 1518 
793 I 1544780 1518 
794 I 1544784 1518 
795 I 1550122 1518 
796 I 1550143 1518 
797 I 1550164 1518 
798 I 1550184 1518 
799 I 1555974 1478 
800 I 1555995 1518 
801 I 1556017 1518 
802 I 1556038 1518 
803 I 1556060 1518 
804 I 1556081 1518 
805 I 1560709 1518 
806 I 1560730 1518 
807 I 1560754 1518 
808 I 1560774 1518 
809 I 1565866 1518 
810 I 1565889 1518 
811 I 1565912 1518 
812 I 1565934 1518 
813 I 1565955 1518 
814 I 1565975 1518 
815 I 1565996 1518 
816 I 1570327 1478 
817 I 1570350 1518 
818 I 1570372 1518 
819 I 1570394 1518 
820 I 1570435 1518 
821 I 1570449 1518 
822 I 1576302 1518 
823 I 1576326 1518 
824 I 1576346 1518 
825 I 1576369 1518 
826 I 1576389 1518 
827 I 1576411 1518 
828 I 1576432 1518 
829 I 1583690 1518 
830 I 1583712 1518 
831 I 1583734 1518 
832 I 1583776 1518 
833 I 1583780 1478 
834 I 1583796 1518 
835 I 1600071 1518 
836 I 1600093 1518 
837 I 1600114 1518 
838 I 1600134 1518 
839 I 1603818 1518 
840 I 1603837 1518 
841 I 1603859 1518 
842 I 1603881 1518 
843 I 1608616 1518 
844 I 1608638 1518 
845 I 1608662 1518 
846 I 1608683 1518 
847 I 1608703 1518 
848 I 1608724 1518 
849 I 1608745 1518 
850 I 1613350 1478 
851 I 1613372 1518 
852 I 1613395 1518 
853 I 1613417 1518 
854 I 1618322 1518 
855 I 1618345 1518 
856 I 1618367 1518 
857 I 1618389 1518 
858 I 1618411 1518 
859 I 1618431 1518 
860 I 1624303 1518 
861 I 1624325 1518 
862 I 1624348 1518 
863 I 1624369 1518 
864 I 1624390 1518 
865 I 1624412 1518 
866 I 1624433 1518 
867 I 1631846 1478 
868 I 1631867 1518 
869 I 1631889 1518 
870 I 1631909 1518 
871 I 1631932 1518 
872 I 1631951 1518 
873 I 1637376 1518 
874 I 1637398 1518 
875 I 1637421 1518 
876 I 1637443 1518 
877 I 1637465 1518 
878 I 1637485 1518 
879 I 1637507 1518 
880 I 1647173 1518 
881 I 1647189 1518 
882 I 1651764 1518 
883 I 1651785 1518 
884 I 1656541 1478 
885 I 1656566 1518 
886 I 1656586 1518 
887 I 1656608 1518 
888 I 1656629 1518 
889 I 1656649 1518 
890 I 1662410 1518 
891 I 1662432 1518 
892 I 1662454 1518 
893 I 1662522 1518 
894 I 1666252 1518 
895 I 1666270 1518 
896 I 1666294 1518 
897 I 1666315 1518 
898 I 1666341 1518 
899 I 1672688 1518 
900 I 1672708 1518 
901 I 1672731 1478 
902 I 1672754 1518 
903 I 1672774 1518 
904 I 1672795 1518 
905 I 1678228 1518 
906 I 1678249 1518 
907 I 1682948 1518 
908 I 1682969 1518 
909 I 1682993 1518 
910 I 1683012 1518 
911 I 1683034 1518 
912 I 1683054 1518 
913 I 1683077 1518 
914 I 1683099 1518 
915 I 1683121 1518 
916 I 1687890 1518 
917 I 1687910 1518 
918 I 1687936 1478 
919 I 1687957 1518 
920 I 1687977 1518 
921 I 1687999 1518 
922 I 1688020 1518 
923 I 1688041 1518 
924 I 1692590 1518 
925 I 1692601 1518 
926 I 1705940 1518 
927 I 1705961 1518 
928 I 1705984 1518 
929 I 1706005 1518 
930 I 1706026 1518 
931 I 1713516 1518 
932 I 1713539 1518 
933 I 1713560 1518 
934 I 1713581 1518 
935 I 1719181 1478 
936 I 1719204 1518 
937 I 1719227 1518 
938 I 1719247 1518 
939 I 1719268 1518 
940 I 1719289 1518 
941 I 1719312 1518 
942 I 1719333 1518 
943 I 1723776 1518 
944 I 1723797 1518 
945 I 1728905 1518 
946 I 1728909 1518 
947 I 1728916 1518 
948 I 1728972 1518 
949 I 1728979 1518 
950 I 1729010 1518 
951 I 1729023 1518 
952 I 1735814 1478 
953 I 1735837 1518 
954 I 1735862 1518 
955 I 1735903 1518 
956 I 1735912 1518 
957 I 1735924 1518 
958 I 1735944 1518 
959 I 1740724 1518 
960 I 1740747 1518 
961 I 1740769 1518 
962 I 1740790 1518 
963 I 1740794 1518 
964 I 1740829 1518 
965 I 1740853 1518 
966 I 1740875 1518 
967 I 1740896 1518 
968 I 1745548 1518 
969 I 1745568 1478 
970 I 1752792 1518 
971 I 1752813 1518 
972 I 1757514 1518 
973 I 1757519 1112 
