0 I 0 261 
1 I 12291246 1518 
2 I 12291278 1518 
3 I 12291299 1518 
4 I 12373093 1518 
5 I 12373117 1518 
6 I 12373122 872 
7 I 16499281 262 
8 I 18314573 1518 
9 I 18314597 1518 
10 I 18314615 1518 
11 I 18396379 1518 
12 I 18396408 1518 
13 I 18396412 1222 
14 I 18396441 1518 
15 I 18478218 1518 
16 I 18478240 1518 
17 I 18478264 1518 
18 I 18478288 1518 
19 I 18478293 958 
20 I 18560232 1518 
21 I 18560240 1518 
22 I 18560254 1518 
23 I 18560278 1518 
24 I 18560311 1518 
25 I 18560316 958 
26 I 18642093 1518 
27 I 18642117 1518 
28 I 18642141 1518 
29 I 18642164 1518 
30 I 18642190 1518 
31 I 18642194 958 
32 I 18642228 1518 
33 I 18642250 1518 
34 I 18642272 1518 
35 I 18724130 1518 
36 I 18724155 1518 
37 I 18724160 958 
38 I 18724201 1518 
39 I 18724224 1518 
40 I 18724248 1518 
41 I 18724270 1518 
42 I 18724294 1518 
43 I 18724298 958 
44 I 18724335 1518 
45 I 18724356 1518 
46 I 18724380 1518 
47 I 18724402 1518 
48 I 18805906 1518 
49 I 18805911 958 
50 I 18805946 1518 
51 I 18805969 1518 
52 I 18806016 1518 
53 I 18806028 1518 
54 I 18806040 1518 
55 I 18806044 958 
56 I 18806078 1518 
57 I 18806098 1518 
58 I 18806121 1518 
59 I 18806141 1518 
60 I 18806227 1518 
61 I 18806344 958 
62 I 18806583 1518 
63 I 18806607 1518 
64 I 18806630 1518 
65 I 18806654 1518 
66 I 18806674 1518 
67 I 18887751 958 
68 I 18887785 1518 
69 I 18887807 1518 
70 I 18887831 1518 
71 I 18887853 1518 
72 I 18887878 1518 
73 I 18887882 958 
74 I 18887918 1518 
75 I 18887940 1518 
76 I 18887962 1518 
77 I 18887987 1518 
78 I 18888012 1518 
79 I 18888016 958 
80 I 18888049 1518 
81 I 18888071 1518 
82 I 18888093 1518 
83 I 18888115 1518 
84 I 18888139 1518 
85 I 18888144 958 
86 I 18888361 1518 
87 I 18888382 1518 
88 I 18888450 1518 
89 I 18888475 1518 
90 I 18888501 1518 
91 I 18888505 958 
92 I 18888535 1518 
93 I 18969688 1518 
94 I 18969712 1518 
95 I 18969736 1518 
96 I 18969761 1518 
97 I 18969765 958 
98 I 18969797 1518 
99 I 18969824 1518 
100 I 18969846 1518 
101 I 18969891 1518 
102 I 18969900 1518 
103 I 18969904 958 
104 I 18969933 1518 
105 I 18969957 1518 
106 I 18969983 1518 
107 I 18970004 1518 
108 I 18970027 1518 
109 I 18970032 958 
110 I 18970067 1518 
111 I 18970089 1518 
112 I 18970112 1518 
113 I 18970136 1518 
114 I 18970163 1518 
115 I 18970167 958 
116 I 18970290 1518 
117 I 18970348 1518 
118 I 18970534 1518 
119 I 18970562 1518 
120 I 18970582 1518 
121 I 18970587 958 
122 I 18970787 1518 
123 I 18970810 1518 
124 I 18970834 1518 
125 I 18970856 1518 
126 I 18970884 1518 
127 I 18970888 958 
128 I 18970992 1518 
129 I 19051426 1518 
130 I 19051430 616 
131 I 19787535 1518 
132 I 19787555 1518 
133 I 19787732 1518 
134 I 19869541 1518 
135 I 19869570 1518 
136 I 19869574 1222 
137 I 19951574 1518 
138 I 19951598 1518 
139 I 19951619 1518 
140 I 19951640 1518 
141 I 20033407 1518 
142 I 20033411 958 
143 I 20033444 1518 
144 I 20033468 1518 
145 I 20033490 1518 
146 I 20033513 1518 
147 I 20033533 1518 
148 I 20115188 958 
149 I 20115241 1518 
150 I 20115269 1518 
151 I 20115295 1518 
152 I 20115317 1518 
153 I 20115343 1518 
154 I 20115348 958 
155 I 20115430 1518 
156 I 20115451 1518 
157 I 20197064 1518 
158 I 20197089 1518 
159 I 20197114 1518 
160 I 20197118 958 
161 I 20197155 1518 
162 I 20197179 1518 
163 I 20197202 1518 
164 I 20197223 1518 
165 I 20197248 1518 
166 I 20197252 958 
167 I 20197285 1518 
168 I 20197307 1518 
169 I 20197327 1518 
170 I 20278886 1518 
171 I 20278911 1518 
172 I 20278915 958 
173 I 20278950 1518 
174 I 20279095 1518 
175 I 20279120 1518 
176 I 20279147 1518 
177 I 20279166 1518 
178 I 20279170 958 
179 I 20279204 1518 
180 I 20279225 1518 
181 I 20279269 1518 
182 I 20279289 1518 
183 I 20279376 1518 
184 I 20279381 958 
185 I 20279628 1518 
186 I 20279651 1518 
187 I 20279671 1518 
188 I 20360619 1518 
189 I 20360645 1518 
190 I 20360649 958 
191 I 20360694 1518 
192 I 20360718 1518 
193 I 20360739 1518 
194 I 20360913 1518 
195 I 20360938 1518 
196 I 20360943 958 
197 I 20360990 1518 
198 I 20361013 1518 
199 I 20361037 1518 
200 I 20361062 1518 
201 I 20361087 1518 
202 I 20361092 958 
203 I 20361122 1518 
204 I 20361143 1518 
205 I 20361165 1518 
206 I 20361190 1518 
207 I 20361215 1518 
208 I 20361220 958 
209 I 20361244 1518 
210 I 20361378 1518 
211 I 20361402 1518 
212 I 20361423 1518 
213 I 20442432 1518 
214 I 20442436 958 
215 I 20442468 1518 
216 I 20442491 1518 
217 I 20442517 1518 
218 I 20442540 1518 
219 I 20442566 1518 
220 I 20442570 958 
221 I 20442600 1518 
222 I 20442622 1518 
223 I 20442706 1518 
224 I 20442731 1518 
225 I 20442755 1518 
226 I 20442760 958 
227 I 20442794 1518 
228 I 20442819 1518 
229 I 20442841 1518 
230 I 20442863 1518 
231 I 20442876 1518 
232 I 20442880 958 
233 I 20442922 1518 
234 I 20442945 1518 
235 I 20442967 1518 
236 I 20442988 1518 
237 I 20443108 1518 
238 I 20443113 958 
239 I 20443323 1518 
240 I 20443347 1518 
241 I 20443369 1518 
242 I 20443393 1518 
243 I 20443417 1518 
244 I 20443422 958 
245 I 20443492 1518 
246 I 20443515 1518 
247 I 20443535 1518 
248 I 20524355 1518 
249 I 20524380 1518 
250 I 20524384 958 
251 I 20524421 1518 
252 I 20524442 1518 
253 I 20524556 1518 
254 I 20524622 1518 
255 I 20524647 1518 
256 I 20524651 958 
257 I 20524686 1518 
258 I 20524708 1518 
259 I 20524734 1518 
260 I 20524756 1518 
261 I 20524781 1518 
262 I 20524786 958 
263 I 20524822 1518 
264 I 20524845 1518 
265 I 20524870 1518 
266 I 20524895 1518 
267 I 20524920 1518 
268 I 20524924 958 
269 I 20524955 1518 
270 I 20525010 1518 
271 I 20525033 1518 
272 I 20525054 1518 
273 I 20525079 1518 
274 I 20525087 958 
275 I 20525119 1518 
276 I 20525139 1518 
277 I 20525166 1518 
278 I 20525190 1518 
279 I 20525215 1518 
280 I 20525220 958 
281 I 20525250 1518 
282 I 20525274 1518 
283 I 20525295 1518 
284 I 20525321 1518 
285 I 20525346 1518 
286 I 20525350 958 
287 I 20525380 1518 
288 I 20525401 1518 
289 I 20525427 1518 
290 I 20525448 1518 
291 I 20525473 1518 
292 I 20525477 958 
293 I 20525507 1518 
294 I 20525527 1518 
295 I 20606205 1518 
296 I 20606226 1518 
297 I 20606258 1348 
298 I 21237018 1518 
299 I 21237044 1518 
300 I 21237065 1518 
301 I 21318731 1518 
302 I 21318760 1518 
303 I 21318764 1222 
304 I 21318793 1518 
305 I 21400533 1518 
306 I 21400556 1518 
307 I 21400577 1518 
308 I 21400597 1518 
309 I 21482192 958 
310 I 21482242 1518 
311 I 21482263 1518 
312 I 21482324 1518 
313 I 21482349 1518 
314 I 21482373 1518 
315 I 21482378 958 
316 I 21564035 1518 
317 I 21564059 1518 
318 I 21564081 1518 
319 I 21564106 1518 
320 I 21564131 1518 
321 I 21564136 958 
322 I 21564166 1518 
323 I 21564189 1518 
324 I 21564209 1518 
325 I 21645903 1518 
326 I 21645928 1518 
327 I 21645933 958 
328 I 21645967 1518 
329 I 21645988 1518 
330 I 21646011 1518 
331 I 21646035 1518 
332 I 21646059 1518 
333 I 21646064 958 
334 I 21646095 1518 
335 I 21646116 1518 
336 I 21646137 1518 
337 I 21727753 1518 
338 I 21727778 1518 
339 I 21727783 958 
340 I 21727817 1518 
341 I 21727841 1518 
342 I 21727865 1518 
343 I 21727887 1518 
344 I 21727911 1518 
345 I 21727916 958 
346 I 21727947 1518 
347 I 21727968 1518 
348 I 21727990 1518 
349 I 21728011 1518 
350 I 21728104 1518 
351 I 21728108 958 
352 I 21728196 186 
353 I 22310929 1518 
354 I 22310951 1518 
355 I 22310983 1518 
356 I 22392670 1518 
357 I 22392699 1518 
358 I 22392704 1222 
359 I 22405454 1518 
360 I 22405475 1518 
361 I 22474527 1518 
362 I 22474552 1518 
363 I 22474576 1518 
364 I 22474581 958 
365 I 22487436 1518 
366 I 22487459 1518 
367 I 22487480 1518 
368 I 22556451 1518 
369 I 22556472 1518 
370 I 22556588 958 
371 I 22556636 1518 
372 I 22556676 1518 
373 I 22556696 1518 
374 I 22569215 1518 
375 I 22569239 1518 
376 I 22569244 958 
377 I 22638160 1518 
378 I 22638184 1518 
379 I 22638207 1518 
380 I 22638227 1518 
381 I 22638270 1518 
382 I 22638275 958 
383 I 22638382 1518 
384 I 22638406 1518 
385 I 22638428 1518 
386 I 22638449 1518 
387 I 22650896 1518 
388 I 22650901 958 
389 I 22650936 1518 
390 I 22650959 1518 
391 I 22650980 1518 
392 I 22720027 1518 
393 I 22720052 1518 
394 I 22720056 958 
395 I 22720090 1518 
396 I 22720111 1518 
397 I 22720135 1518 
398 I 22720158 1518 
399 I 22720183 1518 
400 I 22720188 958 
401 I 22720248 1518 
402 I 22720272 1518 
403 I 22720296 1518 
404 I 22720316 1518 
405 I 22720389 1518 
406 I 22732470 958 
407 I 22732520 1518 
408 I 22732544 1518 
409 I 22732581 1518 
410 I 22732603 1518 
411 I 22732627 1518 
412 I 22732631 958 
413 I 22801947 1518 
414 I 22801970 1518 
415 I 22801995 1518 
416 I 22802017 1518 
417 I 22802042 1518 
418 I 22802047 958 
419 I 22802090 1518 
420 I 22802112 1518 
421 I 22802134 1518 
422 I 22802157 1518 
423 I 22802182 1518 
424 I 22802186 958 
425 I 22802219 1518 
426 I 22802241 1518 
427 I 22802267 1518 
428 I 22802284 1518 
429 I 22814061 1518 
430 I 22814066 958 
431 I 22814191 1518 
432 I 22814215 1518 
433 I 22814239 1518 
434 I 22814262 1518 
435 I 22814280 1518 
436 I 22814338 958 
437 I 22814390 1518 
438 I 22814410 1518 
439 I 22814430 1518 
440 I 22883733 1518 
441 I 22883759 1518 
442 I 22883764 958 
443 I 22883796 1518 
444 I 22883866 1518 
445 I 22883914 1518 
446 I 22883937 1518 
447 I 22883961 1518 
448 I 22883965 958 
449 I 22883999 1518 
450 I 22884021 1518 
451 I 22884044 1518 
452 I 22884067 1518 
453 I 22884092 1518 
454 I 22884096 958 
455 I 22884220 1518 
456 I 22884284 1518 
457 I 22884329 1518 
458 I 22884351 1518 
459 I 22884376 1518 
460 I 22884380 958 
461 I 22884602 1518 
462 I 22884738 1518 
463 I 22895812 1518 
464 I 22895817 308 
465 I 23183228 262 
466 I 23629517 1518 
467 I 23629539 1518 
468 I 23629572 1518 
469 I 23711419 1518 
470 I 23711450 1518 
471 I 23711455 1222 
472 I 23711484 1518 
473 I 23793151 1518 
474 I 23793176 1518 
475 I 23793197 1518 
476 I 23793218 1518 
477 I 23874905 958 
478 I 23874949 1322 
479 I 24671590 1518 
480 I 24671610 1518 
481 I 24671652 1518 
482 I 24753563 1518 
483 I 24753591 1518 
484 I 24753596 1222 
485 I 24753626 1518 
486 I 24835455 1518 
487 I 24835480 1518 
488 I 24835502 1518 
489 I 24835527 1518 
490 I 24835531 958 
491 I 24917296 1518 
492 I 24917304 1518 
493 I 24917316 1518 
494 I 24917344 1518 
495 I 24917398 1518 
496 I 24917402 958 
497 I 24917406 1518 
498 I 24999012 1518 
499 I 24999025 1518 
500 I 24999043 1518 
501 I 24999166 1518 
502 I 24999171 958 
503 I 24999191 1518 
504 I 24999212 1518 
505 I 24999232 1518 
506 I 25080769 1518 
507 I 25080793 1518 
508 I 25080797 958 
509 I 25080834 1518 
510 I 25080858 1518 
511 I 25080883 1518 
512 I 25080905 1518 
513 I 25080944 1518 
514 I 25080949 958 
515 I 25080968 1518 
516 I 25080990 1518 
517 I 25081012 1518 
518 I 25081033 1518 
519 I 25162636 1518 
520 I 25162644 958 
521 I 25162661 1518 
522 I 25162682 1518 
523 I 25162704 1518 
524 I 25162756 1518 
525 I 25162764 1518 
526 I 25162768 958 
527 I 25162794 1518 
528 I 25162815 1518 
529 I 25162882 1518 
530 I 25162984 1518 
531 I 25163119 1518 
532 I 25163128 958 
533 I 25938111 1518 
534 I 25938133 1518 
535 I 25938155 1518 
536 I 25938189 1518 
537 I 25938214 1518 
538 I 25938219 958 
539 I 25938252 1518 
540 I 25938272 1518 
541 I 25938409 1518 
542 I 25938436 1518 
543 I 25938461 1518 
544 I 25938465 958 
545 I 25938496 1518 
546 I 25938516 1518 
547 I 25938540 1518 
548 I 25938562 1518 
549 I 25938586 1518 
550 I 25938591 958 
551 I 25938622 1518 
552 I 25938649 1518 
553 I 25938667 1518 
554 I 25938690 1518 
555 I 25938722 1518 
556 I 25938726 958 
557 I 26019938 1518 
558 I 26019961 1518 
559 I 26019983 1518 
560 I 26020007 1518 
561 I 26020046 1518 
562 I 26020051 958 
563 I 26020069 1518 
564 I 26020073 566 
565 I 26307034 1518 
566 I 26307061 1518 
567 I 26307081 1518 
568 I 26388854 1518 
569 I 26388882 1518 
570 I 26388886 1222 
571 I 26388915 1518 
572 I 26470640 1518 
573 I 26470662 1518 
574 I 26470685 1518 
575 I 26470709 1518 
576 I 26470714 958 
577 I 26552453 1518 
578 I 26552574 1518 
579 I 26552595 1518 
580 I 26552634 1518 
581 I 26552659 1518 
582 I 26552664 958 
583 I 26552695 1518 
584 I 26634313 1518 
585 I 26634337 1518 
586 I 26634358 1518 
587 I 26634377 1518 
588 I 26634435 958 
589 I 26634490 1518 
590 I 26634511 1518 
591 I 26634531 1518 
592 I 26716213 1518 
593 I 26716237 1518 
594 I 26716242 958 
595 I 26716303 1518 
596 I 26716326 1518 
597 I 26716350 1518 
598 I 26716371 1518 
599 I 26716396 1518 
600 I 26716401 958 
601 I 26716434 1518 
602 I 26716456 1518 
603 I 26716479 1518 
604 I 26716500 1518 
605 I 26798150 1518 
606 I 26798154 958 
607 I 26798190 1518 
608 I 26798215 1518 
609 I 26798240 1518 
610 I 26798262 1518 
611 I 26798288 1518 
612 I 26798292 958 
613 I 26798327 1518 
614 I 26798348 1518 
615 I 26798368 1518 
616 I 26798410 1518 
617 I 26798532 1518 
618 I 26798536 958 
619 I 26798759 1518 
620 I 26798783 1518 
621 I 26798808 1518 
622 I 26798830 1518 
623 I 26798851 1518 
624 I 26879852 958 
625 I 26879910 1518 
626 I 26879973 1518 
627 I 26879976 1518 
628 I 26879988 1518 
629 I 26880019 1518 
630 I 26880023 958 
631 I 26880060 1518 
632 I 26880074 1518 
633 I 26880097 1518 
634 I 26880120 1518 
635 I 26880145 1518 
636 I 26880150 958 
637 I 26880188 1518 
638 I 26880212 1518 
639 I 26880235 1518 
640 I 26880257 1518 
641 I 26880277 1518 
642 I 26880363 958 
643 I 26880415 1518 
644 I 26880436 1518 
645 I 26880524 1518 
646 I 26880548 1518 
647 I 26880573 1518 
648 I 26880578 958 
649 I 26961639 1518 
650 I 26961662 1518 
651 I 26961685 1518 
652 I 26961709 1518 
653 I 26961734 1518 
654 I 26961739 958 
655 I 26961773 1518 
656 I 26961796 1518 
657 I 26961836 1518 
658 I 26961849 1518 
659 I 26961881 1518 
660 I 26961889 958 
661 I 26962082 1518 
662 I 26962105 1518 
663 I 26962126 1518 
664 I 26962274 1518 
665 I 26962299 1518 
666 I 26962304 958 
667 I 26962342 1518 
668 I 26962366 1518 
669 I 26962390 1518 
670 I 26962427 1518 
671 I 26962432 1460 
672 I 27587507 1518 
673 I 27587656 1518 
674 I 27587691 1518 
675 I 27669593 1518 
676 I 27669618 1518 
677 I 27669622 875 
678 I 33248740 1518 
679 I 33248762 1518 
680 I 33248788 1518 
681 I 33330518 1518 
682 I 33330547 1518 
683 I 33330552 1222 
684 I 33412646 1518 
685 I 33412670 1518 
686 I 33412692 1518 
687 I 33412719 1518 
688 I 33412744 1518 
689 I 33412749 958 
690 I 33494496 1518 
691 I 33494518 1407 
