0 I 0 1518 
1 I 21 1518 
2 I 57 1518 
3 I 82011 1518 
4 I 82053 1518 
5 I 82058 1222 
6 I 164087 1518 
7 I 164109 1518 
8 I 164134 1518 
9 I 164155 1518 
10 I 164177 1518 
11 I 164291 958 
12 I 245969 1518 
13 I 245992 1518 
14 I 246016 1518 
15 I 246037 1518 
16 I 246063 1518 
17 I 246067 958 
18 I 246102 1518 
19 I 246141 1518 
20 I 246145 1518 
21 I 327816 1518 
22 I 327842 1518 
23 I 327846 958 
24 I 327878 1518 
25 I 327954 1518 
26 I 327978 1518 
27 I 327999 1518 
28 I 328024 1518 
29 I 328029 958 
30 I 328064 1518 
31 I 328085 1518 
32 I 328124 1518 
33 I 409665 1518 
34 I 409689 1518 
35 I 409693 958 
36 I 409726 1518 
37 I 409749 1518 
38 I 409773 1518 
39 I 409797 1518 
40 I 409821 1518 
41 I 409825 958 
42 I 409854 1518 
43 I 409874 1518 
44 I 409932 1518 
45 I 409955 1518 
46 I 409976 1518 
47 I 491638 958 
48 I 491688 1518 
49 I 491713 1518 
50 I 491735 1518 
51 I 491873 1518 
52 I 491985 1518 
53 I 491989 958 
54 I 492238 1518 
55 I 492261 1518 
56 I 492287 1518 
57 I 492311 1518 
58 I 492335 1518 
59 I 492340 958 
60 I 492412 1518 
61 I 492433 1518 
62 I 492458 1518 
63 I 492480 1518 
64 I 492505 1518 
65 I 492508 958 
66 I 492580 1518 
67 I 492600 1518 
68 I 573452 1518 
69 I 573477 1518 
70 I 573502 1518 
71 I 573507 958 
72 I 573725 1518 
73 I 573748 1518 
74 I 573773 1518 
75 I 573797 1518 
76 I 573835 1518 
77 I 573840 958 
78 I 574016 1518 
79 I 574038 1518 
80 I 574061 1518 
81 I 574083 1518 
82 I 574160 1518 
83 I 574164 958 
84 I 574206 1518 
85 I 574231 1518 
86 I 574254 1518 
87 I 574275 1518 
88 I 574300 1518 
89 I 574303 958 
90 I 574338 1518 
91 I 574359 1518 
92 I 574381 1518 
93 I 574406 1518 
94 I 574431 1518 
95 I 574435 958 
96 I 574461 1518 
97 I 655256 1518 
98 I 655280 1518 
99 I 655304 1518 
100 I 655325 1518 
101 I 655330 958 
102 I 655364 1518 
103 I 655385 1518 
104 I 655405 1518 
105 I 655698 1518 
106 I 655724 1518 
107 I 655741 958 
108 I 655759 1518 
109 I 655783 1518 
110 I 655805 1518 
111 I 655825 1518 
112 I 655933 1518 
113 I 655937 958 
114 I 655969 1518 
115 I 656010 1518 
116 I 656099 1518 
117 I 656119 1518 
118 I 656182 1518 
119 I 656185 958 
120 I 656377 1518 
121 I 656400 1518 
122 I 656441 1518 
123 I 656445 1049 
