0 I 0 322 
1 I 111 1518 
2 I 140 1518 
3 I 145 1222 
4 I 166249 1518 
5 I 166284 809 
6 I 166357 1518 
7 I 166361 945 
8 I 166414 1518 
9 I 166467 1458 
10 I 332157 935 
11 I 332199 1216 
12 I 1826691 344 
13 I 1826823 1518 
14 I 1826847 1518 
15 I 1826871 1518 
16 I 1826891 1518 
17 I 1826895 147 
18 I 1995624 359 
19 I 1995757 1518 
20 I 1995762 913 
21 I 1998268 341 
22 I 1998325 605 
23 I 2026371 359 
24 I 2026509 1518 
25 I 2026521 1475 
26 I 2170399 345 
27 I 2170544 1518 
28 I 2170569 1518 
29 I 2170591 1518 
30 I 2170612 1518 
31 I 2172523 343 
32 I 2172639 1518 
33 I 2172644 474 
34 I 2336232 1518 
35 I 2336446 950 
36 I 2336505 1518 
37 I 2336510 496 
38 I 2516261 342 
39 I 2516317 349 
40 I 2688202 342 
41 I 2688251 346 
42 I 2861212 342 
43 I 2861266 347 
44 I 3033855 342 
45 I 3033907 347 
46 I 3206365 342 
47 I 3206513 1518 
48 I 3206688 1518 
49 I 3206694 901 
50 I 3397525 530 
51 I 3464317 345 
52 I 3464441 1434 
53 I 3465998 384 
54 I 3470348 347 
55 I 3470487 1518 
56 I 3470511 1518 
57 I 3470534 1518 
58 I 3470556 1518 
59 I 3470577 1518 
60 I 3568055 347 
61 I 3568187 1518 
62 I 3568210 1518 
63 I 3568234 1518 
64 I 3568257 1518 
65 I 3568277 1518 
66 I 3636037 343 
67 I 3636088 363 
68 I 3637894 343 
69 I 3637952 380 
70 I 3638170 950 
71 I 3638220 1518 
72 I 3638253 1518 
73 I 3638419 1518 
74 I 3638511 1518 
75 I 3638711 1518 
76 I 3651610 347 
77 I 3651769 1518 
78 I 3651790 1518 
79 I 3659476 346 
80 I 3659605 1518 
81 I 3659627 1518 
82 I 3734172 950 
83 I 3734229 1518 
84 I 3734250 1518 
85 I 3734341 1518 
86 I 3734615 1518 
87 I 3734645 1518 
88 I 3806138 1090 
89 I 3807077 343 
90 I 3807170 458 
91 I 3810281 343 
92 I 3810364 819 
93 I 3817496 1518 
94 I 3817518 1518 
95 I 3817620 1518 
96 I 3817631 950 
97 I 3817710 1518 
98 I 3817722 1518 
99 I 3826568 1518 
100 I 3826722 1518 
101 I 3827306 1518 
102 I 3827408 1442 
103 I 3899434 1192 
104 I 3979192 346 
105 I 3979413 1518 
106 I 3979436 1518 
107 I 3979460 1518 
108 I 3979482 1518 
109 I 3979503 1518 
110 I 3980759 388 
111 I 3984035 1518 
112 I 3984068 1518 
113 I 3984120 1518 
114 I 3984125 429 
115 I 3984482 343 
116 I 3984533 337 
117 I 4145747 950 
118 I 4145798 1518 
119 I 4145821 1518 
120 I 4145842 1518 
121 I 4145955 1518 
122 I 4145978 1518 
123 I 4311223 950 
124 I 4311271 1518 
125 I 4311301 1518 
126 I 4311329 600 
127 I 4765896 559 
128 I 61268338 1518 
129 I 61268343 810 
130 I 61268575 1518 
131 I 61268580 708 
132 I 61268785 666 
133 I 61268838 849 
134 I 61434930 1513 
135 I 61434991 1407 
136 I 61435039 1384 
137 I 61435088 1396 
138 I 61435373 1401 
139 I 61600533 1396 
140 I 61600583 1436 
141 I 61600656 1425 
142 I 61600751 1450 
143 I 61600861 1459 
144 I 61768117 1455 
145 I 61768180 1451 
146 I 61768241 1446 
147 I 61768296 1443 
148 I 61768351 1460 
149 I 61933815 1435 
150 I 61933947 1435 
151 I 61934040 1430 
152 I 61934182 1359 
153 I 61934356 1455 
154 I 62099802 1435 
155 I 62099964 1452 
156 I 62100005 1297 
157 I 62100046 1428 
158 I 62100182 1480 
159 I 62266354 1348 
160 I 62266388 1518 
161 I 62266393 469 
162 I 62442169 344 
163 I 62442335 1518 
164 I 62442361 1518 
165 I 62442383 1518 
166 I 62442408 1518 
167 I 62442429 1518 
168 I 62608267 950 
169 I 62608332 1518 
170 I 62608356 1518 
171 I 62608383 1518 
172 I 62608405 1518 
173 I 62608573 1518 
174 I 62610857 342 
175 I 62610953 740 
176 I 62614181 344 
177 I 62614477 1518 
178 I 62614481 1056 
179 I 62618323 344 
180 I 62618440 1388 
181 I 62618888 344 
182 I 62619026 1518 
183 I 62619031 236 
184 I 62773608 950 
185 I 62773655 1518 
186 I 62773858 1518 
187 I 62773958 1518 
188 I 62774093 1518 
189 I 62774242 1518 
190 I 62895829 514 
191 I 62939060 950 
192 I 62939115 1518 
193 I 62939300 1518 
194 I 62939620 1518 
195 I 62939742 1518 
196 I 62940010 1518 
197 I 63104712 950 
198 I 63104771 1518 
199 I 63104936 1518 
200 I 63105004 1518 
201 I 63105362 1518 
202 I 63105427 1518 
203 I 63270289 950 
204 I 63270342 1518 
205 I 63270720 969 
206 I 63714321 391 
207 I 63718269 386 
208 I 63718933 344 
209 I 63719037 1168 
210 I 63911506 329 
211 I 63911567 698 
212 I 63911707 1518 
213 I 63911711 802 
214 I 63912585 1518 
215 I 63912590 1211 
216 I 63912667 810 
217 I 63912679 652 
218 I 63912692 103 
219 I 63912821 1005 
220 I 64077514 270 
