0 I 0 1518 
1 I 21 1518 
2 I 59 1518 
3 I 81766 1518 
4 I 81794 1518 
5 I 81799 1222 
6 I 164254 1518 
7 I 164278 1518 
8 I 164299 1518 
9 I 164320 1518 
10 I 164402 1518 
11 I 246805 958 
12 I 246864 1518 
13 I 246886 1518 
14 I 246907 1518 
15 I 246928 1518 
16 I 329588 1518 
17 I 329592 958 
18 I 329637 1518 
19 I 329659 1518 
20 I 329681 1518 
21 I 329704 1518 
22 I 329723 1518 
23 I 411281 958 
24 I 411432 1518 
25 I 411453 1518 
26 I 411493 1518 
27 I 411516 1518 
28 I 411542 1518 
29 I 411546 958 
30 I 411578 1518 
31 I 411604 1518 
32 I 411625 1518 
33 I 411646 1518 
34 I 493207 1518 
35 I 493211 958 
36 I 493276 1518 
37 I 493288 1518 
38 I 493324 1518 
39 I 493346 1518 
40 I 493351 1518 
41 I 493359 958 
42 I 493407 1518 
43 I 493429 1518 
44 I 493452 1518 
45 I 493541 1518 
46 I 493565 1518 
47 I 493570 958 
48 I 493604 1518 
49 I 493627 1518 
50 I 493651 1518 
51 I 493671 1518 
52 I 575004 1518 
53 I 575009 958 
54 I 575046 1518 
55 I 575068 1518 
56 I 575088 1518 
57 I 575112 1518 
58 I 575137 1518 
59 I 575141 958 
60 I 575174 1518 
61 I 575195 1518 
62 I 575215 1518 
63 I 575268 1518 
64 I 575292 1518 
65 I 575297 958 
66 I 575330 1518 
67 I 575352 1518 
68 I 575374 1518 
69 I 575396 1518 
70 I 575422 1518 
71 I 575426 958 
72 I 575458 1518 
73 I 575483 1518 
74 I 575505 1518 
75 I 575527 1518 
76 I 575547 1518 
77 I 659398 958 
78 I 659451 1518 
79 I 659475 1518 
80 I 659496 1518 
81 I 659518 1518 
82 I 659595 1518 
83 I 659599 958 
84 I 659634 1518 
85 I 659657 1518 
86 I 659681 1518 
87 I 659703 1518 
88 I 659729 1518 
89 I 659733 958 
90 I 659790 1518 
91 I 659801 1518 
92 I 659854 1518 
93 I 659861 1518 
94 I 659909 1518 
95 I 659913 958 
96 I 659972 1518 
97 I 660021 1518 
98 I 660028 1518 
99 I 660037 1518 
100 I 660092 1518 
101 I 660133 958 
102 I 660203 1518 
103 I 660207 1518 
104 I 754632 1518 
105 I 754658 1518 
106 I 754683 1518 
107 I 754688 958 
108 I 754718 1518 
109 I 754752 1518 
110 I 754756 1293 
111 I 91065884 1518 
112 I 91065912 1518 
113 I 91065933 1518 
114 I 91148725 1518 
115 I 91148753 1518 
116 I 91148758 1222 
117 I 91148788 1518 
118 I 91230915 1518 
119 I 91230938 1518 
120 I 91230961 1518 
121 I 91230987 1518 
122 I 91230992 958 
123 I 91314516 1518 
124 I 91314541 1518 
125 I 91314562 1518 
126 I 91314587 1518 
127 I 91314613 1518 
128 I 91314617 958 
129 I 91396557 1518 
130 I 91396581 1518 
131 I 91396603 1518 
132 I 91396628 1518 
133 I 91396653 1518 
134 I 91396658 958 
135 I 91396688 1518 
136 I 91396708 1518 
137 I 91478548 1518 
138 I 91478553 1373 
