0 I 0 1518 
1 I 5658529 1518 
2 I 5658550 1518 
3 I 12762119 1518 
4 I 12762136 1518 
5 I 12977080 1518 
6 I 12977101 1518 
7 I 16922069 1518 
8 I 16922089 1518 
9 I 17257387 1518 
10 I 17257407 1518 
11 I 17466906 1518 
12 I 17795152 1518 
13 I 21399915 1518 
14 I 21626705 1518 
15 I 21955194 1518 
16 I 22171964 1518 
17 I 22496935 110 
18 I 23040011 1518 
19 I 26437045 1518 
20 I 26660693 1518 
21 I 27201909 1518 
22 I 27530040 1518 
23 I 28077131 1518 
24 I 28077152 1518 
25 I 31681946 1518 
26 I 32012032 1518 
27 I 32336917 1518 
28 I 32889968 1518 
29 I 33107337 1518 
30 I 33434827 1518 
31 I 37041961 1518 
32 I 37371600 1518 
33 I 37921896 1518 
34 I 38251900 1274 
35 I 38466756 1518 
36 I 38796631 1518 
37 I 42401974 1518 
38 I 42956753 1518 
39 I 43281690 1518 
40 I 43713976 1518 
41 I 43713997 1518 
42 I 44266864 1518 
43 I 48317036 1518 
44 I 48641640 1518 
45 I 48856821 1518 
46 I 49513821 1518 
47 I 49731545 1518 
48 I 50502100 1518 
49 I 54986771 1518 
50 I 55201998 1518 
51 I 55416667 1274 
52 I 55971773 1518 
53 I 56296824 1518 
54 I 56516712 1518 
55 I 59906868 1518 
56 I 62052851 1518 
57 I 63075074 1518 
58 I 63075095 1518 
59 I 63399901 1518 
60 I 63638835 1518 
61 I 67018068 1518 
62 I 67236279 1518 
63 I 68110707 1518 
64 I 68436399 1518 
65 I 68665557 1518 
66 I 68984923 1518 
67 I 72707593 1518 
68 I 73253949 1274 
69 I 73794823 1518 
70 I 74120043 1518 
71 I 74345002 1518 
72 I 74999898 1518 
73 I 78169815 1518 
74 I 78824830 1518 
75 I 78824851 1518 
76 I 79155000 1518 
77 I 79479873 1518 
78 I 80249758 1518 
