0 I 0 1518 
1 I 24 1518 
2 I 36 1518 
3 I 240117 1518 
4 I 240139 1518 
5 I 240165 1518 
6 I 240202 1518 
7 I 240350 1518 
8 I 240371 1518 
9 I 469595 1518 
10 I 469616 1518 
11 I 469793 1518 
12 I 469798 1518 
13 I 469849 1518 
14 I 469868 1518 
15 I 469998 1518 
16 I 470086 1518 
17 I 470091 355 
18 I 470127 1518 
19 I 470149 1518 
20 I 470169 1518 
21 I 697125 1518 
22 I 697145 1518 
23 I 697271 1518 
24 I 697293 1518 
25 I 697315 1518 
26 I 697337 1518 
27 I 697360 1518 
28 I 697380 1518 
29 I 697430 1518 
30 I 697451 1518 
31 I 697500 1518 
32 I 697526 1518 
33 I 697546 1518 
34 I 697551 1478 
35 I 697592 1518 
36 I 697613 1518 
37 I 697636 1518 
38 I 697657 1518 
39 I 697680 1518 
40 I 697701 1518 
41 I 697778 1518 
42 I 697798 1518 
43 I 738853 1518 
44 I 738873 1518 
45 I 923121 1518 
46 I 923141 1518 
47 I 923551 1518 
48 I 923572 1518 
49 I 923598 1518 
50 I 923643 1518 
51 I 923652 1478 
52 I 923689 1518 
53 I 923694 1518 
54 I 923712 1518 
55 I 923751 1518 
56 I 923756 1518 
57 I 923775 1518 
58 I 923800 1518 
59 I 923822 1518 
60 I 923844 1518 
61 I 923870 1518 
62 I 923893 1518 
63 I 923915 1518 
64 I 923936 1518 
65 I 923962 1518 
66 I 923983 1518 
67 I 924004 1518 
68 I 924028 1478 
69 I 924049 1518 
70 I 924071 1518 
71 I 924095 1518 
72 I 924135 1518 
73 I 924139 1518 
74 I 924158 1518 
75 I 924185 1518 
76 I 924200 1518 
77 I 968649 1518 
78 I 968671 1518 
79 I 968691 1518 
80 I 1150237 1518 
81 I 1150259 1518 
82 I 1150278 1518 
83 I 1150391 1518 
84 I 1150411 1518 
85 I 1150438 1478 
86 I 1150459 1518 
87 I 1150480 1518 
88 I 1150505 1518 
89 I 1150526 1518 
90 I 1150553 1518 
91 I 1150579 1518 
92 I 1150602 1518 
93 I 1150627 1518 
94 I 1150649 1518 
95 I 1150662 1518 
96 I 1150694 1518 
97 I 1150718 1518 
98 I 1150739 1518 
99 I 1150765 1518 
100 I 1150788 1518 
101 I 1150808 1518 
102 I 1150828 1478 
103 I 1150857 1518 
104 I 1150875 1518 
105 I 1150899 1518 
106 I 1150921 1518 
107 I 1150943 1518 
108 I 1150965 1518 
109 I 1150990 1518 
110 I 1151011 1518 
111 I 1151031 1518 
112 I 1151054 1518 
113 I 1151076 1518 
114 I 1151101 1518 
115 I 1151121 1518 
116 I 1151171 1518 
117 I 1151192 1518 
118 I 1151351 1518 
119 I 1151356 1478 
120 I 1151374 1518 
121 I 1151396 1518 
122 I 1151417 1518 
123 I 1151440 1518 
124 I 1151616 1518 
125 I 1151668 1518 
126 I 1151680 1518 
127 I 1151726 1518 
128 I 1151729 1518 
129 I 1151733 1518 
130 I 1151738 1518 
131 I 1151755 1518 
132 I 1151774 1518 
133 I 1192556 1518 
134 I 1192577 1518 
135 I 1195801 1518 
136 I 1195825 1478 
137 I 1195846 1518 
138 I 1242648 1518 
139 I 1242668 1518 
140 I 1381089 1518 
141 I 1381112 1518 
142 I 1381132 1518 
143 I 1381543 1518 
144 I 1381564 1518 
145 I 1381583 1518 
146 I 1382046 1518 
147 I 1382068 1518 
148 I 1382087 1518 
149 I 1382229 1518 
150 I 1382272 1518 
151 I 1382285 1518 
152 I 1382289 1518 
153 I 1382317 1478 
154 I 1382337 1518 
155 I 1382416 1518 
156 I 1382463 1518 
157 I 1382476 1518 
158 I 1382480 1518 
159 I 1382507 1518 
160 I 1382532 1518 
161 I 1382558 1518 
162 I 1382580 1518 
163 I 1382604 1518 
164 I 1382625 1518 
165 I 1382646 1518 
166 I 1382669 1518 
167 I 1382692 1518 
168 I 1382734 1518 
169 I 1382746 1518 
170 I 1382861 1478 
171 I 1382907 1518 
172 I 1382932 1518 
173 I 1382937 1518 
174 I 1382975 1518 
175 I 1383012 1518 
176 I 1383034 1518 
177 I 1383057 1518 
178 I 1383081 1518 
179 I 1383103 1518 
180 I 1383124 1518 
181 I 1383149 1518 
182 I 1383172 1518 
183 I 1383193 1518 
184 I 1383214 1518 
185 I 1383239 1518 
186 I 1383300 1518 
187 I 1383305 1478 
188 I 1383583 1518 
189 I 1383606 1518 
190 I 1383628 1518 
191 I 1383649 1518 
192 I 1383672 1518 
193 I 1383694 1518 
194 I 1383716 1518 
195 I 1383739 1518 
196 I 1383760 1518 
197 I 1383791 1518 
198 I 1383801 1518 
199 I 1383823 1518 
200 I 1383844 1518 
201 I 1383866 1518 
202 I 1383890 1518 
203 I 1383910 1518 
204 I 1384017 1478 
205 I 1384083 1518 
206 I 1384106 1518 
207 I 1384130 1518 
208 I 1384152 1518 
209 I 1384173 1518 
210 I 1384195 1518 
211 I 1384219 1518 
212 I 1384240 1518 
213 I 1384263 1518 
214 I 1384285 1518 
215 I 1384307 1518 
216 I 1384327 1518 
217 I 1384350 1518 
218 I 1384373 1518 
219 I 1384394 1518 
220 I 1384433 1518 
221 I 1384437 1478 
222 I 1421105 1518 
223 I 1424060 1518 
224 I 1424081 1518 
225 I 1425589 1518 
226 I 1425610 1518 
227 I 1468406 1518 
228 I 1473164 1518 
229 I 1473184 1518 
230 I 1613444 1518 
231 I 1613464 1518 
232 I 1618392 1518 
233 I 1618414 1518 
234 I 1618438 1518 
235 I 1618460 1518 
236 I 1618481 1518 
237 I 1618526 1518 
238 I 1618530 1478 
239 I 1618550 1518 
240 I 1618572 1518 
241 I 1618595 1518 
242 I 1618617 1518 
243 I 1618641 1518 
244 I 1618662 1518 
245 I 1618685 1518 
246 I 1618707 1518 
247 I 1618730 1518 
248 I 1618752 1518 
249 I 1618774 1518 
250 I 1618795 1518 
251 I 1618818 1518 
252 I 1618839 1518 
253 I 1618862 1518 
254 I 1618905 1518 
255 I 1618910 1478 
256 I 1618927 1518 
257 I 1618947 1518 
258 I 1618973 1518 
259 I 1618991 1518 
260 I 1619012 1518 
261 I 1619037 1518 
262 I 1619058 1518 
263 I 1619079 1518 
264 I 1619099 1518 
265 I 1619123 1518 
266 I 1619145 1518 
267 I 1619166 1518 
268 I 1619186 1518 
269 I 1619210 1518 
270 I 1619232 1518 
271 I 1619272 1518 
272 I 1619277 1478 
273 I 1619296 1518 
274 I 1619319 1518 
275 I 1619361 1518 
276 I 1619365 1518 
277 I 1619383 1518 
278 I 1619405 1518 
279 I 1619426 1518 
280 I 1653545 1518 
281 I 1653579 1518 
282 I 1653600 1518 
283 I 1653622 1518 
284 I 1653646 1518 
285 I 1653668 1518 
286 I 1653689 1518 
287 I 1653713 1518 
288 I 1653736 1518 
289 I 1653759 1478 
290 I 1653780 1518 
291 I 1653805 1518 
292 I 1653828 1518 
293 I 1653848 1518 
294 I 1653869 1518 
295 I 1653891 1518 
296 I 1653914 1518 
297 I 1653936 1518 
298 I 1653957 1518 
299 I 1653978 1518 
300 I 1654000 1518 
301 I 1654022 1518 
302 I 1654043 1518 
303 I 1654064 1518 
304 I 1654089 1518 
305 I 1654131 1518 
306 I 1654135 1478 
307 I 1654151 1518 
308 I 1654176 1518 
309 I 1654197 1518 
310 I 1654218 1518 
311 I 1654239 1518 
312 I 1654259 1518 
313 I 1655075 1518 
314 I 1655096 1518 
315 I 1699369 1518 
316 I 1699389 1518 
317 I 1705572 1518 
318 I 1705593 1518 
319 I 1753804 1518 
320 I 1843041 1518 
321 I 1843061 1518 
322 I 1881553 1518 
323 I 1881574 1478 
324 I 1881594 1518 
325 I 1889302 1518 
326 I 1889323 1518 
327 I 1889349 1518 
328 I 1889371 1518 
329 I 1889392 1518 
330 I 1889413 1518 
331 I 1889437 1518 
332 I 1889462 1518 
333 I 1889484 1518 
334 I 1889506 1518 
335 I 1889529 1518 
336 I 1889553 1518 
337 I 1889573 1518 
338 I 1889596 1518 
339 I 1889616 1518 
340 I 1889642 1478 
341 I 1889685 1518 
342 I 1889689 1518 
343 I 1889708 1518 
344 I 1889727 1518 
345 I 1889749 1518 
346 I 1889772 1518 
347 I 1889793 1518 
348 I 1889815 1518 
349 I 1889836 1518 
350 I 1889859 1518 
351 I 1889881 1518 
352 I 1889921 1518 
353 I 1889925 1518 
354 I 1889944 1518 
355 I 1889964 1518 
356 I 1890006 1518 
357 I 1890011 1478 
358 I 1890029 1518 
359 I 1890051 1518 
360 I 1890073 1518 
361 I 1890094 1518 
362 I 1890117 1518 
363 I 1890137 1518 
364 I 1890159 1518 
365 I 1890182 1518 
366 I 1890204 1518 
367 I 1890224 1518 
368 I 1890246 1518 
369 I 1890266 1518 
370 I 1928299 1518 
371 I 1928319 1518 
372 I 1928343 1518 
373 I 1928365 1518 
374 I 1928388 1478 
375 I 1928410 1518 
376 I 1928435 1518 
377 I 1928458 1518 
378 I 1928480 1518 
379 I 1928500 1518 
380 I 1928525 1518 
381 I 1928547 1518 
382 I 1928568 1518 
383 I 1928590 1518 
384 I 1928613 1518 
385 I 1928635 1518 
386 I 1928658 1518 
387 I 1928680 1518 
388 I 1928701 1518 
389 I 1928722 1518 
390 I 1928744 1518 
391 I 1928767 1478 
392 I 1928788 1518 
393 I 1928810 1518 
394 I 1928832 1518 
395 I 1928855 1518 
396 I 1928875 1518 
397 I 1928896 1518 
398 I 1928921 1518 
399 I 1928943 1518 
400 I 1928963 1518 
401 I 1928985 1518 
402 I 1929008 1518 
403 I 1929030 1518 
404 I 1929050 1518 
405 I 2070365 1518 
406 I 2070387 1518 
407 I 2070407 1518 
408 I 2070428 1478 
409 I 2070751 1518 
410 I 2078816 1518 
411 I 2078854 1518 
412 I 2152464 1518 
413 I 2152485 1518 
414 I 2152508 1518 
415 I 2152530 1518 
416 I 2152550 1518 
417 I 2152572 1518 
418 I 2152593 1518 
419 I 2152619 1518 
420 I 2152660 1518 
421 I 2152669 1518 
422 I 2152680 1518 
423 I 2152702 1518 
424 I 2152722 1518 
425 I 2200343 1478 
426 I 2342823 1518 
427 I 2480653 1518 
428 I 2480674 1518 
429 I 2480699 1518 
430 I 2480720 1518 
431 I 2480742 1518 
432 I 2480763 1518 
433 I 2480785 1518 
434 I 2480805 1518 
435 I 2480827 1518 
436 I 2480847 1518 
437 I 2480868 1518 
438 I 2481009 1518 
439 I 2481030 1518 
440 I 2481055 1518 
441 I 2481075 1518 
442 I 2481098 1478 
443 I 2481121 1518 
444 I 2481146 1518 
445 I 2481169 1518 
446 I 2481190 1518 
447 I 2481211 1518 
448 I 2481234 1518 
449 I 2481255 1518 
450 I 2481277 1518 
451 I 2481298 1518 
452 I 2481320 1518 
453 I 2481340 1518 
454 I 2481362 1518 
455 I 2481384 1518 
456 I 2481404 1518 
457 I 2481426 1518 
458 I 2481466 1518 
459 I 2481470 1478 
460 I 2481576 1518 
461 I 2481598 1518 
462 I 2481620 1518 
463 I 2481643 1518 
464 I 2481665 1518 
465 I 2481687 1518 
466 I 2481711 1518 
467 I 2481735 1518 
468 I 2481754 1518 
469 I 2481777 1518 
470 I 2481799 1518 
471 I 2481820 1518 
472 I 2481842 1518 
473 I 2481868 1518 
474 I 2481889 1518 
475 I 2481910 1518 
476 I 2481932 1478 
477 I 2481954 1518 
478 I 2481975 1518 
479 I 2481997 1518 
480 I 2482018 1518 
481 I 2482042 1518 
482 I 2482063 1518 
483 I 2482084 1518 
484 I 2482106 1518 
485 I 2482126 1518 
486 I 2482147 1518 
487 I 2482169 1518 
488 I 2482191 1518 
489 I 2482212 1518 
490 I 2482234 1518 
491 I 2482256 1518 
492 I 2482276 1518 
493 I 2482300 1478 
494 I 2482321 1518 
495 I 2482342 1518 
496 I 2482366 1518 
497 I 2482387 1518 
498 I 2482408 1518 
499 I 2482430 1518 
500 I 2482452 1518 
501 I 2482474 1518 
502 I 2482494 1518 
503 I 2663238 1518 
504 I 2663262 1518 
505 I 2663285 1518 
506 I 2663307 1518 
507 I 2663328 1518 
508 I 2663353 1518 
509 I 2663395 1518 
510 I 2663410 1478 
511 I 2663414 1518 
512 I 2663438 1518 
513 I 2663461 1518 
514 I 2663482 1518 
515 I 2663503 1518 
516 I 2663523 1518 
517 I 2713515 1518 
518 I 2713536 1518 
519 I 2713560 1518 
520 I 2713601 1518 
521 I 2713610 1518 
522 I 2713622 1518 
523 I 2715020 1518 
524 I 2715043 1518 
525 I 2715065 1518 
526 I 2715108 1518 
527 I 2715112 1478 
528 I 2715130 1518 
529 I 2715152 1518 
530 I 2715175 1518 
531 I 2715197 1518 
532 I 2715219 1518 
533 I 2715241 1518 
534 I 2715284 1518 
535 I 2715296 1518 
536 I 2715301 1518 
537 I 2715688 1518 
538 I 2715711 1518 
539 I 2715736 1518 
540 I 2715757 1518 
541 I 2715780 1518 
542 I 2715801 1518 
543 I 2715822 1518 
544 I 2715847 1478 
545 I 2715870 1518 
546 I 2715892 1518 
547 I 2715915 1518 
548 I 2715935 1518 
549 I 2715960 1518 
550 I 2715982 1518 
551 I 2716002 1518 
552 I 2716026 1518 
553 I 2716047 1518 
554 I 2716070 1518 
555 I 2716090 1518 
556 I 2716110 1518 
557 I 2716133 1518 
558 I 2716154 1518 
559 I 2716178 1518 
560 I 2716222 1518 
561 I 2716226 1478 
562 I 2716242 1518 
563 I 2716266 1518 
564 I 2716286 1518 
565 I 2716308 1518 
566 I 2716329 1518 
567 I 2716353 1518 
568 I 2716375 1518 
569 I 2716395 1518 
570 I 2716416 1518 
571 I 2716439 1518 
572 I 2716461 1518 
573 I 2716481 1518 
574 I 2716504 1518 
575 I 2716526 1518 
576 I 2716549 1518 
577 I 2716589 1518 
578 I 2716598 1478 
579 I 2716610 1518 
580 I 2893940 1518 
581 I 2893961 1518 
582 I 2893986 1518 
583 I 2894008 1518 
584 I 2894030 1518 
585 I 2894056 1518 
586 I 2894077 1518 
587 I 2894099 1518 
588 I 2894119 1518 
589 I 2894144 1518 
590 I 2894165 1518 
591 I 2894186 1518 
592 I 2894207 1518 
593 I 2894232 1518 
594 I 2894271 1518 
595 I 2894275 1478 
596 I 2894404 1518 
597 I 2894426 1518 
598 I 2894450 1518 
599 I 2894472 1518 
600 I 2894493 1518 
601 I 2894514 1518 
602 I 2894534 1518 
603 I 2894772 1518 
604 I 2894795 1518 
605 I 2894814 1518 
606 I 2932866 1518 
607 I 2941565 1518 
608 I 2941589 1518 
609 I 2941611 1518 
610 I 2941634 1518 
611 I 2941671 1518 
612 I 2941676 1478 
613 I 2942225 1518 
614 I 2942258 1518 
615 I 2942428 1518 
616 I 2942450 1518 
617 I 2942473 1518 
618 I 2942495 1518 
619 I 2942516 1518 
620 I 2942539 1518 
621 I 2942578 1518 
622 I 2942676 1518 
623 I 2942697 1518 
624 I 2942745 1518 
625 I 2942766 1518 
626 I 2943052 1518 
627 I 2943095 1518 
628 I 2943213 1518 
629 I 2943233 1478 
630 I 2943285 1518 
631 I 2943293 1518 
632 I 2943306 1518 
633 I 2943328 1518 
634 I 2943348 1518 
635 I 2943396 1518 
636 I 2943421 1518 
637 I 2943444 1518 
638 I 2943466 1518 
639 I 2943491 1518 
640 I 2943515 1518 
641 I 2943535 1518 
642 I 2943560 1518 
643 I 2943581 1518 
644 I 2943604 1518 
645 I 2943666 1518 
646 I 2943670 1478 
647 I 2943688 1518 
648 I 2943711 1518 
649 I 2943734 1518 
650 I 2943774 1518 
651 I 2943783 1518 
652 I 2943798 1518 
653 I 2943818 1518 
654 I 2943869 1518 
655 I 2943893 1518 
656 I 2943916 1518 
657 I 2943938 1518 
658 I 2943960 1518 
659 I 2943983 1518 
660 I 2944006 1518 
661 I 2944027 1518 
662 I 2944048 1518 
663 I 2944073 1478 
664 I 2944094 1518 
665 I 2944136 1518 
666 I 2944140 1518 
667 I 2944158 1518 
668 I 2944178 1518 
669 I 2982382 1518 
670 I 3118493 1518 
671 I 3118514 1518 
672 I 3118536 1518 
673 I 3118560 1518 
674 I 3118580 1518 
675 I 3118604 1518 
676 I 3118625 1518 
677 I 3118645 1518 
678 I 3118667 1518 
679 I 3118688 1518 
680 I 3118710 1478 
681 I 3118730 1518 
682 I 3170697 1518 
683 I 3170702 1518 
684 I 3170757 1518 
685 I 3170766 1518 
686 I 3170786 1518 
687 I 3170807 1518 
688 I 3170831 1518 
689 I 3170853 1518 
690 I 3170876 1518 
691 I 3170897 1518 
692 I 3170918 1518 
693 I 3170939 1518 
694 I 3170962 1518 
695 I 3170982 1518 
696 I 3182225 1518 
697 I 3182257 1478 
698 I 3182273 1518 
699 I 3182296 1518 
700 I 3182317 1518 
701 I 3182338 1518 
702 I 3182363 1518 
703 I 3182384 1518 
704 I 3182406 1518 
705 I 3182429 1518 
706 I 3182453 1518 
707 I 3182475 1518 
708 I 3182495 1518 
709 I 3182517 1518 
710 I 3182541 1518 
711 I 3182565 1518 
712 I 3182587 1518 
713 I 3182607 1518 
714 I 3182631 1478 
715 I 3182655 1518 
716 I 3182677 1518 
717 I 3182699 1518 
718 I 3182720 1518 
719 I 3182743 1518 
720 I 3182765 1518 
721 I 3182787 1518 
722 I 3182807 1518 
723 I 3182830 1518 
724 I 3182852 1518 
725 I 3182872 1518 
726 I 3182939 1518 
727 I 3182947 1518 
728 I 3182952 1518 
729 I 3182956 1518 
730 I 3183005 1518 
731 I 3183010 1478 
732 I 3183072 1518 
733 I 3183080 1518 
734 I 3183084 1518 
735 I 3183089 1518 
736 I 3183113 1518 
737 I 3183157 1518 
738 I 3183165 1518 
739 I 3183179 1518 
740 I 3183201 1518 
741 I 3183257 1518 
742 I 3183265 1518 
743 I 3183269 1518 
744 I 3183288 1518 
745 I 3183309 1518 
746 I 3183331 1518 
747 I 3183373 1518 
748 I 3183377 1478 
749 I 3183395 1518 
750 I 3183419 1518 
751 I 3183438 1518 
752 I 3265115 1518 
753 I 3265136 1518 
754 I 3265160 1518 
755 I 3265181 1518 
756 I 3265203 1518 
757 I 3265230 1518 
758 I 3265246 1518 
759 I 3265268 1518 
760 I 3343744 1518 
761 I 3343769 1518 
762 I 3343790 1518 
763 I 3343811 1518 
764 I 3343832 1518 
765 I 3343853 1478 
766 I 3343910 1518 
767 I 3343932 1518 
768 I 3343953 1518 
769 I 3343976 1518 
770 I 3343996 1518 
771 I 3382111 1518 
772 I 3395960 1518 
773 I 3395990 1518 
774 I 3396792 1518 
775 I 3396815 1518 
776 I 3396838 1518 
777 I 3396860 1518 
778 I 3396882 1518 
779 I 3396905 1518 
780 I 3396926 1518 
781 I 3396945 1518 
782 I 3396971 1478 
783 I 3396990 1518 
784 I 3397011 1518 
785 I 3407552 1518 
786 I 3407592 1518 
787 I 3407673 1518 
788 I 3407685 1518 
789 I 3407740 1518 
790 I 3407795 1518 
791 I 3407892 1518 
792 I 3407939 1518 
793 I 3407951 1518 
794 I 3408004 1518 
795 I 3408017 1518 
796 I 3408073 1518 
797 I 3408109 1518 
798 I 3409383 1518 
799 I 3409400 1478 
800 I 3409424 1518 
801 I 3409447 1518 
802 I 3409469 1518 
803 I 3409491 1518 
804 I 3409518 1518 
805 I 3409535 1518 
806 I 3409559 1518 
807 I 3409580 1518 
808 I 3409604 1518 
809 I 3409667 1518 
810 I 3409675 1518 
811 I 3409679 1518 
812 I 3409693 1518 
813 I 3409714 1518 
814 I 3409740 1518 
815 I 3409752 1088 
