0 I 0 1518 
1 I 24 1518 
2 I 44 1518 
3 I 82084 1518 
4 I 82111 1518 
5 I 82116 1222 
6 I 82146 1518 
7 I 163800 1518 
8 I 163824 1518 
9 I 163845 1518 
10 I 163865 1518 
11 I 245457 958 
12 I 245508 1518 
13 I 245529 1518 
14 I 245610 1518 
15 I 245634 1518 
16 I 245659 1518 
17 I 245664 958 
18 I 327218 1518 
19 I 327243 1518 
20 I 327264 1518 
21 I 327287 1518 
22 I 327313 1518 
23 I 327317 958 
24 I 327349 1518 
25 I 327371 1518 
26 I 327392 1518 
27 I 409204 1518 
28 I 409228 1518 
29 I 409233 958 
30 I 409267 1518 
31 I 409290 1518 
32 I 409311 1518 
33 I 409335 1518 
34 I 409360 1518 
35 I 409364 958 
36 I 409398 1518 
37 I 409420 1518 
38 I 409441 1518 
39 I 491008 1518 
40 I 491033 1518 
41 I 491038 958 
42 I 491073 1518 
43 I 491095 1518 
44 I 491118 1518 
45 I 491143 1518 
46 I 491167 1518 
47 I 491172 958 
48 I 491204 1518 
49 I 491225 1518 
50 I 491309 1518 
51 I 491331 1518 
52 I 491357 1518 
53 I 491361 958 
54 I 491458 1518 
55 I 572875 1518 
56 I 572900 1518 
57 I 572920 1518 
58 I 573055 1518 
59 I 573077 958 
60 I 573129 1518 
61 I 573150 1518 
62 I 573173 1518 
63 I 573197 1518 
64 I 573222 1518 
65 I 573227 958 
66 I 573258 1518 
67 I 573282 1518 
68 I 573304 1518 
69 I 573327 1518 
70 I 573351 1518 
71 I 573355 958 
72 I 573388 1518 
73 I 573410 1518 
74 I 573431 1518 
75 I 573436 197 
