0 I 0 379 
1 I 4 379 
2 I 241 1518 
3 I 245 1518 
4 I 367 1518 
5 I 371 1518 
6 I 487 1518 
7 I 491 1518 
8 I 612 1518 
9 I 621 1518 
10 I 752 1518 
11 I 757 1518 
12 I 813 1022 
13 I 818 1022 
14 I 1109 1518 
15 I 1114 1518 
16 I 1196 1209 
17 I 1200 1209 
18 I 193032272 379 
19 I 193032280 379 
20 I 193032512 1518 
21 I 193032517 1518 
22 I 193032636 1518 
23 I 193032645 1518 
24 I 193032760 1518 
25 I 193032764 1518 
26 I 193032867 1518 
27 I 193032876 1518 
28 I 193033022 1518 
29 I 193033027 1518 
30 I 193033081 1022 
31 I 193033086 1022 
32 I 193033396 1518 
33 I 193033400 1518 
34 I 193033466 1209 
35 I 193033470 1209 
36 I 270414562 379 
37 I 270414567 379 
38 I 270414800 1518 
39 I 270414805 1518 
40 I 270414924 1518 
41 I 270414929 1518 
42 I 270415047 1518 
43 I 270415052 1518 
44 I 270415170 1518 
45 I 270415179 1518 
46 I 270415310 1518 
47 I 270415315 1518 
48 I 270415435 1518 
49 I 270415448 1518 
50 I 270415673 1518 
51 I 270415678 1518 
52 I 270415698 713 
53 I 270415702 713 
