0 I 0 1518 
1 I 123 1518 
2 I 249 1518 
3 I 26218 1060 
4 I 26349 1518 
5 I 26472 1518 
6 I 27412 1518 
7 I 27460 854 
8 I 27570 1186 
9 I 64489 788 
10 I 67921 1518 
11 I 68045 1518 
12 I 68167 1518 
13 I 71650 1187 
14 I 94132 1205 
15 I 132292 1518 
16 I 132417 1518 
17 I 132539 1518 
18 I 132598 962 
19 I 132670 900 
20 I 134411 380 
21 I 134633 1518 
22 I 134758 1518 
23 I 134879 1518 
24 I 135002 1518 
25 I 135136 1518 
26 I 135199 1022 
27 I 135484 1518 
28 I 135605 1518 
29 I 135729 1518 
30 I 135839 1418 
31 I 162904 1518 
32 I 163144 379 
33 I 163354 1518 
34 I 163471 1518 
35 I 163595 1518 
36 I 163718 1518 
37 I 163841 1518 
38 I 163907 1022 
39 I 164007 1155 
40 I 164140 1518 
41 I 164177 720 
42 I 164892 1518 
43 I 165015 1518 
44 I 165139 1518 
45 I 167410 1518 
46 I 167534 1518 
47 I 167658 1518 
48 I 170616 1518 
49 I 170740 1518 
50 I 170862 1518 
51 I 172321 380 
52 I 172529 1518 
53 I 172652 1518 
54 I 173696 381 
55 I 173923 1518 
56 I 174046 1518 
57 I 185320 1518 
58 I 185444 1518 
59 I 185566 1518 
60 I 185667 1334 
61 I 221782 380 
62 I 221974 1518 
63 I 222095 1518 
64 I 222221 1518 
65 I 222343 1518 
66 I 222465 1518 
67 I 222531 1022 
68 I 222674 1518 
69 I 222799 1518 
70 I 222921 1518 
71 I 223045 1518 
72 I 223105 981 
73 I 223255 1518 
74 I 223377 1518 
75 I 223503 1518 
76 I 223543 379 
77 I 223753 1518 
78 I 223875 1518 
79 I 223997 1518 
80 I 224123 1518 
81 I 224246 1518 
82 I 224311 1022 
83 I 224866 1518 
84 I 224988 1518 
85 I 225113 1518 
86 I 227310 1518 
87 I 227433 1518 
88 I 227556 1518 
89 I 229776 1518 
90 I 229897 1518 
91 I 230022 1518 
92 I 230904 1518 
93 I 231028 1518 
94 I 232127 1518 
95 I 232250 1518 
96 I 232518 1518 
97 I 232650 1518 
98 I 236144 1518 
99 I 236157 255 
100 I 239082 1518 
101 I 239204 1518 
102 I 241540 1518 
103 I 241662 1518 
104 I 241785 1518 
105 I 261754 397 
106 I 288662 1518 
107 I 288786 1518 
108 I 288928 1518 
109 I 288933 625 
110 I 289823 1518 
111 I 289937 1518 
112 I 290100 891 
113 I 299601 1518 
114 I 299723 1518 
115 I 299847 1518 
116 I 300790 1518 
117 I 300795 556 
118 I 319474 334 
119 I 319740 602 
120 I 326035 736 
121 I 331803 405 
122 I 458640 363 
123 I 3746097 1518 
124 I 3746225 1518 
125 I 3746342 1518 
126 I 3746414 1059 
127 I 3748855 1518 
128 I 3748966 1518 
129 I 3749097 1518 
130 I 3749135 854 
131 I 3751850 1518 
132 I 3751973 1518 
133 I 3752095 1518 
134 I 3752151 854 
135 I 3754679 1518 
136 I 3754802 1518 
137 I 3754926 1518 
138 I 3754971 854 
139 I 3757513 1518 
140 I 3757637 1518 
141 I 3757760 1518 
142 I 3757808 854 
143 I 3760297 1518 
144 I 3760420 1518 
145 I 3760544 1518 
146 I 3760589 854 
147 I 3763131 1518 
148 I 3763254 1518 
149 I 3763378 1518 
150 I 3763423 854 
151 I 3772386 1518 
152 I 3772509 1518 
153 I 3772631 1518 
154 I 3774708 854 
155 I 3774859 1518 
156 I 3774984 1518 
157 I 3776882 1518 
158 I 3776967 1201 
159 I 3821395 625 
160 I 3829887 602 
161 I 40500407 1518 
162 I 40500529 1518 
163 I 40500653 1518 
164 I 40534346 1060 
165 I 40534486 1518 
166 I 40534608 1518 
167 I 40534733 1518 
168 I 40567193 854 
169 I 40567345 1518 
170 I 40567469 1518 
171 I 40569971 1518 
172 I 40570017 854 
173 I 40570170 1518 
174 I 40602435 1518 
175 I 40602440 190 
176 I 40607696 692 
177 I 40610587 1518 
178 I 40610623 824 
179 I 40612504 1518 
180 I 40612508 156 
181 I 40613020 624 
182 I 40613816 1518 
183 I 40613939 1518 
184 I 40614061 1518 
185 I 40637934 367 
186 I 40638163 1518 
187 I 40638288 1518 
188 I 40638418 1518 
189 I 40638534 1518 
190 I 40638656 1518 
191 I 40638724 1022 
192 I 40638865 1518 
193 I 40638992 1518 
194 I 40638997 477 
195 I 40648983 1156 
196 I 41198661 1518 
197 I 41198685 656 
198 I 46750883 1518 
199 I 46751006 1518 
200 I 46751130 1518 
201 I 46751187 945 
202 I 78445179 1518 
203 I 78445303 1518 
204 I 78445427 1518 
205 I 78471301 945 
206 I 104560640 1518 
207 I 104560762 1518 
208 I 104560892 1518 
209 I 104587036 1518 
210 I 104587159 1518 
211 I 104587283 1518 
212 I 104588094 1518 
213 I 104588216 1518 
214 I 104613237 1518 
215 I 104613359 1518 
216 I 104613481 1518 
217 I 104614452 1518 
218 I 104614549 1300 
219 I 105112155 1518 
220 I 105112176 656 
221 I 133574188 1518 
222 I 133574309 1518 
223 I 133574433 1518 
224 I 133600408 1518 
225 I 133600532 1518 
226 I 133600653 1518 
227 I 133601618 1518 
228 I 133601740 1518 
229 I 133626645 1518 
230 I 133626767 1518 
231 I 133626891 1518 
232 I 133627792 1518 
233 I 133627916 1518 
234 I 133630302 1518 
235 I 133630425 1518 
236 I 133630548 1518 
237 I 133652897 1518 
238 I 133653023 1518 
239 I 133653146 1518 
240 I 133654138 1518 
241 I 133654258 1518 
242 I 133656576 1518 
243 I 133656699 1518 
244 I 133656824 1518 
245 I 133659128 1518 
246 I 133659251 1518 
247 I 133659374 1518 
248 I 133660259 1518 
249 I 133660379 1518 
250 I 133679227 1518 
251 I 133679349 1518 
252 I 133679471 1518 
253 I 133680212 439 
