0 I 0 322 
1 I 55 285 
2 I 197 1438 
3 I 224 1438 
4 I 228 805 
5 I 33284 246 
6 I 33370 1438 
7 I 33375 895 
8 I 33693 1438 
9 I 33698 522 
10 I 33737 1438 
11 I 91069 1438 
12 I 91172 950 
13 I 91612 1240 
14 I 91736 1315 
15 I 91915 710 
16 I 91993 1438 
17 I 92029 1348 
18 I 131942 341 
19 I 131977 434 
20 I 209023 343 
21 I 209149 1438 
22 I 209154 414 
23 I 4210285 1438 
24 I 4281946 1438 
25 I 4281980 1438 
26 I 4317166 1438 
27 I 4317186 1438 
28 I 4317379 1438 
29 I 4353011 1438 
30 I 4353079 1438 
31 I 4353099 1300 
32 I 4372658 343 
33 I 4372717 363 
34 I 4390788 343 
35 I 4390869 380 
36 I 5214514 343 
37 I 5214579 458 
38 I 5280603 343 
39 I 5280681 842 
40 I 5613269 347 
41 I 5613409 1438 
42 I 5613430 1438 
43 I 5613454 1438 
44 I 5613476 1438 
45 I 5613512 1438 
46 I 5613517 1350 
47 I 5680047 343 
48 I 5680112 337 
49 I 5726157 1438 
50 I 5726179 1438 
51 I 5726201 1438 
52 I 5727232 1438 
53 I 5727271 1438 
54 I 5727277 1350 
55 I 5727649 1438 
56 I 5727671 1438 
57 I 5727694 1438 
58 I 5728972 388 
59 I 5762199 1438 
60 I 5762241 1438 
61 I 5762250 1350 
62 I 5762777 1438 
63 I 5762803 1438 
64 I 5762825 1438 
65 I 5762847 1438 
66 I 5762884 1438 
67 I 5762889 1350 
68 I 5763112 1438 
69 I 5763134 1438 
70 I 5763167 1438 
71 I 5763410 1438 
72 I 5763450 1438 
73 I 5763455 1350 
74 I 5797843 1438 
75 I 5797865 1438 
76 I 5797887 1438 
77 I 5798322 1438 
78 I 5798361 1438 
79 I 5798366 1350 
80 I 5798549 1438 
81 I 5798571 1438 
82 I 5798592 1438 
83 I 5798614 1438 
84 I 5798845 1438 
85 I 5798853 1350 
86 I 5798861 1438 
87 I 5799030 1438 
88 I 5799039 1438 
89 I 5799046 1438 
90 I 5799294 1438 
91 I 5799298 1350 
92 I 5799328 1438 
93 I 5799491 1438 
94 I 5799514 1438 
95 I 5799535 1438 
96 I 5833007 1438 
97 I 5833010 1350 
98 I 5833027 1438 
99 I 5833449 1438 
100 I 5833471 1438 
101 I 5833506 1438 
102 I 5833762 803 
103 I 5879439 559 
104 I 11186365 322 
105 I 11186411 285 
106 I 11186563 1438 
107 I 11186587 1438 
108 I 11186592 805 
109 I 11235603 246 
110 I 11235686 1438 
111 I 11235707 895 
112 I 11235811 1438 
113 I 11235816 522 
114 I 11235860 1438 
115 I 11235898 1438 
116 I 11235903 950 
117 I 11236011 1240 
118 I 11236376 1315 
119 I 11292437 710 
120 I 11292501 1348 
121 I 11296000 341 
122 I 11296073 434 
123 I 11337003 344 
124 I 11337144 1438 
125 I 11337166 1438 
126 I 11337193 1438 
127 I 11337213 1438 
128 I 11337217 467 
129 I 11339352 359 
130 I 11339481 1438 
131 I 11339486 993 
132 I 11384298 345 
133 I 11384419 1438 
134 I 11384441 1438 
135 I 11384463 1438 
136 I 11384487 1438 
137 I 11384524 1438 
138 I 11384528 1350 
139 I 11384557 1438 
140 I 11384566 576 
141 I 11388266 343 
142 I 11388380 1438 
143 I 11388385 414 
144 I 11457903 342 
145 I 11457959 349 
146 I 11515313 342 
147 I 11515368 346 
148 I 11564816 342 
149 I 11564891 347 
150 I 11634308 342 
151 I 11634401 347 
152 I 11685790 342 
153 I 11685938 1438 
154 I 11685965 1438 
155 I 11685970 1061 
156 I 11785958 530 
157 I 12116737 384 
158 I 12119402 347 
159 I 12119538 1438 
160 I 12119562 1438 
161 I 12119584 1438 
162 I 12119606 1438 
163 I 12119765 1438 
164 I 12119770 1350 
165 I 12119812 1438 
166 I 12119836 1438 
167 I 12119857 1438 
168 I 12119878 1438 
169 I 12180475 345 
170 I 12180589 1434 
171 I 12212263 1438 
172 I 12212268 829 
173 I 12241527 347 
174 I 12241679 1438 
175 I 12241704 1438 
176 I 12241725 1438 
177 I 12241749 1438 
178 I 12241790 1438 
179 I 12241795 1350 
180 I 12241828 1438 
181 I 12241850 1438 
182 I 12241871 1438 
183 I 12241894 1438 
184 I 12241914 1438 
185 I 12270172 347 
186 I 12270305 1438 
187 I 12270327 1438 
188 I 12270348 1438 
189 I 12270371 1438 
190 I 12270408 1438 
191 I 12270413 1350 
192 I 12270443 1438 
193 I 12270465 1438 
194 I 12270488 1438 
195 I 12270510 1438 
196 I 12270530 1438 
197 I 12287975 1350 
198 I 12287981 300 
199 I 12314146 238 
200 I 12335783 1350 
201 I 12335787 198 
202 I 12346856 346 
203 I 12346989 1438 
204 I 12347010 1438 
205 I 12347144 1438 
206 I 12347168 1438 
207 I 12347208 1438 
208 I 12347213 1350 
209 I 12347217 550 
210 I 12375690 240 
211 I 12395865 343 
212 I 12395916 363 
213 I 12410227 343 
214 I 12410290 380 
215 I 12443111 239 
216 I 12446793 343 
217 I 12446859 458 
218 I 12458484 343 
219 I 12458595 842 
220 I 12488566 347 
221 I 12488689 1438 
222 I 12488717 1438 
223 I 12488735 1438 
224 I 12488755 1438 
225 I 12488862 1438 
226 I 12488867 1350 
227 I 12488902 1438 
228 I 12488928 1438 
229 I 12488948 1438 
230 I 12488968 1438 
231 I 12508317 343 
232 I 12508391 337 
233 I 12525971 240 
234 I 12539114 1438 
235 I 12539118 1350 
236 I 12539166 1438 
237 I 12539188 1438 
238 I 12539212 1438 
239 I 12539235 1438 
240 I 12539276 1438 
241 I 12539281 1350 
242 I 12539300 1438 
243 I 12539320 1438 
244 I 12539340 1438 
245 I 12548295 388 
246 I 12604393 1438 
247 I 12604414 1438 
248 I 12604441 1350 
249 I 12604464 1438 
250 I 12604486 1438 
251 I 12604511 1438 
252 I 12604532 1438 
253 I 12604574 1438 
254 I 12604578 1350 
255 I 12604597 1438 
256 I 12604617 1438 
257 I 12604638 1438 
258 I 12661959 1438 
259 I 12661980 1438 
260 I 12674218 1350 
261 I 12674239 1438 
262 I 12674334 1438 
263 I 12674357 1438 
264 I 12674378 1438 
265 I 12674420 1438 
266 I 12674425 1350 
267 I 12674443 1438 
268 I 12674467 1438 
269 I 12674488 1438 
270 I 12699892 1438 
271 I 12699913 1438 
272 I 12727323 1350 
273 I 12727350 1438 
274 I 12727562 1438 
275 I 12727587 1438 
276 I 12727609 1438 
277 I 12727628 1438 
278 I 12727797 1350 
279 I 12727814 1438 
280 I 12727834 1438 
281 I 12737405 1438 
282 I 12737426 1438 
283 I 12774400 803 
284 I 186382274 785 
