0 I 0 1518 
1 I 22 1518 
2 I 42 1518 
3 I 43183 1518 
4 I 43206 1518 
5 I 43229 1518 
6 I 43268 1518 
7 I 43272 1446 
8 I 46190330 1518 
9 I 46190356 1518 
10 I 46190372 1518 
11 I 46232897 1518 
12 I 46232919 1518 
13 I 46232940 1518 
14 I 46232960 1518 
15 I 46233216 1518 
16 I 46233220 447 
17 I 107691209 1518 
18 I 107691230 1518 
19 I 107691331 1518 
20 I 107733715 1518 
21 I 107733740 1518 
22 I 107733762 1518 
23 I 107733802 1518 
24 I 107733971 1518 
25 I 107733975 832 
26 I 136613873 1518 
27 I 136613897 1518 
28 I 136614002 1518 
29 I 136656042 1518 
30 I 136656063 1518 
31 I 136656140 1518 
32 I 136656162 1518 
33 I 136656427 919 
34 I 145487409 1518 
35 I 145487430 1518 
36 I 145487467 1518 
37 I 145530515 1518 
38 I 145530539 1518 
39 I 145530561 1518 
40 I 145530585 1518 
41 I 145530606 1518 
42 I 145530611 477 
43 I 254559947 1518 
44 I 254559968 1518 
45 I 254559989 1518 
46 I 254602822 1518 
47 I 254602843 1518 
48 I 254602930 1518 
49 I 254602954 1518 
50 I 254602975 1518 
51 I 254602980 178 
