0 I 0 1504 
1 I 109877 1504 
2 I 110033 1504 
3 I 3089855 1504 
4 I 3099474 1504 
5 I 3099578 1504 
6 I 6129581 1504 
7 I 6129698 1504 
8 I 7139921 1504 
9 I 7750292 1504 
10 I 9629908 1504 
11 I 18989851 1504 
12 I 19489842 1504 
13 I 19489990 1504 
14 I 19490148 1504 
15 I 24020806 1504 
16 I 24020947 1504 
17 I 28260205 1504 
18 I 31730490 1504 
19 I 32199949 1504 
20 I 35550506 1504 
21 I 35550603 1504 
22 I 35559931 1504 
23 I 40180220 1504 
24 I 40180346 1504 
25 I 40189935 145 
26 I 48130161 1504 
27 I 51650213 1504 
28 I 51650401 1504 
29 I 53090700 1504 
30 I 53900634 1504 
31 I 61160845 1504 
32 I 63880339 1504 
33 I 69830749 1504 
34 I 70830512 1504 
35 I 73310490 1504 
36 I 76680796 1504 
37 I 76680883 1504 
38 I 79950806 1504 
39 I 82440970 1504 
40 I 82901451 1504 
41 I 86030658 1504 
42 I 86131171 1504 
43 I 86140649 1504 
44 I 92141399 1504 
45 I 92821075 1504 
46 I 92821265 1504 
47 I 95521041 1504 
48 I 98511360 1504 
49 I 98520978 1504 
50 I 100170929 1504 
51 I 100171080 1504 
52 I 102310984 1504 
53 I 102311116 1504 
54 I 103251932 1504 
55 I 105161050 1504 
56 I 109202282 1504 
57 I 109202405 1504 
58 I 109651419 1504 
59 I 112251128 1504 
60 I 116731126 1504 
61 I 116731307 1504 
62 I 117231275 1504 
63 I 118041276 1504 
64 I 125331220 1504 
65 I 128102096 1504 
66 I 128901549 1504 
67 I 133401722 1504 
68 I 133401871 1504 
69 I 133622193 1504 
70 I 135141536 1504 
71 I 137541521 1504 
72 I 146981988 1504 
73 I 149701722 1504 
74 I 149701850 1504 
75 I 149712092 1504 
76 I 156291756 1504 
77 I 159692032 1504 
78 I 159722453 1504 
79 I 166332090 1504 
80 I 175992088 1504 
81 I 175992196 1504 
82 I 176172457 1504 
83 I 181143277 1504 
84 I 181672165 1504 
85 I 182122674 1504 
86 I 191972165 1504 
87 I 192202458 1504 
88 I 192212247 1504 
89 I 192212392 1504 
90 I 197832603 1504 
91 I 197842253 1504 
92 I 198822606 1504 
93 I 199092343 1504 
94 I 199233168 1504 
95 I 199233307 1504 
96 I 201222463 1504 
97 I 202152728 1504 
98 I 208653089 1504 
99 I 209332442 1504 
100 I 209332549 1504 
101 I 211084667 1504 
102 I 212353443 1504 
103 I 214303822 1504 
104 I 214303918 1504 
105 I 218482976 1504 
106 I 218492742 1504 
107 I 218562733 1504 
108 I 219653078 1504 
109 I 220492687 1504 
110 I 228432808 1504 
111 I 228432955 1504 
112 I 230432872 1504 
113 I 234893076 1504 
114 I 234903678 1504 
115 I 236863278 1504 
116 I 236863427 1504 
117 I 239933175 1504 
118 I 240512974 1504 
119 I 240903682 1504 
120 I 245373136 1504 
121 I 246163241 1504 
122 I 251293084 1504 
123 I 251293162 1504 
124 I 251293302 1504 
125 I 256033359 1504 
126 I 257363999 1504 
127 I 257364223 1504 
128 I 263053178 1504 
129 I 263203375 1504 
130 I 263314755 1504 
131 I 265433780 1504 
132 I 267733638 1504 
133 I 267733762 1504 
134 I 267733876 1504 
135 I 274003640 1504 
136 I 274013393 1504 
137 I 274013735 1504 
138 I 275243606 1504 
139 I 284184023 1504 
140 I 284184108 1504 
141 I 284193514 1504 
142 I 284433767 1504 
143 I 289543568 1504 
