0 I 0 311 
1 I 697 225 
2 I 894 1504 
3 I 156013 1504 
4 I 156155 1504 
5 I 162077 1504 
6 I 162240 1504 
7 I 303330 1504 
8 I 303454 1504 
9 I 303575 1504 
10 I 351624 1504 
11 I 351686 590 
12 I 351692 1504 
13 I 1233805 1504 
14 I 1233904 1504 
15 I 1358020 1504 
16 I 1358145 1504 
17 I 1366851 1504 
18 I 1367011 1504 
19 I 1373427 1504 
20 I 1373602 1504 
21 I 1394578 1504 
22 I 1394727 1504 
23 I 1424288 1504 
24 I 1424416 1504 
25 I 1512789 1504 
26 I 1512978 1504 
27 I 1517022 63 
28 I 1523158 1504 
29 I 1523310 1504 
30 I 1531074 1504 
31 I 1531251 1504 
32 I 1540181 1504 
33 I 1540321 1504 
34 I 1553628 1504 
35 I 1553819 1504 
36 I 1581686 1504 
37 I 1581793 1504 
38 I 1645328 1504 
39 I 1645421 1504 
40 I 1645530 1504 
41 I 1653215 1074 
42 I 1660270 1504 
43 I 1660417 1504 
44 I 1660556 1504 
45 I 1742203 1504 
46 I 1742355 1504 
47 I 1742506 1504 
48 I 1758175 1504 
49 I 1758334 1504 
50 I 1774252 1504 
51 I 1774370 1504 
52 I 1779975 1504 
53 I 1780093 1504 
54 I 1792083 1504 
55 I 1792234 1504 
56 I 1792326 1504 
57 I 1792446 1504 
58 I 1882141 1504 
59 I 1882299 1504 
60 I 1882404 1504 
61 I 1882527 722 
62 I 1882532 1504 
63 I 1951608 1504 
64 I 1951784 1504 
65 I 1951980 1504 
66 I 1952138 1504 
67 I 1952290 1504 
68 I 1960603 1504 
69 I 1960645 888 
70 I 4864502 1504 
71 I 4864607 1504 
72 I 4875074 1504 
73 I 4875194 1504 
74 I 4994784 1504 
75 I 4994875 1504 
76 I 5030931 1504 
77 I 5031056 1504 
78 I 5048246 1504 
79 I 5048361 1504 
80 I 5085875 1127 
81 I 5150057 230 
82 I 5150071 1504 
83 I 5735242 236 
84 I 5735246 1504 
85 I 5819335 1504 
86 I 5819424 267 
87 I 5819436 1504 
88 I 6465208 1504 
89 I 6465312 1504 
90 I 6465427 1504 
91 I 6465546 1504 
92 I 6465652 63 
93 I 6465668 1504 
94 I 6582336 1504 
95 I 6582454 1504 
96 I 6582597 1504 
97 I 6582720 1504 
98 I 6582889 1504 
99 I 6583039 1504 
100 I 6583212 1504 
101 I 6583324 1504 
102 I 6583434 1504 
103 I 6715657 137 
104 I 7036818 1504 
105 I 7036922 1504 
106 I 7036977 1504 
107 I 7037037 1504 
108 I 7037148 58 
109 I 7037163 1504 
110 I 8021332 1504 
111 I 8021480 1504 
112 I 8021603 81 
113 I 8021619 1504 
114 I 8752966 1504 
115 I 8753113 1504 
116 I 8882171 1504 
117 I 8882267 1504 
118 I 8887825 1504 
119 I 8887969 1504 
120 I 8888065 1504 
121 I 8888223 1504 
122 I 8888389 1504 
123 I 8888548 1504 
124 I 8888590 1104 
125 I 8977392 1504 
126 I 8977520 1504 
127 I 9015175 1504 
128 I 9015214 937 
129 I 9232800 1504 
130 I 9232916 1504 
131 I 9233050 1504 
132 I 9233138 1504 
133 I 9233290 1504 
134 I 9233420 1504 
135 I 9233516 1504 
136 I 9233646 1504 
137 I 9233774 1504 
138 I 9233860 1480 
139 I 9686641 311 
140 I 9688419 225 
141 I 9705501 1504 
142 I 9845021 1504 
143 I 9845129 1504 
144 I 9849605 1504 
145 I 9849610 885 
146 I 9909695 1504 
147 I 9909782 1504 
148 I 9915665 1504 
149 I 9915766 1504 
150 I 10052604 1504 
151 I 10052746 1504 
152 I 10056539 790 
153 I 10109616 1376 
154 I 10689243 1504 
155 I 10689329 1504 
156 I 10689414 1504 
157 I 10689524 1504 
158 I 10689942 1330 
159 I 11130292 1504 
160 I 11130393 1504 
161 I 11270426 1504 
162 I 11270603 1504 
163 I 11331464 944 
164 I 11364106 1504 
165 I 11364203 1504 
166 I 11504392 1504 
167 I 11504496 1504 
168 I 11507494 1504 
169 I 11507620 1504 
170 I 11544273 631 
171 I 11573866 1504 
172 I 11573958 1504 
173 I 11632339 1504 
174 I 11632484 1504 
175 I 11700432 112 
176 I 11700451 1504 
177 I 11709707 1504 
178 I 11709800 1504 
179 I 11758252 121 
180 I 13440419 1504 
181 I 13440533 1504 
182 I 13572749 1504 
183 I 13572825 1357 
184 I 14063272 1504 
185 I 14063413 1504 
186 I 14244278 1504 
187 I 14244507 1504 
188 I 14248373 82 
189 I 14248392 1504 
