0 I 0 1504 
1 I 3864394 1504 
2 I 4680400 1220 
3 I 4826632 1504 
4 I 5608428 1504 
5 I 6529272 1220 
6 I 7634586 1504 
7 I 8745097 1504 
8 I 9868283 1220 
9 I 9868384 1504 
10 I 11213604 1220 
11 I 12113530 1504 
12 I 12614280 1220 
13 I 13167064 1504 
14 I 13562659 1504 
15 I 14267911 1220 
16 I 14268115 1504 
17 I 14691997 1220 
18 I 15185686 1504 
19 I 15185767 1220 
20 I 15764469 1504 
21 I 16570384 1504 
22 I 17441735 1504 
23 I 17679857 1220 
24 I 18359701 1504 
25 I 18496943 1504 
26 I 18775010 1504 
27 I 19432056 1504 
28 I 19879291 1504 
29 I 20487893 1220 
30 I 20973339 1220 
31 I 20973442 1504 
32 I 22875323 1504 
33 I 23239811 1220 
34 I 23880583 1220 
35 I 24317728 1504 
36 I 24825212 1504 
37 I 25921669 1504 
38 I 29777552 1504 
39 I 30682249 1504 
40 I 31725785 1504 
41 I 31749570 1220 
42 I 31924965 1504 
43 I 32601303 1220 
44 I 32756242 1504 
45 I 35459312 1504 
46 I 40875546 1504 
47 I 44225301 1220 
48 I 50017401 1504 
49 I 50952369 1504 
50 I 51692473 1504 
51 I 52071424 1220 
52 I 54340750 1220 
53 I 56674256 1220 
54 I 57794708 1504 
55 I 58841144 1220 
56 I 59817666 1504 
57 I 60913625 1504 
58 I 61997961 1220 
59 I 61998087 1504 
60 I 64214773 1220 
61 I 65195933 1504 
62 I 65624547 1220 
63 I 67464936 1220 
64 I 68459782 1504 
65 I 69666772 1504 
66 I 70618622 1220 
67 I 73298710 1504 
68 I 79575078 1220 
69 I 80710004 1504 
70 I 98619888 1504 
71 I 114929032 1504 
72 I 116525036 1504 
73 I 118723460 1504 
74 I 119672290 1504 
75 I 134410406 1504 
76 I 135369344 1504 
77 I 136510627 1220 
78 I 138765036 1220 
79 I 139745798 1504 
80 I 140825107 1504 
81 I 141893883 1220 
82 I 141893988 1504 
83 I 142830992 1504 
84 I 142831063 1220 
85 I 143758158 1504 
86 I 143758321 1504 
87 I 143758501 1220 
88 I 144700129 1504 
89 I 144700291 1504 
90 I 144700365 1220 
91 I 144813111 1504 
92 I 145644847 1504 
93 I 145644928 1220 
94 I 146556561 1504 
95 I 146556790 1504 
96 I 146556845 1220 
97 I 148522433 1504 
98 I 153714026 1504 
99 I 154317019 1504 
100 I 158960533 348 
101 I 159990617 1504 
102 I 162269170 348 
103 I 162269461 1504 
104 I 162269687 1504 
105 I 163045656 1504 
106 I 163806358 348 
107 I 164101687 1504 
108 I 164753494 1504 
109 I 165882181 1504 
110 I 166822720 1220 
111 I 167777985 1504 
112 I 167920791 1504 
113 I 168852843 1220 
114 I 169047218 1504 
115 I 169948110 1504 
116 I 170147342 1220 
117 I 170147446 1504 
118 I 170213967 1504 
119 I 171057610 1504 
120 I 171257803 1220 
121 I 172367868 1504 
122 I 173020322 1220 
123 I 174416834 1504 
124 I 175508375 1220 
125 I 175745456 1504 
126 I 175899797 1504 
127 I 176603269 1504 
128 I 177727903 1504 
129 I 178793846 1220 
130 I 178816526 1220 
131 I 178816682 1504 
132 I 179780320 1504 
133 I 179780381 1220 
134 I 180623045 1504 
135 I 181571639 1220 
136 I 182455685 1504 
137 I 182654270 1504 
138 I 183063489 1504 
139 I 183788605 1504 
140 I 184052815 1504 
141 I 185204838 1504 
142 I 185989190 1504 
143 I 186294167 1220 
144 I 186294267 1504 
145 I 187276285 1504 
146 I 187276328 1220 
147 I 190320646 1220 
148 I 190391944 1504 
149 I 190514768 1504 
150 I 191268491 1504 
151 I 191348253 1220 
152 I 191635199 1220 
153 I 192442995 1504 
154 I 192739489 1504 
155 I 193845480 1504 
156 I 194640738 1504 
157 I 194934382 1220 
158 I 194934580 1504 
159 I 195602780 1504 
160 I 195847209 1504 
161 I 195876483 1504 
162 I 195876702 1220 
163 I 196933888 1504 
164 I 196934052 1504 
165 I 199083004 1220 
166 I 199981491 1220 
167 I 199985375 1504 
168 I 201356516 1504 
169 I 204547188 1504 
170 I 205419270 1504 
171 I 208763367 1504 
172 I 209681288 1220 
173 I 211776428 1504 
174 I 214303686 1504 
175 I 215392188 1220 
176 I 216504705 1504 
177 I 217591750 1504 
178 I 218698252 1220 
179 I 218698506 1504 
180 I 219619462 1504 
181 I 219619526 1220 
182 I 220560208 1504 
183 I 220560309 1504 
184 I 220560376 1220 
185 I 222661471 1504 
186 I 223427752 1504 
187 I 223583354 1504 
188 I 224365871 1220 
189 I 224491083 1504 
190 I 224711040 1220 
191 I 225409828 1504 
192 I 225806930 1504 
193 I 226498694 1504 
194 I 226910318 1504 
195 I 226910368 1220 
196 I 227211959 1220 
197 I 227823158 1504 
198 I 227823326 1504 
199 I 228317262 1504 
200 I 228933316 1220 
201 I 228933456 1504 
202 I 229345676 1504 
203 I 229366798 1504 
204 I 230437054 1220 
205 I 230437169 1504 
206 I 231136907 1504 
207 I 231350156 1504 
208 I 231350373 1220 
209 I 232223825 1220 
210 I 233520875 1504 
211 I 234429843 1504 
212 I 235113974 1504 
213 I 238745129 1220 
214 I 238778818 1504 
215 I 239659552 1504 
216 I 240765465 1220 
217 I 241754294 1504 
218 I 245002991 1504 
219 I 246603115 1504 
220 I 247481291 1504 
221 I 248402192 1504 
222 I 249443847 1220 
223 I 249891730 1504 
224 I 250442242 1504 
225 I 251451821 1504 
226 I 251451963 1220 
227 I 251541405 1504 
228 I 252323812 1504 
229 I 252324128 1504 
230 I 252424600 1504 
231 I 253442311 1220 
232 I 253442413 1504 
233 I 253537657 1220 
234 I 254471457 1504 
235 I 256805143 1220 
236 I 258782332 1504 
237 I 263323498 1220 
238 I 267371169 1504 
239 I 268314681 1504 
240 I 269570099 1504 
241 I 270493312 1220 
242 I 271606028 1504 
243 I 272734539 1504 
244 I 273830871 1220 
245 I 273830958 1504 
246 I 274794218 1504 
247 I 274794283 1220 
248 I 276341463 1220 
249 I 277661246 1504 
250 I 283402512 1504 
251 I 285461544 1504 
252 I 286561527 1220 
253 I 287661818 1504 
254 I 288748907 1504 
255 I 289768619 1220 
256 I 289768886 1504 
257 I 291889929 1220 
258 I 294859592 1504 
259 I 296149330 1220 
