0 I 0 1504 
1 I 426 1504 
2 I 759330 1504 
3 I 759595 1504 
4 I 759689 1504 
5 I 1523916 1504 
6 I 1524082 1504 
7 I 1525221 1504 
8 I 1525433 1504 
9 I 1525555 1504 
10 I 1857817 1504 
11 I 1858263 960 
12 I 1902195 1504 
13 I 1902529 1504 
14 I 1913958 462 
15 I 2288704 1504 
16 I 2288868 1504 
17 I 2292236 1504 
18 I 2292520 1504 
19 I 2292757 370 
20 I 2292769 1504 
21 I 2675666 430 
22 I 2748440 503 
23 I 2861794 403 
24 I 3185253 1504 
25 I 3185391 1160 
26 I 3495602 448 
27 I 3668095 1504 
28 I 3668278 1504 
29 I 3668495 1504 
30 I 3669023 1504 
31 I 4014109 631 
32 I 4298592 358 
33 I 4298602 1504 
34 I 4379664 1504 
35 I 4379691 665 
36 I 6780218 401 
37 I 6788168 912 
38 I 7757072 1504 
39 I 7757346 1504 
40 I 7757618 1504 
