0 I 0 413 
1 I 690836 413 
2 I 1993812 415 
3 I 2868500 414 
4 I 7935223 414 
5 I 13504489 414 
6 I 18267663 413 
7 I 18845606 413 
8 I 19441594 413 
9 I 28798223 413 
10 I 35397946 538 
11 I 36396200 538 
12 I 38706267 424 
13 I 40404062 424 
14 I 42760582 422 
15 I 45583965 422 
16 I 50813005 423 
17 I 51807973 423 
18 I 52534709 423 
19 I 54526024 423 
20 I 55457528 423 
21 I 56015582 423 
22 I 56737393 423 
23 I 57352066 423 
24 I 58329284 423 
25 I 59085107 423 
26 I 59922539 423 
27 I 60494715 423 
28 I 61071306 423 
29 I 61649039 423 
30 I 62225900 423 
31 I 62966208 423 
32 I 63961049 423 
33 I 64904022 423 
34 I 64921930 423 
35 I 66093166 422 
36 I 66582536 423 
37 I 66657560 422 
38 I 67242983 430 
39 I 67820692 422 
40 I 68944590 424 
41 I 124847466 425 
42 I 124857200 425 
43 I 124866982 425 
44 I 131600369 425 
45 I 131623444 425 
46 I 132118443 425 
47 I 132146445 425 
48 I 132689280 425 
49 I 132707234 425 
50 I 133275742 425 
51 I 133284007 425 
52 I 133818493 425 
53 I 133830925 425 
54 I 134815000 425 
55 I 134826446 425 
56 I 134977476 425 
57 I 135507339 424 
