0 I 0 1504 
1 I 135 1504 
2 I 216564 1504 
3 I 216723 1504 
4 I 445514 1504 
5 I 445606 1504 
6 I 445703 1504 
7 I 842549 1504 
8 I 842670 1504 
9 I 842855 1504 
10 I 1073470 1504 
11 I 1073662 1504 
12 I 1073797 1504 
13 I 1670794 1504 
14 I 1677333 1504 
15 I 1677547 1504 
16 I 1902423 1504 
17 I 1902546 1504 
18 I 2035625 1504 
19 I 2526213 1504 
20 I 2526334 1504 
21 I 2817100 1504 
22 I 2864804 1504 
23 I 3788397 1504 
24 I 3895894 1504 
25 I 3896069 1504 
26 I 4757853 1504 
27 I 4757949 1504 
28 I 5655109 1504 
29 I 5655234 1504 
30 I 5655823 1504 
31 I 6677854 1504 
32 I 7462161 1504 
33 I 7846775 1504 
34 I 8473250 1504 
35 I 8473433 1504 
36 I 8711941 1504 
37 I 8712103 1504 
38 I 8712206 1504 
39 I 9517721 1504 
40 I 12109733 1504 
41 I 16686675 1504 
42 I 17620765 1504 
43 I 17621010 1504 
44 I 18526063 1504 
45 I 18526196 1504 
46 I 18526309 1504 
47 I 19368115 1504 
48 I 19448687 1504 
49 I 19448809 1504 
50 I 19625762 1504 
51 I 20328836 1504 
52 I 20329039 1504 
53 I 20329127 1504 
54 I 20758176 1504 
55 I 20758344 1504 
56 I 20758441 1504 
57 I 21240148 1504 
58 I 21240270 1504 
59 I 21419383 1504 
60 I 22164569 1504 
61 I 22164665 1504 
62 I 22539959 1504 
63 I 22961255 1504 
64 I 23182755 1504 
65 I 23182945 1504 
66 I 23445840 1504 
67 I 23945544 1504 
68 I 23945669 1504 
69 I 24350207 1504 
70 I 24435862 1504 
71 I 24436038 1504 
72 I 24940081 1504 
73 I 24940497 1504 
74 I 24940595 1504 
75 I 25390411 1504 
76 I 25390537 1504 
77 I 26076891 1504 
78 I 26077023 1504 
79 I 26077123 1504 
80 I 27056907 1504 
81 I 27057073 1504 
82 I 28153021 1504 
83 I 28964399 1504 
84 I 29101079 1504 
85 I 29101199 1504 
86 I 30014349 1504 
87 I 30014445 1504 
88 I 30014625 1504 
89 I 30018376 1504 
90 I 30018463 1504 
91 I 30018638 1504 
92 I 30890715 1504 
93 I 30995334 1504 
94 I 31436120 1504 
95 I 31887203 1504 
96 I 32017321 1504 
97 I 32986905 1504 
98 I 32987008 1504 
99 I 33835154 1504 
100 I 33835285 1504 
101 I 33835505 1504 
102 I 34626855 1504 
103 I 34627041 1504 
104 I 34784111 1504 
105 I 35435442 1504 
106 I 35435546 1504 
107 I 35672022 1504 
108 I 35771806 1504 
109 I 35772056 1504 
110 I 36341972 1504 
111 I 37149030 1504 
112 I 37936877 1504 
113 I 37936985 1504 
114 I 41373425 1504 
115 I 43145536 1504 
116 I 43965928 1504 
117 I 43966209 1504 
118 I 44767533 1504 
119 I 44767660 1504 
120 I 44767850 1504 
121 I 46776863 1504 
122 I 47585632 1504 
123 I 47585761 1504 
124 I 48310050 1504 
125 I 48382885 1504 
126 I 48383081 1504 
127 I 48383167 1504 
128 I 49169521 1504 
129 I 49169633 1504 
130 I 49204993 1504 
131 I 49205161 1504 
132 I 49397959 1504 
133 I 50031731 1504 
134 I 50031853 1504 
135 I 50031972 1504 
136 I 50393399 1504 
137 I 50393526 1504 
138 I 51035641 1504 
139 I 51896053 1504 
140 I 51959643 1504 
141 I 52258169 1504 
142 I 52791530 1504 
143 I 52791735 1504 
144 I 53620824 1504 
145 I 53620951 1504 
146 I 53621165 1504 
147 I 54429314 1504 
148 I 54429427 1504 
149 I 54629155 1504 
150 I 55252368 1504 
151 I 55252537 1504 
152 I 55495365 1504 
153 I 55611830 1504 
154 I 55611949 1504 
155 I 56268662 1504 
156 I 56349018 1504 
157 I 56349197 1504 
158 I 57084089 1504 
159 I 57198815 1504 
160 I 57199086 1504 
161 I 57199255 1504 
162 I 57903719 1504 
163 I 58950604 1504 
164 I 58950841 1504 
165 I 58951042 1504 
166 I 59959605 1504 
167 I 60857796 1504 
168 I 61746454 1504 
169 I 61746599 1504 
170 I 64467507 1504 
171 I 65369259 1504 
172 I 65369380 1504 
173 I 65611731 1504 
174 I 66427645 1504 
175 I 66427754 1504 
176 I 74110404 1504 
177 I 79895625 1504 
178 I 80770521 1504 
179 I 80770634 1504 
180 I 81573168 1504 
181 I 81573313 1504 
182 I 81573426 1504 
183 I 83569195 1504 
184 I 84381303 1504 
185 I 84381576 1504 
186 I 85194088 1504 
187 I 85194264 1504 
188 I 85194352 1504 
189 I 86063642 1504 
190 I 86063894 1504 
191 I 86158408 1504 
192 I 87034664 1504 
193 I 87906955 1504 
194 I 88787621 1504 
195 I 88787878 1504 
196 I 89471372 1504 
197 I 89702527 1504 
198 I 89702848 1504 
199 I 90578155 1504 
200 I 91414208 1504 
201 I 91414358 1504 
202 I 92354437 1504 
203 I 92354572 1504 
204 I 93160982 1504 
205 I 103985953 1504 
206 I 107947662 1504 
207 I 109036879 1504 
208 I 118449570 1504 
209 I 120216725 1504 
210 I 120491838 1504 
211 I 120945716 1504 
212 I 120945938 1504 
213 I 121751232 1504 
214 I 121751494 1504 
215 I 121751578 1504 
216 I 123723533 1504 
217 I 127704282 1504 
218 I 128523726 1504 
219 I 128523840 1504 
220 I 129245180 1504 
221 I 129245296 1504 
222 I 129245550 1504 
223 I 137156860 1504 
224 I 137852894 1504 
225 I 137853040 1504 
226 I 138551063 1504 
227 I 138551188 1504 
228 I 138551337 1504 
229 I 139272097 1504 
230 I 139272453 1504 
231 I 139479675 1504 
232 I 140037821 1504 
233 I 140037936 1504 
234 I 141448015 1504 
235 I 142207416 1504 
236 I 142207513 1504 
237 I 142981989 1504 
238 I 142982183 1504 
239 I 142982344 1504 
240 I 144856751 1504 
241 I 145616502 1504 
242 I 145616689 1504 
243 I 146381175 1504 
244 I 146381266 1504 
245 I 146381438 1504 
246 I 147306275 1504 
247 I 147313711 1504 
248 I 148054949 1504 
249 I 148055073 1504 
250 I 148235638 1504 
251 I 148839497 1504 
252 I 148839731 1504 
253 I 148839807 1504 
254 I 149163314 1504 
255 I 149163439 1504 
256 I 149644579 1504 
257 I 149644773 1504 
258 I 149991857 1504 
259 I 149991962 1504 
260 I 149992045 1504 
261 I 150715716 1504 
262 I 150889176 1504 
263 I 151425265 1504 
264 I 151533976 1504 
265 I 152238417 1504 
266 I 152238615 1504 
267 I 152490992 1504 
268 I 152491349 1504 
269 I 152491538 1504 
270 I 153015318 1504 
271 I 153015430 1504 
272 I 153015634 1504 
273 I 153349400 1504 
274 I 153663505 1504 
275 I 153753192 1504 
276 I 153753343 1504 
277 I 153958831 1504 
278 I 154314906 1504 
279 I 154413758 1504 
280 I 154413934 1504 
281 I 155073992 1504 
282 I 155074166 1504 
283 I 155155241 1504 
284 I 155155426 1504 
285 I 155155525 1504 
286 I 155741930 1504 
287 I 155813498 1504 
288 I 155813597 1504 
289 I 155813790 1504 
290 I 155899971 1504 
291 I 155900087 1504 
292 I 156491029 1504 
293 I 156491135 1504 
294 I 156730763 1504 
295 I 157012049 1504 
296 I 157617285 1504 
297 I 160458866 1504 
298 I 160730234 1504 
299 I 161247128 1504 
300 I 161247270 1504 
301 I 161247481 1504 
302 I 162027930 1504 
303 I 162031244 1504 
304 I 162031335 1504 
305 I 162031602 1504 
306 I 162936261 1504 
307 I 162936367 1504 
308 I 162936497 1504 
309 I 163725983 1504 
310 I 163726090 1504 
311 I 163847408 1504 
312 I 164011500 1504 
313 I 164757654 1504 
314 I 164757763 1504 
315 I 164757882 1504 
316 I 164829145 1504 
317 I 164829338 1504 
318 I 165521225 1504 
319 I 165521379 1504 
320 I 165521485 1504 
321 I 165680707 1504 
322 I 166300660 1504 
323 I 166300852 1504 
324 I 166463882 1504 
325 I 166727772 1504 
326 I 167495572 1504 
327 I 167495693 1504 
328 I 167495850 1504 
329 I 167496111 1504 
330 I 168178274 1504 
331 I 168400762 1504 
332 I 168949623 1504 
333 I 169227139 1504 
334 I 169227296 1504 
335 I 169721047 1504 
336 I 169993668 1504 
337 I 169993759 1504 
338 I 169993864 1504 
339 I 170647218 1504 
340 I 170647403 1504 
341 I 170647693 1504 
342 I 170758387 1504 
343 I 170758508 1504 
344 I 170971827 1504 
345 I 171395554 1504 
346 I 171395744 1504 
347 I 172651067 1504 
348 I 172765365 1504 
349 I 173575562 1504 
350 I 173575817 1504 
351 I 174327482 1504 
352 I 174327652 1504 
353 I 174327776 1504 
354 I 175247420 1504 
355 I 176208862 1504 
356 I 176787954 1504 
357 I 176957935 1504 
358 I 176958188 1504 
359 I 177535317 1504 
360 I 177535506 1504 
361 I 180691044 1504 
362 I 181446335 1504 
363 I 181446464 1504 
364 I 182176516 1504 
365 I 182176677 1504 
366 I 182176931 1504 
367 I 182958112 1504 
368 I 182958285 1504 
369 I 183042429 1504 
370 I 183710713 1504 
371 I 183710835 1504 
372 I 183846641 1504 
373 I 183959676 1504 
374 I 183959797 1504 
375 I 184474091 1504 
376 I 184474218 1504 
377 I 184773186 1504 
378 I 184773341 1504 
379 I 184773521 1504 
380 I 185540189 1504 
381 I 185540395 1504 
382 I 185542251 1504 
383 I 185561217 1504 
384 I 186312911 1504 
385 I 186313230 1504 
386 I 186313312 1504 
387 I 186485177 1504 
388 I 187287113 1504 
389 I 187377881 1504 
390 I 187378187 1504 
391 I 187378264 1504 
392 I 188163554 1504 
393 I 188163798 1504 
394 I 188240581 1504 
395 I 188299316 1504 
396 I 188792171 1504 
397 I 189058385 1504 
398 I 189058484 1504 
399 I 189097574 1504 
400 I 189966839 1504 
401 I 189967243 1504 
402 I 190014738 1504 
403 I 190974964 1504 
404 I 193734401 1504 
405 I 194480775 1504 
406 I 194856481 1504 
407 I 195236879 1504 
408 I 195344885 1504 
409 I 195345062 1504 
410 I 195345174 1504 
411 I 195978137 1504 
412 I 195978281 1504 
413 I 196725782 1504 
414 I 196725894 1504 
415 I 196726011 1504 
416 I 198510580 1504 
417 I 199341103 1504 
418 I 199341203 1504 
419 I 202503433 1504 
420 I 202812497 1504 
421 I 202871671 1504 
422 I 203222145 1504 
423 I 203222377 1504 
424 I 203500597 1504 
425 I 203500840 1504 
426 I 203580134 1504 
427 I 203580275 1504 
428 I 203580489 1504 
429 I 203905065 1504 
430 I 203905255 1504 
431 I 203905434 1504 
432 I 204280141 1504 
433 I 204280333 1504 
434 I 204334760 1504 
435 I 204334887 1504 
436 I 204567213 1504 
437 I 204567344 1504 
438 I 205315708 1504 
439 I 205364267 1504 
440 I 205947401 1504 
441 I 208936903 1504 
442 I 209003479 1504 
443 I 209644304 1504 
444 I 209644493 1504 
445 I 209946471 1504 
446 I 210319717 1504 
447 I 210319808 1504 
448 I 210319922 1504 
449 I 210600891 1504 
450 I 210600996 1504 
451 I 211116620 1504 
452 I 211116735 1504 
453 I 211116879 1504 
454 I 212874051 1504 
455 I 213515056 1504 
456 I 213515195 1504 
457 I 216203916 1504 
458 I 216844141 1504 
459 I 216844332 1504 
460 I 216951311 1504 
461 I 218649922 1504 
462 I 220419026 1504 
463 I 223798643 1504 
464 I 224464202 1504 
465 I 225233035 1504 
466 I 225233272 1504 
467 I 225233621 1504 
468 I 225872536 1504 
469 I 225873045 1504 
470 I 226039179 1504 
471 I 226511144 1504 
472 I 226511292 1504 
473 I 226839577 1504 
474 I 226839798 1504 
475 I 227211862 1504 
476 I 227211987 1504 
477 I 228402614 1504 
478 I 231313309 1504 
479 I 231529030 1504 
480 I 231978666 1504 
481 I 231978762 1504 
482 I 232207419 1504 
483 I 232207551 1504 
484 I 232845246 1504 
485 I 232845470 1504 
486 I 232932910 1504 
487 I 232933271 1504 
488 I 232933390 1504 
489 I 233760275 1504 
490 I 233835097 1504 
491 I 233835415 1504 
492 I 233835519 1504 
493 I 234729375 1504 
494 I 236518274 1504 
495 I 237256031 1504 
496 I 240114601 1504 
497 I 240483481 1504 
498 I 241214289 1504 
499 I 241214401 1504 
500 I 241931911 1504 
501 I 241932091 1504 
502 I 241932214 1504 
503 I 242833303 1504 
504 I 242833448 1504 
505 I 242833604 1504 
506 I 243533510 1504 
507 I 243533603 1504 
508 I 244242622 1504 
509 I 244242810 1504 
510 I 244242955 1504 
511 I 244298042 1504 
512 I 246081105 1504 
513 I 246808486 1504 
514 I 246808592 1504 
515 I 247320753 1504 
516 I 248206290 1504 
517 I 248206431 1504 
518 I 248921447 1504 
519 I 248921788 1504 
520 I 248922060 1504 
521 I 249281519 1504 
522 I 249769523 1504 
523 I 249769635 1504 
524 I 249769909 1504 
525 I 250085154 1504 
526 I 250085265 1504 
527 I 250408683 1504 
528 I 250408920 1504 
529 I 250624683 1504 
530 I 250731961 1504 
531 I 250732078 1504 
532 I 250732177 1504 
533 I 251065682 1504 
534 I 251065805 1504 
535 I 251066168 1504 
536 I 251412454 1504 
537 I 251412585 1504 
538 I 251532731 1504 
539 I 252105971 1504 
540 I 252106091 1504 
541 I 252283278 1504 
542 I 252988752 1504 
543 I 252988857 1504 
544 I 253200264 1504 
545 I 253956765 1504 
546 I 253956941 1504 
547 I 254747738 1504 
548 I 254748057 1504 
549 I 254748141 1504 
550 I 255530995 1504 
551 I 255531173 1504 
552 I 255737758 1504 
553 I 256299547 1504 
554 I 257054458 1504 
555 I 257219168 1504 
556 I 257948091 1504 
557 I 257948352 1504 
558 I 257950665 1504 
559 I 257950770 1504 
560 I 257951028 1504 
561 I 258372843 1504 
562 I 258706395 1504 
563 I 258706565 1504 
564 I 258706650 1504 
565 I 258876323 1504 
566 I 259863446 1504 
567 I 260364273 1504 
568 I 261087195 1504 
569 I 261087365 1504 
570 I 263702795 1504 
571 I 264376100 1504 
572 I 264434300 1504 
573 I 264434426 1504 
574 I 265112154 1504 
575 I 265112296 1504 
576 I 265833037 1504 
577 I 265833173 1504 
578 I 265833264 1504 
579 I 266912378 1504 
580 I 267428004 1504 
581 I 267592261 1504 
582 I 267592427 1504 
583 I 268095201 1504 
584 I 268095545 1504 
585 I 268492570 1504 
586 I 268492655 1504 
587 I 268774060 1504 
588 I 268774229 1504 
589 I 268774539 1504 
590 I 269426954 1504 
591 I 269427203 1504 
592 I 269497693 1504 
593 I 269575979 1504 
594 I 270179422 1504 
595 I 270179612 1504 
596 I 270888143 1504 
597 I 271002111 1504 
598 I 272141231 1504 
599 I 273933903 1504 
600 I 274141913 1504 
601 I 274655755 1504 
602 I 274656170 1504 
603 I 274968535 1504 
604 I 274968671 1504 
605 I 275670553 1504 
606 I 275670755 1504 
607 I 275671028 1504 
608 I 276377573 1504 
609 I 276377677 1504 
610 I 276471069 1504 
611 I 277059824 1504 
612 I 277060030 1504 
613 I 277278180 1504 
614 I 277278298 1504 
615 I 277761727 1504 
616 I 277761847 1504 
617 I 278004130 1504 
618 I 278004370 1504 
619 I 279133036 1504 
620 I 279847903 1504 
621 I 279848032 1504 
622 I 282190995 1504 
623 I 282598874 1504 
624 I 283295348 1504 
625 I 283295575 1504 
626 I 283295720 1504 
627 I 284179957 1504 
628 I 284180159 1504 
629 I 284180313 1504 
630 I 284896847 1504 
631 I 284897094 1504 
632 I 285114989 1504 
633 I 286539570 1504 
634 I 286679515 1504 
635 I 287299936 1504 
636 I 287300137 1504 
637 I 287439544 1504 
638 I 287439772 1504 
639 I 287494614 1504 
640 I 288043719 1504 
641 I 288043818 1504 
642 I 288044000 1504 
643 I 288228012 1504 
644 I 288228144 1504 
645 I 288228276 1504 
646 I 289143676 1504 
647 I 289143775 1504 
648 I 289143901 1504 
649 I 289880386 1504 
650 I 290023104 1504 
651 I 290681874 1504 
652 I 290682068 1504 
653 I 290989381 1504 
654 I 291540507 1504 
655 I 291540641 1504 
656 I 291947576 1504 
657 I 291947689 1504 
658 I 292450771 1504 
659 I 292755936 1504 
660 I 292756184 1504 
661 I 292756410 1504 
662 I 293240657 1504 
663 I 293505371 1504 
664 I 293505655 1504 
665 I 293673970 1504 
666 I 294150185 1504 
667 I 294163253 1504 
668 I 294163449 1504 
669 I 294282614 1504 
670 I 294282733 1504 
671 I 294526545 1504 
672 I 294526785 1504 
673 I 294922470 1504 
674 I 294922718 1504 
675 I 295121277 1504 
676 I 295296674 1504 
677 I 295296796 1504 
678 I 295296922 1504 
679 I 295297045 1504 
680 I 295713647 1504 
681 I 295713914 1504 
682 I 296055314 1504 
683 I 296055415 1504 
684 I 296058752 1504 
685 I 296058914 1504 
686 I 296059070 1504 
687 I 296059325 1504 
688 I 296473267 1504 
689 I 296473399 1504 
690 I 296782201 1504 
691 I 296782404 1504 
692 I 296947308 1504 
693 I 297241181 1504 
694 I 297326061 1504 
695 I 297609697 1504 
696 I 297986635 1504 
697 I 297986806 1504 
698 I 298021735 1504 
699 I 298686097 1504 
700 I 298700405 1504 
701 I 298700605 1504 
702 I 298758135 1504 
703 I 298758233 1504 
