0 I 0 1504 
1 I 563113 1504 
2 I 1221348 1504 
3 I 1221473 1504 
4 I 1782695 1504 
5 I 1782871 1504 
6 I 2319858 1504 
7 I 2959243 1504 
8 I 3600141 1504 
9 I 3600233 1504 
10 I 4146370 1504 
11 I 4146621 1504 
12 I 4146888 1504 
13 I 4694615 1504 
14 I 4697260 1504 
15 I 4697523 1504 
16 I 5249625 1504 
17 I 5252184 1504 
18 I 5252379 1504 
19 I 5252549 1504 
20 I 5796358 1504 
21 I 5800539 1504 
22 I 5800802 1504 
23 I 5800968 1504 
24 I 6351277 1504 
25 I 6351526 1504 
26 I 6351905 1504 
27 I 6439779 1504 
28 I 6907149 1504 
29 I 7091982 1504 
30 I 7092209 1504 
31 I 7572812 1504 
32 I 7664168 1504 
33 I 7664297 1504 
34 I 8140208 1504 
35 I 8232179 1504 
36 I 8232252 1504 
37 I 8232366 1504 
38 I 8688981 1504 
39 I 8784394 1504 
40 I 8784508 1504 
41 I 8784627 1504 
42 I 9339789 1504 
43 I 9346560 1504 
44 I 9346666 1504 
45 I 9346959 1504 
46 I 9347215 1504 
47 I 9922499 1504 
48 I 9922834 1504 
49 I 9922917 1504 
50 I 9923067 1504 
51 I 10028288 1504 
52 I 10488369 1504 
53 I 10488551 1504 
54 I 10489286 1504 
55 I 10589073 1504 
56 I 10683294 1504 
57 I 10683489 1504 
58 I 11057721 1504 
59 I 11057811 1504 
60 I 11058864 1504 
61 I 11236538 1504 
62 I 11236871 1504 
63 I 11237364 1504 
64 I 11612086 1504 
65 I 11612286 1504 
66 I 11614853 1504 
67 I 11797993 1504 
68 I 12176607 1504 
69 I 12180625 1504 
70 I 12453950 1504 
71 I 12454068 1504 
72 I 12755263 1504 
73 I 12755358 1504 
74 I 13019732 1504 
75 I 13114409 1504 
76 I 13341119 1504 
77 I 13341268 1504 
78 I 13341366 1504 
79 I 13588554 1504 
80 I 13776344 1504 
81 I 13905488 1504 
82 I 13905897 1504 
83 I 13906327 1504 
84 I 14251217 1504 
85 I 14439833 1504 
86 I 14439925 1504 
87 I 14476254 1504 
88 I 14476420 1504 
89 I 14477184 1504 
90 I 14926211 1504 
91 I 15017894 1504 
92 I 15018014 1504 
93 I 15052377 1504 
94 I 15053320 1504 
95 I 15053555 1504 
96 I 15506097 1504 
97 I 15506262 1504 
98 I 15596050 1504 
99 I 15596215 1504 
100 I 15627015 1504 
101 I 15627854 1504 
102 I 15628048 1504 
103 I 16086361 1504 
104 I 16182472 1504 
105 I 16182733 1504 
106 I 16182923 1504 
107 I 16214824 1504 
108 I 16214982 1504 
109 I 16215333 1504 
110 I 16215520 1504 
111 I 16756906 1504 
112 I 16763965 1504 
113 I 16764155 1504 
114 I 16764702 1504 
115 I 16795423 1504 
116 I 16795538 1504 
117 I 16795841 1504 
118 I 16893211 1504 
119 I 17322596 1504 
120 I 17322764 1504 
121 I 17323363 1504 
122 I 17359365 1504 
123 I 17359454 1504 
124 I 17359620 1504 
125 I 17360023 1504 
126 I 17452806 1504 
127 I 17452948 1504 
128 I 17882069 1504 
129 I 17882331 1504 
130 I 17882737 1504 
131 I 17915644 1504 
132 I 17916052 1504 
133 I 17916188 1504 
134 I 17916948 1504 
135 I 18009926 1504 
136 I 18010054 1504 
137 I 18451435 1504 
138 I 18452526 1504 
139 I 18452804 1504 
140 I 18493123 1504 
141 I 18493228 1504 
142 I 18494125 1504 
143 I 18494214 1504 
144 I 18494686 1504 
145 I 18587813 1504 
146 I 18587962 1504 
147 I 19033139 1504 
148 I 19033649 1504 
149 I 19034719 1504 
150 I 19072988 1504 
151 I 19073072 1504 
152 I 19073646 1504 
153 I 19075500 1504 
154 I 19075756 1504 
155 I 19172925 1504 
156 I 19268383 1504 
157 I 19606178 1504 
158 I 19606455 1504 
159 I 19606631 1504 
160 I 19607349 1504 
161 I 19641799 1504 
162 I 19641901 1504 
163 I 19642273 1504 
164 I 19644145 1504 
165 I 19644268 1504 
166 I 19744975 1504 
167 I 19932471 1504 
168 I 20178091 1504 
169 I 20209366 1504 
170 I 20209572 1504 
171 I 20210095 1504 
172 I 20210293 1504 
173 I 20588009 1504 
174 I 20766442 1504 
175 I 20766825 1504 
176 I 20766950 1504 
177 I 20770051 1504 
178 I 20770330 1504 
179 I 21153156 1504 
180 I 21339874 1504 
181 I 21340145 1504 
182 I 21340403 1504 
183 I 21342049 1504 
184 I 21342151 1504 
185 I 21711341 1504 
186 I 21711458 1504 
187 I 21896234 1504 
188 I 21896438 1504 
189 I 21896828 1504 
190 I 21899159 1504 
191 I 21899256 1504 
192 I 22269684 1504 
193 I 22359114 1504 
194 I 22460563 1504 
195 I 22460692 1504 
196 I 22464434 1504 
197 I 22466560 1504 
198 I 22466729 1504 
199 I 22466899 1504 
200 I 22854670 1504 
201 I 23025190 1504 
202 I 23028308 1504 
203 I 23028560 1504 
204 I 23032021 1504 
205 I 23034902 1504 
206 I 23035075 1504 
207 I 23035178 1504 
208 I 23520952 1504 
209 I 23608181 1504 
210 I 23695811 1504 
211 I 24266262 1504 
212 I 24930645 1504 
213 I 25602058 1504 
214 I 25602266 1504 
215 I 26188909 1504 
216 I 26189003 1504 
217 I 26189098 1504 
218 I 26773878 1504 
219 I 26774263 1504 
220 I 26774622 1504 
221 I 27366464 1504 
222 I 27366804 1504 
223 I 27368386 1504 
224 I 27368648 1504 
225 I 27979628 1504 
226 I 27979751 1504 
227 I 27981064 1504 
228 I 27981230 1504 
229 I 28586415 1504 
230 I 28587411 1504 
231 I 28587673 1504 
232 I 28587929 1504 
233 I 28589625 1504 
234 I 29201477 1504 
235 I 29201672 1504 
236 I 29203522 1504 
237 I 29203808 1504 
238 I 29295251 1504 
239 I 29795984 1504 
240 I 29796232 1504 
241 I 29796558 1504 
242 I 29796687 1504 
243 I 29892282 1504 
244 I 29986044 1504 
245 I 30387808 1504 
246 I 30387940 1504 
247 I 30390178 1504 
248 I 30483898 1504 
249 I 30484174 1504 
250 I 30578650 1504 
251 I 30975594 1504 
252 I 30975692 1504 
253 I 30975791 1504 
254 I 30977063 1504 
255 I 31074440 1504 
256 I 31074580 1504 
257 I 31163563 1504 
258 I 31567877 1504 
259 I 31568025 1504 
260 I 31569024 1504 
261 I 31667918 1504 
262 I 31668110 1504 
263 I 31858179 1504 
264 I 32163713 1504 
265 I 32164345 1504 
266 I 32257780 1504 
267 I 32738653 1504 
268 I 32738833 1504 
269 I 32739007 1504 
270 I 32834849 1504 
271 I 33322840 1504 
272 I 33322942 1504 
273 I 33323348 1504 
274 I 33518958 1504 
275 I 33924067 1504 
276 I 33924178 1504 
277 I 33924343 1504 
278 I 34017983 1504 
279 I 34225620 1504 
280 I 34535492 1504 
281 I 34535689 1504 
282 I 34535857 1504 
283 I 34715993 1504 
284 I 34927202 1504 
285 I 34927312 1504 
286 I 35129438 1504 
287 I 35129534 1504 
288 I 35130092 1504 
289 I 35506224 1504 
290 I 35715483 1504 
291 I 36204820 1504 
292 I 36412092 1504 
293 I 36412442 1504 
294 I 36906826 1504 
295 I 36907176 1504 
296 I 37015651 1504 
297 I 37015745 1504 
298 I 37491000 1504 
299 I 37586457 1504 
300 I 37597072 1504 
301 I 37597159 1504 
302 I 38077298 1504 
303 I 38077470 1504 
304 I 38186166 1504 
305 I 38186266 1504 
306 I 38186481 1504 
307 I 38650612 1504 
308 I 38650887 1504 
309 I 38755126 1504 
310 I 38755311 1504 
311 I 38755410 1504 
312 I 39215113 1504 
313 I 39215345 1504 
314 I 39312518 1504 
315 I 39321468 1504 
316 I 39321630 1504 
317 I 39321815 1504 
318 I 39790422 1504 
319 I 39790511 1504 
320 I 39883639 1504 
321 I 39889181 1504 
322 I 39889434 1504 
323 I 39890413 1504 
324 I 39890852 1504 
325 I 40375114 1504 
326 I 40375425 1504 
327 I 40467987 1504 
328 I 40474394 1504 
329 I 40474591 1504 
330 I 40476258 1504 
331 I 40571259 1504 
332 I 40974600 1504 
333 I 40974832 1504 
334 I 41062444 1504 
335 I 41069680 1504 
336 I 41069917 1504 
337 I 41070009 1504 
338 I 41071727 1504 
339 I 41251172 1504 
340 I 41552300 1504 
341 I 41552776 1504 
342 I 41631904 1504 
343 I 41635283 1504 
344 I 41635457 1504 
345 I 41635971 1504 
346 I 41737102 1504 
347 I 41915548 1504 
348 I 42128812 1504 
349 I 42129090 1504 
350 I 42129349 1504 
351 I 42223504 1504 
352 I 42225770 1504 
353 I 42226040 1504 
354 I 42228008 1504 
355 I 42424260 1504 
356 I 42607279 1504 
357 I 42725252 1504 
358 I 42725515 1504 
359 I 42725759 1504 
360 I 42819079 1504 
361 I 42819172 1504 
362 I 42820480 1504 
363 I 42917058 1504 
364 I 42917370 1504 
365 I 43117033 1504 
366 I 43295994 1504 
367 I 43324309 1504 
368 I 43324428 1504 
369 I 43324699 1504 
370 I 43416902 1504 
371 I 43417055 1504 
372 I 43418331 1504 
373 I 43710414 1504 
374 I 43915437 1504 
375 I 43916119 1504 
376 I 44006003 1504 
377 I 44006944 1504 
378 I 44382353 1504 
379 I 44492504 1504 
380 I 44492587 1504 
381 I 44492687 1504 
382 I 44597701 1504 
383 I 44689803 1504 
384 I 45061862 1504 
385 I 45085173 1504 
386 I 45085287 1504 
387 I 45085574 1504 
388 I 45292484 1504 
389 I 45292676 1504 
390 I 45670912 1504 
391 I 45670995 1504 
392 I 45701782 1504 
393 I 45701914 1504 
394 I 45702679 1504 
395 I 45898421 1504 
396 I 45898614 1504 
397 I 46268548 1504 
398 I 46299846 1504 
399 I 46300097 1504 
400 I 46302076 1504 
401 I 46399676 1504 
402 I 46504850 1504 
403 I 46505045 1504 
404 I 46505137 1504 
405 I 46879687 1504 
406 I 46915766 1504 
407 I 46915867 1504 
408 I 46915960 1504 
409 I 47112437 1504 
410 I 47125538 1504 
411 I 47125773 1504 
412 I 47125943 1504 
413 I 47529410 1504 
414 I 47529569 1504 
415 I 47529876 1504 
416 I 47619930 1504 
417 I 47732959 1504 
418 I 47733087 1504 
419 I 47734037 1504 
420 I 47734206 1504 
421 I 47819440 1504 
422 I 48130112 1504 
423 I 48130197 1504 
424 I 48131171 1504 
425 I 48303274 1504 
426 I 48323546 1504 
427 I 48323726 1504 
428 I 48324401 1504 
429 I 48405359 1504 
430 I 48405529 1504 
431 I 48719183 1504 
432 I 48721962 1504 
433 I 48722141 1504 
434 I 48913496 1504 
435 I 49000197 1504 
436 I 49000283 1504 
437 I 49296575 1504 
438 I 49571330 1504 
439 I 49571500 1504 
440 I 49571667 1504 
441 I 49571985 1504 
442 I 49979237 1504 
443 I 49979343 1504 
444 I 50150981 1504 
445 I 50151105 1504 
446 I 50151534 1504 
447 I 50252385 1504 
448 I 50547265 1504 
449 I 50547520 1504 
450 I 50723427 1504 
451 I 50723546 1504 
452 I 50723661 1504 
453 I 50723750 1504 
454 I 51132586 1504 
455 I 51311272 1504 
456 I 51829713 1504 
457 I 52005417 1504 
458 I 52005517 1504 
459 I 52527348 1504 
460 I 52527691 1504 
461 I 52611182 1504 
462 I 52611272 1504 
463 I 53116242 1504 
464 I 53199863 1504 
465 I 53199963 1504 
466 I 53200450 1504 
467 I 53789442 1504 
468 I 53789781 1504 
469 I 53789902 1504 
470 I 53790035 1504 
471 I 53887658 1504 
472 I 54385732 1504 
473 I 54386001 1504 
474 I 54386190 1504 
475 I 54474645 1504 
476 I 54577812 1504 
477 I 54577976 1504 
478 I 54981764 1504 
479 I 54982119 1504 
480 I 54982303 1504 
481 I 55168768 1504 
482 I 55180394 1504 
483 I 55180565 1504 
484 I 55587586 1504 
485 I 55587973 1504 
486 I 55588088 1504 
487 I 55780122 1504 
488 I 55789390 1504 
489 I 55789593 1504 
490 I 55789776 1504 
491 I 56194792 1504 
492 I 56196710 1504 
493 I 56197032 1504 
494 I 56379883 1504 
495 I 56388407 1504 
496 I 56388579 1504 
497 I 56388954 1504 
498 I 56781014 1504 
499 I 56781459 1504 
500 I 56782452 1504 
501 I 56957195 1504 
502 I 56957315 1504 
503 I 56957531 1504 
504 I 56958935 1504 
505 I 57063782 1504 
506 I 57358190 1504 
507 I 57358282 1504 
508 I 57360659 1504 
509 I 57536624 1504 
510 I 57536721 1504 
511 I 57537207 1504 
512 I 57636261 1504 
513 I 57748526 1504 
514 I 57949894 1504 
515 I 57950020 1504 
516 I 57950104 1504 
517 I 57951822 1504 
518 I 58122606 1504 
519 I 58122813 1504 
520 I 58130764 1504 
521 I 58319443 1504 
522 I 58425572 1504 
523 I 58542730 1504 
524 I 58542874 1504 
525 I 58542974 1504 
526 I 58718560 1504 
527 I 59001951 1504 
528 I 59144633 1504 
529 I 59403909 1504 
530 I 59702454 1504 
531 I 59702627 1504 
532 I 59835709 1504 
533 I 59835829 1504 
534 I 60092550 1504 
535 I 60303734 1504 
536 I 60303911 1504 
537 I 60441620 1504 
538 I 60552941 1504 
539 I 60794622 1504 
540 I 60908695 1504 
541 I 60909031 1504 
542 I 60909376 1504 
543 I 61043183 1504 
544 I 61256674 1504 
545 I 61511402 1504 
546 I 61526593 1504 
547 I 61526915 1504 
548 I 61527045 1504 
549 I 61741131 1504 
550 I 61946437 1504 
551 I 61946550 1504 
552 I 62119571 1504 
553 I 62119655 1504 
554 I 62119969 1504 
555 I 62232619 1504 
556 I 62460823 1504 
557 I 62551040 1504 
558 I 62551376 1504 
559 I 62718014 1504 
560 I 62718484 1504 
561 I 62718924 1504 
562 I 62719415 1504 
563 I 62915665 1504 
564 I 63156666 1504 
565 I 63159610 1504 
566 I 63159862 1504 
567 I 63324659 1504 
568 I 63326700 1504 
569 I 63326915 1504 
570 I 63327026 1504 
571 I 63604588 1504 
572 I 63757929 1504 
573 I 63758043 1504 
574 I 63760764 1504 
575 I 63923154 1504 
576 I 63923349 1504 
577 I 63923594 1504 
578 I 63924005 1504 
579 I 64023957 1504 
580 I 64318044 1504 
581 I 64372664 1504 
582 I 64372832 1504 
583 I 64375216 1504 
584 I 64528880 1504 
585 I 64529088 1504 
586 I 64529173 1504 
587 I 64626112 1504 
588 I 64735267 1504 
589 I 64977948 1504 
590 I 64978130 1504 
591 I 64978237 1504 
592 I 64978426 1504 
593 I 65069650 1504 
594 I 65140718 1504 
595 I 65140960 1504 
596 I 65141147 1504 
597 I 65332910 1504 
598 I 65433994 1504 
599 I 65587339 1504 
600 I 65587605 1504 
601 I 65588191 1504 
602 I 65588453 1504 
603 I 65744985 1504 
604 I 65745222 1504 
605 I 65745440 1504 
606 I 65825394 1504 
607 I 65825667 1504 
608 I 66032483 1504 
609 I 66118038 1504 
610 I 66177088 1504 
611 I 66177356 1504 
612 I 66179399 1504 
613 I 66283623 1504 
614 I 66341371 1504 
615 I 66341466 1504 
616 I 66341726 1504 
617 I 66426023 1504 
618 I 66426145 1504 
619 I 66643002 1504 
620 I 66787906 1504 
621 I 66788021 1504 
622 I 66788734 1504 
623 I 66890428 1504 
624 I 66890687 1504 
625 I 66958286 1504 
626 I 66958404 1504 
627 I 66958665 1504 
628 I 67051337 1504 
629 I 67051473 1504 
630 I 67051666 1504 
631 I 67357904 1504 
632 I 67408559 1504 
633 I 67408708 1504 
634 I 67409332 1504 
635 I 67509615 1504 
636 I 67509796 1504 
637 I 67564920 1504 
638 I 67565519 1504 
639 I 67565628 1504 
640 I 67653618 1504 
641 I 67653797 1504 
642 I 67654084 1504 
643 I 68023064 1504 
644 I 68023223 1504 
645 I 68023422 1504 
646 I 68024060 1504 
647 I 68123033 1504 
648 I 68132413 1504 
649 I 68132752 1504 
650 I 68180023 1504 
651 I 68180381 1504 
652 I 68180571 1504 
653 I 68263914 1504 
654 I 68264583 1504 
655 I 68264768 1504 
656 I 68622691 1504 
657 I 68623216 1504 
658 I 68623465 1504 
659 I 68627615 1504 
660 I 68733187 1504 
661 I 68733356 1504 
662 I 68733507 1504 
663 I 68781936 1504 
664 I 68782270 1504 
665 I 68782763 1504 
666 I 68782960 1504 
667 I 68872052 1504 
668 I 68872217 1504 
669 I 68873986 1504 
670 I 69234282 1504 
671 I 69234406 1504 
672 I 69235359 1504 
673 I 69320669 1504 
674 I 69331199 1504 
675 I 69331350 1504 
676 I 69332809 1504 
677 I 69378615 1504 
678 I 69378724 1504 
679 I 69379305 1504 
680 I 69466848 1504 
681 I 69467064 1504 
682 I 69467253 1504 
683 I 69558708 1504 
684 I 69831369 1504 
685 I 69831536 1504 
686 I 69831854 1504 
687 I 69927903 1504 
688 I 69928097 1504 
689 I 69928294 1504 
690 I 69929739 1504 
691 I 69976714 1504 
692 I 69976807 1504 
693 I 69976980 1504 
694 I 70063309 1504 
695 I 70063441 1504 
696 I 70065005 1504 
697 I 70151254 1504 
698 I 70151343 1504 
699 I 70423688 1504 
700 I 70423914 1504 
701 I 70424009 1504 
702 I 70529032 1504 
703 I 70531365 1504 
704 I 70531535 1504 
705 I 70534299 1504 
706 I 70585370 1504 
707 I 70585515 1504 
708 I 70585673 1504 
709 I 70671276 1504 
710 I 70671418 1504 
711 I 70752229 1504 
712 I 70752327 1504 
713 I 70756258 1504 
714 I 70756567 1504 
715 I 71025813 1504 
716 I 71026223 1504 
717 I 71027289 1504 
718 I 71135835 1504 
719 I 71136010 1504 
720 I 71181106 1504 
721 I 71181757 1504 
722 I 71267931 1504 
723 I 71268926 1504 
724 I 71357815 1504 
725 I 71363687 1504 
726 I 71627520 1504 
727 I 71741022 1504 
728 I 71786879 1504 
729 I 71786987 1504 
730 I 71869502 1504 
731 I 71869824 1504 
732 I 71871476 1504 
733 I 71966020 1504 
734 I 71966199 1504 
735 I 72235668 1504 
736 I 72394324 1504 
737 I 72394463 1504 
738 I 72395299 1504 
739 I 72476558 1504 
740 I 72476727 1504 
741 I 72480030 1504 
742 I 72568485 1504 
743 I 72568587 1504 
744 I 72846831 1504 
745 I 72846952 1504 
746 I 73009250 1504 
747 I 73075442 1504 
748 I 73080919 1504 
749 I 73170562 1504 
750 I 73450399 1504 
751 I 73671566 1504 
752 I 73671915 1504 
753 I 73676825 1504 
754 I 73677202 1504 
755 I 73865363 1504 
756 I 74134635 1504 
757 I 74267862 1504 
758 I 74268014 1504 
759 I 74271494 1504 
760 I 74364778 1504 
761 I 74549729 1504 
762 I 74843948 1504 
763 I 74844046 1504 
764 I 74876919 1504 
765 I 74877003 1504 
766 I 74885600 1504 
767 I 75076301 1504 
768 I 75262067 1504 
769 I 75453789 1504 
770 I 75453979 1504 
771 I 75505382 1504 
772 I 75985198 1504 
773 I 76084562 1504 
774 I 76143444 1504 
775 I 76695466 1504 
776 I 76695572 1504 
777 I 76753972 1504 
778 I 76754163 1504 
779 I 77322715 1504 
780 I 77374775 1504 
781 I 77374927 1504 
782 I 77375959 1504 
783 I 78000822 1504 
784 I 78000934 1504 
785 I 78001033 1504 
786 I 78002119 1504 
787 I 78107981 1504 
788 I 78613909 1504 
789 I 78613993 1504 
790 I 78615097 1504 
791 I 78807655 1504 
792 I 79219428 1504 
793 I 79506968 1504 
794 I 79934854 1504 
795 I 79935052 1504 
796 I 80223577 1504 
797 I 80553350 1504 
798 I 80553472 1504 
799 I 80838909 1504 
800 I 81152651 1504 
801 I 81152847 1504 
802 I 81153082 1504 
803 I 81450522 1504 
804 I 81781270 1504 
805 I 81781458 1504 
806 I 81781781 1504 
807 I 82155879 1504 
808 I 82395172 1504 
809 I 82395259 1504 
810 I 82395353 1504 
811 I 82396680 1504 
812 I 82861732 1504 
813 I 82996811 1504 
814 I 82996924 1504 
815 I 82997684 1504 
816 I 83099330 1504 
817 I 83535025 1504 
818 I 83535284 1504 
819 I 83572682 1504 
820 I 83572874 1504 
821 I 83572963 1504 
822 I 83784149 1504 
823 I 84108737 1504 
824 I 84108916 1504 
825 I 84149059 1504 
826 I 84150363 1504 
827 I 84150578 1504 
828 I 84355029 1504 
829 I 84692252 1504 
830 I 84692356 1504 
831 I 84692581 1504 
832 I 84739974 1504 
833 I 84741915 1504 
834 I 84742167 1504 
835 I 84931372 1504 
836 I 85259352 1504 
837 I 85259567 1504 
838 I 85259978 1504 
839 I 85301484 1504 
840 I 85301596 1504 
841 I 85301702 1504 
842 I 85594779 1504 
843 I 85595136 1504 
844 I 85828938 1504 
845 I 85829088 1504 
846 I 85831038 1504 
847 I 85874974 1504 
848 I 85875091 1504 
849 I 85875293 1504 
850 I 86161257 1504 
851 I 86161383 1504 
852 I 86403474 1504 
853 I 86405956 1504 
854 I 86406132 1504 
855 I 86447654 1504 
856 I 86449473 1504 
857 I 86449778 1504 
858 I 86449954 1504 
859 I 86727336 1504 
860 I 86814766 1504 
861 I 86981669 1504 
862 I 86981764 1504 
863 I 86982009 1504 
864 I 87018222 1504 
865 I 87018354 1504 
866 I 87018753 1504 
867 I 87395303 1504 
868 I 87566121 1504 
869 I 87597518 1504 
870 I 87597722 1504 
871 I 88176366 1504 
872 I 88176624 1504 
873 I 88176970 1504 
874 I 88177536 1504 
875 I 88177620 1504 
876 I 88746900 1504 
877 I 88746993 1504 
878 I 88747164 1504 
879 I 88747259 1504 
880 I 88747475 1504 
881 I 89322734 1504 
882 I 89322920 1504 
883 I 89323039 1504 
884 I 89323171 1504 
885 I 89323322 1504 
886 I 89864819 1504 
887 I 89864933 1504 
888 I 89865183 1504 
889 I 89865725 1504 
890 I 89865849 1504 
891 I 89867948 1504 
892 I 90410747 1504 
893 I 90411009 1504 
894 I 90411310 1504 
895 I 90411569 1504 
896 I 90411674 1504 
897 I 90975599 1504 
898 I 90977219 1504 
899 I 91623362 1504 
900 I 92261632 1504 
901 I 92886730 1504 
902 I 92886852 1504 
903 I 93418080 1504 
904 I 93418247 1504 
905 I 93418509 1504 
906 I 93950474 1504 
907 I 93950641 1504 
908 I 93950729 1504 
909 I 94472647 1504 
910 I 94472771 1504 
911 I 94472885 1504 
912 I 94473062 1504 
913 I 95008594 1504 
914 I 95008858 1504 
915 I 95009133 1504 
916 I 95097550 1504 
917 I 95534846 1504 
918 I 95535049 1504 
919 I 95535415 1504 
920 I 95535521 1504 
921 I 95718649 1504 
922 I 96048146 1504 
923 I 96048261 1504 
924 I 96048409 1504 
925 I 96140550 1504 
926 I 96325581 1504 
927 I 96565735 1504 
928 I 96565916 1504 
929 I 96566626 1504 
930 I 96566867 1504 
931 I 96757581 1504 
932 I 97094518 1504 
933 I 97198547 1504 
934 I 97727114 1504 
935 I 97844812 1504 
936 I 97844967 1504 
937 I 98375892 1504 
938 I 98376085 1504 
939 I 98394143 1504 
940 I 98394213 1504 
941 I 98896765 1504 
942 I 98896990 1504 
943 I 98918299 1504 
944 I 99024895 1504 
945 I 99436589 1504 
946 I 99436783 1504 
947 I 99437033 1504 
948 I 99454698 1504 
949 I 99648678 1504 
950 I 99987107 1504 
951 I 99987200 1504 
952 I 100089723 1504 
953 I 100516223 1504 
954 I 101154082 1504 
955 I 101154263 1504 
956 I 101701521 1504 
957 I 101701694 1504 
958 I 101701800 1504 
959 I 102251001 1504 
960 I 102251292 1504 
961 I 102251432 1504 
962 I 102784729 1504 
963 I 102785093 1504 
964 I 102785272 1504 
965 I 102785463 1504 
966 I 103306032 1504 
967 I 103308132 1504 
968 I 103308381 1504 
969 I 103308710 1504 
970 I 103845552 1504 
971 I 103845720 1504 
972 I 103847086 1504 
973 I 103947164 1504 
974 I 103947271 1504 
975 I 104388101 1504 
976 I 104389313 1504 
977 I 104486461 1504 
978 I 104922446 1504 
979 I 105115454 1504 
980 I 105115640 1504 
981 I 105558963 1504 
982 I 105668781 1504 
983 I 105668909 1504 
984 I 106098510 1504 
985 I 106098820 1504 
986 I 106200846 1504 
987 I 106200945 1504 
988 I 106640535 1504 
989 I 106739347 1504 
990 I 106746188 1504 
991 I 106746352 1504 
992 I 107178282 1504 
993 I 107178405 1504 
994 I 107280686 1504 
995 I 107280877 1504 
996 I 107282514 1504 
997 I 107697260 1504 
998 I 107697568 1504 
999 I 107799010 1504 
1000 I 107799484 1504 
1001 I 107799580 1504 
1002 I 108224514 1504 
1003 I 108224754 1504 
1004 I 108335003 1504 
1005 I 108762330 1504 
1006 I 108874250 1504 
1007 I 109391473 1504 
1008 I 109391686 1504 
1009 I 109518644 1504 
1010 I 109518763 1504 
1011 I 109925108 1504 
1012 I 109925361 1504 
1013 I 110052264 1504 
1014 I 110156863 1504 
1015 I 110468448 1504 
1016 I 110468628 1504 
1017 I 110468714 1504 
1018 I 110595452 1504 
1019 I 110799863 1504 
1020 I 111020199 1504 
1021 I 111020359 1504 
1022 I 111020547 1504 
1023 I 111234851 1504 
1024 I 111547548 1504 
1025 I 111868516 1504 
1026 I 112174677 1504 
1027 I 112489832 1504 
1028 I 112489926 1504 
1029 I 112822522 1504 
1030 I 112822667 1504 
1031 I 113042913 1504 
1032 I 113043056 1504 
1033 I 113373757 1504 
1034 I 113478937 1504 
1035 I 113584627 1504 
1036 I 113584808 1504 
1037 I 113584968 1504 
1038 I 113897526 1504 
1039 I 114114562 1504 
1040 I 114122637 1504 
1041 I 114122978 1504 
1042 I 114123931 1504 
1043 I 114537237 1504 
1044 I 114667928 1504 
1045 I 114668082 1504 
1046 I 114668335 1504 
1047 I 114670086 1504 
1048 I 114771261 1504 
1049 I 115177944 1504 
1050 I 115224425 1504 
1051 I 115224581 1504 
1052 I 115225205 1504 
1053 I 115321885 1504 
1054 I 115415809 1504 
1055 I 115416028 1504 
1056 I 115767933 1504 
1057 I 115768123 1504 
1058 I 115768507 1504 
1059 I 115866514 1504 
1060 I 115866783 1504 
1061 I 115950016 1504 
1062 I 116051956 1504 
1063 I 116298140 1504 
1064 I 116298322 1504 
1065 I 116298761 1504 
1066 I 116386347 1504 
1067 I 116386545 1504 
1068 I 116468329 1504 
1069 I 116468539 1504 
1070 I 116664396 1504 
1071 I 116813661 1504 
1072 I 116813871 1504 
1073 I 116814054 1504 
1074 I 116899956 1504 
1075 I 116900160 1504 
1076 I 116978102 1504 
1077 I 117081400 1504 
1078 I 117281645 1504 
1079 I 117328691 1504 
1080 I 117328818 1504 
1081 I 117329564 1504 
1082 I 117412438 1504 
1083 I 117412698 1504 
1084 I 117412795 1504 
1085 I 117491140 1504 
1086 I 117689414 1504 
1087 I 117843991 1504 
1088 I 117844082 1504 
1089 I 117844196 1504 
1090 I 117934825 1504 
1091 I 117934950 1504 
1092 I 117935135 1504 
1093 I 118008630 1504 
1094 I 118008767 1504 
1095 I 118200699 1504 
1096 I 118349046 1504 
1097 I 118349219 1504 
1098 I 118349481 1504 
1099 I 118349660 1504 
1100 I 118451207 1504 
1101 I 118451340 1504 
1102 I 118525482 1504 
1103 I 118525795 1504 
1104 I 118528172 1504 
1105 I 118812855 1504 
1106 I 118867952 1504 
1107 I 118868098 1504 
1108 I 118868258 1504 
1109 I 118968770 1504 
1110 I 118972654 1504 
1111 I 118972816 1504 
1112 I 119038727 1504 
1113 I 119038828 1504 
1114 I 119039601 1504 
1115 I 119382540 1504 
1116 I 119382631 1504 
1117 I 119382749 1504 
1118 I 119382947 1504 
1119 I 119482543 1504 
1120 I 119485758 1504 
1121 I 119485921 1504 
1122 I 119486617 1504 
1123 I 119548021 1504 
1124 I 119548269 1504 
1125 I 119548634 1504 
1126 I 119877956 1504 
1127 I 119878046 1504 
1128 I 119878144 1504 
1129 I 119969281 1504 
1130 I 119979448 1504 
1131 I 119979547 1504 
1132 I 120041168 1504 
1133 I 120144063 1504 
1134 I 120379227 1504 
1135 I 120380095 1504 
1136 I 120482362 1504 
1137 I 120483394 1504 
1138 I 120775551 1504 
1139 I 120775925 1504 
1140 I 120896060 1504 
1141 I 120896226 1504 
1142 I 120992322 1504 
1143 I 121106147 1504 
1144 I 121290067 1504 
1145 I 121290242 1504 
1146 I 121425422 1504 
1147 I 121512569 1504 
1148 I 121512780 1504 
1149 I 121513157 1504 
1150 I 121628412 1504 
1151 I 121816803 1504 
1152 I 121817079 1504 
1153 I 121951971 1504 
1154 I 122037362 1504 
1155 I 122037604 1504 
1156 I 122039145 1504 
1157 I 122257157 1504 
1158 I 122345994 1504 
1159 I 122346217 1504 
1160 I 122468513 1504 
1161 I 122468731 1504 
1162 I 122553381 1504 
1163 I 122553557 1504 
1164 I 122554355 1504 
1165 I 122852483 1504 
1166 I 122852715 1504 
1167 I 122854080 1504 
1168 I 122978985 1504 
1169 I 122979084 1504 
1170 I 123068820 1504 
1171 I 123374201 1504 
1172 I 123597994 1504 
1173 I 123598257 1504 
1174 I 123909554 1504 
1175 I 123909654 1504 
1176 I 124121439 1504 
1177 I 124121572 1504 
1178 I 124121823 1504 
1179 I 124443614 1504 
1180 I 124554644 1504 
1181 I 124663495 1504 
1182 I 124663576 1504 
1183 I 124664761 1504 
1184 I 125085155 1504 
1185 I 125208292 1504 
1186 I 125208468 1504 
1187 I 125222761 1504 
1188 I 125222923 1504 
1189 I 125223118 1504 
1190 I 125729394 1504 
1191 I 125752296 1504 
1192 I 125752396 1504 
1193 I 125774363 1504 
1194 I 125774502 1504 
1195 I 125774725 1504 
1196 I 126284451 1504 
1197 I 126306023 1504 
1198 I 126306192 1504 
1199 I 126306360 1504 
1200 I 126329162 1504 
1201 I 126329692 1504 
1202 I 126329866 1504 
1203 I 126835874 1504 
1204 I 126856690 1504 
1205 I 126856934 1504 
1206 I 126857190 1504 
1207 I 126879838 1504 
1208 I 126880166 1504 
1209 I 126881055 1504 
1210 I 127401622 1504 
1211 I 127401823 1504 
1212 I 127402124 1504 
1213 I 127402345 1504 
1214 I 127432160 1504 
1215 I 127432343 1504 
1216 I 127434041 1504 
1217 I 127962875 1504 
1218 I 127993653 1504 
1219 I 128085677 1504 
1220 I 128549422 1504 
1221 I 128549651 1504 
1222 I 128634293 1504 
1223 I 128634429 1504 
1224 I 129099783 1504 
1225 I 129099939 1504 
1226 I 129100192 1504 
1227 I 129183541 1504 
1228 I 129270948 1504 
1229 I 129640359 1504 
1230 I 129640520 1504 
1231 I 129640615 1504 
1232 I 129810746 1504 
1233 I 129811242 1504 
1234 I 129811419 1504 
1235 I 130188377 1504 
1236 I 130189513 1504 
1237 I 130189700 1504 
1238 I 130359318 1504 
1239 I 130361082 1504 
1240 I 130361292 1504 
1241 I 130732622 1504 
1242 I 130734238 1504 
1243 I 130734518 1504 
1244 I 130905809 1504 
1245 I 130905912 1504 
1246 I 130909990 1504 
1247 I 130910146 1504 
1248 I 131282824 1504 
1249 I 131282920 1504 
1250 I 131283005 1504 
1251 I 131457636 1504 
1252 I 131459324 1504 
1253 I 131459790 1504 
1254 I 131460965 1504 
1255 I 131832217 1504 
1256 I 131832388 1504 
1257 I 131832788 1504 
1258 I 132007227 1504 
1259 I 132007419 1504 
1260 I 132007697 1504 
1261 I 132007804 1504 
1262 I 132105476 1504 
1263 I 132387865 1504 
1264 I 132388058 1504 
1265 I 132388171 1504 
1266 I 132568596 1504 
1267 I 132568716 1504 
1268 I 132568796 1504 
1269 I 132667378 1504 
1270 I 132763573 1504 
1271 I 132957901 1504 
1272 I 132958094 1504 
1273 I 132958280 1504 
1274 I 133135862 1504 
1275 I 133135993 1504 
1276 I 133136156 1504 
1277 I 133136267 1504 
1278 I 133326089 1504 
1279 I 133417675 1504 
1280 I 133522871 1504 
1281 I 133693322 1504 
1282 I 133693826 1504 
1283 I 133977806 1504 
1284 I 134085302 1504 
1285 I 134261201 1504 
1286 I 134261480 1504 
1287 I 134261743 1504 
1288 I 134536854 1504 
1289 I 134747362 1504 
1290 I 134825924 1504 
1291 I 134826132 1504 
1292 I 134826259 1504 
1293 I 135188985 1504 
1294 I 135189194 1504 
1295 I 135372071 1504 
1296 I 135372268 1504 
1297 I 135372481 1504 
1298 I 135463940 1504 
1299 I 135725769 1504 
1300 I 135725880 1504 
1301 I 135920962 1504 
1302 I 135921498 1504 
1303 I 135921613 1504 
1304 I 136011601 1504 
1305 I 136011717 1504 
1306 I 136276173 1504 
1307 I 136276432 1504 
1308 I 136560003 1504 
1309 I 136659628 1504 
1310 I 136824479 1504 
1311 I 137114701 1504 
1312 I 137311647 1504 
1313 I 137311821 1504 
1314 I 137462916 1504 
1315 I 137761651 1504 
1316 I 137857424 1504 
1317 I 137857646 1504 
1318 I 138005411 1504 
1319 I 138411339 1504 
1320 I 139057826 1504 
1321 I 139698332 1504 
1322 I 139698583 1504 
1323 I 140238117 1504 
1324 I 140238236 1504 
1325 I 140238320 1504 
1326 I 140788914 1504 
1327 I 140789011 1504 
1328 I 140888770 1504 
1329 I 141333059 1504 
1330 I 141333187 1504 
1331 I 141446507 1504 
1332 I 141446614 1504 
1333 I 141884809 1504 
1334 I 141884912 1504 
1335 I 141999119 1504 
1336 I 142091114 1504 
1337 I 142433375 1504 
1338 I 142433464 1504 
1339 I 142553472 1504 
1340 I 142553636 1504 
1341 I 142739357 1504 
1342 I 142989621 1504 
1343 I 142989716 1504 
1344 I 143120614 1504 
1345 I 143221690 1504 
1346 I 143395951 1504 
1347 I 143549505 1504 
1348 I 143549755 1504 
1349 I 143549915 1504 
1350 I 143686302 1504 
1351 I 143869962 1504 
1352 I 144032029 1504 
1353 I 144097679 1504 
1354 I 144097944 1504 
1355 I 144098189 1504 
1356 I 144325654 1504 
1357 I 144522343 1504 
1358 I 144522609 1504 
1359 I 144645834 1504 
1360 I 144645940 1504 
1361 I 144646121 1504 
1362 I 144748032 1504 
1363 I 144988176 1504 
1364 I 145098747 1504 
1365 I 145098891 1504 
1366 I 145215129 1504 
1367 I 145216151 1504 
1368 I 145216284 1504 
1369 I 145311248 1504 
1370 I 145311433 1504 
1371 I 145641389 1504 
1372 I 145653846 1504 
1373 I 145653934 1504 
1374 I 145765937 1504 
1375 I 145766031 1504 
1376 I 145766130 1504 
1377 I 145865745 1504 
1378 I 145955090 1504 
1379 I 146195146 1504 
1380 I 146195439 1504 
1381 I 146298679 1504 
1382 I 146481371 1504 
1383 I 146814359 1504 
1384 I 146935015 1504 
1385 I 147453290 1504 
1386 I 148097871 1504 
1387 I 148745731 1504 
1388 I 148745898 1504 
1389 I 149310244 1504 
1390 I 149310395 1504 
1391 I 149310490 1504 
1392 I 149878534 1504 
1393 I 149878674 1504 
1394 I 149878858 1504 
1395 I 150432698 1504 
1396 I 151085273 1504 
1397 I 151723812 1504 
1398 I 151724049 1504 
1399 I 152279694 1504 
1400 I 152279833 1504 
1401 I 152279992 1504 
1402 I 152817418 1504 
1403 I 152817518 1504 
1404 I 152817671 1504 
1405 I 153358723 1504 
1406 I 153358892 1504 
1407 I 153359260 1504 
1408 I 153359437 1504 
1409 I 153914847 1504 
1410 I 153915041 1504 
1411 I 153915225 1504 
1412 I 153915417 1504 
1413 I 154480032 1504 
1414 I 154480247 1504 
1415 I 154480420 1504 
1416 I 154480734 1504 
1417 I 154579826 1504 
1418 I 155042115 1504 
1419 I 155042301 1504 
1420 I 155137004 1504 
1421 I 155585136 1504 
1422 I 155687062 1504 
1423 I 156235394 1504 
1424 I 156235567 1504 
1425 I 156336464 1504 
1426 I 156786781 1504 
1427 I 156786918 1504 
1428 I 156885351 1504 
1429 I 156885530 1504 
1430 I 157326556 1504 
1431 I 157327030 1504 
1432 I 157425218 1504 
1433 I 157509353 1504 
1434 I 157865281 1504 
1435 I 157865403 1504 
1436 I 157971211 1504 
1437 I 157971344 1504 
1438 I 158156281 1504 
1439 I 158413428 1504 
1440 I 158413785 1504 
1441 I 158517814 1504 
1442 I 158616230 1504 
1443 I 158791680 1504 
1444 I 158958582 1504 
1445 I 158958845 1504 
1446 I 158958944 1504 
1447 I 159055105 1504 
1448 I 159244981 1504 
1449 I 159408637 1504 
1450 I 159475190 1504 
1451 I 159475486 1504 
1452 I 159476095 1504 
1453 I 159668230 1504 
1454 I 159873523 1504 
1455 I 159873815 1504 
1456 I 160003703 1504 
1457 I 160003893 1504 
1458 I 160004928 1504 
1459 I 160102320 1504 
1460 I 160295139 1504 
1461 I 160412647 1504 
1462 I 160412764 1504 
1463 I 160540094 1504 
1464 I 160541813 1504 
1465 I 160542040 1504 
1466 I 160645071 1504 
1467 I 160645281 1504 
1468 I 160942477 1504 
1469 I 160958523 1504 
1470 I 160958621 1504 
1471 I 161083825 1504 
1472 I 161088845 1504 
1473 I 161088991 1504 
1474 I 161191549 1504 
1475 I 161284353 1504 
1476 I 161494348 1504 
1477 I 161494463 1504 
1478 I 161495142 1504 
1479 I 161624383 1504 
1480 I 161624463 1504 
1481 I 161624550 1504 
1482 I 161627555 1504 
1483 I 161823212 1504 
1484 I 161823564 1504 
1485 I 162029006 1504 
1486 I 162157188 1504 
1487 I 162365847 1504 
1488 I 162568602 1504 
1489 I 162787309 1504 
1490 I 162787420 1504 
1491 I 162998450 1504 
1492 I 162998557 1504 
1493 I 163209148 1504 
1494 I 163334617 1504 
1495 I 163334793 1504 
1496 I 163550499 1504 
1497 I 163640301 1504 
1498 I 163846921 1504 
1499 I 163847084 1504 
1500 I 163874100 1504 
1501 I 163874340 1504 
1502 I 164077406 1504 
1503 I 164268642 1504 
1504 I 164385905 1504 
1505 I 164386167 1504 
1506 I 164409744 1504 
1507 I 164503627 1504 
1508 I 164713972 1504 
1509 I 164714164 1504 
1510 I 164913267 1504 
1511 I 164927121 1504 
1512 I 164927249 1504 
1513 I 164938579 1504 
1514 I 165127455 1504 
1515 I 165231778 1504 
1516 I 165231945 1504 
1517 I 165438653 1504 
1518 I 165730419 1504 
1519 I 165735946 1504 
1520 I 165950589 1504 
1521 I 166235232 1504 
1522 I 166235328 1504 
1523 I 166235520 1504 
1524 I 166449527 1504 
1525 I 166745654 1504 
1526 I 166745824 1504 
1527 I 166746308 1504 
1528 I 167058171 1504 
1529 I 167254087 1504 
1530 I 167254288 1504 
1531 I 167254531 1504 
1532 I 167256630 1504 
1533 I 167676475 1504 
1534 I 167760795 1504 
1535 I 167761094 1504 
1536 I 167761260 1504 
1537 I 167858543 1504 
1538 I 168257814 1504 
1539 I 168258141 1504 
1540 I 168258404 1504 
1541 I 168259529 1504 
1542 I 168352154 1504 
1543 I 168352403 1504 
1544 I 168745851 1504 
1545 I 168746133 1504 
1546 I 168746225 1504 
1547 I 168747206 1504 
1548 I 168844196 1504 
1549 I 168844429 1504 
1550 I 169240985 1504 
1551 I 169241161 1504 
1552 I 169241481 1504 
1553 I 169241646 1504 
1554 I 169242469 1504 
1555 I 169339731 1504 
1556 I 169340083 1504 
1557 I 169750164 1504 
1558 I 169751527 1504 
1559 I 169751800 1504 
1560 I 169752261 1504 
1561 I 169845253 1504 
1562 I 169850086 1504 
1563 I 169850262 1504 
1564 I 169850435 1504 
1565 I 170262012 1504 
1566 I 170263063 1504 
1567 I 170263271 1504 
1568 I 170264025 1504 
1569 I 170355399 1504 
1570 I 170449398 1504 
1571 I 170756868 1504 
1572 I 170842604 1504 
1573 I 171338616 1504 
1574 I 171850264 1504 
1575 I 172450639 1504 
1576 I 172450751 1504 
1577 I 172953339 1504 
1578 I 172953449 1504 
1579 I 172953741 1504 
1580 I 173460604 1504 
1581 I 173463464 1504 
1582 I 173463665 1504 
1583 I 173971428 1504 
1584 I 173973795 1504 
1585 I 174575329 1504 
1586 I 175172485 1504 
1587 I 175172807 1504 
1588 I 175703688 1504 
1589 I 175704167 1504 
1590 I 175704461 1504 
1591 I 176232132 1504 
1592 I 176233974 1504 
1593 I 176234137 1504 
1594 I 176752627 1504 
1595 I 176754627 1504 
1596 I 176754926 1504 
1597 I 176755153 1504 
1598 I 177259605 1504 
1599 I 177261247 1504 
1600 I 177261416 1504 
1601 I 177261613 1504 
1602 I 177767852 1504 
1603 I 177768049 1504 
1604 I 177769021 1504 
1605 I 177880071 1504 
1606 I 177880188 1504 
1607 I 178294949 1504 
1608 I 178295206 1504 
1609 I 178297282 1504 
1610 I 178410581 1504 
1611 I 178410728 1504 
1612 I 178817594 1504 
1613 I 178817687 1504 
1614 I 178819492 1504 
1615 I 178921950 1504 
1616 I 178922107 1504 
1617 I 178922227 1504 
1618 I 179322383 1504 
1619 I 179323325 1504 
1620 I 179323433 1504 
1621 I 179422466 1504 
1622 I 179422689 1504 
1623 I 179422849 1504 
1624 I 179820170 1504 
1625 I 179820638 1504 
1626 I 179820827 1504 
1627 I 179920011 1504 
1628 I 179920130 1504 
1629 I 179920651 1504 
1630 I 179920752 1504 
1631 I 180318562 1504 
1632 I 180319723 1504 
1633 I 180319859 1504 
1634 I 180420133 1504 
1635 I 180420502 1504 
1636 I 180420590 1504 
1637 I 180420690 1504 
1638 I 180830518 1504 
1639 I 180830991 1504 
1640 I 180831253 1504 
1641 I 180831351 1504 
1642 I 180924250 1504 
1643 I 180924648 1504 
1644 I 180925105 1504 
1645 I 181026648 1504 
1646 I 181320901 1504 
1647 I 181321191 1504 
1648 I 181322013 1504 
1649 I 181409049 1504 
1650 I 181409974 1504 
1651 I 181410399 1504 
1652 I 181411492 1504 
1653 I 181611163 1504 
1654 I 181611244 1504 
1655 I 181812678 1504 
1656 I 181812760 1504 
1657 I 181815309 1504 
1658 I 181907715 1504 
1659 I 181907802 1504 
1660 I 181907890 1504 
1661 I 182005344 1504 
1662 I 182115675 1504 
1663 I 182115861 1504 
1664 I 182318476 1504 
1665 I 182320843 1504 
1666 I 182320958 1504 
1667 I 182412289 1504 
1668 I 182594002 1504 
1669 I 182609810 1504 
1670 I 182826131 1504 
1671 I 183105527 1504 
1672 I 183105823 1504 
1673 I 183315042 1504 
1674 I 183315301 1504 
1675 I 183597227 1504 
1676 I 183597490 1504 
1677 I 183597634 1504 
1678 I 183801441 1504 
1679 I 183891599 1504 
1680 I 184083140 1504 
1681 I 184083352 1504 
1682 I 184083515 1504 
1683 I 184390315 1504 
1684 I 184390502 1504 
1685 I 184572523 1504 
1686 I 184573151 1504 
1687 I 184573324 1504 
1688 I 184573455 1504 
1689 I 184890580 1504 
1690 I 184981586 1504 
1691 I 185084345 1504 
1692 I 185084479 1504 
1693 I 185085649 1504 
1694 I 185173431 1504 
1695 I 185478618 1504 
1696 I 185478792 1504 
1697 I 185573680 1504 
1698 I 185573859 1504 
1699 I 185577088 1504 
1700 I 185577200 1504 
1701 I 185667162 1504 
1702 I 185970218 1504 
1703 I 185970486 1504 
1704 I 186056349 1504 
1705 I 186060282 1504 
1706 I 186060444 1504 
1707 I 186061841 1504 
1708 I 186251216 1504 
1709 I 186457367 1504 
1710 I 186457522 1504 
1711 I 186457721 1504 
1712 I 186547388 1504 
1713 I 186551662 1504 
1714 I 186551823 1504 
1715 I 186553370 1504 
1716 I 186848105 1504 
1717 I 186954093 1504 
1718 I 186954198 1504 
1719 I 186956023 1504 
1720 I 187053428 1504 
1721 I 187053768 1504 
1722 I 187054892 1504 
1723 I 187160488 1504 
1724 I 187160644 1504 
1725 I 187459784 1504 
1726 I 187466441 1504 
1727 I 187466534 1504 
1728 I 187468583 1504 
1729 I 187562594 1504 
1730 I 187562735 1504 
1731 I 187563344 1504 
1732 I 187671262 1504 
1733 I 187671506 1504 
1734 I 187966342 1504 
1735 I 187974377 1504 
1736 I 187974517 1504 
1737 I 187976977 1504 
1738 I 188067054 1504 
1739 I 188067157 1504 
1740 I 188067330 1504 
1741 I 188068368 1504 
1742 I 188177884 1504 
1743 I 188178048 1504 
1744 I 188472975 1504 
1745 I 188481732 1504 
1746 I 188481901 1504 
1747 I 188484173 1504 
1748 I 188568892 1504 
1749 I 188569030 1504 
1750 I 188569313 1504 
1751 I 188675531 1504 
1752 I 188691836 1504 
1753 I 188692100 1504 
1754 I 188979729 1504 
1755 I 188986561 1504 
1756 I 188987201 1504 
1757 I 188987439 1504 
1758 I 188991299 1504 
1759 I 189079179 1504 
1760 I 189079286 1504 
1761 I 189080672 1504 
1762 I 189191184 1504 
1763 I 189191387 1504 
1764 I 189191839 1504 
1765 I 189486266 1504 
1766 I 189486385 1504 
1767 I 189486875 1504 
1768 I 189491439 1504 
1769 I 189491656 1504 
1770 I 189575106 1504 
1771 I 189577543 1504 
1772 I 189577722 1504 
1773 I 189695975 1504 
1774 I 189696773 1504 
1775 I 189696950 1504 
1776 I 189697075 1504 
1777 I 189983582 1504 
1778 I 189985125 1504 
1779 I 189985222 1504 
1780 I 189987960 1504 
1781 I 190072753 1504 
1782 I 190072840 1504 
1783 I 190075898 1504 
1784 I 190163453 1504 
1785 I 190195166 1504 
1786 I 190195440 1504 
1787 I 190196032 1504 
1788 I 190284954 1504 
1789 I 190482042 1504 
1790 I 190482257 1504 
1791 I 190482387 1504 
1792 I 190572812 1504 
1793 I 190573065 1504 
1794 I 190573538 1504 
1795 I 190661828 1504 
1796 I 190661999 1504 
1797 I 190662180 1504 
1798 I 190695567 1504 
1799 I 190697239 1504 
1800 I 190697365 1504 
1801 I 190788472 1504 
1802 I 190985213 1504 
1803 I 190985405 1504 
1804 I 190985913 1504 
1805 I 191084898 1504 
1806 I 191085131 1504 
1807 I 191085524 1504 
1808 I 191171800 1504 
1809 I 191171877 1504 
1810 I 191173484 1504 
1811 I 191213363 1504 
1812 I 191213480 1504 
1813 I 191214731 1504 
1814 I 191403259 1504 
1815 I 191497199 1504 
1816 I 191497384 1504 
1817 I 191498083 1504 
1818 I 191498452 1504 
1819 I 191595229 1504 
1820 I 191595312 1504 
1821 I 191677602 1504 
1822 I 191680166 1504 
1823 I 191719745 1504 
1824 I 191720966 1504 
1825 I 192003503 1504 
1826 I 192085926 1504 
1827 I 192172190 1504 
1828 I 192172357 1504 
1829 I 192174580 1504 
1830 I 192174689 1504 
1831 I 192217832 1504 
1832 I 192217917 1504 
1833 I 192492901 1504 
1834 I 192658447 1504 
1835 I 192658540 1504 
1836 I 192658788 1504 
1837 I 192660149 1504 
1838 I 192660319 1504 
1839 I 192712544 1504 
1840 I 192801197 1504 
1841 I 193088708 1504 
1842 I 193088835 1504 
1843 I 193164947 1504 
1844 I 193165048 1504 
1845 I 193165177 1504 
1846 I 193166711 1504 
1847 I 193166882 1504 
1848 I 193227777 1504 
1849 I 193409124 1504 
1850 I 193593170 1504 
1851 I 193593388 1504 
1852 I 193676066 1504 
1853 I 193676833 1504 
1854 I 193676917 1504 
1855 I 193678748 1504 
1856 I 193740588 1504 
1857 I 193740671 1504 
1858 I 193740762 1504 
1859 I 193919535 1504 
1860 I 194102624 1504 
1861 I 194102739 1504 
1862 I 194183201 1504 
1863 I 194184512 1504 
1864 I 194184626 1504 
1865 I 194187693 1504 
1866 I 194252268 1504 
1867 I 194252382 1504 
1868 I 194253315 1504 
1869 I 194510628 1504 
1870 I 194600073 1504 
1871 I 194600393 1504 
1872 I 194685847 1504 
1873 I 194686385 1504 
1874 I 194686623 1504 
1875 I 194686863 1504 
1876 I 194688153 1504 
1877 I 194751302 1504 
1878 I 194751462 1504 
1879 I 194751994 1504 
1880 I 195087253 1504 
1881 I 195087372 1504 
1882 I 195088145 1504 
1883 I 195174020 1504 
1884 I 195174094 1504 
1885 I 195175756 1504 
1886 I 195177045 1504 
1887 I 195177146 1504 
1888 I 195236443 1504 
1889 I 195237388 1504 
1890 I 195237595 1504 
1891 I 195585177 1504 
1892 I 195585903 1504 
1893 I 195586119 1504 
1894 I 195586350 1504 
1895 I 195673747 1504 
1896 I 195677588 1504 
1897 I 195731276 1504 
1898 I 195734884 1504 
1899 I 196084126 1504 
1900 I 196179451 1504 
1901 I 196182966 1504 
1902 I 196240037 1504 
1903 I 196240159 1504 
1904 I 196240329 1504 
1905 I 196582824 1504 
1906 I 196583166 1504 
1907 I 196683629 1504 
1908 I 196683901 1504 
1909 I 196734414 1504 
1910 I 196734640 1504 
1911 I 196734740 1504 
1912 I 197084701 1504 
1913 I 197172069 1504 
1914 I 197178592 1504 
1915 I 197178688 1504 
1916 I 197237171 1504 
1917 I 197237284 1504 
1918 I 197237377 1504 
1919 I 197237602 1504 
1920 I 197589045 1504 
1921 I 197682644 1504 
1922 I 197682752 1504 
1923 I 197683693 1504 
1924 I 197744302 1504 
1925 I 197744567 1504 
1926 I 197745064 1504 
1927 I 197837577 1504 
1928 I 198181905 1504 
1929 I 198182368 1504 
1930 I 198182534 1504 
1931 I 198182627 1504 
1932 I 198247686 1504 
1933 I 198247787 1504 
1934 I 198247870 1504 
1935 I 198336050 1504 
1936 I 198336328 1504 
1937 I 198682801 1504 
1938 I 198683601 1504 
1939 I 198683759 1504 
1940 I 198683892 1504 
1941 I 198753495 1504 
1942 I 198753668 1504 
1943 I 198755090 1504 
1944 I 198847569 1504 
1945 I 198847752 1504 
1946 I 199191893 1504 
1947 I 199192024 1504 
1948 I 199192856 1504 
1949 I 199193037 1504 
1950 I 199193495 1504 
1951 I 199266097 1504 
1952 I 199266283 1504 
1953 I 199372017 1504 
1954 I 199843331 1504 
1955 I 200038569 1504 
1956 I 200509025 1504 
1957 I 200509245 1504 
1958 I 200690099 1504 
1959 I 200690237 1504 
1960 I 201048247 1504 
1961 I 201048429 1504 
1962 I 201048513 1504 
1963 I 201216510 1504 
1964 I 201216671 1504 
1965 I 201314193 1504 
1966 I 201580349 1504 
1967 I 201580537 1504 
1968 I 201581472 1504 
1969 I 201748612 1504 
1970 I 201748966 1504 
1971 I 201847975 1504 
1972 I 202130435 1504 
1973 I 202130696 1504 
1974 I 202131810 1504 
1975 I 202131988 1504 
1976 I 202294480 1504 
1977 I 202294627 1504 
1978 I 202387802 1504 
1979 I 202678254 1504 
1980 I 202678497 1504 
1981 I 202679748 1504 
1982 I 202839853 1504 
1983 I 203207277 1504 
1984 I 203464066 1504 
1985 I 203816682 1504 
1986 I 203816872 1504 
1987 I 204076345 1504 
1988 I 204076476 1504 
1989 I 204327831 1504 
1990 I 204328010 1504 
1991 I 204590186 1504 
1992 I 204688789 1504 
1993 I 204852288 1504 
1994 I 204852623 1504 
1995 I 205127521 1504 
1996 I 205127610 1504 
1997 I 205306931 1504 
1998 I 205383916 1504 
1999 I 205384024 1504 
2000 I 205650783 1504 
2001 I 205751630 1504 
2002 I 205907239 1504 
2003 I 205907325 1504 
2004 I 205907957 1504 
2005 I 205908107 1504 
2006 I 206282727 1504 
2007 I 206398273 1504 
2008 I 206463925 1504 
2009 I 206464239 1504 
2010 I 206553695 1504 
2011 I 207006498 1504 
2012 I 207187414 1504 
2013 I 207621963 1504 
2014 I 207798397 1504 
2015 I 208414535 1504 
2016 I 209029442 1504 
2017 I 209029611 1504 
2018 I 209562119 1504 
2019 I 209562253 1504 
2020 I 209562456 1504 
2021 I 210070739 1504 
2022 I 210071587 1504 
2023 I 210071821 1504 
2024 I 210578511 1504 
2025 I 210581834 1504 
2026 I 210581949 1504 
2027 I 210582098 1504 
2028 I 211101300 1504 
2029 I 211104361 1504 
2030 I 211104685 1504 
2031 I 211104780 1504 
2032 I 211619634 1504 
2033 I 211619828 1504 
2034 I 211715815 1504 
2035 I 212125486 1504 
2036 I 212216960 1504 
2037 I 212737562 1504 
2038 I 212737724 1504 
2039 I 212738018 1504 
2040 I 213253198 1504 
2041 I 213255468 1504 
2042 I 213255573 1504 
2043 I 213794081 1504 
2044 I 214310838 1504 
2045 I 214933559 1504 
2046 I 215543608 1504 
2047 I 215543700 1504 
2048 I 216048425 1504 
2049 I 216521671 1504 
2050 I 217102604 1504 
2051 I 217696468 1504 
2052 I 217696635 1504 
2053 I 218187320 1504 
2054 I 218187571 1504 
2055 I 218187826 1504 
2056 I 218677513 1504 
2057 I 218677952 1504 
2058 I 218678044 1504 
2059 I 219165387 1504 
2060 I 219165470 1504 
2061 I 219165692 1504 
2062 I 219165999 1504 
2063 I 219733379 1504 
2064 I 219734638 1504 
2065 I 219734733 1504 
2066 I 220283608 1504 
2067 I 220908347 1504 
2068 I 221532289 1504 
2069 I 221532413 1504 
2070 I 222073909 1504 
2071 I 222074199 1504 
2072 I 222074376 1504 
2073 I 222610671 1504 
2074 I 222612116 1504 
2075 I 222612346 1504 
2076 I 223141362 1504 
2077 I 223141531 1504 
2078 I 223143386 1504 
2079 I 223143592 1504 
2080 I 223661230 1504 
2081 I 223664659 1504 
2082 I 223664902 1504 
2083 I 223665310 1504 
2084 I 224193756 1504 
2085 I 224193931 1504 
2086 I 224194138 1504 
2087 I 224195240 1504 
2088 I 224282531 1504 
2089 I 224737691 1504 
2090 I 224737940 1504 
2091 I 224739158 1504 
2092 I 224827538 1504 
2093 I 224827824 1504 
2094 I 225248804 1504 
2095 I 225248931 1504 
2096 I 225251514 1504 
2097 I 225251700 1504 
2098 I 225342749 1504 
2099 I 225440372 1504 
2100 I 225775962 1504 
2101 I 225776091 1504 
2102 I 225776782 1504 
2103 I 225862195 1504 
2104 I 225862375 1504 
2105 I 225969698 1504 
2106 I 225969891 1504 
2107 I 226303485 1504 
2108 I 226303682 1504 
2109 I 226305179 1504 
2110 I 226380465 1504 
2111 I 226380657 1504 
2112 I 226483911 1504 
2113 I 226582581 1504 
2114 I 226824558 1504 
2115 I 226824675 1504 
2116 I 226828283 1504 
2117 I 226902018 1504 
2118 I 226902212 1504 
2119 I 226902343 1504 
2120 I 227003173 1504 
2121 I 227185164 1504 
2122 I 227347056 1504 
2123 I 227347198 1504 
2124 I 227348379 1504 
2125 I 227419301 1504 
2126 I 227419467 1504 
2127 I 227419620 1504 
2128 I 227611274 1504 
2129 I 227797752 1504 
2130 I 227895205 1504 
2131 I 227895434 1504 
2132 I 227895538 1504 
2133 I 227984137 1504 
2134 I 227984279 1504 
2135 I 227985057 1504 
2136 I 228078921 1504 
2137 I 228265121 1504 
2138 I 228441167 1504 
2139 I 228453045 1504 
2140 I 228453220 1504 
2141 I 228455059 1504 
2142 I 228541575 1504 
2143 I 228541716 1504 
2144 I 228543259 1504 
2145 I 228730439 1504 
2146 I 228730545 1504 
2147 I 228918956 1504 
2148 I 229001828 1504 
2149 I 229001919 1504 
2150 I 229002261 1504 
2151 I 229094684 1504 
2152 I 229094896 1504 
2153 I 229095486 1504 
2154 I 229192322 1504 
2155 I 229286597 1504 
2156 I 229286845 1504 
2157 I 229465664 1504 
2158 I 229547857 1504 
2159 I 229548034 1504 
2160 I 229548268 1504 
2161 I 229642506 1504 
2162 I 229642697 1504 
2163 I 229822383 1504 
2164 I 230074868 1504 
2165 I 230179968 1504 
2166 I 230180187 1504 
2167 I 230358035 1504 
2168 I 230358199 1504 
2169 I 230706401 1504 
2170 I 230706896 1504 
2171 I 230719669 1504 
2172 I 230719756 1504 
2173 I 230887771 1504 
2174 I 230987154 1504 
2175 I 231238945 1504 
2176 I 231239057 1504 
2177 I 231256105 1504 
2178 I 231346681 1504 
2179 I 231518107 1504 
2180 I 231518315 1504 
2181 I 231518403 1504 
2182 I 231767936 1504 
2183 I 231781856 1504 
2184 I 231781936 1504 
2185 I 231863709 1504 
2186 I 232047235 1504 
2187 I 232047323 1504 
2188 I 232047653 1504 
2189 I 232321615 1504 
2190 I 232321841 1504 
2191 I 232322857 1504 
2192 I 232499978 1504 
2193 I 232500250 1504 
2194 I 232581020 1504 
2195 I 232581132 1504 
2196 I 232581732 1504 
2197 I 232852075 1504 
2198 I 232852225 1504 
2199 I 232854389 1504 
2200 I 233031857 1504 
2201 I 233032023 1504 
2202 I 233111377 1504 
2203 I 233112060 1504 
2204 I 233112267 1504 
2205 I 233384103 1504 
2206 I 233385918 1504 
2207 I 233386107 1504 
2208 I 233386414 1504 
2209 I 233550984 1504 
2210 I 233623879 1504 
2211 I 233624286 1504 
2212 I 233625306 1504 
2213 I 233716517 1504 
2214 I 233893856 1504 
2215 I 233894034 1504 
2216 I 233894155 1504 
2217 I 233995159 1504 
2218 I 234120141 1504 
2219 I 234120311 1504 
2220 I 234120911 1504 
2221 I 234214411 1504 
2222 I 234214542 1504 
2223 I 234374377 1504 
2224 I 234374584 1504 
2225 I 234375554 1504 
2226 I 234375724 1504 
2227 I 234480314 1504 
2228 I 234597367 1504 
2229 I 234597553 1504 
2230 I 234597643 1504 
2231 I 234705423 1504 
2232 I 234705623 1504 
2233 I 234869716 1504 
2234 I 234870515 1504 
2235 I 234870745 1504 
2236 I 234872222 1504 
2237 I 235077167 1504 
2238 I 235097667 1504 
2239 I 235097845 1504 
2240 I 235097951 1504 
2241 I 235098131 1504 
2242 I 235203339 1504 
2243 I 235203457 1504 
2244 I 235361764 1504 
2245 I 235362921 1504 
2246 I 235363132 1504 
2247 I 235364404 1504 
2248 I 235593850 1504 
2249 I 235593984 1504 
2250 I 235594136 1504 
2251 I 235594313 1504 
2252 I 235594481 1504 
2253 I 235703657 1504 
2254 I 235797290 1504 
2255 I 235851639 1504 
2256 I 235851852 1504 
2257 I 235851939 1504 
2258 I 235957150 1504 
2259 I 236091526 1504 
2260 I 236091661 1504 
2261 I 236091861 1504 
2262 I 236093306 1504 
2263 I 236093916 1504 
2264 I 236094101 1504 
2265 I 236200078 1504 
2266 I 236349519 1504 
2267 I 236349840 1504 
2268 I 236350738 1504 
2269 I 236448558 1504 
2270 I 236561354 1504 
2271 I 236601743 1504 
2272 I 236601839 1504 
2273 I 236604602 1504 
2274 I 236604875 1504 
2275 I 236604996 1504 
2276 I 236605441 1504 
2277 I 236812087 1504 
2278 I 236861366 1504 
2279 I 236861657 1504 
2280 I 236861870 1504 
2281 I 236863525 1504 
2282 I 237055445 1504 
2283 I 237105812 1504 
2284 I 237106038 1504 
2285 I 237106825 1504 
2286 I 237111375 1504 
2287 I 237111554 1504 
2288 I 237112026 1504 
2289 I 237214386 1504 
2290 I 237362921 1504 
2291 I 237363281 1504 
2292 I 237363416 1504 
2293 I 237366056 1504 
2294 I 237366148 1504 
2295 I 237556858 1504 
2296 I 237601422 1504 
2297 I 237601565 1504 
2298 I 237603930 1504 
2299 I 237610759 1504 
2300 I 237610856 1504 
2301 I 237610977 1504 
2302 I 237611060 1504 
2303 I 237826234 1504 
2304 I 237883102 1504 
2305 I 237883218 1504 
2306 I 237883730 1504 
2307 I 237885980 1504 
2308 I 237886192 1504 
2309 I 238063058 1504 
2310 I 238113991 1504 
2311 I 238114253 1504 
2312 I 238116439 1504 
2313 I 238127760 1504 
2314 I 238128004 1504 
2315 I 238128101 1504 
2316 I 238220522 1504 
2317 I 238383506 1504 
2318 I 238383681 1504 
2319 I 238384470 1504 
2320 I 238384605 1504 
2321 I 238389383 1504 
2322 I 238389537 1504 
2323 I 238558735 1504 
2324 I 238618956 1504 
2325 I 238619152 1504 
2326 I 238619397 1504 
2327 I 238622490 1504 
2328 I 238630597 1504 
2329 I 238630710 1504 
2330 I 238631732 1504 
2331 I 238827887 1504 
2332 I 238901554 1504 
2333 I 238901786 1504 
2334 I 238902788 1504 
2335 I 238909030 1504 
2336 I 238909115 1504 
2337 I 238909215 1504 
2338 I 239141296 1504 
2339 I 239141379 1504 
2340 I 239141560 1504 
2341 I 239149744 1504 
2342 I 239149840 1504 
2343 I 239348094 1504 
2344 I 239425442 1504 
2345 I 239426010 1504 
2346 I 239433701 1504 
2347 I 239434930 1504 
2348 I 239666921 1504 
2349 I 239667163 1504 
2350 I 239866440 1504 
2351 I 239866595 1504 
2352 I 239950294 1504 
2353 I 239950470 1504 
2354 I 239954113 1504 
2355 I 240036751 1504 
2356 I 240176613 1504 
2357 I 240176735 1504 
2358 I 240365546 1504 
2359 I 240449308 1504 
2360 I 240449513 1504 
2361 I 240449816 1504 
2362 I 240536101 1504 
2363 I 240536197 1504 
2364 I 240536317 1504 
2365 I 240679982 1504 
2366 I 240772668 1504 
2367 I 240959632 1504 
2368 I 240959831 1504 
2369 I 240960974 1504 
2370 I 241055467 1504 
2371 I 241055611 1504 
2372 I 241055704 1504 
2373 I 241150217 1504 
2374 I 241300693 1504 
2375 I 241300821 1504 
2376 I 241478615 1504 
2377 I 241482823 1504 
2378 I 241483000 1504 
2379 I 241483082 1504 
2380 I 241570229 1504 
2381 I 241570612 1504 
2382 I 241570705 1504 
2383 I 241665342 1504 
2384 I 241819670 1504 
2385 I 241819833 1504 
2386 I 241992414 1504 
2387 I 241998059 1504 
2388 I 241998237 1504 
2389 I 241998491 1504 
2390 I 242079821 1504 
2391 I 242080172 1504 
2392 I 242080269 1504 
2393 I 242258743 1504 
2394 I 242312508 1504 
2395 I 242312606 1504 
2396 I 242491574 1504 
2397 I 242491649 1504 
2398 I 242500596 1504 
2399 I 242500782 1504 
2400 I 242502750 1504 
2401 I 242579185 1504 
2402 I 242579502 1504 
2403 I 242579748 1504 
2404 I 242808192 1504 
2405 I 242808572 1504 
2406 I 242809087 1504 
2407 I 242982224 1504 
2408 I 242982302 1504 
2409 I 242993943 1504 
2410 I 242996997 1504 
2411 I 242997379 1504 
2412 I 243068531 1504 
2413 I 243068846 1504 
2414 I 243068953 1504 
2415 I 243312068 1504 
2416 I 243498636 1504 
2417 I 243572275 1504 
2418 I 243672381 1504 
2419 I 243906261 1504 
2420 I 244080993 1504 
2421 I 244081181 1504 
2422 I 244081297 1504 
2423 I 244184358 1504 
2424 I 244184525 1504 
2425 I 244503265 1504 
2426 I 244591067 1504 
2427 I 244591147 1504 
2428 I 244591250 1504 
2429 I 244690733 1504 
2430 I 244690923 1504 
2431 I 245009291 1504 
2432 I 245101118 1504 
2433 I 245101387 1504 
2434 I 245101695 1504 
2435 I 245101962 1504 
2436 I 245199937 1504 
2437 I 245200123 1504 
2438 I 245526152 1504 
2439 I 245614499 1504 
2440 I 245614695 1504 
2441 I 245614901 1504 
2442 I 245710533 1504 
2443 I 245721056 1504 
2444 I 245721165 1504 
2445 I 246049471 1504 
2446 I 246134848 1504 
2447 I 246135062 1504 
2448 I 246135242 1504 
2449 I 246135361 1504 
2450 I 246243231 1504 
2451 I 246243482 1504 
2452 I 246243726 1504 
2453 I 246653770 1504 
2454 I 246654006 1504 
2455 I 246654235 1504 
2456 I 246654379 1504 
2457 I 246654490 1504 
2458 I 246750737 1504 
2459 I 246752284 1504 
2460 I 246752423 1504 
2461 I 247157649 1504 
2462 I 247157812 1504 
2463 I 247157994 1504 
2464 I 247158171 1504 
2465 I 247158573 1504 
2466 I 247158817 1504 
2467 I 247258906 1504 
2468 I 247260253 1504 
2469 I 247260601 1504 
2470 I 247668796 1504 
2471 I 247669905 1504 
2472 I 247670046 1504 
2473 I 247670517 1504 
2474 I 247671083 1504 
2475 I 247671252 1504 
2476 I 247772331 1504 
2477 I 247773493 1504 
2478 I 247773595 1504 
2479 I 248181366 1504 
2480 I 248181835 1504 
2481 I 248184466 1504 
2482 I 248184618 1504 
2483 I 248184792 1504 
2484 I 248185793 1504 
2485 I 248185997 1504 
2486 I 248299154 1504 
2487 I 248300257 1504 
2488 I 248300530 1504 
2489 I 248695485 1504 
2490 I 248696894 1504 
2491 I 248697083 1504 
2492 I 248697557 1504 
2493 I 248700664 1504 
2494 I 248700872 1504 
2495 I 248700990 1504 
2496 I 248818974 1504 
2497 I 248819224 1504 
2498 I 248819432 1504 
2499 I 248819900 1504 
2500 I 249197020 1504 
2501 I 249197304 1504 
2502 I 249199496 1504 
2503 I 249202733 1504 
2504 I 249202914 1504 
2505 I 249203385 1504 
2506 I 249296916 1504 
2507 I 249318687 1504 
2508 I 249318876 1504 
2509 I 249319901 1504 
2510 I 249407001 1504 
2511 I 249701103 1504 
2512 I 249701214 1504 
2513 I 249703919 1504 
2514 I 249708723 1504 
2515 I 249709011 1504 
2516 I 249709118 1504 
2517 I 249709263 1504 
2518 I 249831508 1504 
2519 I 249831704 1504 
2520 I 249832631 1504 
2521 I 249927642 1504 
2522 I 249927889 1504 
2523 I 250223851 1504 
2524 I 250227125 1504 
2525 I 250227222 1504 
2526 I 250235139 1504 
2527 I 250237531 1504 
2528 I 250237766 1504 
2529 I 250237861 1504 
2530 I 250354080 1504 
2531 I 250354249 1504 
2532 I 250354727 1504 
2533 I 250451322 1504 
2534 I 250451485 1504 
2535 I 250756464 1504 
2536 I 250756725 1504 
2537 I 250762877 1504 
2538 I 250763034 1504 
2539 I 250772580 1504 
2540 I 250775038 1504 
2541 I 250775233 1504 
2542 I 250775451 1504 
2543 I 250874883 1504 
2544 I 250875003 1504 
2545 I 250875531 1504 
2546 I 250962465 1504 
2547 I 250962598 1504 
2548 I 251272642 1504 
2549 I 251280227 1504 
2550 I 251280347 1504 
2551 I 251280768 1504 
2552 I 251293248 1504 
2553 I 251293548 1504 
2554 I 251293636 1504 
2555 I 251393479 1504 
2556 I 251393677 1504 
2557 I 251393760 1504 
2558 I 251393878 1504 
2559 I 251474671 1504 
2560 I 251474787 1504 
2561 I 251475491 1504 
2562 I 251789184 1504 
2563 I 251789282 1504 
2564 I 251789608 1504 
2565 I 251800647 1504 
2566 I 251800781 1504 
2567 I 251800880 1504 
2568 I 251899647 1504 
2569 I 251903174 1504 
2570 I 251903273 1504 
2571 I 251903365 1504 
2572 I 251903467 1504 
2573 I 251993590 1504 
2574 I 251993882 1504 
2575 I 251994166 1504 
2576 I 252312847 1504 
2577 I 252312941 1504 
2578 I 252314898 1504 
2579 I 252325835 1504 
2580 I 252325997 1504 
2581 I 252326240 1504 
2582 I 252326400 1504 
2583 I 252421364 1504 
2584 I 252421462 1504 
2585 I 252422586 1504 
2586 I 252422720 1504 
2587 I 252422819 1504 
2588 I 252517791 1504 
2589 I 252517977 1504 
2590 I 252518326 1504 
2591 I 252841109 1504 
2592 I 252841344 1504 
2593 I 252842289 1504 
2594 I 252853991 1504 
2595 I 252854352 1504 
2596 I 252854830 1504 
2597 I 252954712 1504 
2598 I 252955754 1504 
2599 I 252955964 1504 
2600 I 252957878 1504 
2601 I 253052828 1504 
2602 I 253053328 1504 
2603 I 253378288 1504 
2604 I 253379571 1504 
2605 I 253387616 1504 
2606 I 253388443 1504 
2607 I 253485750 1504 
2608 I 253486772 1504 
2609 I 253487982 1504 
2610 I 253897801 1504 
2611 I 253897974 1504 
2612 I 253909083 1504 
2613 I 253909328 1504 
2614 I 253909421 1504 
2615 I 254019846 1504 
2616 I 254020070 1504 
2617 I 254020665 1504 
2618 I 254421814 1504 
2619 I 254421901 1504 
2620 I 254433330 1504 
2621 I 254434223 1504 
2622 I 254434559 1504 
2623 I 254543982 1504 
2624 I 254544135 1504 
2625 I 254544513 1504 
2626 I 254544611 1504 
2627 I 254939069 1504 
2628 I 254948036 1504 
2629 I 254948127 1504 
2630 I 254949370 1504 
2631 I 255049953 1504 
2632 I 255061016 1504 
2633 I 255061177 1504 
2634 I 255150110 1504 
2635 I 255453613 1504 
2636 I 255453889 1504 
2637 I 255567632 1504 
2638 I 255738710 1504 
2639 I 255973372 1504 
2640 I 255973518 1504 
2641 I 255973705 1504 
2642 I 256082786 1504 
2643 I 256347190 1504 
2644 I 256496162 1504 
2645 I 256496408 1504 
2646 I 256497372 1504 
2647 I 256695470 1504 
2648 I 256967699 1504 
2649 I 256967948 1504 
2650 I 257027393 1504 
2651 I 257027484 1504 
2652 I 257028212 1504 
2653 I 257319077 1504 
2654 I 257500827 1504 
2655 I 257501020 1504 
2656 I 257567171 1504 
2657 I 257567276 1504 
2658 I 257567408 1504 
2659 I 257567518 1504 
2660 I 257940352 1504 
2661 I 258019207 1504 
2662 I 258019396 1504 
2663 I 258095669 1504 
2664 I 258096263 1504 
2665 I 258096372 1504 
2666 I 258096481 1504 
2667 I 258533056 1504 
2668 I 258533249 1504 
2669 I 258534432 1504 
2670 I 258611987 1504 
2671 I 258612165 1504 
2672 I 258612640 1504 
2673 I 258612897 1504 
2674 I 258705970 1504 
2675 I 259060872 1504 
2676 I 259060961 1504 
2677 I 259061921 1504 
2678 I 259139895 1504 
2679 I 259140067 1504 
2680 I 259140698 1504 
2681 I 259237152 1504 
2682 I 259237442 1504 
2683 I 259589572 1504 
2684 I 259666221 1504 
2685 I 259666817 1504 
2686 I 259753941 1504 
2687 I 260182095 1504 
2688 I 260182250 1504 
2689 I 260182336 1504 
2690 I 260182513 1504 
2691 I 260371209 1504 
2692 I 260708566 1504 
2693 I 260709031 1504 
2694 I 260709810 1504 
2695 I 260810043 1504 
2696 I 260985053 1504 
2697 I 261233319 1504 
2698 I 261233425 1504 
2699 I 261233561 1504 
2700 I 261235359 1504 
2701 I 261426708 1504 
2702 I 261592712 1504 
2703 I 261753914 1504 
2704 I 261754053 1504 
2705 I 261754901 1504 
2706 I 261858089 1504 
2707 I 262040629 1504 
2708 I 262040792 1504 
2709 I 262211087 1504 
2710 I 262268065 1504 
2711 I 262268221 1504 
2712 I 262269189 1504 
2713 I 262473083 1504 
2714 I 262554107 1504 
2715 I 262554262 1504 
2716 I 262729586 1504 
2717 I 262792678 1504 
2718 I 262792910 1504 
2719 I 263073215 1504 
2720 I 263312768 1504 
2721 I 263685503 1504 
2722 I 263921822 1504 
2723 I 263921919 1504 
2724 I 264284431 1504 
2725 I 264284850 1504 
2726 I 264420424 1504 
2727 I 264420512 1504 
2728 I 264420653 1504 
2729 I 264880938 1504 
2730 I 264925800 1504 
2731 I 265439329 1504 
2732 I 265439526 1504 
2733 I 265968362 1504 
2734 I 265968493 1504 
2735 I 266054318 1504 
