0 I 0 774 
1 I 631294 1504 
2 I 7443635 1504 
3 I 18105061 1504 
4 I 18904048 1504 
5 I 18904440 1504 
6 I 19601126 1504 
7 I 19601309 1504 
8 I 20390922 1504 
9 I 23537550 1504 
10 I 24279696 1504 
11 I 25135585 1504 
12 I 25886803 1504 
13 I 28266729 1504 
14 I 28952190 1504 
15 I 28952356 1504 
16 I 29626561 1504 
17 I 32399432 1504 
18 I 32590678 1504 
19 I 33402858 1504 
20 I 33403144 1504 
21 I 39430656 1504 
22 I 40046734 1504 
23 I 40694114 1504 
24 I 52109121 1504 
25 I 52758618 1504 
26 I 52758829 1504 
27 I 76849922 1504 
28 I 77493718 227 
29 I 82281161 1504 
30 I 82903040 1504 
31 I 82903201 1504 
32 I 83501863 1504 
33 I 84124255 1504 
34 I 84764650 1504 
35 I 84764822 1504 
36 I 85508709 1504 
37 I 88418783 1504 
38 I 89217725 1504 
39 I 89217851 1504 
40 I 90027610 1504 
41 I 94954986 774 
42 I 95761821 1504 
43 I 107428273 1504 
44 I 108101079 1504 
45 I 108101663 1504 
46 I 109062661 492 
47 I 109753220 510 
48 I 112758873 510 
49 I 113234797 1297 
50 I 113880836 756 
51 I 114747343 427 
52 I 117790115 427 
53 I 124024912 427 
54 I 124579142 818 
55 I 127594402 1504 
56 I 127594572 1222 
57 I 133178885 1504 
58 I 133905332 1012 
59 I 145149610 1012 
60 I 145763402 171 
61 I 145764013 1504 
62 I 168286755 1504 
63 I 168894137 200 
64 I 168894153 1504 
65 I 179099258 1409 
66 I 179478433 1504 
67 I 179478662 1504 
68 I 180192518 1504 
69 I 180192531 820 
70 I 180785771 1504 
71 I 182067260 1409 
