0 I 0 1504 
1 I 140 1504 
2 I 2418509 1504 
3 I 2418670 1504 
4 I 2418985 1504 
5 I 2539234 1504 
6 I 3147238 1504 
7 I 3147342 1504 
8 I 3256005 1504 
9 I 3256217 1504 
10 I 3386489 1504 
11 I 3386781 1504 
12 I 3953030 1504 
13 I 3953231 1504 
14 I 3953462 1504 
15 I 4070842 1504 
16 I 4070987 1504 
17 I 4194984 1504 
18 I 4195198 1504 
19 I 4757421 1504 
20 I 4757528 1504 
21 I 4856185 1504 
22 I 4883344 1504 
23 I 4883521 1504 
24 I 5001230 1504 
25 I 5001433 1504 
26 I 5565315 1504 
27 I 5565418 1504 
28 I 5688795 1504 
29 I 5688925 1504 
30 I 5689183 1504 
31 I 5785647 1504 
32 I 5806685 1504 
33 I 5806872 1504 
34 I 6345498 1504 
35 I 6345672 1504 
36 I 6470723 1504 
37 I 6471006 1504 
38 I 6557589 1504 
39 I 6580603 1504 
40 I 6580750 1504 
41 I 6676837 1504 
42 I 8446303 1504 
43 I 8446403 1504 
44 I 8446553 1504 
45 I 8446725 1504 
46 I 9198790 1504 
47 I 9199125 1504 
48 I 9199381 1504 
49 I 9199636 1504 
50 I 9199963 1504 
51 I 9200254 1504 
52 I 9949452 1504 
53 I 9949744 1504 
54 I 9949897 1504 
55 I 9950604 1504 
56 I 9950683 1504 
57 I 9950779 1504 
58 I 9952552 1504 
59 I 9952759 1504 
60 I 10699690 1504 
61 I 10699909 1504 
62 I 10701521 1504 
63 I 10701609 1504 
64 I 10701852 1504 
65 I 10702029 1504 
66 I 10703590 1504 
67 I 10703842 1504 
68 I 11465389 1504 
69 I 11465576 1504 
70 I 11466513 1504 
71 I 11466680 1504 
72 I 11466756 1504 
73 I 11466924 1504 
74 I 11469623 1504 
75 I 11469728 1504 
76 I 11469898 1504 
77 I 12235755 1504 
78 I 12235935 1504 
79 I 12236741 1504 
80 I 12236901 1504 
81 I 12237160 1504 
82 I 14854341 1504 
83 I 14854482 1504 
84 I 14854646 1504 
85 I 14920739 1504 
86 I 15641634 1504 
87 I 15641813 1504 
88 I 15703907 1504 
89 I 15704029 1504 
90 I 15704156 1504 
91 I 16447678 1504 
92 I 16448010 1504 
93 I 16448320 1504 
94 I 16506792 1504 
95 I 16507008 1504 
96 I 16507241 1504 
97 I 16601966 1504 
98 I 17265651 1504 
99 I 17265756 1504 
100 I 17324184 1504 
101 I 17324368 1504 
102 I 17324744 1504 
103 I 17324952 1504 
104 I 17514222 1504 
105 I 17514396 1504 
106 I 18069248 1504 
107 I 18069500 1504 
108 I 18126079 1504 
109 I 18126232 1504 
110 I 18126429 1504 
111 I 18126846 1504 
112 I 18316287 1504 
113 I 18316378 1504 
114 I 18875268 1504 
115 I 18875436 1504 
116 I 18925272 1504 
117 I 18925370 1504 
118 I 18926210 1504 
119 I 18926622 1504 
120 I 19123255 1504 
121 I 19123379 1504 
122 I 21690063 1504 
123 I 21690242 1504 
124 I 21690705 1504 
125 I 21837035 1504 
126 I 22537840 1504 
127 I 22537996 1504 
128 I 22627977 1504 
129 I 22628216 1504 
130 I 22779993 1504 
131 I 22780209 1504 
132 I 23393442 1504 
133 I 23393569 1504 
134 I 23393759 1504 
135 I 23483379 1504 
136 I 23483673 1504 
137 I 23632920 1504 
138 I 23633025 1504 
139 I 24244021 1504 
140 I 24244194 1504 
141 I 24327548 1504 
142 I 24327648 1504 
143 I 24422725 1504 
144 I 24482835 1504 
145 I 24483037 1504 
146 I 25104543 1504 
147 I 25104724 1504 
148 I 25189577 1504 
149 I 25189751 1504 
150 I 25189924 1504 
151 I 25342858 1504 
152 I 25343056 1504 
153 I 25434567 1504 
154 I 25957109 1504 
155 I 25957265 1504 
156 I 26043389 1504 
157 I 26043636 1504 
158 I 26129371 1504 
159 I 26195924 1504 
160 I 26196101 1504 
161 I 26385984 1504 
162 I 26874753 1504 
163 I 26874848 1504 
164 I 26884240 1504 
165 I 26884362 1504 
166 I 26884475 1504 
167 I 27027692 1504 
168 I 27027779 1504 
169 I 27132094 1504 
170 I 27302249 1504 
171 I 27684513 1504 
172 I 27684774 1504 
173 I 27693924 1504 
174 I 27694124 1504 
175 I 27790171 1504 
176 I 27831361 1504 
177 I 27831446 1504 
178 I 28039070 1504 
179 I 28219487 1504 
180 I 28497966 1504 
181 I 28498216 1504 
182 I 28498321 1504 
183 I 28505822 1504 
184 I 28506035 1504 
185 I 28643120 1504 
186 I 28643339 1504 
187 I 28751254 1504 
188 I 28942943 1504 
189 I 29119000 1504 
190 I 29310458 1504 
191 I 29310670 1504 
192 I 29318716 1504 
193 I 29318886 1504 
194 I 29417209 1504 
195 I 29468766 1504 
196 I 32525322 1504 
197 I 32525555 1504 
198 I 32525631 1504 
199 I 33254810 1504 
200 I 33254975 1504 
201 I 33255073 1504 
202 I 33348605 1504 
203 I 33348780 1504 
204 I 33966578 1504 
205 I 33966666 1504 
206 I 33967073 1504 
207 I 34056246 1504 
208 I 34056569 1504 
209 I 34056993 1504 
210 I 34148311 1504 
211 I 34148615 1504 
212 I 34669858 1504 
213 I 34670220 1504 
214 I 34670465 1504 
215 I 34754943 1504 
216 I 34755033 1504 
217 I 34755766 1504 
218 I 34755924 1504 
219 I 34843826 1504 
220 I 34844034 1504 
221 I 35363255 1504 
222 I 35363423 1504 
223 I 35444308 1504 
224 I 35444637 1504 
225 I 35445507 1504 
226 I 35445884 1504 
227 I 35527206 1504 
228 I 35527332 1504 
229 I 35617766 1504 
230 I 36027815 1504 
231 I 36027918 1504 
232 I 36096415 1504 
233 I 36096644 1504 
234 I 36096745 1504 
235 I 36098116 1504 
236 I 39091307 1504 
237 I 39091443 1504 
238 I 39091687 1504 
239 I 39756242 1504 
240 I 39756350 1504 
241 I 39756499 1504 
242 I 39853604 1504 
243 I 39853815 1504 
244 I 40450077 1504 
245 I 40450231 1504 
246 I 40450416 1504 
247 I 40539805 1504 
248 I 40540190 1504 
249 I 40545429 1504 
250 I 40545527 1504 
251 I 40545747 1504 
252 I 41156900 1504 
253 I 41156994 1504 
254 I 41245881 1504 
255 I 41246143 1504 
256 I 41253872 1504 
257 I 41253997 1504 
258 I 41254125 1504 
259 I 41254259 1504 
260 I 41857563 1504 
261 I 41857739 1504 
262 I 41944510 1504 
263 I 41944766 1504 
264 I 41952130 1504 
265 I 41952437 1504 
266 I 41952735 1504 
267 I 41952830 1504 
268 I 41953126 1504 
269 I 42554428 1504 
270 I 42554661 1504 
271 I 42646099 1504 
272 I 42646306 1504 
273 I 42653630 1504 
274 I 42653732 1504 
275 I 42655080 1504 
276 I 46002762 1504 
277 I 46003056 1504 
278 I 46003315 1504 
279 I 46718693 1504 
280 I 46718853 1504 
281 I 46718949 1504 
282 I 46821580 1504 
283 I 46821920 1504 
284 I 47436411 1504 
285 I 47436521 1504 
286 I 47436637 1504 
287 I 47528846 1504 
288 I 47529013 1504 
289 I 47537197 1504 
290 I 47537314 1504 
291 I 47537425 1504 
292 I 48140616 1504 
293 I 48140788 1504 
294 I 48224949 1504 
295 I 48225230 1504 
296 I 48236447 1504 
297 I 48236606 1504 
298 I 48236839 1504 
299 I 48237274 1504 
300 I 48863358 1504 
301 I 48863519 1504 
302 I 48863960 1504 
303 I 48960073 1504 
304 I 48960246 1504 
305 I 48970651 1504 
306 I 48970742 1504 
307 I 48971590 1504 
308 I 48972042 1504 
309 I 49605012 1504 
310 I 49605256 1504 
311 I 49695807 1504 
312 I 49696532 1504 
313 I 49696617 1504 
314 I 49708221 1504 
315 I 49708741 1504 
316 I 52451751 1504 
317 I 52451992 1504 
318 I 52452187 1504 
319 I 53195771 1504 
320 I 53196015 1504 
321 I 53196316 1504 
322 I 53301778 1504 
323 I 53301979 1504 
324 I 53918486 1504 
325 I 53918742 1504 
326 I 53918829 1504 
327 I 54024567 1504 
328 I 54024725 1504 
329 I 54030180 1504 
330 I 54030348 1504 
331 I 54030765 1504 
332 I 54643375 1504 
333 I 54643452 1504 
334 I 54643540 1504 
335 I 54736815 1504 
336 I 54750571 1504 
337 I 54750837 1504 
338 I 54754075 1504 
339 I 54754174 1504 
340 I 54847496 1504 
341 I 55366727 1504 
342 I 55366902 1504 
343 I 55472544 1504 
344 I 55484218 1504 
345 I 55484400 1504 
346 I 55484651 1504 
347 I 55484916 1504 
348 I 55573816 1504 
349 I 55574058 1504 
350 I 56107136 1504 
351 I 56107247 1504 
352 I 56107384 1504 
353 I 56234962 1504 
354 I 56235259 1504 
355 I 56235547 1504 
356 I 57866174 1504 
357 I 57866424 1504 
358 I 57866760 1504 
359 I 57866988 1504 
360 I 57867228 1504 
361 I 58620315 1504 
362 I 58620409 1504 
363 I 58620528 1504 
364 I 58621103 1504 
365 I 58621269 1504 
366 I 58621426 1504 
367 I 58714811 1504 
368 I 58714931 1504 
369 I 59397849 1504 
370 I 59398176 1504 
371 I 59402163 1504 
372 I 59402295 1504 
373 I 59402463 1504 
374 I 59402647 1504 
375 I 59497545 1504 
376 I 59497654 1504 
377 I 60165992 1504 
378 I 60166168 1504 
379 I 60171637 1504 
380 I 60171979 1504 
381 I 60172577 1504 
382 I 60172675 1504 
383 I 60172858 1504 
384 I 60264559 1504 
385 I 60264665 1504 
386 I 60944599 1504 
387 I 60944691 1504 
388 I 60955606 1504 
389 I 60955772 1504 
390 I 60956011 1504 
391 I 60956273 1504 
392 I 61043339 1504 
393 I 61043716 1504 
394 I 61134974 1504 
395 I 61740418 1504 
396 I 64385042 1504 
397 I 64385159 1504 
398 I 64385311 1504 
399 I 64445538 1504 
400 I 65171444 1504 
401 I 65171668 1504 
402 I 65232083 1504 
403 I 65232304 1504 
404 I 65232470 1504 
405 I 65952906 1504 
406 I 65953080 1504 
407 I 65953210 1504 
408 I 66005470 1504 
409 I 66005569 1504 
410 I 66005675 1504 
411 I 66103250 1504 
412 I 66103366 1504 
413 I 66714902 1504 
414 I 66715177 1504 
415 I 66769685 1504 
416 I 66770012 1504 
417 I 66770108 1504 
418 I 66771330 1504 
419 I 66771431 1504 
420 I 66868866 1504 
421 I 66869233 1504 
422 I 67494747 1504 
423 I 67494822 1504 
424 I 67552300 1504 
425 I 67552460 1504 
426 I 67555737 1504 
427 I 67555905 1504 
428 I 67646691 1504 
429 I 67647069 1504 
430 I 67647435 1504 
431 I 68296106 1504 
432 I 68296288 1504 
433 I 68355550 1504 
434 I 68355645 1504 
435 I 68359192 1504 
436 I 71200776 1504 
437 I 71201079 1504 
438 I 71201343 1504 
439 I 71951175 1504 
440 I 71951280 1504 
441 I 71951453 1504 
442 I 72045604 1504 
443 I 72045712 1504 
444 I 72674882 1504 
445 I 72675037 1504 
446 I 72675166 1504 
447 I 72769682 1504 
448 I 72769885 1504 
449 I 72770094 1504 
450 I 72770185 1504 
451 I 72770429 1504 
452 I 73419897 1504 
453 I 73420400 1504 
454 I 73517414 1504 
455 I 73517565 1504 
456 I 73517726 1504 
457 I 73518073 1504 
458 I 73518239 1504 
459 I 73518346 1504 
460 I 74164748 1504 
461 I 74164833 1504 
462 I 74267423 1504 
463 I 74267523 1504 
464 I 74268428 1504 
465 I 74268689 1504 
466 I 74269013 1504 
467 I 74269170 1504 
468 I 74915729 1504 
469 I 74915925 1504 
470 I 75006264 1504 
471 I 75006446 1504 
472 I 75006673 1504 
473 I 75007170 1504 
474 I 75007282 1504 
475 I 75007896 1504 
476 I 77950296 1504 
477 I 77950487 1504 
478 I 77950663 1504 
479 I 78699232 1504 
480 I 78699324 1504 
481 I 78699524 1504 
482 I 78798526 1504 
483 I 78798719 1504 
484 I 79492228 1504 
485 I 79492346 1504 
486 I 79492769 1504 
487 I 79582807 1504 
488 I 79582975 1504 
489 I 79584285 1504 
490 I 79584450 1504 
491 I 79584640 1504 
492 I 80287747 1504 
493 I 80287948 1504 
494 I 80381799 1504 
495 I 80381916 1504 
496 I 80383377 1504 
497 I 80383502 1504 
498 I 80383638 1504 
499 I 80383854 1504 
500 I 81085773 1504 
501 I 81086015 1504 
502 I 81174505 1504 
503 I 81175001 1504 
504 I 81178745 1504 
505 I 81178920 1504 
506 I 81179106 1504 
507 I 81179455 1504 
508 I 81179680 1504 
509 I 81862850 1504 
510 I 81862948 1504 
511 I 81938208 1504 
512 I 81938331 1504 
513 I 81942107 1504 
514 I 81942272 1504 
515 I 81942443 1504 
516 I 83293876 1504 
517 I 83293988 1504 
518 I 83294093 1504 
519 I 83294239 1504 
520 I 84027608 1504 
521 I 84027721 1504 
522 I 84027848 1504 
523 I 84030069 1504 
524 I 84030191 1504 
525 I 84030416 1504 
526 I 84766551 1504 
527 I 84766712 1504 
528 I 84766919 1504 
529 I 84769491 1504 
530 I 84769829 1504 
531 I 84770074 1504 
532 I 85768861 1504 
533 I 86638886 1504 
534 I 86639075 1504 
535 I 87402751 1504 
536 I 87403137 1504 
537 I 87403235 1504 
538 I 88172069 1504 
539 I 88172262 1504 
540 I 88172513 1504 
541 I 88269671 1504 
542 I 88269849 1504 
543 I 88946723 1504 
544 I 88946900 1504 
545 I 89051820 1504 
546 I 89052163 1504 
547 I 89052419 1504 
548 I 89716919 1504 
549 I 89717007 1504 
550 I 89815743 1504 
551 I 89815841 1504 
552 I 89908709 1504 
553 I 89908872 1504 
554 I 90453590 1504 
555 I 90453798 1504 
556 I 90544694 1504 
557 I 90544806 1504 
558 I 90633929 1504 
559 I 90634165 1504 
560 I 91185044 1504 
561 I 91185319 1504 
562 I 91281555 1504 
563 I 91281694 1504 
564 I 91368630 1504 
565 I 91368785 1504 
566 I 91925251 1504 
567 I 91925362 1504 
568 I 91925472 1504 
569 I 92027732 1504 
570 I 92027826 1504 
571 I 92113667 1504 
572 I 92113871 1504 
573 I 92700037 1504 
574 I 92700202 1504 
575 I 92797279 1504 
576 I 92806491 1504 
577 I 92806722 1504 
578 I 92893458 1504 
579 I 92893737 1504 
580 I 93486593 1504 
581 I 93486796 1504 
582 I 93591786 1504 
583 I 93592059 1504 
584 I 93592427 1504 
585 I 93673231 1504 
586 I 93673432 1504 
587 I 93762803 1504 
588 I 94267250 1504 
589 I 94267339 1504 
590 I 94368819 1504 
591 I 94369074 1504 
592 I 94447301 1504 
593 I 94447462 1504 
594 I 94534329 1504 
595 I 94534744 1504 
596 I 95052448 1504 
597 I 95052779 1504 
598 I 95164933 1504 
599 I 95165198 1504 
600 I 95240377 1504 
601 I 95240509 1504 
602 I 95240599 1504 
603 I 95311137 1504 
604 I 95311337 1504 
605 I 95814566 1504 
606 I 95814821 1504 
607 I 95937723 1504 
608 I 95937812 1504 
609 I 96007684 1504 
610 I 96008185 1504 
611 I 96024130 1504 
612 I 96074904 1504 
613 I 96075027 1504 
614 I 96551218 1504 
615 I 96551303 1504 
616 I 96689691 1504 
617 I 96689800 1504 
618 I 96767115 1504 
619 I 96767197 1504 
620 I 96834585 1504 
621 I 96834710 1504 
622 I 96834869 1504 
623 I 96933644 1504 
624 I 97322415 1504 
625 I 97322667 1504 
626 I 97448700 1504 
627 I 97448778 1504 
628 I 97530590 1504 
629 I 97530832 1504 
630 I 97600887 1504 
631 I 97601140 1504 
632 I 97699511 1504 
633 I 97807199 1504 
634 I 98093785 1504 
635 I 98093873 1504 
636 I 98215960 1504 
637 I 98216113 1504 
638 I 98301054 1504 
639 I 98301165 1504 
640 I 98375171 1504 
641 I 98375358 1504 
642 I 98375505 1504 
643 I 98846049 1504 
644 I 98846214 1504 
645 I 98854881 1504 
646 I 98855221 1504 
647 I 98980418 1504 
648 I 98980768 1504 
649 I 99068955 1504 
650 I 99069045 1504 
651 I 99135462 1504 
652 I 99135647 1504 
653 I 99242322 1504 
654 I 99607072 1504 
655 I 99607246 1504 
656 I 99611251 1504 
657 I 99611458 1504 
658 I 99746983 1504 
659 I 99747147 1504 
660 I 99824909 1504 
661 I 99825139 1504 
662 I 99890133 1504 
663 I 99890530 1504 
664 I 100100710 1504 
665 I 100100827 1504 
666 I 100379690 1504 
667 I 100379858 1504 
668 I 100383181 1504 
669 I 100383266 1504 
670 I 100519972 1504 
671 I 100520316 1504 
672 I 100606046 1504 
673 I 100606219 1504 
674 I 102954799 1504 
675 I 102955133 1504 
676 I 102955570 1504 
677 I 103154871 1504 
678 I 103734619 1504 
679 I 103734784 1504 
680 I 103825254 1504 
681 I 103825412 1504 
682 I 104033747 1504 
683 I 104033882 1504 
684 I 104517103 1504 
685 I 104517317 1504 
686 I 104517438 1504 
687 I 104607419 1504 
688 I 104607510 1504 
689 I 104607975 1504 
690 I 104812012 1504 
691 I 104812128 1504 
692 I 104812265 1504 
693 I 105290518 1504 
694 I 105290721 1504 
695 I 105290940 1504 
696 I 105383640 1504 
697 I 105383727 1504 
698 I 105383806 1504 
699 I 105383984 1504 
700 I 105588595 1504 
701 I 105588809 1504 
702 I 105688043 1504 
703 I 106081360 1504 
704 I 106081492 1504 
705 I 106165919 1504 
706 I 106166092 1504 
707 I 106166298 1504 
708 I 106166458 1504 
709 I 106166614 1504 
710 I 106265726 1504 
711 I 106376134 1504 
712 I 106376218 1504 
713 I 106570555 1504 
714 I 109386768 1504 
715 I 109386857 1504 
716 I 109387221 1504 
717 I 110193106 1504 
718 I 110193199 1504 
719 I 110193377 1504 
720 I 110282586 1504 
721 I 110282683 1504 
722 I 111004106 1504 
723 I 111004437 1504 
724 I 111004598 1504 
725 I 111088923 1504 
726 I 111089237 1504 
727 I 111089484 1504 
728 I 111174267 1504 
729 I 111174525 1504 
730 I 111813225 1504 
731 I 111813465 1504 
732 I 111813554 1504 
733 I 111894895 1504 
734 I 111895065 1504 
735 I 111895233 1504 
736 I 111895548 1504 
737 I 111895686 1504 
738 I 111980882 1504 
739 I 111980968 1504 
740 I 112607832 1504 
741 I 112608003 1504 
742 I 112694894 1504 
743 I 112694992 1504 
744 I 112695093 1504 
745 I 112695369 1504 
746 I 112695624 1504 
747 I 112695788 1504 
748 I 112772699 1504 
749 I 112772819 1504 
750 I 112772990 1504 
751 I 113399021 1504 
752 I 113399199 1504 
753 I 113491972 1504 
754 I 115771216 1504 
755 I 115771301 1504 
756 I 115771427 1504 
757 I 116190855 1504 
758 I 116553000 1504 
759 I 116553539 1504 
760 I 116639729 1504 
761 I 116639962 1504 
762 I 117036638 1504 
763 I 117037016 1504 
764 I 117302916 1504 
765 I 117303041 1504 
766 I 117303152 1504 
767 I 117379253 1504 
768 I 117379348 1504 
769 I 117379515 1504 
770 I 117761204 1504 
771 I 117761538 1504 
772 I 117761763 1504 
773 I 118017269 1504 
774 I 118017369 1504 
775 I 118017561 1504 
776 I 118477512 1504 
777 I 118477808 1504 
778 I 118477964 1504 
779 I 118478143 1504 
780 I 118478249 1504 
781 I 118478363 1504 
782 I 118576292 1504 
783 I 118733778 1504 
784 I 118734018 1504 
785 I 118833716 1504 
786 I 119193401 1504 
787 I 119193744 1504 
788 I 119194025 1504 
789 I 119194126 1504 
790 I 119194222 1504 
791 I 119194357 1504 
792 I 119390046 1504 
793 I 119442378 1504 
794 I 122853621 1504 
795 I 122853864 1504 
796 I 122854273 1504 
797 I 123524494 1504 
798 I 123524713 1504 
799 I 123524893 1504 
800 I 123611390 1504 
801 I 123611486 1504 
802 I 124192247 1504 
803 I 124192339 1504 
804 I 124192417 1504 
805 I 124274556 1504 
806 I 124274676 1504 
807 I 124274877 1504 
808 I 124374367 1504 
809 I 124374517 1504 
810 I 124858532 1504 
811 I 124858673 1504 
812 I 124858851 1504 
813 I 124944063 1504 
814 I 124944246 1504 
815 I 124944347 1504 
816 I 124944567 1504 
817 I 124944825 1504 
818 I 125039904 1504 
819 I 125039984 1504 
820 I 125532738 1504 
821 I 125532968 1504 
822 I 125621687 1504 
823 I 125621773 1504 
824 I 125621862 1504 
825 I 125621969 1504 
826 I 125622079 1504 
827 I 125622330 1504 
828 I 125716532 1504 
829 I 125716709 1504 
830 I 126187222 1504 
831 I 126187345 1504 
832 I 126264245 1504 
833 I 126264349 1504 
834 I 130610825 1504 
835 I 130611370 1504 
836 I 130611702 1504 
837 I 130884439 1504 
838 I 131270253 1504 
839 I 131270554 1504 
840 I 131366268 1504 
841 I 131366458 1504 
842 I 131648252 1504 
843 I 131648509 1504 
844 I 131951808 1504 
845 I 131952010 1504 
846 I 131952105 1504 
847 I 132045438 1504 
848 I 132045550 1504 
849 I 132045648 1504 
850 I 132314620 1504 
851 I 132315069 1504 
852 I 132315300 1504 
853 I 132602282 1504 
854 I 132602365 1504 
855 I 132602521 1504 
856 I 132694377 1504 
857 I 132694701 1504 
858 I 132694896 1504 
859 I 132695054 1504 
860 I 132970483 1504 
861 I 132970699 1504 
862 I 133070714 1504 
863 I 133071143 1504 
864 I 133261553 1504 
865 I 133261812 1504 
866 I 133344964 1504 
867 I 133345120 1504 
868 I 133346682 1504 
869 I 133346846 1504 
870 I 133443521 1504 
871 I 133636259 1504 
872 I 133636496 1504 
873 I 133725999 1504 
874 I 138914824 1504 
875 I 138915071 1504 
876 I 138915254 1504 
877 I 139577339 1504 
878 I 139577474 1504 
879 I 139577716 1504 
880 I 139669848 1504 
881 I 139670109 1504 
882 I 140240906 1504 
883 I 140241121 1504 
884 I 140241480 1504 
885 I 140333337 1504 
886 I 140333631 1504 
887 I 140335197 1504 
888 I 140335298 1504 
889 I 140335390 1504 
890 I 140916626 1504 
891 I 140916743 1504 
892 I 140916911 1504 
893 I 141002172 1504 
894 I 141002267 1504 
895 I 141002386 1504 
896 I 141002527 1504 
897 I 141002615 1504 
898 I 141006122 1504 
899 I 141006282 1504 
900 I 141565950 1504 
901 I 141566116 1504 
902 I 141647115 1504 
903 I 141647215 1504 
904 I 141647302 1504 
905 I 141647399 1504 
906 I 141647503 1504 
907 I 141647689 1504 
908 I 141647792 1504 
909 I 141651644 1504 
910 I 141651863 1504 
911 I 142223067 1504 
912 I 142223371 1504 
913 I 142294474 1504 
914 I 145034130 1504 
915 I 145034293 1504 
916 I 145034396 1504 
917 I 145694340 1504 
918 I 145694684 1504 
919 I 145694993 1504 
920 I 145791055 1504 
921 I 145791215 1504 
922 I 146371730 1504 
923 I 146371885 1504 
924 I 146371983 1504 
925 I 146467107 1504 
926 I 146467412 1504 
927 I 146475241 1504 
928 I 146475586 1504 
929 I 146475911 1504 
930 I 147040740 1504 
931 I 147040837 1504 
932 I 147040992 1504 
933 I 147130517 1504 
934 I 147130930 1504 
935 I 147136906 1504 
936 I 147137147 1504 
937 I 147143019 1504 
938 I 147143211 1504 
939 I 147236144 1504 
940 I 147679662 1504 
941 I 147679789 1504 
942 I 147777659 1504 
943 I 147777978 1504 
944 I 147783140 1504 
945 I 147783406 1504 
946 I 147791437 1504 
947 I 147791782 1504 
948 I 147886648 1504 
949 I 147886816 1504 
950 I 147886920 1504 
951 I 148329515 1504 
952 I 148329695 1504 
953 I 148440510 1504 
954 I 151920781 1504 
955 I 151920878 1504 
956 I 151921073 1504 
957 I 152518546 1504 
958 I 152518830 1504 
959 I 152519268 1504 
960 I 152618419 1504 
961 I 152618611 1504 
962 I 153114022 1504 
963 I 153114211 1504 
964 I 153114384 1504 
965 I 153204440 1504 
966 I 153204614 1504 
967 I 153210217 1504 
968 I 153210345 1504 
969 I 153210435 1504 
970 I 153692728 1504 
971 I 153692911 1504 
972 I 153693233 1504 
973 I 153782220 1504 
974 I 153782322 1504 
975 I 153782587 1504 
976 I 153789858 1504 
977 I 153790322 1504 
978 I 153790401 1504 
979 I 153790521 1504 
980 I 154299585 1504 
981 I 154299761 1504 
982 I 154391718 1504 
983 I 154391973 1504 
984 I 154392246 1504 
985 I 154392433 1504 
986 I 154405520 1504 
987 I 154405628 1504 
988 I 154405808 1504 
989 I 154405972 1504 
990 I 154913223 1504 
991 I 154913486 1504 
992 I 155000442 1504 
993 I 155000626 1504 
994 I 158534090 1504 
995 I 158534259 1504 
996 I 158534448 1504 
997 I 159194832 1504 
998 I 159195057 1504 
999 I 159195247 1504 
1000 I 159282062 1504 
1001 I 159282224 1504 
1002 I 159847173 1504 
1003 I 159847289 1504 
1004 I 159847425 1504 
1005 I 159936691 1504 
1006 I 159936831 1504 
1007 I 159936946 1504 
1008 I 160029200 1504 
1009 I 160029361 1504 
1010 I 160506168 1504 
1011 I 160506372 1504 
1012 I 160506620 1504 
1013 I 160596996 1504 
1014 I 160597165 1504 
1015 I 160597520 1504 
1016 I 160597769 1504 
1017 I 160597869 1504 
1018 I 160692707 1504 
1019 I 160693064 1504 
1020 I 161174412 1504 
1021 I 161174595 1504 
1022 I 161261925 1504 
1023 I 161262114 1504 
1024 I 161262480 1504 
1025 I 161262754 1504 
1026 I 161263048 1504 
1027 I 161263146 1504 
1028 I 161367902 1504 
1029 I 161368198 1504 
1030 I 161856538 1504 
1031 I 161856864 1504 
1032 I 161943607 1504 
1033 I 161943718 1504 
1034 I 164351073 1504 
1035 I 164351263 1504 
1036 I 164351418 1504 
1037 I 165051202 1504 
1038 I 165051412 1504 
1039 I 165051486 1504 
1040 I 165149889 1504 
1041 I 165150124 1504 
1042 I 165731187 1504 
1043 I 165731488 1504 
1044 I 165731677 1504 
1045 I 165819437 1504 
1046 I 165819645 1504 
1047 I 165826209 1504 
1048 I 165826639 1504 
1049 I 165826898 1504 
1050 I 166442720 1504 
1051 I 166442818 1504 
1052 I 166443157 1504 
1053 I 166523677 1504 
1054 I 166523844 1504 
1055 I 166524079 1504 
1056 I 166529582 1504 
1057 I 166529761 1504 
1058 I 166530976 1504 
1059 I 166531146 1504 
1060 I 167159628 1504 
1061 I 167159963 1504 
1062 I 167160190 1504 
1063 I 167239286 1504 
1064 I 167239568 1504 
1065 I 167239735 1504 
1066 I 167240034 1504 
1067 I 167243719 1504 
1068 I 167243813 1504 
1069 I 167247083 1504 
1070 I 167247182 1504 
1071 I 167872047 1504 
1072 I 167872481 1504 
1073 I 167942009 1504 
1074 I 173758748 1504 
1075 I 173758842 1504 
1076 I 173759084 1504 
1077 I 174429849 1504 
1078 I 174430016 1504 
1079 I 174430277 1504 
1080 I 174524005 1504 
1081 I 174524092 1504 
1082 I 175112143 1504 
1083 I 175112253 1504 
1084 I 175112423 1504 
1085 I 175210059 1504 
1086 I 175210148 1504 
1087 I 175213939 1504 
1088 I 175214098 1504 
1089 I 175214182 1504 
1090 I 175791474 1504 
1091 I 175791572 1504 
1092 I 175791937 1504 
1093 I 175891782 1504 
1094 I 175891875 1504 
1095 I 175900136 1504 
1096 I 175900465 1504 
1097 I 175903578 1504 
1098 I 175903802 1504 
1099 I 175996288 1504 
1100 I 176474797 1504 
1101 I 176475032 1504 
1102 I 176568568 1504 
1103 I 176578617 1504 
1104 I 176579044 1504 
1105 I 176579389 1504 
1106 I 176585964 1504 
1107 I 176586054 1504 
1108 I 176588420 1504 
1109 I 176588655 1504 
1110 I 176784875 1504 
1111 I 177172883 1504 
1112 I 177172957 1504 
1113 I 177271948 1504 
1114 I 179427381 1504 
1115 I 179427629 1504 
1116 I 179427867 1504 
1117 I 179674487 1504 
1118 I 180095149 1504 
1119 I 180095310 1504 
1120 I 180185828 1504 
1121 I 180185923 1504 
1122 I 180426681 1504 
1123 I 180427077 1504 
1124 I 180750531 1504 
1125 I 180750624 1504 
1126 I 180751047 1504 
1127 I 180836493 1504 
1128 I 180836602 1504 
1129 I 180836775 1504 
1130 I 181078598 1504 
1131 I 181078758 1504 
1132 I 181078893 1504 
1133 I 181407279 1504 
1134 I 181407365 1504 
1135 I 181407637 1504 
1136 I 181495758 1504 
1137 I 181496071 1504 
1138 I 181496165 1504 
1139 I 181496292 1504 
1140 I 181749076 1504 
1141 I 181749172 1504 
1142 I 181842029 1504 
1143 I 182083590 1504 
1144 I 182083836 1504 
1145 I 182173927 1504 
1146 I 182174256 1504 
1147 I 182174515 1504 
1148 I 182174693 1504 
1149 I 182174911 1504 
1150 I 182268733 1504 
1151 I 182434492 1504 
1152 I 182434758 1504 
1153 I 182629409 1504 
1154 I 186647524 1504 
1155 I 186647719 1504 
1156 I 186647819 1504 
1157 I 187330253 1504 
1158 I 187330331 1476 
1159 I 197610921 1504 
1160 I 197611153 1504 
1161 I 197611282 1504 
1162 I 198255814 1504 
1163 I 198256181 1504 
1164 I 198256578 1504 
1165 I 198256699 924 
1166 I 199208934 1504 
1167 I 199209029 1504 
1168 I 199209035 632 
1169 I 200720729 632 
