0 I 0 1504 
1 I 253 1504 
2 I 899099 1504 
3 I 899182 1504 
4 I 1760954 1504 
5 I 1769519 1504 
6 I 2633642 1504 
7 I 2633813 1504 
8 I 4315915 1504 
9 I 4315992 1504 
10 I 5012291 1504 
11 I 5940713 1504 
12 I 5941109 1504 
13 I 5941366 1504 
14 I 6783711 1504 
15 I 7325744 1504 
16 I 8153395 1504 
17 I 8153750 1504 
18 I 9085593 1504 
19 I 9086053 1504 
20 I 9876352 1504 
21 I 9876437 1504 
22 I 10819052 1504 
23 I 10819779 1504 
24 I 12559930 1504 
25 I 13385720 1504 
26 I 13385966 1504 
27 I 14064171 1504 
28 I 14282402 1504 
29 I 14282909 1504 
30 I 14990661 1504 
31 I 14991026 1504 
32 I 15075187 1504 
33 I 15075445 1504 
34 I 15848623 1504 
35 I 15849081 1504 
36 I 15849328 1504 
37 I 19901068 1504 
38 I 21608787 1504 
39 I 34885546 1504 
40 I 35592952 1504 
41 I 35593404 1504 
42 I 36276321 1504 
43 I 36276490 1504 
