0 I 0 106 
1 I 1423654 120 
2 I 2146171 77 
3 I 2970889 50 
4 I 3639189 124 
5 I 4348403 364 
6 I 5051459 364 
7 I 5752764 364 
8 I 6455241 124 
9 I 7156046 364 
10 I 7876967 773 
11 I 8573505 364 
12 I 9290316 284 
13 I 9982585 284 
14 I 10688974 364 
15 I 12238342 1084 
16 I 12983203 124 
17 I 13687683 364 
18 I 14391369 364 
19 I 15075931 524 
20 I 15777666 604 
21 I 16472904 364 
22 I 17176727 364 
23 I 17890509 284 
24 I 18594660 364 
25 I 19278103 124 
26 I 19985990 1004 
27 I 20678745 524 
28 I 21382100 1176 
29 I 22080159 844 
30 I 22778455 400 
31 I 23479107 364 
32 I 24178477 284 
33 I 24876511 364 
34 I 25579333 364 
35 I 26281080 124 
36 I 26985074 621 
37 I 27683216 284 
38 I 28384797 364 
39 I 29083791 364 
40 I 29788037 844 
41 I 30486655 364 
42 I 31191671 364 
43 I 31893000 364 
44 I 32593527 612 
45 I 33294880 124 
46 I 33991754 284 
47 I 34695340 364 
48 I 35396897 364 
49 I 36097322 604 
50 I 36798273 604 
51 I 37467398 284 
52 I 38101450 364 
53 I 38852753 124 
54 I 39501873 284 
55 I 40101629 284 
56 I 40702730 364 
57 I 41304876 284 
58 I 41902074 364 
59 I 42504707 364 
60 I 43111075 284 
61 I 43712722 284 
62 I 44307517 124 
63 I 44915914 924 
64 I 45617378 364 
65 I 46351956 120 
66 I 47012064 288 
67 I 47619736 524 
68 I 48321698 604 
69 I 49017347 364 
70 I 49617359 364 
71 I 50230180 124 
72 I 51062385 364 
73 I 51721728 364 
74 I 52567670 692 
75 I 53229475 364 
76 I 53830147 364 
77 I 54525381 604 
78 I 55122435 284 
79 I 55721294 364 
80 I 57132817 124 
81 I 57730782 604 
82 I 58430929 364 
83 I 59214094 364 
84 I 59959323 204 
85 I 60636955 364 
86 I 61229890 364 
87 I 61835615 372 
88 I 62431514 364 
89 I 63168944 364 
90 I 63940363 95 
91 I 64540765 633 
92 I 65282843 561 
93 I 65836838 327 
94 I 66443620 604 
95 I 67039882 604 
96 I 67645482 284 
97 I 68246333 364 
98 I 68887811 294 
99 I 69553784 434 
100 I 70146082 284 
101 I 70748997 364 
102 I 71350308 524 
103 I 71951594 604 
104 I 72550695 604 
105 I 73150259 364 
106 I 73751381 604 
107 I 74370530 284 
108 I 75242432 1084 
109 I 75853122 364 
110 I 76531584 245 
111 I 77153676 483 
112 I 77908565 161 
113 I 78555937 487 
114 I 79264531 604 
115 I 79962075 124 
116 I 80659822 364 
117 I 81359063 604 
118 I 81965169 284 
119 I 82664422 604 
120 I 84099170 66 
121 I 84768951 502 
122 I 85468623 684 
123 I 86169913 612 
124 I 86768882 364 
125 I 87469859 124 
126 I 88071064 604 
127 I 88775064 692 
128 I 89472359 364 
129 I 90176942 364 
130 I 90872339 364 
131 I 91577813 284 
132 I 92285568 284 
133 I 92981328 124 
134 I 93578329 524 
135 I 94175832 364 
136 I 94783155 604 
137 I 95382543 124 
138 I 95979445 284 
139 I 96687431 604 
140 I 97380129 124 
141 I 97983099 284 
142 I 98683430 364 
143 I 99283539 364 
144 I 99987205 844 
145 I 100657327 124 
146 I 101288737 124 
147 I 101989321 364 
148 I 102691950 524 
149 I 103293780 284 
150 I 103893255 364 
151 I 104563319 280 
152 I 105195025 128 
153 I 105797554 364 
154 I 106394932 604 
155 I 106995701 364 
156 I 107597249 284 
157 I 108203842 284 
158 I 108900049 604 
159 I 109507468 284 
160 I 110457598 604 
161 I 110917259 364 
162 I 111508033 364 
163 I 112103975 364 
164 I 112705372 444 
165 I 113426551 232 
166 I 114006331 677 
167 I 114611261 764 
168 I 115210581 364 
169 I 115810747 364 
170 I 116411178 364 
171 I 117008585 844 
172 I 117617705 604 
173 I 118484478 1324 
174 I 119112711 284 
175 I 119715611 364 
176 I 120217333 364 
177 I 120821997 364 
178 I 121419483 284 
179 I 122017214 385 
180 I 122622396 204 
181 I 123500315 524 
182 I 124121090 452 
183 I 124721664 604 
184 I 125326915 372 
185 I 125923282 364 
186 I 126525871 284 
187 I 127126443 284 
188 I 127728025 284 
189 I 128327627 124 
190 I 128933184 284 
191 I 129535491 284 
192 I 130132230 364 
193 I 130729897 292 
194 I 131332947 364 
195 I 131934998 364 
196 I 132531149 364 
197 I 133133596 364 
198 I 133744376 364 
199 I 134336775 524 
200 I 134995825 73 
201 I 135645294 815 
202 I 136238608 524 
203 I 136982011 124 
204 I 137540372 284 
205 I 138142951 604 
206 I 138747303 604 
207 I 139344448 284 
208 I 139950484 124 
209 I 140542578 284 
210 I 141145691 924 
211 I 141748000 604 
212 I 142610067 343 
213 I 143259135 545 
214 I 143853180 372 
215 I 144451909 364 
216 I 145050706 364 
217 I 145651321 284 
218 I 146264838 364 
219 I 146958786 524 
220 I 147655806 764 
221 I 148358977 604 
222 I 148963532 284 
223 I 149663014 604 
224 I 150261748 372 
225 I 150865618 204 
226 I 151466237 364 
227 I 152065338 284 
228 I 152660274 284 
229 I 153262534 364 
230 I 153966786 604 
231 I 154571605 364 
232 I 155172533 604 
233 I 156006993 1164 
234 I 156666431 124 
235 I 157269270 524 
236 I 157867976 444 
237 I 158473786 284 
238 I 159071527 364 
239 I 159918746 604 
240 I 160471498 124 
241 I 161072027 604 
242 I 161676629 524 
243 I 162276552 284 
244 I 162876058 364 
245 I 163480482 924 
246 I 164081787 284 
247 I 165194872 85 
248 I 165780650 83 
249 I 166384093 364 
250 I 166988823 364 
251 I 167591243 364 
252 I 168191467 524 
253 I 168789119 924 
254 I 169383420 284 
255 I 169994006 364 
256 I 170589911 124 
257 I 171192054 524 
258 I 171805978 124 
259 I 172396391 124 
260 I 173273393 284 
261 I 173891484 684 
262 I 174493289 364 
263 I 175094081 372 
264 I 175695221 124 
265 I 176297256 604 
266 I 176937366 284 
267 I 177601202 204 
268 I 178199773 364 
269 I 179081451 604 
270 I 179702970 124 
271 I 180299387 364 
272 I 180901976 284 
273 I 181500676 364 
274 I 182105574 924 
275 I 182722294 313 
276 I 183310554 95 
277 I 183909422 364 
278 I 184508741 604 
279 I 185111501 524 
280 I 185709903 364 
281 I 186315980 1084 
282 I 186910605 604 
283 I 187510969 284 
284 I 188114737 364 
285 I 188713015 284 
286 I 189319034 292 
287 I 189816959 364 
288 I 190415606 364 
289 I 191023885 364 
290 I 191620202 284 
291 I 192224563 284 
292 I 192822320 124 
293 I 193420392 643 
294 I 194023199 364 
295 I 194623599 284 
296 I 195227066 364 
297 I 195822740 604 
298 I 196425157 364 
299 I 197026832 284 
300 I 197626815 524 
301 I 198445817 1164 
302 I 199029159 604 
303 I 199630868 124 
304 I 200231398 764 
305 I 200830123 684 
306 I 201438017 284 
307 I 202032219 284 
308 I 202634204 364 
309 I 203238629 364 
310 I 204128036 93 
311 I 204738928 842 
312 I 205405385 360 
313 I 206637439 524 
314 I 207248996 116 
315 I 207840938 292 
316 I 208678253 532 
317 I 209673220 112 
318 I 210584709 364 
319 I 211382884 284 
320 I 212189825 524 
