0 I 0 1504 
1 I 143 1504 
2 I 1556979 1504 
3 I 2558692 1504 
4 I 2814394 1504 
5 I 2814678 1504 
6 I 4557505 1504 
7 I 5558613 1504 
8 I 5654919 1504 
9 I 5655169 1504 
10 I 7559981 1504 
11 I 8509739 1504 
12 I 8509901 1504 
13 I 9056622 1504 
14 I 10062044 1504 
15 I 11883348 1504 
16 I 11883505 1504 
17 I 13557284 1504 
18 I 14560491 1504 
19 I 24038396 1504 
20 I 24038576 1504 
21 I 25556636 1504 
22 I 26555135 1504 
23 I 26803514 1504 
24 I 26803698 1504 
25 I 28553967 1504 
26 I 29557119 1504 
27 I 31512658 1504 
28 I 31513518 1504 
29 I 33054236 1504 
30 I 34296966 1504 
31 I 34298332 1504 
32 I 37055459 1504 
