0 I 0 331 
1 I 322 210 
2 I 558 1504 
3 I 607228 328 
4 I 607395 915 
5 I 4073536 331 
6 I 4073919 1504 
7 I 4446894 1199 
8 I 4636646 1504 
9 I 4636733 1410 
10 I 5211951 535 
11 I 5771121 331 
12 I 5771660 1504 
13 I 5771757 1504 
14 I 5772009 1504 
15 I 5772200 1504 
16 I 6328266 1248 
17 I 9647362 1504 
18 I 10191303 1248 
19 I 10740889 328 
20 I 10740964 610 
21 I 12147456 1199 
22 I 17344529 349 
23 I 17345467 1504 
24 I 17345752 1504 
25 I 17345960 1042 
26 I 20838490 1504 
27 I 27520355 1504 
