0 I 0 1504 
1 I 171 1504 
2 I 753445 1504 
3 I 753960 1504 
4 I 754049 1504 
5 I 754277 1504 
6 I 1508242 1504 
7 I 1508546 1504 
8 I 1509515 1504 
9 I 1618329 1504 
10 I 1618862 1504 
11 I 1619080 1504 
12 I 2324562 1504 
13 I 2324768 1504 
14 I 2325736 1504 
15 I 2416965 1504 
16 I 2417290 1504 
17 I 2435144 1504 
18 I 2435508 1504 
19 I 2436096 1504 
20 I 2436378 1504 
21 I 3205361 1504 
22 I 3205721 1504 
23 I 3206288 1504 
24 I 3206604 1504 
25 I 3207017 1504 
26 I 3207212 1504 
27 I 3207921 1504 
28 I 3208557 1504 
29 I 3208805 1504 
30 I 3209093 1504 
31 I 3209284 1504 
32 I 3963330 1504 
33 I 3963551 1504 
34 I 3963794 1504 
35 I 3964714 1504 
36 I 3965202 1504 
37 I 3965418 1504 
38 I 3965702 1504 
39 I 4049795 1504 
40 I 4050113 1504 
41 I 4050387 1504 
42 I 4050741 1504 
43 I 4051594 1504 
44 I 4051877 1504 
45 I 4664930 1504 
46 I 4665295 1504 
47 I 4665752 1504 
48 I 4666392 1504 
49 I 4666675 1504 
50 I 4666879 1504 
51 I 4667070 1504 
52 I 4763724 1504 
53 I 4764128 1504 
54 I 4764568 1504 
55 I 4765670 1504 
56 I 4766114 1504 
57 I 4857002 1504 
58 I 4857390 1504 
59 I 4857789 1504 
60 I 4858251 1504 
61 I 4858450 1504 
62 I 10791622 1504 
63 I 10791730 1504 
64 I 11578425 1504 
65 I 11578823 1504 
66 I 11579128 1504 
67 I 11579463 1504 
68 I 12339359 1504 
69 I 12339607 1504 
70 I 12340090 1504 
71 I 12340364 1504 
72 I 12340706 1504 
73 I 12340888 1504 
74 I 13101549 1504 
75 I 13102080 1504 
76 I 13102464 1504 
77 I 13110028 1504 
78 I 13110452 1504 
79 I 13111340 1504 
80 I 13111483 1504 
81 I 13111708 1504 
82 I 13111907 1504 
83 I 13865299 1504 
84 I 13865592 1504 
85 I 13865965 1504 
86 I 13866294 1504 
87 I 13866639 1504 
88 I 13866907 1504 
89 I 13867502 1504 
90 I 13867721 1504 
91 I 13867960 1504 
92 I 13868185 1504 
93 I 13868715 1504 
94 I 13869027 1504 
95 I 13960197 1504 
96 I 13960453 1504 
97 I 14622342 1504 
98 I 14622557 1504 
99 I 14623444 1504 
100 I 14623758 1504 
101 I 14624042 1504 
102 I 14625141 1504 
103 I 14626035 1504 
104 I 14626356 1504 
105 I 14626648 1504 
106 I 14627024 1504 
107 I 14627560 1504 
108 I 14628110 1504 
109 I 14628461 1504 
110 I 14629068 1504 
111 I 14629370 1504 
112 I 14629555 1504 
113 I 14629964 1504 
114 I 14630216 1504 
115 I 14730028 1504 
116 I 14730724 1504 
117 I 14731707 1504 
118 I 15385965 1504 
119 I 15386698 1504 
120 I 15387049 1504 
121 I 15387279 1504 
122 I 15387462 1504 
123 I 15387640 1504 
124 I 15388252 1504 
125 I 15388428 1504 
126 I 15389046 1504 
127 I 15389133 1504 
128 I 15389560 1504 
129 I 15389688 1504 
130 I 15389899 1504 
131 I 15390089 1504 
132 I 15390196 1504 
133 I 15390788 1504 
134 I 15390976 1504 
135 I 15391369 1504 
136 I 15391981 1504 
137 I 15392497 1504 
138 I 15392961 1504 
139 I 15393202 1504 
140 I 15393703 1504 
141 I 15494587 1504 
142 I 15494924 1504 
143 I 15495203 1504 
144 I 15554687 1504 
145 I 15554961 1504 
146 I 20198855 1504 
147 I 20950820 1504 
148 I 20950926 1504 
