0 I 0 1504 
1 I 218 1504 
2 I 1778605 1504 
3 I 2986400 1504 
4 I 4192329 1504 
5 I 5102601 1504 
6 I 7576365 1504 
7 I 7576524 1504 
8 I 8495992 1504 
9 I 8496094 1504 
10 I 8496386 1504 
11 I 9021160 1504 
12 I 9501967 1504 
13 I 9502173 1504 
14 I 9914975 1504 
15 I 9915262 1504 
16 I 11938817 1504 
17 I 12943123 1504 
18 I 13748332 1504 
19 I 15157213 1504 
20 I 16662520 1504 
21 I 16662899 1504 
22 I 19614031 1504 
23 I 19614293 1504 
24 I 19989088 1504 
25 I 20588344 1504 
26 I 20588430 1504 
27 I 20588600 1504 
28 I 20689888 1504 
29 I 20929163 1504 
30 I 20929378 1504 
31 I 21869799 1504 
32 I 21870109 1504 
33 I 21897950 1504 
34 I 22854592 1504 
35 I 22854928 1504 
36 I 22904222 1504 
37 I 22904349 1504 
38 I 23810173 1504 
39 I 23977087 1504 
40 I 23977192 1504 
41 I 23977217 774 
42 I 25033158 1504 
43 I 25033348 1504 
44 I 25033516 1504 
45 I 25033635 1504 
46 I 25033825 1358 
47 I 25221591 1504 
48 I 26243217 1504 
49 I 26243237 547 
50 I 26286946 1504 
51 I 26287069 1504 
52 I 27433403 1504 
53 I 28538763 1504 
54 I 29442550 1504 
55 I 29455777 1504 
56 I 29456397 1504 
57 I 30249681 1504 
58 I 30395990 1504 
59 I 30396182 1504 
60 I 30491480 1504 
61 I 30491722 1504 
62 I 30513171 1504 
63 I 30513332 1504 
64 I 31652807 1504 
65 I 32523497 1504 
66 I 32523658 1504 
67 I 33464054 1504 
68 I 33865813 1504 
69 I 34066832 1504 
70 I 34476642 1504 
71 I 34663151 1504 
72 I 34663488 1504 
73 I 34873838 1504 
74 I 34873966 1504 
75 I 35446684 1504 
76 I 35446974 1504 
77 I 35449684 1504 
78 I 35449839 1504 
79 I 38292998 1504 
80 I 38798520 1504 
81 I 39093607 1504 
82 I 39093706 1504 
83 I 39498917 1504 
84 I 40128955 774 
85 I 40128960 1504 
86 I 40362564 1504 
87 I 40362702 1504 
88 I 41229635 1504 
89 I 41230067 1504 
90 I 42416669 1504 
91 I 44126630 1504 
92 I 44528386 1504 
93 I 45636569 1504 
94 I 45735795 1504 
95 I 46533192 1504 
96 I 46533461 1504 
97 I 48654284 1504 
98 I 49456823 1504 
99 I 49458858 1504 
100 I 50490806 1504 
101 I 50491066 1504 
102 I 51175213 1504 
103 I 51344421 1504 
104 I 51344812 1504 
105 I 52174672 1504 
106 I 54586627 1504 
107 I 55290900 1504 
108 I 57139131 1504 
109 I 57139289 1504 
110 I 57986690 1504 
111 I 57986838 1504 
112 I 57986944 1504 
113 I 58824709 1504 
114 I 58825014 1504 
115 I 58825310 1504 
116 I 58825499 1504 
117 I 58825779 1504 
118 I 60119234 1504 
119 I 60682626 1504 
120 I 60682790 1504 
121 I 61226421 1504 
122 I 62121169 1504 
123 I 62121449 1504 
124 I 62240377 1504 
125 I 62497142 1504 
126 I 62497238 1504 
127 I 62966831 1504 
128 I 62967333 1504 
129 I 63273804 1504 
130 I 63273905 1504 
131 I 64305469 1504 
132 I 64305858 1504 
133 I 64445217 1504 
134 I 64698190 1504 
135 I 64698534 1504 
136 I 65323533 1504 
137 I 65323823 1504 
138 I 66557481 1504 
139 I 67444878 1504 
140 I 67445337 1504 
141 I 67670652 1504 
142 I 69071806 1504 
143 I 70066889 1504 
144 I 70067248 1504 
145 I 70078630 1504 
146 I 71030328 1504 
147 I 71030350 774 
148 I 71486742 1504 
149 I 72292662 1504 
150 I 72340517 1504 
151 I 72340698 1504 
152 I 72895351 1504 
153 I 73095403 1504 
154 I 73134720 1504 
155 I 73134901 1504 
156 I 73372957 1504 
157 I 73698455 1504 
158 I 74504222 1504 
159 I 78325959 774 
160 I 81556550 1504 
161 I 81556673 1504 
162 I 83758627 1504 
163 I 84583420 1504 
164 I 84583581 1504 
165 I 85769208 1504 
166 I 86603428 1504 
167 I 86603570 1504 
168 I 87423257 1504 
169 I 87423506 1504 
170 I 87423688 1504 
171 I 90604867 1504 
172 I 91804529 1504 
173 I 92505763 1504 
174 I 92505885 1504 
175 I 92710647 1504 
176 I 95426643 1504 
177 I 96272003 1504 
178 I 96272114 1504 
179 I 96778536 1504 
180 I 96778626 1504 
181 I 97042432 1504 
182 I 97664723 1504 
183 I 97664853 1504 
184 I 97665028 1504 
185 I 98603763 1504 
186 I 98604022 1504 
187 I 98604340 1504 
188 I 98604595 1504 
189 I 98646833 1504 
190 I 98819311 1504 
191 I 98819405 1504 
192 I 99466371 1504 
193 I 99466544 1504 
194 I 99466637 1504 
195 I 99486238 1504 
196 I 99486504 1504 
197 I 100363515 1504 
198 I 100363778 1504 
199 I 102267521 1504 
200 I 102980341 1504 
201 I 103171619 1504 
202 I 103681111 1504 
203 I 103963613 1504 
204 I 103963714 1504 
205 I 104051877 711 
206 I 104051882 1504 
207 I 104781016 1504 
208 I 105909595 1504 
209 I 105909868 1504 
210 I 108906235 1504 
211 I 109912482 1504 
212 I 109912965 1504 
213 I 110325080 1504 
214 I 110916979 1504 
215 I 110990856 1504 
216 I 110991035 1504 
217 I 111183890 1504 
218 I 111184188 1504 
219 I 111924167 1504 
220 I 112115924 1504 
221 I 112116275 1504 
222 I 112116503 1504 
223 I 113202059 1504 
224 I 113202375 1504 
225 I 114337555 1504 
226 I 114844235 1504 
227 I 115443813 1504 
228 I 115648342 1504 
229 I 116147129 1504 
230 I 116299342 1504 
231 I 116299447 1504 
232 I 116658290 1504 
233 I 116658558 1504 
234 I 117053572 774 
235 I 117155049 1504 
236 I 117963823 1504 
237 I 118926503 1504 
238 I 118926781 1504 
239 I 122188445 1504 
240 I 122483382 1504 
241 I 123102462 1504 
242 I 124999022 1504 
243 I 125903862 1504 
244 I 126205151 1504 
245 I 129224188 1504 
246 I 129362534 1504 
247 I 129362712 1504 
248 I 132341884 1504 
249 I 133129652 1504 
250 I 133129773 1504 
251 I 134253589 1504 
252 I 135000782 1504 
253 I 135000889 1504 
254 I 135666486 1504 
255 I 135943720 1504 
256 I 136776848 1504 
257 I 137778425 1504 
258 I 138379079 1504 
259 I 138477472 1504 
260 I 139080839 1504 
261 I 139187507 1504 
262 I 143004610 1504 
263 I 143809143 1504 
264 I 143809395 1504 
265 I 144794532 1504 
266 I 144794542 774 
267 I 144917423 1504 
268 I 146529976 1504 
269 I 147489539 1504 
270 I 147489850 1504 
271 I 148133429 1504 
272 I 148309629 1504 
273 I 151150895 1504 
274 I 151557300 1504 
275 I 151981488 1504 
276 I 151981793 1504 
277 I 152389307 1504 
278 I 152389450 1504 
279 I 152811585 1504 
280 I 152811791 1504 
281 I 153163077 1504 
282 I 153387317 1504 
283 I 154767799 1504 
284 I 154767892 1504 
285 I 155581600 1504 
286 I 155581880 1504 
287 I 155582089 1504 
288 I 155982032 1504 
289 I 156004180 1504 
290 I 156004257 1504 
291 I 156521135 1504 
292 I 156521313 1504 
293 I 156885020 1504 
294 I 157699069 1504 
295 I 157699179 1504 
296 I 158897336 1504 
297 I 159902175 1504 
298 I 160857742 1504 
299 I 160857866 1504 
300 I 161644876 1504 
301 I 161645008 1504 
302 I 162417839 1504 
303 I 163255703 1504 
304 I 163255905 1504 
305 I 163624823 1504 
306 I 164128014 1504 
307 I 164730387 1504 
308 I 164988408 1504 
309 I 164988611 1504 
310 I 166022459 1504 
311 I 166641688 774 
312 I 166642072 1504 
313 I 167606148 1504 
314 I 167606287 1504 
315 I 168355831 1504 
316 I 168392821 1504 
317 I 168393007 1504 
318 I 168393248 1504 
319 I 169390863 1504 
320 I 169459056 1504 
321 I 170247947 1504 
322 I 170248140 1504 
323 I 171039673 1504 
324 I 171039882 1504 
325 I 174186624 1504 
326 I 174388712 850 
327 I 174960837 1504 
328 I 174961025 1504 
329 I 174990401 1504 
330 I 175746534 1504 
331 I 175746650 1504 
332 I 175908093 1504 
333 I 176097078 1504 
334 I 176866904 1504 
335 I 176867161 1504 
336 I 178084059 1504 
337 I 178084488 1504 
338 I 178813550 1504 
339 I 179216548 1504 
340 I 181703214 1504 
341 I 181703534 1504 
342 I 181729452 1504 
343 I 184431254 1504 
344 I 184431467 1504 
345 I 185426487 1504 
346 I 185426732 1504 
347 I 185854369 1504 
348 I 186735401 1504 
349 I 186735670 1504 
350 I 186761187 1504 
351 I 186960888 1504 
352 I 187544553 1504 
353 I 187544772 1504 
354 I 187933930 1504 
355 I 187934154 1504 
356 I 188871698 1504 
357 I 189274318 1504 
358 I 189626209 1504 
359 I 189626351 1504 
360 I 190928873 1504 
361 I 190929042 1504 
362 I 192393306 1504 
363 I 192996681 1504 
364 I 193753439 1504 
365 I 193753666 1504 
366 I 199938188 1504 
367 I 200692281 1504 
368 I 200692362 1504 
369 I 201382662 1504 
370 I 201382834 1504 
371 I 202044879 1504 
372 I 202045055 1504 
373 I 204261309 1504 
374 I 204463427 1504 
375 I 205134900 1504 
376 I 205135236 1504 
377 I 205168642 1504 
378 I 206978305 1504 
379 I 210096025 1504 
380 I 210198178 1504 
381 I 210398223 1504 
382 I 211036683 1504 
383 I 211036881 1504 
384 I 213214535 1504 
385 I 213770466 1504 
386 I 213770651 1504 
387 I 219753826 1504 
388 I 220155109 1504 
389 I 220438651 1504 
390 I 220438929 1504 
391 I 221283985 1504 
392 I 224580826 1504 
393 I 225412635 1504 
394 I 225413101 1504 
395 I 228727012 1504 
396 I 228727155 1504 
397 I 228987013 1504 
398 I 228987194 1504 
399 I 229453614 1504 
400 I 229453679 1006 
401 I 231721951 1504 
402 I 232024713 1504 
403 I 232783826 1504 
404 I 232784128 1504 
405 I 235444184 1504 
406 I 236193498 1504 
407 I 236193687 1504 
408 I 237757645 1504 
409 I 237963329 1504 
410 I 239165596 1504 
411 I 239921712 1504 
412 I 239921940 1504 
413 I 240275918 1504 
414 I 240711527 1504 
415 I 240711939 1504 
416 I 241054578 1504 
417 I 243191981 1504 
418 I 243899207 1504 
419 I 244614534 1504 
420 I 244614715 1504 
421 I 246006971 1504 
422 I 247514667 1504 
423 I 249828910 1504 
424 I 251037305 1504 
425 I 251138309 1504 
426 I 256064718 1504 
427 I 258741301 1504 
428 I 258741626 1504 
429 I 261374001 1504 
430 I 261374116 1504 
431 I 263583643 1504 
432 I 263583730 1504 
433 I 263910491 1504 
434 I 264701074 1504 
435 I 264701491 1504 
436 I 266525753 1504 
437 I 267465640 1504 
438 I 267466148 1504 
439 I 268125871 1504 
440 I 268126168 1504 
441 I 268126406 774 
442 I 272560940 1504 
443 I 273969877 1504 
444 I 274170037 1504 
445 I 281211810 1504 
446 I 290267638 1504 
447 I 290365692 1504 
448 I 291138378 1504 
449 I 291138662 1504 
450 I 291237024 1504 
451 I 291237347 1504 
452 I 291638461 1504 
453 I 291638633 1504 
454 I 292787663 1504 
455 I 292787748 1504 
456 I 294589110 1504 
457 I 295346383 1504 
458 I 295346477 1504 
459 I 295796768 1504 
460 I 297109113 1504 
