0 I 0 228 
1 I 27585 228 
2 I 187611 1504 
3 I 187729 1504 
4 I 644250 1504 
5 I 644400 1504 
6 I 644499 1504 
7 I 692773 1504 
8 I 692894 1504 
9 I 1098556 1504 
10 I 1098680 1504 
11 I 1098804 1504 
12 I 1099278 1504 
13 I 1099424 1504 
14 I 1144265 1504 
15 I 1144406 1504 
16 I 1144558 1504 
17 I 1537816 1504 
18 I 1537942 1504 
19 I 1538066 1504 
20 I 1539128 1504 
21 I 1539249 1504 
22 I 1539377 1504 
23 I 1570777 1504 
24 I 1570918 1504 
25 I 1580753 1504 
26 I 1580892 1504 
27 I 1581212 1504 
28 I 1587953 1504 
29 I 1588083 1504 
30 I 1961637 1504 
31 I 1961758 1504 
32 I 1961974 1504 
33 I 1962537 1504 
34 I 1962645 1504 
35 I 1963596 1504 
36 I 1963681 1504 
37 I 1963805 1504 
38 I 1995737 1504 
39 I 1995862 1504 
40 I 1995994 1504 
41 I 1996294 1504 
42 I 1996424 1504 
43 I 2006716 1504 
44 I 2006858 1504 
45 I 2007102 1504 
46 I 2007445 1504 
47 I 2007561 1504 
48 I 2012617 1504 
49 I 2012740 1504 
50 I 2012956 1504 
51 I 2396429 1504 
52 I 2396571 1504 
53 I 2396761 1504 
54 I 2396822 1504 
55 I 2396944 1504 
56 I 2397058 1504 
57 I 2397183 1504 
58 I 2397312 1504 
59 I 2398037 1504 
60 I 2398168 1504 
61 I 2398306 1504 
62 I 2398543 1504 
63 I 2398664 1504 
64 I 2430400 1504 
65 I 2430508 1504 
66 I 2430619 1504 
67 I 2430734 1504 
68 I 2430915 1504 
69 I 2431314 1504 
70 I 2431410 1504 
71 I 2431541 1504 
72 I 2441232 1504 
73 I 2441343 1504 
74 I 2441669 1504 
75 I 2442044 1504 
76 I 2442090 984 
77 I 2442251 1504 
78 I 2442376 1504 
79 I 2442511 1504 
80 I 2447408 1504 
81 I 2447656 1504 
82 I 2447777 1504 
83 I 2543415 1504 
84 I 2543567 1504 
85 I 2830019 1504 
86 I 2830116 1504 
87 I 2830234 1504 
88 I 2830477 1504 
89 I 2830598 1504 
90 I 2830736 1504 
91 I 2830862 1504 
92 I 2830994 1504 
93 I 2831125 1504 
94 I 2831250 1504 
95 I 2831374 1504 
96 I 2831520 1504 
97 I 2832628 1504 
98 I 2832733 1504 
99 I 2832980 1504 
100 I 2833224 1504 
101 I 2833477 1504 
102 I 2833748 1504 
103 I 2833877 1504 
104 I 2834012 1504 
105 I 2863166 1504 
106 I 2863411 1504 
107 I 2863690 1504 
108 I 2864024 1504 
109 I 2864109 1504 
110 I 2864231 1504 
111 I 2864361 1504 
112 I 2864500 1504 
113 I 2864610 1504 
114 I 2865173 1504 
115 I 2865299 1504 
116 I 2865425 1504 
117 I 2873871 1504 
118 I 2873990 1504 
119 I 2874544 1504 
120 I 2875233 1504 
121 I 2875362 1504 
122 I 2875532 1504 
123 I 2875797 1504 
124 I 2876044 1504 
125 I 2876292 1504 
126 I 2876430 1504 
127 I 2876559 1504 
128 I 2876727 1504 
129 I 2876829 1504 
130 I 2879924 1504 
131 I 2880041 1504 
132 I 2880166 1504 
133 I 2880288 1504 
134 I 2880412 1504 
135 I 2974954 1504 
136 I 2975076 1504 
137 I 2975194 1504 
138 I 3272395 1504 
139 I 3272490 1504 
140 I 3272626 1504 
141 I 3272775 1504 
142 I 3272892 1504 
143 I 3273007 1504 
144 I 3273144 1504 
145 I 3273320 1504 
146 I 3273404 1504 
147 I 3273516 1504 
148 I 3273652 1504 
149 I 3273763 1504 
150 I 3273891 1504 
151 I 3274029 1504 
152 I 3275293 1504 
153 I 3275394 1504 
154 I 3275686 1504 
155 I 3275892 1504 
156 I 3276029 1504 
157 I 3276180 1504 
158 I 3276298 1504 
159 I 3276446 1504 
160 I 3277206 1504 
161 I 3277331 1504 
162 I 3277454 1504 
163 I 3277573 1504 
164 I 3277696 1504 
165 I 3309608 1504 
166 I 3314107 1504 
167 I 3314278 1504 
168 I 3314448 1504 
169 I 3314569 1504 
170 I 3314652 1504 
171 I 3314742 1504 
172 I 3314867 1504 
173 I 3315012 1504 
174 I 3315108 1504 
175 I 3315220 1504 
176 I 3315350 1504 
177 I 3315478 1504 
178 I 3319109 1504 
179 I 3319339 1504 
180 I 3319476 1504 
181 I 3319993 1504 
182 I 3320149 1504 
183 I 3320251 1504 
184 I 3320367 1504 
185 I 3320490 1504 
186 I 3320606 1504 
187 I 3321163 1504 
188 I 3321305 1504 
189 I 3321718 1504 
190 I 3321831 1504 
191 I 3321953 1504 
192 I 3322078 1504 
193 I 3322224 1504 
194 I 3322334 1504 
195 I 3322482 1504 
196 I 3322580 1504 
197 I 3322733 1504 
198 I 3324888 1504 
199 I 3325032 1504 
200 I 3325143 1504 
201 I 3325524 1504 
202 I 3325660 1504 
203 I 3325787 1504 
204 I 3325955 1504 
205 I 3326086 1504 
206 I 3419441 1504 
207 I 3419564 1504 
208 I 3419689 1504 
209 I 3419833 1504 
210 I 3419949 1504 
211 I 3739831 1504 
212 I 3740150 1504 
213 I 3740273 1504 
214 I 3740378 1504 
215 I 3741120 1504 
216 I 3741255 1504 
217 I 3741370 1504 
218 I 3741511 1504 
219 I 3741635 1504 
220 I 3741771 1504 
221 I 3744328 1504 
222 I 3744572 1504 
223 I 3744838 1504 
224 I 3744942 1504 
225 I 3745075 1504 
226 I 3745189 1504 
227 I 3745311 1504 
228 I 3745458 1504 
229 I 3745466 1038 
230 I 3793219 1504 
231 I 3793373 1504 
232 I 3793440 1504 
233 I 3794387 1504 
234 I 3794511 1504 
235 I 3794625 1504 
236 I 3794748 1504 
237 I 3794878 1504 
238 I 3795125 1504 
239 I 3795302 1504 
240 I 3795542 1504 
241 I 3795748 1504 
242 I 3795876 1504 
243 I 3796249 1504 
244 I 3796378 1504 
245 I 3796492 1504 
246 I 3796616 1504 
247 I 3796750 1504 
248 I 3796877 1504 
249 I 3798221 1504 
250 I 3798332 1504 
251 I 3798422 1504 
252 I 3798547 1504 
253 I 3798670 1504 
254 I 3798816 1504 
255 I 3798922 1504 
256 I 3800716 1504 
257 I 3800845 1504 
258 I 3800961 1504 
259 I 3802376 1504 
260 I 3802518 1504 
261 I 3802658 1504 
262 I 3802748 1504 
263 I 3802872 1504 
264 I 3803006 1504 
265 I 3898197 1504 
266 I 3898985 1504 
267 I 3899108 1504 
268 I 3899261 1504 
269 I 3899347 1504 
270 I 4278652 1504 
271 I 4278792 1504 
272 I 4278916 1504 
273 I 4279036 1504 
274 I 4279160 1504 
275 I 4279383 1504 
276 I 4279518 1504 
277 I 4279634 1504 
278 I 4279766 1504 
279 I 4279887 1504 
280 I 4280027 1504 
281 I 4280133 1504 
282 I 4280310 1504 
283 I 4280378 1504 
284 I 4280512 1504 
285 I 4280628 1504 
286 I 4280752 1504 
287 I 4280864 1504 
288 I 4280984 1484 
