0 I 0 414 
1 I 192434 439 
2 I 460984 487 
3 I 9118645 493 
4 I 9741771 344 
5 I 10424716 353 
6 I 10626324 348 
7 I 10673404 351 
8 I 10834799 350 
9 I 11024509 344 
10 I 11094472 342 
11 I 11269644 356 
12 I 11296104 340 
13 I 11479475 355 
14 I 11672402 341 
15 I 11709425 363 
16 I 11913289 341 
17 I 11975423 343 
18 I 12143564 340 
19 I 12203839 342 
20 I 12408467 343 
21 I 12618345 343 
22 I 12624391 349 
23 I 13042703 495 
24 I 13544096 333 
25 I 13749535 341 
26 I 13754546 340 
27 I 14008375 342 
28 I 14220409 342 
29 I 14428028 349 
30 I 14653897 341 
31 I 14819030 345 
32 I 14888360 341 
33 I 15978246 342 
34 I 16180117 341 
35 I 16191281 342 
36 I 16662906 341 
37 I 23085174 496 
38 I 23305823 352 
39 I 32288763 334 
40 I 32726617 333 
41 I 32732485 341 
42 I 32737690 340 
43 I 33316551 342 
44 I 33521337 342 
45 I 33561999 333 
46 I 33757910 349 
47 I 33767984 341 
48 I 33861835 345 
49 I 34027227 341 
50 I 34136662 342 
51 I 34302281 341 
52 I 34345596 342 
53 I 39647320 332 
54 I 40131978 344 
55 I 40784304 353 
56 I 40789530 348 
57 I 40992332 351 
58 I 41612317 350 
59 I 42049049 344 
60 I 42054438 342 
61 I 42254431 356 
62 I 42265568 340 
63 I 42466448 363 
64 I 42645991 355 
65 I 42794358 341 
66 I 42857438 341 
67 I 42995280 343 
68 I 43067808 340 
69 I 43074719 342 
70 I 43211293 343 
71 I 43277772 343 
72 I 43289845 349 
73 I 75148162 491 
74 I 75761516 320 
75 I 75784493 379 
76 I 75796341 327 
77 I 75973553 325 
78 I 75978795 317 
79 I 75999017 313 
80 I 76177041 322 
81 I 76187796 317 
82 I 76192788 322 
83 I 76422167 325 
84 I 76427811 317 
85 I 76433053 342 
86 I 76631163 321 
87 I 76665768 322 
88 I 76670670 328 
89 I 76871758 320 
90 I 76883445 342 
91 I 77087872 327 
92 I 77097917 323 
93 I 77295597 319 
94 I 77306664 320 
95 I 77362780 318 
96 I 77506229 336 
97 I 77566488 329 
98 I 77785032 319 
99 I 77979525 337 
100 I 77990372 321 
101 I 78188993 329 
102 I 78198618 324 
103 I 78255897 320 
104 I 78405076 326 
105 I 78417257 335 
106 I 78460476 319 
107 I 78469263 320 
108 I 78613770 319 
109 I 78626320 321 
110 I 78666824 326 
111 I 78674897 319 
112 I 78820844 320 
113 I 78839071 323 
114 I 78885279 346 
115 I 78911817 324 
116 I 79058919 326 
117 I 79064810 381 
118 I 79089345 334 
119 I 79145311 346 
120 I 79277870 318 
121 I 79283124 331 
122 I 79295282 318 
123 I 79351538 319 
124 I 79486346 320 
125 I 79495155 325 
126 I 79555138 324 
127 I 79674581 319 
128 I 79691571 317 
129 I 79700088 323 
130 I 79755441 323 
131 I 79894947 335 
132 I 79910196 324 
133 I 79985945 339 
134 I 80092142 353 
135 I 80116508 333 
136 I 80241233 339 
137 I 80326586 342 
138 I 80487068 340 
139 I 80527141 332 
140 I 80542001 335 
141 I 80692193 320 
142 I 80699373 336 
143 I 80748500 345 
144 I 81038478 322 
145 I 81099607 339 
146 I 81302932 335 
147 I 81314310 326 
148 I 81347017 336 
149 I 81516239 339 
150 I 81548758 329 
151 I 87124959 485 
152 I 87552182 355 
153 I 87557555 335 
154 I 87562981 335 
155 I 87788390 331 
156 I 87793442 334 
157 I 87798924 339 
158 I 87988770 342 
159 I 88014529 335 
160 I 88019980 336 
161 I 88192308 324 
162 I 88228021 339 
163 I 88233354 331 
164 I 88390225 331 
165 I 88458779 347 
166 I 88464839 357 
167 I 88587055 351 
168 I 88672054 351 
169 I 88729524 349 
170 I 88789550 341 
171 I 88877778 336 
172 I 88883561 336 
173 I 88966446 345 
174 I 89066462 348 
175 I 89076675 332 
176 I 89091226 350 
177 I 89176592 350 
178 I 89272544 349 
179 I 89287824 357 
180 I 89296877 357 
181 I 89401090 358 
182 I 89478724 358 
183 I 89493261 358 
184 I 107371118 330 
185 I 107995894 320 
186 I 108002150 327 
187 I 108009453 325 
188 I 108437102 332 
189 I 109053092 344 
190 I 109242072 353 
191 I 109247043 348 
192 I 109253355 351 
193 I 109455862 350 
194 I 109664263 344 
195 I 109883177 342 
196 I 110085299 356 
197 I 110244487 340 
198 I 110294058 363 
199 I 110450922 355 
200 I 110546259 341 
201 I 110793823 341 
202 I 110799515 343 
203 I 110856992 340 
204 I 110909832 342 
205 I 111027184 343 
206 I 111041995 343 
207 I 111071104 349 
208 I 131416088 505 
209 I 132033496 343 
210 I 132039654 341 
211 I 132257637 339 
212 I 132263192 360 
213 I 132378016 336 
214 I 132461930 337 
215 I 132467288 340 
216 I 132575459 337 
217 I 132664946 338 
218 I 132780674 333 
219 I 132929681 340 
220 I 132942190 331 
221 I 133018770 340 
222 I 133150296 335 
223 I 133155974 337 
224 I 133266866 339 
225 I 133369499 346 
226 I 133374974 333 
227 I 133579702 339 
228 I 133590040 338 
229 I 133785267 332 
230 I 133805609 334 
231 I 133987667 335 
232 I 134002693 338 
233 I 134191481 342 
234 I 134201013 341 
235 I 134391332 338 
236 I 134448332 336 
237 I 134590542 335 
238 I 134600199 337 
239 I 134668095 337 
240 I 134888320 336 
241 I 135198095 333 
242 I 135218043 336 
243 I 135407908 336 
244 I 135420622 340 
245 I 135471718 337 
246 I 135602694 346 
247 I 135626158 360 
248 I 135676224 343 
249 I 135818349 360 
250 I 135877238 342 
251 I 135933595 361 
252 I 136437639 334 
253 I 136647472 339 
254 I 136845273 339 
255 I 136858641 339 
256 I 136978260 352 
257 I 136983749 337 
258 I 137050805 334 
259 I 137063160 336 
260 I 137242947 333 
261 I 138043670 337 
262 I 150070246 520 
263 I 150289122 361 
264 I 154918599 344 
265 I 155361484 343 
266 I 155558203 341 
267 I 156240641 336 
268 I 156245717 339 
269 I 156446463 360 
270 I 156452029 337 
271 I 156457494 340 
272 I 156645265 360 
273 I 157011175 337 
274 I 157016672 338 
275 I 157218257 333 
276 I 157271355 340 
277 I 157418603 331 
278 I 157491189 340 
279 I 157627667 335 
280 I 157696006 337 
281 I 157930861 339 
282 I 158622249 346 
283 I 159041203 333 
284 I 159263431 339 
285 I 159328710 338 
286 I 159524655 332 
287 I 159539588 334 
288 I 159728276 335 
289 I 159743204 338 
290 I 159920548 342 
291 I 159927962 341 
292 I 159944977 338 
293 I 160128505 336 
294 I 160149227 335 
295 I 160361861 337 
296 I 160580192 337 
297 I 160780389 336 
298 I 161001421 333 
299 I 161008406 336 
300 I 161206940 336 
301 I 161215830 340 
302 I 161408181 337 
303 I 161420656 346 
304 I 161562998 336 
305 I 161612061 343 
306 I 161622289 360 
307 I 161810640 342 
308 I 161891137 361 
309 I 162438301 334 
310 I 162495903 339 
311 I 162568096 339 
312 I 162660824 339 
313 I 162757696 352 
314 I 162768225 337 
315 I 162880469 334 
316 I 162935814 336 
317 I 162971214 333 
318 I 174979434 332 
319 I 175474319 344 
320 I 176102531 353 
321 I 176107380 348 
322 I 176113629 351 
323 I 176323025 350 
324 I 176547599 344 
325 I 176553322 342 
326 I 176695211 356 
327 I 176745095 340 
328 I 176760818 363 
329 I 176904599 355 
330 I 176945543 341 
331 I 177081096 341 
332 I 177117925 343 
333 I 177149153 340 
334 I 177296321 342 
335 I 177344406 343 
336 I 177437283 343 
337 I 177504857 343 
338 I 177559697 349 
339 I 196182336 486 
340 I 196873093 336 
341 I 196878262 335 
342 I 196887448 334 
343 I 197080156 341 
344 I 197101351 353 
345 I 197667000 331 
346 I 197672417 338 
347 I 197677346 339 
348 I 197871697 354 
349 I 197879404 331 
350 I 197892492 333 
