0 I 0 366 
1 I 11901933 412 
2 I 19399175 373 
3 I 22083916 366 
4 I 23376077 361 
5 I 24263231 362 
6 I 25047101 366 
7 I 25681319 410 
8 I 26307061 351 
9 I 28110145 373 
10 I 28716015 370 
11 I 30376280 387 
12 I 31769436 411 
13 I 32432388 365 
14 I 33064779 410 
15 I 33681511 411 
16 I 34484419 362 
17 I 36106782 399 
18 I 37312863 371 
19 I 38105041 365 
20 I 38921515 375 
21 I 39871614 367 
22 I 40798623 365 
23 I 41600837 375 
24 I 42376194 363 
25 I 44194464 365 
26 I 45030870 366 
27 I 45830401 363 
28 I 46610250 376 
29 I 47264870 384 
30 I 48469252 375 
31 I 49296313 363 
32 I 50092937 362 
33 I 50968539 365 
34 I 51718704 366 
35 I 52530823 371 
36 I 53140388 399 
37 I 54564091 366 
38 I 55360834 382 
39 I 57196056 376 
40 I 57987793 374 
