0 I 0 132 
1 I 1586 132 
2 I 20553 89 
3 I 219775 127 
4 I 219886 123 
5 I 219960 127 
6 I 220146 123 
7 I 26051389 138 
8 I 64816802 190 
9 I 64871708 88 
10 I 64879357 120 
11 I 64879522 120 
12 I 64881999 124 
13 I 64882052 120 
14 I 64882165 120 
15 I 64910289 175 
16 I 64911520 114 
17 I 64911688 114 
18 I 65742678 181 
19 I 65742700 181 
20 I 65898431 114 
21 I 65900144 114 
22 I 65932538 146 
23 I 66094449 144 
24 I 66259482 145 
25 I 66359438 139 
26 I 66454560 140 
27 I 66516777 130 
28 I 66567141 131 
29 I 66601823 388 
30 I 66765218 147 
31 I 66840165 148 
32 I 66945426 119 
33 I 67056638 120 
34 I 82671132 145 
35 I 83791480 125 
36 I 83791860 106 
37 I 83792216 106 
38 I 83792622 125 
39 I 83793887 110 
40 I 83795566 110 
41 I 128673858 138 
42 I 161147097 162 
