0 I 0 483 
1 I 2553 483 
2 I 1042644 483 
3 I 1044977 483 
4 I 2008286 483 
5 I 2013663 483 
6 I 3537623 483 
7 I 4129487 483 
8 I 4376790 483 
9 I 4379544 483 
10 I 4532641 483 
11 I 5454975 483 
12 I 6384374 483 
13 I 6835688 483 
14 I 7844551 483 
15 I 7999255 483 
16 I 8004550 483 
17 I 8321997 483 
18 I 8339506 483 
19 I 9524042 483 
20 I 15296992 483 
21 I 15302717 483 
22 I 15310538 483 
23 I 77131282 483 
24 I 77153299 483 
25 I 78151463 483 
26 I 78153614 483 
27 I 79154738 483 
28 I 79155742 483 
29 I 79520911 483 
30 I 81266058 483 
31 I 82286881 483 
32 I 82288594 483 
33 I 83263166 483 
34 I 83521407 483 
35 I 83836822 483 
36 I 84845271 483 
37 I 85149006 483 
38 I 85150345 483 
39 I 85159583 483 
40 I 85271310 483 
41 I 85843457 483 
42 I 85845206 483 
43 I 87834602 483 
44 I 89281257 483 
45 I 91834731 483 
46 I 91837800 483 
47 I 124164072 483 
48 I 124166231 483 
49 I 125172838 483 
50 I 126170883 483 
51 I 127634806 483 
52 I 128532237 483 
53 I 128536144 483 
54 I 129480444 483 
55 I 129484394 483 
56 I 129485360 483 
57 I 130490221 483 
58 I 130490820 483 
59 I 130524678 483 
60 I 131460570 483 
61 I 132841945 483 
62 I 133443411 483 
63 I 133447138 483 
64 I 134522430 483 
65 I 134530862 483 
66 I 135531353 483 
67 I 137457176 483 
68 I 142992350 483 
69 I 170975213 483 
70 I 170976410 483 
71 I 173013711 483 
72 I 174527198 483 
73 I 174537639 483 
74 I 177523342 483 
75 I 177525918 483 
76 I 178263754 483 
77 I 178832900 483 
78 I 179841601 483 
79 I 180239730 483 
80 I 180843402 483 
81 I 181957826 483 
82 I 182848320 483 
83 I 184240285 483 
84 I 184245056 483 
85 I 184523059 483 
