0 I 0 57 
1 I 7517044 57 
2 I 23518923 57 
3 I 63770840 57 
4 I 71517661 57 
5 I 87518875 57 
6 I 92752949 57 
7 I 96157607 57 
8 I 99307621 57 
9 I 100518462 57 
10 I 103520329 57 
11 I 103975231 57 
12 I 106519370 57 
13 I 111518503 57 
14 I 113974359 57 
15 I 116520126 57 
16 I 119519319 57 
17 I 121518356 57 
18 I 122540898 57 
19 I 127519517 57 
20 I 134003370 57 
21 I 137520136 57 
22 I 141518674 57 
23 I 157519515 57 
24 I 177038385 57 
25 I 184518996 57 
26 I 191989687 57 
27 I 199519851 57 
28 I 200520083 57 
29 I 213009120 57 
30 I 215519860 57 
31 I 220519336 57 
32 I 236520192 57 
33 I 275050131 57 
34 I 282519791 57 
35 I 284990422 57 
36 I 292521757 57 
