0 I 0 56 
1 I 647812 56 
2 I 2515554 56 
3 I 4276040 56 
4 I 5229621 56 
5 I 9415497 56 
6 I 15999825 56 
7 I 21218439 56 
8 I 25370353 56 
9 I 27782858 56 
10 I 31583447 56 
11 I 34420647 56 
12 I 40971398 56 
13 I 44029626 56 
14 I 46669533 56 
15 I 47542912 56 
16 I 50405905 56 
17 I 50631341 56 
18 I 50666342 56 
19 I 50703738 56 
20 I 52859957 56 
21 I 54400095 56 
22 I 54995718 56 
23 I 60358252 56 
24 I 61106935 56 
25 I 63530479 56 
26 I 64399616 56 
27 I 74784587 56 
28 I 85662489 56 
29 I 88906813 56 
30 I 91127542 56 
31 I 91717514 56 
32 I 91868943 56 
33 I 92475758 56 
34 I 92977781 56 
35 I 97739206 56 
36 I 98709827 56 
37 I 98947189 56 
38 I 101810925 56 
39 I 104023934 56 
40 I 104681541 56 
41 I 105065842 56 
42 I 105442273 56 
43 I 107702036 56 
44 I 108467547 56 
45 I 108967506 56 
46 I 109155922 56 
47 I 115004285 56 
48 I 115357796 56 
49 I 118789136 56 
50 I 119886038 56 
51 I 121436168 56 
52 I 124115429 56 
53 I 125793546 56 
54 I 128205405 56 
55 I 129132196 56 
56 I 136237434 56 
57 I 140942631 56 
58 I 142073663 56 
59 I 144457967 56 
60 I 145123397 56 
61 I 146653999 56 
62 I 150254423 56 
63 I 150597742 56 
64 I 157457067 56 
65 I 158115411 56 
66 I 159864142 56 
67 I 160451344 56 
68 I 164499543 56 
69 I 167034440 56 
70 I 169665608 56 
71 I 176559906 56 
72 I 178511157 56 
73 I 179040315 56 
74 I 179584652 56 
75 I 180498087 56 
76 I 181124411 56 
77 I 183029401 56 
78 I 183506644 56 
79 I 183610621 56 
80 I 184165384 56 
81 I 188847174 56 
82 I 196074631 56 
83 I 197122821 56 
84 I 200792298 56 
85 I 205251731 56 
86 I 206137856 56 
87 I 206927234 56 
88 I 213391875 56 
89 I 218815409 56 
90 I 219685723 56 
91 I 219719190 56 
92 I 219728890 56 
93 I 220327695 56 
94 I 222122869 56 
95 I 225367651 56 
96 I 227630263 56 
97 I 231574373 56 
98 I 231791059 56 
99 I 234040924 56 
100 I 234357808 56 
101 I 234904624 56 
102 I 236661233 56 
103 I 241356878 56 
104 I 241689502 56 
105 I 246839080 56 
106 I 249658879 56 
107 I 250356831 56 
108 I 251885774 56 
109 I 255681940 56 
110 I 256709177 56 
111 I 256786031 56 
112 I 257241385 56 
113 I 260528878 56 
114 I 265962079 56 
115 I 270696276 56 
116 I 271668968 56 
117 I 272700208 56 
118 I 274244021 56 
119 I 278542202 56 
120 I 286316923 56 
121 I 288345494 56 
