0 I 0 165 
1 I 2509136 100 
2 I 36711392 100 
3 I 50592421 99 
4 I 58677361 98 
5 I 64172221 99 
6 I 64191894 99 
7 I 69518893 98 
8 I 82830759 98 
9 I 88072459 99 
10 I 93844292 100 
11 I 104956316 100 
12 I 113190018 100 
13 I 115211903 97 
14 I 121082118 100 
15 I 123297493 100 
16 I 142668556 98 
17 I 143501899 140 
18 I 146863207 100 
19 I 163422671 99 
20 I 170889497 100 
21 I 191414562 98 
22 I 193476099 99 
23 I 196589974 99 
24 I 213984992 99 
25 I 214332457 97 
26 I 219029757 100 
27 I 238130534 100 
28 I 246203226 100 
29 I 246612832 100 
30 I 247284402 100 
31 I 255666058 98 
32 I 265252734 100 
