0 I 0 61 
1 I 23985829 61 
2 I 32991854 72 
3 I 42992354 72 
4 I 44993097 61 
5 I 54994184 61 
6 I 57993439 72 
7 I 68986237 61 
8 I 69984931 61 
9 I 78996670 61 
10 I 87995554 72 
11 I 93997518 61 
12 I 99997001 61 
13 I 123986947 61 
14 I 153000434 72 
15 I 162991158 72 
16 I 164988801 61 
17 I 174992696 61 
18 I 177992197 72 
19 I 188989230 61 
20 I 190003660 61 
21 I 198995425 61 
22 I 207993877 72 
23 I 213996221 61 
24 I 219985356 61 
25 I 243997724 61 
26 I 272985227 72 
27 I 282988443 72 
28 I 284999712 61 
29 I 294990430 61 
