0 I 0 80 
1 I 87645319 85 
2 I 88768071 74 
3 I 105523224 85 
4 I 106563816 74 
5 I 109550524 85 
6 I 121512151 85 
7 I 122568404 85 
8 I 122574152 74 
9 I 127530291 85 
10 I 132359058 85 
11 I 133363052 74 
12 I 138545545 74 
13 I 147318943 85 
14 I 148346041 74 
15 I 151531910 85 
16 I 151532895 85 
17 I 154392611 74 
18 I 155514200 85 
19 I 156538695 74 
20 I 157325347 85 
21 I 158376045 74 
22 I 169519848 85 
23 I 170569580 74 
24 I 177465217 85 
25 I 178507514 74 
26 I 182356099 85 
27 I 183396064 74 
28 I 184540722 74 
29 I 192551881 74 
30 I 198524871 85 
31 I 206507462 85 
32 I 212484484 85 
33 I 226495966 85 
34 I 227480318 74 
35 I 252345195 74 
36 I 272287886 74 
