0 I 0 158 
1 I 999334 164 
2 I 41992654 159 
3 I 41998122 206 
4 I 42999505 206 
5 I 44991745 206 
6 I 46992015 153 
7 I 47998002 153 
8 I 50001411 153 
9 I 52002083 187 
10 I 52999453 187 
11 I 54999236 187 
12 I 55988036 158 
13 I 56996916 168 
14 I 58004966 168 
15 I 59991983 168 
16 I 62062182 164 
17 I 63048952 164 
18 I 65059966 164 
19 I 66061802 159 
20 I 66066054 159 
21 I 67064210 158 
22 I 68056842 158 
23 I 70055215 158 
24 I 72065507 152 
25 I 73067057 152 
26 I 75066107 152 
27 I 77051715 158 
28 I 78065941 158 
29 I 80061928 158 
30 I 82061683 157 
31 I 83069992 157 
32 I 85060230 157 
33 I 87068724 157 
34 I 88067756 157 
35 I 90051183 157 
36 I 92067467 185 
37 I 93059452 185 
38 I 95049963 185 
39 I 97051639 195 
40 I 98064619 195 
41 I 100060460 195 
42 I 102065574 199 
43 I 103060895 199 
44 I 105060997 199 
45 I 107055802 195 
46 I 108062841 195 
47 I 110063686 195 
48 I 112062214 189 
49 I 113063408 189 
50 I 115051339 189 
51 I 117055660 183 
52 I 118052108 183 
53 I 120054497 183 
54 I 125053891 148 
55 I 143060356 147 
56 I 161062162 158 
57 I 162052008 150 
58 I 176053035 159 
59 I 180052720 161 
60 I 198056884 161 
61 I 242090924 144 
62 I 243085429 144 
63 I 245246543 144 
64 I 246385514 155 
65 I 247407586 155 
66 I 249627823 155 
67 I 251631145 508 
68 I 251634417 508 
69 I 251637504 508 
70 I 256641796 165 
71 I 257640007 165 
72 I 259630759 165 
73 I 261632468 207 
74 I 262658523 207 
75 I 264652412 207 
76 I 266643821 154 
77 I 267642945 154 
78 I 269652591 154 
