0 I 0 78 
1 I 7598925 78 
2 I 8918914 78 
3 I 9028889 78 
4 I 31151350 78 
5 I 40967200 78 
6 I 41752819 78 
7 I 54660549 78 
8 I 57001235 78 
9 I 57055156 78 
10 I 57331197 78 
11 I 57791198 78 
12 I 63351786 78 
13 I 65091682 78 
14 I 67071939 78 
15 I 69021754 78 
16 I 69811441 78 
17 I 71111519 78 
18 I 73091059 78 
19 I 75374681 78 
20 I 83132046 78 
21 I 85113920 78 
22 I 97161818 78 
23 I 102435837 78 
24 I 105048060 78 
25 I 107192770 78 
26 I 113212768 78 
27 I 115062831 78 
28 I 121083004 78 
29 I 123182046 78 
30 I 123983210 78 
31 I 125233708 78 
32 I 131783117 78 
33 I 133103724 78 
34 I 133193415 78 
35 I 149824008 78 
36 I 157625291 78 
37 I 173664515 78 
38 I 175625159 78 
39 I 181645061 78 
40 I 184524946 78 
41 I 188045926 78 
42 I 193665744 78 
43 I 193705437 78 
44 I 194065695 78 
45 I 194348464 78 
46 I 202566426 78 
47 I 206086083 78 
48 I 211746090 78 
49 I 222407353 78 
