0 I 0 88 
1 I 1324 88 
2 I 2054 88 
3 I 3460 88 
4 I 3813 88 
5 I 4139 88 
6 I 5168 88 
7 I 5874 88 
8 I 9454202 88 
9 I 9454634 88 
10 I 9455091 88 
11 I 9455657 88 
12 I 9456067 88 
13 I 9457220 88 
14 I 9457738 88 
15 I 9458506 88 
16 I 9459184 88 
17 I 9459330 88 
18 I 9634762 88 
19 I 9635048 88 
20 I 9637858 88 
21 I 9638195 88 
22 I 22609820 88 
23 I 22610207 88 
24 I 98841134 88 
25 I 98842835 88 
26 I 98843462 88 
27 I 98844705 88 
28 I 98845199 88 
29 I 98846319 88 
30 I 98846786 88 
31 I 98847463 88 
32 I 98847826 88 
33 I 98848245 88 
34 I 98848644 88 
35 I 98850014 88 
36 I 98850445 88 
37 I 98850998 88 
38 I 98851468 88 
39 I 99835329 88 
40 I 99835570 88 
41 I 99840149 88 
42 I 99840446 88 
43 I 99841575 88 
44 I 99842392 88 
45 I 99843802 88 
46 I 99855476 88 
47 I 99856519 88 
48 I 99857505 88 
49 I 100084591 88 
50 I 110948561 88 
51 I 110949122 88 
52 I 110949441 88 
53 I 110949822 88 
54 I 181532944 88 
55 I 181533416 88 
56 I 181533883 88 
57 I 181534950 88 
58 I 181535336 88 
59 I 189903785 88 
60 I 189905174 88 
61 I 189905619 88 
62 I 189906174 88 
63 I 189906597 88 
64 I 189907911 88 
65 I 189908958 88 
66 I 189910257 88 
67 I 190898339 88 
68 I 190898867 88 
69 I 199955111 88 
70 I 199957263 88 
71 I 199957697 88 
72 I 199958753 88 
73 I 199959093 88 
74 I 199960103 88 
75 I 199960524 88 
76 I 199960904 88 
77 I 199961352 88 
78 I 199962649 88 
79 I 199997499 88 
80 I 200952385 88 
81 I 200953037 88 
82 I 200953393 88 
83 I 200954090 88 
84 I 280044693 88 
85 I 280045225 88 
86 I 280045970 88 
87 I 280047246 88 
88 I 280049507 88 
89 I 280049890 88 
90 I 280050261 88 
91 I 280051629 88 
92 I 281027437 88 
93 I 281028356 88 
94 I 282956238 88 
95 I 282956940 88 
96 I 282958493 88 
97 I 282959229 88 
98 I 282960664 88 
99 I 282961643 88 
100 I 282962824 88 
101 I 282963255 88 
102 I 282966230 88 
103 I 290246652 88 
104 I 290247235 88 
105 I 290248158 88 
106 I 290248422 88 
107 I 290249136 88 
108 I 290249972 88 
109 I 290251848 88 
110 I 290252288 88 
111 I 291281018 88 
112 I 291281390 88 
