0 I 0 69 
1 I 2014823 68 
2 I 3056619 68 
3 I 4040653 68 
4 I 5033073 68 
5 I 6082866 68 
6 I 7070432 68 
7 I 8049855 68 
8 I 9044037 68 
9 I 9987449 68 
10 I 10967333 68 
11 I 11957018 68 
12 I 12948394 68 
13 I 13969712 68 
14 I 14947544 68 
15 I 40151760 69 
16 I 40152402 69 
17 I 42113267 68 
18 I 43160495 68 
19 I 44206883 68 
20 I 44991440 68 
21 I 45270290 68 
22 I 46037535 68 
23 I 46318241 68 
24 I 47090468 68 
25 I 47366153 68 
26 I 48141062 68 
27 I 48425377 68 
28 I 49176754 68 
29 I 49470981 68 
30 I 50242452 68 
31 I 50536016 68 
32 I 51293510 68 
33 I 51577716 68 
34 I 52360595 68 
35 I 52652272 68 
36 I 53428065 68 
37 I 53715958 68 
38 I 54464788 68 
39 I 54769325 68 
40 I 55546745 68 
41 I 55854009 68 
42 I 56655079 68 
43 I 56962307 68 
44 I 57738835 68 
45 I 58036301 68 
46 I 58821582 68 
47 I 59115492 68 
48 I 59898672 68 
