0 I 0 74 
1 I 4010496 74 
2 I 8014720 74 
3 I 22827138 74 
4 I 26831981 74 
5 I 30867815 74 
6 I 44790722 74 
7 I 48795763 74 
8 I 52800211 74 
9 I 66721171 74 
10 I 70723120 74 
11 I 74734070 74 
12 I 88654762 74 
13 I 92659190 74 
14 I 96668562 74 
15 I 110582363 74 
16 I 114593740 74 
17 I 118594513 74 
18 I 132515672 74 
19 I 136522452 74 
20 I 140529077 74 
21 I 154449989 74 
22 I 158456648 74 
23 I 162462846 74 
24 I 176385176 74 
25 I 180385009 74 
26 I 184398604 74 
27 I 198310823 74 
28 I 202322857 74 
29 I 206325009 74 
30 I 220246300 74 
31 I 224256558 74 
32 I 228259885 74 
33 I 242180217 74 
34 I 246184566 74 
35 I 250196384 74 
36 I 264113065 74 
37 I 268114241 74 
38 I 272127276 74 
39 I 286041330 74 
40 I 290051991 74 
41 I 294055856 74 
