0 I 0 499 
1 I 280417 101 
2 I 3437506 89 
3 I 5614882 189 
4 I 8921065 101 
5 I 9991605 88 
6 I 12324599 191 
7 I 14753575 158 
8 I 15116151 193 
9 I 19468733 144 
10 I 21766513 270 
11 I 23789937 101 
12 I 25376257 96 
13 I 25802681 88 
14 I 26069634 104 
15 I 29622864 251 
16 I 31130120 101 
17 I 33202324 145 
18 I 33705767 95 
19 I 34891498 101 
20 I 35508684 424 
21 I 37156850 101 
22 I 39773209 201 
23 I 40560335 89 
24 I 45157012 133 
25 I 46086235 99 
26 I 46471168 157 
27 I 47472947 101 
28 I 47781454 101 
29 I 49105253 145 
30 I 51217637 88 
31 I 51382250 130 
32 I 52384500 81 
33 I 54955847 215 
34 I 55002877 272 
35 I 55433208 158 
36 I 56519232 88 
37 I 56876866 158 
38 I 57277940 86 
39 I 60579583 259 
40 I 62196359 101 
41 I 63955181 158 
42 I 64654523 210 
43 I 66011061 101 
44 I 66417814 101 
45 I 66722500 88 
46 I 67234493 88 
47 I 69598340 90 
48 I 70741367 88 
49 I 70898786 399 
50 I 71840930 96 
51 I 72354721 100 
52 I 73759298 158 
53 I 74513893 92 
54 I 76155827 241 
55 I 76671371 101 
56 I 76988943 101 
57 I 78947741 91 
58 I 82759568 164 
59 I 85280594 158 
60 I 86022585 557 
61 I 87236526 147 
62 I 90270402 208 
63 I 91281201 81 
64 I 91688434 145 
65 I 92681912 88 
66 I 94021275 101 
67 I 94421295 163 
68 I 96868279 158 
69 I 98075207 90 
70 I 101204922 149 
71 I 102704629 101 
72 I 103148251 158 
73 I 103946346 101 
74 I 105322067 108 
75 I 105474751 222 
76 I 107859249 97 
77 I 109857695 145 
78 I 110064467 101 
79 I 110237139 99 
80 I 110913932 88 
81 I 113163009 94 
82 I 115037405 88 
83 I 115079185 145 
84 I 116681032 102 
85 I 117374522 159 
86 I 118799022 101 
87 I 122400429 101 
88 I 123391637 101 
89 I 124113729 139 
90 I 125070177 146 
91 I 126360169 101 
92 I 126549509 136 
93 I 126709758 97 
94 I 126714835 87 
95 I 126720893 101 
96 I 128986428 162 
97 I 129204367 157 
98 I 130384962 141 
99 I 130914130 88 
100 I 134094075 1128 
101 I 134680982 101 
102 I 137068783 101 
103 I 140202944 217 
104 I 142522742 101 
105 I 144551306 141 
106 I 145432692 120 
107 I 145614660 88 
108 I 146587192 88 
109 I 147114286 151 
110 I 147322811 89 
111 I 147505085 101 
112 I 147711442 130 
113 I 148346422 79 
114 I 150915509 101 
115 I 152979962 88 
116 I 153322156 199 
117 I 153682824 101 
118 I 154101968 101 
119 I 154434729 169 
120 I 154923515 86 
121 I 157585284 215 
122 I 157912614 101 
123 I 160313845 101 
124 I 164629768 101 
125 I 165041897 158 
126 I 165321320 101 
127 I 166680146 216 
128 I 167047507 88 
129 I 168729901 88 
130 I 170070188 101 
131 I 173384276 199 
132 I 174733454 88 
133 I 175883115 88 
134 I 176242704 95 
135 I 177695469 199 
136 I 178026002 158 
137 I 180964084 176 
138 I 181218674 118 
139 I 182389313 99 
140 I 183780269 92 
141 I 184886123 206 
142 I 185984566 101 
143 I 187605328 96 
144 I 188086485 149 
145 I 190257479 88 
146 I 191504806 158 
147 I 192983460 150 
148 I 194415464 101 
149 I 194644509 101 
150 I 194801285 206 
151 I 196427972 142 
152 I 197916460 147 
153 I 198242635 77 
154 I 199211063 154 
155 I 202985230 93 
156 I 205772362 88 
157 I 206195076 130 
158 I 208714385 146 
159 I 208962735 158 
160 I 209380992 110 
161 I 209619026 155 
162 I 209916697 149 
163 I 210201972 94 
164 I 211360691 98 
165 I 211536957 106 
166 I 212278573 112 
167 I 213243912 101 
168 I 213676901 101 
169 I 214000494 150 
170 I 214429637 202 
171 I 218417109 92 
172 I 220392673 101 
173 I 222010253 211 
174 I 223425060 151 
175 I 223720826 94 
176 I 227769730 101 
177 I 228808730 259 
178 I 230953895 135 
179 I 231801425 88 
180 I 232023628 101 
181 I 232387136 202 
182 I 239842437 272 
183 I 243552630 101 
184 I 244318272 101 
185 I 244883303 168 
186 I 245457671 112 
187 I 245462393 101 
188 I 246823229 101 
189 I 246972960 138 
190 I 247380440 105 
191 I 247719100 158 
192 I 248187356 81 
193 I 248814275 234 
194 I 249671770 130 
195 I 251718990 101 
196 I 251867830 158 
197 I 253281408 151 
198 I 254550973 347 
199 I 255642385 88 
200 I 257430532 215 
201 I 257797632 272 
202 I 260410807 182 
203 I 261281328 296 
204 I 263521182 159 
205 I 263599735 216 
206 I 268255800 104 
207 I 271913572 339 
208 I 272316428 101 
209 I 273744975 101 
210 I 274088506 154 
211 I 276710390 222 
212 I 278305428 100 
213 I 278906178 88 
214 I 279720237 101 
215 I 280091974 88 
216 I 280640236 101 
217 I 280749967 95 
218 I 281191422 101 
219 I 285029694 163 
220 I 285318728 101 
221 I 286953246 101 
222 I 287139581 155 
223 I 287585311 91 
224 I 289139529 101 
225 I 290197438 88 
226 I 292092553 193 
227 I 292396428 101 
228 I 294726227 145 
229 I 296000502 147 
230 I 296340644 204 
