0 I 0 134 
1 I 93305 98 
2 I 203994 64 
3 I 369725 204 
4 I 92057909 134 
5 I 92148778 98 
6 I 92277320 64 
7 I 92516122 116 
8 I 96876306 134 
9 I 96967443 98 
10 I 97072963 64 
11 I 97210371 78 
12 I 98964414 134 
13 I 99055607 98 
14 I 99157042 64 
15 I 99273505 78 
16 I 104333485 134 
17 I 104427163 98 
18 I 104533372 64 
19 I 104827468 150 
20 I 105106987 134 
21 I 105204638 98 
22 I 105307372 64 
23 I 105451284 78 
24 I 108977785 134 
25 I 109071481 98 
26 I 109179474 64 
27 I 109343863 78 
28 I 114853542 134 
29 I 114945608 98 
30 I 115069633 64 
31 I 115216640 78 
32 I 116310443 134 
33 I 116400188 98 
34 I 116575401 64 
35 I 116705306 186 
36 I 116844649 134 
37 I 116935668 98 
38 I 117042503 64 
39 I 117310795 116 
40 I 122174483 134 
41 I 122326690 98 
42 I 122441505 64 
43 I 122569114 78 
44 I 125630118 134 
45 I 125721374 98 
46 I 125833067 64 
47 I 126065628 132 
48 I 141754103 134 
49 I 141844931 98 
50 I 141962892 64 
51 I 142089116 78 
