0 I 0 122 
1 I 462064 248 
2 I 1362645 1490 
3 I 3271300 146 
4 I 3720758 111 
5 I 3894583 1345 
6 I 4830191 146 
7 I 5295355 111 
8 I 5466589 1346 
9 I 6384561 146 
10 I 6828089 111 
11 I 7002876 1352 
12 I 7931676 146 
13 I 8382890 111 
14 I 8556869 1350 
15 I 9515999 146 
16 I 9984017 111 
17 I 10159189 1347 
18 I 11118611 146 
19 I 11598060 111 
20 I 11772620 1349 
21 I 36990472 146 
22 I 37446789 111 
23 I 37639484 1504 
24 I 37711727 508 
25 I 37735479 151 
26 I 40184149 146 
27 I 40638952 111 
28 I 40831372 1504 
29 I 40860676 197 
30 I 48542928 146 
31 I 48987501 111 
32 I 49180901 1504 
33 I 49329000 1124 
34 I 49363408 189 
35 I 50849153 146 
36 I 51326811 111 
37 I 51518168 1504 
38 I 51663208 1124 
39 I 51692481 189 
40 I 54409937 146 
41 I 54902381 111 
42 I 55095536 1504 
43 I 55160755 500 
44 I 69482902 146 
45 I 69957984 111 
46 I 70149910 1504 
47 I 70341230 1504 
48 I 70358748 111 
49 I 70379306 148 
50 I 107946680 146 
51 I 108438647 111 
52 I 108630541 1504 
53 I 108822971 1504 
54 I 108864105 272 
55 I 108895129 188 
56 I 111609625 146 
57 I 112090033 111 
58 I 112283337 1504 
59 I 112372346 659 
60 I 146846576 146 
61 I 147356075 111 
62 I 147546448 1428 
63 I 150368508 146 
64 I 150884280 111 
65 I 151059248 1336 
66 I 152624625 146 
67 I 153116568 111 
68 I 153290752 1328 
