0 I 0 52 
1 I 205 52 
2 I 40643 52 
3 I 302494 208 
4 I 302495 58 
5 I 310710 136 
6 I 670300 60 
7 I 680659 58 
8 I 1339939 124 
9 I 1509901 60 
10 I 1640414 58 
11 I 3099947 58 
12 I 3269677 60 
13 I 3509983 60 
14 I 3690437 58 
15 I 4090414 58 
16 I 5509639 60 
17 I 5860366 56 
18 I 5940056 58 
19 I 6860341 80 
20 I 7400822 58 
21 I 7500146 60 
22 I 7670727 58 
23 I 7869997 56 
24 I 9531014 60 
25 I 9950313 56 
26 I 9959776 58 
27 I 10310100 88 
28 I 10750822 58 
29 I 11180584 88 
30 I 11540047 60 
31 I 11540240 58 
32 I 11640001 88 
33 I 11930648 56 
34 I 11950352 88 
35 I 12070116 58 
36 I 12090099 88 
37 I 13270917 88 
38 I 13520273 60 
39 I 13600123 58 
40 I 13790335 88 
41 I 13910058 56 
42 I 14140243 58 
43 I 14380132 88 
44 I 14740184 58 
45 I 14900520 88 
46 I 15269963 58 
47 I 15470082 88 
48 I 15479871 60 
49 I 15819838 58 
50 I 15940090 56 
51 I 15960392 88 
52 I 16279779 58 
53 I 16460646 88 
54 I 16779799 58 
55 I 17060670 88 
56 I 17310182 58 
57 I 17469953 88 
58 I 17479778 60 
59 I 17929886 58 
60 I 18010438 56 
61 I 18010644 88 
62 I 18020254 58 
63 I 18861112 88 
64 I 19159836 58 
65 I 19510916 88 
66 I 19511075 58 
67 I 19519933 60 
68 I 19910552 56 
69 I 20039838 58 
70 I 21479874 60 
