0 I 0 132 
1 I 819516 92 
2 I 4023638 175 
3 I 5380620 147 
4 I 21366225 109 
5 I 22959915 140 
6 I 24716584 114 
7 I 27082559 112 
8 I 27952823 181 
9 I 28957542 148 
10 I 31100226 106 
11 I 37736754 125 
12 I 38565945 175 
13 I 42904123 157 
14 I 46817359 151 
15 I 48215031 165 
16 I 53917870 120 
17 I 57821085 140 
18 I 61852614 104 
19 I 63106147 118 
20 I 64586773 124 
21 I 66967490 127 
22 I 76552537 156 
23 I 78562134 100 
24 I 79534023 126 
25 I 84237472 100 
26 I 90162455 112 
27 I 102947374 101 
28 I 103849944 211 
29 I 105797846 130 
30 I 106685880 139 
31 I 108692174 140 
32 I 109563394 107 
33 I 110582453 107 
34 I 111458667 150 
35 I 119078202 154 
36 I 121231395 128 
37 I 131154039 169 
38 I 136307803 166 
39 I 136755346 171 
40 I 139065630 156 
41 I 145855321 112 
42 I 148473205 115 
43 I 149411898 120 
44 I 150286191 115 
45 I 151210709 184 
46 I 162831003 113 
47 I 171361654 105 
48 I 179470620 177 
49 I 181520047 155 
50 I 184808051 108 
51 I 187106135 113 
52 I 189709997 144 
53 I 190662721 90 
54 I 196339068 111 
55 I 205769454 115 
56 I 206587011 220 
57 I 212826658 107 
58 I 217542108 118 
59 I 220506968 106 
60 I 228559441 245 
61 I 230180336 116 
62 I 231118450 144 
63 I 232014746 310 
64 I 232931349 187 
65 I 238005656 93 
66 I 240728535 181 
67 I 247779217 105 
68 I 248886274 121 
69 I 249734829 194 
70 I 251591743 102 
71 I 255866095 124 
72 I 258312113 128 
73 I 262849546 111 
74 I 263755665 115 
75 I 266802875 285 
76 I 267663394 267 
77 I 268709559 128 
78 I 277834935 114 
79 I 282436555 119 
80 I 283444466 96 
81 I 284452086 118 
82 I 285691552 191 
83 I 290303342 125 
84 I 292682991 97 
85 I 293490971 99 
86 I 298258276 139 
