0 I 0 123 
1 I 567912 133 
2 I 1126146 119 
3 I 4130741 209 
4 I 4704553 62 
5 I 7440638 68 
6 I 12958104 68 
7 I 24193142 68 
8 I 24911200 1344 
9 I 25910374 1344 
10 I 26620223 1344 
11 I 27009976 1464 
12 I 27010905 1224 
13 I 27324631 1344 
14 I 27835122 1344 
15 I 28338435 1344 
16 I 30916821 1464 
17 I 31443889 1344 
18 I 36634512 1464 
19 I 37282758 1342 
20 I 37990952 1344 
21 I 38692995 1344 
22 I 39429539 1344 
23 I 40100094 1344 
24 I 42051278 1344 
25 I 42721581 1344 
26 I 44439054 1344 
27 I 45130320 1462 
28 I 45832552 1344 
29 I 46535616 1344 
30 I 46840762 1464 
31 I 46841996 1224 
32 I 47938164 1464 
33 I 47939200 1224 
34 I 48510542 1464 
35 I 48511832 1342 
36 I 49075419 1344 
37 I 49339266 1464 
38 I 49905680 1464 
39 I 50486170 164 
40 I 51062211 1464 
41 I 51062823 984 
42 I 51637290 1464 
43 I 51638721 1464 
44 I 52195162 1464 
45 I 52196651 1464 
46 I 52197074 982 
47 I 52754363 1464 
48 I 53487412 1464 
49 I 54058073 1464 
50 I 54059875 1464 
51 I 54632304 1464 
52 I 54633812 1464 
53 I 55291166 1464 
54 I 56296049 1464 
55 I 58502987 1464 
56 I 59065534 1464 
57 I 59066712 1464 
58 I 59813432 1464 
59 I 60368002 1464 
60 I 61010839 1464 
61 I 63418428 1464 
62 I 63964240 1464 
63 I 63965536 1464 
64 I 68734932 1464 
65 I 69310437 1464 
66 I 69311660 1464 
67 I 78766400 1464 
68 I 79304468 1464 
69 I 79305712 1464 
70 I 79844428 1464 
71 I 80388232 840 
72 I 100334065 1464 
73 I 138653793 1464 
74 I 144752368 1464 
75 I 144753765 1464 
