0 I 0 60 
1 I 2933825 60 
2 I 3578880 764 
3 I 3841667 1504 
4 I 6598367 1504 
5 I 9698103 1504 
6 I 10962868 1504 
7 I 11148599 1504 
8 I 12545696 1504 
9 I 14399065 1504 
10 I 16501455 1504 
11 I 18716087 1504 
12 I 18901950 1504 
13 I 22301977 1504 
14 I 22488525 1504 
15 I 24532461 1504 
16 I 24719271 1504 
17 I 27579605 1504 
18 I 31769047 1504 
19 I 46416155 1504 
20 I 47920504 1504 
21 I 48106885 1504 
22 I 49364223 1504 
23 I 51399080 1504 
24 I 55646581 1504 
25 I 57728791 1504 
26 I 57914849 1504 
27 I 60488092 1504 
28 I 63323446 1504 
29 I 63509792 1504 
30 I 66137510 1504 
31 I 66324024 1504 
32 I 66524211 1504 
33 I 68763342 1504 
34 I 68949413 1504 
35 I 69135898 1504 
36 I 71276554 1504 
37 I 71461845 1504 
38 I 71770951 1504 
39 I 71976357 1504 
40 I 73836086 1504 
41 I 74098016 1504 
42 I 74286334 1504 
43 I 81443148 770 
44 I 83050830 1504 
45 I 83533751 1504 
46 I 84893166 1504 
47 I 85079500 1504 
48 I 86958224 1504 
49 I 87145184 1504 
50 I 100789107 1504 
51 I 101709969 1504 
52 I 101896355 1504 
53 I 103230554 1504 
54 I 103416013 1504 
55 I 105300200 1504 
56 I 107738394 1504 
57 I 110567148 1504 
58 I 110753906 1504 
59 I 112237224 1504 
60 I 116442658 1504 
61 I 128476885 1504 
62 I 152455071 1504 
63 I 170103336 1504 
64 I 170290008 1504 
