0 I 0 84 
1 I 364038 84 
2 I 4900168 88 
3 I 9960610 103 
4 I 24008120 84 
5 I 28901173 88 
6 I 30008341 84 
7 I 30372171 84 
8 I 69993320 103 
9 I 75901748 88 
10 I 84053276 84 
11 I 90028498 84 
12 I 119842864 84 
13 I 121040595 84 
14 I 124902541 88 
15 I 130053705 103 
16 I 130356581 103 
17 I 144020595 84 
18 I 148902866 88 
19 I 150052693 84 
20 I 150416927 84 
21 I 190113387 103 
22 I 195903716 88 
23 I 204032995 84 
24 I 205984157 128 
25 I 207467249 128 
26 I 208947272 128 
27 I 210072948 84 
28 I 210437028 128 
29 I 212191933 128 
30 I 213582818 128 
31 I 214954780 128 
32 I 216694825 128 
33 I 217907408 128 
34 I 219396793 128 
35 I 220947067 128 
36 I 222437256 128 
37 I 223893286 128 
38 I 225376466 128 
39 I 226827160 128 
40 I 228356497 128 
41 I 229816405 128 
42 I 231255433 128 
43 I 232766954 128 
44 I 234276712 128 
45 I 240085042 84 
46 I 240250042 84 
47 I 244904741 88 
48 I 249951819 103 
49 I 264041196 84 
50 I 268905828 88 
51 I 270093295 84 
52 I 270457154 84 
