0 I 0 68 
1 I 1000005 68 
2 I 2000016 68 
3 I 3000020 68 
4 I 4000018 68 
5 I 5000021 68 
6 I 6000022 68 
7 I 7000047 68 
8 I 8000038 68 
9 I 9000036 68 
10 I 10000056 68 
11 I 11000048 68 
12 I 12000060 68 
13 I 13000066 68 
14 I 14000091 68 
15 I 15000084 68 
16 I 16000074 68 
17 I 17000081 68 
18 I 18000083 68 
19 I 19000088 68 
20 I 20000110 68 
21 I 21000095 68 
22 I 22000103 68 
23 I 23000114 68 
24 I 24000114 68 
25 I 25000123 68 
26 I 26000126 68 
27 I 27000131 68 
28 I 28000129 68 
29 I 29000143 68 
30 I 30000139 68 
31 I 31000145 68 
32 I 32000155 68 
33 I 33000152 68 
34 I 34000155 68 
35 I 35000159 68 
36 I 36000172 68 
37 I 37000173 68 
38 I 38000187 68 
39 I 39000185 68 
40 I 40000184 68 
41 I 41000189 68 
42 I 42000193 68 
43 I 43000197 68 
44 I 44000208 68 
45 I 45000212 68 
46 I 46000235 68 
47 I 47000231 68 
48 I 48000224 68 
49 I 49000226 68 
50 I 50000244 68 
51 I 51000250 68 
52 I 52015866 68 
53 I 53015870 68 
54 I 54015879 68 
55 I 55015892 68 
56 I 56015884 68 
57 I 57015901 68 
58 I 58015919 68 
59 I 59015898 68 
60 I 60015904 68 
61 I 61015910 68 
62 I 62015920 68 
63 I 63015922 68 
64 I 64015924 68 
65 I 65015947 68 
66 I 66015947 68 
67 I 67015938 68 
68 I 68015941 68 
69 I 69015962 68 
70 I 70015963 68 
71 I 71015970 68 
72 I 72015974 68 
73 I 73015965 68 
74 I 74015971 68 
75 I 75015978 68 
76 I 76015999 68 
77 I 77015991 68 
78 I 78016023 68 
79 I 79016357 68 
80 I 80016003 68 
81 I 81016004 68 
82 I 82016011 68 
83 I 83016014 68 
84 I 84016025 68 
85 I 85016033 68 
86 I 86016027 68 
87 I 87016031 68 
88 I 88016039 68 
89 I 89016072 68 
90 I 90016058 68 
91 I 91016052 68 
92 I 92016065 68 
93 I 93031700 68 
94 I 94031693 68 
95 I 95031707 68 
96 I 96031700 68 
97 I 97031703 68 
98 I 98031710 68 
99 I 99032158 68 
100 I 100031730 68 
101 I 101031724 68 
102 I 102031729 68 
103 I 103031735 68 
104 I 104031740 68 
105 I 105031744 68 
106 I 106031768 68 
107 I 107031755 68 
108 I 108031774 68 
109 I 109031761 68 
110 I 110031872 68 
111 I 111031784 68 
112 I 112031775 68 
113 I 113031798 68 
114 I 114031810 68 
115 I 115031796 68 
116 I 116031806 68 
117 I 117031799 68 
118 I 118032025 68 
119 I 119031818 68 
120 I 120031817 68 
121 I 121031825 68 
122 I 122031825 68 
123 I 123031825 68 
124 I 124047456 68 
125 I 125047463 68 
126 I 126047467 68 
127 I 127047474 68 
128 I 128047477 68 
129 I 129047480 68 
130 I 130047482 68 
131 I 131047499 68 
132 I 132047497 68 
133 I 133047506 68 
134 I 134047506 68 
135 I 135047537 68 
136 I 136047509 68 
137 I 137047527 68 
138 I 138047531 68 
139 I 139047534 68 
140 I 140047534 68 
141 I 141047535 68 
142 I 142047544 68 
143 I 143049214 68 
144 I 144047548 68 
145 I 145063193 68 
146 I 146063203 68 
147 I 147063189 68 
148 I 148063198 68 
149 I 149063197 68 
150 I 150063204 68 
151 I 151063206 68 
152 I 152078854 68 
153 I 153078847 68 
154 I 154078855 68 
155 I 155078856 68 
156 I 156078855 68 
157 I 157078862 68 
158 I 158078864 68 
159 I 159078868 68 
160 I 160078893 68 
161 I 161078890 68 
162 I 162094504 68 
163 I 163094515 68 
164 I 164094516 68 
165 I 165094521 68 
166 I 166094533 68 
167 I 167098544 68 
168 I 168095958 68 
169 I 169094551 68 
170 I 170094557 68 
171 I 171094564 68 
172 I 172094569 68 
173 I 173094560 68 
174 I 174094584 68 
175 I 175094581 68 
176 I 176094576 68 
177 I 177094594 68 
178 I 178094590 68 
179 I 179094595 68 
180 I 180094598 68 
181 I 181094599 68 
182 I 182094612 68 
183 I 183094620 68 
184 I 184094612 68 
185 I 185094625 68 
186 I 186094618 68 
187 I 187094631 68 
188 I 188094631 68 
189 I 189094648 68 
190 I 190094647 68 
191 I 191094641 68 
192 I 192094650 68 
193 I 193094692 68 
194 I 194094666 68 
195 I 195094672 68 
196 I 196094665 68 
197 I 197094669 68 
198 I 198095683 68 
199 I 199095782 68 
200 I 200094687 68 
201 I 201094690 68 
202 I 202094697 68 
203 I 203094698 68 
204 I 204094704 68 
205 I 205094717 68 
206 I 206094711 68 
207 I 207094758 68 
208 I 208094723 68 
209 I 209094737 68 
210 I 210094733 68 
211 I 211094734 68 
212 I 212094741 68 
213 I 213094756 68 
214 I 214094750 68 
215 I 215094754 68 
216 I 216094762 68 
217 I 217094779 68 
218 I 218094769 68 
219 I 219094816 68 
220 I 220094789 68 
221 I 221094802 68 
222 I 222094790 68 
223 I 223110418 68 
224 I 224110429 68 
225 I 225110429 68 
226 I 226110436 68 
227 I 227110449 68 
228 I 228110459 68 
229 I 229110488 68 
230 I 230110460 68 
231 I 231110451 68 
232 I 232110460 68 
233 I 233110478 68 
234 I 234110476 68 
235 I 235110472 68 
236 I 236110473 68 
237 I 237110487 68 
238 I 238110502 68 
239 I 239110488 68 
240 I 240110500 68 
241 I 241110522 68 
242 I 242110509 68 
243 I 243110508 68 
244 I 244110535 68 
245 I 245110522 68 
246 I 246110523 68 
247 I 247110528 68 
248 I 248110529 68 
249 I 249110536 68 
250 I 250110541 68 
251 I 251110544 68 
252 I 252110551 68 
253 I 253110557 68 
254 I 254110556 68 
255 I 255126186 68 
256 I 256126196 68 
257 I 257126208 68 
258 I 258126212 68 
259 I 259126209 68 
260 I 260126220 68 
261 I 261126217 68 
262 I 262126221 68 
263 I 263126225 68 
264 I 264126231 68 
265 I 265126239 68 
266 I 266126237 68 
267 I 267126258 68 
268 I 268126257 68 
269 I 269126251 68 
270 I 270126258 68 
271 I 271141893 68 
272 I 272141906 68 
273 I 273141917 68 
274 I 274141915 68 
275 I 275141915 68 
276 I 276141915 68 
277 I 277141921 68 
278 I 278141939 68 
279 I 279141930 68 
280 I 280141947 68 
281 I 281141937 68 
282 I 282141940 68 
283 I 283141956 68 
284 I 284141955 68 
285 I 285141968 68 
286 I 286141964 68 
287 I 287141976 68 
288 I 288141968 68 
289 I 289141973 68 
290 I 290141980 68 
291 I 291142002 68 
292 I 292142019 68 
293 I 293141993 68 
294 I 294142025 68 
295 I 295142004 68 
296 I 296142012 68 
297 I 297142014 68 
298 I 298142028 68 
299 I 299142029 68 
300 I 300142032 68 
301 I 301142030 68 
302 I 302142041 68 
303 I 303142069 68 
304 I 304142059 68 
305 I 305142052 68 
306 I 306142069 68 
307 I 307142061 68 
308 I 308142081 68 
309 I 309143639 68 
310 I 310142075 68 
311 I 311142080 68 
312 I 312142097 68 
313 I 313142087 68 
314 I 314142105 68 
315 I 315142110 68 
316 I 316142111 68 
317 I 317157746 68 
318 I 318157735 68 
319 I 319157778 68 
320 I 320157747 68 
321 I 321157747 68 
322 I 322157761 68 
323 I 323157760 68 
324 I 324157776 68 
325 I 325157791 68 
326 I 326157786 68 
327 I 327157778 68 
328 I 328157781 68 
329 I 329157790 68 
330 I 330157797 68 
331 I 331157812 68 
332 I 332160640 68 
333 I 333157812 68 
334 I 334157822 68 
335 I 335157816 68 
336 I 336157843 68 
