0 I 0 217 
1 I 4924 185 
2 I 6056 252 
3 I 9679 1208 
4 I 9792 1208 
5 I 13037 1208 
6 I 13059 647 
7 I 3206451 265 
8 I 3206660 1208 
9 I 3206756 1208 
10 I 3206853 1208 
11 I 3206880 680 
12 I 3207009 1208 
13 I 3207106 1208 
14 I 3209610 1208 
15 I 3209713 1208 
16 I 3212153 1208 
17 I 3212250 1208 
18 I 3212368 1208 
19 I 3215355 1208 
20 I 3215452 1208 
21 I 3215544 1208 
22 I 3216663 1208 
23 I 3216763 1208 
24 I 3216861 1208 
25 I 3217791 1208 
26 I 3217796 246 
27 I 3217906 1208 
28 I 3224291 1208 
29 I 3224390 1208 
30 I 3224409 680 
31 I 3253605 263 
32 I 3253691 554 
33 I 3302462 238 
34 I 3302575 664 
35 I 3342569 263 
36 I 3342646 539 
37 I 3418767 178 
38 I 3424192 323 
39 I 3424399 1208 
40 I 3431418 1208 
41 I 3431513 1208 
42 I 3431614 1208 
43 I 3434793 1208 
44 I 3434890 1208 
45 I 3434994 1208 
46 I 3438186 1208 
47 I 3438282 1208 
48 I 3438382 1208 
49 I 3438387 264 
50 I 3438511 1208 
51 I 3438609 1208 
52 I 3438722 1208 
53 I 3438735 680 
54 I 3438864 1208 
55 I 3438965 1208 
56 I 3439050 1208 
57 I 3439148 1208 
58 I 3439252 1208 
59 I 3441697 1208 
60 I 3441797 1208 
61 I 3441892 1208 
62 I 3444035 1208 
63 I 3444140 1208 
64 I 3444235 1208 
65 I 3444240 107 
66 I 3446817 1208 
67 I 3446917 1208 
68 I 3447017 1208 
69 I 3448777 1208 
70 I 3448874 1208 
71 I 3448973 1208 
72 I 3451255 1208 
73 I 3451354 1208 
74 I 3451424 1018 
75 I 3457407 1208 
76 I 3457503 1208 
77 I 3457601 1208 
78 I 3458540 688 
79 I 3458668 1208 
80 I 3458769 1208 
81 I 3460653 1208 
82 I 3460676 688 
83 I 3461815 1208 
84 I 3461915 1208 
85 I 3462010 1208 
86 I 3462040 688 
87 I 3462166 1208 
88 I 3462266 1208 
89 I 3462364 1208 
90 I 3462394 688 
91 I 3464295 1208 
92 I 3464400 1208 
93 I 3464497 1208 
94 I 3464518 688 
95 I 3466411 1208 
96 I 3466510 1208 
97 I 3466608 1208 
98 I 3466635 688 
99 I 3468495 1208 
100 I 3468591 1208 
101 I 3468679 1128 
102 I 3612068 264 
103 I 3612251 1208 
104 I 3612294 790 
105 I 3623274 238 
106 I 3623368 664 
107 I 3635622 263 
108 I 3635814 1208 
109 I 3635927 1208 
110 I 3635932 591 
111 I 3637279 239 
112 I 3637487 1208 
113 I 3637587 1208 
114 I 3637688 1208 
115 I 3637708 680 
116 I 3637836 1208 
117 I 3637934 1208 
118 I 3637971 754 
119 I 3749119 264 
120 I 3749257 868 
121 I 3749629 264 
122 I 3749840 1208 
123 I 3749925 1208 
124 I 3750022 1208 
125 I 3750027 197 
126 I 3757808 239 
127 I 3758018 1208 
128 I 3761189 1208 
129 I 3761283 1208 
130 I 3761381 1208 
131 I 3764447 796 
132 I 3770292 262 
133 I 3770319 157 
134 I 3771574 262 
135 I 3771604 156 
136 I 70712681 265 
137 I 70712889 1208 
138 I 70716564 1208 
139 I 70716661 1208 
140 I 70716763 1208 
141 I 70720038 1208 
142 I 70720134 1208 
143 I 70720235 1208 
144 I 70723325 1208 
145 I 70723414 1208 
146 I 70723510 1208 
147 I 70729495 1208 
148 I 70729591 1208 
149 I 70729690 1208 
150 I 70730112 1208 
151 I 70730210 1208 
152 I 70730310 1208 
153 I 70732555 1208 
154 I 70732656 1208 
155 I 70732750 1208 
156 I 70748729 263 
157 I 70748818 554 
158 I 70823220 239 
159 I 70823420 1208 
160 I 70823520 1208 
161 I 70823525 187 
162 I 70844828 263 
163 I 70844909 539 
164 I 70923545 178 
165 I 70927766 323 
166 I 70927978 1208 
167 I 70933465 1208 
168 I 70933564 1208 
169 I 70933662 1208 
170 I 70937264 1208 
171 I 70937360 1208 
172 I 70937458 1208 
173 I 70940473 1208 
174 I 70940571 1208 
175 I 70940669 1208 
176 I 70950252 1208 
177 I 70950349 1208 
178 I 70950447 1208 
179 I 70950563 1208 
180 I 70950648 1208 
181 I 70950745 1208 
182 I 70953604 1208 
183 I 70953702 1208 
184 I 70953801 1208 
185 I 70957316 1208 
186 I 70957395 1208 
187 I 70957494 1208 
188 I 70957601 1208 
189 I 70957691 1208 
190 I 70957785 1018 
191 I 70959022 265 
192 I 70959243 1208 
193 I 70959342 1208 
194 I 70959442 1208 
195 I 70959462 680 
196 I 70959593 1208 
197 I 70959693 1208 
198 I 70959807 1208 
199 I 70959888 1208 
200 I 70959986 1208 
201 I 70960089 1208 
202 I 70960188 1208 
203 I 70960280 1208 
204 I 70960382 1208 
205 I 70962429 1208 
206 I 70962434 168 
207 I 70962713 1208 
208 I 70962813 1208 
209 I 70962915 1208 
210 I 70962936 688 
211 I 70965624 1208 
212 I 70965717 1208 
213 I 70965819 1208 
214 I 70965852 688 
215 I 70966675 1208 
216 I 70966773 1208 
217 I 70971686 1208 
218 I 70971803 1208 
219 I 70971886 1208 
220 I 70973669 1208 
221 I 70973767 1208 
222 I 70973806 774 
223 I 70973931 1208 
224 I 70974029 1208 
225 I 70974138 1208 
226 I 70978017 1208 
227 I 70978115 1208 
228 I 70978213 1208 
229 I 70978247 688 
230 I 70980847 1208 
231 I 70980885 773 
232 I 70986851 680 
233 I 70986996 1208 
234 I 70987093 1208 
235 I 70988378 1208 
236 I 70988404 680 
237 I 70989186 1208 
238 I 70989286 1208 
239 I 70989383 1208 
240 I 70989428 680 
241 I 70989536 1208 
242 I 70989636 1208 
243 I 70989737 1208 
244 I 70989770 680 
245 I 70993276 1208 
246 I 70993373 1208 
247 I 70993482 1208 
248 I 70993504 680 
249 I 70995774 1208 
250 I 70995883 1208 
251 I 70995937 950 
252 I 71071861 264 
253 I 71072031 1107 
254 I 71073871 264 
255 I 71074050 1127 
256 I 71123314 264 
257 I 71123515 1208 
258 I 71123554 790 
259 I 71135865 264 
260 I 71136048 1208 
261 I 71136090 790 
