0 I 0 75 
1 I 572446 78 
2 I 1140236 77 
3 I 1716564 83 
4 I 2280834 74 
5 I 4306115 74 
6 I 8393139 90 
7 I 30224557 103 
8 I 30759539 100 
9 I 32547929 100 
10 I 107690974 153 
11 I 108269922 81 
12 I 111158599 81 
13 I 141725869 218 
14 I 147512462 218 
15 I 147976319 82 
16 I 159533746 82 
17 I 229226593 82 
18 I 229703603 99 
19 I 230186811 82 
20 I 230727435 77 
21 I 231246132 76 
22 I 233836585 76 
23 I 234337989 82 
24 I 234803106 77 
25 I 235252671 77 
26 I 235720609 79 
27 I 236177099 70 
28 I 236669104 90 
29 I 238258733 90 
30 I 255964578 103 
31 I 256453370 100 
