0 I 0 71 
1 I 392563 89 
2 I 782832 87 
3 I 3375485 87 
4 I 5567777 50 
5 I 5962314 89 
6 I 7557625 86 
7 I 8948179 50 
8 I 9338447 89 
9 I 9737857 89 
10 I 11129011 50 
11 I 12889148 50 
12 I 14908328 90 
13 I 15305632 82 
14 I 16708598 50 
15 I 17097597 91 
16 I 17497987 88 
17 I 18908970 50 
18 I 19302559 89 
19 I 20327668 89 
20 I 20888820 87 
21 I 23062326 87 
22 I 28650254 50 
23 I 33014183 50 
24 I 37189957 91 
25 I 45921161 91 
26 I 53849909 91 
27 I 55202709 50 
28 I 55537963 91 
29 I 55874010 86 
30 I 57774459 86 
31 I 58422167 50 
