0 I 0 80 
1 I 708934 50 
2 I 1434515 89 
3 I 1487962 1464 
4 I 2118707 538 
5 I 2955145 1464 
6 I 3874889 73 
7 I 4584546 72 
8 I 10462316 50 
9 I 11214603 87 
10 I 11269808 1464 
11 I 11270949 57 
12 I 11889063 491 
13 I 13789979 76 
14 I 14536810 78 
15 I 15308954 50 
16 I 16073524 93 
17 I 16129430 1464 
18 I 16795166 536 
19 I 17793582 76 
20 I 18537987 82 
21 I 19281692 50 
22 I 20017007 91 
23 I 20072122 1464 
24 I 20698406 542 
25 I 21597355 69 
26 I 22316150 72 
27 I 23033688 50 
28 I 23858584 50 
29 I 24750056 83 
30 I 24804058 1464 
31 I 24806063 73 
32 I 25351691 491 
33 I 26858098 73 
34 I 27542037 70 
35 I 28226256 50 
36 I 29071893 50 
37 I 29926464 89 
38 I 29980624 1464 
39 I 29982852 77 
40 I 30522536 491 
41 I 31510690 72 
42 I 32182107 76 
43 I 33127251 50 
44 I 33818653 89 
45 I 33872207 1464 
46 I 34469703 530 
47 I 36639152 72 
48 I 37331458 78 
49 I 38180347 78 
50 I 39025305 50 
51 I 39716610 89 
52 I 39771070 1464 
53 I 40463854 536 
54 I 42225892 74 
55 I 43189957 74 
56 I 45867092 71 
57 I 46606433 50 
58 I 47304258 88 
59 I 47359309 1464 
60 I 47932237 532 
61 I 48868485 73 
62 I 49997135 73 
63 I 50591772 82 
64 I 51319174 50 
65 I 52039210 85 
66 I 52095362 1464 
67 I 52696489 540 
68 I 53631198 75 
69 I 54339207 71 
70 I 55077563 50 
71 I 55904645 50 
72 I 56766463 89 
73 I 56821832 1464 
74 I 58534704 1464 
75 I 62139829 1464 
76 I 62695174 529 
77 I 63566296 72 
78 I 64256175 81 
79 I 65421796 50 
80 I 66318914 50 
81 I 68981572 87 
82 I 69036420 1464 
83 I 69626695 541 
84 I 70516790 76 
85 I 71220872 82 
86 I 71917211 50 
87 I 72619749 89 
88 I 72674483 1464 
89 I 73291234 544 
90 I 74162785 76 
91 I 74842178 72 
92 I 76388452 50 
93 I 77635791 50 
94 I 78099250 92 
95 I 78154492 1464 
96 I 78205626 98 
97 I 78742253 491 
98 I 79555334 76 
99 I 80284144 74 
100 I 81003875 50 
101 I 81707014 91 
102 I 81761251 1464 
103 I 82388569 526 
104 I 83973381 74 
105 I 84676990 81 
106 I 85387000 50 
107 I 86547796 50 
108 I 87011797 90 
109 I 87067789 1464 
110 I 87112542 93 
111 I 87782014 491 
112 I 88725222 75 
113 I 90054147 75 
114 I 90352461 72 
115 I 91099473 50 
116 I 91806164 90 
117 I 91860202 1464 
118 I 91862430 72 
119 I 92438077 491 
120 I 93682742 74 
121 I 94389827 77 
122 I 95176475 50 
123 I 95892771 87 
124 I 95947641 1464 
125 I 96583740 541 
126 I 97563066 71 
127 I 98666752 71 
128 I 99249844 72 
129 I 100006896 50 
130 I 101068555 50 
131 I 103652465 92 
132 I 103706805 1464 
133 I 105802332 1464 
134 I 106380354 529 
135 I 107586066 75 
136 I 108271003 71 
137 I 108979707 50 
138 I 109655582 95 
139 I 109711042 1464 
140 I 110309391 543 
141 I 112525958 76 
142 I 113205976 81 
143 I 113924658 50 
144 I 114587245 92 
145 I 114643020 1464 
146 I 115219166 558 
147 I 116278827 73 
148 I 116943231 76 
149 I 117654932 50 
150 I 118296451 89 
151 I 118350556 1464 
152 I 118923450 538 
153 I 119756521 73 
154 I 120402527 71 
155 I 121599905 71 
156 I 122024773 50 
157 I 124403840 50 
158 I 124570571 89 
159 I 124627121 1464 
160 I 125169310 529 
161 I 126133903 75 
162 I 126837525 70 
163 I 127643106 50 
164 I 128362489 93 
165 I 128448975 1464 
166 I 129002795 532 
167 I 133140824 73 
168 I 134126850 73 
169 I 137765095 71 
170 I 138452481 50 
171 I 139110882 86 
172 I 139166575 1464 
173 I 139168125 59 
174 I 139700718 491 
175 I 140536227 506 
176 I 141686843 72 
177 I 142370311 74 
178 I 143330000 74 
179 I 145863225 50 
180 I 147835024 50 
181 I 151844086 50 
182 I 158001547 86 
183 I 158056799 1464 
184 I 158058657 82 
185 I 158594647 491 
186 I 159724105 73 
187 I 160393280 80 
188 I 161063987 50 
189 I 161713926 89 
190 I 161769153 1464 
191 I 162346146 546 
192 I 163468746 75 
193 I 164142978 77 
194 I 165061548 77 
195 I 165690006 50 
196 I 167664525 50 
197 I 168137854 92 
198 I 168193745 1464 
199 I 168215817 91 
200 I 168755897 491 
201 I 169617839 70 
202 I 170280304 71 
203 I 171269831 71 
204 I 171814831 50 
205 I 172491335 86 
206 I 172545886 1464 
207 I 172547792 79 
208 I 173100417 491 
209 I 174831469 71 
210 I 175493257 78 
211 I 176175806 50 
212 I 176841921 85 
213 I 176896512 1464 
214 I 177477864 536 
215 I 178419830 76 
216 I 179098931 75 
217 I 179767602 50 
218 I 180682283 50 
219 I 180799074 93 
220 I 180854467 1464 
221 I 181208614 525 
222 I 182256342 74 
223 I 182896442 81 
224 I 183845457 50 
225 I 184505947 88 
226 I 184562848 1464 
227 I 185416436 1464 
228 I 185949467 550 
229 I 186820609 76 
230 I 187482869 79 
231 I 188149933 50 
232 I 188804278 91 
233 I 188859984 1464 
234 I 189361924 543 
235 I 190377790 70 
236 I 191017128 86 
237 I 191669622 50 
238 I 192283870 82 
239 I 192339794 1464 
240 I 192864503 541 
241 I 193719288 74 
242 I 194604590 74 
243 I 195287637 82 
244 I 195910328 50 
245 I 196805578 50 
246 I 197489475 95 
247 I 197580308 1464 
248 I 198066447 546 
249 I 199306728 76 
250 I 199938466 76 
251 I 200615719 50 
252 I 201227215 89 
253 I 201284329 1464 
254 I 201286362 75 
255 I 201787255 491 
256 I 202537913 73 
257 I 203163079 76 
258 I 203810234 50 
259 I 204720899 50 
260 I 205314666 86 
261 I 205369849 1464 
262 I 205370936 60 
263 I 205892929 491 
264 I 206764640 74 
265 I 207351773 84 
266 I 207980271 50 
267 I 208682751 89 
268 I 208740309 1464 
269 I 209277432 550 
270 I 210120371 74 
271 I 210748181 71 
272 I 211384282 50 
273 I 212007203 85 
274 I 212062407 1464 
275 I 212063185 46 
276 I 212559462 491 
277 I 214061763 71 
278 I 214931750 71 
279 I 215567084 77 
280 I 216386803 50 
281 I 217013964 87 
282 I 217065255 1464 
283 I 217562903 533 
284 I 218675702 71 
285 I 219443781 75 
286 I 220131841 50 
287 I 220755566 86 
288 I 220810354 1464 
289 I 221668200 1464 
290 I 222152148 534 
291 I 226235290 71 
292 I 226935136 81 
293 I 227807534 50 
294 I 228438614 82 
295 I 228496555 1464 
296 I 229002307 540 
297 I 230702170 74 
298 I 231343655 78 
299 I 232059415 50 
300 I 233057192 50 
301 I 233586531 85 
302 I 233643024 1464 
303 I 235591609 1464 
304 I 236100832 532 
305 I 238699619 73 
306 I 239323098 74 
307 I 240284439 50 
308 I 240906377 93 
309 I 240961266 1464 
310 I 241796249 1464 
311 I 242284679 568 
312 I 243215552 71 
313 I 243886858 74 
314 I 244545454 50 
315 I 245269848 88 
316 I 245381086 1464 
317 I 245383140 72 
318 I 245886125 491 
319 I 246922765 73 
320 I 247880926 73 
321 I 250538827 71 
322 I 251755764 50 
323 I 252439819 88 
324 I 252494127 1464 
325 I 253030818 528 
326 I 254160700 74 
327 I 254989570 74 
328 I 255711998 71 
329 I 256374455 50 
330 I 257029927 88 
331 I 257084914 1464 
332 I 257085730 49 
333 I 257582926 491 
334 I 258891173 69 
335 I 259487423 74 
336 I 260361835 50 
337 I 260997016 88 
338 I 261028728 1464 
339 I 261573896 551 
340 I 263628238 69 
341 I 264238776 77 
342 I 264881016 50 
343 I 265515622 85 
344 I 265569549 1464 
345 I 266099309 531 
346 I 267273055 72 
347 I 267902846 77 
348 I 269024283 50 
349 I 270010504 50 
350 I 270504257 90 
351 I 270559985 1464 
352 I 270562917 93 
353 I 271055648 491 
354 I 272022485 491 
355 I 272161142 71 
356 I 272796629 77 
357 I 273473089 50 
358 I 274112981 89 
359 I 274169106 1464 
360 I 274678400 551 
361 I 275823962 76 
362 I 276485954 82 
363 I 277182329 50 
364 I 278122068 50 
365 I 278679532 89 
366 I 278734763 1464 
367 I 278735936 65 
368 I 279236984 491 
369 I 280468383 71 
370 I 281113418 83 
371 I 281761924 50 
372 I 282731362 50 
373 I 283269883 81 
374 I 283325192 1464 
375 I 283327090 98 
376 I 283845525 491 
377 I 286750851 75 
378 I 287382651 82 
379 I 288237148 82 
380 I 288885636 50 
381 I 289518308 94 
382 I 289578135 1464 
