0 I 0 1504 
1 I 641447 1504 
2 I 1052311 1504 
3 I 1297672 1504 
4 I 1553278 1504 
5 I 1953380 1504 
6 I 2546209 1504 
7 I 2593716 1504 
8 I 3054068 1504 
9 I 3055134 1504 
10 I 3250047 1504 
11 I 3890605 1504 
12 I 4547248 1504 
13 I 5203121 1504 
14 I 5401086 1504 
15 I 5401238 1504 
16 I 5843749 1504 
17 I 6500037 1504 
18 I 7141192 1504 
19 I 7796877 1504 
20 I 7852323 1504 
21 I 8354237 1504 
22 I 8453157 1504 
23 I 8654308 1504 
24 I 8654458 1504 
25 I 9093803 1504 
26 I 9750029 1504 
27 I 10405746 1504 
28 I 11047303 1504 
29 I 11499577 1504 
30 I 11500242 1504 
31 I 11702064 1504 
32 I 11703216 1504 
33 I 12344394 1504 
34 I 13000397 1504 
35 I 13205014 1504 
36 I 13656384 1504 
37 I 14296896 1504 
38 I 14953154 1504 
39 I 15004822 1504 
40 I 15504577 1504 
41 I 15505077 1504 
42 I 15593797 1504 
43 I 16250262 1504 
44 I 16896978 1504 
45 I 16898037 1504 
46 I 17397384 1504 
47 I 17547673 1504 
48 I 18203109 1504 
49 I 18843718 1504 
50 I 19500088 1504 
51 I 20156472 1504 
52 I 20797271 1504 
53 I 21453177 1504 
54 I 21905264 1504 
55 I 21906724 1504 
56 I 22094483 1504 
57 I 22750043 1504 
58 I 23398694 1504 
59 I 23399739 1504 
60 I 23399888 1504 
61 I 24047666 1504 
62 I 24703332 1504 
63 I 25359710 1504 
64 I 25900664 1504 
65 I 26000239 1504 
66 I 26656382 1504 
67 I 27256069 1504 
68 I 27296936 1504 
69 I 27953187 1504 
70 I 28609446 1504 
71 I 29250010 1504 
72 I 29760163 1504 
73 I 29760311 1504 
74 I 29906492 1504 
75 I 30547179 1504 
76 I 31203805 1504 
77 I 31859870 1504 
78 I 32500096 1504 
79 I 33157102 1504 
80 I 33605833 1504 
81 I 33606923 1504 
82 I 33797135 1504 
83 I 33806482 1504 
84 I 34453087 1504 
85 I 35109455 1504 
86 I 35456629 1504 
87 I 35750478 1504 
88 I 36406485 1504 
89 I 37062715 1504 
90 I 37703110 1504 
91 I 38359436 1504 
92 I 39000328 1504 
93 I 39656314 1504 
94 I 40312600 1504 
95 I 40856194 1504 
96 I 40953214 1504 
97 I 41357173 1504 
98 I 41357268 1504 
99 I 41554209 1504 
100 I 41610438 1504 
101 I 41806528 1504 
102 I 42250673 1504 
103 I 42805597 1504 
104 I 42906323 1504 
105 I 43547392 1504 
106 I 44199045 1504 
107 I 44199197 1504 
108 I 44860260 1504 
109 I 45500090 1504 
110 I 46156284 1504 
111 I 46203555 1504 
112 I 46203972 1504 
113 I 46812614 1504 
114 I 47205282 1504 
115 I 47453428 1504 
116 I 48109592 1504 
117 I 48765870 1504 
118 I 49205711 1504 
119 I 49206075 1504 
120 I 49406240 1504 
121 I 50062676 1504 
122 I 50557795 1504 
123 I 50557935 1504 
124 I 50703190 1504 
125 I 51359482 1504 
126 I 52001051 1504 
127 I 52656220 1504 
128 I 53312599 1504 
129 I 53953928 1504 
130 I 54557003 1504 
131 I 54557118 1504 
132 I 54610134 1504 
133 I 55250074 1504 
134 I 55907009 1504 
135 I 56055945 1504 
136 I 56562620 1504 
137 I 57203244 1504 
138 I 57859481 1504 
139 I 57950213 1504 
140 I 57951153 1504 
141 I 58515732 1504 
142 I 59156899 1504 
143 I 59357945 1504 
144 I 59812785 1504 
145 I 60453223 1504 
146 I 61109533 1504 
147 I 61207930 1504 
148 I 61707467 1504 
149 I 61708524 1504 
150 I 61765740 1504 
151 I 61907372 1504 
152 I 62406706 1504 
153 I 63062612 1504 
154 I 63703652 1504 
155 I 63708402 1504 
156 I 63708818 1504 
157 I 64359428 1504 
158 I 65015792 1504 
159 I 65200797 1504 
160 I 65656350 1504 
161 I 66108819 1504 
162 I 66313513 1504 
163 I 66953677 1504 
164 I 67609385 1504 
165 I 68265752 1504 
166 I 68906830 1504 
167 I 69562650 1504 
168 I 70218889 1504 
169 I 70859639 1504 
170 I 71515914 1504 
171 I 71610246 1504 
172 I 72156348 1504 
173 I 72812714 1504 
174 I 73469163 1504 
175 I 74109525 1504 
176 I 74765487 1504 
177 I 75406850 1504 
178 I 75610485 1504 
179 I 75610651 1504 
180 I 76062647 1504 
181 I 76718891 1504 
182 I 77110656 1504 
183 I 77359814 1504 
184 I 78015767 1504 
185 I 78110676 1504 
186 I 78111621 1504 
187 I 78310841 1504 
188 I 78656521 1504 
189 I 79102338 1504 
190 I 79102788 1504 
191 I 79312790 1504 
192 I 79968924 1504 
193 I 80610314 1504 
194 I 81265772 1504 
195 I 81605611 1504 
196 I 81906529 1504 
197 I 82109385 1504 
198 I 82562698 1504 
199 I 82607022 1504 
200 I 83219062 1504 
201 I 83867176 1504 
202 I 84111892 1504 
203 I 84112054 1504 
204 I 84509738 1504 
205 I 84509889 1504 
206 I 84510039 1504 
207 I 85156525 1504 
208 I 85812661 1504 
209 I 86003137 1504 
210 I 86003684 1504 
211 I 86468644 1504 
212 I 87109971 1504 
213 I 87765781 1504 
214 I 88422287 1504 
215 I 88505066 1504 
216 I 88505501 1504 
217 I 89063083 1504 
218 I 89719008 1504 
219 I 90359560 1504 
220 I 91015681 1504 
221 I 91672384 1504 
222 I 92312739 1504 
223 I 92511259 1504 
224 I 92512027 1504 
225 I 92968656 1504 
226 I 93609767 1504 
227 I 94005044 1504 
228 I 94265887 1504 
229 I 94510966 1504 
230 I 94922541 1504 
231 I 95007322 1504 
232 I 95562708 1504 
233 I 96007500 1504 
234 I 96218968 1504 
235 I 96859757 1504 
236 I 97011070 1504 
237 I 97012142 1504 
238 I 97211660 1504 
239 I 97516119 1504 
240 I 98172049 1504 
241 I 98512030 1504 
242 I 98812723 1504 
243 I 99469351 1504 
244 I 100125841 1504 
245 I 100765841 1504 
246 I 101421842 1504 
247 I 102062699 1504 
248 I 102718971 1504 
249 I 103375205 1504 
250 I 103510269 1504 
251 I 103511371 1504 
252 I 104015823 1504 
253 I 104671782 1504 
254 I 105313042 1504 
255 I 105969569 1504 
256 I 106012086 1504 
257 I 106626048 1504 
258 I 107005565 1504 
259 I 107265826 1504 
260 I 107513843 1504 
261 I 107514916 1504 
262 I 107922644 1504 
263 I 108562779 1504 
264 I 109218887 1504 
265 I 109506579 1504 
266 I 109875465 1504 
267 I 110515847 1504 
268 I 111172114 1504 
269 I 111828366 1504 
270 I 112469299 1504 
271 I 112511460 1504 
272 I 113121550 1504 
273 I 113765855 1504 
274 I 114421823 1504 
275 I 114705646 1504 
276 I 114705790 1504 
277 I 114910732 1504 
278 I 115078362 1504 
279 I 115719364 1504 
280 I 116012915 1504 
281 I 116375241 1504 
282 I 117011433 1504 
283 I 117011585 1504 
284 I 117672243 1504 
285 I 117810840 1504 
286 I 118328544 1504 
287 I 118512182 1504 
288 I 118969020 1504 
289 I 119624953 1504 
290 I 119712132 1504 
291 I 120266680 1504 
292 I 120404661 1504 
293 I 120705559 1504 
294 I 120706631 1504 
295 I 120922273 1504 
296 I 121574951 1504 
297 I 122218996 1504 
298 I 122875259 1504 
299 I 123516025 1504 
300 I 123710669 1504 
301 I 124171997 1504 
302 I 124713575 1504 
303 I 124828888 1504 
304 I 125469121 1504 
305 I 126125251 1504 
306 I 126781791 1504 
307 I 127422066 1504 
308 I 128079452 1504 
309 I 128719214 1504 
310 I 129213601 1504 
311 I 129214675 1504 
312 I 129375385 1504 
313 I 129413746 1504 
314 I 130031677 1504 
315 I 130672172 1504 
316 I 131328456 1504 
317 I 131414335 1504 
318 I 131414490 1504 
319 I 131969012 1504 
320 I 132625010 1504 
321 I 133281647 1504 
322 I 133814186 1504 
323 I 133814834 1504 
324 I 133922145 1504 
325 I 134578394 1504 
326 I 135219048 1504 
327 I 135713796 1504 
328 I 135714637 1504 
329 I 135874986 1504 
330 I 135913807 1504 
331 I 136531527 1504 
332 I 137172176 1504 
333 I 137214618 1504 
334 I 137828403 1504 
335 I 138484751 1504 
336 I 139126135 1504 
337 I 139211701 1504 
338 I 139781536 1504 
339 I 140422802 1504 
340 I 140564718 1504 
341 I 141065822 1504 
342 I 141066957 1504 
343 I 141734783 1504 
344 I 142375161 1504 
345 I 143031547 1504 
346 I 143672141 1504 
347 I 143963845 1504 
348 I 144329220 1504 
349 I 144984658 1504 
350 I 145464335 1504 
351 I 145625296 1504 
352 I 146281593 1504 
353 I 146922198 1504 
354 I 147578956 1504 
355 I 148234654 1504 
356 I 148657757 1504 
357 I 148875280 1504 
358 I 149531759 1504 
359 I 150173037 1504 
360 I 150666098 1504 
361 I 150828349 1504 
362 I 151015443 1504 
363 I 151484768 1504 
364 I 152013517 1504 
365 I 152125458 1504 
366 I 152781739 1504 
367 I 153438433 1504 
368 I 153516204 1504 
369 I 154014510 1504 
370 I 154014652 1504 
371 I 154079357 1504 
372 I 154735183 1504 
373 I 155375301 1504 
374 I 155509421 1504 
375 I 156031599 1504 
376 I 156687796 1504 
377 I 157328507 1504 
378 I 157515994 1504 
379 I 157984701 1504 
380 I 158013659 1504 
381 I 158625337 1504 
382 I 159014926 1504 
383 I 159015060 1504 
384 I 159281685 1504 
385 I 159937821 1504 
386 I 160578443 1504 
387 I 161016974 1504 
388 I 161234721 1504 
389 I 161875313 1504 
390 I 162531621 1504 
391 I 163017981 1504 
392 I 163019056 1504 
393 I 163188491 1504 
394 I 163213266 1504 
395 I 163828624 1504 
396 I 164484869 1504 
397 I 165125350 1504 
398 I 165781613 1504 
399 I 166437837 1504 
400 I 167078439 1504 
401 I 167215575 1504 
402 I 167734736 1504 
403 I 168215540 1504 
404 I 168375344 1504 
405 I 168566751 1504 
406 I 169031748 1504 
407 I 169687831 1504 
408 I 170329318 1504 
409 I 170411799 1504 
410 I 170984742 1504 
411 I 171640940 1504 
412 I 172282093 1504 
413 I 172414180 1504 
414 I 172866161 1504 
415 I 172937867 1504 
416 I 173578452 1504 
417 I 174234761 1504 
418 I 174366749 1504 
419 I 174875531 1504 
420 I 175531863 1504 
421 I 175868109 1504 
422 I 176187968 1504 
423 I 176828509 1504 
424 I 177360884 1504 
425 I 177361332 1504 
426 I 177484813 1504 
427 I 177563947 1504 
428 I 177565005 1504 
429 I 178141101 1504 
430 I 178781681 1504 
431 I 178866714 1504 
432 I 178867772 1504 
433 I 179063368 1504 
434 I 179437917 1504 
435 I 180078487 1504 
436 I 180266689 1504 
437 I 180366466 1504 
438 I 180734700 1504 
439 I 180868131 1504 
440 I 181390972 1504 
441 I 181869275 1504 
442 I 182031601 1504 
443 I 182687796 1504 
444 I 183328431 1504 
445 I 183984649 1504 
446 I 184566018 1504 
447 I 184641001 1504 
448 I 185066716 1504 
449 I 185281756 1504 
450 I 185937839 1504 
451 I 186417179 1504 
452 I 186418280 1504 
453 I 186594076 1504 
454 I 187234861 1504 
455 I 187415718 1504 
456 I 187891118 1504 
457 I 188532261 1504 
458 I 189187818 1504 
459 I 189844087 1504 
460 I 189918315 1504 
461 I 189919245 1504 
462 I 190484794 1504 
463 I 191140938 1504 
464 I 191781971 1504 
465 I 192437789 1504 
466 I 193109627 1504 
467 I 193734808 1504 
468 I 194390705 1504 
469 I 195031708 1504 
470 I 195417776 1504 
471 I 195688083 1504 
472 I 195817653 1504 
473 I 196344125 1504 
474 I 196818995 1504 
475 I 196984764 1504 
476 I 197641188 1504 
477 I 198281990 1504 
478 I 198938228 1504 
479 I 199594011 1504 
480 I 200234757 1504 
481 I 200818044 1504 
482 I 200890721 1504 
483 I 201531838 1504 
484 I 202068140 1504 
485 I 202068286 1504 
486 I 202187884 1504 
487 I 202844377 1504 
488 I 203319406 1504 
489 I 203484789 1504 
490 I 203820748 1504 
491 I 204141183 1504 
492 I 204781834 1504 
493 I 204818237 1504 
494 I 205437967 1504 
495 I 206015319 1504 
496 I 206094319 1504 
497 I 206514880 1504 
498 I 206734977 1504 
499 I 207391374 1504 
500 I 208031903 1504 
501 I 208688218 1504 
502 I 209343903 1504 
503 I 209920526 1504 
504 I 209985096 1504 
505 I 210641400 1504 
506 I 211281901 1504 
507 I 211937939 1504 
508 I 212595254 1504 
509 I 213235327 1504 
510 I 213890959 1504 
511 I 214547001 1504 
512 I 214920711 1504 
513 I 214920880 1504 
514 I 215187908 1504 
515 I 215843881 1504 
516 I 216421587 1504 
517 I 216485789 1504 
518 I 217141168 1504 
519 I 217797428 1504 
520 I 218438119 1504 
521 I 219094328 1504 
522 I 219735009 1504 
523 I 220391518 1504 
524 I 221047535 1504 
525 I 221420916 1504 
526 I 221688284 1504 
527 I 222344234 1504 
528 I 222984978 1504 
529 I 223641308 1504 
530 I 224297477 1504 
531 I 224421522 1504 
532 I 224938638 1504 
533 I 225594331 1504 
534 I 225915119 1504 
535 I 226234972 1504 
536 I 226891050 1504 
537 I 227547050 1504 
538 I 227920013 1504 
539 I 228188097 1504 
540 I 228844699 1504 
541 I 229418798 1504 
542 I 229500542 1504 
543 I 230141158 1504 
544 I 230797031 1504 
545 I 231422910 1504 
546 I 231423060 1504 
547 I 231423208 1504 
548 I 232094217 1504 
549 I 232750611 1504 
550 I 232819199 1504 
551 I 232819342 1504 
552 I 233391360 1504 
553 I 234047381 1504 
554 I 234688162 1504 
555 I 234820984 1504 
556 I 234822046 1504 
557 I 235344909 1504 
558 I 236000670 1504 
559 I 236641280 1504 
560 I 237298171 1504 
561 I 237772311 1504 
562 I 237938149 1504 
563 I 238122364 1504 
564 I 238123239 1504 
565 I 238594202 1504 
566 I 239250608 1504 
567 I 239891553 1504 
568 I 240466202 1504 
569 I 240547289 1504 
570 I 240966515 1504 
571 I 241121770 1504 
572 I 241189078 1504 
573 I 241844255 1504 
574 I 242470624 1504 
575 I 242500682 1504 
576 I 243141314 1504 
577 I 243470551 1504 
578 I 243797340 1504 
579 I 244438308 1504 
580 I 244472156 1504 
581 I 245094675 1504 
582 I 245750923 1504 
583 I 246391524 1504 
584 I 247047398 1504 
585 I 247474080 1504 
586 I 247474513 1504 
587 I 247666678 1504 
588 I 247703762 1504 
589 I 248344318 1504 
590 I 249000204 1504 
591 I 249471423 1504 
592 I 249471931 1504 
593 I 249641157 1504 
594 I 250297364 1504 
595 I 250871737 1504 
596 I 250953673 1504 
597 I 251594394 1504 
598 I 252250432 1504 
599 I 252891264 1504 
600 I 253267423 1504 
601 I 253547908 1504 
602 I 254203760 1504 
603 I 254269748 1504 
604 I 254270820 1504 
605 I 254844460 1504 
606 I 255500848 1504 
607 I 256141608 1504 
608 I 256271514 1504 
609 I 256797511 1504 
610 I 257454904 1504 
611 I 257672495 1504 
612 I 258094332 1504 
613 I 258750463 1504 
614 I 259174052 1504 
615 I 259174182 1504 
616 I 259406800 1504 
617 I 260047469 1504 
618 I 260703684 1504 
619 I 261344665 1504 
620 I 262000484 1504 
621 I 262656816 1504 
622 I 262672375 1504 
623 I 263297489 1504 
624 I 263953377 1504 
625 I 264594336 1504 
626 I 265173612 1504 
627 I 265250497 1504 
628 I 265906823 1504 
629 I 266547532 1504 
630 I 267203532 1504 
631 I 267845377 1504 
632 I 268500645 1504 
633 I 268667993 1504 
634 I 269156975 1504 
635 I 269797446 1504 
636 I 270453603 1504 
637 I 271109602 1504 
638 I 271172257 1504 
639 I 271675178 1504 
640 I 271751051 1504 
641 I 272406929 1504 
642 I 273047594 1504 
643 I 273176397 1504 
644 I 273703555 1504 
645 I 274360052 1504 
646 I 275016083 1504 
647 I 275170558 1504 
648 I 275656933 1504 
649 I 275672801 1504 
650 I 276298636 1504 
651 I 276671091 1504 
652 I 276953557 1504 
653 I 277610057 1504 
654 I 278123379 1504 
655 I 278250554 1504 
656 I 278624732 1504 
657 I 278626143 1504 
658 I 278907257 1504 
659 I 279547608 1504 
660 I 279976963 1504 
661 I 280204435 1504 
662 I 280861168 1504 
663 I 281501014 1504 
664 I 282156735 1504 
665 I 282797560 1504 
666 I 283453788 1504 
667 I 284109979 1504 
668 I 284750669 1504 
669 I 285406686 1504 
670 I 285574161 1504 
671 I 286063126 1504 
672 I 286576427 1504 
673 I 286704137 1504 
674 I 287276685 1504 
675 I 287277761 1504 
676 I 287360856 1504 
677 I 287770265 1504 
678 I 288001715 1504 
679 I 288656774 1504 
680 I 289313155 1504 
681 I 289953711 1504 
682 I 290609993 1504 
683 I 291251603 1504 
684 I 291774576 1504 
685 I 291907010 1504 
686 I 292563715 1504 
687 I 293203771 1504 
688 I 293275656 1504 
689 I 293860709 1504 
690 I 294500656 1504 
691 I 295156831 1504 
692 I 295813213 1504 
693 I 296453883 1504 
694 I 296772974 1504 
695 I 297109843 1504 
696 I 297272397 1504 
697 I 297765928 1504 
698 I 298406856 1504 
699 I 298777286 1504 
700 I 299063150 1504 
