0 I 0 1504 
1 I 640818 1504 
2 I 1297057 1504 
3 I 1953276 1504 
4 I 2593741 1504 
5 I 3250006 1504 
6 I 3890552 1504 
7 I 4546808 1504 
8 I 5203119 1504 
9 I 5843737 1504 
10 I 6500022 1504 
11 I 7140632 1504 
12 I 7796875 1504 
13 I 8453137 1504 
14 I 9093798 1504 
15 I 9750033 1504 
16 I 10405731 1504 
17 I 11046834 1504 
18 I 11079732 1504 
19 I 11703100 1504 
20 I 12343900 1504 
21 I 13000177 1504 
22 I 13656380 1504 
23 I 14296927 1504 
24 I 14953082 1504 
25 I 14993634 1504 
26 I 15593738 1504 
27 I 16249987 1504 
28 I 16906294 1504 
29 I 17546841 1504 
30 I 18203092 1504 
31 I 18843716 1504 
32 I 19499930 1504 
33 I 20156275 1504 
34 I 20796864 1504 
35 I 21453115 1504 
36 I 22093819 1504 
37 I 22750037 1504 
38 I 23406311 1504 
39 I 24047066 1504 
40 I 24703326 1504 
41 I 25359648 1504 
42 I 25999920 1504 
43 I 26656243 1504 
44 I 27296931 1504 
45 I 27953183 1504 
46 I 28609428 1504 
47 I 29249987 1504 
48 I 29906308 1504 
49 I 30546849 1504 
50 I 31203174 1504 
51 I 31859425 1504 
52 I 32500028 1504 
53 I 33156327 1504 
54 I 33796978 1504 
55 I 34453046 1504 
56 I 35109455 1504 
57 I 35750195 1504 
58 I 36406494 1504 
59 I 37062719 1504 
60 I 37703076 1504 
61 I 38359445 1504 
62 I 39000060 1504 
63 I 39656310 1504 
64 I 40312571 1504 
65 I 40953149 1504 
66 I 41609461 1504 
67 I 42250059 1504 
68 I 42906332 1504 
69 I 42947792 1504 
70 I 43547382 1504 
71 I 44203200 1504 
72 I 44859488 1504 
73 I 45500048 1504 
74 I 46156283 1504 
75 I 46812615 1504 
76 I 47453363 1504 
77 I 48109601 1504 
78 I 48765715 1504 
79 I 49406199 1504 
80 I 50062634 1504 
81 I 50703138 1504 
82 I 51359458 1504 
83 I 52000037 1504 
84 I 52656205 1504 
85 I 53312602 1504 
86 I 53953153 1504 
87 I 54609428 1504 
88 I 55250044 1504 
89 I 55906251 1504 
90 I 55936070 1504 
91 I 56562606 1504 
92 I 57203198 1504 
93 I 57859479 1504 
94 I 57888463 1504 
95 I 58515723 1504 
96 I 59156513 1504 
97 I 59812763 1504 
98 I 59842856 1504 
99 I 60453171 1504 
100 I 61109511 1504 
101 I 61765739 1504 
102 I 62406371 1504 
103 I 63062613 1504 
104 I 63703165 1504 
105 I 64359402 1504 
106 I 65015832 1504 
107 I 65656397 1504 
108 I 66312645 1504 
109 I 66953188 1504 
110 I 67609369 1504 
111 I 68265753 1504 
112 I 68906413 1504 
113 I 69562658 1504 
114 I 70218882 1504 
115 I 70859587 1504 
116 I 71515932 1504 
117 I 71548022 1504 
118 I 72156307 1504 
119 I 72812655 1504 
120 I 73468923 1504 
121 I 74109485 1504 
122 I 74750081 1504 
123 I 75406418 1504 
124 I 76062661 1504 
125 I 76718884 1504 
126 I 77359451 1504 
127 I 77396577 1504 
128 I 78015784 1504 
129 I 78656328 1504 
130 I 79312519 1504 
131 I 79968902 1504 
132 I 80609489 1504 
133 I 81265769 1504 
134 I 81906524 1504 
135 I 82562677 1504 
136 I 83219059 1504 
137 I 83867166 1504 
138 I 84515807 1504 
139 I 85156356 1504 
140 I 85812663 1504 
141 I 86453238 1504 
142 I 87109581 1504 
143 I 87765782 1504 
144 I 88422038 1504 
145 I 89062673 1504 
146 I 89718927 1504 
147 I 90359546 1504 
148 I 91015656 1504 
149 I 91672047 1504 
150 I 92312733 1504 
151 I 92953406 1504 
152 I 92989103 1504 
153 I 93609759 1504 
154 I 94265875 1504 
155 I 94922208 1504 
156 I 95562668 1504 
157 I 96218949 1504 
158 I 96859575 1504 
159 I 97515713 1504 
160 I 98172058 1504 
161 I 98812678 1504 
162 I 99468940 1504 
163 I 100125189 1504 
164 I 100765816 1504 
165 I 101406440 1504 
166 I 102062693 1504 
167 I 102718947 1504 
168 I 103375183 1504 
169 I 104015829 1504 
170 I 104656576 1504 
171 I 105312911 1504 
172 I 105969082 1504 
173 I 106625378 1504 
174 I 107265819 1504 
175 I 107922084 1504 
176 I 107957816 1504 
177 I 108487026 1504 
178 I 108562755 1504 
179 I 109218856 1504 
180 I 109875218 1504 
181 I 110515838 1504 
182 I 111172086 1504 
183 I 111828343 1504 
184 I 112468973 1504 
185 I 112507202 1504 
186 I 113121506 1504 
187 I 113765850 1504 
188 I 114406468 1504 
189 I 115078345 1504 
190 I 115718998 1504 
191 I 116375277 1504 
192 I 117016041 1504 
193 I 117672240 1504 
194 I 118328529 1504 
195 I 118969012 1504 
196 I 119614014 1504 
197 I 120265849 1504 
198 I 120921980 1504 
199 I 121574904 1504 
200 I 122218972 1504 
201 I 122251610 1504 
202 I 122875241 1504 
203 I 123515882 1504 
204 I 124171995 1504 
205 I 124828373 1504 
206 I 125468974 1504 
207 I 126125251 1504 
208 I 126781509 1504 
209 I 127422020 1504 
210 I 128078371 1504 
211 I 128719210 1504 
212 I 129375388 1504 
213 I 130031688 1504 
214 I 130672165 1504 
215 I 131328390 1504 
216 I 131969033 1504 
217 I 132003006 1504 
218 I 132004077 1504 
219 I 132610241 1504 
220 I 133281560 1504 
221 I 133922122 1504 
222 I 134578393 1504 
223 I 135219027 1504 
224 I 135860075 1504 
225 I 136531561 1504 
226 I 137172146 1504 
227 I 137828418 1504 
228 I 138484712 1504 
229 I 139125216 1504 
230 I 139781540 1504 
231 I 140422324 1504 
232 I 141078609 1504 
233 I 141734781 1504 
234 I 142375145 1504 
235 I 143031560 1504 
236 I 143672145 1504 
237 I 144328427 1504 
238 I 144984649 1504 
239 I 145625276 1504 
240 I 146281592 1504 
241 I 146922173 1504 
242 I 147578404 1504 
243 I 148234656 1504 
244 I 148875292 1504 
245 I 149531559 1504 
246 I 150172192 1504 
247 I 150828309 1504 
248 I 150871844 1504 
249 I 151484720 1504 
250 I 152125458 1504 
251 I 152781703 1504 
252 I 153437999 1504 
253 I 154078315 1504 
254 I 154734684 1504 
255 I 155375297 1504 
256 I 156031604 1504 
257 I 156687825 1504 
258 I 157328452 1504 
259 I 157984729 1504 
260 I 158625345 1504 
261 I 158654293 1504 
262 I 159281601 1504 
263 I 159937817 1504 
264 I 160578465 1504 
265 I 161234688 1504 
266 I 161875308 1504 
267 I 162531582 1504 
268 I 163187828 1504 
269 I 163828602 1504 
270 I 164484815 1504 
271 I 165125327 1504 
272 I 165781594 1504 
273 I 166437845 1504 
274 I 167078450 1504 
275 I 167734702 1504 
276 I 168375320 1504 
277 I 169031695 1504 
278 I 169687822 1504 
279 I 170328491 1504 
280 I 170984701 1504 
281 I 171640973 1504 
282 I 172282071 1504 
283 I 172937839 1504 
284 I 173578472 1504 
285 I 174234739 1504 
286 I 174875576 1504 
287 I 175531850 1504 
288 I 176187962 1504 
289 I 176828532 1504 
290 I 177484785 1504 
291 I 178141009 1504 
292 I 178781614 1504 
293 I 179437872 1504 
294 I 180078467 1504 
295 I 180734599 1504 
296 I 181390994 1504 
297 I 182031629 1504 
298 I 182687788 1504 
299 I 183328399 1504 
300 I 183984598 1504 
301 I 184641102 1504 
302 I 185281630 1504 
303 I 185937792 1504 
304 I 186594071 1504 
305 I 187234823 1504 
306 I 187891097 1504 
307 I 188531553 1504 
308 I 189187823 1504 
309 I 189844060 1504 
310 I 190484676 1504 
311 I 191140927 1504 
312 I 191781567 1504 
313 I 192437745 1504 
314 I 193109611 1504 
315 I 193734798 1504 
316 I 194375411 1504 
317 I 195031644 1504 
318 I 195687820 1504 
319 I 196344120 1504 
320 I 196984746 1504 
321 I 197641180 1504 
322 I 198281959 1504 
323 I 198937911 1504 
324 I 199578660 1504 
325 I 200234763 1504 
326 I 200875542 1504 
327 I 201531841 1504 
328 I 202187893 1504 
329 I 202844328 1504 
330 I 203484757 1504 
331 I 204141181 1504 
332 I 204781807 1504 
333 I 205437943 1504 
334 I 206094328 1504 
335 I 206734981 1504 
336 I 207390902 1504 
337 I 208031868 1504 
338 I 208687922 1504 
339 I 209328843 1504 
340 I 209985053 1504 
341 I 210641076 1504 
342 I 211281875 1504 
343 I 211937915 1504 
344 I 211966823 1504 
345 I 212594344 1504 
346 I 213234968 1504 
347 I 213890941 1504 
348 I 214531872 1504 
349 I 215187910 1504 
350 I 215828687 1504 
351 I 216485756 1504 
352 I 217141102 1504 
353 I 217172266 1504 
354 I 217797452 1504 
355 I 218438065 1504 
356 I 219094324 1504 
357 I 219734998 1504 
358 I 220391068 1504 
359 I 221047498 1504 
360 I 221688270 1504 
361 I 222344222 1504 
362 I 222984948 1504 
363 I 223641045 1504 
364 I 224297471 1504 
365 I 224938085 1504 
366 I 225594080 1504 
367 I 226234968 1504 
368 I 226891053 1504 
369 I 226927040 1504 
370 I 227532895 1504 
371 I 228188086 1504 
372 I 228844224 1504 
373 I 229500491 1504 
374 I 229531096 1504 
375 I 230141150 1504 
376 I 230781771 1504 
377 I 231438131 1504 
378 I 232094199 1504 
379 I 232750615 1504 
380 I 233391374 1504 
381 I 234047372 1504 
382 I 234688116 1504 
383 I 235344232 1504 
384 I 236000607 1504 
385 I 236641247 1504 
386 I 237297229 1504 
387 I 237938130 1504 
388 I 238594207 1504 
389 I 239250596 1504 
390 I 239891243 1504 
391 I 240547244 1504 
392 I 241188116 1504 
393 I 241844248 1504 
394 I 242500629 1504 
395 I 243141279 1504 
396 I 243797340 1504 
397 I 244438308 1504 
398 I 245094633 1504 
399 I 245133823 1504 
400 I 245750799 1504 
401 I 246391242 1504 
402 I 247047350 1504 
403 I 247703775 1504 
404 I 248344265 1504 
405 I 248985579 1504 
406 I 249641147 1504 
407 I 250297332 1504 
408 I 250953655 1504 
409 I 251594389 1504 
410 I 252250384 1504 
411 I 252891243 1504 
412 I 253547383 1504 
413 I 253577202 1504 
414 I 254203768 1504 
415 I 254844419 1504 
416 I 255500352 1504 
417 I 256141424 1504 
418 I 256797494 1504 
419 I 257453855 1504 
420 I 258094286 1504 
421 I 258750386 1504 
422 I 259406783 1504 
423 I 260047448 1504 
424 I 260703669 1504 
425 I 260743951 1504 
426 I 261344297 1504 
427 I 262000439 1504 
428 I 262656802 1504 
429 I 263297495 1504 
430 I 263938837 1504 
431 I 264594321 1504 
432 I 265250468 1504 
433 I 265906815 1504 
434 I 266547484 1504 
435 I 267203518 1504 
436 I 267844486 1504 
437 I 268500577 1504 
438 I 269156950 1504 
439 I 269797439 1504 
440 I 270453547 1504 
441 I 271094330 1504 
442 I 271750477 1504 
443 I 272406928 1504 
444 I 273047571 1504 
445 I 273703526 1504 
446 I 274360050 1504 
447 I 275016033 1504 
448 I 275656933 1504 
449 I 276297575 1504 
450 I 276953552 1504 
451 I 277610056 1504 
452 I 278250512 1504 
453 I 278906882 1504 
454 I 279547614 1504 
455 I 280203803 1504 
456 I 280860224 1504 
457 I 281500683 1504 
458 I 282156694 1504 
459 I 282797559 1504 
460 I 283453611 1504 
461 I 284109950 1504 
462 I 284750612 1504 
463 I 285406674 1504 
464 I 286063098 1504 
465 I 286703617 1504 
466 I 287359984 1504 
467 I 288000607 1504 
468 I 288656763 1504 
469 I 289313166 1504 
470 I 289953686 1504 
471 I 290609976 1504 
472 I 291250884 1504 
473 I 291907028 1504 
474 I 292563394 1504 
475 I 293203721 1504 
476 I 293860002 1504 
477 I 294500599 1504 
478 I 295156821 1504 
479 I 295813233 1504 
480 I 296453853 1504 
481 I 297109814 1504 
482 I 297750755 1504 
483 I 298406763 1504 
484 I 299063122 1504 
