0 I 0 82 
1 I 19745 82 
2 I 39797 82 
3 I 61204 82 
4 I 105381 82 
5 I 139999 120 
6 I 2328705 82 
7 I 4675001 82 
8 I 4886971 120 
9 I 6821921 82 
10 I 8852208 77 
11 I 8987441 77 
12 I 9346361 77 
13 I 9805526 77 
14 I 10421665 77 
15 I 12098898 77 
16 I 12224377 77 
17 I 14419353 77 
18 I 14800327 77 
19 I 15751607 77 
20 I 16025620 77 
21 I 16979831 77 
22 I 17071679 77 
23 I 17293383 77 
24 I 17599207 77 
25 I 17835897 77 
26 I 18041006 77 
27 I 18066041 77 
28 I 18211169 77 
29 I 18277191 77 
30 I 18813082 77 
31 I 19849693 77 
32 I 20279536 77 
33 I 21275184 77 
34 I 21349242 77 
35 I 21628292 77 
36 I 21789679 77 
37 I 22048735 77 
38 I 22394622 77 
39 I 22574749 77 
40 I 22861846 77 
41 I 23144070 77 
42 I 23345856 77 
43 I 23594583 77 
44 I 24105082 77 
45 I 24527656 77 
46 I 24610572 77 
47 I 25597414 77 
48 I 25817693 77 
49 I 26046853 77 
