0 I 0 1105 
1 I 135 1484 
2 I 259 1484 
3 I 380 1484 
4 I 508 1484 
5 I 620 1484 
6 I 743 1484 
7 I 865 1484 
8 I 986 1482 
9 I 546927 1484 
10 I 547050 1482 
11 I 547174 1484 
12 I 547290 1484 
13 I 547414 1484 
14 I 547533 1484 
15 I 547660 1484 
16 I 547776 1484 
17 I 547901 1484 
18 I 1046812 1484 
19 I 1046940 1484 
20 I 1047004 1066 
21 I 1047143 1484 
22 I 1047265 1484 
23 I 1047391 1484 
24 I 1047513 1484 
25 I 1047630 1484 
26 I 1047752 1484 
27 I 1550078 1009 
28 I 1550412 1482 
29 I 1550532 1484 
30 I 1550653 1484 
31 I 1550775 1484 
32 I 1550897 1484 
33 I 1551019 1484 
34 I 1551139 1484 
35 I 1551261 1484 
36 I 2031341 1484 
37 I 2031462 1484 
38 I 2031532 1066 
39 I 2031670 1484 
40 I 2031793 1484 
41 I 2031915 1484 
42 I 2032039 1484 
43 I 2032159 1484 
44 I 2032278 1484 
45 I 2546988 1484 
46 I 2547106 1484 
47 I 2547228 1484 
48 I 2547347 1482 
49 I 2547468 1484 
50 I 2547590 1484 
51 I 2547700 1373 
52 I 2547829 1484 
53 I 2547947 1484 
54 I 2548067 1484 
