0 I 0 66 
1 I 55 66 
2 I 2648010 66 
3 I 2648055 66 
4 I 5616002 66 
5 I 5616048 66 
6 I 8512060 66 
7 I 8512104 66 
8 I 11104039 66 
9 I 11104093 66 
10 I 11120004 64 
11 I 11120051 64 
12 I 13584073 66 
13 I 13584118 66 
14 I 16184053 66 
15 I 16184105 66 
16 I 18612049 66 
17 I 18612094 66 
18 I 21472004 66 
19 I 21472054 66 
20 I 24108013 66 
21 I 24108061 66 
22 I 26676004 66 
23 I 26676048 66 
24 I 29544019 66 
25 I 29544078 66 
26 I 32156033 66 
27 I 32156087 66 
28 I 35072087 66 
29 I 35072134 66 
30 I 37504034 66 
31 I 37504082 66 
32 I 40180015 64 
33 I 40180080 64 
34 I 40244017 66 
35 I 40244072 66 
36 I 42836063 66 
37 I 42836109 66 
38 I 45268076 66 
39 I 45268123 66 
40 I 48256001 66 
41 I 48256054 66 
42 I 50912044 66 
43 I 50912112 66 
44 I 53579994 66 
45 I 53580038 66 
46 I 56448018 66 
47 I 56448064 66 
48 I 59180023 66 
49 I 59180074 66 
50 I 61868078 66 
51 I 61868122 66 
52 I 64388021 66 
53 I 64388076 66 
54 I 66564009 64 
55 I 66564070 64 
56 I 67268003 66 
57 I 67268049 66 
58 I 70084015 66 
59 I 70084066 66 
60 I 72568082 66 
61 I 72568135 66 
62 I 74986489 66 
63 I 74986540 66 
64 I 77696010 66 
65 I 77696049 66 
66 I 80480060 66 
67 I 80480115 66 
68 I 83220039 66 
69 I 83220085 66 
70 I 85660050 66 
71 I 85660111 66 
72 I 88304026 66 
73 I 88304074 66 
74 I 90792041 66 
75 I 90792091 66 
76 I 91964019 64 
77 I 91964085 64 
78 I 93772032 66 
79 I 93772077 66 
80 I 96648063 66 
81 I 96648128 66 
82 I 99564077 66 
83 I 99564126 66 
84 I 102456022 66 
85 I 102456065 66 
86 I 104976008 66 
87 I 104976079 66 
88 I 107552039 66 
89 I 107552082 66 
90 I 110236061 66 
91 I 110236120 66 
92 I 112803995 66 
93 I 112804051 66 
94 I 115528009 66 
95 I 115528053 66 
96 I 118270543 66 
97 I 118270591 66 
98 I 120328224 64 
99 I 120328267 64 
100 I 120904010 66 
101 I 120904059 66 
102 I 123640079 66 
103 I 123640123 66 
104 I 126576086 66 
105 I 126576144 66 
106 I 129132004 66 
107 I 129132061 66 
108 I 131572039 66 
109 I 131572088 66 
110 I 134380074 66 
111 I 134380118 66 
112 I 136960048 66 
113 I 136960102 66 
114 I 139432004 66 
115 I 139432049 66 
116 I 142280002 66 
117 I 142280051 66 
118 I 145248034 66 
119 I 145248076 66 
120 I 148184030 66 
121 I 148184064 66 
122 I 149404031 64 
123 I 149404081 64 
124 I 150668137 66 
125 I 150668186 66 
126 I 153184051 66 
127 I 153184103 66 
128 I 155851281 66 
129 I 155851326 66 
130 I 158640052 66 
131 I 158640102 66 
132 I 161648041 66 
133 I 161648098 66 
134 I 164556024 66 
135 I 164556058 66 
136 I 167052084 66 
137 I 167052126 66 
138 I 170044043 66 
139 I 170044083 66 
140 I 172930804 66 
141 I 172930848 66 
142 I 175860023 66 
143 I 175860069 66 
144 I 178048026 64 
145 I 178048079 64 
146 I 178304024 66 
147 I 178304069 66 
148 I 181096012 66 
149 I 181096058 66 
150 I 183860036 66 
151 I 183860082 66 
152 I 186467990 66 
153 I 186468034 66 
154 I 189219993 66 
155 I 189220045 66 
156 I 192192111 66 
157 I 192192156 66 
158 I 195124000 66 
159 I 195124056 66 
160 I 197912029 66 
161 I 197912077 66 
162 I 200660023 66 
163 I 200660069 66 
164 I 203228002 66 
165 I 203228054 66 
166 I 205780001 64 
167 I 205780048 64 
168 I 206052004 66 
169 I 206052052 66 
170 I 208740072 66 
171 I 208740117 66 
172 I 211408079 66 
173 I 211408141 66 
174 I 214247996 66 
175 I 214248047 66 
176 I 217020059 66 
177 I 217020105 66 
178 I 219572044 66 
179 I 219572090 66 
180 I 222235991 66 
181 I 222236046 66 
182 I 224844002 66 
183 I 224844049 66 
184 I 227699986 66 
185 I 227700041 66 
186 I 230272004 66 
187 I 230272051 66 
188 I 230575984 64 
189 I 230576028 64 
190 I 232808065 66 
191 I 232808106 66 
192 I 235668065 66 
193 I 235668113 66 
194 I 238356250 66 
195 I 238356295 66 
196 I 241024249 66 
197 I 241024300 66 
198 I 243622790 66 
199 I 243622845 66 
200 I 246359995 66 
201 I 246360041 66 
202 I 249008060 66 
203 I 249008090 66 
204 I 251436113 66 
205 I 251436152 66 
206 I 253996053 66 
207 I 253996100 66 
208 I 256871995 66 
209 I 256872050 66 
210 I 259036001 64 
211 I 259036078 64 
212 I 259644008 66 
213 I 259644050 66 
214 I 262220148 66 
215 I 262220176 66 
216 I 264744118 66 
217 I 264744162 66 
218 I 267332066 66 
219 I 267332125 66 
220 I 269920045 66 
221 I 269920090 66 
222 I 272500057 66 
223 I 272500102 66 
224 I 275376000 66 
225 I 275376055 66 
226 I 278339981 66 
227 I 278340028 66 
228 I 281140034 66 
229 I 281140083 66 
230 I 284091990 66 
231 I 284092041 66 
232 I 285226999 64 
233 I 285227057 64 
234 I 286603985 66 
235 I 286604033 66 
236 I 289320013 66 
237 I 289320062 66 
238 I 291804017 66 
239 I 291804081 66 
240 I 294596068 66 
241 I 294596116 66 
242 I 297468388 66 
243 I 297468436 66 
244 I 299996016 66 
245 I 299996065 66 
246 I 302667997 66 
247 I 302668034 66 
248 I 305556143 66 
249 I 305556191 66 
250 I 308056016 66 
251 I 308056077 66 
252 I 310859998 64 
253 I 310860047 64 
254 I 310981032 66 
255 I 310981076 66 
256 I 313824006 66 
257 I 313824050 66 
258 I 316404061 66 
259 I 316404107 66 
260 I 319155994 66 
261 I 319156040 66 
262 I 321884004 66 
263 I 321884052 66 
264 I 324760019 66 
265 I 324760072 66 
266 I 327547995 66 
267 I 327548044 66 
268 I 330076111 66 
269 I 330076158 66 
270 I 332603999 66 
271 I 332604044 66 
272 I 335308020 66 
273 I 335308085 66 
