0 I 0 41 
1 I 3943 41 
2 I 7931 41 
3 I 105910 41 
4 I 205633 41 
5 I 331356 41 
6 I 379271 41 
7 I 403212 41 
8 I 1956951 48 
9 I 1962991 48 
10 I 1969002 48 
11 I 2034704 48 
12 I 2108741 48 
13 I 2208800 48 
14 I 2262684 48 
15 I 2310751 48 
16 I 3935971 48 
17 I 3941884 48 
18 I 3947947 48 
19 I 4009785 48 
20 I 4071612 48 
21 I 4173513 48 
22 I 4237605 48 
23 I 4289780 48 
24 I 6121272 48 
25 I 6125280 48 
26 I 6131275 48 
27 I 6161260 48 
28 I 6270655 48 
29 I 6380503 48 
30 I 6410501 48 
31 I 6422413 48 
32 I 8068571 48 
33 I 8080737 48 
34 I 8084679 48 
35 I 8122755 48 
36 I 8208523 48 
37 I 8264400 48 
38 I 8312357 48 
39 I 8330287 48 
