0 I 0 240 
1 I 134899040 1443 
2 I 134903479 125 
3 I 134910856 1312 
4 I 134916997 1443 
5 I 134922978 193 
6 I 134930970 1443 
7 I 134936213 260 
8 I 134943010 1443 
9 I 134949372 64 
10 I 134956941 1443 
11 I 134963435 178 
12 I 134970869 1419 
13 I 134978906 1443 
14 I 134985304 103 
15 I 134992807 1414 
16 I 134998695 1315 
17 I 135004658 1303 
18 I 135010775 1411 
19 I 135030368 187 
20 I 135037717 1347 
21 I 135050294 112 
22 I 135056128 66 
23 I 135060335 149 
24 I 135064415 176 
25 I 135068301 187 
26 I 135072214 104 
27 I 135113662 1309 
28 I 135557983 1443 
29 I 135562328 65 
30 I 135567980 1400 
31 I 135573928 1443 
32 I 135578365 128 
33 I 135583927 1443 
34 I 135588327 119 
35 I 135593897 1443 
36 I 135598323 95 
37 I 135605757 1340 
38 I 135611862 1443 
