0 I 0 36 
1 I 94496 36 
2 I 1736449 36 
3 I 9993119 36 
4 I 10087252 36 
5 I 11748279 36 
6 I 19994396 36 
7 I 20092003 36 
8 I 21849865 36 
9 I 29996186 36 
10 I 30097756 36 
11 I 31858506 36 
12 I 39996365 36 
13 I 40099412 36 
14 I 41865081 36 
15 I 49993580 36 
16 I 50100201 36 
17 I 51980584 36 
18 I 60005584 36 
19 I 60101441 36 
20 I 62029558 36 
21 I 69993092 36 
22 I 70109690 36 
23 I 72046254 36 
24 I 79995828 36 
25 I 80106413 36 
26 I 82059135 36 
27 I 89996543 36 
28 I 90099082 36 
29 I 92069850 36 
30 I 100000463 36 
31 I 100093803 36 
32 I 102104906 36 
33 I 110000134 36 
34 I 110094612 36 
35 I 112111830 36 
36 I 120002740 36 
37 I 120095293 36 
38 I 122118382 36 
39 I 130006844 36 
40 I 130106105 36 
41 I 132129196 36 
42 I 140008329 36 
43 I 140102820 36 
44 I 142139091 36 
45 I 150011059 36 
46 I 150118166 36 
47 I 152144737 36 
48 I 160017788 36 
49 I 160110339 36 
50 I 162149803 36 
51 I 170016463 36 
52 I 170111041 36 
53 I 172176754 36 
54 I 180017306 36 
55 I 180120829 36 
56 I 182177037 36 
57 I 190022035 36 
58 I 190127701 36 
59 I 192183868 36 
60 I 200027817 36 
61 I 200155561 36 
62 I 202190597 36 
63 I 210020724 36 
64 I 210116965 36 
65 I 212199441 36 
66 I 220020297 36 
67 I 220114783 36 
68 I 222246448 36 
69 I 230020932 36 
70 I 230163774 36 
71 I 232283320 36 
72 I 240021713 36 
73 I 240120185 36 
74 I 242324302 36 
75 I 250024512 36 
76 I 250124255 36 
77 I 252374233 36 
78 I 260026304 36 
79 I 260131021 36 
80 I 262370019 36 
81 I 270027940 36 
82 I 270124410 36 
83 I 272376703 36 
84 I 280033037 36 
85 I 280125226 36 
86 I 282538400 36 
87 I 290035460 36 
88 I 290130010 36 
