0 I 0 36 
1 I 119449 36 
2 I 10003951 36 
3 I 10122804 36 
4 I 20002228 36 
5 I 20127928 36 
6 I 30006975 36 
7 I 30121694 36 
8 I 40013758 36 
9 I 40128431 36 
10 I 50018652 36 
11 I 50135291 36 
12 I 60019353 36 
13 I 60143993 36 
14 I 70022056 36 
15 I 70154747 36 
16 I 80024843 36 
17 I 80139379 36 
18 I 90038125 36 
19 I 90162125 36 
20 I 100032262 36 
21 I 100150160 36 
22 I 110037030 36 
23 I 110151639 36 
24 I 120039740 36 
25 I 120153437 36 
26 I 130042524 36 
27 I 130157083 36 
28 I 140098100 36 
29 I 140214274 36 
30 I 150052014 36 
31 I 150168666 36 
32 I 160058773 36 
33 I 160173468 36 
34 I 170065610 36 
35 I 170182269 36 
36 I 180064298 36 
37 I 180205037 36 
38 I 190066153 36 
39 I 190186732 36 
40 I 200102014 36 
41 I 200224701 36 
42 I 210073549 36 
43 I 210188026 36 
44 I 220079251 36 
45 I 220194139 36 
46 I 230077254 36 
47 I 230190629 36 
48 I 240080245 36 
49 I 240193415 36 
50 I 250081540 36 
51 I 250196174 36 
52 I 260086278 36 
53 I 260200970 36 
54 I 270089069 36 
55 I 270213746 36 
56 I 280096292 36 
57 I 280240942 36 
58 I 290098549 36 
59 I 290217191 36 
