0 I 0 66 
1 I 60 66 
2 I 137 66 
3 I 140 66 
4 I 2595986 66 
5 I 2596041 66 
6 I 2596113 66 
7 I 2596117 66 
8 I 5479994 66 
9 I 5480053 66 
10 I 5480130 66 
11 I 5480134 66 
12 I 7972012 66 
13 I 7972064 66 
14 I 7972137 66 
15 I 7972141 66 
16 I 10947994 66 
17 I 10948050 66 
18 I 10948119 66 
19 I 10948124 66 
20 I 13688021 66 
21 I 13688071 66 
22 I 13688144 66 
23 I 13688149 66 
24 I 16408028 66 
25 I 16408080 66 
26 I 16408150 66 
27 I 16408155 66 
28 I 19248044 66 
29 I 19248091 66 
30 I 19248174 66 
31 I 19248179 66 
32 I 21876036 66 
33 I 21876085 66 
34 I 21876169 66 
35 I 21876173 66 
36 I 24580030 66 
37 I 24580085 66 
38 I 24580165 66 
39 I 24580170 66 
40 I 27244124 66 
41 I 27244181 66 
42 I 27244251 66 
43 I 27244255 66 
44 I 30156030 66 
45 I 30156081 66 
46 I 30156151 66 
47 I 30156156 66 
48 I 32736049 66 
49 I 32736097 66 
50 I 32736175 66 
51 I 32736180 66 
52 I 35204229 66 
53 I 35204288 66 
54 I 35204368 66 
55 I 35204372 66 
56 I 38072052 66 
57 I 38072101 66 
58 I 38072170 66 
59 I 38072175 66 
60 I 40692071 66 
61 I 40692117 66 
62 I 40692199 66 
63 I 40692204 66 
64 I 43532082 66 
65 I 43532144 66 
66 I 43532227 66 
67 I 43532231 66 
68 I 45984126 66 
69 I 45984175 66 
70 I 45984254 66 
71 I 45984258 66 
72 I 48788086 66 
73 I 48788138 66 
74 I 48788225 66 
75 I 48788230 66 
76 I 51260188 66 
77 I 51260229 66 
78 I 51260315 66 
79 I 51260319 66 
80 I 53696117 66 
81 I 53696167 66 
82 I 53696249 66 
83 I 53696254 66 
84 I 56419057 66 
85 I 56419107 66 
86 I 56419205 66 
87 I 56419210 66 
88 I 58992134 66 
89 I 58992188 66 
90 I 58992248 66 
91 I 58992253 66 
92 I 61628091 66 
93 I 61628146 66 
94 I 61628217 66 
95 I 61628222 66 
96 I 64620177 66 
97 I 64620224 66 
98 I 64620302 66 
99 I 64620307 66 
100 I 67344107 66 
101 I 67344160 66 
102 I 67344233 66 
103 I 67344238 66 
104 I 69992147 66 
105 I 69992199 66 
106 I 69992269 66 
107 I 69992274 66 
108 I 72968135 66 
109 I 72968186 66 
110 I 72968260 66 
111 I 72968265 66 
112 I 75604157 66 
113 I 75604196 66 
114 I 75604273 66 
115 I 75604277 66 
116 I 78124140 66 
117 I 78124190 66 
118 I 78124261 66 
119 I 78124265 66 
120 I 80840133 66 
121 I 80840180 66 
122 I 80840252 66 
123 I 80840256 66 
124 I 83760184 66 
125 I 83760235 66 
126 I 83760310 66 
127 I 83760315 66 
128 I 86288173 66 
129 I 86288225 66 
130 I 86288306 66 
131 I 86288310 66 
132 I 89208196 66 
133 I 89208249 66 
134 I 89208332 66 
135 I 89208336 66 
136 I 91896178 66 
137 I 91896258 66 
138 I 91896321 66 
139 I 91896325 66 
140 I 94624179 66 
141 I 94624228 66 
142 I 94624298 66 
143 I 94624302 66 
144 I 97096173 66 
145 I 97096225 66 
146 I 97096304 66 
147 I 97096309 66 
148 I 99740186 66 
149 I 99740244 66 
150 I 99740317 66 
151 I 99740322 66 
152 I 102740190 66 
153 I 102740236 66 
154 I 102740306 66 
155 I 102740311 66 
156 I 105260207 66 
157 I 105260265 66 
158 I 105260333 66 
159 I 105260337 66 
160 I 108120205 66 
161 I 108120267 66 
162 I 108120341 66 
163 I 108120345 66 
164 I 110852240 66 
165 I 110852291 66 
166 I 110852362 66 
167 I 110852367 66 
168 I 113348256 66 
169 I 113348306 66 
170 I 113348376 66 
171 I 113348381 66 
172 I 115828212 66 
173 I 115828262 66 
174 I 115828331 66 
175 I 115828335 66 
176 I 118548236 66 
177 I 118548291 66 
178 I 118548396 66 
179 I 118548400 66 
180 I 121020249 66 
181 I 121020305 66 
182 I 121020392 66 
183 I 121020397 66 
184 I 123940217 66 
185 I 123940276 66 
186 I 123940346 66 
187 I 123940350 66 
188 I 126844237 66 
189 I 126844298 66 
190 I 126844370 66 
191 I 126844374 66 
192 I 129472236 66 
193 I 129472286 66 
194 I 129472364 66 
195 I 129472368 66 
196 I 131960515 66 
197 I 131960561 66 
198 I 131960616 66 
199 I 131960621 66 
200 I 134672322 66 
201 I 134672375 66 
202 I 134672455 66 
203 I 134672458 66 
204 I 137456256 66 
205 I 137456314 66 
206 I 137456385 66 
207 I 137456390 66 
208 I 140264392 66 
209 I 140264449 66 
210 I 140264548 66 
211 I 140264553 66 
212 I 142684296 66 
213 I 142684344 66 
214 I 142684425 66 
215 I 142684430 66 
216 I 145172275 66 
217 I 145172332 66 
218 I 145172407 66 
219 I 145172411 66 
220 I 148108280 66 
221 I 148108332 66 
222 I 148108405 66 
223 I 148108410 66 
224 I 150540348 66 
225 I 150540398 66 
226 I 150540471 66 
227 I 150540475 66 
228 I 153388375 66 
229 I 153388422 66 
230 I 153388495 66 
231 I 153388499 66 
232 I 156048297 66 
233 I 156048356 66 
234 I 156048438 66 
235 I 156048444 66 
236 I 158676290 66 
237 I 158676355 66 
238 I 158676419 66 
239 I 158676424 66 
240 I 161240377 66 
241 I 161240424 66 
242 I 161240494 66 
243 I 161240499 66 
244 I 163656323 66 
245 I 163656373 66 
246 I 163656442 66 
247 I 163656446 66 
248 I 166516340 66 
249 I 166516372 66 
250 I 166516452 66 
251 I 166516457 66 
252 I 169452334 66 
253 I 169452382 66 
254 I 169452454 66 
255 I 169452459 66 
256 I 172260340 66 
257 I 172260401 66 
258 I 172260475 66 
259 I 172260479 66 
260 I 174692330 66 
261 I 174692380 66 
262 I 174692449 66 
263 I 174692454 66 
264 I 177140334 66 
265 I 177140384 66 
266 I 177140454 66 
267 I 177140459 66 
268 I 179748671 66 
269 I 179748722 66 
270 I 179748788 66 
271 I 179748793 66 
272 I 182308347 66 
273 I 182308393 66 
274 I 182308467 66 
275 I 182308472 66 
276 I 184816402 66 
277 I 184816449 66 
278 I 184816522 66 
279 I 184816526 66 
280 I 187288484 66 
281 I 187288539 66 
282 I 187288614 66 
283 I 187288619 66 
284 I 190060361 66 
285 I 190060407 66 
286 I 190060488 66 
287 I 190060494 66 
288 I 192880404 66 
289 I 192880442 66 
290 I 192880515 66 
291 I 192880520 66 
292 I 195628488 66 
293 I 195628541 66 
294 I 195628629 66 
295 I 195628634 66 
296 I 198416356 66 
297 I 198416409 66 
298 I 198416478 66 
299 I 198416483 66 
300 I 201260440 66 
301 I 201260485 66 
302 I 201260576 66 
303 I 201260581 66 
304 I 203708471 66 
305 I 203708530 66 
306 I 203708607 66 
307 I 203708611 66 
308 I 206220417 66 
309 I 206220469 66 
310 I 206220555 66 
311 I 206220560 66 
312 I 208796410 66 
313 I 208796461 66 
314 I 208796553 66 
315 I 208796557 66 
316 I 211332422 66 
317 I 211332470 66 
318 I 211332546 66 
319 I 211332551 66 
320 I 213776402 66 
321 I 213776452 66 
322 I 213776522 66 
323 I 213776527 66 
324 I 216420416 66 
325 I 216420468 66 
326 I 216420538 66 
327 I 216420543 66 
328 I 218924491 66 
329 I 218924543 66 
330 I 218924615 66 
331 I 218924620 66 
332 I 221864554 66 
333 I 221864605 66 
334 I 221864680 66 
335 I 221864685 66 
336 I 224280463 66 
337 I 224280515 66 
338 I 224280594 66 
339 I 224280598 66 
340 I 227216455 66 
341 I 227216537 66 
342 I 227216631 66 
343 I 227216636 66 
344 I 229864455 66 
345 I 229864507 66 
346 I 229864590 66 
347 I 229864595 66 
348 I 232812453 66 
349 I 232812510 66 
350 I 232812582 66 
351 I 232812590 66 
352 I 235484449 66 
353 I 235484509 66 
354 I 235484581 66 
355 I 235484586 66 
356 I 237920464 66 
357 I 237920515 66 
358 I 237920578 66 
359 I 237920583 66 
360 I 240820451 66 
361 I 240820497 66 
362 I 240820566 66 
363 I 240820571 66 
364 I 243376292 66 
365 I 243376377 66 
366 I 243376451 66 
367 I 243376456 66 
368 I 246212850 66 
369 I 246212901 66 
370 I 246212973 66 
371 I 246212982 66 
372 I 248964610 66 
373 I 248964660 66 
374 I 248964726 66 
375 I 248964730 66 
376 I 251728696 66 
377 I 251728759 66 
378 I 251728826 66 
379 I 251728830 66 
380 I 254280533 66 
381 I 254280577 66 
382 I 254280644 66 
383 I 254280648 66 
384 I 257216529 66 
385 I 257216588 66 
386 I 257216657 66 
387 I 257216661 66 
388 I 259856578 66 
389 I 259856636 66 
390 I 259856723 66 
391 I 259856728 66 
392 I 262860497 66 
393 I 262860545 66 
394 I 262860612 66 
395 I 262860617 66 
396 I 265732498 66 
397 I 265732548 66 
398 I 265732620 66 
399 I 265732625 66 
400 I 268624513 66 
401 I 268624574 66 
402 I 268624655 66 
403 I 268624660 66 
404 I 271236536 66 
405 I 271236586 66 
406 I 271236659 66 
407 I 271236663 66 
408 I 273876552 66 
409 I 273876601 66 
410 I 273876665 66 
411 I 273876670 66 
412 I 276440540 66 
413 I 276440597 66 
414 I 276440666 66 
415 I 276440671 66 
416 I 279224533 66 
417 I 279224582 66 
418 I 279224657 66 
419 I 279224661 66 
420 I 282116553 66 
421 I 282116611 66 
422 I 282116677 66 
423 I 282116681 66 
424 I 285060827 66 
425 I 285060886 66 
426 I 285060955 66 
427 I 285060959 66 
428 I 287764616 66 
429 I 287764674 66 
430 I 287764734 66 
431 I 287764738 66 
432 I 290500576 66 
433 I 290500627 66 
434 I 290500698 66 
435 I 290500702 66 
436 I 293395910 66 
437 I 293395964 66 
438 I 293396037 66 
439 I 293396042 66 
440 I 296364577 66 
441 I 296364628 66 
442 I 296364703 66 
443 I 296364708 66 
444 I 299288591 66 
445 I 299288643 66 
446 I 299288720 66 
447 I 299288725 66 
448 I 302304634 66 
449 I 302304666 66 
450 I 302304753 66 
451 I 302304758 66 
452 I 305144623 66 
453 I 305144676 66 
454 I 305144745 66 
455 I 305144750 66 
456 I 307620696 66 
457 I 307620753 66 
458 I 307620838 66 
459 I 307620846 66 
460 I 310564626 66 
461 I 310564675 66 
462 I 310564756 66 
463 I 310564761 66 
464 I 313260619 66 
465 I 313260682 66 
466 I 313260754 66 
467 I 313260758 66 
468 I 315924614 66 
469 I 315924671 66 
470 I 315924736 66 
471 I 315924741 66 
472 I 318680687 66 
473 I 318680742 66 
474 I 318680819 66 
475 I 318680824 66 
476 I 321424629 66 
477 I 321424679 66 
478 I 321424750 66 
479 I 321424754 66 
480 I 323944641 66 
481 I 323944692 66 
482 I 323944803 66 
483 I 323944807 66 
484 I 326640727 66 
485 I 326640779 66 
486 I 326640852 66 
487 I 326640856 66 
488 I 329524648 66 
489 I 329524700 66 
490 I 329524797 66 
491 I 329524802 66 
492 I 332008659 66 
493 I 332008708 66 
494 I 332008776 66 
495 I 332008780 66 
496 I 334692757 66 
497 I 334692817 66 
498 I 334692883 66 
499 I 334692888 66 
