0 I 0 363 
1 I 201377 459 
2 I 9849069 379 
3 I 10526517 555 
4 I 10529354 331 
5 I 10531432 187 
6 I 10533336 187 
7 I 10536994 555 
8 I 10539583 331 
9 I 10541483 187 
10 I 10543255 187 
11 I 24887665 203 
12 I 24922312 139 
13 I 24931390 203 
14 I 24995498 139 
15 I 24995866 1291 
16 I 24995945 1019 
17 I 25077268 139 
18 I 25077324 219 
19 I 25116167 235 
20 I 27625929 139 
21 I 57976778 107 
22 I 70668210 555 
23 I 70670773 331 
24 I 70672899 187 
25 I 70674749 187 
26 I 70678210 555 
27 I 70680711 331 
28 I 70682650 187 
29 I 70684591 187 
30 I 82630903 139 
31 I 112720694 107 
32 I 130824815 555 
33 I 130827513 331 
34 I 130829433 187 
35 I 130831321 187 
36 I 130834945 555 
37 I 130837496 331 
38 I 130839454 187 
39 I 130841252 187 
40 I 135138291 299 
41 I 137625874 139 
42 I 147813391 187 
43 I 177977374 107 
44 I 190983274 555 
45 I 191021531 331 
46 I 191023665 187 
47 I 191025645 187 
48 I 191029821 555 
49 I 191044116 331 
50 I 191046037 187 
51 I 191047892 187 
52 I 191168612 187 
53 I 192630931 139 
54 I 222721862 107 
55 I 247635803 139 
56 I 248060783 139 
57 I 251191159 555 
58 I 251194381 331 
59 I 251199653 187 
60 I 251201633 187 
61 I 251205267 555 
62 I 251215374 331 
63 I 251217402 187 
64 I 251219327 187 
65 I 269289288 187 
66 I 299486393 107 
67 I 302569834 139 
68 I 311365714 555 
69 I 311368551 331 
70 I 311370503 187 
71 I 311372816 187 
72 I 311382723 555 
73 I 311385608 331 
74 I 311387659 187 
75 I 311394605 187 
