0 I 0 66 
1 I 2743969 66 
2 I 5343999 66 
3 I 8175975 66 
4 I 10984020 66 
5 I 13523011 66 
6 I 16303969 66 
7 I 19091963 66 
8 I 20599972 64 
9 I 21791957 66 
10 I 24460062 66 
11 I 27108055 66 
12 I 29690506 66 
13 I 32699974 66 
14 I 35455989 66 
15 I 38159958 66 
16 I 40915989 66 
17 I 43844020 66 
18 I 46747971 66 
19 I 48031987 64 
20 I 49183962 66 
21 I 51875975 66 
22 I 54779964 66 
23 I 57691984 66 
24 I 60143979 66 
25 I 62867980 66 
26 I 65424120 66 
27 I 68084053 66 
28 I 70547973 66 
29 I 73048067 66 
30 I 75959983 64 
31 I 76056004 66 
32 I 78880096 66 
33 I 81619978 66 
34 I 84524007 66 
35 I 87083973 66 
36 I 89672093 66 
37 I 92679973 66 
38 I 95404093 66 
39 I 98251979 66 
40 I 101096086 66 
41 I 103752057 66 
42 I 105151981 64 
43 I 106588014 66 
44 I 109475992 66 
45 I 112275985 66 
46 I 114711997 66 
47 I 117287980 66 
48 I 120263992 66 
49 I 123183971 66 
50 I 125744037 66 
51 I 128256052 66 
52 I 130870142 66 
53 I 132548012 64 
54 I 133503979 66 
55 I 136139960 66 
56 I 139107987 66 
57 I 141560123 66 
58 I 144359998 66 
59 I 146927998 66 
60 I 149740029 66 
61 I 152660147 66 
62 I 155443968 66 
63 I 157983995 66 
64 I 159599979 64 
65 I 160956341 66 
66 I 163704008 66 
67 I 166200036 66 
68 I 168779979 66 
69 I 171439982 66 
70 I 174376032 66 
71 I 176847978 66 
72 I 179467972 66 
73 I 182359964 66 
74 I 185144290 66 
75 I 187960040 66 
76 I 189331974 64 
77 I 190911263 66 
78 I 193359021 66 
79 I 196067987 66 
80 I 199063957 66 
81 I 201788044 66 
82 I 204432045 66 
83 I 207287992 66 
84 I 209747972 66 
85 I 212528092 66 
86 I 215310688 66 
87 I 217051970 64 
88 I 217771959 66 
89 I 220379974 66 
90 I 222811965 66 
91 I 225388007 66 
92 I 227875983 66 
93 I 230591967 66 
94 I 233431974 66 
95 I 236099958 66 
96 I 238675966 66 
97 I 241456316 66 
98 I 244179978 66 
99 I 246359989 64 
100 I 246615953 66 
101 I 249183974 66 
102 I 251611974 66 
103 I 254251986 66 
104 I 256775983 66 
105 I 259292016 66 
106 I 262299960 66 
107 I 265159992 66 
108 I 267620098 66 
109 I 270191962 66 
110 I 272611969 66 
111 I 273507967 64 
112 I 275072051 66 
113 I 277555974 66 
114 I 280435968 66 
115 I 283395983 66 
116 I 286155951 66 
117 I 288920063 66 
118 I 291515992 66 
119 I 294299972 66 
120 I 297291969 66 
121 I 299819961 66 
122 I 301868007 64 
123 I 302716034 66 
124 I 305155982 66 
125 I 308167969 66 
126 I 310791975 66 
127 I 313524061 66 
128 I 316032037 66 
129 I 318851955 66 
130 I 321884036 66 
131 I 324392198 66 
132 I 327099985 66 
133 I 328204031 64 
134 I 330059965 66 
135 I 332491975 66 
136 I 335228012 66 
