0 I 0 66 
1 I 50 66 
2 I 96 66 
3 I 2740011 66 
4 I 2740068 66 
5 I 2740125 66 
6 I 5364039 66 
7 I 5364104 66 
8 I 5364147 66 
9 I 8239972 66 
10 I 8240027 66 
11 I 8240072 66 
12 I 10959972 66 
13 I 10960022 66 
14 I 10960071 66 
15 I 13391990 66 
16 I 13392036 66 
17 I 13392080 66 
18 I 15815974 66 
19 I 15816044 66 
20 I 15816128 66 
21 I 18407988 66 
22 I 18408049 66 
23 I 18408098 66 
24 I 21011993 66 
25 I 21012051 66 
26 I 21012127 66 
27 I 23800026 66 
28 I 23800077 66 
29 I 23800127 66 
30 I 24427987 64 
31 I 24428037 64 
32 I 24428090 64 
33 I 26467999 66 
34 I 26468034 66 
35 I 26468081 66 
36 I 29239980 66 
37 I 29240039 66 
38 I 29240092 66 
39 I 31899987 66 
40 I 31900035 66 
41 I 31900099 66 
42 I 34576046 66 
43 I 34576092 66 
44 I 34576142 66 
45 I 37071985 66 
46 I 37072050 66 
47 I 37072113 66 
48 I 39588170 66 
49 I 39588226 66 
50 I 39588283 66 
51 I 42532058 66 
52 I 42532125 66 
53 I 42532145 66 
54 I 45403979 66 
55 I 45404026 66 
56 I 45404082 66 
57 I 47855977 66 
58 I 47856029 66 
59 I 47856076 66 
60 I 49395989 64 
61 I 49396037 64 
62 I 49396083 64 
63 I 50580002 66 
64 I 50580056 66 
65 I 50580131 66 
66 I 53307978 66 
67 I 53308025 66 
68 I 53308090 66 
69 I 55728030 66 
70 I 55728083 66 
71 I 55728135 66 
72 I 58331988 66 
73 I 58332038 66 
74 I 58332100 66 
75 I 60819992 66 
76 I 60820046 66 
77 I 60820093 66 
78 I 63251995 66 
79 I 63252040 66 
80 I 63252085 66 
81 I 66243995 66 
82 I 66244049 66 
83 I 66244088 66 
84 I 69060013 66 
85 I 69060070 66 
86 I 69060145 66 
87 I 71688006 66 
88 I 71688055 66 
89 I 71688106 66 
90 I 74360010 66 
91 I 74360071 66 
92 I 74360149 66 
93 I 76832011 66 
94 I 76832056 66 
95 I 76832109 66 
96 I 78685445 64 
97 I 78685526 64 
98 I 78685581 64 
99 I 79520019 66 
100 I 79520071 66 
101 I 79520120 66 
102 I 81987972 66 
103 I 81988030 66 
104 I 81988077 66 
105 I 84412028 66 
106 I 84412076 66 
107 I 84412133 66 
108 I 87179971 66 
109 I 87180022 66 
110 I 87180070 66 
111 I 90124033 66 
112 I 90124081 66 
113 I 90124127 66 
114 I 93019984 66 
115 I 93020020 66 
116 I 93020066 66 
117 I 95608119 66 
118 I 95608202 66 
119 I 95608245 66 
120 I 98539995 66 
121 I 98540097 66 
122 I 98540126 66 
123 I 101335991 66 
124 I 101336036 66 
125 I 101336102 66 
126 I 104047977 66 
127 I 104048034 66 
128 I 104048083 66 
129 I 104875986 64 
130 I 104876037 64 
131 I 104876081 64 
132 I 106751974 66 
133 I 106752038 66 
134 I 106752090 66 
135 I 109563980 66 
136 I 109564033 66 
137 I 109564120 66 
138 I 112499996 66 
139 I 112500053 66 
140 I 112500100 66 
141 I 115240036 66 
142 I 115240091 66 
143 I 115240139 66 
144 I 118123990 66 
145 I 118124042 66 
146 I 118124103 66 
147 I 120943991 66 
148 I 120944027 66 
149 I 120944093 66 
150 I 123372001 66 
151 I 123372071 66 
152 I 123372136 66 
153 I 126271969 66 
154 I 126272018 66 
155 I 126272069 66 
156 I 129271983 66 
157 I 129272029 66 
158 I 129272074 66 
159 I 132191995 66 
160 I 132192118 66 
161 I 132192167 66 
162 I 132223962 64 
163 I 132224005 64 
164 I 132224069 64 
165 I 134844002 66 
166 I 134844046 66 
167 I 134844103 66 
168 I 137623986 66 
169 I 137624061 66 
170 I 137624110 66 
171 I 140312049 66 
172 I 140312116 66 
173 I 140312163 66 
174 I 142778868 66 
175 I 142778922 66 
176 I 142778970 66 
177 I 145647982 66 
178 I 145648046 66 
179 I 145648108 66 
180 I 148588238 66 
181 I 148588290 66 
182 I 148588343 66 
183 I 151091976 66 
184 I 151092026 66 
185 I 151092082 66 
186 I 154019986 66 
187 I 154020065 66 
188 I 154020112 66 
189 I 156943988 66 
190 I 156944041 66 
191 I 156944102 66 
192 I 159387994 66 
193 I 159388040 66 
194 I 159388128 66 
195 I 160752003 64 
196 I 160752132 64 
197 I 160752180 64 
198 I 162112190 66 
199 I 162112300 66 
200 I 162112355 66 
201 I 164728003 66 
202 I 164728051 66 
203 I 164728096 66 
204 I 167728038 66 
205 I 167728083 66 
206 I 167728140 66 
207 I 170704267 66 
208 I 170704353 66 
209 I 170704400 66 
210 I 173143983 66 
211 I 173144036 66 
212 I 173144085 66 
213 I 176095984 66 
214 I 176096086 66 
215 I 176096132 66 
216 I 178636032 66 
217 I 178636067 66 
218 I 178636113 66 
219 I 181143988 66 
220 I 181144035 66 
221 I 181144081 66 
222 I 183567771 66 
223 I 183567821 66 
224 I 183567875 66 
225 I 186456087 66 
226 I 186456170 66 
227 I 186456219 66 
228 I 186855983 64 
229 I 186856076 64 
230 I 186856106 64 
231 I 188908053 66 
232 I 188908107 66 
233 I 188908157 66 
234 I 191359983 66 
235 I 191360076 66 
236 I 191360125 66 
237 I 194071991 66 
238 I 194072125 66 
239 I 194072188 66 
240 I 196655985 66 
241 I 196656042 66 
242 I 196656083 66 
243 I 199587976 66 
244 I 199588087 66 
245 I 199588162 66 
246 I 202539985 66 
247 I 202540040 66 
248 I 202540088 66 
249 I 205315986 66 
250 I 205316038 66 
251 I 205316088 66 
252 I 208148189 66 
253 I 208148260 66 
254 I 208148329 66 
255 I 210895993 66 
256 I 210896032 66 
257 I 210896080 66 
258 I 212986715 64 
259 I 212986768 64 
260 I 212986812 64 
261 I 213591992 66 
262 I 213592045 66 
263 I 213592094 66 
264 I 216283986 66 
265 I 216284033 66 
266 I 216284091 66 
267 I 218719625 66 
268 I 218719786 66 
269 I 218719837 66 
270 I 221148064 66 
271 I 221148129 66 
272 I 221148204 66 
273 I 223671975 66 
274 I 223672023 66 
275 I 223672072 66 
276 I 226451971 66 
277 I 226452027 66 
278 I 226452139 66 
279 I 229311971 66 
280 I 229312022 66 
281 I 229312082 66 
282 I 232087988 66 
283 I 232088094 66 
284 I 232088137 66 
285 I 234948003 66 
286 I 234948097 66 
287 I 234948151 66 
288 I 237764047 66 
289 I 237764111 66 
290 I 237764151 66 
291 I 240746991 66 
292 I 240747043 66 
293 I 240747103 66 
294 I 242543998 64 
295 I 242544043 64 
296 I 242544099 64 
297 I 243267973 66 
298 I 243268049 66 
299 I 243268105 66 
300 I 246103988 66 
301 I 246104168 66 
302 I 246104246 66 
303 I 249032021 66 
304 I 249032077 66 
305 I 249032169 66 
306 I 252027984 66 
307 I 252028037 66 
308 I 252028085 66 
309 I 255000086 66 
310 I 255000196 66 
311 I 255000242 66 
312 I 257555992 66 
313 I 257556059 66 
314 I 257556108 66 
315 I 260271993 66 
316 I 260272047 66 
317 I 260272092 66 
318 I 263271976 66 
319 I 263272023 66 
320 I 263272072 66 
321 I 266230875 66 
322 I 266230923 66 
323 I 266230977 66 
324 I 268960015 66 
325 I 268960067 66 
326 I 268960115 66 
327 I 270979980 64 
328 I 270980031 64 
329 I 270980079 64 
330 I 271779969 66 
331 I 271780036 66 
332 I 271780082 66 
333 I 274560001 66 
334 I 274560102 66 
335 I 274560158 66 
336 I 277171978 66 
337 I 277172027 66 
338 I 277172105 66 
339 I 280020038 66 
340 I 280020108 66 
341 I 280020164 66 
342 I 282484033 66 
343 I 282484077 66 
344 I 282484136 66 
345 I 285451989 66 
346 I 285452036 66 
347 I 285452083 66 
348 I 288007983 66 
349 I 288008033 66 
350 I 288008088 66 
351 I 290652007 66 
352 I 290652061 66 
353 I 290652110 66 
354 I 293275981 66 
355 I 293276063 66 
356 I 293276109 66 
357 I 296279980 66 
358 I 296280036 66 
359 I 296280073 66 
360 I 297788004 64 
361 I 297788062 64 
362 I 297788112 64 
363 I 298763990 66 
364 I 298764114 66 
365 I 298764163 66 
366 I 301675977 66 
367 I 301676032 66 
368 I 301676081 66 
369 I 304259975 66 
370 I 304260026 66 
371 I 304260073 66 
372 I 306983984 66 
373 I 306984029 66 
374 I 306984096 66 
375 I 309735969 66 
376 I 309736034 66 
377 I 309736081 66 
378 I 312559995 66 
379 I 312560045 66 
380 I 312560096 66 
381 I 315284011 66 
382 I 315284070 66 
383 I 315284127 66 
384 I 318051990 66 
385 I 318052048 66 
386 I 318052104 66 
387 I 320892071 66 
388 I 320892118 66 
389 I 320892164 66 
390 I 323447979 66 
391 I 323448032 66 
392 I 323448103 66 
393 I 326075987 66 
394 I 326076049 66 
395 I 326076097 66 
396 I 327579983 64 
397 I 327580035 64 
398 I 327580087 64 
399 I 328827981 66 
400 I 328828030 66 
401 I 328828078 66 
402 I 331579980 66 
403 I 331580042 66 
404 I 331580094 66 
405 I 334459989 66 
406 I 334460038 66 
407 I 334460091 66 
