0 I 0 66 
1 I 2406629 66 
2 I 5250700 66 
3 I 8010844 66 
4 I 10943657 66 
5 I 13827907 66 
6 I 16623596 66 
7 I 19570355 66 
8 I 22193933 66 
9 I 24770599 66 
10 I 27953400 66 
11 I 30631771 66 
12 I 33511772 66 
13 I 36107995 66 
14 I 38937933 66 
15 I 41600052 66 
16 I 44500166 66 
17 I 47328310 66 
18 I 49956551 66 
19 I 52492511 66 
20 I 55104622 66 
21 I 58068958 66 
22 I 60919636 66 
23 I 63537624 66 
24 I 66113279 66 
25 I 69295553 66 
26 I 72131520 66 
27 I 74782981 66 
28 I 77967264 66 
29 I 80067415 66 
30 I 82921818 66 
31 I 85852672 66 
32 I 88127474 66 
33 I 90817886 66 
34 I 93550028 66 
35 I 96006278 66 
36 I 98493931 66 
37 I 101398293 66 
38 I 104326709 66 
39 I 107082491 66 
40 I 109574604 66 
41 I 112362707 66 
42 I 115030823 66 
43 I 117874896 66 
44 I 121102079 66 
45 I 123551111 66 
46 I 126419271 66 
47 I 129418975 66 
48 I 132413327 66 
49 I 135367679 66 
50 I 138103316 66 
51 I 140756581 66 
52 I 143332884 66 
53 I 145739496 66 
54 I 148996393 66 
55 I 151333021 66 
56 I 153778280 66 
57 I 156564321 66 
58 I 159056616 66 
59 I 161528518 66 
60 I 164308684 66 
61 I 167328705 66 
62 I 170064840 66 
63 I 172948951 66 
64 I 175905035 66 
65 I 178929298 66 
66 I 181905274 66 
67 I 184641376 66 
68 I 187509499 66 
69 I 190277594 66 
70 I 193118359 66 
71 I 195493452 66 
72 I 198229184 66 
73 I 201573662 66 
74 I 204469172 66 
75 I 206946023 66 
76 I 209442958 66 
77 I 212325363 66 
78 I 215281683 66 
79 I 217922240 66 
80 I 220622791 66 
81 I 223915652 66 
82 I 226607963 66 
83 I 229095112 66 
84 I 231819085 66 
85 I 234511195 66 
86 I 237119288 66 
87 I 240352743 66 
88 I 242751024 66 
89 I 245199576 66 
90 I 247980066 66 
91 I 250630850 66 
92 I 253424060 66 
93 I 256945238 66 
94 I 259673379 66 
95 I 262052973 66 
96 I 264835421 66 
97 I 267623738 66 
98 I 270005300 66 
99 I 272522814 66 
100 I 275052772 66 
101 I 277600892 66 
102 I 280374229 66 
103 I 283381117 66 
104 I 286369180 66 
105 I 289375148 66 
106 I 292129340 66 
107 I 295109764 66 
108 I 297769597 66 
109 I 300468579 66 
110 I 302945871 66 
111 I 305869987 66 
112 I 308654026 66 
113 I 311779623 66 
114 I 314507186 66 
115 I 316842763 66 
116 I 319692577 66 
117 I 322639027 66 
118 I 325822560 66 
119 I 328321463 66 
120 I 331198861 66 
121 I 333919573 66 
