0 I 0 193 
1 I 2009 193 
2 I 3955 207 
3 I 6278 205 
4 I 243709 224 
5 I 245898 222 
6 I 248107 201 
7 I 250692 236 
8 I 514223 229 
9 I 516137 197 
10 I 518453 203 
11 I 742740 197 
12 I 744506 195 
13 I 746672 229 
14 I 1001513 205 
15 I 1003662 195 
16 I 1005611 192 
17 I 1007651 189 
18 I 1247062 184 
19 I 1249732 231 
20 I 1251774 187 
21 I 1253358 173 
22 I 1583637 170 
23 I 1586250 262 
24 I 1587893 170 
25 I 1590119 198 
26 I 1809740 191 
27 I 1812091 195 
28 I 1814211 203 
29 I 2125049 189 
30 I 2126861 201 
