0 I 0 127 
1 I 148516 129 
2 I 181738 128 
3 I 227576 425 
4 I 321117 1518 
5 I 321122 727 
6 I 216305909 161 
7 I 216601293 126 
8 I 216838460 126 
9 I 216873425 521 
10 I 216911906 129 
11 I 216925318 128 
12 I 259474301 186 
13 I 259479658 209 
14 I 259484657 205 
15 I 259491517 205 
16 I 259497289 211 
17 I 259502714 195 
18 I 259508809 196 
19 I 259516558 222 
20 I 259521678 208 
21 I 259526830 205 
22 I 285368397 199 
23 I 285373804 204 
24 I 285377970 204 
25 I 285382901 225 
26 I 285386887 198 
27 I 285391951 195 
28 I 285396087 199 
29 I 285400393 192 
30 I 285405282 227 
31 I 285409222 199 
32 I 285413163 226 
