0 I 0 1318 
1 I 4 810 
2 I 655144 1318 
3 I 655149 810 
4 I 1120074 1318 
5 I 1120079 810 
6 I 1822785 1318 
7 I 1822790 810 
8 I 2338326 1318 
9 I 2338330 810 
10 I 2790366 1318 
11 I 2790371 810 
12 I 5567123 1318 
13 I 5567128 810 
14 I 72216234 64 
15 I 72220934 64 
16 I 116345333 1318 
17 I 116345338 810 
18 I 117481130 1318 
19 I 117481135 810 
20 I 117881497 1318 
21 I 117881502 810 
22 I 118321102 1318 
23 I 118321107 810 
24 I 118801599 1318 
25 I 118801603 810 
26 I 119168751 1318 
27 I 119168756 810 
28 I 119433560 1318 
29 I 119433565 810 
30 I 119817975 1318 
31 I 119817980 810 
32 I 122733238 299 
33 I 127304893 1318 
34 I 127304898 810 
35 I 127913579 1318 
36 I 127913584 810 
37 I 128234813 1318 
38 I 128234818 810 
39 I 128610725 1318 
40 I 128610730 810 
41 I 129023844 1318 
42 I 129023849 810 
43 I 129471952 1318 
44 I 129471957 810 
45 I 129883209 1318 
46 I 129883218 810 
47 I 130266191 1318 
48 I 130266196 810 
49 I 130696462 1318 
50 I 130696467 810 
51 I 131200111 1318 
52 I 131200116 810 
53 I 131650972 1318 
54 I 131650977 810 
55 I 132050090 1318 
56 I 132050095 810 
57 I 132474168 1318 
58 I 132474172 810 
59 I 132891992 1318 
60 I 132891997 810 
61 I 133346663 1318 
62 I 133346667 810 
63 I 136385343 1318 
64 I 136385347 1212 
