0 I 0 542 
1 I 4 542 
2 I 607789 68 
3 I 607794 68 
4 I 1599800 73 
5 I 1599804 73 
6 I 2761044 68 
7 I 2761049 68 
8 I 80736420 305 
9 I 80736425 305 
10 I 81216342 68 
11 I 81216347 68 
12 I 82144308 73 
13 I 82144316 73 
14 I 82893593 68 
15 I 82893597 68 
16 I 139456802 340 
17 I 139456806 340 
18 I 140688648 68 
19 I 140688653 68 
20 I 141728748 73 
21 I 141728752 73 
22 I 142752774 68 
23 I 142752778 68 
24 I 143056707 73 
25 I 143056711 73 
26 I 144336699 68 
27 I 144336704 68 
28 I 144656723 73 
29 I 144656728 73 
30 I 147536711 68 
31 I 147536715 68 
32 I 147872742 68 
33 I 147872747 68 
34 I 148176756 68 
35 I 148176761 68 
