0 I 0 1060 
1 I 928037 893 
2 I 2594179 1394 
3 I 4144110 1438 
4 I 4144115 147 
5 I 5026466 1394 
6 I 5247891 1438 
7 I 5247896 147 
8 I 10561498 906 
9 I 10800703 906 
10 I 11104228 906 
11 I 11525232 1438 
12 I 11525237 96 
13 I 12527966 1102 
14 I 18086826 786 
15 I 18994599 1438 
16 I 18994604 96 
17 I 21728301 864 
18 I 21871327 279 
19 I 22065260 1438 
20 I 22065265 133 
21 I 22238754 333 
22 I 22529042 904 
23 I 26099954 1178 
24 I 27730838 932 
25 I 30287978 333 
26 I 30681537 1438 
27 I 30681542 112 
28 I 31473774 864 
29 I 33116875 1438 
30 I 33116880 64 
31 I 38760036 969 
32 I 38776696 969 
33 I 54261156 864 
34 I 54447152 279 
35 I 55979955 1269 
36 I 57662189 1438 
37 I 58256670 1269 
38 I 58468108 1395 
39 I 58895833 1269 
40 I 59151298 1438 
41 I 60368299 676 
42 I 61633215 1437 
43 I 62627685 1158 
44 I 63439472 959 
45 I 63712054 974 
46 I 63935273 996 
47 I 64175363 1097 
48 I 64688723 998 
49 I 65183165 965 
50 I 65503233 1141 
51 I 66040425 1051 
52 I 67652350 1104 
53 I 69519183 1059 
54 I 70431236 1108 
55 I 77247324 1082 
56 I 78506015 986 
57 I 79167124 1077 
58 I 80250129 1269 
59 I 85881827 1378 
60 I 86863668 1269 
61 I 87370378 1438 
62 I 88207472 1269 
63 I 93696945 1244 
64 I 95055350 1269 
65 I 96273076 1233 
66 I 97730650 1269 
67 I 98348067 1438 
68 I 99583476 1438 
69 I 99583481 134 
70 I 102399212 901 
71 I 102687322 977 
72 I 102959276 995 
73 I 103569406 1438 
74 I 103569411 103 
75 I 109967564 1269 
76 I 110158792 864 
77 I 111979946 1235 
78 I 113500822 1429 
79 I 114617457 1237 
80 I 119487735 1235 
81 I 119630918 864 
82 I 121729393 1289 
83 I 123704362 1434 
84 I 124863150 1289 
85 I 125998219 1414 
86 I 126968144 943 
87 I 129102725 1176 
88 I 130143561 1289 
89 I 134526866 1434 
90 I 136546313 735 
91 I 137359384 1433 
92 I 138085182 1011 
93 I 138686503 970 
94 I 139008510 1003 
95 I 139183926 1005 
96 I 139342706 1008 
97 I 139502896 939 
98 I 139718713 1008 
99 I 139887546 1044 
100 I 140062464 1111 
101 I 140222329 1098 
102 I 140670818 1162 
103 I 149902478 1132 
104 I 165902365 1145 
105 I 185222956 1081 
106 I 193280656 1087 
107 I 223435020 1109 
108 I 226432661 1076 
109 I 227776183 1087 
110 I 228365459 1076 
111 I 229982117 1087 
112 I 251421214 851 
113 I 254911136 1397 
114 I 259518304 972 
115 I 259645055 901 
116 I 291012985 874 
117 I 291612957 1397 
118 I 291869233 1289 
119 I 292204839 864 
120 I 294788121 788 
121 I 295668527 1358 
122 I 303100844 1374 
123 I 304498349 1271 
124 I 306991635 1321 
125 I 307758388 951 
126 I 317005276 1051 
127 I 318748627 968 
128 I 319676605 1037 
129 I 332252440 968 
130 I 332876309 1051 
