0 I 0 138 
1 I 3624 132 
2 I 6287 132 
3 I 10011 132 
4 I 18058 132 
5 I 23966 132 
6 I 47432 138 
7 I 50874 132 
8 I 53585 132 
9 I 56870 132 
10 I 64362 132 
11 I 70684 132 
12 I 30131617 298 
13 I 30135324 326 
14 I 30140274 166 
15 I 30143171 101 
16 I 30149623 174 
17 I 30302378 138 
18 I 30305099 132 
19 I 30314565 132 
20 I 30349098 162 
21 I 30351903 138 
22 I 30354353 132 
23 I 30356860 132 
24 I 30359388 132 
25 I 30484839 148 
26 I 30494533 148 
27 I 30506189 162 
28 I 30509161 162 
29 I 30512381 298 
30 I 30515350 326 
31 I 30519931 166 
32 I 30522317 101 
33 I 30524969 148 
34 I 30527447 138 
35 I 30529775 146 
36 I 30627191 150 
37 I 30629575 146 
38 I 30740400 174 
39 I 30743034 156 
40 I 30745382 134 
41 I 30747874 134 
42 I 30750178 103 
43 I 30752493 182 
44 I 30755351 174 
45 I 30757873 164 
46 I 30760454 134 
47 I 30762909 134 
48 I 30765945 103 
49 I 30768319 190 
50 I 30771030 174 
51 I 30773344 162 
52 I 30775797 134 
53 I 30778278 134 
54 I 30780595 103 
55 I 30782940 188 
56 I 30785590 174 
57 I 30787950 158 
58 I 30790288 134 
59 I 30792758 134 
60 I 30795041 103 
61 I 30797371 184 
62 I 30799975 174 
63 I 30802358 166 
64 I 30804632 134 
65 I 30807008 134 
66 I 30809289 103 
67 I 30811633 192 
68 I 30814473 174 
69 I 30817133 156 
70 I 30819431 134 
71 I 30821952 134 
72 I 30824482 103 
73 I 30827161 182 
74 I 30830606 174 
75 I 30833008 158 
76 I 30835735 134 
77 I 30838403 134 
78 I 30840893 103 
79 I 30843491 184 
80 I 30846974 174 
81 I 30849698 162 
82 I 30852084 134 
83 I 30854669 134 
84 I 30857303 103 
85 I 30859745 188 
86 I 30863517 174 
87 I 30866436 160 
88 I 30868774 134 
89 I 30871319 134 
90 I 30873582 103 
91 I 30921870 174 
92 I 30924983 168 
93 I 30927544 134 
94 I 30930327 134 
95 I 30933099 103 
96 I 30935868 194 
97 I 30940053 174 
98 I 30943139 166 
99 I 30945565 134 
100 I 30948174 134 
101 I 30950642 103 
102 I 30953185 192 
103 I 30956395 174 
104 I 30959460 158 
105 I 30962072 134 
106 I 30964777 134 
107 I 30967733 103 
108 I 30970588 184 
109 I 30973747 174 
110 I 30976594 184 
111 I 30979299 134 
112 I 30982075 134 
113 I 30984771 103 
114 I 30987365 184 
115 I 30990333 134 
116 I 30993004 103 
117 I 30995652 174 
118 I 30998262 168 
119 I 31000988 134 
120 I 31003714 134 
121 I 31006317 103 
122 I 31008986 168 
123 I 31011662 134 
124 I 31014103 103 
125 I 31017380 174 
126 I 31020403 164 
127 I 31022904 134 
128 I 31025630 134 
129 I 31028356 103 
130 I 31031046 164 
131 I 31034032 134 
132 I 31036726 103 
133 I 31039662 174 
134 I 31042715 172 
135 I 31045458 134 
136 I 31048133 134 
137 I 31050874 103 
138 I 31053306 172 
139 I 31055971 134 
140 I 31058565 103 
141 I 31061988 174 
142 I 31064712 196 
143 I 31067368 134 
144 I 31070164 134 
145 I 31072991 103 
146 I 31075569 196 
147 I 31078413 134 
148 I 31081047 103 
149 I 31084543 174 
150 I 31087635 166 
151 I 31090341 134 
152 I 31093001 134 
153 I 31095480 103 
154 I 31097748 166 
155 I 31100606 134 
156 I 31103346 103 
157 I 33257598 98 
158 I 33260534 103 
159 I 33354033 132 
160 I 33357921 132 
161 I 33368494 138 
162 I 33370912 132 
163 I 33374331 132 
164 I 33377644 150 
165 I 33380184 134 
166 I 33382583 103 
167 I 33385044 174 
168 I 33390064 132 
169 I 33393304 132 
170 I 33774427 98 
171 I 33777443 103 
172 I 33942339 150 
173 I 33945517 134 
174 I 33948114 134 
175 I 33950673 103 
176 I 33953212 174 
177 I 33958120 150 
178 I 33960774 134 
179 I 33963088 134 
180 I 33965384 103 
181 I 33968115 174 
182 I 33973102 150 
183 I 33975838 134 
184 I 33978287 103 
185 I 33980704 174 
186 I 34008742 150 
187 I 34011516 134 
188 I 34014039 103 
189 I 34016658 174 
190 I 34022607 132 
191 I 34026718 132 
192 I 34031284 150 
193 I 34034387 134 
194 I 34036897 103 
195 I 34039496 174 
196 I 34044768 132 
197 I 34048712 132 
198 I 34053101 150 
199 I 34055698 134 
200 I 34058105 103 
201 I 34060781 174 
202 I 34066300 132 
203 I 34070490 132 
204 I 34951422 148 
205 I 35023886 132 
206 I 35027176 132 
207 I 35030731 132 
208 I 35063695 132 
209 I 35066615 132 
210 I 35070173 132 
211 I 35087510 174 
212 I 35090686 156 
213 I 35094108 134 
214 I 35096901 103 
215 I 35100933 182 
216 I 35104934 174 
217 I 35107997 164 
218 I 35111072 134 
219 I 35113693 103 
220 I 35116952 190 
221 I 35120811 174 
222 I 35123812 162 
223 I 35127266 134 
224 I 35130117 103 
225 I 35133405 188 
226 I 35136779 174 
227 I 35139961 158 
228 I 35142790 134 
229 I 35145761 103 
230 I 35148824 184 
231 I 35152618 174 
232 I 35155719 166 
233 I 35158846 134 
234 I 35161543 103 
235 I 35164543 192 
236 I 35168216 174 
237 I 35171353 156 
238 I 35174421 134 
239 I 35177919 103 
240 I 35181323 182 
241 I 35185041 174 
242 I 35188192 158 
243 I 35191611 134 
244 I 35194457 103 
245 I 35197989 184 
246 I 35201687 174 
247 I 35204896 162 
248 I 35208447 134 
249 I 35211171 103 
250 I 35214528 188 
251 I 35218482 174 
252 I 35226481 160 
253 I 35235536 134 
254 I 35238320 103 
255 I 35241785 174 
256 I 35245073 168 
257 I 35248376 134 
258 I 35251015 103 
259 I 35254509 194 
260 I 35258494 174 
261 I 35261877 166 
262 I 35265106 134 
263 I 35268111 103 
264 I 35271039 192 
265 I 35274324 174 
266 I 35277232 158 
267 I 35280487 134 
268 I 35283342 103 
269 I 35286638 184 
270 I 35534489 146 
271 I 35542235 182 
272 I 35545745 174 
273 I 35549308 182 
274 I 35553021 156 
275 I 35555981 148 
276 I 35563660 182 
277 I 35566821 174 
278 I 35570204 182 
279 I 36517630 162 
280 I 36527068 162 
281 I 36554909 132 
282 I 36563724 148 
283 I 36566192 146 
284 I 36668369 162 
285 I 36671111 146 
286 I 36792053 188 
287 I 36795339 178 
288 I 36798100 134 
289 I 36801159 134 
290 I 36803989 103 
291 I 36806935 188 
292 I 36816176 204 
293 I 36820461 188 
294 I 36823267 170 
295 I 36826058 134 
296 I 36829179 134 
297 I 36831986 103 
298 I 36834902 180 
299 I 36838165 196 
300 I 37365904 160 
301 I 37432174 186 
302 I 37435365 134 
303 I 37438514 134 
304 I 37441091 103 
305 I 37444176 190 
306 I 37447583 170 
307 I 37450358 134 
308 I 37453460 134 
309 I 37455916 103 
310 I 37459571 186 
311 I 37462781 134 
312 I 37465543 103 
313 I 37469134 190 
314 I 37472356 176 
315 I 37475578 134 
316 I 37481536 134 
317 I 37484483 103 
318 I 37488078 186 
319 I 37491535 134 
320 I 37494449 103 
321 I 37497514 190 
322 I 37500619 196 
323 I 37503432 134 
324 I 37506476 134 
325 I 37509295 103 
326 I 37566744 186 
327 I 37569872 134 
328 I 37572653 103 
329 I 37575862 190 
330 I 37579041 184 
331 I 37581964 134 
332 I 37584674 134 
333 I 37587317 103 
334 I 38965761 176 
335 I 39021119 202 
336 I 39024387 134 
337 I 39027630 134 
338 I 39030494 103 
339 I 39033662 206 
340 I 39036780 186 
341 I 39039960 134 
342 I 39043252 134 
343 I 39046080 103 
344 I 39049824 202 
345 I 39053103 134 
346 I 39055948 103 
347 I 39059075 206 
348 I 39062115 202 
349 I 39067248 134 
350 I 39070604 134 
351 I 39073445 103 
352 I 39077327 202 
353 I 39080630 134 
354 I 39083362 103 
355 I 39086503 206 
356 I 39089967 198 
357 I 39092822 134 
358 I 39095928 134 
359 I 39098797 103 
360 I 39104036 202 
361 I 39107055 134 
362 I 39109720 103 
363 I 39112550 206 
364 I 39115845 184 
365 I 39118630 134 
366 I 39121798 134 
367 I 39126465 103 
368 I 39129681 202 
369 I 39132684 134 
370 I 39135489 103 
371 I 39138384 206 
372 I 39141778 186 
373 I 39144714 134 
374 I 39147947 134 
375 I 39150537 103 
376 I 39153831 202 
377 I 39156760 134 
378 I 39159417 103 
379 I 39162506 206 
380 I 39165604 198 
381 I 39168337 134 
382 I 39171595 134 
383 I 39174175 103 
384 I 39209151 202 
385 I 39212462 134 
386 I 39215317 103 
387 I 39218337 206 
388 I 39221646 188 
389 I 39224206 134 
390 I 39227246 134 
391 I 39229869 103 
392 I 39233599 202 
393 I 39236804 134 
394 I 39239675 103 
395 I 39242649 206 
396 I 39245861 184 
397 I 39248469 134 
398 I 39251582 134 
399 I 39254116 103 
400 I 39258257 202 
401 I 39270716 134 
402 I 39273459 103 
403 I 39276158 206 
404 I 39279040 190 
405 I 39281622 134 
406 I 39284764 134 
407 I 39287430 103 
408 I 40117660 190 
409 I 40170036 216 
410 I 40173086 134 
411 I 40176333 134 
412 I 40179052 103 
413 I 40182147 220 
414 I 40185258 200 
415 I 40188175 134 
416 I 40191603 134 
417 I 40194352 103 
418 I 40197730 216 
419 I 40201106 134 
420 I 40203729 103 
421 I 40208112 220 
422 I 40211477 206 
423 I 40214483 134 
424 I 40217630 134 
425 I 40220539 103 
426 I 40224255 216 
427 I 40227591 134 
428 I 40230493 103 
429 I 40233477 220 
430 I 40236357 200 
431 I 40239484 134 
432 I 40242673 134 
433 I 40245167 103 
434 I 41353961 200 
435 I 41374689 226 
436 I 41377340 134 
437 I 41379764 134 
438 I 41382073 103 
439 I 41385140 230 
440 I 41387738 210 
441 I 41390239 134 
442 I 41392644 134 
443 I 41394926 103 
444 I 41397996 226 
445 I 41400585 134 
446 I 41402961 103 
447 I 41405322 230 
448 I 41407896 212 
449 I 41410472 134 
450 I 41413213 134 
451 I 41415622 103 
452 I 41418310 226 
453 I 41420971 134 
454 I 41423289 103 
455 I 41425763 230 
456 I 41428381 236 
457 I 41430890 134 
458 I 41433320 134 
459 I 41435801 103 
460 I 41439251 226 
461 I 41441777 134 
462 I 41444067 103 
463 I 41446395 230 
464 I 41449040 208 
465 I 41451788 134 
466 I 41454184 134 
467 I 41456546 103 
468 I 41459163 226 
469 I 41461556 134 
470 I 41463811 103 
471 I 41466222 230 
472 I 41474829 208 
473 I 41477399 134 
474 I 41479937 134 
475 I 41482270 103 
476 I 41485276 226 
477 I 41488221 134 
478 I 41490674 103 
479 I 41493067 230 
480 I 41495712 216 
481 I 41498211 134 
482 I 41500763 134 
483 I 41503109 103 
484 I 41505688 226 
485 I 41508287 134 
486 I 41510750 103 
487 I 41513209 230 
488 I 41515777 218 
489 I 41518277 134 
490 I 41520666 134 
491 I 41522943 103 
492 I 41526034 226 
493 I 41528596 134 
494 I 41530961 103 
495 I 41533366 230 
496 I 41535860 224 
497 I 41538245 134 
498 I 41540751 134 
499 I 41543190 103 
500 I 41545870 226 
501 I 41548483 134 
502 I 41550803 103 
503 I 41553241 230 
504 I 41555868 210 
505 I 41558300 134 
506 I 41560699 134 
507 I 41563061 103 
508 I 41566195 226 
509 I 41568676 134 
510 I 41570962 103 
511 I 41573359 230 
512 I 41575916 236 
513 I 41578370 134 
514 I 41580809 134 
515 I 41583582 103 
516 I 41586160 226 
517 I 41588867 134 
518 I 41591250 103 
519 I 41593768 230 
520 I 41596392 210 
521 I 41598867 134 
522 I 41601357 134 
523 I 41603616 103 
524 I 41607123 226 
525 I 41609681 134 
526 I 41611994 103 
527 I 41614462 230 
528 I 41617303 218 
529 I 41620083 134 
530 I 41622493 134 
531 I 41625044 103 
532 I 41627641 226 
533 I 41630220 134 
534 I 41632654 103 
535 I 41635047 230 
536 I 41637842 216 
537 I 41640392 134 
538 I 41642857 134 
539 I 41645514 103 
540 I 41653318 226 
541 I 41656470 134 
542 I 41659378 103 
543 I 41662544 230 
544 I 41665610 218 
545 I 41668459 134 
546 I 41671672 134 
547 I 41674558 103 
548 I 41678506 226 
549 I 41681862 134 
550 I 41684759 103 
551 I 41687965 230 
552 I 41691001 218 
553 I 41693802 134 
554 I 41696882 134 
555 I 41699754 103 
556 I 41703060 226 
557 I 41706196 134 
558 I 41709121 103 
559 I 41712221 230 
560 I 41715388 214 
561 I 41718195 134 
562 I 41721256 134 
563 I 41724006 103 
564 I 41727416 226 
565 I 41730711 134 
566 I 41733506 103 
567 I 41736293 230 
568 I 41739161 230 
569 I 41742124 134 
570 I 41745340 134 
571 I 41748054 103 
572 I 41751570 226 
573 I 41754736 134 
574 I 41758090 103 
575 I 41761169 230 
576 I 41764181 220 
577 I 41766812 134 
578 I 41769839 134 
579 I 41772503 103 
580 I 43141970 206 
581 I 43144998 216 
582 I 43217489 242 
583 I 43220740 134 
584 I 43224222 134 
585 I 43226817 103 
586 I 43230077 246 
587 I 43233636 226 
588 I 43236345 134 
589 I 43239707 134 
590 I 43242364 103 
591 I 43245899 242 
592 I 43249243 134 
593 I 43252033 103 
594 I 43255062 246 
595 I 43258704 228 
596 I 43261517 134 
597 I 43264380 134 
598 I 43267241 103 
599 I 43270679 242 
600 I 43273889 134 
601 I 43276470 103 
602 I 43279673 246 
603 I 43282807 252 
604 I 43285673 134 
605 I 43288487 134 
606 I 43291201 103 
607 I 43294858 242 
608 I 43297770 134 
609 I 43300733 103 
610 I 43303798 246 
611 I 43306630 232 
612 I 43309582 134 
613 I 43312736 134 
614 I 43315706 103 
615 I 43319900 242 
616 I 43322861 134 
617 I 43325535 103 
618 I 43328571 246 
619 I 43331714 224 
620 I 43334656 134 
621 I 43338458 134 
622 I 43341292 103 
623 I 43344832 242 
624 I 43348108 134 
625 I 43350790 103 
626 I 43353809 246 
627 I 43356804 232 
628 I 43359501 134 
629 I 43362569 134 
630 I 43365466 103 
631 I 43369209 242 
632 I 43372507 134 
633 I 43375154 103 
634 I 43378124 246 
635 I 43381424 234 
636 I 43384313 134 
637 I 43387188 134 
638 I 43389722 103 
639 I 43393619 242 
640 I 43396702 134 
641 I 43399714 103 
642 I 43402818 246 
643 I 43406032 240 
644 I 43408823 134 
645 I 43411902 134 
646 I 43414742 103 
647 I 43418361 242 
648 I 43421609 134 
649 I 43424179 103 
650 I 43427233 246 
651 I 43430355 252 
652 I 43433271 134 
653 I 43436404 134 
654 I 43439343 103 
655 I 43443069 242 
656 I 43446543 134 
657 I 43449301 103 
658 I 43458081 246 
659 I 43461146 234 
660 I 43463706 134 
661 I 43466836 134 
662 I 43469817 103 
663 I 43473522 242 
664 I 43476428 134 
665 I 43481150 103 
666 I 43484317 246 
667 I 43487782 234 
668 I 43490533 134 
669 I 43493571 134 
670 I 43496127 103 
671 I 43499995 242 
672 I 43503419 134 
673 I 43506125 103 
674 I 43509262 246 
675 I 43512196 234 
676 I 43515070 134 
677 I 43518199 134 
678 I 43521020 103 
679 I 43525167 242 
680 I 43528207 134 
681 I 43531106 103 
682 I 43534471 246 
683 I 43538070 230 
684 I 43540943 134 
685 I 43543744 134 
686 I 43546519 103 
687 I 43549912 242 
688 I 43553186 134 
689 I 43556040 103 
690 I 43559043 246 
691 I 43562121 246 
692 I 43564791 134 
693 I 43567814 134 
694 I 43570408 103 
695 I 43574078 242 
696 I 43577298 134 
697 I 43580236 103 
698 I 43583331 246 
699 I 43587650 236 
700 I 43590939 134 
701 I 43594338 134 
702 I 43597163 103 
703 I 43601504 242 
704 I 43605230 134 
705 I 43608132 103 
706 I 43611160 246 
707 I 43614159 224 
708 I 43617134 134 
709 I 43620257 134 
710 I 43623071 103 
711 I 45018045 222 
712 I 45021637 232 
713 I 45030548 260 
714 I 45035922 260 
715 I 45041644 260 
716 I 45053205 232 
717 I 45056305 232 
718 I 45072277 216 
719 I 45075753 216 
720 I 45091939 160 
721 I 45101397 138 
722 I 45104342 132 
723 I 45111662 222 
724 I 45114309 232 
725 I 45116947 146 
726 I 45218325 98 
727 I 45220944 103 
728 I 45247321 258 
729 I 45250448 134 
730 I 45253645 134 
731 I 45256572 103 
732 I 45259696 262 
733 I 45263157 242 
734 I 45265990 134 
735 I 45268912 134 
736 I 45271596 103 
737 I 45275546 258 
738 I 45278864 134 
739 I 45281558 103 
740 I 45284647 262 
741 I 45288298 240 
742 I 45291088 134 
743 I 45293927 134 
744 I 45296823 103 
745 I 45300631 258 
746 I 45303853 134 
747 I 45306755 103 
748 I 45310097 262 
749 I 45313152 240 
750 I 45315994 134 
751 I 45318852 134 
752 I 45321899 103 
753 I 45325580 258 
754 I 45329063 134 
755 I 45331972 103 
756 I 45335061 262 
757 I 45338248 246 
758 I 45340773 134 
759 I 45343546 134 
760 I 45346438 103 
761 I 45351886 260 
762 I 45355093 258 
763 I 45358504 134 
764 I 45361344 103 
765 I 45364561 262 
766 I 45367982 246 
767 I 45370739 134 
768 I 45373824 134 
769 I 45377432 103 
770 I 45381019 258 
771 I 45383787 134 
772 I 45386734 103 
773 I 45389543 262 
774 I 45392990 242 
775 I 45395698 134 
776 I 45398825 134 
777 I 45401513 103 
778 I 45406659 258 
779 I 45409889 134 
780 I 45412811 103 
781 I 45415993 262 
782 I 45419706 284 
783 I 45429434 134 
784 I 45432679 134 
785 I 45435477 103 
786 I 45439149 258 
787 I 45442409 134 
788 I 45445242 103 
789 I 45448407 262 
790 I 45451677 280 
791 I 45454602 134 
792 I 45457826 134 
793 I 45460728 103 
794 I 45463945 258 
795 I 45467202 134 
796 I 45471161 103 
797 I 45474259 262 
798 I 45477726 296 
799 I 45480701 134 
800 I 45483505 134 
801 I 45486364 103 
802 I 45491138 258 
803 I 45494368 134 
804 I 45497275 103 
805 I 45500415 262 
806 I 45503516 298 
807 I 45506159 134 
808 I 45509300 134 
809 I 45511854 103 
810 I 45515931 258 
811 I 45519192 134 
812 I 45521870 103 
813 I 45524868 262 
814 I 45528139 296 
815 I 45531036 134 
816 I 45534368 134 
817 I 45537233 103 
818 I 45541120 258 
819 I 45544082 134 
820 I 45546940 103 
821 I 45550219 262 
822 I 45553351 276 
823 I 45556199 134 
824 I 45559055 134 
825 I 45561665 103 
826 I 45565461 258 
827 I 45568719 134 
828 I 45571392 103 
829 I 45574105 262 
830 I 45577397 274 
831 I 45580167 134 
832 I 45586089 134 
833 I 45589002 103 
834 I 45592570 258 
835 I 45595814 134 
836 I 45598682 103 
837 I 45601782 262 
838 I 45604827 274 
839 I 45607952 134 
840 I 45611050 134 
841 I 45614039 103 
842 I 45618539 258 
843 I 45621656 134 
844 I 45624627 103 
845 I 45627600 262 
846 I 45630719 282 
847 I 45633663 134 
848 I 45636771 134 
849 I 45639789 103 
850 I 45643734 258 
851 I 45646939 134 
852 I 45649538 103 
853 I 45652676 262 
854 I 45655755 264 
855 I 45658703 134 
856 I 45661955 134 
857 I 45664881 103 
858 I 45669127 258 
859 I 45672321 134 
860 I 45675025 103 
861 I 45678150 262 
862 I 45681320 272 
863 I 45684343 134 
864 I 45687585 134 
865 I 45690507 103 
866 I 45694354 258 
867 I 45697232 134 
868 I 45699772 103 
869 I 45702503 262 
870 I 45705230 278 
871 I 45707758 134 
872 I 45710580 134 
873 I 45713429 103 
874 I 45717331 258 
875 I 45720347 134 
876 I 45722980 103 
877 I 45726015 262 
878 I 45729169 256 
879 I 45731778 134 
880 I 45734954 134 
881 I 45737461 103 
882 I 45741155 258 
883 I 45744312 134 
884 I 45747157 103 
885 I 45750366 262 
886 I 45753760 278 
887 I 45756614 134 
888 I 45759431 134 
889 I 45762070 103 
890 I 45765940 258 
891 I 45768985 134 
892 I 45772007 103 
893 I 45774786 262 
894 I 45777584 278 
895 I 45780251 134 
896 I 45783005 134 
897 I 45785472 103 
898 I 45789084 258 
899 I 45792131 134 
900 I 45794994 103 
901 I 45798128 262 
902 I 45801271 284 
903 I 45803849 134 
904 I 45807113 134 
905 I 45809606 103 
906 I 45813365 258 
907 I 45816656 134 
908 I 45819431 103 
909 I 45822237 262 
910 I 45825456 284 
911 I 45828184 134 
912 I 45831441 134 
913 I 45834221 103 
914 I 45838299 258 
915 I 45841387 134 
916 I 45844209 103 
917 I 45847104 262 
918 I 45850424 276 
919 I 45853482 134 
920 I 45856604 134 
921 I 45859421 103 
922 I 45863246 258 
923 I 45866604 134 
924 I 45869300 103 
925 I 45872389 262 
926 I 45875528 276 
927 I 45878332 134 
928 I 45881308 134 
929 I 45884102 103 
930 I 48305582 258 
931 I 48314204 134 
932 I 48317252 103 
933 I 48320211 262 
934 I 48323569 296 
935 I 48326259 134 
936 I 48329429 134 
937 I 48332202 103 
938 I 48415979 258 
939 I 48419427 134 
940 I 48421933 103 
941 I 48424986 262 
942 I 48428579 296 
943 I 48431319 134 
944 I 48434594 134 
945 I 48437360 103 
946 I 48495689 258 
947 I 48498961 134 
948 I 48501842 103 
949 I 48504903 262 
950 I 48508200 278 
951 I 48510905 134 
952 I 48514031 134 
953 I 48516724 103 
954 I 48560809 258 
955 I 48563950 134 
956 I 48566580 103 
957 I 48569780 262 
958 I 48573030 278 
959 I 48575726 134 
960 I 48578580 134 
961 I 48581259 103 
962 I 48903843 258 
963 I 48907556 134 
964 I 48910161 103 
965 I 48912952 262 
966 I 48916431 278 
967 I 48919333 134 
968 I 48922383 134 
969 I 48925406 103 
970 I 48930524 258 
971 I 48934251 134 
972 I 48937446 103 
973 I 48940639 262 
974 I 48943919 278 
975 I 48946816 134 
976 I 48950530 134 
977 I 48953335 103 
978 I 48960037 258 
979 I 48963347 134 
980 I 48966189 103 
981 I 48969409 262 
982 I 48972869 278 
983 I 48975527 134 
984 I 48978762 134 
985 I 48981720 103 
986 I 48991720 258 
987 I 48995308 134 
988 I 48998340 103 
989 I 49001421 262 
990 I 49004745 278 
991 I 49007606 134 
992 I 49010866 134 
993 I 49013796 103 
994 I 49408743 258 
995 I 49412346 134 
996 I 49415015 103 
997 I 49417805 262 
998 I 49420601 290 
999 I 49423191 134 
1000 I 49425800 134 
1001 I 49428230 103 
1002 I 49455734 258 
1003 I 49459043 134 
1004 I 49462121 103 
1005 I 49465244 262 
1006 I 49468723 290 
1007 I 49471510 134 
1008 I 49474529 134 
1009 I 49477690 103 
1010 I 49543740 258 
1011 I 49546923 134 
1012 I 49549979 103 
1013 I 49553077 262 
1014 I 49556184 274 
1015 I 49558898 134 
1016 I 49561903 134 
1017 I 49564540 103 
1018 I 49751968 258 
1019 I 49755340 134 
1020 I 49758228 103 
1021 I 49761156 262 
1022 I 49764202 280 
1023 I 49766933 134 
1024 I 49769975 134 
1025 I 49772680 103 
1026 I 49848805 258 
1027 I 49852054 134 
1028 I 49854671 103 
1029 I 49857843 262 
1030 I 49861177 280 
1031 I 49863780 134 
1032 I 49866698 134 
1033 I 49869470 103 
1034 I 49951713 258 
1035 I 49955190 134 
1036 I 49958274 103 
1037 I 49961411 262 
1038 I 49964780 274 
1039 I 49967487 134 
1040 I 49970671 134 
1041 I 49973596 103 
1042 I 90072759 111 
