0 I 0 48 
1 I 103273 44 
2 I 232511 44 
3 I 1001307 44 
4 I 1002431 44 
5 I 3007037 48 
6 I 3115190 44 
7 I 3433859 44 
8 I 3549697 48 
9 I 3625333 44 
10 I 3973685 44 
11 I 3974714 44 
12 I 4770215 44 
13 I 4771242 44 
14 I 62679643 48 
15 I 62754616 44 
16 I 62891273 44 
17 I 63361867 44 
18 I 63362935 44 
19 I 64245760 48 
20 I 64418836 44 
21 I 65163661 44 
22 I 65164800 44 
23 I 67119579 48 
24 I 67205537 44 
25 I 67332022 44 
26 I 67852068 44 
27 I 67853140 44 
28 I 128756802 48 
29 I 128933829 44 
30 I 129063402 44 
31 I 129567777 44 
32 I 129569041 44 
