0 I 0 44 
1 I 353443 44 
2 I 464004 44 
3 I 487126 44 
4 I 505423 52 
5 I 577671 44 
6 I 583404 52 
7 I 623311 44 
8 I 624472 44 
9 I 700623 44 
10 I 701684 44 
11 I 738552 44 
12 I 817175 44 
13 I 17036564 52 
14 I 17174853 44 
15 I 47311801 44 
16 I 51293066 70 
17 I 51498568 44 
18 I 51747429 101 
19 I 79137867 44 
20 I 79141937 52 
21 I 79265358 44 
22 I 109324311 44 
23 I 119447242 44 
24 I 119451289 52 
25 I 119567782 44 
26 I 149625432 44 
27 I 166339485 44 
28 I 166343567 52 
29 I 166460960 44 
30 I 177487158 52 
31 I 177629406 44 
32 I 200065988 44 
33 I 207696559 44 
34 I 219579117 44 
35 I 219583078 44 
36 I 219587257 52 
37 I 219701608 44 
38 I 232295190 70 
39 I 232497711 44 
40 I 233164875 101 
41 I 249759956 44 
42 I 260298303 44 
43 I 260302248 52 
44 I 260442517 44 
