0 I 0 44 
1 I 5738314 81 
2 I 26233650 44 
3 I 26775920 114 
4 I 28931732 44 
5 I 30737001 105 
6 I 31061074 194 
7 I 35101943 44 
8 I 36071864 44 
9 I 37273905 44 
10 I 37274114 44 
11 I 37319012 52 
12 I 37319325 52 
13 I 37436963 44 
14 I 37458904 44 
15 I 45228116 123 
16 I 46571796 115 
17 I 49750821 101 
18 I 52075063 95 
19 I 56612700 44 
20 I 57992615 44 
21 I 63663077 44 
22 I 77576296 142 
23 I 81984959 44 
24 I 85171544 44 
25 I 86451109 44 
26 I 86451225 44 
27 I 86480962 52 
28 I 86541198 44 
29 I 88913774 44 
30 I 92003241 97 
31 I 93083894 44 
32 I 95086730 80 
33 I 96806808 84 
34 I 100054158 44 
35 I 105991158 86 
36 I 106411200 101 
37 I 108074545 261 
38 I 115629252 169 
39 I 116430119 89 
40 I 116594070 44 
41 I 120826019 89 
42 I 122443731 104 
43 I 125949008 99 
44 I 130330225 107 
45 I 130983862 101 
46 I 134765892 99 
47 I 137628529 80 
48 I 140526278 119 
49 I 142246215 44 
50 I 142246889 52 
51 I 142312926 44 
52 I 142538618 103 
53 I 144005807 44 
54 I 145469026 52 
55 I 145538441 44 
56 I 152105920 81 
57 I 158772259 194 
58 I 159101484 75 
59 I 159756272 44 
60 I 162920178 88 
61 I 163985425 102 
62 I 165288704 91 
63 I 169143577 90 
64 I 169322416 88 
65 I 172358860 44 
66 I 172383345 112 
67 I 175593230 44 
68 I 177399788 44 
69 I 177400944 44 
70 I 177401153 52 
71 I 177460072 44 
72 I 179449870 139 
73 I 181719157 85 
74 I 192217492 44 
75 I 192766939 109 
76 I 194507523 44 
77 I 196867657 44 
78 I 204532761 139 
79 I 205247907 44 
80 I 207530072 44 
81 I 212626586 194 
82 I 213210242 97 
83 I 218791891 95 
84 I 222577103 170 
85 I 228548715 44 
86 I 232648247 44 
87 I 232677468 52 
88 I 232734376 44 
89 I 234065028 107 
90 I 237050633 92 
91 I 248667060 136 
92 I 251842139 77 
93 I 252199604 44 
94 I 255209539 44 
95 I 263543308 141 
96 I 265911568 44 
97 I 269764056 44 
98 I 270580256 44 
99 I 270780007 52 
100 I 270842091 44 
101 I 271728044 97 
102 I 273241122 84 
103 I 274100069 124 
104 I 284491948 220 
105 I 291151154 44 
