0 I 0 109 
1 I 3156701 44 
2 I 9191146 96 
3 I 14878793 44 
4 I 14878876 44 
5 I 14890880 52 
6 I 16114807 44 
7 I 16420713 106 
8 I 32240359 120 
9 I 32597928 89 
10 I 46170788 44 
11 I 48239682 119 
12 I 60358042 76 
13 I 61856758 89 
14 I 62085009 44 
15 I 62097357 52 
16 I 62466707 44 
17 I 63779380 115 
18 I 65024846 217 
19 I 65987656 80 
20 I 68296852 82 
21 I 95268560 44 
22 I 115932011 44 
23 I 115942087 52 
24 I 118585924 44 
25 I 148608878 44 
26 I 151959118 44 
27 I 154762984 52 
28 I 157615928 44 
29 I 164245848 52 
30 I 167237645 44 
31 I 167612112 52 
32 I 176570956 44 
33 I 178658034 44 
34 I 178664690 44 
35 I 178675291 52 
36 I 180325306 44 
37 I 180332806 52 
38 I 180692821 44 
39 I 180701932 44 
40 I 181987399 44 
41 I 181989918 44 
42 I 182347860 44 
43 I 183668126 44 
44 I 226107265 52 
45 I 226474225 44 
46 I 248903804 70 
47 I 249194793 44 
48 I 256509319 44 
49 I 261986642 44 
50 I 261986785 52 
51 I 262209116 44 
52 I 292243582 44 
