0 I 0 81 
1 I 21224873 114 
2 I 40513610 123 
3 I 87348982 97 
4 I 90376688 80 
5 I 92071597 84 
6 I 99866776 86 
7 I 101541898 101 
8 I 103403528 261 
9 I 104568536 70 
10 I 104738117 44 
11 I 111817621 89 
12 I 116528693 89 
13 I 121309364 99 
14 I 132958318 80 
15 I 135875077 119 
16 I 147447400 81 
17 I 150634418 194 
18 I 154007532 75 
19 I 159274792 102 
20 I 164645159 88 
21 I 174814330 139 
22 I 176971141 85 
23 I 199911324 139 
24 I 214186049 95 
25 I 229281767 107 
26 I 232338140 92 
27 I 247137526 77 
28 I 267013244 97 
29 I 268517348 84 
30 I 279746194 220 
31 I 285560994 70 
32 I 285738529 44 
