0 I 0 48 
1 I 261411 44 
2 I 541752 44 
3 I 543507 44 
4 I 865785 48 
5 I 1128917 44 
6 I 2724089 48 
7 I 2988435 44 
8 I 2991148 44 
9 I 3020243 44 
10 I 3283055 44 
11 I 7126386 44 
12 I 7126753 48 
13 I 7388993 44 
14 I 7432948 48 
15 I 7653994 44 
16 I 7654206 44 
17 I 7696738 44 
18 I 7698586 44 
19 I 7910224 48 
20 I 8168621 48 
21 I 8173873 44 
22 I 8310842 48 
23 I 8431731 44 
24 I 8438553 44 
25 I 8438782 44 
26 I 8488460 48 
27 I 8573598 44 
28 I 8697386 44 
29 I 8697664 44 
30 I 8749960 44 
31 I 8935177 48 
32 I 8935393 44 
33 I 9092970 44 
34 I 9093223 44 
35 I 9198203 44 
36 I 9482283 44 
37 I 9485198 44 
38 I 9558337 44 
39 I 9559325 44 
40 I 10152292 48 
41 I 10247726 48 
42 I 10414189 44 
43 I 10509877 44 
44 I 10680127 44 
45 I 10680336 44 
46 I 10773050 44 
47 I 10776680 44 
48 I 12088432 48 
49 I 12092100 48 
50 I 12296468 48 
51 I 12351654 44 
52 I 12356607 44 
53 I 12559555 44 
54 I 12633330 44 
55 I 12633581 44 
56 I 12677972 48 
57 I 12728741 48 
58 I 12782965 44 
59 I 12783127 44 
60 I 12827839 44 
61 I 12828222 44 
62 I 12940321 44 
63 I 12943596 44 
64 I 12993296 44 
65 I 13262259 44 
66 I 13262373 44 
67 I 13851740 48 
68 I 13931518 48 
69 I 14059967 44 
70 I 14060375 48 
71 I 14116861 44 
72 I 14140719 48 
73 I 14193996 44 
74 I 14325088 44 
75 I 14384564 44 
76 I 14384881 44 
77 I 14403482 44 
78 I 14458306 44 
79 I 14458531 44 
80 I 14620562 48 
81 I 14668530 44 
82 I 14668530 44 
83 I 14668714 44 
84 I 14853230 44 
85 I 14854332 44 
86 I 14883660 44 
87 I 15149394 44 
88 I 15149807 44 
89 I 16030155 48 
90 I 16157110 48 
91 I 16236482 48 
92 I 16293622 44 
93 I 16318156 48 
94 I 16337342 48 
95 I 16419146 44 
96 I 16499394 44 
97 I 16561653 44 
98 I 16561908 44 
99 I 16580117 44 
100 I 16601271 44 
101 I 16689795 44 
102 I 16689979 44 
103 I 16702325 48 
104 I 16768568 44 
105 I 16768855 44 
106 I 16844847 44 
107 I 16845034 44 
108 I 16964780 44 
109 I 17053654 44 
110 I 17053858 44 
111 I 18696895 44 
112 I 18697201 44 
113 I 19782350 48 
114 I 20044545 44 
115 I 20046231 44 
116 I 20313679 44 
117 I 27940295 48 
118 I 28201851 44 
119 I 29344191 44 
120 I 29344437 44 
121 I 30086526 48 
122 I 30278975 48 
123 I 30348887 44 
124 I 30351245 44 
125 I 30540566 44 
126 I 30543522 44 
127 I 30810164 44 
