0 I 0 44 
1 I 22352 52 
2 I 617103 44 
3 I 10574185 44 
4 I 27135398 116 
5 I 32994890 222 
6 I 46215528 44 
7 I 54470380 44 
8 I 59735915 44 
9 I 60977238 44 
10 I 71273472 102 
11 I 73041689 94 
12 I 95043396 44 
13 I 95059987 52 
14 I 95632253 44 
15 I 116075177 44 
16 I 138825406 44 
17 I 140031164 111 
18 I 171413764 44 
19 I 173165280 44 
20 I 187638491 44 
21 I 187659618 52 
22 I 188222606 44 
23 I 198514688 477 
24 I 205163508 120 
25 I 210904929 44 
26 I 218268516 44 
27 I 222987386 222 
28 I 224144708 107 
29 I 235755959 94 
30 I 267894966 44 
31 I 277685328 44 
