0 I 0 81 
1 I 16539995 44 
2 I 21202478 114 
3 I 25235308 89 
4 I 40471549 123 
5 I 46355169 44 
6 I 47746465 44 
7 I 52716822 44 
8 I 52730772 52 
9 I 53501160 44 
10 I 67884336 44 
11 I 80174255 87 
12 I 83173605 87 
13 I 87231823 97 
14 I 90559834 80 
15 I 92856200 84 
16 I 99788650 86 
17 I 101893081 44 
18 I 102172951 101 
19 I 102369130 44 
20 I 103566075 44 
21 I 104371142 261 
22 I 106955880 88 
23 I 109151337 44 
24 I 109460590 87 
25 I 112030803 44 
26 I 112267451 89 
27 I 114316161 44 
28 I 114668388 112 
29 I 116122996 89 
30 I 119922176 44 
31 I 121237411 99 
32 I 130796223 94 
33 I 132827930 80 
34 I 135813985 119 
35 I 147051982 52 
36 I 147423749 81 
37 I 147451397 44 
38 I 150554652 194 
39 I 153945751 75 
40 I 159260320 102 
41 I 162704524 44 
42 I 164533163 88 
43 I 165350098 52 
44 I 166778756 44 
45 I 169523310 44 
46 I 169544863 44 
47 I 170201615 56 
48 I 170201695 44 
49 I 173659809 56 
50 I 173659928 44 
51 I 174922096 139 
52 I 176928846 85 
53 I 182444073 44 
54 I 197994050 44 
55 I 199776540 139 
56 I 214517676 95 
57 I 222461328 44 
58 I 228497156 44 
59 I 228632212 44 
60 I 229202038 107 
61 I 232306012 92 
62 I 240021435 44 
63 I 240035426 44 
64 I 240063662 52 
65 I 242248651 44 
66 I 247041085 77 
67 I 256895051 44 
68 I 266928349 97 
69 I 268463579 84 
70 I 273745119 96 
71 I 279674227 220 
72 I 286660158 44 
73 I 287819262 52 
74 I 288232954 44 
75 I 288869719 44 
76 I 288947416 44 
77 I 289295949 44 
78 I 289296760 52 
79 I 289533877 44 
80 I 289534277 52 
81 I 289926421 44 
82 I 290060230 44 
83 I 290360432 44 
84 I 290443447 44 
85 I 290472243 44 
86 I 291312124 44 
