0 I 0 56 
1 I 2 44 
2 I 2321881 56 
3 I 2321886 44 
4 I 4790714 56 
5 I 4790827 44 
6 I 4801759 44 
7 I 4801811 44 
8 I 5428136 56 
9 I 5428138 44 
10 I 7351471 108 
11 I 10328032 52 
12 I 11784963 56 
13 I 11785023 44 
14 I 12393372 56 
15 I 12393373 44 
16 I 13818079 56 
17 I 13818250 44 
18 I 13927593 123 
19 I 15271622 74 
20 I 18778913 139 
21 I 19717725 143 
22 I 20129307 103 
23 I 23256292 133 
24 I 26739900 92 
25 I 29345876 91 
26 I 30903552 109 
27 I 39315427 44 
28 I 39588553 103 
29 I 42619763 128 
30 I 43842820 44 
31 I 45716482 128 
32 I 45758944 98 
33 I 47104527 44 
34 I 48780936 107 
35 I 53192989 103 
36 I 54926404 90 
37 I 56763036 98 
38 I 61905064 116 
39 I 70338307 70 
40 I 72197278 44 
41 I 72491412 131 
42 I 79552489 93 
43 I 90272203 44 
44 I 90272547 52 
45 I 91251461 96 
46 I 91809866 44 
47 I 93506453 106 
48 I 94404012 105 
49 I 94725150 52 
50 I 96100863 141 
51 I 96682506 44 
52 I 99201370 141 
53 I 99608481 44 
54 I 100264956 44 
55 I 103114650 116 
56 I 106557682 44 
57 I 107493421 127 
58 I 110091581 81 
59 I 114923971 133 
60 I 115251027 56 
61 I 115251159 44 
62 I 118118316 159 
63 I 122517893 94 
64 I 124804779 131 
65 I 125467277 44 
66 I 125498317 119 
67 I 129053881 56 
68 I 129053881 44 
69 I 129152236 131 
70 I 131405869 86 
71 I 133555967 92 
72 I 136128719 91 
73 I 136643065 56 
74 I 136643151 44 
75 I 136770856 56 
76 I 136770856 44 
77 I 142118960 81 
78 I 144614703 226 
79 I 147111858 44 
80 I 147528270 75 
81 I 150843074 182 
82 I 153475206 213 
83 I 155133370 80 
84 I 156680450 77 
85 I 159024293 52 
86 I 159697535 44 
87 I 159804193 44 
88 I 160382256 161 
89 I 162738424 108 
90 I 164419827 44 
91 I 165058722 106 
92 I 169146524 259 
93 I 169383731 44 
94 I 169400167 44 
95 I 171559484 44 
96 I 172911305 92 
97 I 173465876 52 
98 I 175210345 103 
99 I 176443653 44 
100 I 176826776 52 
101 I 177294703 44 
102 I 177392708 44 
103 I 179662162 44 
104 I 179678945 52 
105 I 180511270 103 
106 I 182081316 44 
107 I 182130226 44 
108 I 182720673 175 
109 I 183169179 44 
110 I 183169639 52 
111 I 184018129 44 
112 I 184066723 44 
113 I 184433648 44 
114 I 184450003 52 
115 I 185123465 44 
116 I 185139979 44 
117 I 185693499 112 
118 I 186288172 52 
119 I 186290004 44 
120 I 188198360 89 
121 I 188213875 44 
122 I 188216037 44 
123 I 191126774 44 
124 I 191750698 44 
125 I 193159000 44 
126 I 193159874 52 
127 I 194249184 44 
128 I 194267216 44 
129 I 195032221 44 
130 I 195033015 52 
131 I 195850400 44 
132 I 203654213 121 
133 I 210509860 127 
134 I 210710045 44 
135 I 211844759 85 
136 I 215016021 78 
137 I 218553331 130 
138 I 220845571 44 
139 I 222102324 98 
140 I 222764563 44 
141 I 222780482 52 
142 I 223470478 102 
143 I 224110698 44 
144 I 224143695 44 
145 I 225167879 93 
146 I 225664222 44 
147 I 225681709 52 
148 I 226368729 174 
149 I 226897965 44 
150 I 226899464 44 
151 I 227298035 81 
152 I 228161500 44 
153 I 228162347 52 
154 I 229655953 44 
155 I 229780758 44 
156 I 229804233 44 
157 I 230771206 44 
158 I 230788609 52 
159 I 230819465 44 
160 I 230836173 52 
161 I 232693990 44 
162 I 232726938 44 
163 I 232806121 44 
164 I 233050638 74 
165 I 233558602 44 
166 I 233878151 94 
167 I 234397808 81 
168 I 235287202 212 
169 I 238203895 44 
170 I 238969247 241 
171 I 239562418 44 
172 I 240409748 44 
173 I 241594201 238 
174 I 246897152 84 
175 I 247310363 52 
176 I 248017629 44 
177 I 248018959 44 
178 I 248229645 44 
179 I 248239922 44 
180 I 248254598 119 
181 I 248319915 44 
182 I 248335204 52 
183 I 248494467 44 
184 I 248495336 52 
185 I 248606537 129 
186 I 248768962 44 
187 I 248784367 44 
188 I 248946284 44 
189 I 248962967 44 
190 I 249104822 44 
191 I 249393128 44 
192 I 249444301 87 
193 I 257235193 110 
194 I 258369727 120 
195 I 259270240 94 
196 I 261003896 111 
197 I 262364102 44 
198 I 262503660 100 
199 I 268629138 123 
200 I 270400765 91 
201 I 271257069 87 
202 I 272911458 91 
203 I 275079064 79 
204 I 276417835 91 
205 I 277710325 96 
206 I 278518129 260 
207 I 279318433 98 
208 I 281217120 95 
209 I 283114876 52 
210 I 285645574 56 
211 I 285645576 44 
212 I 285792788 105 
213 I 291711869 112 
214 I 294228117 113 
215 I 295155398 44 
216 I 295920677 86 
