0 I 0 112 
1 I 3376931 95 
2 I 8728224 79 
3 I 47705860 99 
4 I 70286002 119 
5 I 85307138 266 
6 I 94879888 70 
7 I 95073703 44 
8 I 127160957 83 
9 I 133269485 116 
10 I 140918130 118 
11 I 144507595 111 
12 I 147895301 88 
13 I 189344979 103 
14 I 198213623 130 
15 I 200203198 105 
16 I 204511139 115 
17 I 212160295 85 
18 I 214895863 102 
19 I 220243461 95 
20 I 243262575 116 
21 I 256015933 81 
22 I 257311300 99 
23 I 258988632 145 
24 I 273929613 200 
25 I 275890432 70 
26 I 276094325 44 
27 I 284313391 81 
28 I 290737001 123 
