0 I 0 56 
1 I 66777 56 
2 I 4110147 81 
3 I 25334672 114 
4 I 40497367 70 
5 I 40681699 44 
6 I 44617639 123 
7 I 61744861 68 
8 I 61811780 56 
9 I 61827115 219 
10 I 61827545 1424 
11 I 61894164 1424 
12 I 61894277 1424 
13 I 61961242 1424 
14 I 61961349 1424 
15 I 61961472 1424 
16 I 61961588 1424 
17 I 61961703 1424 
18 I 62029066 1424 
19 I 62029205 1424 
20 I 62029302 1424 
21 I 62029432 1424 
22 I 62029559 1424 
23 I 62029668 1424 
24 I 62029787 1424 
25 I 62029904 1424 
26 I 62030009 1424 
27 I 62096305 1424 
28 I 62096354 653 
29 I 62096367 1424 
30 I 91429558 97 
31 I 91870777 56 
32 I 91937491 56 
33 I 94468413 80 
34 I 96191149 84 
35 I 103974525 86 
36 I 105645415 101 
37 I 107531255 261 
38 I 115881049 89 
39 I 118070542 68 
40 I 118137376 56 
41 I 118140643 294 
42 I 118142187 1214 
43 I 120288934 89 
44 I 125347723 99 
45 I 137028810 80 
46 I 139919998 119 
47 I 148178177 56 
48 I 148244883 56 
49 I 151549039 81 
50 I 153982644 68 
51 I 154049525 56 
52 I 154063196 331 
53 I 154063446 1424 
54 I 154129913 1424 
55 I 154130043 1424 
56 I 154197037 1424 
57 I 154197144 1424 
58 I 154197206 1424 
59 I 154197334 1424 
60 I 154197438 1424 
61 I 154263896 1424 
62 I 154264007 1424 
63 I 154264124 1424 
64 I 154264242 1424 
65 I 154264346 1424 
66 I 154264463 1424 
67 I 154264580 1424 
68 I 154264629 1103 
69 I 154744758 194 
70 I 158111404 75 
71 I 163450435 102 
72 I 168726840 88 
73 I 179799060 139 
74 I 181613117 85 
75 I 184111689 56 
76 I 184178098 56 
77 I 204018980 139 
78 I 218248713 95 
79 I 221557433 70 
80 I 221745745 44 
81 I 233391494 107 
82 I 236471337 92 
83 I 248438243 68 
84 I 248505084 56 
85 I 248518868 331 
86 I 248519226 1424 
87 I 248585770 1424 
88 I 248586006 1424 
89 I 248652833 1424 
90 I 248652925 1424 
91 I 248653032 1424 
92 I 248653148 1424 
93 I 248653263 1424 
94 I 248719869 1424 
95 I 248719974 1424 
96 I 248720138 1424 
97 I 248720232 1424 
98 I 248720348 1424 
99 I 248720464 1424 
100 I 248720577 195 
101 I 248720608 1424 
102 I 251242446 77 
103 I 272295894 97 
104 I 272651408 84 
105 I 278558754 56 
106 I 278625819 56 
107 I 283901782 220 
