0 I 0 52 
1 I 1024421 52 
2 I 2160524 44 
3 I 2160732 44 
4 I 2177567 44 
5 I 2177809 44 
6 I 4865866 52 
7 I 5489433 44 
8 I 5496353 44 
9 I 11044637 52 
10 I 11299946 44 
11 I 11300728 44 
12 I 11300852 44 
13 I 12062640 44 
14 I 19848298 52 
15 I 22024505 44 
16 I 22024728 44 
17 I 24377858 52 
18 I 25913141 44 
19 I 25913327 44 
20 I 28555950 1068 
21 I 28556027 1068 
22 I 28556176 1068 
23 I 28556249 1068 
24 I 28556325 1068 
25 I 28556500 1136 
26 I 28556612 1068 
27 I 28556662 1068 
28 I 28556749 1068 
29 I 28557945 1144 
30 I 28558024 1068 
31 I 29899515 533 
32 I 33037662 52 
33 I 34236695 52 
34 I 36509389 44 
35 I 36509670 44 
36 I 37507910 44 
37 I 39375559 52 
38 I 41878438 44 
39 I 44049512 52 
40 I 45657251 44 
41 I 45683586 56 
42 I 45685021 44 
43 I 45894974 44 
44 I 55514331 44 
45 I 61435769 44 
46 I 63326082 44 
47 I 68458737 44 
48 I 68458885 44 
49 I 74285002 52 
50 I 74704714 44 
51 I 74750652 44 
52 I 80479049 44 
53 I 84642006 44 
54 I 84642119 44 
55 I 89223680 44 
56 I 119361859 1068 
57 I 119361940 1068 
58 I 119362016 1068 
59 I 119362135 1068 
60 I 119362212 1068 
61 I 119362410 1176 
62 I 119362484 1068 
63 I 119362575 1068 
64 I 119362686 1068 
65 I 119363846 1140 
66 I 119363974 1068 
67 I 120721693 874 
68 I 129828999 52 
69 I 130138627 44 
70 I 130661589 52 
71 I 133239024 44 
72 I 133239354 44 
73 I 140089933 44 
74 I 140090796 44 
75 I 143258553 52 
76 I 143598713 44 
77 I 143649160 56 
78 I 143651453 44 
79 I 146397819 52 
80 I 153391015 44 
81 I 153409124 44 
82 I 156080923 52 
83 I 156370363 44 
84 I 156417743 44 
85 I 162947899 52 
86 I 164916958 44 
87 I 164954182 44 
88 I 166647735 56 
89 I 166650060 44 
90 I 166902318 52 
91 I 172795107 1068 
92 I 172795163 1068 
93 I 172795269 1068 
94 I 172795337 1068 
95 I 172795476 1068 
96 I 172795741 1173 
97 I 172795841 1068 
98 I 172795901 1068 
99 I 172796101 1068 
100 I 172797150 1194 
101 I 172797314 1068 
102 I 173593466 44 
103 I 173593650 44 
104 I 174138138 317 
105 I 176708476 44 
106 I 178124691 52 
107 I 187719263 44 
108 I 190582457 44 
109 I 192003009 52 
110 I 193801153 44 
111 I 198908841 44 
112 I 199526446 1068 
113 I 199526515 1068 
114 I 199526610 1068 
115 I 199526694 1068 
116 I 199526804 1068 
117 I 199526978 1085 
118 I 199527057 1068 
119 I 199527158 1068 
120 I 199527227 1068 
121 I 199528298 1120 
122 I 199528403 1068 
123 I 200919320 317 
124 I 206152588 44 
125 I 206153403 44 
126 I 206153403 44 
127 I 206153617 44 
128 I 212363254 52 
129 I 212687476 44 
130 I 213275345 52 
131 I 216892059 44 
132 I 216892251 44 
133 I 216894295 1068 
134 I 216894393 1068 
135 I 216894465 1068 
136 I 216894559 1068 
137 I 216894610 1068 
138 I 216894735 1085 
139 I 216894815 1068 
140 I 216894909 1068 
141 I 216895021 1068 
142 I 216896055 1088 
143 I 216896190 1068 
144 I 218125028 244 
145 I 231698897 1068 
146 I 231698969 1068 
147 I 231699064 1068 
148 I 231699148 1068 
149 I 231699273 1068 
150 I 231699389 1088 
151 I 231699484 1068 
152 I 231699554 1068 
153 I 231699636 1068 
154 I 231700694 1091 
155 I 231700785 1068 
156 I 232909639 136 
157 I 235139706 52 
158 I 235396096 52 
159 I 235507027 44 
160 I 235507198 44 
161 I 235684907 44 
162 I 235733928 56 
163 I 235736303 44 
164 I 237798778 1068 
165 I 237798877 1068 
166 I 237799002 1068 
167 I 237799085 1068 
168 I 237799177 1068 
169 I 237799342 1088 
170 I 237799462 1068 
171 I 237799564 1068 
172 I 237799647 1068 
173 I 237800616 1091 
174 I 237800704 1068 
175 I 239157484 136 
176 I 243463631 1068 
177 I 243463760 1068 
178 I 243463890 1068 
179 I 243463974 1068 
180 I 243464075 1068 
181 I 243464398 1201 
182 I 243464475 1068 
183 I 243464554 1068 
184 I 243464654 1068 
185 I 243465852 1091 
186 I 243465968 1068 
187 I 244534391 44 
188 I 244534593 44 
189 I 244662743 136 
190 I 247400456 52 
191 I 250234047 1068 
192 I 250234124 1068 
193 I 250234219 1068 
194 I 250234304 1068 
195 I 250234429 1068 
196 I 250234627 1201 
197 I 250234808 1068 
198 I 250234846 1068 
199 I 250234904 1068 
200 I 250235927 1250 
201 I 250235971 916 
202 I 250681403 44 
203 I 250681635 44 
204 I 250954395 52 
205 I 251643420 44 
206 I 251675061 56 
207 I 251677049 44 
208 I 259233570 44 
209 I 261182824 44 
210 I 261183018 44 
211 I 271316576 52 
212 I 273060964 52 
213 I 274870185 44 
214 I 274870437 44 
215 I 274870634 44 
216 I 274870914 44 
217 I 278439281 52 
218 I 278935325 52 
219 I 278940628 44 
220 I 279303481 44 
221 I 279303595 44 
222 I 279831856 52 
223 I 283066976 1068 
224 I 283067058 1068 
225 I 283067185 1068 
226 I 283067247 1068 
227 I 283067323 1068 
228 I 283067530 1113 
229 I 283067603 1068 
230 I 283067691 1068 
231 I 283067802 1068 
232 I 283068843 1225 
233 I 283068901 1068 
234 I 284392917 317 
235 I 284424951 44 
236 I 284425202 44 
237 I 289099158 52 
238 I 290059207 44 
239 I 290065049 44 
