0 I 0 52 
1 I 810668 44 
2 I 811411 44 
3 I 1229252 44 
4 I 1829995 52 
5 I 2671632 44 
6 I 2672475 44 
7 I 2880866 44 
8 I 45630916 52 
9 I 46021421 44 
10 I 46022064 44 
11 I 46230771 44 
12 I 49981279 52 
13 I 51331870 44 
14 I 51332552 44 
15 I 52469694 44 
16 I 75540946 52 
17 I 77581633 52 
18 I 78421683 44 
19 I 78422278 44 
20 I 78571710 44 
21 I 78573003 44 
22 I 79620451 44 
23 I 79680414 44 
24 I 105360180 52 
25 I 107072846 44 
26 I 107073567 44 
27 I 107339621 44 
28 I 173238576 52 
29 I 173920868 44 
30 I 173921837 44 
31 I 174268794 52 
32 I 174699718 44 
33 I 175081923 44 
34 I 175082726 44 
35 I 175316951 44 
36 I 245944612 52 
37 I 246401658 44 
38 I 246402939 44 
39 I 246970310 44 
