0 I 0 79 
1 I 6634338 106 
2 I 7701620 230 
3 I 7964752 77 
4 I 8194980 79 
5 I 9426711 144 
6 I 13844489 79 
7 I 14432829 75 
8 I 17181673 82 
9 I 17814043 77 
10 I 19954055 44 
11 I 21125095 44 
12 I 21360182 44 
13 I 21427730 44 
14 I 21469256 44 
15 I 21549697 52 
16 I 21557406 52 
17 I 21569913 44 
18 I 21574871 52 
19 I 21598485 44 
20 I 21599559 44 
21 I 21648096 44 
22 I 21675629 44 
23 I 21676894 44 
24 I 21724525 44 
25 I 21736851 44 
26 I 21737817 44 
27 I 21782563 44 
28 I 22314998 52 
29 I 22363273 44 
30 I 24945573 179 
31 I 31503392 134 
32 I 32865746 80 
33 I 33093713 152 
34 I 43658970 89 
35 I 43818205 97 
36 I 44440603 74 
37 I 45189059 89 
38 I 46325867 106 
39 I 49555356 162 
40 I 51650541 44 
41 I 51695960 140 
42 I 51899547 111 
43 I 53620998 44 
44 I 54190140 44 
45 I 54195333 52 
46 I 54199515 52 
47 I 54243610 44 
48 I 54296369 44 
49 I 59982767 238 
50 I 60329570 44 
51 I 61224811 84 
52 I 61618200 76 
53 I 63928219 110 
54 I 79073168 74 
55 I 81329118 120 
56 I 86113602 79 
57 I 88339664 44 
58 I 96265536 74 
59 I 97453157 113 
60 I 98774880 111 
61 I 101868789 74 
62 I 105722230 91 
63 I 107437672 118 
64 I 107516827 153 
65 I 110375051 44 
66 I 110729061 76 
67 I 114266998 76 
68 I 116085794 82 
69 I 117759415 44 
70 I 119675205 81 
71 I 121221014 167 
72 I 124069174 116 
73 I 127045480 44 
74 I 128550218 149 
75 I 130488776 114 
76 I 136779293 44 
77 I 140928367 101 
78 I 141157071 115 
79 I 141394271 218 
80 I 144504172 122 
81 I 146469411 44 
82 I 148031178 77 
83 I 149148721 136 
84 I 152957303 120 
85 I 154493046 262 
86 I 155709054 44 
87 I 157076339 121 
88 I 157287103 94 
89 I 161217564 44 
90 I 162011693 139 
91 I 162356085 44 
92 I 163343638 85 
93 I 169656246 141 
94 I 171315480 44 
95 I 172837997 126 
96 I 176413502 119 
97 I 178652840 44 
98 I 181268690 108 
99 I 182411186 76 
100 I 186420983 44 
101 I 189043736 44 
102 I 189491556 100 
103 I 193422071 76 
104 I 202251785 52 
105 I 202301217 44 
106 I 204520809 52 
107 I 204549709 44 
108 I 204571345 44 
109 I 208905756 197 
110 I 212445051 75 
111 I 215511002 148 
112 I 219214086 78 
113 I 221323232 78 
114 I 222345127 80 
115 I 223501781 78 
116 I 225041334 44 
117 I 227901831 152 
118 I 233159381 75 
119 I 234620466 44 
120 I 234687975 44 
121 I 237304034 44 
122 I 239519594 95 
123 I 240399154 52 
124 I 240449052 44 
125 I 241486667 148 
126 I 242915963 72 
127 I 246865954 135 
128 I 250100035 118 
129 I 251669282 44 
130 I 253365529 75 
131 I 253651512 119 
132 I 262520271 44 
133 I 269597730 44 
134 I 274999461 44 
135 I 277409174 119 
136 I 281924135 52 
137 I 281929658 52 
138 I 281977345 44 
139 I 282030749 44 
140 I 288367338 44 
141 I 291582365 162 
142 I 291878283 153 
143 I 292305904 79 
144 I 293122237 44 
145 I 293423423 78 
146 I 294158186 114 
