0 I 0 84 
1 I 8177230 115 
2 I 11353658 97 
3 I 13884993 97 
4 I 17596525 97 
5 I 25047181 116 
6 I 27783083 44 
7 I 29635720 144 
8 I 34289840 44 
9 I 40291049 92 
10 I 41309074 79 
11 I 47051246 168 
12 I 57624228 44 
13 I 57660042 112 
14 I 63546679 83 
15 I 64404807 111 
16 I 65512530 44 
17 I 66312110 81 
18 I 67139547 111 
19 I 72491554 44 
20 I 73758225 87 
21 I 74641942 44 
22 I 76577652 80 
23 I 78480604 98 
24 I 79167872 44 
25 I 81521416 198 
26 I 84421610 96 
27 I 89303504 99 
28 I 93481847 95 
29 I 94042216 44 
30 I 100700405 91 
31 I 100893202 76 
32 I 104262530 90 
33 I 107035638 44 
34 I 120429561 44 
35 I 121510333 82 
36 I 122510322 76 
37 I 123284196 90 
38 I 134917229 78 
39 I 144804912 44 
40 I 150249087 103 
41 I 150249239 44 
42 I 150299550 44 
