0 I 0 44 
1 I 1766 52 
2 I 56027 44 
3 I 44322961 44 
4 I 90429304 44 
5 I 90431104 52 
6 I 90486168 44 
7 I 112634398 70 
8 I 112767028 44 
9 I 117313907 44 
10 I 117320026 52 
11 I 117354787 44 
12 I 117359919 52 
13 I 117404074 44 
14 I 117404721 44 
15 I 117535779 44 
16 I 117536626 44 
17 I 117536671 44 
18 I 117540664 52 
19 I 117577662 44 
20 I 117601109 44 
21 I 117602052 44 
22 I 117641961 44 
23 I 122674550 101 
24 I 194953732 52 
25 I 195010311 44 
26 I 225074872 44 
27 I 270848307 52 
28 I 270903290 44 
