0 I 0 44 
1 I 181 44 
2 I 1248836 52 
3 I 1286046 44 
4 I 4807443 96 
5 I 6813065 44 
6 I 6813241 44 
7 I 18097386 44 
8 I 20888294 52 
9 I 20936072 44 
10 I 24574350 1068 
11 I 24574428 1068 
12 I 24574501 1068 
13 I 24574612 1068 
14 I 24574703 1068 
15 I 24614915 1075 
16 I 24614997 1068 
17 I 24615182 1068 
18 I 24620816 1068 
19 I 24620962 1260 
20 I 24621029 1068 
21 I 24657122 1068 
22 I 24657172 1068 
23 I 24657220 1068 
24 I 24659214 1124 
25 I 24659296 1068 
26 I 24659390 1068 
27 I 24659495 1068 
28 I 24663053 1068 
29 I 24663077 1183 
30 I 24672948 1068 
31 I 24673048 1068 
32 I 24673131 1068 
33 I 24695722 1068 
34 I 24695884 580 
35 I 24695894 1202 
36 I 31359646 44 
37 I 31359871 44 
38 I 42713724 52 
39 I 42761283 44 
40 I 53084519 44 
41 I 53084672 44 
42 I 56058706 52 
43 I 56094923 44 
44 I 56406963 52 
45 I 56476799 44 
46 I 56799603 110 
47 I 56799688 44 
48 I 56832657 44 
49 I 64822121 44 
50 I 64822376 44 
51 I 64826381 44 
52 I 64826619 44 
