0 I 0 64 
1 I 23226 56 
2 I 23402 423 
3 I 49934 68 
4 I 50515 68 
5 I 50714 56 
6 I 51310 56 
7 I 133047961 64 
8 I 133071696 56 
9 I 133071940 381 
10 I 133133379 56 
11 I 133136736 56 
12 I 133158253 56 
13 I 133161541 56 
14 I 133183406 56 
15 I 133186279 56 
16 I 133186653 68 
17 I 133186660 56 
18 I 133186687 56 
19 I 166058055 64 
20 I 166081169 56 
21 I 166081873 428 
22 I 166148971 56 
23 I 166149174 56 
24 I 166173883 56 
25 I 166174085 56 
26 I 166198883 56 
27 I 166199496 56 
28 I 166199503 56 
29 I 166223808 68 
30 I 166223817 56 
31 I 166224250 56 
32 I 187497271 64 
33 I 187520789 56 
34 I 187521006 427 
35 I 187562278 68 
36 I 187562285 68 
37 I 187562294 56 
38 I 187563003 56 
39 I 187650904 64 
40 I 187674004 56 
41 I 187674279 429 
42 I 187698819 68 
43 I 187698820 56 
44 I 187699422 56 
45 I 212557019 64 
46 I 212580796 56 
47 I 212581022 442 
48 I 212618230 68 
49 I 212618241 68 
50 I 212618244 56 
51 I 212658049 56 
