0 I 0 52 
1 I 661035 44 
2 I 661035 44 
3 I 3658962 44 
4 I 4776722 52 
5 I 7685952 52 
6 I 7778586 52 
7 I 8387471 44 
8 I 11868840 44 
9 I 11959891 52 
10 I 15279042 52 
11 I 18437081 44 
12 I 19187698 52 
13 I 19708270 44 
14 I 19793156 52 
15 I 20603436 44 
16 I 39250923 52 
17 I 39251689 52 
18 I 39263966 52 
19 I 39756674 44 
20 I 39758435 44 
21 I 39777979 44 
22 I 42727248 44 
23 I 51077612 52 
24 I 51293635 52 
25 I 51294147 52 
26 I 51601227 44 
27 I 51822581 44 
28 I 54051709 52 
29 I 54255295 52 
30 I 54780703 52 
31 I 54784537 44 
32 I 57280959 52 
33 I 57852105 44 
34 I 57852484 44 
35 I 60260892 44 
36 I 72361408 44 
37 I 78231649 44 
38 I 89462181 44 
39 I 111283058 44 
40 I 154445184 44 
