0 I 0 48 
1 I 301120 44 
2 I 4925683 44 
3 I 9363183 48 
4 I 9654827 44 
5 I 14677489 44 
6 I 26376641 48 
7 I 26564169 48 
8 I 26706286 44 
9 I 26837291 44 
10 I 30762146 44 
11 I 38528138 48 
12 I 38585874 48 
13 I 38798351 44 
14 I 38862405 44 
15 I 48028969 44 
16 I 52310182 48 
17 I 52410226 48 
18 I 52603203 44 
19 I 52724555 44 
20 I 58896201 44 
21 I 64753936 48 
22 I 64779720 48 
23 I 65025017 44 
24 I 65079395 44 
25 I 71801048 44 
26 I 72007695 44 
27 I 76734812 48 
28 I 77023902 44 
29 I 81308856 44 
30 I 88832323 48 
31 I 89122814 44 
32 I 92527036 44 
33 I 126073803 48 
34 I 126341309 44 
35 I 130298095 44 
36 I 135283658 48 
37 I 135560019 44 
38 I 146253991 44 
