0 I 0 64 
1 I 324915 56 
2 I 326308 1504 
3 I 326442 1504 
4 I 326561 1504 
5 I 3323042 1504 
6 I 9323327 1504 
7 I 9902721 1504 
8 I 9902845 1504 
9 I 14873640 1504 
10 I 15520856 1504 
11 I 15520983 1504 
12 I 15521101 1504 
13 I 16672997 1504 
14 I 19363818 1504 
15 I 20205668 1504 
16 I 20205791 1504 
17 I 28244221 1504 
18 I 44324994 1504 
19 I 45280899 1504 
20 I 46256093 1504 
21 I 46256215 1504 
22 I 46256335 1504 
23 I 47396886 1504 
24 I 48071084 1504 
25 I 48071207 1504 
26 I 48071289 1320 
27 I 48544661 1504 
28 I 48544781 1504 
29 I 48544906 1504 
30 I 48545029 1504 
31 I 51135327 1504 
32 I 56335592 1504 
