0 I 0 60 
1 I 45262 56 
2 I 47578 227 
3 I 47824 56 
4 I 92919 56 
5 I 26893055 60 
6 I 26938396 56 
7 I 26940098 227 
8 I 26940383 56 
9 I 26985612 56 
10 I 47453745 60 
11 I 48019830 56 
12 I 48020922 1424 
13 I 48021033 1424 
14 I 48021145 1424 
15 I 48562829 60 
16 I 48564339 1424 
17 I 48564461 1424 
18 I 48564570 1424 
19 I 48771448 95 
20 I 48771482 1424 
21 I 49126868 56 
22 I 49127579 332 
23 I 49127694 56 
24 I 49345622 56 
25 I 49690598 56 
26 I 49708432 60 
27 I 50269845 56 
28 I 50270805 56 
29 I 50270832 892 
30 I 50270835 1424 
31 I 50829533 56 
32 I 129429057 60 
33 I 129474450 56 
34 I 129475441 242 
35 I 129475564 56 
36 I 129521022 56 
37 I 169072750 60 
38 I 169159752 56 
39 I 169160776 211 
40 I 169161017 56 
41 I 169247900 56 
42 I 172839142 60 
43 I 172935726 56 
44 I 172936998 252 
45 I 172937111 56 
46 I 173015317 56 
47 I 174454006 60 
48 I 174565026 56 
49 I 174566267 252 
50 I 174566399 56 
51 I 174649998 56 
52 I 175572864 60 
53 I 175670198 56 
54 I 175671159 252 
55 I 175671547 56 
56 I 175767474 56 
57 I 176933882 60 
58 I 177034778 56 
59 I 177036031 252 
60 I 177036140 56 
61 I 177117103 56 
62 I 178594743 60 
63 I 178694820 56 
64 I 178695921 252 
65 I 178696076 56 
66 I 178781775 56 
67 I 180282029 60 
68 I 180368884 56 
69 I 180370248 252 
70 I 180370457 56 
71 I 180454915 56 
72 I 191797463 60 
73 I 191843115 56 
74 I 191844021 227 
75 I 191844246 56 
76 I 191889399 56 
77 I 197204582 60 
78 I 197250385 56 
79 I 197251742 1424 
80 I 197251865 1424 
81 I 197251977 1424 
82 I 197298766 1424 
83 I 197298784 463 
84 I 197345173 56 
85 I 197468875 60 
86 I 197514481 56 
87 I 197516461 56 
88 I 197516481 758 
89 I 197563201 56 
90 I 197576227 60 
91 I 197621708 56 
92 I 197622879 816 
93 I 197623025 56 
94 I 197668942 56 
95 I 197673956 60 
96 I 197719653 56 
97 I 197720351 350 
98 I 197720616 56 
99 I 197766165 56 
100 I 197785117 60 
101 I 197830739 56 
102 I 197831637 747 
103 I 197831803 56 
104 I 197877706 56 
105 I 198151838 60 
106 I 198201646 56 
107 I 198203376 227 
108 I 198203493 56 
109 I 198249284 56 
110 I 200938258 60 
111 I 201030039 56 
112 I 201031223 252 
113 I 201031305 56 
114 I 201107359 60 
115 I 201107480 56 
116 I 201152650 56 
117 I 201153824 252 
118 I 201153939 56 
119 I 201199460 56 
