0 I 0 60 
1 I 76578 56 
2 I 78120 283 
3 I 78121 56 
4 I 139446 60 
5 I 154679 56 
6 I 215867 56 
7 I 216908 282 
8 I 217264 56 
9 I 293215 56 
10 I 14954975 60 
11 I 15000827 56 
12 I 15001864 283 
13 I 15002028 56 
14 I 15047502 56 
15 I 35544420 60 
16 I 35621908 56 
17 I 35623398 280 
18 I 35623579 56 
19 I 35700028 56 
20 I 101072289 60 
21 I 101149529 56 
22 I 101150810 1424 
23 I 101150919 1424 
24 I 101151037 1424 
25 I 101235075 1424 
26 I 101235161 165 
27 I 101235189 1424 
28 I 101318880 56 
29 I 121399120 60 
30 I 121445010 56 
31 I 121472041 117 
32 I 121472077 1424 
33 I 121472844 1424 
34 I 121518762 436 
35 I 121564481 56 
36 I 136544062 60 
37 I 136590294 56 
38 I 136591456 1424 
39 I 136591571 1424 
40 I 136591684 1424 
41 I 136638478 1424 
42 I 136638619 1424 
43 I 136638726 1424 
44 I 136638824 1424 
45 I 136685633 1424 
46 I 136685638 685 
47 I 136732556 56 
48 I 138702461 60 
49 I 138790300 56 
50 I 138791154 239 
51 I 138791313 56 
52 I 138867590 56 
53 I 151737420 60 
54 I 151816040 56 
55 I 151817022 282 
56 I 151817133 56 
57 I 151893339 56 
58 I 156239039 60 
59 I 156284819 56 
60 I 156286138 1424 
61 I 156286238 1424 
62 I 156286359 1424 
63 I 156333206 1424 
64 I 156333321 1424 
65 I 156333442 1424 
66 I 156333525 86 
67 I 156333558 1424 
68 I 156380591 56 
69 I 187279783 60 
70 I 187325682 56 
71 I 187326471 283 
72 I 187326738 56 
73 I 187328561 60 
74 I 187372782 56 
75 I 187374448 56 
76 I 187375546 283 
77 I 187375748 56 
78 I 187421086 56 
79 I 206871929 60 
80 I 206948186 56 
81 I 206949249 282 
82 I 206949468 56 
83 I 207025283 56 
84 I 264638251 60 
85 I 264684501 56 
86 I 264685826 282 
87 I 264686052 56 
88 I 264731601 56 
89 I 278933544 60 
90 I 279025301 56 
91 I 279099453 576 
92 I 279099467 1424 
93 I 279099811 1200 
94 I 279099891 56 
95 I 279198067 1424 
96 I 279199058 56 
97 I 282088426 60 
98 I 282165777 56 
99 I 282167528 1424 
100 I 282167660 1424 
101 I 282167779 1424 
102 I 282252640 1424 
103 I 282252747 164 
104 I 282252758 1424 
105 I 282336497 56 
106 I 284076026 60 
107 I 284121800 56 
108 I 284126431 282 
109 I 284126542 56 
110 I 284172001 56 
