0 I 0 48 
1 I 559604 44 
2 I 958340 44 
3 I 2948808 44 
4 I 14789046 48 
5 I 15334449 44 
6 I 15745577 44 
7 I 23976994 44 
8 I 33095893 48 
9 I 33639225 44 
10 I 34035072 44 
11 I 37751657 44 
12 I 54118584 48 
13 I 54678663 44 
14 I 55081590 44 
15 I 57683064 44 
16 I 63007342 48 
17 I 63448254 44 
18 I 63826867 44 
19 I 66870858 44 
20 I 72356307 48 
21 I 72787429 44 
22 I 73162581 44 
23 I 75432218 44 
24 I 83639980 48 
25 I 84199614 44 
26 I 84618800 44 
27 I 88408027 44 
28 I 89619196 44 
29 I 105457972 48 
30 I 105911076 44 
31 I 106299100 44 
32 I 106299512 44 
33 I 108161184 44 
34 I 115436787 48 
35 I 115999564 44 
36 I 116400172 44 
37 I 123373572 44 
38 I 128322114 48 
39 I 128858391 44 
40 I 129270882 44 
41 I 132614752 44 
42 I 138999999 48 
43 I 139439500 44 
44 I 139851382 44 
45 I 142149804 44 
46 I 152318373 48 
47 I 152872341 44 
48 I 153296655 44 
49 I 155924161 44 
50 I 166478592 48 
51 I 167282439 44 
52 I 167697015 44 
53 I 184590443 48 
54 I 185034451 44 
55 I 185414182 44 
56 I 189431804 44 
57 I 197049073 48 
58 I 197468677 44 
59 I 197866034 44 
60 I 201738616 44 
61 I 212940840 48 
62 I 213675941 44 
63 I 214076111 44 
64 I 216125979 44 
65 I 225485822 48 
66 I 226049015 44 
67 I 226439190 44 
68 I 229847075 44 
69 I 235208544 48 
70 I 235711530 44 
71 I 236114719 44 
72 I 239526523 44 
73 I 246368046 48 
74 I 246922282 44 
75 I 247301054 44 
76 I 250461112 44 
77 I 259112410 48 
78 I 259816880 44 
79 I 260264658 44 
80 I 263716365 48 
81 I 265088710 44 
