0 I 0 56 
1 I 630094 56 
2 I 8580335 56 
3 I 10780343 56 
4 I 14020588 56 
5 I 20170619 56 
6 I 20740642 56 
7 I 23180818 56 
8 I 23390856 56 
9 I 25120785 56 
10 I 25560868 56 
11 I 27890857 56 
12 I 28050869 56 
13 I 62041932 56 
14 I 78462453 56 
15 I 87302733 56 
16 I 89592840 56 
17 I 95083209 56 
18 I 95532994 56 
19 I 120164017 56 
20 I 120794047 56 
21 I 128744041 56 
22 I 130944111 56 
23 I 134184395 56 
24 I 140334497 56 
25 I 140904417 56 
26 I 143344717 56 
27 I 143554520 56 
28 I 145284787 56 
29 I 145724721 56 
30 I 148054800 56 
31 I 148214649 56 
32 I 182205721 56 
33 I 183175752 56 
34 I 184955943 56 
35 I 188355961 56 
36 I 194996127 56 
37 I 198626291 56 
38 I 207466543 56 
39 I 208116587 56 
40 I 209756636 56 
41 I 215246829 56 
42 I 215696875 56 
43 I 234197597 56 
44 I 240327560 56 
45 I 240957558 56 
46 I 248907831 56 
47 I 251108035 56 
48 I 254348012 56 
49 I 260498282 56 
50 I 261068217 56 
51 I 263508275 56 
52 I 263718336 56 
53 I 265448334 56 
54 I 265888397 56 
55 I 268218435 56 
56 I 268378432 56 
