0 I 0 52 
1 I 121283 44 
2 I 121707 44 
3 I 576127 44 
4 I 30493669 52 
5 I 30517414 52 
6 I 30613827 44 
7 I 31094368 44 
8 I 32647047 44 
9 I 32659077 52 
10 I 32791256 44 
11 I 32791678 44 
12 I 32869112 44 
13 I 33157251 44 
14 I 72436543 52 
15 I 72589869 44 
16 I 73057930 44 
17 I 112462684 52 
18 I 112522570 52 
19 I 112631777 44 
20 I 112715379 44 
21 I 114100693 44 
22 I 114155604 44 
23 I 114485587 44 
24 I 147622388 52 
25 I 148025671 44 
26 I 148771338 44 
27 I 149648348 44 
28 I 223845192 52 
29 I 224297207 44 
30 I 224297799 44 
31 I 224428093 44 
