0 I 0 52 
1 I 240365 44 
2 I 1604756 44 
3 I 2055048 44 
4 I 2904830 44 
5 I 4554932 44 
6 I 7805233 44 
7 I 14255263 44 
8 I 21915140 44 
9 I 23565138 44 
10 I 26815524 44 
11 I 33265433 44 
12 I 37835494 44 
13 I 38285411 44 
14 I 39135504 44 
15 I 40785746 44 
16 I 44035483 44 
17 I 50485530 44 
18 I 55435975 44 
19 I 57085691 44 
20 I 60335753 44 
21 I 66785980 44 
22 I 76426268 44 
23 I 76876159 44 
24 I 77726191 44 
25 I 79376360 44 
26 I 82626130 44 
27 I 89076205 44 
28 I 97486539 44 
29 I 97936346 44 
30 I 98786668 44 
31 I 100446817 44 
32 I 103696431 44 
33 I 110146852 44 
34 I 115207028 44 
35 I 116856615 44 
36 I 120106986 44 
37 I 126556782 44 
38 I 136126953 44 
39 I 136577134 44 
40 I 137426944 44 
41 I 139077030 44 
42 I 142327095 44 
43 I 148777163 44 
