0 I 0 247 
1 I 34 1504 
2 I 655821 247 
3 I 655852 1504 
4 I 1296915 247 
5 I 1296946 1504 
6 I 1954166 247 
7 I 1954197 1504 
8 I 2608970 247 
9 I 2608999 1504 
10 I 3250564 247 
11 I 3250591 1504 
12 I 3906028 247 
13 I 3906062 1504 
14 I 4562646 1504 
15 I 4562650 247 
16 I 5203326 247 
17 I 5203360 1504 
18 I 5858963 247 
19 I 5858991 1504 
20 I 6500042 247 
21 I 6500074 1504 
22 I 7156959 1504 
23 I 7158198 247 
24 I 7813399 247 
25 I 7813429 1504 
26 I 8453185 247 
27 I 8453218 1504 
28 I 9109029 247 
29 I 9109059 1504 
30 I 9750240 247 
31 I 9750268 1504 
32 I 9811963 92 
33 I 10186706 44 
34 I 10406225 247 
35 I 10406255 1504 
36 I 11062706 247 
37 I 11062744 1504 
38 I 11703147 247 
39 I 11703178 1504 
40 I 12358992 247 
41 I 12359012 1504 
42 I 13000447 247 
43 I 13000479 1504 
44 I 13656130 247 
45 I 13656162 1504 
46 I 14312634 247 
47 I 14312662 1504 
48 I 14953353 247 
49 I 14953385 1504 
50 I 15609084 247 
51 I 15609104 1504 
52 I 16363295 1504 
53 I 16364449 247 
54 I 16906203 247 
55 I 16906236 1504 
56 I 17562128 247 
57 I 17562160 1504 
58 I 18203171 247 
59 I 18203205 1504 
60 I 18859434 247 
61 I 18859465 1504 
62 I 19516214 247 
63 I 19516246 1504 
64 I 20156156 247 
65 I 20156186 1504 
66 I 20812255 247 
67 I 20812286 1504 
68 I 21461999 1504 
69 I 21463468 247 
70 I 22109397 247 
71 I 22109416 1504 
72 I 22765836 247 
73 I 22765867 1504 
74 I 23406321 247 
75 I 23406357 1504 
76 I 24062155 247 
77 I 24062185 1504 
78 I 24703190 247 
79 I 24703220 1504 
80 I 25360232 247 
81 I 25360265 1504 
82 I 26015679 247 
83 I 26015711 1504 
84 I 26657160 247 
85 I 26657192 1504 
86 I 27312251 247 
87 I 27312282 1504 
88 I 27953410 247 
89 I 27953439 1504 
90 I 28609370 247 
91 I 28609401 1504 
92 I 29265696 247 
93 I 29265726 1504 
94 I 29907289 247 
95 I 29907320 1504 
96 I 30562152 247 
97 I 30562181 1504 
98 I 31203189 247 
99 I 31203221 1504 
100 I 31859345 247 
101 I 31859374 1504 
102 I 32515304 247 
103 I 32515335 1504 
104 I 33156446 247 
105 I 33156476 1504 
106 I 33812766 247 
107 I 33812799 1504 
108 I 34469003 247 
109 I 34469035 1504 
110 I 35109499 247 
111 I 35109531 1504 
112 I 35765283 247 
113 I 35765312 1504 
114 I 36406362 247 
115 I 36406395 1504 
116 I 37062538 247 
117 I 37062569 1504 
118 I 37718847 247 
119 I 37718881 1504 
120 I 38359458 247 
121 I 38359487 1504 
122 I 39015300 247 
123 I 39015330 1504 
124 I 39656330 247 
125 I 39656360 1504 
126 I 40313563 247 
127 I 40313594 1504 
128 I 40968836 247 
129 I 40968869 1504 
130 I 41609587 247 
131 I 41609619 1504 
132 I 42265286 247 
133 I 42265315 1504 
134 I 42906400 247 
135 I 42906431 1504 
136 I 43577971 247 
137 I 43578001 1504 
138 I 44218431 247 
139 I 44218458 1504 
140 I 44859682 247 
141 I 44859714 1504 
142 I 45515517 247 
143 I 45515539 1504 
144 I 46156346 247 
145 I 46156376 1504 
146 I 46812569 247 
147 I 46812600 1504 
148 I 47484020 247 
149 I 47484051 1504 
150 I 48109777 247 
151 I 48109808 1504 
152 I 48766440 247 
153 I 48766472 1504 
154 I 49421408 247 
155 I 49421438 1504 
156 I 50062580 247 
157 I 50062617 1504 
158 I 50655920 1504 
159 I 50659206 247 
160 I 50718464 1504 
161 I 50718488 247 
162 I 50744849 1504 
163 I 51359483 247 
164 I 51359514 1504 
165 I 52015494 247 
166 I 52015524 1504 
167 I 52671915 247 
168 I 52671945 1504 
169 I 53313101 247 
170 I 53313135 1504 
171 I 53968478 247 
172 I 53968510 1504 
173 I 54609541 247 
174 I 54609573 1504 
175 I 55265516 247 
176 I 55265543 1504 
177 I 55921432 247 
178 I 55921466 1504 
179 I 56562817 247 
180 I 56562848 1504 
181 I 57218607 247 
182 I 57218642 1504 
183 I 57859675 247 
184 I 57859705 1504 
185 I 58516693 247 
186 I 58516724 1504 
187 I 59238922 1504 
188 I 59240190 247 
189 I 59812680 247 
190 I 59812696 1504 
191 I 60468472 247 
192 I 60468503 1504 
193 I 61109546 247 
194 I 61109564 1504 
195 I 61765740 247 
196 I 61765772 1504 
197 I 62422020 247 
198 I 62422057 1504 
199 I 63062690 247 
200 I 63062720 1504 
201 I 63722454 247 
202 I 63722484 1504 
203 I 64375148 247 
204 I 64375178 1504 
205 I 65015785 247 
206 I 65015816 1504 
207 I 65671591 247 
208 I 65671627 1504 
209 I 66312788 247 
210 I 66312819 1504 
211 I 66968786 247 
212 I 66968817 1504 
213 I 67626211 247 
214 I 67626245 1504 
215 I 68265901 247 
216 I 68265931 1504 
217 I 68921771 247 
218 I 68921804 1504 
219 I 69562673 247 
220 I 69562701 1504 
221 I 70219016 247 
222 I 70219049 1504 
223 I 70874718 247 
224 I 70874752 1504 
225 I 71311881 92 
226 I 71515771 247 
227 I 71515803 1504 
228 I 72171629 247 
229 I 72171663 1504 
230 I 72812701 247 
231 I 72812731 1504 
232 I 73468818 247 
233 I 73468851 1504 
234 I 74125732 247 
235 I 74125762 1504 
236 I 74765788 247 
237 I 74765826 1504 
238 I 75422414 247 
239 I 75422446 1504 
240 I 76062696 247 
241 I 76062732 1504 
242 I 76718768 247 
243 I 76718800 1504 
244 I 77500462 1504 
245 I 77501556 247 
246 I 78016815 247 
247 I 78016847 1504 
248 I 78672351 247 
249 I 78672382 1504 
250 I 79328323 247 
251 I 79328352 1504 
252 I 79968929 247 
253 I 79968958 1504 
254 I 80624949 247 
255 I 80624981 1504 
256 I 81265833 247 
257 I 81265863 1504 
258 I 81922206 247 
259 I 81922223 1504 
260 I 82578340 247 
261 I 82578359 1504 
262 I 83218970 247 
263 I 83219003 1504 
264 I 83874756 247 
265 I 83874786 1504 
266 I 84515844 247 
267 I 84515872 1504 
268 I 85171969 247 
269 I 85171991 1504 
270 I 85828323 247 
271 I 85828354 1504 
272 I 86468950 247 
273 I 86468980 1504 
274 I 87124994 247 
275 I 87125026 1504 
276 I 87765844 247 
277 I 87765873 1504 
278 I 88421949 1504 
279 I 88421988 247 
280 I 89078355 247 
281 I 89078387 1504 
282 I 89718971 247 
283 I 89719002 1504 
284 I 90375003 247 
285 I 90375034 1504 
286 I 91031489 247 
287 I 91031520 1504 
288 I 91672233 247 
289 I 91672264 1504 
290 I 92328083 247 
291 I 92328117 1504 
292 I 92968959 247 
293 I 92968990 1504 
294 I 93625023 247 
295 I 93625054 1504 
296 I 94281448 247 
297 I 94281481 1504 
298 I 94922136 247 
299 I 94922165 1504 
300 I 95577901 247 
301 I 95577932 1504 
302 I 96279590 1504 
303 I 96282330 247 
304 I 96875824 247 
305 I 96875853 1504 
306 I 97531454 247 
307 I 97531485 1504 
308 I 98172085 247 
309 I 98172119 1504 
310 I 98827928 247 
311 I 98827959 1504 
312 I 99469153 247 
313 I 99469184 1504 
314 I 100125076 247 
315 I 100125109 1504 
316 I 100781765 247 
317 I 100781797 1504 
318 I 101422149 247 
319 I 101422181 1504 
320 I 102078129 247 
321 I 102078159 1504 
322 I 102719148 1504 
323 I 102719174 247 
324 I 103375419 247 
325 I 103375448 1504 
326 I 104031216 247 
327 I 104031246 1504 
328 I 104672085 247 
329 I 104672117 1504 
330 I 105366830 1504 
331 I 105368101 247 
332 I 105984597 247 
333 I 105984628 1504 
334 I 106625302 247 
335 I 106625328 1504 
336 I 107281039 247 
337 I 107281071 1504 
338 I 107922149 247 
339 I 107922178 1504 
340 I 108593411 247 
341 I 108593438 1504 
342 I 109234598 247 
343 I 109234630 1504 
344 I 109875335 247 
345 I 109875366 1504 
346 I 110531097 247 
347 I 110531117 1504 
348 I 111172114 247 
349 I 111172144 1504 
350 I 111828251 247 
351 I 111828272 1504 
352 I 112484992 247 
353 I 112485018 1504 
354 I 113125702 247 
355 I 113125729 1504 
356 I 113781051 247 
357 I 113781086 1504 
358 I 114422292 247 
359 I 114422322 1504 
360 I 115078413 247 
361 I 115078431 1504 
362 I 115952890 1504 
363 I 115997384 1504 
364 I 115998626 450 
365 I 116827547 1504 
366 I 116830302 247 
367 I 117126790 1504 
368 I 117126814 247 
369 I 117672770 247 
370 I 117672801 1504 
371 I 118328274 247 
372 I 118328305 1504 
373 I 118984204 247 
374 I 118984233 1504 
375 I 119625494 1504 
376 I 119625519 247 
377 I 120281263 247 
378 I 120281293 1504 
379 I 120937784 247 
380 I 120937816 1504 
381 I 121578410 247 
382 I 121578440 1504 
383 I 122234273 247 
384 I 122234303 1504 
385 I 122875639 247 
386 I 122875673 1504 
387 I 123531279 247 
388 I 123531283 1504 
389 I 124188411 247 
390 I 124188441 1504 
391 I 124828677 247 
392 I 124828709 1504 
393 I 125484204 247 
394 I 125484236 1504 
395 I 126125765 247 
396 I 126125784 1504 
397 I 126781442 247 
398 I 126781473 1504 
399 I 127437934 247 
400 I 127437964 1504 
401 I 128078767 247 
402 I 128078798 1504 
403 I 128734224 247 
404 I 128734256 1504 
405 I 129375283 247 
406 I 129375302 1504 
407 I 130031454 247 
408 I 130031484 1504 
409 I 130963238 1504 
410 I 130964398 247 
411 I 131328618 247 
412 I 131328647 1504 
413 I 131984220 247 
414 I 131984251 1504 
415 I 132640899 247 
416 I 132640931 1504 
417 I 132812229 92 
418 I 133124767 44 
419 I 133281375 247 
420 I 133281407 1504 
421 I 133937408 247 
422 I 133937424 1504 
423 I 134578777 247 
424 I 134578793 1504 
425 I 135325915 1504 
426 I 135327156 247 
427 I 135922242 247 
428 I 135922274 1504 
429 I 136531588 247 
430 I 136531620 1504 
431 I 137187343 247 
432 I 137187374 1504 
433 I 137829005 247 
434 I 137829036 1504 
435 I 138484555 247 
436 I 138484575 1504 
437 I 139141051 247 
438 I 139141076 1504 
439 I 139782261 247 
440 I 139782294 1504 
441 I 140437407 247 
442 I 140437443 1504 
443 I 141078455 247 
444 I 141078485 1504 
445 I 141734463 247 
446 I 141734494 1504 
447 I 142390950 247 
448 I 142390978 1504 
449 I 143031586 247 
450 I 143031617 1504 
451 I 143687365 247 
452 I 143687400 1504 
453 I 144328504 247 
454 I 144328535 1504 
455 I 144984537 247 
456 I 144984572 1504 
457 I 145640496 247 
458 I 145640527 1504 
459 I 146281591 247 
460 I 146281621 1504 
461 I 146937440 247 
462 I 146937462 1504 
463 I 147578825 247 
464 I 147578856 1504 
465 I 148246079 247 
466 I 148246111 1504 
467 I 148890507 247 
468 I 148890537 1504 
469 I 149532753 247 
470 I 149532783 1504 
471 I 150187727 247 
472 I 150187758 1504 
473 I 150844482 1504 
474 I 150844501 247 
475 I 151485036 247 
476 I 151485067 1504 
477 I 152140508 247 
478 I 152140540 1504 
479 I 152781570 247 
480 I 152781601 1504 
481 I 153437568 247 
482 I 153437598 1504 
483 I 154094113 247 
484 I 154094155 1504 
485 I 154734713 247 
486 I 154734744 1504 
487 I 155390430 247 
488 I 155390463 1504 
489 I 156031537 247 
490 I 156031568 1504 
491 I 156687597 247 
492 I 156687626 1504 
493 I 157344044 247 
494 I 157344062 1504 
495 I 157984699 247 
496 I 157984732 1504 
497 I 158640545 247 
498 I 158640573 1504 
499 I 159281610 247 
500 I 159281640 1504 
501 I 159937954 247 
502 I 159937986 1504 
503 I 160594162 247 
504 I 160594196 1504 
505 I 161235860 247 
506 I 161235891 1504 
507 I 161890852 247 
508 I 161890882 1504 
509 I 162531597 247 
510 I 162531627 1504 
511 I 163188015 247 
512 I 163188046 1504 
513 I 163843664 247 
514 I 163843695 1504 
515 I 164485776 247 
516 I 164485787 1504 
517 I 165141411 247 
518 I 165141431 1504 
519 I 165781680 247 
520 I 165781688 1504 
521 I 166437859 247 
522 I 166437891 1504 
523 I 167093684 247 
524 I 167093715 1504 
525 I 167735823 247 
526 I 167735855 1504 
527 I 168390717 247 
528 I 168390753 1504 
529 I 169039169 247 
530 I 169039193 1504 
531 I 169687852 247 
532 I 169687883 1504 
533 I 170343721 247 
534 I 170343753 1504 
535 I 170984717 247 
536 I 170984747 1504 
537 I 171640829 247 
538 I 171640859 1504 
539 I 172297240 247 
540 I 172297271 1504 
541 I 172939030 247 
542 I 172939062 1504 
543 I 173593845 247 
544 I 173593862 1504 
545 I 174235803 247 
546 I 174235834 1504 
547 I 174904269 247 
548 I 174904302 1504 
549 I 175547237 247 
550 I 175547268 1504 
551 I 176187857 247 
552 I 176187888 1504 
553 I 176843689 247 
554 I 176843720 1504 
555 I 177485569 247 
556 I 177485599 1504 
557 I 178141017 247 
558 I 178141050 1504 
559 I 178796834 247 
560 I 178796865 1504 
561 I 179437812 247 
562 I 179437852 1504 
563 I 180093987 247 
564 I 180094009 1504 
565 I 180749839 247 
566 I 180749870 1504 
567 I 181391041 247 
568 I 181391064 1504 
569 I 182046830 247 
570 I 182046851 1504 
571 I 182688767 247 
572 I 182688799 1504 
573 I 183345009 247 
574 I 183345040 1504 
575 I 184000369 247 
576 I 184000400 1504 
577 I 184641188 247 
578 I 184641219 1504 
579 I 185296968 247 
580 I 185296997 1504 
581 I 185938332 247 
582 I 185938361 1504 
583 I 186594359 247 
584 I 186594378 1504 
585 I 187250389 247 
586 I 187250420 1504 
587 I 187891012 247 
588 I 187891043 1504 
589 I 188546836 247 
590 I 188546870 1504 
591 I 189187903 247 
592 I 189187933 1504 
593 I 189844091 247 
594 I 189844121 1504 
595 I 190499974 247 
596 I 190500003 1504 
597 I 191141220 247 
598 I 191141251 1504 
599 I 191797010 247 
600 I 191797043 1504 
601 I 192452990 247 
602 I 192453022 1504 
603 I 193094407 247 
604 I 193094437 1504 
605 I 193750013 247 
606 I 193750043 1504 
607 I 194312140 92 
608 I 194391029 247 
609 I 194391061 1504 
610 I 195047072 247 
611 I 195047103 1504 
612 I 195703537 247 
613 I 195703566 1504 
614 I 196344475 247 
615 I 196344497 1504 
616 I 197000111 247 
617 I 197000132 1504 
618 I 197640735 247 
619 I 197640766 1504 
620 I 198297021 247 
621 I 198297044 1504 
622 I 198954347 247 
623 I 198954379 1504 
624 I 199594659 247 
625 I 199594693 1504 
626 I 200249976 247 
627 I 200250007 1504 
628 I 200892020 247 
629 I 200892054 1504 
630 I 201374951 1504 
631 I 201416531 247 
632 I 201547178 1504 
633 I 201547201 247 
634 I 201724999 1504 
635 I 202204114 247 
636 I 202204145 1504 
637 I 202844190 247 
638 I 202844222 1504 
639 I 203453101 1504 
640 I 203518903 1504 
641 I 203520423 450 
642 I 204141042 247 
643 I 204141073 1504 
644 I 204797155 247 
645 I 204797185 1504 
646 I 205453562 247 
647 I 205453595 1504 
648 I 206094463 247 
649 I 206094494 1504 
650 I 206750027 247 
651 I 206750046 1504 
652 I 207406682 247 
653 I 207406714 1504 
654 I 208047522 247 
655 I 208047554 1504 
656 I 208593800 1504 
657 I 208666038 247 
658 I 208703250 247 
659 I 208703282 1504 
660 I 209344220 247 
661 I 209344239 1504 
662 I 210000221 247 
663 I 210000240 1504 
664 I 210656682 247 
665 I 210656713 1504 
666 I 211297314 247 
667 I 211297343 1504 
668 I 211953134 247 
669 I 211953167 1504 
670 I 212594311 247 
671 I 212594342 1504 
672 I 213251048 247 
673 I 213251077 1504 
674 I 213906104 247 
675 I 213906136 1504 
676 I 214547358 247 
677 I 214547392 1504 
678 I 215203125 247 
679 I 215203157 1504 
680 I 215844239 247 
681 I 215844274 1504 
682 I 216516163 247 
683 I 216516195 1504 
684 I 217156697 247 
685 I 217156716 1504 
686 I 217797335 247 
687 I 217797367 1504 
688 I 218453397 247 
689 I 218453411 1504 
690 I 219094357 247 
691 I 219094388 1504 
692 I 219750446 247 
693 I 219750478 1504 
694 I 220406410 247 
695 I 220406441 1504 
696 I 221062494 1504 
697 I 221132631 1504 
698 I 221133963 450 
699 I 221703319 247 
700 I 221703350 1504 
701 I 222359850 247 
702 I 222359883 1504 
703 I 223000302 247 
704 I 223000334 1504 
705 I 223656299 247 
706 I 223656301 1504 
707 I 224297332 247 
708 I 224297363 1504 
709 I 224953448 247 
710 I 224953481 1504 
711 I 225609847 247 
712 I 225609879 1504 
713 I 226250694 247 
714 I 226250725 1504 
715 I 226906297 247 
716 I 226906327 1504 
717 I 227547355 247 
718 I 227547380 1504 
719 I 228203448 247 
720 I 228203477 1504 
721 I 228859850 247 
722 I 228859883 1504 
723 I 229500457 247 
724 I 229500488 1504 
725 I 230156318 247 
726 I 230156332 1504 
727 I 230798428 247 
728 I 230798462 1504 
729 I 231453594 247 
730 I 231453621 1504 
731 I 232137319 1504 
732 I 232138760 247 
733 I 232750747 247 
734 I 232750773 1504 
735 I 233406296 247 
736 I 233406319 1504 
737 I 234063013 247 
738 I 234063044 1504 
739 I 234703599 247 
740 I 234703629 1504 
741 I 235359864 247 
742 I 235359897 1504 
743 I 236001197 247 
744 I 236001227 1504 
745 I 236656509 247 
746 I 236656541 1504 
747 I 237313336 247 
748 I 237313367 1504 
749 I 237953682 247 
750 I 237953712 1504 
751 I 238609416 247 
752 I 238609447 1504 
753 I 239250490 247 
754 I 239250524 1504 
755 I 239906472 247 
756 I 239906504 1504 
757 I 240563008 247 
758 I 240563038 1504 
759 I 241203622 247 
760 I 241203657 1504 
761 I 241859475 247 
762 I 241859506 1504 
763 I 242500618 247 
764 I 242500649 1504 
765 I 243326211 1504 
766 I 243327358 247 
767 I 243813150 247 
768 I 243813187 1504 
769 I 244453651 247 
770 I 244453680 1504 
771 I 245125048 247 
772 I 245125082 1504 
773 I 245750531 247 
774 I 245750551 1504 
775 I 246407435 247 
776 I 246407467 1504 
777 I 247062597 247 
778 I 247062626 1504 
779 I 247703632 247 
780 I 247703662 1504 
781 I 248359468 247 
782 I 248359484 1504 
783 I 249016133 247 
784 I 249016152 1504 
785 I 249656615 247 
786 I 249656646 1504 
787 I 250312618 247 
788 I 250312649 1504 
789 I 250953628 247 
790 I 250953659 1504 
791 I 251609652 247 
792 I 251609683 1504 
793 I 252266179 247 
794 I 252266210 1504 
795 I 252906769 247 
796 I 252906797 1504 
797 I 253562640 247 
798 I 253562667 1504 
799 I 254204248 247 
800 I 254204268 1504 
801 I 254859832 247 
802 I 254859863 1504 
803 I 255516303 247 
804 I 255516325 1504 
805 I 255812510 92 
806 I 256157219 247 
807 I 256157237 1504 
808 I 256812594 247 
809 I 256812626 1504 
810 I 257453700 247 
811 I 257453730 1504 
812 I 258109844 247 
813 I 258109876 1504 
814 I 258766170 247 
815 I 258766200 1504 
816 I 259407725 247 
817 I 259407755 1504 
818 I 260062647 247 
819 I 260062679 1504 
820 I 260703650 247 
821 I 260703669 1504 
822 I 261359824 247 
823 I 261359855 1504 
824 I 262015738 247 
825 I 262015773 1504 
826 I 262657405 1504 
827 I 262657419 247 
828 I 263313121 247 
829 I 263313138 1504 
830 I 263969399 247 
831 I 263969426 1504 
832 I 264610055 247 
833 I 264610087 1504 
834 I 265265761 247 
835 I 265265795 1504 
836 I 265906936 247 
837 I 265906966 1504 
838 I 266563049 247 
839 I 266563082 1504 
840 I 267219956 247 
841 I 267219987 1504 
842 I 267860387 247 
843 I 267860419 1504 
844 I 268515731 247 
845 I 268515762 1504 
846 I 269157148 247 
847 I 269157179 1504 
848 I 269812816 247 
849 I 269812847 1504 
850 I 270469345 247 
851 I 270469372 1504 
852 I 271133202 1504 
853 I 271134413 247 
854 I 271765786 247 
855 I 271765802 1504 
856 I 272406814 247 
857 I 272406847 1504 
858 I 273062876 247 
859 I 273062907 1504 
860 I 273719346 247 
861 I 273719375 1504 
862 I 274360438 247 
863 I 274360471 1504 
864 I 275015750 247 
865 I 275015783 1504 
866 I 275656830 247 
867 I 275656862 1504 
868 I 276313393 247 
869 I 276313423 1504 
870 I 276968912 247 
871 I 276968945 1504 
872 I 277725009 1504 
873 I 277726035 247 
874 I 278294872 247 
875 I 278294902 1504 
876 I 278906800 247 
877 I 278906830 1504 
878 I 279562928 247 
879 I 279562961 1504 
880 I 280218881 247 
881 I 280218915 1504 
882 I 280860166 1504 
883 I 280860182 247 
884 I 281515932 247 
885 I 281515961 1504 
886 I 282540892 1504 
887 I 282542089 247 
888 I 282843212 247 
889 I 282843246 1504 
890 I 283468900 247 
891 I 283468931 1504 
892 I 284110408 247 
893 I 284110440 1504 
894 I 284766006 247 
895 I 284766038 1504 
896 I 285422521 247 
897 I 285422542 1504 
898 I 286063306 247 
899 I 286063340 1504 
900 I 286718965 247 
901 I 286718997 1504 
902 I 287360830 247 
903 I 287360861 1504 
904 I 288016073 247 
905 I 288016092 1504 
906 I 288672477 247 
907 I 288672511 1504 
908 I 289313868 247 
909 I 289313899 1504 
910 I 289969080 247 
911 I 289969110 1504 
912 I 290610735 247 
913 I 290610767 1504 
914 I 291266139 247 
915 I 291266170 1504 
916 I 291922466 247 
917 I 291922497 1504 
918 I 292563129 247 
919 I 292563164 1504 
920 I 293220076 247 
921 I 293220098 1504 
922 I 293860112 247 
923 I 293860147 1504 
924 I 294516587 247 
925 I 294516603 1504 
926 I 295172052 247 
927 I 295172081 1504 
928 I 295813708 247 
929 I 295813738 1504 
930 I 296469040 247 
931 I 296469072 1504 
932 I 297126426 247 
933 I 297126456 1504 
934 I 297767098 247 
935 I 297767130 1504 
936 I 298422046 247 
937 I 298422077 1504 
938 I 299063403 247 
939 I 299063434 1504 
