0 I 0 68 
1 I 23405 56 
2 I 796455 580 
3 I 796552 580 
4 I 796640 80 
5 I 927338 580 
6 I 927388 580 
7 I 927427 92 
8 I 927442 580 
9 I 950309 580 
10 I 950357 580 
11 I 950400 68 
12 I 950406 580 
13 I 950485 580 
14 I 950524 104 
15 I 950534 580 
16 I 973268 580 
17 I 973316 580 
18 I 973352 68 
19 I 973363 580 
20 I 973443 580 
21 I 973482 80 
22 I 973492 580 
23 I 973630 580 
24 I 973723 580 
25 I 973774 580 
26 I 973815 128 
27 I 973822 580 
28 I 996368 580 
29 I 996416 580 
30 I 996455 68 
31 I 996466 580 
32 I 996575 580 
33 I 996626 580 
34 I 996675 580 
35 I 996732 580 
36 I 996783 580 
37 I 996821 128 
38 I 996830 580 
39 I 996934 580 
40 I 996975 139 
41 I 996988 580 
42 I 1020182 56 
43 I 115923415 68 
44 I 115958773 56 
45 I 118192411 580 
46 I 118192456 80 
47 I 118192465 580 
48 I 118215655 580 
49 I 118215700 68 
50 I 118215710 580 
51 I 118215963 580 
52 I 118216003 92 
53 I 118216012 580 
54 I 118238651 580 
55 I 118238689 68 
56 I 118238701 580 
57 I 118238792 580 
58 I 118238827 80 
59 I 118238842 580 
60 I 118239003 580 
61 I 118239042 68 
62 I 118239051 580 
63 I 118239132 580 
64 I 118239170 104 
65 I 118239181 580 
66 I 118261625 580 
67 I 118261661 68 
68 I 118261670 580 
69 I 118261728 580 
70 I 118261786 80 
71 I 118261798 580 
72 I 118261881 580 
73 I 118261927 580 
74 I 118261978 580 
75 I 118262014 104 
76 I 118262025 580 
77 I 118262279 68 
78 I 118262284 580 
79 I 118262286 580 
80 I 118262465 580 
81 I 118262504 80 
82 I 118262516 580 
83 I 118262574 580 
84 I 118262625 580 
85 I 118262662 116 
86 I 118262672 580 
87 I 118284678 580 
88 I 118284780 580 
89 I 118284818 68 
90 I 118284908 580 
91 I 118284955 580 
92 I 118285215 580 
93 I 118285217 580 
94 I 118285219 128 
95 I 118285221 580 
96 I 118285225 580 
97 I 118285235 580 
98 I 118285266 580 
99 I 118285365 580 
100 I 118285463 580 
101 I 118285500 68 
102 I 118285567 580 
103 I 118285618 580 
104 I 118285667 580 
105 I 118285716 580 
106 I 118285771 580 
107 I 118285809 152 
108 I 118285814 580 
109 I 118285881 580 
110 I 118286093 580 
111 I 118286142 580 
112 I 118286192 580 
113 I 118286316 104 
114 I 118286368 580 
115 I 118286438 580 
116 I 118286603 580 
117 I 118286656 580 
118 I 118286740 140 
119 I 118286748 580 
120 I 118308296 580 
121 I 118308345 580 
122 I 118308392 580 
123 I 118308443 580 
124 I 118308481 80 
125 I 118308492 580 
126 I 118308550 580 
127 I 118308601 580 
128 I 118308651 580 
129 I 118308698 580 
130 I 118308746 580 
131 I 118308793 560 
132 I 118308893 580 
133 I 118308990 580 
134 I 118309090 580 
135 I 118309138 580 
136 I 118309188 580 
137 I 118309229 140 
138 I 118309238 580 
139 I 118309250 203 
140 I 118405478 56 
141 I 175476019 68 
142 I 175502267 56 
143 I 212479665 580 
144 I 212479709 80 
145 I 212479714 580 
146 I 212502731 580 
147 I 212502771 68 
148 I 212502786 580 
149 I 212502884 580 
150 I 212502922 92 
151 I 212502933 580 
152 I 212527629 580 
153 I 212527717 68 
154 I 212527728 580 
155 I 212527835 580 
156 I 212527922 80 
157 I 212527932 580 
158 I 212528040 580 
159 I 212528130 68 
160 I 212528138 580 
161 I 212528245 580 
162 I 212528334 104 
163 I 212528343 580 
164 I 212550753 580 
165 I 212550792 68 
166 I 212550804 580 
167 I 212550868 580 
168 I 212550926 580 
169 I 212550974 580 
170 I 212551015 92 
171 I 212551024 580 
172 I 212551181 580 
173 I 212551233 580 
174 I 212551287 580 
175 I 212551331 580 
176 I 212551379 580 
177 I 212551418 128 
178 I 212551428 580 
179 I 212551499 580 
180 I 212551545 182 
181 I 212551551 580 
182 I 212574572 56 
