0 I 0 48 
1 I 437135 44 
2 I 6968171 44 
3 I 15147557 48 
4 I 15568555 44 
5 I 47846846 44 
6 I 55741550 48 
7 I 56955222 44 
8 I 73189872 44 
9 I 78537417 48 
10 I 79021863 44 
11 I 84645831 44 
12 I 92955189 48 
13 I 93403326 44 
14 I 96462838 44 
15 I 119826504 48 
16 I 120325508 44 
17 I 127606177 44 
18 I 133592776 48 
19 I 134071335 44 
20 I 135899986 44 
21 I 147769705 48 
22 I 148205988 44 
23 I 152939140 44 
24 I 168064606 48 
25 I 168516584 44 
26 I 171252191 44 
27 I 176903692 48 
28 I 177351212 44 
29 I 182382011 44 
30 I 192668952 48 
31 I 193105712 44 
32 I 198498857 44 
33 I 204580599 48 
34 I 205006718 44 
35 I 207978092 44 
36 I 243979861 48 
37 I 244438220 44 
38 I 247645209 44 
39 I 248908413 44 
