0 I 0 56 
1 I 1849903 56 
2 I 6630223 56 
3 I 6870251 56 
4 I 12640637 56 
5 I 20220795 56 
6 I 22630844 56 
7 I 23760992 56 
8 I 36631310 56 
9 I 37321639 56 
10 I 50471958 56 
11 I 50762101 56 
12 I 51192078 56 
13 I 72363110 56 
14 I 85263899 56 
15 I 86623457 56 
16 I 86673650 56 
17 I 91323804 56 
18 I 91553822 56 
19 I 94583906 56 
20 I 97104307 56 
21 I 105424289 56 
22 I 120025220 56 
23 I 121874967 56 
24 I 126655358 56 
25 I 126895238 56 
26 I 132665728 56 
27 I 140245751 56 
28 I 142655953 56 
29 I 143786035 56 
30 I 156656484 56 
31 I 157346564 56 
32 I 170527109 56 
33 I 170867179 56 
34 I 171217094 56 
35 I 192388027 56 
36 I 205289059 56 
37 I 206668652 56 
38 I 206698725 56 
39 I 211369039 56 
40 I 211579247 56 
41 I 211579248 56 
42 I 211579249 56 
43 I 211799062 56 
44 I 212218881 56 
45 I 213038953 56 
46 I 214619298 56 
47 I 214679270 56 
48 I 217129129 56 
49 I 217899596 56 
50 I 224319475 56 
51 I 225449615 56 
52 I 237140616 56 
53 I 240050140 56 
54 I 241900172 56 
55 I 246680394 56 
56 I 246920738 56 
57 I 252690571 56 
58 I 260270936 56 
59 I 262681079 56 
60 I 262781132 56 
61 I 263811552 56 
62 I 276681670 56 
63 I 277372079 56 
