0 I 0 68 
1 I 126257 56 
2 I 127116 580 
3 I 127164 580 
4 I 180205 580 
5 I 180254 580 
6 I 198126 580 
7 I 198181 580 
8 I 234103 580 
9 I 234153 580 
10 I 252182 580 
11 I 252233 580 
12 I 264120 580 
13 I 264167 580 
14 I 276144 580 
15 I 276238 580 
16 I 288121 580 
17 I 288173 580 
18 I 300117 580 
19 I 300167 580 
20 I 312208 580 
21 I 312245 69 
22 I 312255 580 
23 I 788634 580 
24 I 846228 580 
25 I 846269 69 
26 I 846280 580 
27 I 2102414 56 
28 I 2622492 580 
29 I 2622656 580 
30 I 2622706 580 
31 I 2622872 580 
32 I 2622921 580 
33 I 2622969 580 
34 I 2623021 580 
35 I 2623071 580 
36 I 2623117 580 
37 I 2677163 580 
38 I 2677215 580 
39 I 2689154 580 
40 I 2707143 580 
41 I 2719147 580 
42 I 2737222 580 
43 I 2767155 580 
44 I 2779148 580 
45 I 2779197 580 
46 I 2779248 580 
47 I 2791165 580 
48 I 2810865 580 
49 I 2821500 580 
50 I 2833250 580 
51 I 2851194 580 
52 I 2889557 580 
53 I 2923181 580 
54 I 2935229 580 
55 I 2947197 580 
56 I 2959152 580 
57 I 2971258 580 
58 I 2971307 580 
59 I 2984077 580 
60 I 2995207 580 
61 I 3211153 580 
62 I 3223153 580 
63 I 3235138 580 
64 I 3259152 580 
65 I 3271192 580 
66 I 3283172 580 
67 I 3295179 580 
68 I 3307257 580 
69 I 3319177 580 
70 I 3319409 580 
71 I 3353217 580 
72 I 3359223 580 
73 I 3365978 580 
74 I 3377194 580 
75 I 3383165 580 
76 I 3389152 580 
77 I 3398381 580 
78 I 3398431 580 
79 I 3413957 580 
80 I 3428264 580 
81 I 3428314 580 
82 I 3449493 580 
83 I 3449541 580 
84 I 3470176 580 
85 I 3470409 580 
86 I 3491167 580 
87 I 3491215 580 
88 I 3512172 580 
89 I 3512230 580 
90 I 3532092 580 
91 I 3532189 580 
92 I 3532242 580 
93 I 3542239 580 
94 I 3542291 580 
95 I 3557145 580 
96 I 3557193 580 
97 I 3572245 580 
98 I 3572294 580 
99 I 3587234 580 
100 I 3587284 580 
101 I 3593143 580 
102 I 3638151 580 
103 I 3653143 580 
104 I 3665155 580 
105 I 3692156 580 
106 I 3692205 580 
107 I 3707169 580 
108 I 3722503 580 
109 I 3734141 580 
110 I 3749224 580 
111 I 3761152 580 
112 I 3761200 580 
113 I 3776294 580 
114 I 3788146 580 
115 I 3803135 580 
116 I 3818173 580 
117 I 3830256 580 
118 I 3845164 580 
119 I 3860156 580 
120 I 3860205 580 
121 I 3872378 580 
122 I 3902214 580 
123 I 3902264 580 
124 I 3926145 580 
125 I 3926198 580 
126 I 3953161 580 
127 I 3953215 580 
128 I 3980150 580 
129 I 3980197 580 
130 I 4010176 580 
131 I 4010229 580 
132 I 4040546 580 
133 I 4040595 580 
134 I 4040644 580 
135 I 4069951 580 
136 I 4069989 580 
137 I 4094196 580 
138 I 4109379 580 
139 I 4109445 580 
140 I 4121155 580 
141 I 4133154 580 
142 I 4145216 580 
143 I 4157234 580 
144 I 4172169 580 
145 I 4172217 580 
146 I 4184268 580 
147 I 4196198 580 
148 I 4208160 580 
149 I 4223242 580 
150 I 4235173 580 
151 I 4247183 580 
152 I 4253020 68 
153 I 4259147 62 
154 I 4259156 580 
155 I 4288655 580 
156 I 4386369 56 
157 I 4387257 580 
158 I 4387296 80 
159 I 4387306 580 
160 I 4436603 580 
161 I 4436641 68 
162 I 4436651 580 
163 I 4442156 580 
164 I 4454147 92 
165 I 4454157 580 
166 I 4484160 580 
167 I 4484162 212 
168 I 4490177 580 
169 I 4511031 56 
170 I 4835543 62 
