0 I 0 64 
1 I 19436 56 
2 I 20063 478 
3 I 42540 56 
4 I 42897 56 
5 I 43940 56 
6 I 1200473 64 
7 I 1219687 56 
8 I 1219704 493 
9 I 1278660 56 
10 I 1279291 56 
11 I 1286535 56 
12 I 9002019 64 
13 I 9023112 56 
14 I 9023383 475 
15 I 9051514 56 
16 I 9054028 56 
17 I 9055623 56 
18 I 34956788 64 
19 I 34975589 56 
20 I 34976875 477 
21 I 35030586 56 
22 I 35031157 56 
23 I 35031882 56 
24 I 42427407 64 
25 I 42446467 56 
26 I 42446606 477 
27 I 42526343 56 
28 I 42526398 56 
29 I 42527331 56 
