0 I 0 64 
1 I 234594 56 
2 I 237301 216 
3 I 16675295 64 
4 I 16933304 56 
5 I 16934316 232 
6 I 18196761 232 
7 I 62028204 64 
8 I 62248177 56 
9 I 62252568 232 
10 I 63323657 232 
11 I 65444474 232 
12 I 65842593 216 
13 I 120114840 56 
14 I 120115348 56 
15 I 138201878 56 
16 I 138201879 56 
17 I 185213705 56 
18 I 185214583 56 
19 I 246508716 64 
20 I 246732097 56 
21 I 246732712 216 
22 I 263250219 64 
23 I 263502100 56 
24 I 263603045 232 
25 I 265426573 232 
26 I 265451844 64 
27 I 265671013 56 
28 I 265673096 232 
