0 I 0 1424 
1 I 124 1424 
2 I 242 1424 
3 I 23788 1424 
4 I 23907 1424 
5 I 24028 1424 
6 I 47315 1424 
7 I 47434 1424 
8 I 47555 1424 
9 I 47790 1424 
10 I 47911 1424 
11 I 70926 1424 
12 I 71045 1424 
13 I 71166 1424 
14 I 71676 1424 
15 I 71804 1424 
16 I 71928 1424 
17 I 94530 1424 
18 I 94666 1424 
19 I 94820 1424 
20 I 94916 68 
21 I 94941 1424 
22 I 95211 1424 
23 I 95333 1424 
24 I 95455 1424 
25 I 118026 1424 
26 I 118266 1424 
27 I 118390 1424 
28 I 118507 1424 
29 I 141574 1424 
30 I 141944 1424 
31 I 142044 318 
32 I 142066 1424 
33 I 219368596 1424 
34 I 219368714 1424 
35 I 219368837 1424 
36 I 219368962 1424 
37 I 219369624 1424 
38 I 219369744 1424 
39 I 219370222 1424 
40 I 219392589 1424 
41 I 219392751 1424 
42 I 219392817 1027 
43 I 219790418 1424 
44 I 219813986 1424 
45 I 219814111 1424 
46 I 219814204 245 
47 I 219814225 1424 
