0 I 0 64 
1 I 495766 56 
2 I 497012 1121 
3 I 120773631 56 
4 I 120773737 56 
5 I 153576577 64 
6 I 153800324 56 
7 I 153801435 147 
8 I 153801473 1504 
9 I 154993144 56 
10 I 155791057 1504 
11 I 157193671 56 
12 I 159771191 1504 
13 I 160150708 147 
14 I 170829604 64 
15 I 171141964 56 
16 I 171143156 1504 
17 I 171143275 1504 
18 I 171143399 1504 
19 I 173061345 147 
20 I 174141773 1504 
21 I 174511934 1504 
22 I 174512058 1504 
23 I 174865237 1504 
24 I 174865354 1504 
25 I 174865476 1504 
26 I 175393785 1504 
27 I 176961715 1504 
28 I 177397855 1504 
29 I 177397978 1504 
30 I 177865867 1504 
31 I 177865954 65 
32 I 177865990 1504 
33 I 179421959 1504 
34 I 191495322 1504 
35 I 191495445 1504 
36 I 191495568 1504 
37 I 192221813 420 
38 I 193892202 1504 
39 I 194419344 420 
40 I 194419352 1504 
41 I 195917948 1504 
42 I 195918075 1504 
43 I 196451821 1504 
44 I 196451945 1504 
45 I 197442312 1504 
46 I 199392380 1504 
47 I 199899919 322 
48 I 200375455 1504 
49 I 200375580 1504 
50 I 200375694 1461 
51 I 200502404 1504 
52 I 200875498 1504 
53 I 200875620 1504 
54 I 201197403 1504 
55 I 201197518 1504 
56 I 201197639 1504 
57 I 201655162 1504 
58 I 201902438 1461 
59 I 201961658 1504 
60 I 202882461 1504 
