0 I 0 52 
1 I 104374 44 
2 I 226574 44 
3 I 234917 52 
4 I 330988 44 
5 I 339583 44 
6 I 490210 44 
7 I 750135 44 
8 I 3259757 44 
9 I 3593803 44 
10 I 6023534 44 
11 I 6328291 44 
12 I 8786132 44 
13 I 9508847 44 
14 I 9514854 52 
15 I 9614215 44 
16 I 9619889 44 
17 I 9769838 44 
18 I 10048520 44 
19 I 12673347 44 
20 I 12789370 56 
21 I 13359608 44 
22 I 16010721 44 
23 I 16282852 44 
24 I 18775056 44 
25 I 19016671 44 
26 I 21532400 44 
27 I 21648450 56 
28 I 22188744 44 
29 I 24837432 44 
30 I 25032666 44 
31 I 27602735 44 
32 I 27876318 44 
33 I 30368903 44 
34 I 30610534 44 
35 I 33126602 44 
36 I 33242654 44 
37 I 35884814 44 
38 I 36188670 44 
39 I 38650142 44 
40 I 38923322 44 
41 I 41416370 44 
42 I 41657743 44 
43 I 44181853 44 
44 I 44501386 44 
45 I 46946128 44 
46 I 47126733 44 
47 I 49712498 44 
48 I 49970404 44 
49 I 52478059 44 
50 I 52705095 44 
51 I 55245440 44 
52 I 55548545 44 
53 I 58011388 44 
54 I 58283294 44 
55 I 60777742 44 
56 I 61017602 44 
57 I 63533646 44 
58 I 63649410 44 
59 I 66317694 44 
60 I 66595788 44 
61 I 69088911 44 
62 I 69330696 44 
63 I 71854383 44 
64 I 72174528 44 
65 I 74620487 44 
66 I 74908503 44 
67 I 77384642 44 
68 I 77534336 44 
69 I 80150688 44 
70 I 80377492 44 
71 I 82916979 44 
72 I 83221083 44 
73 I 85682554 44 
74 I 85955709 44 
75 I 88448327 44 
76 I 88690201 44 
77 I 91212585 44 
78 I 91534285 44 
79 I 93982004 44 
80 I 94268653 44 
81 I 96746279 44 
82 I 97003088 44 
83 I 99510908 44 
84 I 99627990 44 
85 I 102276464 44 
86 I 102581272 44 
87 I 105042384 44 
88 I 105315501 44 
89 I 107811769 44 
90 I 108050045 44 
91 I 109823958 44 
92 I 109830343 52 
93 I 109930013 44 
94 I 109935380 44 
95 I 110085346 44 
96 I 110347215 44 
97 I 112854856 44 
98 I 113190897 44 
99 I 115622547 44 
100 I 115924103 44 
101 I 118386902 44 
102 I 118660060 44 
103 I 121150906 44 
104 I 121394494 44 
105 I 123918654 44 
106 I 124128760 44 
107 I 126683103 44 
108 I 126972611 44 
109 I 129449051 44 
110 I 130253827 44 
111 I 132683681 44 
112 I 132988326 44 
113 I 135449555 44 
114 I 136269401 44 
115 I 138730824 44 
116 I 139003513 44 
117 I 139951154 44 
118 I 140025917 52 
119 I 140057083 44 
120 I 140130074 44 
121 I 140282239 44 
122 I 140534006 44 
123 I 143046532 44 
124 I 143378061 44 
125 I 145810886 44 
126 I 146112308 44 
127 I 148628312 44 
128 I 148744134 56 
129 I 149281204 44 
130 I 151937400 44 
131 I 152129636 44 
132 I 154699977 44 
133 I 154971681 44 
134 I 157467332 44 
135 I 157707649 44 
136 I 160233418 44 
137 I 160550205 44 
138 I 163000976 44 
139 I 163284061 44 
140 I 165765562 44 
141 I 166018563 44 
142 I 168531327 44 
143 I 168862913 44 
144 I 171295645 44 
145 I 171599079 44 
146 I 174063188 44 
147 I 174333547 44 
148 I 176827605 44 
149 I 177067457 44 
150 I 179606750 44 
151 I 179911453 44 
152 I 182374556 44 
153 I 182534836 44 
154 I 185140361 44 
155 I 185378766 44 
156 I 187904519 44 
157 I 188224057 44 
158 I 190672043 44 
159 I 190957126 44 
160 I 193436326 44 
161 I 193691145 44 
162 I 196202146 44 
163 I 196537382 44 
164 I 198966527 44 
165 I 199269843 44 
166 I 201733800 44 
167 I 202004224 44 
168 I 204498666 44 
169 I 204629327 44 
170 I 207264660 44 
171 I 207582632 44 
172 I 210029763 44 
173 I 210317227 44 
174 I 212796133 44 
175 I 213051037 44 
176 I 215560365 44 
177 I 215786017 44 
178 I 218329648 44 
179 I 218629155 44 
180 I 221093760 44 
181 I 221363715 44 
