0 I 0 44 
1 I 212452 44 
2 I 2754147 44 
3 I 3016281 44 
4 I 5503576 44 
5 I 5715496 44 
6 I 8262810 44 
7 I 8521437 44 
8 I 11017442 44 
9 I 11218694 44 
10 I 13765700 44 
11 I 14023753 44 
12 I 16514744 44 
13 I 16728141 44 
14 I 19258907 44 
15 I 19528192 44 
16 I 22017800 44 
17 I 22232828 44 
18 I 24768692 44 
19 I 25032450 44 
20 I 27527458 44 
21 I 27734146 44 
22 I 30281016 44 
23 I 30539568 44 
24 I 33036582 44 
25 I 33245354 44 
26 I 35799578 44 
27 I 36043601 44 
28 I 38581333 44 
29 I 38849783 44 
30 I 41335853 44 
31 I 41551990 44 
32 I 44099577 44 
33 I 44357907 44 
34 I 46864467 44 
35 I 47163378 44 
36 I 49627899 44 
37 I 49867128 44 
38 I 52381960 44 
39 I 52670140 44 
40 I 55136910 44 
41 I 55375688 44 
42 I 57895858 44 
43 I 58179012 44 
44 I 60645302 44 
45 I 60884126 44 
46 I 63394881 44 
47 I 63688085 44 
48 I 66144292 44 
49 I 66391091 44 
50 I 68898237 44 
51 I 69100828 44 
52 I 71647826 44 
53 I 71906158 44 
54 I 74397505 44 
55 I 74608966 44 
56 I 77157061 44 
57 I 77415607 44 
58 I 79915493 44 
59 I 80213581 44 
60 I 82670819 44 
61 I 82918804 44 
62 I 85419735 44 
63 I 85719841 44 
64 I 88174077 44 
65 I 88417683 44 
66 I 90923349 44 
67 I 91226257 44 
68 I 93678533 44 
69 I 93931009 44 
70 I 96432012 44 
71 I 96725783 44 
72 I 99186456 44 
73 I 99432726 44 
74 I 101936183 44 
75 I 102235870 44 
76 I 104690361 44 
77 I 104933495 44 
78 I 107450042 44 
79 I 107737916 44 
80 I 110208256 44 
81 I 110443061 44 
82 I 112958122 44 
83 I 113246770 44 
84 I 115707069 44 
85 I 115951024 44 
86 I 118461899 44 
87 I 118755347 44 
88 I 121215665 44 
89 I 121458245 44 
90 I 123970626 44 
91 I 124263869 44 
92 I 126730254 44 
93 I 126968345 44 
94 I 129489259 44 
95 I 129774291 44 
96 I 132243208 44 
97 I 132477134 44 
98 I 134997639 44 
99 I 135280926 44 
100 I 137752469 44 
101 I 137989343 44 
102 I 140496725 44 
103 I 140796069 44 
104 I 143251280 44 
105 I 143498881 44 
106 I 146000152 44 
107 I 146202281 44 
108 I 148754220 44 
109 I 149008531 44 
110 I 151514434 44 
111 I 151811881 44 
112 I 154263257 44 
113 I 154514887 44 
114 I 157018123 44 
115 I 157219252 44 
116 I 159767173 44 
117 I 160025248 44 
118 I 162521932 44 
119 I 162728029 44 
120 I 165275490 44 
121 I 165533686 44 
122 I 168030995 44 
123 I 168236844 44 
124 I 170784172 44 
125 I 171042444 44 
126 I 173533373 44 
127 I 173745471 44 
128 I 176288982 44 
129 I 176551653 44 
130 I 179048082 44 
131 I 179254589 44 
132 I 181796685 44 
133 I 182060217 44 
134 I 184546781 44 
135 I 184763079 44 
136 I 187310289 44 
137 I 187563223 44 
138 I 190064656 44 
139 I 190274668 44 
140 I 192818989 44 
141 I 193072427 44 
142 I 195573609 44 
143 I 195775424 44 
144 I 198337347 44 
145 I 198581391 44 
146 I 201093091 44 
147 I 201294395 44 
148 I 203847377 44 
149 I 204100236 44 
150 I 206610847 44 
151 I 206905785 44 
152 I 209374687 44 
153 I 209608403 44 
154 I 212128895 44 
155 I 212414613 44 
156 I 214884929 44 
157 I 215117317 44 
158 I 217637892 44 
159 I 217920903 44 
160 I 220396261 44 
161 I 220626027 44 
162 I 223187747 44 
163 I 223436339 44 
164 I 225943559 44 
165 I 226239919 44 
166 I 228696411 44 
167 I 228945073 44 
168 I 231451457 44 
169 I 231749369 44 
170 I 234205084 44 
171 I 234454079 44 
172 I 236955098 44 
173 I 237157211 44 
174 I 239709409 44 
175 I 239961555 44 
176 I 242463440 44 
177 I 242665524 44 
178 I 245212845 44 
179 I 245471533 44 
180 I 247967116 44 
181 I 248174509 44 
182 I 250714644 44 
183 I 250975445 44 
184 I 253466657 44 
185 I 253678034 44 
186 I 256220115 44 
187 I 256477937 44 
188 I 258977863 44 
189 I 259186868 44 
190 I 261724501 44 
191 I 261987132 44 
192 I 264478602 44 
193 I 264695834 44 
194 I 267231303 44 
195 I 267496043 44 
196 I 269992235 44 
197 I 270198760 44 
198 I 272746541 44 
199 I 273003445 44 
200 I 275503671 44 
201 I 275707374 44 
202 I 278264726 44 
203 I 278513445 44 
204 I 281025612 44 
205 I 281317446 44 
206 I 283778857 44 
207 I 284021921 44 
208 I 286537914 44 
209 I 286826491 44 
210 I 289291944 44 
211 I 289536012 44 
212 I 292041344 44 
213 I 292249285 44 
214 I 294791191 44 
215 I 295055107 44 
216 I 297546169 44 
217 I 297757649 44 
