0 I 0 52 
1 I 27278 44 
2 I 53802 44 
3 I 2102626 52 
4 I 2130284 44 
5 I 2157763 44 
6 I 115602747 52 
7 I 115630019 44 
8 I 115656017 44 
9 I 115965268 52 
10 I 115993215 44 
11 I 116019121 44 
12 I 116034337 52 
13 I 116060414 44 
14 I 116088797 44 
15 I 116152226 52 
16 I 116180315 44 
17 I 116206705 44 
18 I 116325602 52 
19 I 116342350 52 
20 I 116352430 44 
21 I 116370143 44 
22 I 116378036 44 
23 I 116394912 44 
24 I 116451136 52 
25 I 116469180 52 
26 I 116478260 44 
27 I 116496724 44 
28 I 116504698 44 
29 I 116523194 44 
30 I 116575919 52 
31 I 116592385 52 
32 I 116603039 44 
33 I 116619257 44 
34 I 116631288 44 
35 I 116645408 44 
36 I 116705443 52 
37 I 116727185 52 
38 I 116732932 44 
39 I 116753568 44 
40 I 116759303 44 
41 I 116780423 44 
42 I 116833283 52 
43 I 116850932 52 
44 I 116860306 44 
45 I 116878953 44 
46 I 116886276 44 
47 I 116905258 44 
48 I 116957222 52 
49 I 116976243 52 
50 I 116984208 44 
51 I 117004123 44 
52 I 117011687 44 
53 I 117031513 44 
54 I 117099829 52 
55 I 117126486 44 
56 I 117152345 44 
57 I 155905414 52 
58 I 155933166 44 
59 I 155960599 44 
60 I 156218532 52 
61 I 156246520 44 
62 I 156273073 44 
63 I 156776028 52 
64 I 156801978 44 
65 I 156827593 44 
66 I 190540666 52 
67 I 190567280 44 
68 I 190592915 44 
69 I 190925493 52 
70 I 190951605 44 
71 I 190978674 44 
72 I 191093951 52 
73 I 191122142 44 
74 I 191135579 52 
75 I 191148790 44 
76 I 191160954 44 
77 I 191189251 44 
78 I 191223269 52 
79 I 191248980 44 
80 I 191258980 52 
81 I 191275735 44 
82 I 191287606 44 
83 I 191315077 44 
84 I 191372453 52 
85 I 191395635 52 
86 I 191398965 44 
87 I 191424305 44 
88 I 191425092 44 
89 I 191452398 44 
90 I 191525702 52 
91 I 191542657 52 
92 I 191553444 44 
93 I 191569226 44 
94 I 191590524 44 
95 I 191595155 44 
