0 I 0 44 
1 I 9514197 44 
2 I 19328964 44 
3 I 28943473 44 
4 I 39058562 44 
5 I 49273868 44 
6 I 59088539 44 
7 I 69103628 44 
8 I 78718259 44 
9 I 88933651 44 
10 I 99348990 44 
11 I 109163689 44 
12 I 119178868 44 
13 I 128793243 44 
14 I 139208866 44 
15 I 149223808 44 
16 I 159639526 44 
17 I 169354162 44 
18 I 179569335 44 
19 I 189984942 44 
20 I 199499141 44 
21 I 209213960 44 
22 I 219429229 44 
23 I 229243935 44 
24 I 239058424 44 
25 I 249073554 44 
26 I 258788070 44 
27 I 268703220 44 
28 I 278217694 44 
29 I 287931824 44 
