0 I 0 44 
1 I 20628366 44 
2 I 21069273 44 
3 I 21507873 44 
4 I 22698139 44 
5 I 25107363 44 
6 I 25578057 44 
7 I 26183170 44 
8 I 27178635 44 
9 I 27648877 44 
10 I 28129861 44 
11 I 28594685 56 
12 I 29055374 56 
13 I 29588200 44 
14 I 30050448 44 
15 I 30707606 44 
16 I 31188445 56 
17 I 31657223 56 
18 I 32328807 44 
19 I 34728028 44 
20 I 39538347 44 
21 I 49167072 44 
22 I 49679862 44 
23 I 50178449 44 
24 I 50767727 44 
25 I 51678683 44 
26 I 52189538 44 
27 I 52690226 44 
28 I 53199006 44 
29 I 53699838 44 
30 I 53770100 44 
31 I 54266892 56 
32 I 54276039 56 
33 I 54761706 56 
34 I 55258244 44 
35 I 58138069 44 
36 I 58628783 56 
37 I 59109458 56 
38 I 59588121 44 
39 I 60189326 44 
40 I 60686100 56 
41 I 61747764 44 
42 I 63935847 44 
43 I 77162153 44 
44 I 77666906 44 
45 I 78161246 44 
46 I 78650273 44 
47 I 79569274 44 
48 I 80057979 44 
49 I 80538553 44 
50 I 81178152 44 
51 I 81666899 56 
52 I 81674907 56 
53 I 82155497 56 
54 I 82648284 56 
55 I 82656314 56 
56 I 83157009 64 
57 I 83287744 56 
58 I 83639699 56 
59 I 83768293 44 
60 I 83772397 44 
61 I 83776495 56 
62 I 84130417 56 
63 I 84267071 56 
64 I 84275095 56 
65 I 84279134 44 
66 I 84767770 44 
67 I 85268596 44 
68 I 86239967 44 
69 I 88208812 44 
70 I 88717472 44 
71 I 89219757 44 
72 I 90887276 44 
73 I 91387968 44 
74 I 93567963 44 
75 I 94084830 56 
76 I 94601706 56 
77 I 95118424 44 
78 I 95629405 44 
79 I 96146040 44 
80 I 96656879 44 
81 I 97618131 44 
82 I 98126860 44 
83 I 98629672 44 
84 I 99691399 44 
85 I 100324928 44 
86 I 100825887 56 
87 I 101318490 56 
88 I 101990326 44 
89 I 102458595 44 
90 I 102927187 44 
91 I 103958762 44 
92 I 104419387 44 
93 I 104870100 44 
94 I 105338402 44 
95 I 105806871 44 
96 I 105951655 44 
97 I 106418547 44 
98 I 106536910 44 
99 I 106886825 44 
100 I 106997453 44 
101 I 107544340 44 
102 I 107988883 56 
103 I 108427317 64 
104 I 108877730 64 
105 I 109428851 56 
106 I 109877255 44 
107 I 109885295 44 
108 I 112057150 44 
109 I 125295534 44 
110 I 125738271 44 
111 I 126178611 44 
112 I 126616766 44 
113 I 127588134 44 
114 I 128038538 44 
115 I 128487024 44 
116 I 128929362 44 
117 I 129378296 44 
118 I 129514647 44 
119 I 129818444 56 
120 I 129957128 56 
121 I 130266795 56 
122 I 130397489 44 
123 I 130914331 44 
124 I 132517119 44 
125 I 134582326 44 
126 I 134994701 56 
127 I 148146678 44 
128 I 148776025 44 
129 I 167026153 44 
130 I 202739383 44 
131 I 203147678 44 
132 I 263415326 44 
133 I 263934232 52 
134 I 266244860 44 
135 I 266651002 44 
136 I 266844172 52 
137 I 272859094 52 
