0 I 0 52 
1 I 31693 44 
2 I 33716 1150 
3 I 104949 87 
4 I 105075 87 
5 I 231575 44 
6 I 262443 287 
7 I 264914 44 
8 I 264931 1504 
9 I 264951 875 
10 I 296282 44 
11 I 26495236 52 
12 I 26526328 44 
13 I 26526337 44 
14 I 60287036 52 
15 I 60317388 44 
16 I 60319360 1150 
17 I 60388814 87 
18 I 60388939 87 
19 I 60513954 44 
20 I 60543436 287 
21 I 60545960 44 
22 I 60545975 1504 
23 I 60546008 875 
24 I 60576150 44 
25 I 86645670 52 
26 I 86674770 44 
27 I 86674886 44 
28 I 120675690 52 
29 I 120707436 44 
30 I 120709468 1150 
31 I 120780363 87 
32 I 120780431 87 
33 I 120908755 44 
34 I 120939732 287 
35 I 120942265 44 
36 I 120942281 1504 
37 I 120942286 875 
38 I 120975676 44 
39 I 147597469 52 
40 I 147630954 44 
41 I 147630957 44 
42 I 180802230 52 
43 I 180832555 44 
44 I 180834574 1150 
45 I 180904981 87 
46 I 180905033 87 
47 I 181031199 44 
48 I 181061123 287 
49 I 181063673 44 
50 I 181063688 1504 
51 I 181063694 875 
52 I 181093970 44 
53 I 208533395 52 
54 I 208562616 44 
55 I 208562616 44 
56 I 240912448 52 
57 I 240943108 44 
58 I 240945153 1150 
59 I 241015036 87 
60 I 241015135 87 
61 I 241135092 44 
62 I 241165138 287 
63 I 241167604 44 
64 I 241167621 1504 
65 I 241167626 875 
66 I 241198255 44 
