0 I 0 52 
1 I 117048 44 
2 I 230464 44 
3 I 231148 44 
4 I 234225 52 
5 I 342702 44 
6 I 457942 44 
7 I 458213 52 
8 I 527534 44 
9 I 559228 44 
10 I 656119 44 
11 I 799232 44 
12 I 37213215 52 
13 I 37315576 44 
14 I 37412968 44 
15 I 37413897 44 
16 I 37430806 52 
17 I 37532880 44 
18 I 37630051 44 
19 I 37631157 44 
20 I 37633134 52 
21 I 37732814 44 
22 I 37831375 44 
23 I 37832451 44 
24 I 167752135 52 
25 I 167861439 44 
26 I 167958597 44 
27 I 167959035 44 
28 I 167962713 52 
29 I 168062792 44 
30 I 168160270 44 
31 I 168160541 44 
32 I 168164238 52 
33 I 168264575 44 
34 I 168366550 44 
35 I 168367468 44 
