0 I 0 52 
1 I 309510 44 
2 I 749551 56 
3 I 879504 56 
4 I 889469 44 
5 I 27649593 52 
6 I 27960881 44 
7 I 28679642 44 
8 I 29130023 44 
9 I 29330231 44 
10 I 29529726 44 
11 I 29669585 44 
12 I 29830110 44 
13 I 29910389 44 
14 I 30110105 44 
15 I 30320641 44 
16 I 30501070 44 
17 I 30730078 44 
18 I 30909805 44 
19 I 30970258 44 
20 I 30970430 44 
21 I 31360733 52 
22 I 31361183 52 
23 I 31679557 44 
24 I 31759964 44 
25 I 32049643 56 
26 I 32109766 56 
27 I 32130578 44 
28 I 32130742 56 
29 I 32169892 56 
30 I 32180830 44 
31 I 32370267 52 
32 I 32370468 52 
33 I 33070671 44 
34 I 33170025 44 
35 I 33600363 44 
36 I 33619901 44 
37 I 33979980 44 
38 I 33980141 44 
39 I 34179710 44 
40 I 34289962 44 
41 I 34290298 44 
42 I 34319614 44 
43 I 34339929 44 
44 I 77509821 52 
45 I 78070342 44 
46 I 78990427 44 
47 I 79729870 44 
48 I 79980173 44 
49 I 80500361 44 
50 I 80599808 44 
51 I 80790361 44 
52 I 80949812 44 
53 I 81179843 44 
54 I 81349863 44 
55 I 81599904 44 
56 I 81769950 44 
57 I 81770111 44 
58 I 82970234 52 
59 I 82979920 52 
60 I 83330199 44 
61 I 83399858 44 
62 I 83780583 56 
63 I 83799916 56 
64 I 83820886 56 
65 I 83821049 56 
66 I 83850371 44 
67 I 83909845 44 
68 I 84161384 52 
69 I 84161669 52 
70 I 85170612 44 
71 I 85270690 44 
72 I 85679840 44 
73 I 85680130 44 
74 I 85710476 56 
75 I 86060566 56 
76 I 86070294 44 
77 I 89110748 52 
78 I 89530017 44 
79 I 90310287 56 
80 I 90440188 56 
81 I 90460327 44 
82 I 130420410 52 
83 I 131291201 44 
84 I 132200179 44 
85 I 132980107 44 
86 I 133151143 44 
87 I 133630167 44 
88 I 133730764 44 
89 I 133960833 44 
90 I 134160843 56 
91 I 134220153 56 
92 I 134410207 56 
93 I 134610100 56 
94 I 134820452 44 
95 I 135160598 44 
96 I 135360794 44 
97 I 135500579 56 
98 I 135580556 56 
99 I 135580665 44 
