0 I 0 44 
1 I 234960 44 
2 I 504600 44 
3 I 616287 44 
4 I 713903 44 
5 I 924618 44 
6 I 1113613 44 
7 I 1323525 44 
8 I 1478921 44 
9 I 1588135 44 
10 I 1799963 44 
11 I 1958682 44 
12 I 2119417 44 
13 I 2269599 44 
14 I 2485291 44 
15 I 2648477 44 
16 I 2809733 44 
17 I 3023414 44 
18 I 3123008 44 
19 I 3324890 44 
20 I 3590527 44 
21 I 3746498 44 
22 I 3948922 44 
23 I 4219405 44 
24 I 4424941 44 
25 I 4828421 44 
26 I 4985227 44 
27 I 5090103 44 
28 I 5145056 44 
29 I 5201363 44 
30 I 5215328 44 
31 I 7350562 52 
32 I 7533870 44 
33 I 8304974 44 
34 I 8608969 44 
35 I 9319353 44 
36 I 9611148 44 
37 I 9912561 44 
38 I 10111301 44 
39 I 11823806 44 
40 I 12103542 44 
41 I 12308931 44 
42 I 12510954 44 
43 I 12714165 44 
44 I 12918999 44 
45 I 13224271 44 
46 I 13424569 44 
47 I 15829791 44 
48 I 17205204 44 
49 I 19775067 44 
