0 I 0 52 
1 I 64525 44 
2 I 4597956 44 
3 I 4692649 44 
4 I 4731083 44 
5 I 4781551 44 
6 I 4821300 44 
7 I 4836994 44 
8 I 4899044 44 
9 I 4915481 44 
10 I 4966825 44 
11 I 4983262 44 
12 I 5015342 44 
13 I 5032044 44 
14 I 5054499 44 
15 I 5495925 56 
16 I 5511542 44 
17 I 5543724 44 
18 I 5559025 44 
19 I 5591356 44 
20 I 5614176 44 
21 I 5640072 44 
22 I 5656150 44 
23 I 5688599 44 
24 I 5704061 44 
25 I 5736195 44 
26 I 5752794 44 
27 I 5784237 44 
28 I 5800566 44 
29 I 5832558 44 
30 I 5848553 44 
31 I 5880578 44 
32 I 5897169 44 
33 I 5929061 44 
34 I 5945050 44 
35 I 5977058 44 
36 I 5993184 44 
37 I 6025562 44 
38 I 6041582 44 
39 I 6073833 44 
40 I 6089534 44 
41 I 6121482 44 
42 I 6137375 44 
43 I 6169566 44 
44 I 6185754 44 
45 I 6217761 44 
46 I 6234066 44 
47 I 6266053 44 
48 I 6282588 44 
49 I 6314549 44 
50 I 6330414 44 
51 I 6362399 44 
52 I 6378853 44 
53 I 6410648 44 
54 I 6427044 44 
55 I 6458807 44 
56 I 6475210 44 
57 I 6485654 56 
58 I 6501563 44 
