0 I 0 52 
1 I 142994 44 
2 I 257062 56 
3 I 291343 56 
4 I 296858 44 
5 I 302201 52 
6 I 363032 52 
7 I 368423 44 
8 I 431759 44 
9 I 474385 44 
10 I 511332 56 
11 I 519212 56 
12 I 524778 44 
13 I 529856 52 
14 I 553703 44 
15 I 591034 44 
16 I 651915 44 
17 I 657171 44 
18 I 697044 44 
19 I 744666 56 
20 I 752531 56 
21 I 757776 44 
22 I 787108 44 
23 I 845464 44 
24 I 879957 44 
25 I 924848 44 
26 I 959309 44 
27 I 996224 44 
28 I 1253446 44 
29 I 1539473 44 
30 I 1545023 44 
31 I 4973991 52 
32 I 5013924 44 
33 I 5090524 56 
34 I 5095945 56 
35 I 5101272 44 
36 I 5114403 52 
37 I 5140922 52 
38 I 5154087 44 
39 I 5276126 44 
40 I 5318775 56 
41 I 5323887 56 
42 I 5329074 44 
43 I 5374087 56 
44 I 5379302 56 
45 I 5384962 44 
46 I 20624912 52 
47 I 20664538 44 
48 I 20741681 56 
49 I 20746865 56 
50 I 20752299 44 
51 I 20757464 52 
52 I 20781319 52 
53 I 20797091 44 
54 I 20839724 44 
55 I 20881894 56 
56 I 20887713 56 
57 I 20892750 44 
58 I 20900568 52 
59 I 20919049 56 
60 I 20927213 56 
61 I 20932364 44 
62 I 20940531 44 
63 I 21046461 44 
64 I 21120406 44 
65 I 21176257 44 
66 I 21213360 44 
67 I 21223825 44 
68 I 21229257 44 
