0 I 0 70 
1 I 243418 64 
2 I 452804 64 
3 I 575737 64 
4 I 652463 64 
5 I 775740 64 
6 I 823597 64 
7 I 944636 70 
8 I 951816 70 
9 I 1009148 70 
10 I 1012973 70 
11 I 1096281 78 
12 I 1102425 78 
13 I 1229076 70 
14 I 1235478 70 
15 I 1290553 70 
16 I 1339716 70 
17 I 1452380 64 
18 I 1464441 64 
19 I 1579915 64 
20 I 1677422 64 
21 I 1723246 64 
22 I 1870719 64 
23 I 1963882 64 
24 I 2098642 64 
25 I 2157925 64 
26 I 2170518 64 
27 I 2337077 64 
28 I 2359930 64 
29 I 2371523 64 
30 I 2542927 64 
31 I 2559078 64 
32 I 2571387 64 
33 I 2788868 64 
34 I 2815990 64 
35 I 2827620 64 
36 I 2861607 64 
37 I 3010465 64 
38 I 3052558 64 
39 I 3074233 64 
40 I 3202118 64 
41 I 3246733 64 
42 I 3258506 64 
43 I 3271481 64 
44 I 3413990 64 
45 I 3446129 64 
46 I 3455500 64 
47 I 3475466 64 
48 I 3612897 64 
49 I 3643446 64 
50 I 3655531 64 
51 I 3679096 64 
52 I 3792528 64 
53 I 17582825 64 
54 I 18851566 64 
