0 I 0 52 
1 I 6255 52 
2 I 28134 44 
3 I 40147 44 
4 I 66339 44 
5 I 70306 44 
6 I 145012 52 
7 I 172863 44 
8 I 345816 44 
9 I 353048 44 
10 I 376000 44 
11 I 388088 44 
12 I 430359 44 
13 I 438428 44 
14 I 456412 44 
15 I 460509 44 
16 I 466463 44 
17 I 472974 44 
18 I 478546 44 
19 I 528849 44 
20 I 534891 44 
21 I 542941 44 
22 I 552954 44 
23 I 557038 44 
24 I 561595 44 
25 I 575042 44 
26 I 579199 44 
27 I 593213 44 
28 I 597188 44 
29 I 611917 44 
30 I 637492 44 
31 I 651549 44 
32 I 656146 56 
33 I 656151 44 
34 I 656153 44 
35 I 667650 44 
36 I 671711 44 
37 I 683696 44 
38 I 687646 44 
39 I 733985 44 
40 I 740039 44 
41 I 748062 44 
42 I 752142 44 
43 I 756418 56 
44 I 762138 44 
45 I 768223 44 
46 I 947477 44 
47 I 2732848 44 
48 I 2738923 44 
49 I 5765499 44 
50 I 5770083 44 
