0 I 0 52 
1 I 1787623 44 
2 I 1802178 112 
3 I 4040901 49 
4 I 5465654 49 
5 I 9443014 44 
6 I 23635525 44 
7 I 34149696 44 
8 I 37014302 44 
9 I 38471328 44 
10 I 53713668 44 
11 I 58321271 44 
12 I 60181149 44 
13 I 65190336 53 
14 I 67754615 44 
15 I 70363236 1504 
16 I 72346118 1504 
17 I 73856715 1504 
18 I 76052629 1504 
19 I 79839962 44 
20 I 84642256 1504 
21 I 86467654 1504 
22 I 86587311 1504 
23 I 86883791 44 
24 I 89602642 1504 
25 I 89743233 1504 
26 I 89796442 1504 
27 I 89903914 1504 
28 I 92004551 1504 
29 I 92131796 1504 
30 I 95917547 44 
31 I 102671910 381 
32 I 110419112 44 
33 I 119368976 1504 
34 I 122402730 1504 
35 I 122503898 1504 
36 I 125304150 1504 
37 I 127839388 1504 
38 I 127919422 1504 
39 I 128463342 44 
40 I 129802214 1504 
41 I 130143429 1504 
42 I 132323747 1504 
43 I 132439022 1504 
44 I 135063107 1504 
45 I 135134296 381 
46 I 137266856 49 
47 I 139660329 62 
48 I 139755911 1504 
49 I 139856750 1504 
50 I 139985003 1504 
51 I 142130083 1504 
52 I 142191199 1504 
53 I 142340761 1504 
54 I 142415297 1504 
55 I 144026270 56 
56 I 144069887 1504 
57 I 144240496 1504 
58 I 145138592 1504 
59 I 145169292 381 
60 I 147343374 1504 
61 I 149072459 1504 
62 I 149185148 1504 
63 I 151039302 1504 
64 I 152240174 1504 
65 I 152338257 1504 
66 I 153684401 1504 
67 I 154575295 1504 
68 I 154703297 1504 
69 I 156374860 1504 
70 I 156444891 1504 
71 I 156623449 1504 
72 I 156735071 381 
73 I 159244802 49 
74 I 178254858 44 
75 I 180747012 44 
