0 I 0 101 
1 I 593543 101 
2 I 1627346 101 
3 I 1717968 44 
4 I 2027339 101 
5 I 2549678 101 
6 I 3013118 44 
7 I 4030782 239 
8 I 4580450 101 
9 I 5039464 44 
10 I 5696247 44 
11 I 6035653 44 
12 I 6377485 44 
13 I 6616573 44 
14 I 7783236 101 
15 I 8400721 88 
16 I 8727006 88 
17 I 9737343 101 
18 I 10182350 106 
19 I 10254736 44 
20 I 11161443 44 
21 I 11632309 101 
22 I 11746785 44 
23 I 12498039 44 
24 I 12764459 44 
25 I 13184500 44 
26 I 14304643 44 
27 I 14581050 44 
28 I 15074730 88 
29 I 15591665 93 
30 I 15790681 44 
31 I 16140648 101 
32 I 16780112 88 
33 I 17737375 89 
34 I 18186407 243 
35 I 18527010 44 
36 I 18543902 88 
37 I 18915854 91 
38 I 19720465 44 
39 I 21116503 44 
40 I 21924327 101 
41 I 22227978 44 
42 I 23215723 44 
43 I 24836298 44 
44 I 27593370 101 
45 I 28037848 101 
46 I 30380006 44 
47 I 30678223 44 
48 I 31064465 44 
49 I 31895596 44 
50 I 32171281 44 
51 I 32586978 44 
52 I 33787478 44 
53 I 34405704 314 
54 I 34865760 101 
55 I 36454828 44 
56 I 37281586 44 
57 I 38000304 44 
58 I 38320145 44 
59 I 38542806 1311 
60 I 39011856 44 
61 I 40407771 89 
62 I 40733335 101 
63 I 41239239 44 
64 I 42501197 44 
65 I 42905156 101 
66 I 43339893 100 
67 I 43654362 44 
68 I 44196520 101 
69 I 45645128 44 
70 I 46146939 44 
71 I 46466642 44 
72 I 47220799 101 
73 I 47645941 101 
74 I 48884008 44 
75 I 49165367 44 
76 I 49467124 44 
77 I 50241618 101 
78 I 50490785 44 
79 I 52129663 44 
80 I 52459458 44 
81 I 52791248 44 
82 I 53123222 151 
83 I 53603781 44 
84 I 53905394 44 
85 I 54878696 44 
86 I 55118961 44 
87 I 55947474 44 
88 I 56347451 44 
89 I 56609375 44 
90 I 57023245 44 
91 I 57330162 44 
92 I 58430391 44 
93 I 58746322 44 
94 I 59036361 44 
95 I 60272487 101 
96 I 60351938 44 
97 I 60994568 116 
98 I 61060786 44 
99 I 61336640 44 
100 I 61895180 101 
101 I 62104661 44 
102 I 62257534 44 
103 I 62641524 101 
104 I 62750079 44 
105 I 62963051 44 
106 I 63174514 101 
107 I 64146907 101 
108 I 65643657 101 
109 I 65969627 44 
110 I 66391715 44 
111 I 66510776 64 
112 I 67377206 44 
113 I 68137532 44 
114 I 68498228 44 
115 I 69480729 44 
116 I 70317321 44 
117 I 70844134 44 
118 I 72437078 101 
119 I 72815669 202 
120 I 73414241 44 
121 I 73834506 101 
122 I 74044016 44 
123 I 74172660 44 
124 I 75214871 107 
125 I 75300502 44 
126 I 75529738 88 
127 I 76829437 44 
128 I 77312451 97 
129 I 77395994 44 
130 I 77888727 91 
131 I 78783559 44 
132 I 79014879 83 
133 I 79415410 131 
134 I 79769075 44 
135 I 80168748 101 
136 I 80446951 44 
137 I 80831176 101 
138 I 81194424 101 
139 I 81606641 44 
140 I 83594410 280 
141 I 83801082 44 
142 I 84203288 44 
143 I 85474292 88 
144 I 87602744 44 
145 I 88205196 44 
146 I 88894924 44 
147 I 89042306 330 
148 I 89135120 44 
149 I 89803906 101 
150 I 90325952 158 
151 I 90570149 44 
152 I 90962288 101 
153 I 92384025 101 
154 I 92977291 44 
155 I 93237304 44 
156 I 94328969 101 
157 I 94677877 101 
158 I 96118028 101 
159 I 97359249 44 
160 I 97448407 93 
161 I 98266299 98 
162 I 98588023 44 
163 I 98964036 44 
164 I 99271718 44 
165 I 99976244 101 
166 I 100349634 101 
167 I 100896917 44 
168 I 101341757 101 
169 I 103235733 89 
170 I 103714379 44 
171 I 103980356 101 
172 I 105443518 44 
173 I 106162230 44 
174 I 106505312 44 
175 I 106801038 44 
176 I 107756252 101 
177 I 107891086 44 
178 I 108023589 44 
179 I 108311420 44 
180 I 108713753 160 
181 I 108828330 44 
182 I 109384625 44 
183 I 109628797 44 
184 I 109932347 44 
185 I 110254210 101 
186 I 111133574 355 
187 I 111333774 44 
188 I 111390734 902 
189 I 111811040 110 
190 I 112166754 44 
191 I 112355516 101 
192 I 112767666 44 
193 I 112913832 625 
194 I 113339236 158 
195 I 113668885 44 
196 I 113958486 44 
197 I 114272402 44 
198 I 114519335 101 
199 I 115299810 101 
200 I 115830739 101 
201 I 116210069 89 
202 I 117052264 101 
203 I 117385322 44 
204 I 118267689 44 
205 I 119084569 155 
206 I 121088049 101 
207 I 121227910 44 
208 I 122426143 44 
209 I 123015868 44 
210 I 123374026 44 
211 I 124101029 101 
212 I 124624672 44 
213 I 125429313 44 
214 I 125773074 101 
215 I 126543454 44 
216 I 126925547 101 
217 I 127226977 158 
218 I 128445482 101 
219 I 128906367 145 
220 I 129232258 44 
221 I 130352014 44 
222 I 130924993 44 
223 I 131388480 102 
224 I 131685155 44 
225 I 131992861 97 
226 I 132381310 44 
227 I 132668548 82 
228 I 133256986 101 
229 I 133722311 44 
230 I 133959718 44 
231 I 134498573 44 
232 I 134961173 101 
233 I 135357296 44 
234 I 135375741 88 
235 I 135831899 87 
236 I 136592423 44 
237 I 136910750 44 
238 I 137193751 44 
239 I 137280756 101 
240 I 138113246 101 
241 I 138428390 44 
242 I 138788016 44 
243 I 139655002 101 
244 I 141100752 44 
245 I 141507404 110 
246 I 142619108 44 
247 I 143178234 158 
248 I 143654803 91 
249 I 143938765 44 
250 I 144893467 101 
251 I 145125408 44 
252 I 145188040 522 
253 I 145440792 44 
254 I 145748535 44 
255 I 146063905 44 
256 I 146435941 44 
257 I 147634592 44 
258 I 148038783 101 
259 I 148356437 44 
260 I 149331842 44 
261 I 149963217 96 
262 I 150325676 101 
263 I 150681139 44 
264 I 151386998 85 
265 I 151769174 44 
266 I 152617766 44 
267 I 153311876 44 
268 I 153908973 124 
269 I 155662449 44 
270 I 156191321 98 
271 I 156275851 44 
272 I 156561803 221 
273 I 156993784 44 
274 I 157601148 44 
275 I 158202410 44 
276 I 158518310 44 
277 I 159272489 143 
278 I 159481353 44 
279 I 159716596 44 
280 I 160139080 101 
281 I 160551732 101 
282 I 160993286 100 
283 I 161449032 101 
284 I 161726448 44 
285 I 162124698 44 
286 I 162443865 44 
287 I 162729438 44 
288 I 163131311 44 
289 I 163761102 44 
290 I 164215796 44 
291 I 164533131 44 
292 I 165007596 87 
293 I 165810058 91 
294 I 166087628 44 
295 I 167370643 44 
296 I 168372396 101 
297 I 168742289 101 
298 I 169061782 101 
299 I 169515119 44 
300 I 170888098 44 
301 I 171198325 44 
302 I 171692185 44 
303 I 172168789 101 
304 I 172692073 158 
305 I 173155335 107 
306 I 173548429 101 
307 I 174698757 44 
308 I 175145169 44 
309 I 175618102 104 
310 I 176530933 44 
311 I 177403568 108 
312 I 178242097 44 
313 I 178582004 89 
314 I 178824798 44 
315 I 178976047 101 
316 I 179893408 101 
317 I 180564837 44 
318 I 181039395 44 
319 I 181421764 101 
320 I 182141431 116 
321 I 182682345 44 
322 I 183054930 101 
323 I 184164757 44 
324 I 184494431 101 
325 I 184861341 44 
326 I 185574242 44 
327 I 186296161 44 
328 I 186573686 44 
329 I 186720064 64 
330 I 186988010 44 
331 I 187277965 44 
332 I 189063383 44 
333 I 189505747 158 
334 I 189783523 101 
335 I 190620237 101 
336 I 190710479 44 
337 I 190928412 44 
338 I 192166688 95 
339 I 193412111 88 
340 I 193761047 44 
341 I 194010450 44 
342 I 194718405 44 
343 I 195048011 88 
344 I 195683962 101 
345 I 196049886 44 
346 I 196339184 44 
347 I 196644511 44 
348 I 197444271 44 
349 I 198171294 44 
350 I 198811771 44 
351 I 199358013 109 
352 I 199820235 44 
353 I 200052672 92 
354 I 200871926 44 
355 I 201354596 102 
356 I 201744851 87 
357 I 202342099 88 
358 I 203283148 101 
359 I 203748047 153 
360 I 204144009 92 
361 I 204381321 163 
362 I 204897030 101 
363 I 205304264 82 
364 I 206639932 44 
365 I 206899647 44 
366 I 207197029 44 
367 I 208456229 44 
368 I 208900769 44 
369 I 209640016 95 
370 I 209851374 44 
371 I 210024065 144 
372 I 210362238 96 
373 I 210621434 44 
374 I 211335244 44 
375 I 211639107 88 
376 I 212187905 44 
377 I 212482023 88 
378 I 213014447 44 
379 I 214426541 44 
380 I 216352928 44 
381 I 217581963 325 
382 I 218308017 95 
383 I 218524693 101 
384 I 220704178 287 
385 I 220952283 101 
386 I 221124859 101 
387 I 222199000 44 
388 I 222602998 44 
389 I 222850564 101 
390 I 222991388 44 
391 I 223307023 158 
392 I 224151755 101 
393 I 225423253 44 
394 I 225798837 44 
395 I 226842337 92 
396 I 227341594 196 
397 I 227735204 56 
398 I 227741734 238 
399 I 228188411 44 
400 I 228622177 44 
401 I 229042614 44 
402 I 229575155 44 
403 I 229823583 94 
404 I 230337602 88 
405 I 232473352 101 
406 I 232650155 44 
407 I 233297463 44 
408 I 233563014 44 
409 I 234247548 88 
410 I 234325254 44 
411 I 234392832 647 
412 I 234948592 87 
413 I 235485705 101 
414 I 236792611 44 
415 I 237181059 142 
416 I 237595231 101 
417 I 238455751 101 
418 I 239913711 44 
419 I 240197293 44 
420 I 240529314 101 
421 I 240659829 44 
422 I 240846299 44 
423 I 241899559 44 
424 I 242407654 89 
425 I 242846108 44 
426 I 243220762 44 
427 I 243352386 692 
428 I 243660206 44 
429 I 244237738 101 
430 I 244605402 44 
431 I 245091029 109 
432 I 245341446 44 
433 I 245624939 44 
434 I 246007053 101 
435 I 246522275 44 
436 I 246698919 85 
437 I 246761439 101 
438 I 247474053 44 
439 I 248841804 44 
440 I 250568156 140 
441 I 251012433 44 
442 I 251235738 101 
443 I 252717988 44 
444 I 253213731 111 
445 I 253667108 44 
446 I 253966704 44 
447 I 254268324 44 
448 I 254791153 101 
449 I 254923559 101 
450 I 255205530 158 
451 I 255466875 137 
452 I 255945506 44 
453 I 256174744 44 
454 I 256991349 44 
455 I 257488231 44 
456 I 258242865 44 
457 I 258849732 101 
458 I 259039275 44 
459 I 259492967 96 
460 I 259851110 44 
461 I 260438153 44 
462 I 260899696 44 
463 I 261230498 44 
464 I 261642670 44 
465 I 262053188 116 
466 I 262500308 101 
467 I 262899544 101 
468 I 263299731 101 
469 I 263589627 44 
470 I 265548414 101 
471 I 265613291 44 
472 I 265868264 284 
473 I 266245910 44 
474 I 266704711 88 
475 I 267151701 101 
476 I 267754155 44 
477 I 268067905 44 
478 I 269752285 101 
479 I 270262150 44 
480 I 271665957 164 
481 I 272027534 158 
482 I 273264326 44 
483 I 273809311 44 
484 I 274044650 82 
485 I 275414128 101 
486 I 275458288 44 
487 I 276196349 44 
488 I 276624986 88 
489 I 277855842 101 
490 I 278106375 44 
491 I 278425349 44 
492 I 278901153 101 
493 I 279587238 44 
494 I 280047586 44 
495 I 280775469 101 
496 I 281028885 44 
497 I 282350071 44 
498 I 282685945 88 
499 I 283016787 88 
500 I 283450068 44 
501 I 284365462 44 
502 I 285023006 44 
503 I 285818234 101 
504 I 287001999 320 
505 I 287221015 91 
506 I 288232225 101 
507 I 289153545 44 
508 I 289884503 44 
509 I 290082838 104 
510 I 290324694 44 
511 I 291083972 101 
512 I 291472866 44 
513 I 291658589 88 
514 I 293941973 237 
515 I 293994236 293 
516 I 294744543 92 
517 I 295128129 44 
518 I 295504134 44 
519 I 295805710 44 
520 I 296498658 101 
521 I 297473078 44 
522 I 297941398 44 
523 I 298529221 44 
524 I 298922742 44 
525 I 299805798 44 
