0 I 0 1504 
1 I 27540526 1504 
2 I 51010953 1504 
3 I 75527058 1504 
4 I 81525859 1504 
5 I 143676020 44 
6 I 147458075 44 
7 I 147572442 52 
8 I 148580766 1504 
9 I 148588930 1504 
10 I 152516465 1504 
11 I 153539969 1504 
12 I 153548001 1504 
13 I 158888360 774 
14 I 159568920 1504 
15 I 160541806 1504 
16 I 160550320 1504 
17 I 165679038 774 
18 I 166579270 1504 
19 I 167560826 1504 
20 I 167568685 1504 
21 I 172629489 774 
22 I 173566173 1504 
23 I 174066222 1504 
24 I 174540862 1504 
25 I 190013497 1504 
26 I 243548454 1504 
27 I 256530697 44 
28 I 258819288 52 
29 I 258953861 44 
30 I 267904864 44 
