0 I 0 44 
1 I 124080 44 
2 I 504611 44 
3 I 799944 44 
4 I 1005980 44 
5 I 1831133 101 
6 I 2189542 101 
7 I 2537547 44 
8 I 2636130 101 
9 I 2808758 44 
10 I 3060848 294 
11 I 3170482 44 
12 I 4396559 101 
13 I 5304337 44 
14 I 7212951 44 
15 I 9636949 44 
16 I 9810763 101 
17 I 10217711 96 
18 I 10914018 86 
19 I 11105510 44 
20 I 11220749 101 
21 I 12420560 44 
22 I 12722974 44 
23 I 13129521 44 
24 I 13309718 101 
25 I 13954850 44 
26 I 14431917 44 
27 I 14465415 101 
28 I 14880920 44 
29 I 16721429 44 
30 I 16928791 44 
31 I 17712448 44 
32 I 18026501 44 
33 I 19345263 44 
34 I 19627712 44 
35 I 20170831 101 
36 I 20532440 101 
37 I 20894487 93 
38 I 21457333 44 
39 I 21732178 44 
40 I 22350073 102 
41 I 22629219 44 
42 I 22929565 44 
43 I 22985445 101 
44 I 23555522 44 
45 I 24051147 101 
46 I 25550032 88 
47 I 26705411 98 
48 I 27451067 109 
49 I 27810457 44 
50 I 28553542 108 
51 I 29735396 44 
52 I 30635694 81 
53 I 31138569 44 
54 I 31732636 44 
55 I 32680506 44 
56 I 33251796 44 
57 I 33271892 101 
58 I 33652850 44 
59 I 33830332 91 
60 I 34338887 44 
61 I 34663753 101 
62 I 35292947 44 
63 I 35800940 44 
64 I 37017355 88 
65 I 37630499 88 
66 I 40073680 97 
67 I 40156440 100 
68 I 40951862 44 
69 I 42476719 242 
70 I 42767344 44 
71 I 44024918 44 
72 I 44548949 99 
73 I 45852625 101 
74 I 46484834 88 
75 I 46780185 44 
76 I 47275483 44 
77 I 47896915 44 
78 I 48098313 101 
79 I 48575028 44 
80 I 50875416 44 
81 I 51168627 44 
82 I 52169535 44 
83 I 52966242 44 
84 I 53806832 91 
85 I 54740782 101 
86 I 54972114 44 
87 I 55268638 44 
88 I 55874592 44 
89 I 56039918 101 
90 I 56410931 44 
91 I 56721801 101 
92 I 57066308 102 
93 I 57225859 86 
94 I 57511920 100 
95 I 58103347 44 
96 I 58478483 44 
97 I 58791794 44 
98 I 59222102 94 
99 I 59544301 44 
100 I 60095126 101 
101 I 60478215 44 
102 I 61055906 44 
103 I 61248419 101 
104 I 61995407 44 
105 I 63014107 44 
106 I 63239099 88 
107 I 63530379 44 
108 I 63888875 44 
109 I 64045230 101 
110 I 64662761 101 
111 I 65869671 44 
112 I 66711169 44 
113 I 67288874 44 
114 I 70618523 215 
115 I 71032509 44 
116 I 71645836 89 
117 I 71849765 44 
118 I 72009813 101 
119 I 72305661 101 
120 I 72988529 44 
121 I 73199528 44 
122 I 73498960 44 
123 I 74153338 44 
124 I 74901653 44 
125 I 75061229 101 
126 I 76150412 143 
127 I 76748027 44 
128 I 77828085 101 
129 I 78308811 44 
130 I 78680008 44 
131 I 78931857 44 
132 I 80102263 44 
133 I 80493119 101 
134 I 81438650 101 
135 I 81771169 101 
136 I 82079073 101 
137 I 82261321 44 
138 I 82511906 44 
139 I 82992070 101 
140 I 84020763 101 
141 I 84511084 44 
142 I 85215138 44 
143 I 85376078 101 
144 I 85908859 44 
145 I 86454706 101 
146 I 87014585 44 
147 I 87211971 44 
148 I 87949594 101 
149 I 88385204 44 
150 I 89319276 44 
151 I 89597797 101 
152 I 90124091 44 
153 I 90263792 101 
154 I 91829195 44 
155 I 93098926 44 
156 I 93318144 101 
157 I 93570200 44 
158 I 93647943 101 
159 I 93919230 44 
160 I 94220830 44 
161 I 94974487 44 
162 I 96123440 44 
163 I 96928936 87 
164 I 97178183 88 
165 I 97413631 44 
166 I 97696044 101 
167 I 97969863 44 
168 I 98270691 101 
169 I 99300210 99 
170 I 99608028 101 
171 I 100002967 91 
172 I 100341216 44 
173 I 101047997 151 
174 I 101138218 244 
175 I 101355005 88 
176 I 102134525 44 
177 I 102921628 101 
178 I 104333723 101 
179 I 104579366 101 
180 I 104878560 44 
181 I 105545434 44 
182 I 105796820 167 
183 I 106259254 44 
184 I 106450953 88 
185 I 106642057 44 
186 I 106839375 44 
187 I 107382613 88 
188 I 107841619 44 
189 I 109126342 44 
190 I 109377410 44 
191 I 111236311 44 
192 I 111839619 44 
193 I 112097600 44 
194 I 112173239 101 
195 I 112940110 101 
196 I 113677076 44 
197 I 114155079 44 
198 I 115852358 44 
199 I 116144625 44 
200 I 116850441 44 
201 I 117332858 101 
202 I 118073448 101 
203 I 118306732 101 
204 I 119025817 91 
205 I 119350609 101 
206 I 120950615 93 
207 I 121212041 44 
208 I 122019154 88 
209 I 123254698 44 
210 I 123844914 44 
211 I 124369617 44 
212 I 124548733 88 
213 I 124715271 44 
214 I 126696734 101 
215 I 126871906 44 
216 I 127561923 44 
217 I 128555063 86 
218 I 128865792 86 
219 I 129241660 44 
220 I 129543524 44 
221 I 129871471 44 
222 I 130072008 101 
223 I 130407849 158 
224 I 130977499 44 
225 I 131523111 44 
226 I 131721957 88 
227 I 133010180 44 
228 I 133474935 44 
229 I 134172125 44 
230 I 134385611 44 
231 I 134976092 107 
232 I 135400941 81 
233 I 135594456 101 
234 I 136133525 44 
235 I 136619885 44 
236 I 137420084 89 
237 I 139990926 44 
238 I 140015174 89 
239 I 141095821 44 
240 I 141215117 97 
241 I 141789005 44 
242 I 142335296 44 
243 I 142587196 44 
244 I 143177606 101 
245 I 143412193 101 
246 I 143697555 44 
247 I 144468692 101 
248 I 144946002 99 
249 I 145236210 44 
250 I 145805573 44 
251 I 146279553 87 
252 I 147105721 44 
253 I 147433515 44 
254 I 147694516 44 
255 I 148101361 44 
256 I 148342465 91 
257 I 149736063 101 
258 I 150075116 44 
259 I 150100795 101 
260 I 150299018 44 
261 I 150604704 44 
262 I 151013590 44 
263 I 151620775 44 
264 I 151694539 101 
265 I 153126323 86 
266 I 154581186 367 
267 I 154857496 44 
268 I 155134589 101 
269 I 156120186 101 
270 I 156405707 101 
271 I 156711941 88 
272 I 156976088 44 
273 I 157170708 89 
274 I 157776046 101 
275 I 158343170 88 
276 I 158764754 44 
277 I 159116720 101 
278 I 161211431 44 
279 I 161222468 101 
280 I 161481498 44 
281 I 161858255 44 
282 I 162131974 44 
283 I 164432000 101 
284 I 166231900 44 
285 I 166621193 44 
286 I 166858419 44 
287 I 167238383 44 
288 I 167393481 88 
289 I 168124659 101 
290 I 168381953 44 
291 I 168620095 44 
292 I 168824914 44 
293 I 169241494 44 
294 I 169374440 95 
295 I 170086389 101 
296 I 171112405 44 
297 I 171653181 88 
298 I 172278378 44 
299 I 172561630 44 
300 I 172837950 44 
301 I 173258178 44 
302 I 173737881 44 
303 I 175031493 44 
304 I 175377649 92 
305 I 175799540 44 
306 I 176133153 44 
307 I 177828776 93 
308 I 178214755 88 
309 I 178536423 101 
310 I 178796162 101 
311 I 179304526 112 
312 I 180142329 44 
313 I 180345178 44 
314 I 181305555 44 
315 I 181795343 44 
316 I 182510869 86 
317 I 182776261 101 
318 I 183938886 92 
319 I 185312155 101 
320 I 185627538 44 
321 I 186453749 44 
322 I 187646548 44 
323 I 187935400 44 
324 I 188513240 92 
325 I 189755109 44 
326 I 190439593 44 
327 I 191057583 101 
328 I 191708765 44 
329 I 191803074 101 
330 I 191974415 44 
331 I 192521160 101 
332 I 192778572 88 
333 I 193116862 44 
334 I 193249644 101 
335 I 193499156 97 
336 I 193857776 44 
337 I 194803327 155 
338 I 195353928 101 
339 I 196041872 44 
340 I 196174501 107 
341 I 196664105 44 
342 I 196805075 89 
343 I 197496362 101 
344 I 197884980 87 
345 I 198267454 44 
346 I 198980570 44 
347 I 199001522 88 
348 I 199392086 101 
349 I 199883948 101 
350 I 200187157 101 
351 I 200529353 103 
352 I 200904929 44 
353 I 200918672 101 
354 I 202066154 142 
355 I 202185947 44 
356 I 202248069 86 
357 I 202904297 95 
358 I 203227144 44 
359 I 203254332 90 
360 I 203508812 86 
361 I 203961952 44 
362 I 205016839 44 
363 I 205217569 101 
364 I 206953999 88 
365 I 207969728 101 
366 I 208654114 158 
367 I 208974312 93 
368 I 209283386 44 
369 I 210305578 44 
370 I 210648183 44 
371 I 210884414 44 
372 I 211756067 113 
373 I 212570005 101 
374 I 212849512 91 
375 I 214200005 92 
376 I 214488016 101 
377 I 215088223 44 
378 I 215467680 101 
379 I 215896210 44 
380 I 217010502 88 
381 I 217200293 44 
382 I 217293568 44 
383 I 218118812 44 
384 I 218651348 88 
385 I 219131288 88 
386 I 219528050 98 
387 I 219680765 44 
388 I 219896731 44 
389 I 220291192 91 
390 I 221198412 44 
391 I 221509393 101 
392 I 221989433 92 
393 I 222360496 86 
394 I 223127624 44 
395 I 223156227 101 
396 I 223865724 101 
397 I 224120640 44 
398 I 224566471 101 
399 I 225006043 44 
400 I 227201054 44 
401 I 227324382 88 
402 I 227820304 44 
403 I 228112128 44 
404 I 228373002 44 
405 I 228926567 101 
406 I 230036979 87 
407 I 230252829 44 
408 I 230373098 44 
409 I 230712104 101 
410 I 230918174 101 
411 I 232116846 44 
412 I 232903163 44 
413 I 233330499 44 
414 I 233611885 44 
415 I 235065949 93 
416 I 235353789 91 
417 I 236189540 44 
418 I 236547258 44 
419 I 236916180 44 
420 I 239809326 88 
421 I 239916907 44 
422 I 240138571 44 
423 I 240237348 101 
424 I 240798087 101 
425 I 241152184 44 
426 I 241428285 44 
427 I 241848088 44 
428 I 241893043 88 
429 I 242006862 101 
430 I 242342606 44 
431 I 242407575 101 
432 I 242865434 44 
433 I 243326673 99 
434 I 243585695 44 
435 I 243609935 90 
436 I 244061956 101 
437 I 244625706 44 
438 I 244642301 95 
439 I 244855907 141 
440 I 245246448 101 
441 I 245373282 44 
442 I 245531185 44 
443 I 245553310 88 
444 I 245895535 44 
445 I 246813339 101 
446 I 247540512 44 
447 I 247566091 101 
448 I 247883646 101 
449 I 248252167 44 
450 I 250482264 96 
451 I 251652289 113 
452 I 251889390 44 
453 I 253945707 44 
454 I 254232210 44 
455 I 254513347 44 
456 I 254808090 101 
457 I 255252263 98 
458 I 255349056 44 
459 I 255462648 86 
460 I 255789022 44 
461 I 258282565 85 
462 I 259753751 44 
463 I 260140148 44 
464 I 260483248 87 
465 I 260949351 44 
466 I 261245032 98 
467 I 262099794 104 
468 I 262248037 44 
469 I 263208405 101 
470 I 263857600 44 
471 I 264069417 101 
472 I 264256103 44 
473 I 264677339 44 
474 I 264718990 88 
475 I 265922491 160 
476 I 266786233 44 
477 I 267240469 101 
478 I 267836915 44 
479 I 267964608 101 
480 I 268197014 44 
481 I 268473728 44 
482 I 268486089 97 
483 I 268942092 101 
484 I 269099207 101 
485 I 270473675 44 
486 I 270782250 44 
487 I 271417325 101 
488 I 272251763 88 
489 I 273701282 101 
490 I 273959145 44 
491 I 273993932 95 
492 I 274406839 101 
493 I 274728184 91 
494 I 274874469 44 
495 I 276568117 158 
496 I 276591767 44 
497 I 276825369 88 
498 I 277222184 101 
499 I 277512186 160 
500 I 277942638 44 
501 I 278382459 1504 
502 I 278426601 1504 
503 I 278476805 1504 
504 I 278516203 1504 
505 I 278721752 1504 
506 I 278766991 1504 
507 I 278933518 1504 
508 I 278966148 1504 
509 I 279121223 1504 
510 I 279168702 1504 
511 I 279236458 1504 
512 I 279276070 1504 
513 I 279315989 1504 
514 I 279569811 1504 
515 I 279607161 1504 
516 I 279674910 1504 
517 I 279724534 1504 
518 I 279916676 1312 
519 I 280206691 44 
520 I 280229938 44 
521 I 280472718 44 
522 I 281975833 44 
523 I 282525157 101 
524 I 282924210 44 
525 I 283282273 44 
526 I 283572744 44 
527 I 286258999 44 
528 I 286615051 98 
529 I 286950065 44 
530 I 287192365 44 
531 I 287360623 88 
532 I 287580049 44 
533 I 288104143 44 
534 I 288336475 101 
535 I 289110526 44 
536 I 289409966 44 
537 I 289698665 44 
538 I 290187334 44 
539 I 290524874 44 
540 I 290849276 44 
541 I 290865951 101 
542 I 291162474 44 
543 I 291214101 101 
544 I 293475558 101 
545 I 293893979 44 
546 I 294094757 44 
547 I 294557113 44 
548 I 294804576 101 
549 I 295084995 94 
550 I 295494331 44 
551 I 295512436 107 
552 I 297324308 44 
553 I 298046722 93 
554 I 298331824 44 
555 I 298454497 92 
556 I 298912487 44 
557 I 299711638 88 
