0 I 0 44 
1 I 14765826 44 
2 I 19011634 44 
3 I 23077054 44 
4 I 66173800 44 
5 I 67046010 44 
6 I 68817726 48 
7 I 81811219 44 
8 I 83895938 44 
9 I 89227135 53 
10 I 89703873 53 
11 I 94194142 44 
12 I 95367884 44 
13 I 98310646 53 
14 I 99965230 44 
15 I 101814587 44 
16 I 102699673 44 
17 I 107509812 53 
18 I 116168608 44 
19 I 116270339 44 
20 I 124468647 53 
21 I 125191114 53 
22 I 126980990 44 
23 I 127308131 44 
24 I 128409820 53 
25 I 132018520 44 
26 I 136284825 53 
27 I 146666017 44 
28 I 148583521 53 
29 I 153068276 53 
30 I 153556966 44 
31 I 159897718 44 
32 I 161694498 53 
33 I 164879273 53 
34 I 169528513 44 
35 I 170912968 53 
36 I 176312189 44 
37 I 184081319 44 
38 I 189977595 48 
39 I 190679250 44 
40 I 194053200 53 
41 I 194241591 44 
42 I 194364525 129 
43 I 194740987 44 
44 I 194766744 44 
45 I 194807132 44 
46 I 194832855 44 
47 I 195043614 44 
48 I 195073845 44 
49 I 195591010 44 
50 I 195598737 61 
51 I 196197622 44 
52 I 196343853 44 
53 I 196350401 44 
54 I 196370908 44 
55 I 196390130 44 
56 I 196599663 44 
57 I 196618550 44 
58 I 196642317 44 
59 I 196907126 44 
60 I 196929379 44 
61 I 196957074 44 
62 I 196990833 44 
63 I 197010150 44 
64 I 197060946 44 
65 I 197068451 61 
66 I 197287613 44 
67 I 197615569 44 
68 I 197622916 44 
69 I 197639102 44 
70 I 197658010 44 
71 I 197770619 44 
72 I 197794609 44 
73 I 197834236 44 
74 I 197847233 61 
75 I 198659176 53 
76 I 198694851 44 
77 I 198707516 44 
78 I 198714397 44 
79 I 198732410 44 
80 I 199140969 44 
81 I 199197559 44 
82 I 199225661 44 
83 I 199233864 44 
84 I 199279774 44 
85 I 199319540 44 
86 I 199343122 44 
87 I 199368686 44 
88 I 199374772 61 
89 I 200349775 44 
90 I 200361484 44 
91 I 200366228 44 
92 I 200378983 44 
93 I 200390861 44 
94 I 200691539 44 
95 I 200725692 44 
96 I 200754735 44 
97 I 200789437 44 
98 I 200796375 61 
99 I 201323286 44 
100 I 201345943 44 
101 I 201404802 44 
102 I 201411298 44 
103 I 201954295 56 
104 I 201982808 56 
105 I 201993288 56 
106 I 202017797 56 
107 I 202027351 56 
108 I 202325439 44 
109 I 202331141 61 
110 I 202478719 44 
111 I 202502497 44 
112 I 202540796 44 
113 I 202569805 44 
114 I 202778769 44 
115 I 203113863 44 
116 I 203160858 44 
117 I 203166824 61 
118 I 203714881 44 
119 I 203786678 44 
120 I 203803394 44 
121 I 203816261 44 
122 I 203832174 44 
123 I 204115969 44 
124 I 204322346 44 
125 I 204404554 44 
126 I 204411256 61 
127 I 205108617 44 
128 I 205116080 44 
129 I 205140789 44 
130 I 205166433 44 
131 I 205190589 44 
132 I 205203348 44 
133 I 205724552 44 
134 I 205740847 44 
135 I 205744445 61 
136 I 205888884 44 
137 I 206126743 44 
138 I 206132190 53 
139 I 206167152 44 
140 I 206172540 44 
141 I 206195602 44 
142 I 206202644 44 
143 I 206353574 44 
144 I 206461214 61 
145 I 207011473 44 
146 I 207061055 44 
147 I 207269336 44 
148 I 207280174 44 
149 I 207287033 44 
150 I 207291490 44 
151 I 207296743 44 
152 I 207303369 61 
153 I 207814274 44 
154 I 207825288 44 
155 I 207890702 44 
156 I 207916144 56 
157 I 207938265 56 
158 I 207949474 56 
159 I 207964393 56 
160 I 207996489 56 
161 I 208002340 56 
162 I 208485103 44 
163 I 208493835 61 
164 I 208769375 44 
165 I 208793517 44 
166 I 208832781 44 
167 I 208857300 44 
168 I 208899946 44 
169 I 208913610 44 
170 I 209364773 44 
171 I 209369032 61 
172 I 209572914 44 
173 I 209985441 44 
174 I 209991036 44 
175 I 210006394 44 
176 I 210032135 44 
177 I 210041561 44 
178 I 210097071 44 
179 I 210114039 44 
180 I 210120990 61 
181 I 210270953 44 
182 I 210285424 44 
183 I 210319706 44 
184 I 210351072 44 
185 I 210392054 44 
186 I 210415688 44 
187 I 210461331 44 
188 I 210598796 61 
189 I 211128364 44 
190 I 211154268 44 
191 I 211189876 44 
192 I 211220095 44 
193 I 211256924 44 
194 I 211281438 44 
195 I 211317262 44 
196 I 211323225 61 
197 I 211498937 44 
198 I 211526137 44 
199 I 211575414 56 
200 I 211596766 44 
201 I 211743577 53 
202 I 213038501 44 
203 I 213317204 44 
204 I 213463088 44 
205 I 213520947 44 
206 I 213588095 61 
207 I 214031768 44 
208 I 214047279 44 
209 I 214082083 44 
210 I 214103590 44 
211 I 214782012 44 
212 I 214788132 44 
213 I 214795172 44 
214 I 214804462 61 
215 I 215111547 44 
216 I 215134793 44 
217 I 215169892 44 
218 I 215194274 44 
219 I 215351219 44 
220 I 215572321 44 
221 I 215614826 44 
222 I 215627269 61 
223 I 215881273 44 
224 I 215925102 44 
225 I 215966672 44 
226 I 215984741 44 
227 I 216031647 44 
228 I 216574172 44 
229 I 216604218 44 
230 I 216614816 61 
231 I 216978890 44 
232 I 217014807 44 
233 I 217047891 44 
234 I 217067111 44 
235 I 217116293 44 
236 I 217127948 44 
237 I 217254109 44 
238 I 217260252 61 
239 I 217552656 44 
240 I 217579709 44 
241 I 217612689 44 
242 I 217634866 44 
243 I 217682085 44 
244 I 217763727 44 
245 I 217864106 44 
246 I 218308924 44 
247 I 218315163 61 
248 I 218483673 44 
249 I 218512853 44 
250 I 218543549 44 
251 I 218569055 44 
252 I 218638313 44 
253 I 218667478 44 
254 I 218718902 44 
255 I 218725943 61 
256 I 218943075 44 
257 I 218996028 44 
258 I 219018580 44 
259 I 219033733 44 
260 I 219071268 44 
261 I 219090356 44 
262 I 219133530 44 
263 I 219141427 61 
264 I 219787479 44 
265 I 219809627 44 
266 I 219855024 44 
267 I 219873692 44 
268 I 219918912 44 
269 I 219940259 44 
270 I 219989123 44 
271 I 219994095 61 
272 I 220596909 44 
273 I 220609625 44 
274 I 220643994 44 
275 I 220657466 44 
276 I 220702789 44 
277 I 220720551 44 
278 I 220762959 44 
279 I 220774345 61 
280 I 221095590 44 
281 I 221117433 44 
282 I 221137620 44 
283 I 221187507 44 
284 I 221196437 44 
285 I 221246643 44 
286 I 221280860 44 
287 I 221287640 44 
288 I 221293755 61 
289 I 221842436 44 
290 I 221862461 44 
291 I 221904345 44 
292 I 221925883 44 
293 I 221966969 44 
294 I 221990650 44 
295 I 222031191 44 
296 I 222048643 44 
297 I 222132065 61 
298 I 222450354 44 
299 I 222479811 44 
300 I 222519499 44 
301 I 222547439 44 
302 I 222586117 44 
303 I 222599807 44 
304 I 222640423 44 
305 I 222787133 44 
306 I 223024759 61 
307 I 223377542 44 
308 I 223394030 44 
309 I 223444903 44 
310 I 223464747 44 
311 I 223495550 44 
312 I 223520064 44 
313 I 223574736 44 
314 I 223648606 61 
315 I 223920714 44 
316 I 223950934 44 
317 I 223991069 44 
318 I 224009713 44 
319 I 224063857 44 
320 I 224496309 44 
321 I 224517503 44 
322 I 224522953 61 
323 I 224914958 44 
324 I 224935275 44 
325 I 224981973 44 
326 I 225001524 44 
327 I 225041236 44 
328 I 225063959 44 
329 I 225116418 44 
330 I 225124025 61 
331 I 225489312 53 
332 I 226555728 53 
333 I 227478971 53 
334 I 228820617 49 
335 I 229466616 44 
336 I 230005019 44 
337 I 232197771 44 
338 I 233155776 53 
339 I 236833587 1496 
340 I 236893121 1496 
341 I 236939766 1496 
342 I 236980232 1496 
343 I 237031158 1496 
344 I 237223239 1496 
345 I 237263794 1496 
346 I 237308888 1496 
347 I 237445725 1496 
348 I 237489824 1496 
349 I 237541207 1496 
350 I 237555895 469 
351 I 238214870 44 
352 I 238314546 53 
353 I 238954808 49 
354 I 242150346 53 
355 I 243929327 44 
356 I 244222446 44 
357 I 245067360 53 
358 I 253849890 53 
359 I 256647397 44 
360 I 258658340 44 
361 I 261569082 53 
362 I 270757515 53 
363 I 271034874 44 
364 I 271811706 44 
365 I 273315049 44 
366 I 282989281 53 
