0 I 0 52 
1 I 180580 44 
2 I 677973 106 
3 I 973782 44 
4 I 1545823 120 
5 I 2286049 77 
6 I 2630186 50 
7 I 3245834 586 
8 I 3325250 1504 
9 I 3378461 210 
10 I 3391870 1504 
11 I 3440010 210 
12 I 3452019 1504 
13 I 3523535 210 
14 I 3531169 1504 
15 I 3569476 210 
16 I 3576925 1504 
17 I 3631212 210 
18 I 4333083 1504 
19 I 4389405 210 
20 I 4408854 1504 
21 I 4440670 210 
22 I 4511790 1504 
23 I 4569155 210 
24 I 4691808 1504 
25 I 4741259 210 
26 I 4810678 1504 
27 I 4869075 210 
28 I 5567383 586 
29 I 5582437 1504 
30 I 5629557 210 
31 I 5743718 1504 
32 I 5810156 210 
33 I 5840080 1504 
34 I 5870508 210 
35 I 5878704 1504 
36 I 5939869 245 
37 I 6361265 1198 
38 I 6381637 1504 
39 I 6410172 315 
40 I 6572783 1504 
41 I 6621189 315 
42 I 6825933 1504 
43 I 6889989 315 
44 I 6909413 1504 
45 I 6960680 315 
46 I 7405107 621 
47 I 7418131 1504 
48 I 7471386 315 
49 I 7606752 621 
50 I 7624613 1504 
51 I 7670670 315 
52 I 8039606 621 
53 I 8123680 1504 
54 I 8179831 361 
55 I 8191048 1504 
56 I 8260119 384 
57 I 8851747 1244 
58 I 9027141 644 
59 I 9041959 1504 
60 I 9110483 384 
61 I 9345145 644 
62 I 9360121 1504 
63 I 9398798 384 
64 I 9420063 1504 
65 I 9511749 623 
66 I 9950092 644 
67 I 10043374 1244 
68 I 10070967 1504 
69 I 10119672 444 
70 I 10277173 664 
71 I 10361449 1504 
72 I 10429912 444 
73 I 10443000 1504 
74 I 10509579 444 
75 I 11034732 664 
76 I 11041705 1504 
77 I 11100351 444 
78 I 11113564 1504 
79 I 11181607 444 
80 I 11320338 1504 
81 I 11388665 444 
82 I 11493551 1504 
83 I 11539959 444 
84 I 11904620 664 
85 I 11911611 1504 
86 I 11990060 470 
87 I 12003366 1504 
88 I 12071125 522 
89 I 12239945 690 
90 I 12364606 1336 
91 I 12900976 664 
92 I 16391672 1504 
93 I 17169695 690 
94 I 22105739 932 
95 I 24608538 45 
96 I 29121170 45 
97 I 38027397 45 
98 I 57255682 45 
99 I 59725686 1504 
100 I 59771590 1504 
101 I 60746470 1504 
102 I 60792221 1504 
103 I 60852308 1504 
104 I 61696381 1504 
105 I 61740472 894 
106 I 142459787 44 
