0 I 0 52 
1 I 380214 44 
2 I 473753 441 
3 I 1044804 44 
4 I 1054131 44 
5 I 46086152 52 
6 I 46412623 44 
7 I 46478434 438 
8 I 47141354 44 
9 I 47148546 44 
10 I 66842172 52 
11 I 67029247 44 
12 I 67035849 437 
13 I 67200789 44 
14 I 67212883 44 
15 I 88179432 52 
16 I 88378731 44 
17 I 88415585 439 
18 I 88610950 44 
19 I 88617456 44 
20 I 255080124 52 
21 I 255308745 44 
22 I 255598444 440 
23 I 256327669 44 
24 I 256448526 44 
25 I 273240363 52 
26 I 273615725 44 
27 I 273622509 439 
28 I 274190793 44 
29 I 274255213 44 
