0 I 0 56 
1 I 845445 44 
2 I 851704 112 
3 I 1465655 137 
4 I 1591591 49 
5 I 5443520 139 
6 I 7374766 49 
7 I 10371801 44 
8 I 13995105 44 
9 I 14401905 44 
10 I 14855059 44 
11 I 15133761 44 
12 I 15768199 44 
13 I 15989539 44 
14 I 16623585 44 
15 I 16629111 44 
16 I 16635059 61 
17 I 17542281 44 
18 I 17548301 44 
19 I 17566975 44 
20 I 17845199 49 
21 I 18034110 44 
22 I 18040363 44 
23 I 18300974 44 
24 I 19075565 44 
25 I 19179611 44 
26 I 19187502 61 
27 I 21368011 61 
28 I 23110593 1504 
29 I 23148585 1504 
30 I 24198996 1504 
31 I 24267131 44 
32 I 24378693 1504 
33 I 25038494 1504 
34 I 25090420 1504 
35 I 25175055 44 
36 I 25378591 1504 
37 I 25850951 1504 
38 I 26056182 1504 
39 I 26092400 1504 
40 I 26141446 44 
41 I 26206932 1504 
42 I 26253269 381 
43 I 26430289 56 
44 I 26528784 1504 
45 I 26579244 1504 
46 I 26618488 1504 
47 I 26670054 1504 
48 I 26717940 1504 
49 I 27162707 1504 
50 I 27208347 1504 
51 I 27258125 1504 
52 I 27298025 1504 
53 I 27349099 1504 
54 I 27937417 1504 
55 I 27975171 381 
56 I 28164444 1504 
57 I 28208413 1504 
58 I 28260430 1504 
59 I 28306972 1504 
60 I 28348407 1504 
61 I 28397832 1504 
62 I 29033648 1504 
63 I 29070515 1504 
64 I 29108912 1504 
65 I 29171550 1504 
66 I 29206567 1504 
67 I 29259843 381 
68 I 29669665 44 
69 I 30586251 1504 
70 I 30629218 1504 
71 I 30678594 1504 
72 I 30728895 1504 
73 I 30768234 1504 
74 I 30818269 1504 
75 I 30869919 1504 
76 I 31017991 44 
77 I 31816167 1504 
78 I 31870087 1504 
79 I 31917138 1504 
80 I 32018242 1504 
81 I 32054906 381 
82 I 32134382 44 
83 I 32786321 44 
84 I 32844148 61 
85 I 32853138 1504 
86 I 32897725 1504 
87 I 32948494 1504 
88 I 32997884 1504 
89 I 33039627 1504 
90 I 33089493 1504 
91 I 33138789 1504 
92 I 33188967 1504 
93 I 33225648 44 
94 I 33303978 44 
95 I 33563951 44 
96 I 33617982 1504 
97 I 33668183 1504 
98 I 33719543 1504 
99 I 33754078 381 
100 I 34226776 61 
101 I 36936725 1504 
102 I 36987705 1504 
103 I 37026733 1504 
104 I 37078963 1504 
105 I 37128246 1504 
106 I 37177318 1504 
107 I 37218238 1504 
108 I 37266724 1504 
109 I 37318540 1504 
110 I 38018322 1504 
111 I 38112954 1504 
112 I 38154126 381 
113 I 38943463 44 
114 I 39012293 44 
115 I 39027570 1504 
116 I 39059753 1504 
117 I 39107583 1504 
118 I 39876474 44 
119 I 39896104 44 
120 I 39907488 1504 
121 I 39945786 381 
122 I 40511393 44 
123 I 40518632 1504 
124 I 40556416 1504 
125 I 40606569 1504 
126 I 40662917 1504 
127 I 40709117 1504 
128 I 40747952 1504 
129 I 40799854 1504 
130 I 41228142 44 
131 I 41235850 44 
132 I 41509437 1504 
133 I 41548228 1504 
134 I 41602327 1504 
135 I 41653201 1504 
136 I 41696674 1504 
137 I 41739886 1504 
138 I 42519408 1504 
139 I 42559144 1504 
140 I 42606627 1504 
141 I 43413693 56 
142 I 43953804 1504 
143 I 44981599 1504 
144 I 45414105 56 
145 I 45525864 381 
146 I 45785533 44 
147 I 46158717 61 
148 I 46167567 1504 
149 I 46196422 1504 
150 I 46248823 1504 
151 I 46478151 44 
152 I 46873594 1504 
153 I 46916859 1504 
154 I 46973709 1504 
155 I 47017613 1504 
156 I 47102879 44 
157 I 47539165 44 
158 I 47700845 1504 
159 I 47747823 1504 
160 I 47843359 1504 
161 I 47926629 1504 
162 I 47942447 56 
163 I 48286953 56 
164 I 48291608 56 
165 I 48499333 56 
166 I 48987642 44 
167 I 49204522 56 
168 I 49648262 56 
169 I 49966392 44 
170 I 50007294 381 
171 I 50313054 44 
172 I 50775886 61 
173 I 50785198 1504 
174 I 51091714 44 
175 I 51483169 1504 
176 I 51530917 1504 
177 I 51580667 1504 
178 I 51752007 44 
179 I 52537205 1504 
180 I 52577507 1504 
181 I 52627221 1504 
182 I 53361137 1504 
183 I 53370336 1504 
184 I 53410141 1504 
185 I 53458775 1504 
186 I 54074932 398 
187 I 55566402 398 
188 I 57537625 1504 
189 I 57567172 1504 
190 I 58069761 1504 
191 I 58117853 1504 
192 I 58279200 44 
193 I 58286374 1504 
194 I 58978593 1504 
195 I 59174078 1504 
196 I 59219663 1504 
197 I 59268283 1504 
198 I 60177144 1504 
199 I 60307698 1504 
200 I 60345979 381 
201 I 60843994 44 
202 I 60851297 1504 
203 I 60898200 1504 
204 I 60953005 1504 
205 I 60999040 1504 
206 I 61038090 1504 
207 I 61949953 1504 
208 I 61990454 1504 
209 I 62227130 1504 
210 I 62277995 1504 
211 I 62845080 1504 
212 I 62856381 381 
213 I 63238493 1504 
214 I 63767098 61 
215 I 63775925 1504 
216 I 63816669 1504 
217 I 64360778 1504 
218 I 64406368 1504 
219 I 64677303 1504 
220 I 65045013 1504 
221 I 65088194 1504 
222 I 65248131 1504 
223 I 65296138 1504 
224 I 65558829 1504 
225 I 65606633 1504 
226 I 65643520 381 
227 I 66617970 1504 
228 I 66667842 1504 
229 I 66717502 1504 
230 I 66767321 1504 
231 I 66805894 1504 
232 I 67581853 1504 
233 I 67616907 1504 
234 I 68160989 1504 
235 I 68187638 1504 
236 I 68714032 381 
237 I 68840694 44 
238 I 70004306 1504 
239 I 70337384 1504 
240 I 70385990 1504 
241 I 70799881 1504 
242 I 70848717 1504 
243 I 71486890 1504 
244 I 71528438 1504 
245 I 73283574 1504 
246 I 76949462 1504 
247 I 77661659 1504 
248 I 77706365 1504 
249 I 78319392 44 
250 I 78793331 1504 
251 I 78826070 1504 
252 I 79601550 1504 
253 I 79608760 1504 
254 I 80380469 1504 
255 I 80427767 381 
256 I 81365068 61 
257 I 81371340 112 
258 I 81380283 1504 
259 I 81427064 1504 
260 I 81467058 1504 
261 I 83759076 1504 
262 I 84039941 44 
263 I 84433515 1504 
264 I 84475770 1504 
265 I 84857612 1504 
266 I 84896544 1504 
267 I 84950226 1504 
268 I 85691077 1504 
269 I 85781440 1504 
270 I 85826183 381 
271 I 86959334 1504 
272 I 87557746 1504 
273 I 89354747 44 
274 I 89834235 1504 
275 I 90263322 44 
276 I 90583183 1504 
277 I 90606168 1504 
278 I 91525750 1504 
279 I 91566399 1504 
280 I 91616075 1504 
281 I 95407677 1504 
282 I 96527315 1504 
283 I 96568386 1504 
284 I 97534198 1504 
285 I 97556424 381 
286 I 99279562 1504 
287 I 99908450 1504 
288 I 99958526 1504 
289 I 100189514 44 
290 I 100668415 1504 
291 I 100708114 1504 
292 I 101302460 1504 
293 I 101345899 1504 
294 I 102016397 1504 
295 I 102067478 1504 
296 I 102117109 1504 
297 I 103161210 1504 
298 I 106264876 44 
299 I 106286875 1504 
300 I 107163666 381 
301 I 107955728 1504 
302 I 107996799 1504 
303 I 108047692 1504 
304 I 109096360 1504 
305 I 109337262 1504 
306 I 109386726 1504 
307 I 110367476 1504 
308 I 110418181 1504 
309 I 111475477 1504 
310 I 111527289 1504 
311 I 112139802 44 
312 I 112260431 381 
313 I 114196276 1504 
314 I 114988909 61 
315 I 115378517 117 
316 I 116023664 44 
317 I 116062277 44 
318 I 116164278 44 
319 I 116777858 44 
320 I 116786647 44 
321 I 116824185 44 
322 I 117470982 44 
323 I 117476951 61 
324 I 118377498 53 
325 I 118391377 44 
326 I 118397789 44 
327 I 118403658 44 
328 I 119235272 44 
329 I 119241440 44 
330 I 119253324 44 
331 I 119265498 61 
332 I 120465218 44 
333 I 121167117 1504 
334 I 121216136 1504 
335 I 121256305 1504 
336 I 123307530 1504 
337 I 123420392 44 
338 I 123827011 1504 
339 I 123857015 1504 
340 I 124717056 1504 
341 I 124769549 1504 
342 I 124807941 1504 
343 I 125494820 1504 
344 I 125535885 1504 
345 I 125574157 381 
346 I 126494303 1504 
347 I 126527429 1504 
348 I 126577792 1504 
349 I 126626580 1504 
350 I 127696723 1504 
351 I 127737608 1504 
352 I 128681325 1504 
353 I 128705783 1504 
354 I 129578707 1504 
355 I 129616746 1504 
356 I 129657945 1504 
357 I 129976659 44 
358 I 130176404 381 
359 I 130875814 1504 
360 I 130918390 1504 
361 I 130967429 1504 
362 I 131604725 1504 
363 I 131645667 1504 
364 I 131793028 1504 
365 I 132346428 1504 
366 I 132396172 1504 
367 I 132436991 1504 
368 I 132687627 1504 
369 I 133266641 1504 
370 I 133314190 381 
371 I 134286965 1504 
372 I 134335709 1504 
373 I 134392769 1504 
374 I 134426537 1504 
375 I 134475772 1504 
376 I 135190532 1504 
377 I 135734624 1504 
378 I 135776060 1504 
379 I 135816649 1504 
380 I 135867516 1504 
381 I 135916428 1504 
382 I 136568965 44 
383 I 138183096 381 
384 I 138914980 1504 
385 I 138968365 1504 
386 I 139867587 1504 
387 I 139907336 1504 
388 I 139957983 1504 
389 I 140729388 1504 
390 I 140736716 1504 
391 I 140758399 1504 
392 I 140984419 44 
393 I 141157956 1504 
394 I 141206871 1504 
395 I 141256721 1504 
396 I 141303191 381 
397 I 142202266 1504 
398 I 142247753 1504 
399 I 142296917 1504 
400 I 143104856 56 
401 I 143113588 1504 
402 I 143169388 1504 
403 I 143195512 1504 
404 I 143246434 1504 
405 I 144644029 1504 
406 I 144965887 44 
407 I 145266983 1504 
408 I 145317379 1504 
409 I 145976378 1504 
410 I 145984980 381 
411 I 146644909 44 
412 I 146759329 1504 
413 I 146797438 1504 
414 I 146846254 1504 
415 I 147787514 44 
416 I 147996573 1504 
417 I 148036614 1504 
418 I 148763476 1504 
419 I 148806703 1504 
420 I 149725576 1504 
421 I 150278542 44 
422 I 150567833 1504 
423 I 150626526 1504 
424 I 151597276 1504 
425 I 151644436 381 
426 I 152495650 1504 
427 I 152546470 1504 
428 I 152645877 44 
429 I 153302157 1504 
430 I 153345658 1504 
431 I 153386090 1504 
432 I 154982719 1504 
433 I 155668104 1504 
434 I 155706658 1504 
435 I 155985930 1504 
436 I 156436703 1504 
437 I 156757815 1504 
438 I 157236868 1504 
439 I 157274199 381 
440 I 157688426 1504 
441 I 157706950 1504 
442 I 157746514 1504 
443 I 157994296 1504 
444 I 158032801 1504 
445 I 158214813 1504 
446 I 158265884 1504 
447 I 158335504 1504 
448 I 158368239 1504 
449 I 158440176 1504 
450 I 158783909 1504 
451 I 158823513 381 
452 I 159144383 1504 
453 I 159188840 1504 
454 I 159225913 1504 
455 I 159277428 1504 
456 I 159327530 1504 
457 I 160063369 1504 
458 I 160107915 1504 
459 I 160300582 1504 
460 I 160347334 1504 
461 I 160397263 1504 
462 I 161197911 1504 
463 I 161234313 381 
464 I 161727158 1504 
465 I 161765916 1504 
466 I 161817619 1504 
467 I 161865814 1504 
468 I 161915645 1504 
469 I 161957353 1504 
470 I 162345513 44 
471 I 162888397 1504 
472 I 163076497 1504 
473 I 163125299 1504 
474 I 163166439 1504 
475 I 163213704 381 
476 I 165855256 44 
477 I 165991248 1504 
478 I 166541883 1504 
479 I 166552672 1504 
480 I 166708106 44 
481 I 167139123 1504 
482 I 167158750 1504 
483 I 167195057 1504 
484 I 167742863 1504 
485 I 167758763 1504 
486 I 167807158 1504 
487 I 167858421 1504 
488 I 168177944 1504 
489 I 168215269 1504 
490 I 168262870 381 
491 I 168632193 1504 
492 I 168676583 1504 
493 I 168716341 1504 
494 I 168766013 1504 
495 I 168818432 1504 
496 I 169101640 1504 
497 I 169134442 1504 
498 I 169235561 1504 
499 I 169288098 1504 
500 I 169826876 1504 
501 I 169866419 1504 
502 I 169912774 381 
503 I 170480211 44 
504 I 171154143 1504 
505 I 171197054 1504 
506 I 171239993 1504 
507 I 171287876 1504 
508 I 171838553 1504 
509 I 171936955 1504 
510 I 172415594 1504 
511 I 172546769 1504 
512 I 172586938 1504 
513 I 172635873 1504 
514 I 173475693 1504 
515 I 173530161 381 
516 I 174345024 1504 
517 I 174394975 1504 
518 I 174436658 1504 
519 I 174588715 44 
520 I 175389364 1504 
521 I 175426197 1504 
522 I 175527843 1504 
523 I 176415005 1504 
524 I 176639866 1504 
525 I 177188248 1504 
526 I 177222912 381 
527 I 178763108 44 
528 I 178815369 1504 
529 I 179576051 1504 
530 I 179605487 1504 
531 I 180157380 1504 
532 I 180197118 1504 
533 I 180245767 1504 
534 I 180296577 1504 
535 I 181351073 1504 
536 I 181396777 1504 
537 I 181455979 1504 
538 I 181895666 1504 
539 I 181947370 1504 
540 I 181995881 1504 
541 I 182047417 1504 
542 I 182862824 44 
543 I 182993680 381 
544 I 183206659 1504 
545 I 183246152 1504 
546 I 183294764 1504 
547 I 183351889 1504 
548 I 183708515 1504 
549 I 183737339 1504 
550 I 183786971 1504 
551 I 183974411 1504 
552 I 184606500 1504 
553 I 184635613 1504 
554 I 184693914 1504 
555 I 184725335 381 
556 I 185743882 61 
557 I 186772531 117 
558 I 186778343 44 
559 I 187702291 56 
560 I 187707883 56 
561 I 187713960 56 
562 I 188465282 56 
563 I 188470592 44 
564 I 188534439 44 
565 I 189214788 44 
566 I 189220700 61 
567 I 189707854 44 
568 I 189715057 44 
569 I 190604928 44 
570 I 191124898 44 
571 I 191130778 44 
572 I 191314857 44 
573 I 191321009 61 
574 I 191471303 44 
575 I 191489930 44 
576 I 191543210 44 
577 I 191744924 44 
578 I 191814090 44 
579 I 192173519 56 
580 I 192179625 56 
581 I 192608535 44 
582 I 192617339 61 
583 I 193101782 44 
584 I 193620122 44 
585 I 198160676 49 
586 I 200393470 49 
587 I 200721389 1504 
588 I 200766499 1504 
589 I 201304682 1504 
590 I 201576854 1504 
591 I 201616135 1504 
592 I 202368347 1504 
593 I 202566099 1504 
594 I 202614071 1504 
595 I 202665911 1504 
596 I 203231450 1504 
597 I 203276447 1504 
598 I 203312389 381 
599 I 203698832 1504 
600 I 203749761 1504 
601 I 203795050 1504 
602 I 203844028 1504 
603 I 203886949 1504 
604 I 204296038 1504 
605 I 204426874 1504 
606 I 204466000 1504 
607 I 204533282 1504 
608 I 204576045 1504 
609 I 205250517 1504 
610 I 205292955 381 
611 I 205478227 44 
612 I 205884900 1504 
613 I 205924266 1504 
614 I 205976042 1504 
615 I 206026215 1504 
616 I 206066040 1504 
617 I 206115735 1504 
618 I 206542380 44 
619 I 206698197 1504 
620 I 206793740 1504 
621 I 206836971 1504 
622 I 206893826 381 
623 I 207394891 1504 
624 I 207444945 1504 
625 I 207999345 44 
626 I 208138033 61 
627 I 208145217 1504 
628 I 208187458 1504 
629 I 208234914 1504 
630 I 208284917 1504 
631 I 209113047 56 
632 I 209119362 56 
633 I 209128171 1504 
634 I 209166491 1504 
635 I 209993350 44 
636 I 210115988 44 
637 I 210217584 1504 
638 I 210722773 56 
639 I 211008331 1504 
640 I 211055627 1504 
641 I 211503046 56 
642 I 211745582 1504 
643 I 211795747 1504 
644 I 211842315 449 
645 I 212637299 1504 
646 I 212674455 1504 
647 I 212726650 1504 
648 I 212774260 44 
649 I 213240157 1504 
650 I 213266372 1504 
651 I 213337397 1504 
652 I 213365688 1504 
653 I 213426389 44 
654 I 213879937 1504 
655 I 213914836 1504 
656 I 214486688 1504 
657 I 214678052 1504 
658 I 214723619 381 
659 I 214734439 44 
660 I 215277304 1504 
661 I 215313820 381 
662 I 215376264 1504 
663 I 215425015 1504 
664 I 215464459 1504 
665 I 215514114 44 
666 I 215520170 44 
667 I 216375351 1504 
668 I 216467066 1504 
669 I 216566052 1504 
670 I 216622767 44 
671 I 216628364 44 
672 I 217305963 1504 
673 I 217650400 1504 
674 I 217696377 1504 
675 I 218244447 1504 
676 I 218341315 56 
677 I 218349556 1504 
678 I 218391230 56 
679 I 218505295 1504 
680 I 218554126 381 
681 I 220435555 61 
682 I 220445047 1504 
683 I 220486234 1504 
684 I 220526106 1504 
685 I 220574623 1504 
686 I 221302979 44 
687 I 221312147 1504 
688 I 221356558 1504 
689 I 221405230 1504 
690 I 221511454 1504 
691 I 222107390 1504 
692 I 222150106 1504 
693 I 222193453 381 
694 I 223979672 1504 
695 I 226280654 1504 
696 I 226324360 1504 
697 I 226849027 1504 
698 I 226896653 1504 
699 I 227021517 44 
700 I 227651707 1504 
701 I 227700126 1504 
702 I 227784071 1504 
703 I 228020709 1504 
704 I 228785349 1504 
705 I 228841412 1504 
706 I 228880165 1504 
707 I 228924629 381 
708 I 229247527 44 
709 I 229782145 44 
710 I 229838697 61 
711 I 229847915 1504 
712 I 229885802 1504 
713 I 229934593 1504 
714 I 229985071 1504 
715 I 230025842 1504 
716 I 230103776 44 
717 I 230583543 44 
718 I 230592843 1504 
719 I 230655635 1504 
720 I 230694478 1504 
721 I 230749388 1504 
722 I 230851646 1504 
723 I 230895985 1504 
724 I 231292332 381 
725 I 231303463 44 
726 I 231339426 44 
727 I 231654237 1504 
728 I 231696526 1504 
729 I 231748169 1504 
730 I 231796607 1504 
731 I 231835379 1504 
732 I 231887238 1504 
733 I 231938341 44 
734 I 231982626 44 
735 I 232081617 44 
736 I 232091199 1504 
737 I 232136307 1504 
738 I 232200779 1504 
739 I 232236414 1504 
740 I 232323671 1504 
741 I 232363407 381 
742 I 232674201 44 
743 I 233212737 61 
744 I 233221487 1504 
745 I 233267003 1504 
746 I 233306014 1504 
747 I 233357031 1504 
748 I 233406483 1504 
749 I 233456067 1504 
750 I 233496038 1504 
751 I 233550008 1504 
752 I 233651025 44 
753 I 233690122 44 
754 I 233732928 44 
755 I 234094931 1504 
756 I 234143749 1504 
757 I 234195720 1504 
758 I 234801786 44 
759 I 234813566 44 
760 I 234893841 44 
761 I 235032779 44 
762 I 236899037 398 
763 I 238071279 1504 
764 I 238115461 1504 
765 I 238747819 1504 
766 I 238801185 1504 
767 I 238855596 1504 
768 I 239695596 1504 
769 I 239748922 1504 
770 I 239784558 1504 
771 I 239834862 1504 
772 I 240482799 1504 
773 I 240515773 1504 
774 I 240562587 381 
775 I 241922658 61 
776 I 241931256 1504 
777 I 241976123 1504 
778 I 242025512 1504 
779 I 242074679 1504 
780 I 242886607 1504 
781 I 242942114 1504 
782 I 242986786 1504 
783 I 243035157 1504 
784 I 243086169 1504 
785 I 244264213 1504 
786 I 244742051 1504 
787 I 245336523 1504 
788 I 245424634 1504 
789 I 245864267 385 
790 I 246558227 56 
791 I 246824369 1504 
792 I 246874868 1504 
793 I 247542344 56 
794 I 248061727 1504 
795 I 248105132 1504 
796 I 248461524 56 
797 I 248786128 1504 
798 I 248824906 1504 
799 I 249533163 56 
800 I 249765230 1504 
801 I 249805024 1504 
802 I 250441319 56 
803 I 250673184 1504 
804 I 250724999 1504 
805 I 251063048 56 
806 I 251222753 1504 
807 I 251252079 381 
808 I 251480072 56 
809 I 251681745 1504 
810 I 251725282 1504 
811 I 252788343 1504 
812 I 252825212 1504 
813 I 253767307 1504 
814 I 253808848 1504 
815 I 254514411 1504 
816 I 254555380 1504 
817 I 255797234 1504 
818 I 255846428 1504 
819 I 256499753 44 
820 I 256804657 1504 
821 I 256845130 381 
822 I 257463623 44 
823 I 257923396 61 
824 I 258313529 44 
825 I 259045196 44 
826 I 259603522 56 
827 I 259653016 56 
828 I 260692178 56 
829 I 260700295 44 
830 I 261190475 44 
831 I 262323902 61 
832 I 267205689 1504 
833 I 267832684 1504 
834 I 267855210 1504 
835 I 268260321 1504 
836 I 268296150 1504 
837 I 269040546 1504 
838 I 269086399 1504 
839 I 269884456 1504 
840 I 269924294 1504 
841 I 269975472 1504 
842 I 270834295 1504 
843 I 270883463 381 
844 I 271603694 1504 
845 I 271634702 1504 
846 I 271684635 1504 
847 I 271735443 1504 
848 I 271927749 44 
849 I 272447708 1504 
850 I 272495356 1504 
851 I 272551459 1504 
852 I 272715212 1504 
853 I 275324376 1504 
854 I 276614398 1504 
855 I 276655322 1504 
856 I 276734358 44 
857 I 277480268 381 
858 I 278107466 1504 
859 I 278146722 1504 
860 I 278194370 1504 
861 I 278846020 1504 
862 I 279058896 1504 
863 I 279094807 1504 
864 I 279805670 1504 
865 I 279845688 1504 
866 I 279963708 1504 
867 I 280007421 1504 
868 I 280826555 1504 
869 I 280862767 381 
