0 I 0 44 
1 I 421954 44 
2 I 1929808 44 
3 I 2104716 101 
4 I 2441214 96 
5 I 2820345 101 
6 I 3126833 44 
7 I 3172391 101 
8 I 3466639 94 
9 I 3807958 96 
10 I 4043207 44 
11 I 4224408 88 
12 I 4527021 101 
13 I 5472679 44 
14 I 6030869 101 
15 I 6620029 44 
16 I 7525182 104 
17 I 7936402 89 
18 I 8303251 101 
19 I 8655703 44 
20 I 8973392 44 
21 I 9237671 101 
22 I 9765094 88 
23 I 10468617 44 
24 I 10707476 96 
25 I 11389040 44 
26 I 11671406 44 
27 I 12569513 101 
28 I 12984979 91 
29 I 13473850 44 
30 I 14083655 90 
31 I 14428954 101 
32 I 14768741 101 
33 I 15070675 101 
34 I 15682527 88 
35 I 15975521 44 
36 I 16174231 44 
37 I 16222062 101 
38 I 16700265 92 
39 I 17591409 101 
40 I 18583034 44 
41 I 19099036 92 
42 I 19470652 101 
43 I 19909172 142 
44 I 20619883 44 
45 I 21106030 44 
46 I 22498451 44 
47 I 23414257 44 
48 I 23507399 90 
49 I 23802311 44 
50 I 24298692 101 
51 I 24578987 44 
52 I 24805641 44 
53 I 25919715 101 
54 I 26720341 44 
55 I 27032040 101 
56 I 27489430 101 
57 I 27790148 88 
58 I 28272164 101 
59 I 28323696 44 
60 I 28587552 101 
61 I 28960232 44 
62 I 29129058 101 
63 I 29550063 101 
64 I 30144924 44 
65 I 30434104 44 
66 I 31267607 44 
67 I 31639848 44 
68 I 31952328 44 
69 I 32046267 101 
70 I 32643510 119 
71 I 34230633 101 
72 I 34602228 44 
73 I 35015958 101 
74 I 35678090 101 
75 I 36239326 44 
76 I 36653680 101 
77 I 38651884 101 
78 I 39324555 101 
79 I 40106388 101 
80 I 40492245 101 
81 I 41573645 44 
82 I 42121783 101 
83 I 43278349 101 
84 I 44194744 101 
85 I 44579666 44 
86 I 44763788 101 
87 I 45582990 88 
88 I 46496075 44 
89 I 46787485 44 
90 I 47735185 44 
91 I 47963668 103 
92 I 48419700 83 
93 I 48801313 151 
94 I 49209531 44 
95 I 49311267 101 
96 I 49668674 101 
97 I 49905159 44 
98 I 50050516 85 
99 I 50491120 44 
100 I 50693591 44 
101 I 51034853 44 
102 I 51198195 105 
103 I 51549363 101 
104 I 52593785 44 
105 I 52882406 90 
106 I 53670236 98 
107 I 54025075 44 
108 I 54918736 101 
109 I 55373779 101 
110 I 55665897 44 
111 I 55860913 101 
112 I 56728235 44 
113 I 57054445 44 
114 I 57476692 90 
115 I 59427143 44 
116 I 59603099 101 
117 I 60337986 44 
118 I 60514752 103 
119 I 61194613 96 
120 I 61618626 101 
121 I 62112842 95 
122 I 62522654 89 
123 I 63205151 146 
124 I 63627978 160 
125 I 64005730 101 
126 I 64230513 44 
127 I 64434181 44 
128 I 66045695 44 
129 I 66349233 44 
130 I 66902953 101 
131 I 67790292 44 
132 I 67945173 101 
133 I 68384602 101 
134 I 69230189 101 
135 I 70129488 101 
136 I 72050232 101 
137 I 73315085 101 
138 I 73746385 88 
139 I 74347291 96 
140 I 74602982 44 
141 I 74873958 101 
142 I 75064887 44 
143 I 75344376 96 
144 I 75621886 88 
145 I 77077267 44 
146 I 77277322 44 
147 I 78432307 85 
148 I 78790854 158 
149 I 79285188 44 
150 I 79521426 101 
151 I 79896124 44 
152 I 80319014 44 
153 I 81584064 96 
154 I 82470186 101 
155 I 83290742 44 
156 I 83660303 101 
157 I 84026099 90 
158 I 84397920 148 
159 I 84630735 44 
160 I 85121701 44 
161 I 86241634 44 
162 I 86399332 101 
163 I 86749567 101 
164 I 87079655 101 
165 I 87416692 96 
166 I 88426432 44 
167 I 88584022 96 
168 I 89516440 44 
169 I 90597728 101 
170 I 91125692 44 
171 I 91531143 44 
172 I 92445789 44 
173 I 92750540 44 
174 I 93641161 44 
175 I 93948178 44 
176 I 94147947 101 
177 I 94702047 44 
178 I 95072030 44 
179 I 95867526 101 
180 I 96164619 44 
181 I 96410236 101 
182 I 97170228 44 
183 I 98755186 44 
184 I 99053994 91 
185 I 100763088 44 
186 I 101242440 103 
187 I 101559127 97 
188 I 102249320 44 
189 I 103177098 101 
190 I 105097497 83 
191 I 105999968 44 
192 I 106811674 101 
193 I 108171298 44 
194 I 108432975 88 
195 I 108858116 83 
196 I 108975004 44 
197 I 109342513 88 
198 I 109748955 101 
199 I 110098028 101 
200 I 110526146 101 
201 I 110990259 44 
202 I 111294751 44 
203 I 111599639 44 
204 I 113276801 101 
205 I 113695358 101 
206 I 113989630 101 
207 I 114414910 101 
208 I 114801787 97 
209 I 115123963 101 
210 I 115455265 101 
211 I 115840575 97 
212 I 116119638 101 
213 I 117179201 101 
214 I 118042220 44 
215 I 118216432 100 
216 I 119006758 44 
217 I 119415812 44 
218 I 121131200 90 
219 I 122375622 101 
220 I 122810146 101 
221 I 123857656 101 
222 I 125940830 44 
223 I 126095023 101 
224 I 126431302 44 
225 I 126596990 97 
226 I 127031361 101 
227 I 127444037 44 
228 I 127660876 101 
229 I 128048766 44 
230 I 129021120 101 
231 I 130803528 101 
232 I 131263900 101 
233 I 131930066 95 
234 I 133155257 104 
235 I 133789004 88 
236 I 134136985 101 
237 I 135584581 88 
238 I 136366520 44 
239 I 136560666 44 
240 I 137602749 101 
241 I 137992334 101 
242 I 138299787 98 
243 I 138552692 101 
244 I 138755567 101 
245 I 139177772 44 
246 I 139303772 98 
247 I 139560340 817 
248 I 139678018 101 
249 I 139994683 44 
250 I 140155903 101 
251 I 140592995 44 
252 I 140956441 44 
253 I 142837807 101 
254 I 143258902 101 
255 I 143396353 44 
256 I 143658330 101 
257 I 144089837 101 
258 I 145206001 44 
259 I 145493921 88 
260 I 146159305 101 
261 I 147101279 44 
262 I 147369883 101 
263 I 148304499 44 
264 I 148611696 44 
265 I 148802375 44 
266 I 150810546 93 
267 I 151403291 95 
268 I 151894034 101 
269 I 152262690 44 
270 I 152354246 101 
271 I 152680757 101 
272 I 153023111 44 
273 I 153820120 44 
274 I 155058572 101 
275 I 155405923 93 
276 I 155868976 44 
277 I 156178264 44 
278 I 156685567 44 
279 I 157033787 44 
280 I 157226850 44 
281 I 158720122 101 
282 I 159172764 101 
283 I 159764363 91 
284 I 160100374 88 
285 I 161038932 44 
286 I 161340027 44 
287 I 161541790 44 
288 I 161923323 88 
289 I 165052787 44 
290 I 166121488 101 
291 I 167680248 44 
292 I 168789955 44 
293 I 169051291 101 
294 I 169361903 44 
295 I 169533046 101 
296 I 171023617 101 
297 I 171360564 44 
298 I 171688967 44 
299 I 172435293 101 
300 I 172762343 44 
301 I 172807798 101 
302 I 173154149 101 
303 I 173537574 101 
304 I 174130108 101 
305 I 175769901 91 
306 I 178400888 44 
307 I 180813042 44 
308 I 181711301 44 
309 I 182243285 101 
310 I 182595745 44 
311 I 183075787 101 
312 I 183463943 44 
313 I 184708706 101 
314 I 185103965 101 
315 I 186121096 44 
316 I 186641752 44 
317 I 187358268 44 
318 I 187419572 101 
319 I 188787744 101 
320 I 189252639 77 
321 I 189654102 44 
322 I 189763740 101 
323 I 190168878 44 
324 I 190518956 101 
325 I 191415173 91 
326 I 191846040 89 
327 I 192210462 158 
328 I 192369083 44 
329 I 192588932 101 
330 I 192837280 44 
331 I 192895896 101 
332 I 193759254 44 
333 I 194363703 44 
334 I 195583015 88 
335 I 195975244 155 
336 I 196319641 101 
337 I 196901316 101 
338 I 197257532 101 
339 I 197664875 44 
340 I 199864459 44 
341 I 200164891 44 
342 I 200686670 44 
343 I 201157879 101 
344 I 201522780 44 
345 I 201684011 101 
346 I 201936548 103 
347 I 202063967 158 
348 I 202469415 101 
349 I 202982779 101 
350 I 203328244 101 
351 I 203769758 93 
352 I 204275641 44 
353 I 205110485 93 
354 I 206694145 44 
355 I 207126259 44 
356 I 207177098 101 
357 I 208195965 44 
358 I 208666851 44 
359 I 209426077 44 
360 I 211040394 101 
361 I 211524596 44 
362 I 212784746 101 
363 I 213920857 94 
364 I 214317361 101 
365 I 214761256 93 
366 I 214950514 44 
367 I 217539502 44 
368 I 218136723 44 
369 I 218654444 101 
370 I 219002747 74 
371 I 219399857 102 
372 I 219754293 44 
373 I 220655718 44 
374 I 221642049 101 
375 I 221956312 44 
376 I 222816026 102 
377 I 223101931 44 
378 I 224573049 44 
379 I 224743951 103 
380 I 225146925 44 
381 I 225347395 44 
382 I 225663463 101 
383 I 226049103 158 
384 I 226736039 101 
385 I 227220208 101 
386 I 227575734 44 
387 I 227956207 44 
388 I 228429216 87 
389 I 228753530 101 
390 I 229481717 44 
391 I 229535283 101 
392 I 229857781 44 
393 I 231096162 101 
394 I 231487554 91 
395 I 231888616 101 
396 I 233307513 44 
397 I 234195078 101 
398 I 234520430 87 
399 I 234824629 101 
400 I 235133481 44 
401 I 236588561 44 
402 I 236676549 101 
403 I 237005510 44 
404 I 237203200 101 
405 I 237759873 97 
406 I 238096987 97 
407 I 239448766 101 
408 I 239520904 44 
409 I 240977552 89 
410 I 242250786 44 
411 I 242675525 44 
412 I 243117032 44 
413 I 243743162 101 
414 I 244126233 101 
415 I 244408583 44 
416 I 244610565 44 
417 I 244791400 101 
418 I 245170758 44 
419 I 245420677 44 
420 I 246716953 87 
421 I 247088554 44 
422 I 247873650 101 
423 I 248393250 101 
424 I 250487091 101 
425 I 250965989 158 
426 I 251936520 44 
427 I 252434503 101 
428 I 252795931 97 
429 I 252998192 44 
430 I 253456478 44 
431 I 254063201 101 
432 I 254483023 44 
433 I 254762473 44 
434 I 255218714 101 
435 I 255588460 87 
436 I 256367894 101 
437 I 257052867 44 
438 I 257245594 101 
439 I 257525046 44 
440 I 257950436 44 
441 I 258032126 105 
442 I 259259750 101 
443 I 260296400 44 
444 I 260608979 91 
445 I 260911588 101 
446 I 263297496 44 
447 I 263616572 44 
448 I 263887698 44 
449 I 264309816 82 
450 I 265086589 44 
451 I 265361474 89 
452 I 265666502 44 
453 I 265875426 44 
454 I 267775495 101 
455 I 268172972 101 
456 I 269796458 44 
457 I 270567159 101 
458 I 271210637 44 
459 I 271811213 44 
460 I 271979088 86 
461 I 272344772 44 
462 I 272403743 104 
463 I 272720946 44 
464 I 273063770 44 
465 I 273395065 101 
466 I 275014169 44 
467 I 275934354 101 
468 I 277251153 101 
469 I 278347724 101 
470 I 278724501 101 
471 I 279209844 256 
472 I 281226321 98 
473 I 281946756 44 
474 I 282627474 44 
475 I 282729531 101 
476 I 283451745 44 
477 I 283525015 88 
478 I 283730134 44 
479 I 284207947 95 
480 I 284880372 103 
481 I 285284620 92 
482 I 286466274 101 
483 I 286810734 97 
484 I 287154981 101 
485 I 287661590 44 
486 I 290057656 105 
487 I 290454432 101 
488 I 290869248 101 
489 I 290983761 101 
490 I 291315154 44 
491 I 291525408 90 
492 I 292867664 44 
493 I 293577023 101 
494 I 293999628 101 
495 I 294174629 44 
496 I 295427673 101 
497 I 295856283 91 
498 I 298432308 44 
499 I 299045749 101 
500 I 299482212 44 
