0 I 0 76 
1 I 94275 355 
2 I 250182 75 
3 I 374257 366 
4 I 512749 46 
5 I 609033 400 
6 I 749987 66 
7 I 850798 380 
8 I 1079978 402 
9 I 1181185 44 
10 I 1250026 70 
11 I 1328683 376 
12 I 1478559 44 
13 I 1572504 402 
14 I 1805036 402 
15 I 1908023 44 
16 I 2005207 58 
17 I 2077771 388 
18 I 2267657 44 
19 I 2283282 402 
20 I 2507104 62 
21 I 2629370 384 
22 I 2774552 64 
23 I 2910575 400 
24 I 3012432 387 
25 I 3250807 60 
26 I 3348665 381 
27 I 3517892 67 
28 I 3633062 379 
29 I 3749563 69 
30 I 3871766 377 
31 I 4069888 402 
32 I 4249189 73 
33 I 4347535 373 
34 I 4512307 402 
35 I 4749782 77 
36 I 4847182 369 
37 I 5009364 85 
38 I 5105939 361 
39 I 5281526 402 
40 I 5486488 44 
41 I 5509525 62 
42 I 5591786 384 
43 I 5752328 64 
44 I 5807271 382 
45 I 5988417 44 
46 I 6089056 402 
47 I 6272876 402 
48 I 6492803 44 
49 I 6511107 62 
50 I 6598774 384 
51 I 6750210 79 
52 I 6763772 367 
53 I 6998365 44 
54 I 7012546 71 
55 I 7095731 375 
56 I 7256586 55 
57 I 7284449 391 
58 I 7511615 44 
59 I 7518428 57 
60 I 7612121 389 
61 I 7752575 59 
62 I 7762387 387 
63 I 8003109 44 
64 I 8015196 76 
65 I 8102797 370 
66 I 8251364 78 
67 I 8413895 368 
68 I 8516015 402 
69 I 8749697 64 
70 I 8849922 382 
71 I 9008910 66 
72 I 9194825 380 
73 I 9297737 402 
74 I 9506382 62 
75 I 9604842 384 
76 I 9750867 64 
77 I 9959755 382 
78 I 10059746 402 
79 I 10252429 68 
80 I 10350866 378 
81 I 10518997 402 
82 I 10747711 54 
83 I 10843914 392 
84 I 11005747 75 
85 I 11114167 371 
86 I 11250010 49 
87 I 11439069 397 
88 I 11540609 402 
89 I 11764411 72 
90 I 11861256 392 
91 I 12005946 56 
92 I 12165972 375 
93 I 12264597 397 
94 I 12506386 55 
95 I 12603460 391 
96 I 12750760 71 
97 I 12880070 375 
98 I 13004674 73 
99 I 13152072 373 
100 I 13251803 75 
101 I 13429233 371 
102 I 13531883 402 
103 I 13750531 61 
104 I 13850777 385 
105 I 14005639 60 
106 I 14204902 386 
107 I 14318210 402 
108 I 14508276 55 
109 I 14605761 391 
110 I 14749788 75 
111 I 14858499 371 
112 I 15009724 77 
113 I 15108573 369 
114 I 15318142 402 
115 I 15414411 44 
116 I 15509111 69 
117 I 15633047 377 
118 I 15750111 71 
119 I 15848093 375 
120 I 16067991 402 
121 I 16254675 75 
122 I 16353289 371 
123 I 16533120 402 
124 I 16749568 79 
125 I 16847644 367 
126 I 17010060 62 
127 I 17175055 384 
128 I 17276955 402 
129 I 17512737 75 
130 I 17610708 371 
131 I 17776544 77 
132 I 17875639 404 
133 I 18010882 374 
134 I 18251756 63 
135 I 18320045 374 
136 I 18507080 76 
137 I 18604887 370 
138 I 18752000 402 
139 I 18964581 44 
140 I 19004792 56 
141 I 19068322 390 
142 I 19249069 76 
143 I 19349341 370 
144 I 19509319 60 
145 I 19608077 386 
146 I 19750343 57 
147 I 19921437 389 
148 I 20018445 402 
149 I 20247227 52 
150 I 20342832 394 
151 I 20508698 54 
152 I 20608420 392 
153 I 20788299 74 
154 I 20909121 407 
155 I 21010042 374 
156 I 21249239 71 
157 I 21347248 366 
158 I 21510315 48 
159 I 21628268 398 
160 I 21750551 77 
161 I 21905228 369 
162 I 22010968 53 
163 I 22119313 393 
164 I 22275185 55 
165 I 22371226 426 
166 I 22546201 374 
167 I 22757336 70 
168 I 22853136 367 
169 I 23098468 402 
170 I 23247085 75 
171 I 23339740 371 
172 I 23556201 402 
173 I 23762099 79 
174 I 23864288 385 
175 I 24003529 57 
176 I 24100917 374 
177 I 24262814 397 
178 I 24507794 44 
179 I 24513946 62 
180 I 24604576 384 
181 I 24749313 70 
182 I 24911438 376 
183 I 25013588 402 
184 I 25247372 74 
185 I 25339419 372 
186 I 25507740 71 
187 I 25604732 375 
188 I 25808870 402 
189 I 26008065 57 
190 I 26113599 389 
191 I 26250191 49 
192 I 26346958 397 
193 I 26506113 51 
194 I 26603939 395 
195 I 26776302 53 
196 I 26906735 428 
197 I 27009632 374 
198 I 27247510 50 
199 I 27399343 387 
200 I 27517565 47 
201 I 27671336 399 
202 I 27776074 402 
203 I 28000387 51 
204 I 28093989 395 
205 I 28254271 71 
206 I 28362770 375 
207 I 28500016 63 
208 I 28671731 383 
209 I 28776920 402 
210 I 28999913 80 
211 I 29097469 366 
212 I 29249446 46 
213 I 29352702 400 
214 I 29513268 61 
215 I 29660174 385 
216 I 29757580 402 
217 I 30007468 47 
218 I 30101873 399 
219 I 30248074 72 
220 I 30347617 374 
221 I 30520218 74 
222 I 30615608 372 
223 I 30750120 58 
224 I 30930039 388 
225 I 31026418 402 
226 I 31250821 80 
227 I 31347547 366 
228 I 31507850 46 
229 I 31631753 400 
230 I 31748886 48 
231 I 31914104 398 
232 I 32012062 402 
233 I 32248390 74 
234 I 32344674 372 
235 I 32508570 76 
236 I 32608106 370 
237 I 32804398 77 
238 I 32905178 369 
239 I 33020854 402 
240 I 33254821 71 
241 I 33350347 375 
242 I 33498718 73 
243 I 33614955 373 
244 I 33758285 75 
245 I 33954593 371 
246 I 34059536 402 
247 I 34266675 49 
248 I 34366559 415 
249 I 34502347 69 
250 I 34710394 362 
251 I 34813424 397 
252 I 35001464 69 
253 I 35103073 377 
254 I 35252729 71 
255 I 35355131 375 
256 I 35502094 80 
257 I 35655077 366 
258 I 35760385 46 
259 I 35863916 400 
260 I 36003140 48 
261 I 36111556 398 
262 I 36337177 402 
263 I 36434607 44 
264 I 36508931 52 
265 I 36578117 394 
266 I 36771967 44 
267 I 36837489 402 
268 I 36935005 44 
269 I 37000888 56 
270 I 37074363 390 
271 I 37270487 44 
272 I 37336909 402 
273 I 37472969 44 
274 I 37549538 402 
275 I 37655619 44 
276 I 37754660 66 
277 I 37846096 380 
278 I 37974681 44 
279 I 38069749 402 
280 I 38343636 402 
281 I 38450422 44 
282 I 38501083 68 
283 I 38627315 378 
284 I 38757589 70 
285 I 38899097 376 
286 I 39004544 51 
287 I 39113982 395 
288 I 39249774 53 
289 I 39348228 393 
290 I 39502648 48 
291 I 39601008 398 
292 I 39798568 402 
293 I 40001602 70 
294 I 40099958 376 
295 I 40257637 72 
296 I 40356182 374 
297 I 40501508 296 
298 I 40607564 150 
299 I 40750386 64 
300 I 40846170 382 
301 I 41000649 59 
302 I 41220707 387 
303 I 41318764 402 
304 I 41500578 63 
305 I 41601041 383 
306 I 41771865 47 
307 I 41931550 417 
308 I 42029158 387 
309 I 42249928 54 
310 I 42345887 387 
311 I 42514048 53 
312 I 42610562 393 
313 I 42806586 402 
314 I 43003463 75 
315 I 43100826 371 
316 I 43281061 46 
317 I 43378854 435 
318 I 43543335 374 
319 I 43749462 79 
320 I 43850680 358 
321 I 44007993 54 
322 I 44104000 392 
323 I 44250512 74 
324 I 44397571 372 
325 I 44508075 338 
326 I 44675286 108 
327 I 44776327 402 
328 I 45001167 72 
329 I 45100494 374 
330 I 45250118 56 
331 I 45388664 390 
332 I 45508498 76 
333 I 45609674 370 
334 I 45746380 74 
335 I 45950787 372 
336 I 46049412 402 
337 I 46322330 44 
338 I 46351095 74 
339 I 46421757 480 
340 I 46625893 44 
341 I 46828394 44 
342 I 46860165 62 
343 I 46955858 715 
344 I 47110687 75 
345 I 47230088 445 
346 I 47357339 75 
347 I 47456797 371 
348 I 47665705 402 
349 I 47932921 44 
350 I 48128292 79 
351 I 48279269 673 
352 I 48379910 457 
353 I 48610353 46 
354 I 48707467 395 
355 I 48865371 50 
356 I 48961456 396 
357 I 49192550 402 
358 I 49292594 44 
359 I 49659695 44 
360 I 49848193 44 
361 I 49959991 53 
362 I 49983473 1078 
363 I 50197254 46 
364 I 50295338 566 
365 I 50455159 53 
366 I 50606692 393 
367 I 50857194 44 
368 I 51151512 44 
369 I 51351576 44 
370 I 51553703 44 
371 I 51754405 44 
372 I 51956938 44 
373 I 52155841 44 
374 I 52476977 44 
375 I 52767699 44 
376 I 53070605 44 
377 I 53112557 73 
378 I 53171215 1238 
379 I 53379721 44 
380 I 53405040 612 
381 I 53669291 44 
382 I 53708056 402 
383 I 53967276 44 
384 I 54020094 402 
385 I 54168089 44 
386 I 54268468 402 
387 I 54447650 402 
388 I 54606149 48 
389 I 54725496 398 
390 I 54885491 68 
391 I 55003962 378 
392 I 55106593 65 
393 I 55264564 381 
394 I 55365428 402 
395 I 55610547 51 
396 I 55708739 395 
397 I 55864041 71 
398 I 55987338 375 
399 I 56111873 73 
400 I 56263519 373 
401 I 56361109 402 
402 I 56607110 59 
403 I 56701587 381 
404 I 56860539 77 
405 I 56969925 333 
406 I 57105383 56 
407 I 57239644 390 
408 I 57360815 58 
409 I 57529947 328 
410 I 57629401 342 
411 I 57861035 51 
412 I 57956033 335 
413 I 58109127 77 
414 I 58229795 309 
415 I 58359475 67 
416 I 58478082 319 
417 I 58682329 342 
418 I 58864873 65 
419 I 58960899 321 
420 I 59184282 342 
421 I 59362149 54 
422 I 59458994 332 
423 I 59682165 342 
424 I 59864856 66 
425 I 59960817 320 
426 I 60176617 342 
427 I 60359130 64 
428 I 60455001 322 
429 I 60621015 342 
430 I 60865736 80 
431 I 60924657 306 
432 I 61106659 56 
433 I 61125176 330 
434 I 61308612 44 
435 I 61361481 72 
436 I 61407786 314 
437 I 61609447 62 
438 I 61706803 324 
439 I 61861721 70 
440 I 61994416 316 
441 I 62106168 54 
442 I 62307391 332 
443 I 62415263 342 
444 I 62608928 61 
445 I 62710402 325 
446 I 62865780 342 
447 I 63107157 54 
448 I 63200953 332 
449 I 63360346 342 
450 I 63612193 70 
451 I 63708978 316 
452 I 63862428 53 
453 I 64119122 631 
454 I 64221555 44 
455 I 64361018 51 
456 I 64476368 335 
457 I 64617575 77 
458 I 64728388 309 
459 I 64865481 67 
460 I 65008159 319 
461 I 65107379 75 
462 I 65223125 311 
463 I 65360364 47 
464 I 65470376 339 
465 I 65607363 73 
466 I 65708788 313 
467 I 65896837 342 
468 I 66106069 53 
469 I 66202028 333 
470 I 66363831 58 
471 I 66473241 328 
472 I 66608212 57 
473 I 66763164 329 
474 I 66862671 342 
475 I 67104094 73 
476 I 67207625 313 
477 I 67357759 45 
478 I 67457743 341 
479 I 67607857 71 
480 I 67768077 315 
481 I 67875073 342 
482 I 68109760 67 
483 I 68207057 319 
484 I 68366108 57 
485 I 68480082 329 
486 I 68603491 75 
487 I 68712063 311 
488 I 68918067 342 
489 I 69019291 44 
490 I 69102863 62 
491 I 69127644 324 
492 I 69361920 44 
493 I 69419266 342 
494 I 69616185 342 
495 I 69865220 68 
496 I 69962279 318 
497 I 70144987 342 
498 I 70364033 64 
499 I 70458966 369 
500 I 70613260 61 
501 I 70710407 385 
502 I 70863907 47 
503 I 71117481 757 
504 I 71362939 69 
505 I 71462867 377 
506 I 71570159 44 
507 I 71607054 59 
508 I 71723392 387 
509 I 71864689 61 
510 I 71990640 385 
511 I 72107851 63 
512 I 72219297 383 
513 I 72363357 60 
514 I 72513712 386 
515 I 72618893 402 
516 I 72861101 53 
517 I 72931331 393 
518 I 73108393 55 
519 I 73145725 391 
520 I 73386094 44 
521 I 73426156 402 
522 I 73628888 402 
523 I 73862631 72 
524 I 73959954 374 
525 I 74102599 74 
526 I 74202163 372 
527 I 74357724 76 
528 I 74453826 370 
529 I 74608359 75 
530 I 74816674 371 
531 I 74916717 402 
532 I 75112786 73 
533 I 75209199 373 
534 I 75362151 75 
535 I 75528476 371 
536 I 75633281 402 
537 I 75860097 61 
538 I 75958017 385 
539 I 76105048 63 
540 I 76232793 383 
541 I 76360644 61 
542 I 76523890 385 
543 I 76623140 402 
544 I 76867305 65 
545 I 76946090 381 
546 I 77101499 44 
547 I 77140931 402 
548 I 77355113 69 
549 I 77453218 377 
550 I 77611254 47 
551 I 77729715 399 
552 I 77854289 47 
553 I 78003690 399 
554 I 78111389 67 
555 I 78210920 379 
556 I 78352972 51 
557 I 78505665 395 
558 I 78617202 53 
559 I 78718016 393 
560 I 78853640 55 
561 I 78947998 391 
562 I 79171602 402 
563 I 79354960 54 
564 I 79451960 392 
565 I 79653215 402 
566 I 79750090 44 
567 I 79861215 69 
568 I 79935332 377 
569 I 80119066 44 
570 I 80145752 402 
571 I 80321769 44 
572 I 80358071 73 
573 I 80424649 373 
574 I 80630093 44 
575 I 80647615 402 
576 I 80857945 77 
577 I 80961629 369 
578 I 81111207 79 
579 I 81136808 367 
580 I 81325464 44 
581 I 81356241 45 
582 I 81444907 401 
583 I 81617820 75 
584 I 81698096 371 
585 I 81835360 44 
586 I 81945398 402 
587 I 82040099 44 
588 I 82110399 73 
589 I 82182977 373 
590 I 82331759 44 
591 I 82427878 402 
592 I 82616202 402 
593 I 82835487 44 
594 I 82857642 70 
595 I 82936239 376 
596 I 83113095 72 
597 I 83206128 374 
598 I 83356610 56 
599 I 83455591 390 
600 I 83666782 402 
601 I 83769210 44 
602 I 83857230 60 
603 I 83941444 386 
604 I 84143275 44 
605 I 84189983 402 
606 I 84342832 44 
607 I 84437195 402 
608 I 84668360 402 
609 I 84859859 50 
610 I 84952486 396 
611 I 85151962 402 
612 I 85355572 79 
613 I 85452407 367 
614 I 85617271 45 
615 I 85712158 401 
616 I 85859587 47 
617 I 85967483 399 
618 I 86108073 79 
619 I 86261291 367 
620 I 86360160 402 
621 I 86613819 47 
622 I 86711251 399 
623 I 86857794 71 
624 I 86966084 375 
625 I 87109684 55 
626 I 87205700 391 
627 I 87466700 402 
628 I 87610296 53 
629 I 87708041 393 
630 I 87914398 402 
631 I 88109678 48 
632 I 88215901 398 
633 I 88417825 402 
634 I 88613923 45 
635 I 88714884 401 
636 I 88856185 80 
637 I 88954417 366 
638 I 89121790 402 
639 I 89356483 50 
640 I 89453765 396 
641 I 89613190 402 
642 I 89858735 54 
643 I 89963996 392 
644 I 90111534 47 
645 I 90342400 399 
646 I 90444999 402 
647 I 90614792 57 
648 I 90715627 389 
649 I 90858154 50 
650 I 90995771 396 
651 I 91109143 52 
652 I 91205773 394 
653 I 91418840 402 
654 I 91619772 56 
655 I 91718576 390 
656 I 91927415 402 
657 I 92108523 79 
658 I 92204915 367 
659 I 92353259 45 
660 I 92495825 401 
661 I 92614222 65 
662 I 92730476 381 
663 I 92925417 402 
664 I 93113026 77 
665 I 93206103 369 
666 I 93408631 402 
667 I 93613459 47 
668 I 93715674 399 
669 I 93861913 402 
670 I 94099304 44 
671 I 94111335 60 
672 I 94194393 386 
673 I 94356164 80 
674 I 94451899 366 
675 I 94617507 64 
676 I 94715133 382 
677 I 94853902 69 
678 I 95014941 377 
679 I 95146939 402 
680 I 95355012 48 
681 I 95452869 398 
682 I 95622850 402 
683 I 95854775 61 
684 I 95950058 385 
685 I 96116904 402 
686 I 96356392 56 
687 I 96454601 390 
688 I 96614875 64 
689 I 96774134 382 
690 I 96878852 402 
691 I 97110125 79 
692 I 97207112 367 
693 I 97354577 45 
694 I 97480132 401 
695 I 97613019 47 
696 I 97710238 399 
697 I 97856332 78 
698 I 97954753 368 
699 I 98198907 402 
700 I 98301835 44 
701 I 98355541 70 
702 I 98424645 376 
703 I 98634540 44 
704 I 98708272 402 
705 I 98908681 402 
706 I 99117902 67 
707 I 99214202 379 
708 I 99414913 402 
709 I 99608636 68 
710 I 99703623 378 
711 I 99909318 402 
712 I 100105991 72 
713 I 100205275 374 
714 I 100393749 402 
715 I 100604845 58 
716 I 100703288 388 
717 I 100915825 402 
718 I 101017612 44 
719 I 101105044 50 
720 I 101233007 396 
721 I 101361638 63 
722 I 101482084 383 
723 I 101670678 402 
724 I 101861981 60 
725 I 101963226 386 
726 I 102164320 402 
727 I 102364799 46 
728 I 102461078 400 
729 I 102606287 48 
730 I 102708263 398 
731 I 102880429 402 
732 I 103107717 49 
733 I 103210575 397 
734 I 103377569 402 
735 I 103603963 71 
736 I 103704599 375 
737 I 103868805 402 
738 I 104104598 54 
739 I 104311375 392 
740 I 104410033 402 
741 I 104607871 62 
742 I 104706439 384 
743 I 104860067 46 
744 I 104959954 400 
745 I 105103697 48 
746 I 105222110 398 
747 I 105364204 68 
748 I 105461390 378 
749 I 105634714 402 
750 I 105859805 72 
751 I 105961329 374 
752 I 106125623 402 
753 I 106361988 56 
754 I 106456948 390 
755 I 106607128 58 
756 I 106812146 388 
757 I 106917144 402 
758 I 107107103 62 
759 I 107205927 384 
760 I 107358870 57 
761 I 107486960 389 
762 I 107602964 59 
763 I 107717286 387 
764 I 107862172 72 
765 I 107959396 374 
766 I 108151707 402 
767 I 108363479 52 
768 I 108459398 394 
769 I 108604390 63 
770 I 108704004 383 
771 I 108862584 65 
772 I 108963378 381 
773 I 109105810 77 
774 I 109257729 369 
775 I 109357862 402 
776 I 109603355 63 
777 I 109702911 383 
778 I 109859875 65 
779 I 110029335 381 
780 I 110129064 402 
781 I 110360276 71 
782 I 110460170 375 
783 I 110604618 55 
784 I 110733445 391 
785 I 110864494 52 
786 I 110978550 394 
787 I 111184729 402 
788 I 111361707 56 
789 I 111457232 390 
790 I 111623670 402 
791 I 111861125 62 
792 I 111960466 384 
793 I 112104876 46 
794 I 112282991 400 
795 I 112382021 402 
796 I 112602929 58 
797 I 112701910 388 
798 I 112867001 60 
799 I 113003689 386 
800 I 113104412 62 
801 I 113205858 384 
802 I 113358907 56 
803 I 113498832 390 
804 I 113606964 49 
805 I 113760858 397 
806 I 113927024 69 
807 I 114027103 449 
808 I 114424308 44 
809 I 114454261 71 
810 I 114529002 717 
811 I 114712723 52 
812 I 114748011 472 
813 I 114921963 44 
814 I 115031215 402 
815 I 115277972 420 
816 I 115529223 44 
817 I 115830619 44 
818 I 116066346 65 
819 I 116165284 1069 
820 I 116354067 568 
821 I 116556507 65 
822 I 116653379 381 
823 I 116833957 64 
824 I 116936199 400 
825 I 117245199 44 
826 I 117530693 48 
827 I 117629143 908 
828 I 117762397 45 
829 I 117946822 523 
830 I 118046675 402 
831 I 118323966 56 
832 I 118422710 442 
833 I 118643342 44 
834 I 118949446 44 
835 I 119246589 44 
836 I 119447416 44 
837 I 119649603 44 
838 I 119847967 44 
839 I 120156577 44 
840 I 120451646 44 
841 I 120665073 44 
842 I 120955323 44 
843 I 121110125 78 
844 I 121217619 1245 
845 I 121360221 47 
846 I 121593637 609 
847 I 121697129 402 
848 I 121917090 402 
849 I 122109192 72 
850 I 122204399 374 
851 I 122355140 56 
852 I 122450877 390 
853 I 122631922 402 
854 I 122856306 60 
855 I 122953510 386 
856 I 123126928 402 
857 I 123355861 64 
858 I 123452383 382 
859 I 123662821 402 
860 I 123761813 44 
861 I 123859421 67 
862 I 123939764 379 
863 I 124074622 44 
864 I 124162532 402 
865 I 124259556 44 
866 I 124357910 46 
867 I 124445448 400 
868 I 124577387 44 
869 I 124663133 402 
870 I 124779366 44 
871 I 124872878 402 
872 I 124979880 44 
873 I 125103293 49 
874 I 125160810 397 
875 I 125368916 402 
876 I 125581887 44 
877 I 125604796 77 
878 I 125677223 369 
879 I 125861654 79 
880 I 125870656 367 
881 I 126083394 44 
882 I 126102592 47 
883 I 126179788 399 
884 I 126359146 61 
885 I 126365815 385 
886 I 126591993 44 
887 I 126604426 58 
888 I 126675472 388 
889 I 126860919 78 
890 I 126956684 368 
891 I 127149333 402 
892 I 127360033 62 
893 I 127461237 384 
894 I 127668201 402 
895 I 127765699 44 
896 I 127859430 72 
897 I 127900145 374 
898 I 128100418 44 
899 I 128168796 402 
900 I 128366906 402 
901 I 128604146 44 
902 I 128610330 67 
903 I 128701024 379 
904 I 128857446 59 
905 I 128955568 387 
906 I 129104252 48 
907 I 129206493 398 
908 I 129358789 50 
909 I 129493371 396 
910 I 129603646 50 
911 I 129782698 396 
912 I 129879592 402 
913 I 130106208 72 
914 I 130203420 374 
915 I 130362324 74 
916 I 130550096 372 
917 I 130650654 402 
918 I 130857880 78 
919 I 130959627 368 
920 I 131105209 80 
921 I 131265452 366 
922 I 131365891 402 
923 I 131607703 80 
924 I 131704696 366 
925 I 131859505 64 
926 I 131955106 382 
927 I 132133504 402 
928 I 132361418 80 
929 I 132454524 366 
930 I 132605075 64 
931 I 132697253 382 
932 I 132858558 66 
933 I 132955406 380 
934 I 133105163 50 
935 I 133245886 396 
936 I 133359238 52 
937 I 133509302 394 
938 I 133614479 402 
939 I 133875636 67 
940 I 133971475 379 
941 I 134166981 402 
942 I 134359514 53 
943 I 134456504 393 
944 I 134671547 402 
945 I 134771309 44 
946 I 134869079 57 
947 I 134940195 389 
948 I 135140337 44 
949 I 135193324 402 
950 I 135438690 44 
951 I 135490833 402 
952 I 135718009 402 
953 I 135853434 47 
954 I 135967391 399 
955 I 136170847 402 
956 I 136268141 44 
957 I 136350976 51 
958 I 136464574 395 
959 I 136608939 53 
960 I 136768540 393 
961 I 136867888 402 
962 I 137115151 50 
963 I 137211691 396 
964 I 137414608 402 
965 I 137614808 72 
966 I 137710221 374 
967 I 137908497 402 
968 I 138105777 71 
969 I 138203759 375 
970 I 138359027 402 
971 I 138609201 55 
972 I 138672931 44 
973 I 138704684 391 
974 I 138902429 402 
975 I 139108812 77 
976 I 139214006 369 
977 I 139351396 79 
978 I 139459577 367 
979 I 139670721 402 
980 I 139855850 58 
981 I 139953448 388 
982 I 140111098 402 
983 I 140272463 44 
984 I 140360572 59 
985 I 140398767 387 
986 I 140572735 44 
987 I 140669456 402 
988 I 140872255 402 
989 I 140971964 44 
990 I 141107459 47 
991 I 141202577 399 
992 I 141351020 67 
993 I 141447883 379 
994 I 141611571 79 
995 I 141715877 367 
996 I 141881062 402 
997 I 142109708 47 
998 I 142207662 399 
999 I 142354087 49 
1000 I 142446271 397 
1001 I 142611096 51 
1002 I 142812892 395 
1003 I 142910142 402 
1004 I 143110161 60 
1005 I 143208539 386 
1006 I 143354187 47 
1007 I 143461248 399 
1008 I 143606982 49 
1009 I 143698244 397 
1010 I 143971034 402 
1011 I 144107816 71 
1012 I 144242925 375 
1013 I 144351801 73 
1014 I 144463838 373 
1015 I 144612133 75 
1016 I 144712922 371 
1017 I 144956358 402 
1018 I 145107578 75 
1019 I 145220569 371 
1020 I 145351637 77 
1021 I 145453596 369 
1022 I 145611520 79 
1023 I 145727401 367 
1024 I 145854178 45 
1025 I 146008261 401 
1026 I 146108108 402 
1027 I 146352314 49 
1028 I 146450674 397 
1029 I 146609201 51 
1030 I 146773178 395 
1031 I 146874139 402 
1032 I 147107078 46 
1033 I 147204565 400 
1034 I 147350221 48 
1035 I 147444240 398 
1036 I 147609378 68 
1037 I 147710646 378 
1038 I 147854101 70 
1039 I 147953622 376 
1040 I 148183945 402 
1041 I 148352692 76 
1042 I 148454807 370 
1043 I 148614237 60 
1044 I 148758341 386 
1045 I 148854823 402 
1046 I 149106746 54 
1047 I 149205094 392 
1048 I 149353986 56 
1049 I 149533504 390 
1050 I 149633286 402 
1051 I 149852022 78 
1052 I 149947943 368 
1053 I 150108174 57 
1054 I 150299688 389 
1055 I 150401978 402 
1056 I 150618243 77 
1057 I 150713419 369 
1058 I 150851871 79 
1059 I 151018215 367 
1060 I 151115575 402 
1061 I 151354561 47 
1062 I 151451633 399 
1063 I 151612832 49 
1064 I 151708732 397 
1065 I 151851564 47 
1066 I 152062343 399 
1067 I 152162785 402 
1068 I 152352908 69 
1069 I 152450114 377 
1070 I 152611980 53 
1071 I 152709088 393 
1072 I 152882941 47 
1073 I 152984518 399 
1074 I 153108618 49 
1075 I 153214767 397 
1076 I 153352249 51 
1077 I 153481227 395 
1078 I 153612061 53 
1079 I 153711242 393 
1080 I 153853424 55 
1081 I 153973234 391 
1082 I 154108136 57 
1083 I 154205869 389 
1084 I 154352604 50 
1085 I 154451585 396 
1086 I 154645839 402 
1087 I 154850572 44 
1088 I 154856674 72 
1089 I 154944590 374 
1090 I 155108575 74 
1091 I 155129262 372 
1092 I 155368409 44 
1093 I 155399685 402 
1094 I 155657514 44 
1095 I 155703796 402 
1096 I 155908375 402 
1097 I 156108245 48 
1098 I 156200137 398 
1099 I 156353764 61 
1100 I 156449594 385 
1101 I 156638026 402 
1102 I 156853199 57 
1103 I 156950532 389 
1104 I 157132442 402 
1105 I 157358530 79 
1106 I 157462600 367 
1107 I 157625687 402 
1108 I 157853764 72 
1109 I 157956568 374 
1110 I 158111028 402 
1111 I 158354331 50 
1112 I 158455183 396 
1113 I 158612587 52 
1114 I 158789690 394 
1115 I 158891547 402 
1116 I 159115161 47 
1117 I 159212090 399 
1118 I 159352603 73 
1119 I 159449406 373 
1120 I 159609663 66 
1121 I 159811033 380 
1122 I 159910297 402 
1123 I 160107554 70 
1124 I 160204474 376 
1125 I 160353744 54 
1126 I 160448682 392 
1127 I 160612551 74 
1128 I 160809128 372 
1129 I 160910242 402 
1130 I 161111566 60 
1131 I 161210788 386 
1132 I 161353205 80 
1133 I 161451019 366 
1134 I 161616546 47 
1135 I 161715796 399 
1136 I 161852912 58 
1137 I 162027233 388 
1138 I 162122727 402 
1139 I 162350788 56 
1140 I 162451602 390 
1141 I 162610744 47 
1142 I 162727125 399 
1143 I 162854285 74 
1144 I 163017694 372 
1145 I 163115720 402 
1146 I 163351183 66 
1147 I 163445023 380 
1148 I 163614787 50 
1149 I 163718457 396 
1150 I 163917652 402 
1151 I 164018759 44 
1152 I 164113381 69 
1153 I 164174692 377 
1154 I 164406822 44 
1155 I 164422933 402 
1156 I 164609228 44 
1157 I 164704520 402 
1158 I 164850971 75 
1159 I 164951656 371 
1160 I 165110992 77 
1161 I 165213703 369 
1162 I 165354280 79 
1163 I 165448028 367 
1164 I 165609055 63 
1165 I 165704941 383 
1166 I 165870656 402 
1167 I 166107893 51 
1168 I 166206394 395 
1169 I 166426005 45 
1170 I 166527217 473 
1171 I 166663374 65 
1172 I 166811225 398 
1173 I 166921907 68 
1174 I 167030232 378 
1175 I 167167962 214 
1176 I 167293893 232 
1177 I 167419212 74 
1178 I 167526767 372 
1179 I 167664225 76 
1180 I 167762709 370 
1181 I 168008493 402 
1182 I 168168645 70 
1183 I 168265373 376 
1184 I 168517431 402 
1185 I 168731723 44 
1186 I 168902155 67 
1187 I 169010238 631 
1188 I 169225648 463 
1189 I 169325533 44 
1190 I 169383714 63 
1191 I 169491606 383 
1192 I 169645338 65 
1193 I 169744003 381 
1194 I 170000512 402 
1195 I 170139957 54 
1196 I 170276793 392 
1197 I 170384031 56 
1198 I 170538162 390 
1199 I 170647416 402 
1200 I 170884672 78 
1201 I 170979504 368 
1202 I 171145372 80 
1203 I 171264851 366 
1204 I 171393200 77 
1205 I 171527445 369 
1206 I 171642119 57 
1207 I 171866455 389 
1208 I 171970075 402 
1209 I 172142108 79 
1210 I 172236188 367 
1211 I 172382451 45 
1212 I 172586241 401 
1213 I 172690351 402 
1214 I 172886052 67 
1215 I 172984085 379 
1216 I 173138227 69 
1217 I 173352943 377 
1218 I 173452181 402 
1219 I 173642729 73 
1220 I 173738588 373 
1221 I 173884364 57 
1222 I 174121128 389 
1223 I 174223323 402 
1224 I 174383071 77 
1225 I 174483606 369 
1226 I 174644390 45 
1227 I 174789324 401 
1228 I 174894066 402 
1229 I 175133955 74 
1230 I 175234058 372 
1231 I 175384096 76 
1232 I 175555569 370 
1233 I 175658962 402 
1234 I 175890896 80 
1235 I 175992016 366 
1236 I 176145233 46 
1237 I 176265963 400 
1238 I 176380605 66 
1239 I 176495248 380 
1240 I 176645376 62 
1241 I 176767279 384 
1242 I 176953107 46 
1243 I 177055876 471 
1244 I 177257665 419 
1245 I 177450164 47 
1246 I 177546724 399 
1247 I 177745027 402 
1248 I 177950725 69 
1249 I 178063512 377 
1250 I 178252902 420 
1251 I 178442463 73 
1252 I 178536423 358 
1253 I 178742110 397 
1254 I 178950614 61 
1255 I 179045345 385 
1256 I 179296054 402 
1257 I 179451721 65 
1258 I 179551574 381 
1259 I 179793909 420 
1260 I 179945570 47 
1261 I 180069140 384 
1262 I 180197697 64 
1263 I 180298317 377 
1264 I 180502075 402 
1265 I 180694449 73 
1266 I 180807967 373 
1267 I 180995208 420 
1268 I 181206151 44 
1269 I 181269089 65 
1270 I 181327898 385 
1271 I 181506381 44 
1272 I 181654307 70 
1273 I 181756789 591 
1274 I 181898289 73 
1275 I 182041738 425 
1276 I 182155024 52 
1277 I 182264608 394 
1278 I 182403142 72 
1279 I 182541967 374 
1280 I 182649768 75 
1281 I 182798526 371 
1282 I 183013867 44 
1283 I 183214726 44 
1284 I 183417924 44 
1285 I 183529697 59 
1286 I 183694784 1108 
1287 I 183801343 577 
1288 I 184020668 44 
1289 I 184122843 49 
1290 I 184221553 505 
1291 I 184424608 51 
1292 I 184522678 475 
1293 I 184726131 44 
1294 I 185035280 44 
1295 I 185264028 78 
1296 I 185362704 1066 
1297 I 185506670 77 
1298 I 185608347 535 
1299 I 185781708 402 
1300 I 186031472 44 
1301 I 186229622 48 
1302 I 186327297 649 
1303 I 186477970 51 
1304 I 186580572 456 
1305 I 186842607 44 
1306 I 187038321 44 
1307 I 187344200 44 
1308 I 187544843 44 
1309 I 187843519 44 
1310 I 188050650 44 
1311 I 188357046 44 
1312 I 188680201 44 
1313 I 188833570 64 
1314 I 188983487 1247 
1315 I 189256631 44 
1316 I 189553943 44 
1317 I 189577116 45 
1318 I 189651068 1242 
1319 I 189828295 52 
1320 I 189972966 547 
1321 I 190077588 402 
1322 I 190326045 56 
1323 I 190428555 390 
1324 I 190575110 79 
1325 I 190727972 367 
1326 I 190829590 402 
1327 I 191059640 44 
1328 I 191071683 47 
1329 I 191154314 399 
1330 I 191327616 45 
1331 I 191461469 401 
1332 I 191570280 47 
1333 I 191678784 399 
1334 I 191956821 402 
1335 I 192053459 44 
1336 I 192076138 50 
1337 I 192361817 754 
1338 I 192468139 44 
1339 I 192576331 72 
1340 I 192734687 374 
1341 I 192843603 402 
1342 I 193077590 53 
1343 I 193160522 393 
1344 I 193361377 402 
1345 I 193574099 57 
1346 I 193707014 389 
1347 I 193822969 49 
1348 I 193940653 397 
1349 I 194076946 51 
1350 I 194225561 395 
1351 I 194325772 402 
1352 I 194579571 68 
1353 I 194667118 378 
1354 I 194820310 70 
1355 I 194929032 376 
1356 I 195077203 72 
1357 I 195212754 374 
1358 I 195319452 63 
1359 I 195480597 383 
1360 I 195580935 402 
1361 I 195789379 44 
1362 I 195828690 49 
1363 I 195884920 397 
1364 I 196076106 51 
1365 I 196193177 395 
1366 I 196321028 53 
1367 I 196468799 393 
1368 I 196575088 55 
1369 I 196678322 391 
1370 I 196822693 57 
1371 I 196964218 389 
1372 I 197078353 77 
1373 I 197244075 369 
1374 I 197348784 402 
1375 I 197577088 63 
1376 I 197671568 383 
1377 I 197820445 47 
1378 I 197942531 399 
1379 I 198075014 49 
1380 I 198229999 397 
1381 I 198327743 402 
1382 I 198581266 53 
1383 I 198664244 393 
1384 I 198821444 55 
1385 I 198919743 391 
1386 I 199076921 75 
1387 I 199330839 729 
1388 I 199575868 61 
1389 I 199671502 385 
1390 I 199819864 63 
1391 I 199912255 383 
1392 I 200076944 58 
1393 I 200210894 388 
1394 I 200321644 92 
1395 I 200428341 354 
1396 I 200577424 58 
1397 I 200706992 388 
1398 I 200819373 60 
1399 I 201032126 386 
1400 I 201131900 402 
1401 I 201318687 76 
1402 I 201413907 370 
1403 I 201596240 78 
1404 I 201695567 368 
1405 I 201822634 56 
1406 I 201969143 390 
1407 I 202076537 58 
1408 I 202190186 388 
1409 I 202320583 60 
1410 I 202413789 386 
1411 I 202674873 402 
1412 I 202780378 44 
1413 I 202822335 46 
1414 I 202903157 400 
1415 I 203035233 44 
1416 I 203129977 402 
1417 I 203342082 402 
1418 I 203578401 48 
1419 I 203673958 398 
1420 I 203836673 402 
1421 I 204074323 47 
1422 I 204170722 399 
1423 I 204375217 402 
1424 I 204474117 44 
1425 I 204581374 75 
1426 I 204609961 371 
1427 I 204844832 44 
1428 I 204880527 402 
1429 I 205045482 44 
1430 I 205081510 402 
1431 I 205245687 44 
1432 I 205316941 45 
1433 I 205377792 401 
1434 I 205545650 44 
1435 I 205587813 402 
1436 I 205751982 44 
1437 I 205849414 402 
1438 I 206074990 51 
1439 I 206173533 395 
1440 I 206320237 71 
1441 I 206532955 375 
1442 I 206634272 402 
1443 I 206821979 79 
1444 I 206924408 367 
1445 I 207072788 59 
1446 I 207166979 387 
1447 I 207321534 79 
1448 I 207419185 367 
1449 I 207577851 45 
1450 I 207743297 401 
1451 I 207839945 402 
1452 I 208059168 44 
1453 I 208073030 49 
1454 I 208160366 397 
1455 I 208320229 69 
1456 I 208458212 377 
1457 I 208583149 53 
1458 I 208721205 393 
1459 I 208826871 402 
1460 I 208973498 44 
1461 I 209077296 57 
1462 I 209179269 389 
1463 I 209394751 402 
1464 I 209488412 44 
1465 I 209588605 76 
1466 I 209655667 370 
1467 I 209871285 44 
1468 I 209886875 402 
1469 I 210077476 44 
1470 I 210094278 402 
1471 I 210272382 44 
1472 I 210321863 80 
1473 I 210492181 366 
1474 I 210602282 402 
1475 I 210825757 71 
1476 I 210919810 375 
1477 I 211072068 58 
1478 I 211168911 388 
1479 I 211397413 402 
1480 I 211493680 44 
1481 I 211572158 54 
1482 I 211649673 392 
1483 I 211781701 44 
1484 I 211899418 402 
1485 I 212012256 44 
1486 I 212073697 54 
1487 I 212195587 392 
1488 I 212327911 56 
1489 I 212436600 390 
1490 I 212638206 402 
1491 I 212829923 78 
1492 I 212927436 368 
1493 I 213197088 402 
1494 I 213326800 46 
1495 I 213419262 400 
1496 I 213682311 402 
1497 I 213822424 56 
1498 I 213921946 390 
1499 I 214203047 402 
1500 I 214301705 44 
1501 I 214321848 78 
1502 I 214491484 368 
1503 I 214600738 402 
1504 I 214838546 64 
1505 I 214939806 382 
1506 I 215070543 48 
1507 I 215280495 398 
1508 I 215374155 402 
1509 I 215570607 46 
1510 I 215663096 400 
1511 I 215829645 48 
1512 I 215928889 398 
1513 I 216067584 50 
1514 I 216209751 396 
1515 I 216328042 51 
1516 I 216488640 395 
1517 I 216594304 402 
1518 I 216830874 50 
1519 I 216927446 396 
1520 I 217071920 52 
1521 I 217167908 394 
1522 I 217334959 54 
1523 I 217431029 392 
1524 I 217587971 51 
1525 I 217689382 395 
1526 I 217861910 402 
1527 I 218067195 79 
1528 I 218166874 367 
1529 I 218358006 402 
1530 I 218571282 53 
1531 I 218665389 393 
1532 I 218851430 402 
1533 I 219069442 76 
1534 I 219166591 370 
1535 I 219346704 402 
1536 I 219570843 53 
1537 I 219670674 393 
1538 I 219896462 402 
1539 I 220072712 56 
1540 I 220171903 390 
1541 I 220395082 402 
1542 I 220572483 57 
1543 I 220674751 389 
1544 I 220830328 402 
1545 I 221034822 44 
1546 I 221070866 61 
1547 I 221131943 385 
1548 I 221323066 45 
1549 I 221329835 401 
1550 I 221541959 44 
1551 I 221613649 402 
1552 I 221840232 44 
1553 I 221911716 402 
1554 I 222071980 72 
1555 I 222170705 374 
1556 I 222326397 56 
1557 I 222424488 390 
1558 I 222572009 52 
1559 I 222669224 394 
1560 I 222865692 402 
1561 I 223068112 68 
1562 I 223162820 378 
1563 I 223410933 402 
1564 I 223510488 44 
1565 I 223573802 72 
1566 I 223678119 374 
1567 I 223829177 63 
1568 I 223924875 383 
1569 I 224117824 402 
1570 I 224329252 69 
1571 I 224425547 377 
1572 I 224628979 402 
1573 I 224823550 55 
1574 I 224936473 391 
1575 I 225066533 57 
1576 I 225168362 389 
1577 I 225343106 402 
1578 I 225563038 44 
1579 I 225571076 61 
1580 I 225663732 385 
1581 I 225823539 45 
1582 I 225838111 401 
1583 I 226064907 44 
1584 I 226106345 402 
1585 I 226274087 44 
1586 I 226326950 49 
1587 I 226369252 397 
1588 I 226575216 51 
1589 I 226670198 395 
1590 I 226825906 64 
1591 I 226991705 382 
1592 I 227089590 402 
1593 I 227327018 50 
1594 I 227426401 396 
1595 I 227583007 402 
1596 I 227831074 54 
1597 I 227915104 392 
1598 I 228070429 56 
1599 I 228132227 390 
1600 I 228295612 44 
1601 I 228406127 402 
1602 I 228516929 44 
1603 I 228572220 67 
1604 I 228642502 379 
1605 I 228781447 44 
1606 I 228874751 402 
1607 I 229118865 402 
1608 I 229221264 44 
1609 I 229392389 55 
1610 I 229489418 463 
1611 I 229637544 419 
1612 I 229886537 60 
1613 I 229983815 386 
1614 I 230129582 62 
1615 I 230227397 384 
1616 I 230399443 402 
1617 I 230640237 74 
1618 I 230725902 372 
1619 I 230951253 45 
1620 I 231051358 472 
1621 I 231195336 48 
1622 I 231391875 415 
1623 I 231496168 402 
1624 I 231701633 59 
1625 I 231797799 387 
1626 I 231955726 61 
1627 I 232104421 385 
1628 I 232304621 63 
1629 I 232411136 472 
1630 I 232599598 406 
1631 I 232754873 67 
1632 I 232862465 374 
1633 I 233012841 56 
1634 I 233107405 390 
1635 I 233316076 402 
1636 I 233414668 44 
1637 I 233520659 78 
1638 I 233649931 368 
1639 I 233758005 62 
1640 I 233912228 384 
1641 I 234017409 402 
1642 I 234264681 48 
1643 I 234360321 398 
1644 I 234508899 50 
1645 I 234636687 396 
1646 I 234761100 66 
1647 I 234857394 380 
1648 I 235130488 402 
1649 I 235231359 44 
1650 I 235262226 68 
1651 I 235337149 378 
1652 I 235520695 44 
1653 I 235618891 402 
1654 I 235817806 402 
1655 I 235912102 44 
1656 I 236006072 49 
1657 I 236221121 397 
1658 I 236340340 402 
1659 I 236509907 47 
1660 I 236615234 399 
1661 I 236844381 402 
1662 I 236942388 44 
1663 I 237008702 68 
1664 I 237039843 378 
1665 I 237232035 44 
1666 I 237328361 402 
1667 I 237539352 402 
1668 I 237732231 44 
1669 I 237839739 402 
1670 I 237946360 44 
1671 I 238010377 45 
1672 I 238101732 401 
1673 I 238245641 44 
1674 I 238327796 402 
1675 I 238527946 402 
1676 I 238736946 44 
1677 I 238756444 57 
1678 I 238834524 389 
1679 I 239011594 59 
1680 I 239088155 387 
1681 I 239240609 44 
1682 I 239329733 402 
1683 I 239440639 44 
1684 I 239528303 402 
1685 I 239648893 44 
1686 I 239757352 66 
1687 I 239808388 380 
1688 I 240040555 402 
1689 I 240244980 44 
1690 I 240254973 48 
1691 I 240339106 398 
1692 I 240517843 50 
1693 I 240613934 396 
1694 I 240756810 52 
1695 I 240859304 394 
1696 I 241015311 54 
1697 I 241114800 392 
1698 I 241268073 56 
1699 I 241405940 407 
1700 I 241518519 66 
1701 I 241614870 367 
1702 I 241764965 59 
1703 I 241902559 382 
1704 I 242013041 66 
1705 I 242179183 380 
1706 I 242285412 402 
1707 I 242518769 88 
1708 I 242615986 358 
1709 I 242754499 54 
1710 I 242868198 392 
1711 I 243014693 56 
1712 I 243221078 390 
1713 I 243320570 402 
1714 I 243512599 60 
1715 I 243622040 386 
1716 I 243776694 402 
1717 I 244009555 80 
1718 I 244106932 366 
1719 I 244323725 402 
1720 I 244515236 51 
1721 I 244613788 395 
1722 I 244763300 402 
1723 I 244974820 44 
1724 I 245010311 61 
1725 I 245071023 385 
1726 I 245256835 45 
1727 I 245351426 401 
1728 I 245510574 72 
1729 I 245621027 374 
1730 I 245757180 74 
1731 I 245853948 372 
1732 I 246013465 402 
1733 I 246257178 46 
1734 I 246348910 400 
1735 I 246507428 55 
1736 I 246604035 391 
1737 I 246754196 68 
1738 I 246960924 378 
1739 I 247063805 402 
1740 I 247256835 54 
1741 I 247350311 392 
1742 I 247518102 47 
1743 I 247622153 399 
1744 I 247757592 49 
1745 I 247864069 397 
1746 I 248048611 402 
1747 I 248262442 71 
1748 I 248357351 375 
1749 I 248554423 402 
1750 I 248764069 45 
1751 I 248880548 401 
1752 I 249052629 402 
1753 I 249260255 76 
1754 I 249354042 370 
1755 I 249570665 82 
1756 I 249666259 435 
1757 I 249826772 72 
1758 I 249996482 391 
1759 I 250095091 402 
1760 I 250324242 77 
1761 I 250421136 369 
1762 I 250709911 44 
1763 I 250827562 75 
1764 I 250839121 640 
1765 I 251066962 450 
1766 I 251291711 73 
1767 I 251384775 368 
1768 I 251593481 402 
1769 I 251813903 44 
1770 I 252016153 44 
1771 I 252216403 44 
1772 I 252520049 44 
1773 I 252579775 68 
1774 I 252634715 1243 
1775 I 252819046 64 
1776 I 252853575 592 
1777 I 253020379 44 
1778 I 253184242 65 
1779 I 253348757 381 
1780 I 253458145 49 
1781 I 253626133 559 
1782 I 253831266 44 
1783 I 254133377 44 
1784 I 254330890 49 
1785 I 254437001 1138 
1786 I 254606539 572 
1787 I 254843480 44 
1788 I 255133081 44 
1789 I 255333689 44 
1790 I 255535610 44 
1791 I 255848975 44 
1792 I 256152049 44 
1793 I 256447477 44 
1794 I 256750231 44 
1795 I 257049014 44 
1796 I 257244567 44 
1797 I 257446326 44 
1798 I 257652601 44 
1799 I 257957029 44 
1800 I 257983588 73 
1801 I 258059326 1238 
1802 I 258289605 85 
1803 I 258391166 643 
1804 I 258539410 57 
1805 I 258740891 406 
1806 I 258844999 402 
1807 I 259042156 80 
1808 I 259139622 366 
1809 I 259287096 46 
1810 I 259394844 400 
1811 I 259554508 75 
1812 I 259663643 371 
1813 I 259804832 77 
1814 I 259902026 369 
1815 I 260104250 402 
1816 I 260287885 54 
1817 I 260384855 392 
1818 I 260611485 402 
1819 I 260788361 49 
1820 I 260884398 397 
1821 I 261041545 105 
1822 I 261138045 341 
1823 I 261287925 67 
1824 I 261381046 379 
1825 I 261548239 51 
1826 I 261642686 395 
1827 I 261786120 71 
1828 I 261886512 375 
1829 I 262043222 67 
1830 I 262135960 379 
1831 I 262286796 51 
1832 I 262424833 395 
1833 I 262547651 76 
1834 I 262644194 370 
1835 I 262851882 402 
1836 I 263044696 266 
1837 I 263143126 180 
1838 I 263361916 402 
1839 I 263547673 61 
1840 I 263664571 385 
1841 I 263796109 402 
1842 I 264042495 54 
1843 I 264144788 392 
1844 I 264286323 77 
1845 I 264383450 369 
1846 I 264546608 69 
1847 I 264646018 377 
1848 I 264791783 51 
1849 I 264940788 395 
1850 I 265045734 402 
1851 I 265298362 73 
1852 I 265392538 390 
1853 I 265543030 58 
1854 I 265668277 375 
1855 I 265786701 73 
1856 I 265901598 368 
1857 I 266094792 402 
1858 I 266285605 46 
1859 I 266383099 400 
1860 I 266542666 67 
1861 I 266643528 379 
1862 I 266791367 51 
1863 I 266897794 395 
1864 I 267045197 402 
1865 I 267286279 73 
1866 I 267374002 373 
1867 I 267548337 57 
1868 I 267643979 389 
1869 I 267788052 69 
1870 I 267978681 377 
1871 I 268076875 402 
1872 I 268297360 62 
1873 I 268410017 384 
1874 I 268538413 64 
1875 I 268681695 382 
1876 I 268793213 80 
1877 I 268967872 366 
1878 I 269066680 402 
1879 I 269297815 48 
1880 I 269479921 398 
1881 I 269590670 402 
1882 I 269802148 402 
1883 I 270019177 44 
1884 I 270041248 59 
1885 I 270118201 387 
1886 I 270295111 79 
1887 I 270393200 367 
1888 I 270573245 402 
1889 I 270794914 65 
1890 I 270893140 381 
1891 I 271097686 402 
1892 I 271194981 44 
1893 I 271301594 80 
1894 I 271355108 366 
1895 I 271529446 44 
1896 I 271607734 402 
1897 I 271830780 44 
1898 I 271901834 402 
1899 I 272054205 402 
1900 I 272293434 63 
1901 I 272389636 383 
1902 I 272552604 402 
1903 I 272794926 58 
1904 I 272894264 388 
1905 I 273035191 59 
1906 I 273216851 387 
1907 I 273316011 402 
1908 I 273542161 63 
1909 I 273640139 383 
1910 I 273793957 65 
1911 I 273926426 381 
1912 I 274036932 70 
1913 I 274135829 376 
1914 I 274290503 72 
1915 I 274385678 374 
1916 I 274576647 402 
1917 I 274798770 63 
1918 I 274899795 383 
1919 I 275038467 65 
1920 I 275134646 381 
1921 I 275302643 402 
1922 I 275537524 51 
1923 I 275632622 395 
1924 I 275797637 402 
1925 I 276036967 76 
1926 I 276137927 370 
1927 I 276293448 78 
1928 I 276388693 368 
1929 I 276537386 80 
1930 I 276643805 366 
1931 I 276794143 46 
1932 I 276942480 400 
1933 I 277040610 402 
1934 I 277290436 50 
1935 I 277390191 396 
1936 I 277536876 52 
1937 I 277688014 394 
1938 I 277793513 72 
1939 I 277887920 374 
1940 I 278115634 402 
1941 I 278215247 44 
1942 I 278293310 46 
1943 I 278322577 400 
1944 I 278567912 44 
1945 I 278619083 402 
1946 I 278774346 44 
1947 I 278819243 402 
1948 I 278972864 44 
1949 I 279036736 46 
1950 I 279073484 400 
1951 I 279295081 48 
1952 I 279406365 398 
1953 I 279537961 50 
1954 I 279710996 396 
1955 I 279805479 402 
1956 I 280036097 54 
1957 I 280131442 392 
1958 I 280319208 74 
1959 I 280427810 407 
1960 I 280537816 77 
1961 I 280756550 341 
1962 I 280860741 393 
1963 I 281034672 61 
1964 I 281129918 385 
1965 I 281305348 402 
1966 I 281539360 69 
1967 I 281638681 377 
1968 I 281802111 71 
1969 I 281912605 375 
1970 I 282076129 402 
1971 I 282290842 75 
1972 I 282389710 371 
1973 I 282539176 77 
1974 I 282632685 369 
1975 I 282794540 61 
1976 I 282891122 385 
1977 I 283045435 45 
1978 I 283234761 401 
1979 I 283333111 402 
1980 I 283536177 49 
1981 I 283636743 397 
1982 I 283818776 69 
1983 I 283960995 377 
1984 I 284061800 402 
1985 I 284289407 61 
1986 I 284395797 385 
1987 I 284546476 45 
1988 I 284644727 401 
1989 I 284851411 402 
1990 I 284966123 44 
1991 I 285044377 71 
1992 I 285101297 375 
1993 I 285308572 44 
1994 I 285358998 402 
1995 I 285458558 44 
1996 I 285547901 75 
1997 I 285637340 371 
1998 I 285819106 44 
1999 I 285848565 402 
2000 I 286058162 45 
2001 I 286157061 418 
2002 I 286362656 389 
2003 I 286463495 44 
2004 I 286542476 45 
2005 I 286643169 396 
2006 I 286799514 46 
2007 I 286893103 400 
2008 I 287078882 402 
2009 I 287319554 44 
2010 I 287520740 44 
2011 I 287553708 50 
2012 I 287621418 684 
2013 I 287773905 75 
2014 I 287849130 422 
2015 I 288022864 44 
2016 I 288055630 397 
2017 I 288225096 44 
2018 I 288271876 51 
2019 I 288332120 395 
2020 I 288541605 44 
2021 I 288560161 402 
2022 I 288773789 73 
2023 I 288867950 373 
2024 I 289047038 402 
2025 I 289271003 59 
2026 I 289371119 387 
2027 I 289531363 61 
2028 I 289628633 385 
2029 I 289773761 63 
2030 I 289867721 383 
2031 I 290027304 65 
2032 I 290125249 381 
2033 I 290276211 78 
2034 I 290374492 368 
2035 I 290546994 402 
2036 I 290773648 64 
2037 I 290881211 382 
2038 I 291028188 61 
2039 I 291204008 385 
2040 I 291303490 402 
2041 I 291533928 65 
2042 I 291628287 381 
2043 I 291770039 61 
2044 I 291864163 385 
2045 I 292032565 63 
2046 I 292130482 383 
2047 I 292272431 65 
2048 I 292369792 381 
2049 I 292532320 67 
2050 I 292642769 379 
2051 I 292783414 48 
2052 I 292910791 398 
2053 I 293026486 65 
2054 I 293184896 381 
2055 I 293285749 402 
2056 I 293528231 51 
2057 I 293640566 395 
2058 I 293780826 49 
2059 I 293903768 397 
2060 I 294027899 51 
2061 I 294229486 395 
2062 I 294355669 402 
2063 I 294528336 55 
2064 I 294701486 391 
2065 I 294827143 402 
2066 I 295021971 80 
2067 I 295162901 366 
2068 I 295280899 73 
2069 I 295393638 373 
2070 I 295661324 402 
2071 I 295820501 58 
2072 I 295950784 388 
2073 I 296047655 402 
2074 I 296282319 50 
2075 I 296387025 396 
2076 I 296536849 70 
2077 I 296638862 376 
2078 I 296840042 63 
2079 I 296934668 455 
2080 I 297170063 419 
2081 I 297342943 49 
2082 I 297436849 397 
2083 I 297652659 402 
2084 I 297839041 71 
2085 I 297954693 375 
2086 I 298092561 55 
2087 I 298243365 391 
2088 I 298344934 402 
2089 I 298585853 56 
2090 I 298684675 390 
2091 I 298838384 58 
2092 I 298936002 388 
2093 I 299084279 78 
2094 I 299233574 368 
2095 I 299344515 80 
2096 I 299535247 366 
2097 I 299693650 402 
