0 I 0 52 
1 I 45088 44 
2 I 311767 44 
3 I 379043 44 
4 I 430958 44 
5 I 435256 44 
6 I 487521 44 
7 I 495653 44 
8 I 499566 44 
9 I 547628 44 
10 I 560885 44 
11 I 566000 44 
12 I 575185 56 
13 I 600362 56 
14 I 604342 56 
15 I 609112 56 
16 I 618045 56 
17 I 626217 56 
18 I 630576 56 
19 I 634495 56 
20 I 639236 56 
21 I 639240 56 
22 I 651287 44 
23 I 656659 56 
24 I 668697 56 
25 I 672623 56 
26 I 676678 56 
27 I 680874 56 
28 I 684768 56 
29 I 690385 56 
30 I 692779 56 
31 I 700873 56 
32 I 704893 56 
33 I 714755 44 
34 I 721823 44 
35 I 726849 44 
36 I 732877 44 
37 I 763009 44 
38 I 773086 44 
39 I 945106 44 
40 I 3917164 44 
41 I 4583980 44 
