0 I 0 52 
1 I 3179011 52 
2 I 7996956 44 
3 I 8057081 446 
4 I 10218007 44 
5 I 11136058 44 
6 I 14082973 44 
7 I 14821009 44 
8 I 17335478 44 
9 I 17773479 44 
10 I 17983945 44 
11 I 20523967 56 
12 I 20548022 56 
13 I 20901995 56 
14 I 20943953 56 
15 I 23061554 44 
16 I 26271533 56 
17 I 26313658 56 
18 I 28552008 56 
19 I 28593993 44 
20 I 31372989 44 
21 I 34498081 44 
22 I 38282020 44 
23 I 41496491 56 
24 I 41526470 56 
25 I 44454996 56 
26 I 44525026 44 
27 I 47587981 44 
28 I 50726566 56 
29 I 54521062 56 
30 I 56896018 44 
31 I 60633535 44 
32 I 64027971 44 
33 I 67297483 44 
34 I 67513498 44 
35 I 71006069 44 
36 I 71288069 44 
37 I 74859033 44 
38 I 75068981 44 
39 I 78036777 56 
40 I 87211072 56 
41 I 87223068 44 
42 I 87589094 52 
43 I 90616997 52 
44 I 91161991 44 
45 I 91222141 446 
46 I 93685618 44 
47 I 94435667 44 
48 I 94447601 44 
