0 I 0 52 
1 I 2991840 52 
2 I 8907334 52 
3 I 30495234 52 
4 I 33463752 52 
5 I 39485312 52 
6 I 61025308 52 
7 I 63939294 52 
8 I 69961995 52 
9 I 91363630 52 
10 I 94315349 52 
11 I 100235865 52 
12 I 121926920 52 
13 I 124902944 52 
14 I 130825283 52 
15 I 152435801 52 
16 I 155372064 52 
17 I 161393043 52 
18 I 182885873 52 
19 I 185855353 52 
20 I 191879710 52 
21 I 213293865 52 
22 I 216132884 52 
23 I 222148080 52 
24 I 243729833 52 
25 I 246699517 52 
26 I 252626676 52 
27 I 274283067 52 
28 I 277274818 52 
29 I 283305585 52 
