0 I 0 1504 
1 I 1401818 1504 
2 I 1427557 1504 
3 I 7497713 774 
4 I 8948957 1504 
5 I 10898848 182 
6 I 37805664 1504 
7 I 90320654 1504 
8 I 153494077 1504 
9 I 153497826 52 
10 I 175899812 44 
11 I 175989031 105 
12 I 177302900 130 
13 I 178395128 72 
14 I 179571782 54 
15 I 188402604 50 
16 I 189964031 586 
17 I 190195123 1504 
18 I 190203014 210 
19 I 190312607 1504 
20 I 191798662 1504 
21 I 191994889 1504 
22 I 192314872 1504 
23 I 192419223 1504 
24 I 193996847 210 
25 I 194107572 874 
26 I 196125722 1504 
27 I 198100415 166 
28 I 204565988 1504 
29 I 216094886 1504 
30 I 218069972 1504 
31 I 219551698 1504 
32 I 221300160 1504 
33 I 222465796 142 
34 I 243094636 1504 
35 I 244361600 1504 
36 I 244494303 1504 
37 I 245628540 1504 
38 I 245707014 1504 
39 I 251247071 44 
40 I 257541829 1504 
