0 I 0 1504 
1 I 7687 1504 
2 I 19154 1504 
3 I 28261 1504 
4 I 39587 1504 
5 I 48828 1504 
6 I 88769 44 
7 I 210194 44 
8 I 825439 1504 
9 I 833730 1504 
10 I 1014673 1504 
11 I 1025019 1504 
12 I 1032884 1504 
13 I 1038309 381 
14 I 1043671 56 
15 I 1096786 56 
16 I 1116416 64 
17 I 1229634 56 
18 I 1731606 56 
19 I 2130064 56 
20 I 2273784 44 
21 I 3345695 1504 
22 I 3354933 1504 
23 I 3365276 1504 
24 I 3374258 1504 
25 I 3383923 1504 
26 I 3393553 1504 
27 I 3402045 1504 
28 I 4062274 44 
29 I 4499300 56 
30 I 4602405 1504 
31 I 4611646 1504 
32 I 4618925 1504 
33 I 4838221 1504 
34 I 4844841 381 
35 I 4947577 44 
36 I 5626532 44 
37 I 5676171 44 
38 I 5805263 56 
39 I 5994917 56 
40 I 6032807 56 
41 I 6146682 56 
42 I 6152759 61 
43 I 6186588 1504 
44 I 6196438 1504 
45 I 6208232 1504 
46 I 6217600 1504 
47 I 6226136 1504 
48 I 6234169 1504 
49 I 6243199 1504 
50 I 6424340 56 
51 I 6626425 1504 
52 I 6811201 56 
53 I 6951550 44 
54 I 7131152 44 
55 I 7241690 44 
56 I 7403335 56 
57 I 7449197 56 
58 I 7642409 44 
59 I 7693925 1504 
60 I 7703730 1504 
61 I 7712716 1504 
62 I 7727810 381 
63 I 9186020 61 
64 I 9243870 56 
65 I 9267518 64 
66 I 9748996 1504 
67 I 9758462 1504 
68 I 9771331 1504 
69 I 9781670 1504 
70 I 9793389 1504 
71 I 9801413 1504 
72 I 9809862 1504 
73 I 9816592 1504 
74 I 9823036 56 
75 I 9969785 56 
76 I 10331037 44 
77 I 10497309 44 
78 I 10504206 44 
79 I 11177548 1504 
80 I 11186811 1504 
81 I 11198674 1504 
82 I 11205197 381 
83 I 11211329 44 
84 I 11455732 44 
85 I 11696341 44 
86 I 11788126 56 
87 I 12260714 44 
88 I 12875713 44 
89 I 12881643 56 
90 I 12895737 1504 
91 I 12904784 1504 
92 I 12915537 1504 
93 I 12924612 1504 
94 I 12938036 1504 
95 I 12945821 1504 
96 I 12955002 1504 
97 I 12966280 1504 
98 I 12975544 1504 
99 I 13165806 56 
100 I 14000791 56 
101 I 14029039 56 
102 I 14039220 1504 
103 I 14047003 1504 
104 I 14051624 381 
105 I 15371597 44 
106 I 15804720 44 
107 I 16437274 44 
108 I 16590412 1504 
109 I 16599593 1504 
110 I 16607174 1504 
111 I 16620750 1504 
112 I 16629052 1504 
113 I 16639292 1504 
114 I 16648866 1504 
115 I 16660940 1504 
116 I 16670367 1504 
117 I 17096847 44 
118 I 17653765 1504 
119 I 17662972 1504 
120 I 17675447 381 
121 I 17736940 56 
122 I 17744681 64 
123 I 18215786 56 
124 I 19163053 44 
125 I 19181105 44 
126 I 19426209 61 
127 I 19436346 1504 
128 I 19446635 1504 
129 I 19454871 1504 
130 I 19463969 1504 
131 I 19472418 1504 
132 I 19479004 1504 
133 I 19489769 1504 
134 I 19496673 1504 
135 I 19506521 1504 
136 I 19514537 1504 
137 I 19936876 44 
138 I 19982657 44 
139 I 20717151 56 
140 I 20806842 1504 
141 I 20811740 381 
142 I 23191736 1504 
143 I 23574011 1504 
144 I 23582845 1504 
145 I 24613160 1504 
146 I 24624895 1504 
147 I 24645362 44 
148 I 24996753 381 
149 I 25223812 1504 
150 I 25233845 1504 
151 I 25950573 1504 
152 I 25956734 56 
153 I 26165916 1504 
154 I 26383300 44 
155 I 26859637 1504 
156 I 27347441 56 
157 I 27356645 1504 
158 I 27597208 56 
159 I 27746840 1504 
160 I 27918913 44 
161 I 28765530 44 
162 I 28839714 1504 
163 I 28846386 1504 
164 I 29186463 1504 
165 I 29263092 44 
166 I 29515183 44 
167 I 29817274 44 
168 I 30280730 1504 
169 I 30289439 1504 
170 I 30297633 381 
171 I 30624588 44 
172 I 30649545 44 
173 I 30833057 44 
174 I 31733173 53 
175 I 31742027 1504 
176 I 31749356 1504 
177 I 31759108 1504 
178 I 31775242 1504 
179 I 32018874 56 
180 I 32038810 64 
181 I 32180347 64 
182 I 32399070 56 
183 I 32791734 1504 
184 I 32805406 1504 
185 I 32812346 1504 
186 I 32873533 1504 
187 I 33084065 56 
188 I 33107160 44 
189 I 33480113 44 
190 I 33661869 44 
191 I 33987892 1504 
192 I 33994884 1504 
193 I 34006518 1504 
194 I 34015417 415 
195 I 34616588 56 
196 I 35123360 56 
197 I 35203069 44 
198 I 35355303 1504 
199 I 35365168 1504 
200 I 35373638 1504 
201 I 35382487 1504 
202 I 35391069 1504 
203 I 35729273 44 
204 I 36447707 1504 
205 I 36457387 1504 
206 I 36464313 1504 
207 I 36473223 1504 
208 I 36480897 1504 
209 I 36485830 44 
210 I 36692557 44 
211 I 37368733 1504 
212 I 37375761 381 
213 I 37443311 44 
214 I 38160226 44 
215 I 38224097 44 
216 I 38237901 1504 
217 I 38246578 1504 
218 I 38254682 1504 
219 I 38267043 1504 
220 I 38276298 1504 
221 I 38283288 1504 
222 I 38365213 44 
223 I 39098503 1504 
224 I 39129859 1504 
225 I 39136743 1504 
226 I 39144664 1504 
227 I 39174427 1504 
228 I 39824249 1504 
229 I 39846124 1504 
230 I 39879961 44 
231 I 39904778 44 
232 I 39958132 44 
233 I 39964938 381 
234 I 40670975 44 
235 I 40688004 44 
236 I 40877629 44 
237 I 41413364 56 
238 I 41492673 44 
239 I 42178836 44 
240 I 42191905 56 
241 I 42211665 64 
242 I 42236717 64 
243 I 42262121 56 
244 I 42298513 44 
245 I 42799552 381 
246 I 43074519 56 
247 I 43119468 56 
248 I 43237354 56 
249 I 43256072 44 
250 I 43293513 44 
251 I 43840865 61 
252 I 43849639 1504 
253 I 44093125 44 
254 I 44411435 44 
255 I 44732218 44 
256 I 44739432 1504 
257 I 44750459 1504 
258 I 44759198 1504 
259 I 45624965 56 
260 I 45632624 1504 
261 I 45641532 1504 
262 I 45648307 1504 
263 I 45674995 1504 
264 I 45682259 1504 
265 I 45887901 44 
266 I 46835554 1504 
267 I 47050451 56 
268 I 47129159 1504 
269 I 47648735 44 
270 I 47979090 1504 
271 I 47988514 1504 
272 I 48720404 44 
273 I 48842350 56 
274 I 49143404 415 
275 I 49306050 56 
276 I 49746336 64 
277 I 50920491 56 
278 I 50931671 1504 
279 I 50939803 1504 
280 I 51405162 44 
281 I 51595101 44 
282 I 51702300 1504 
283 I 51766256 1504 
284 I 51777854 1504 
285 I 52266236 56 
286 I 52304925 64 
287 I 52315058 64 
288 I 52624045 64 
289 I 52644268 56 
290 I 52757042 1504 
291 I 52773554 1504 
292 I 52792710 1504 
293 I 52919065 44 
294 I 53048030 44 
295 I 53351659 44 
296 I 53544746 44 
297 I 53881118 56 
298 I 53885196 56 
299 I 53912613 1504 
300 I 53919550 1504 
301 I 53929992 1504 
302 I 53940812 381 
303 I 54274253 56 
304 I 54821598 56 
305 I 55063844 44 
306 I 55242663 61 
307 I 55251455 1504 
308 I 55260554 1504 
309 I 55269965 1504 
310 I 55278116 1504 
311 I 55343775 44 
312 I 56437881 1504 
313 I 56445256 1504 
314 I 56595794 56 
315 I 56605556 1504 
316 I 56614653 1504 
317 I 56623048 1504 
318 I 56648327 64 
319 I 56837676 1504 
320 I 56849240 56 
321 I 56858924 56 
322 I 57435962 44 
323 I 57873477 1504 
324 I 57879205 398 
325 I 57982385 56 
326 I 58435690 1504 
327 I 58468311 44 
328 I 59196380 44 
329 I 59326894 1504 
330 I 59335827 1504 
331 I 59609527 44 
332 I 60085440 44 
333 I 60204781 1504 
334 I 60213944 1504 
335 I 60222859 1504 
336 I 60669026 44 
337 I 61307470 44 
338 I 61756015 1504 
339 I 61764032 1504 
340 I 61794908 1504 
341 I 62112201 44 
342 I 63005326 1504 
343 I 63014908 1504 
344 I 63027669 1504 
345 I 63037322 381 
346 I 63051495 56 
347 I 63182296 56 
348 I 63188731 56 
349 I 63905376 56 
350 I 64182448 56 
351 I 64190259 61 
352 I 64201725 1504 
353 I 64210559 1504 
354 I 64219418 1504 
355 I 64232359 1504 
356 I 64249883 56 
357 I 64994950 44 
358 I 65304877 56 
359 I 65313928 1504 
360 I 65321062 1504 
361 I 65332306 1504 
362 I 65345763 1504 
363 I 65727280 56 
364 I 65889929 56 
365 I 65899961 64 
366 I 66249448 64 
367 I 66505763 56 
368 I 66518585 1504 
369 I 66528310 1504 
370 I 66536059 1504 
371 I 66540687 398 
372 I 66546580 44 
373 I 67444630 44 
374 I 67539464 44 
375 I 67993548 1504 
376 I 68002573 1504 
377 I 68010730 1504 
378 I 68017534 1504 
379 I 68031583 1504 
380 I 68064309 56 
381 I 68294362 56 
382 I 68682485 56 
383 I 69149732 56 
384 I 69418953 44 
385 I 69681647 56 
386 I 69693337 1504 
387 I 69702472 1504 
388 I 69710160 1504 
389 I 69719683 1504 
390 I 69727533 1504 
391 I 69734639 56 
392 I 70041262 56 
393 I 70596827 64 
394 I 70605275 1504 
395 I 70620298 56 
396 I 70678723 56 
397 I 70719568 56 
398 I 70729298 381 
399 I 70989420 44 
400 I 70995872 44 
401 I 71291662 44 
402 I 71972950 44 
403 I 72183345 56 
404 I 72989555 44 
405 I 73168523 1504 
406 I 73386349 44 
407 I 74530993 53 
408 I 74542127 1504 
409 I 74911532 1504 
410 I 75660213 56 
411 I 75918762 44 
412 I 76197159 1504 
413 I 76625152 1504 
414 I 76935189 44 
415 I 77193758 44 
416 I 77621370 1504 
417 I 77629597 1504 
418 I 77920868 1504 
419 I 78193680 44 
420 I 78900983 1504 
421 I 78910466 1504 
422 I 78917558 1504 
423 I 79063131 56 
424 I 79336145 44 
425 I 79995439 1504 
426 I 80002321 415 
427 I 80223566 44 
428 I 80452054 56 
429 I 80645613 44 
430 I 81016092 1504 
431 I 81024392 1504 
432 I 81035542 1504 
433 I 81042390 1504 
434 I 81426483 56 
435 I 82057606 44 
436 I 83161753 56 
437 I 83437455 1504 
438 I 83451438 44 
439 I 84658745 44 
440 I 84975453 1504 
441 I 84985351 1504 
442 I 86175387 56 
443 I 86330258 1504 
444 I 86339567 1504 
445 I 86427349 1504 
446 I 87306920 56 
447 I 87449693 1504 
448 I 87458020 1504 
449 I 87601689 1504 
450 I 88315685 44 
451 I 88579679 1504 
452 I 88588739 1504 
453 I 88593645 381 
454 I 89396907 56 
455 I 89407166 64 
456 I 89699296 64 
457 I 89783547 1504 
458 I 89792630 1504 
459 I 89806044 1504 
460 I 89816683 1504 
461 I 90029373 44 
462 I 90518385 44 
463 I 90927571 1504 
464 I 90936287 1504 
465 I 90946298 1504 
466 I 91013601 44 
467 I 91085213 1504 
468 I 91092514 1504 
469 I 91350698 56 
470 I 91390040 64 
471 I 91414444 64 
472 I 91660879 56 
473 I 91737465 56 
474 I 91883155 56 
475 I 91900492 44 
476 I 92020609 44 
477 I 92031514 1504 
478 I 92038820 1504 
479 I 92044771 381 
480 I 92403915 44 
481 I 92615545 44 
482 I 92693886 56 
483 I 92752923 56 
484 I 92972991 44 
485 I 93196494 61 
486 I 93206621 1504 
487 I 93215475 1504 
488 I 93228843 1504 
489 I 93242921 1504 
490 I 93250859 1504 
491 I 93483405 44 
492 I 93681775 44 
493 I 93856081 44 
494 I 94138368 1504 
495 I 94249514 1504 
496 I 94258002 1504 
497 I 94270007 1504 
498 I 94278209 1504 
499 I 94406398 1504 
500 I 94410544 416 
501 I 94997021 44 
502 I 95294766 44 
503 I 95745927 1504 
504 I 95756267 1504 
505 I 95764306 1504 
506 I 95776151 1504 
507 I 95785874 1504 
508 I 95795200 1504 
509 I 96074942 44 
510 I 96297416 44 
511 I 96876986 1504 
512 I 96884186 1504 
513 I 96893787 1504 
514 I 96902626 1504 
515 I 96910164 1504 
516 I 96917653 381 
517 I 96968072 56 
518 I 97098172 64 
519 I 97790137 56 
520 I 97935104 44 
521 I 97940917 61 
522 I 97950445 1504 
523 I 97962961 1504 
524 I 97971972 1504 
525 I 98109577 44 
526 I 98117592 44 
527 I 98371137 44 
528 I 98948418 1504 
529 I 99018254 1504 
530 I 99027050 1504 
531 I 99221574 44 
532 I 99797151 44 
533 I 99999063 1504 
534 I 100008314 1504 
535 I 100016714 1504 
536 I 100080520 1504 
537 I 100316069 56 
538 I 100774730 56 
539 I 101321526 1504 
540 I 101330026 381 
541 I 101976624 56 
542 I 103331680 1504 
543 I 103341658 1504 
544 I 103659754 56 
545 I 104605194 56 
546 I 104614634 1504 
547 I 104627892 1504 
548 I 104813229 44 
549 I 105099200 44 
550 I 105806056 1504 
551 I 105815218 1504 
552 I 105821669 44 
553 I 105988096 1504 
554 I 106001612 44 
555 I 106087588 56 
556 I 106113185 64 
557 I 106184719 64 
558 I 106347271 64 
559 I 106435694 56 
560 I 106473690 56 
561 I 106722807 44 
562 I 107049471 1504 
563 I 107057522 1504 
564 I 107273891 1504 
565 I 107407547 1504 
566 I 107552880 44 
567 I 107944209 56 
568 I 108227097 381 
569 I 108289237 44 
570 I 109479868 56 
571 I 109487240 48 
572 I 109498437 1504 
573 I 109511135 1504 
574 I 109520881 1504 
575 I 109534720 1504 
576 I 109633628 44 
577 I 109688139 44 
578 I 109769517 44 
579 I 110752577 1504 
580 I 110761427 1504 
581 I 111098260 56 
582 I 111106118 1504 
583 I 111763129 56 
584 I 111848274 44 
585 I 112086882 1504 
586 I 112625129 1504 
587 I 112895704 44 
588 I 113027725 1504 
589 I 113232766 44 
590 I 113535804 1504 
591 I 113832820 1504 
592 I 113841808 1504 
593 I 114203389 1504 
594 I 114222431 56 
595 I 114565375 1504 
596 I 114573245 1504 
597 I 114582285 415 
598 I 114624837 56 
599 I 114761553 44 
600 I 114936104 1504 
601 I 115435464 44 
602 I 115706065 1504 
603 I 115716544 1504 
604 I 115726834 1504 
605 I 115735131 1504 
606 I 115744742 1504 
607 I 116339575 56 
608 I 116434548 44 
609 I 116908812 1504 
610 I 116918571 1504 
611 I 116935201 1504 
612 I 116976073 1504 
613 I 116985101 1504 
614 I 117542761 44 
615 I 117852401 44 
616 I 117864276 1504 
617 I 117872850 381 
618 I 118784149 61 
619 I 118792043 1504 
620 I 118803936 1504 
621 I 118811784 1504 
622 I 118821935 1504 
623 I 118831043 1504 
624 I 118840091 1504 
625 I 118985008 44 
626 I 119735940 1504 
627 I 119744108 1504 
628 I 119755910 1504 
629 I 119763922 1504 
630 I 119772761 1504 
631 I 119779946 390 
632 I 119972444 56 
633 I 120039706 56 
634 I 120140700 56 
635 I 120510301 44 
636 I 120779807 1504 
637 I 120789082 1504 
638 I 120799031 1504 
639 I 120814101 1504 
640 I 120825814 1504 
641 I 120834166 1504 
642 I 120842761 1504 
643 I 120915977 56 
644 I 120921788 44 
645 I 121084126 44 
646 I 121700734 1504 
647 I 121710303 1504 
648 I 121720483 1504 
649 I 121732757 1504 
650 I 121739880 381 
651 I 121842494 44 
652 I 121897408 44 
653 I 121968948 44 
654 I 122691038 44 
655 I 122906431 44 
656 I 123695431 1504 
657 I 123740527 44 
658 I 123784160 44 
659 I 124713729 1504 
660 I 124725039 1504 
661 I 124871075 44 
662 I 124896235 44 
663 I 125888213 56 
664 I 125898487 1504 
665 I 125907928 381 
666 I 125939183 56 
667 I 125961196 44 
668 I 126105120 44 
669 I 127121144 44 
670 I 127156843 61 
671 I 127171459 1504 
672 I 127181391 1504 
673 I 127191155 1504 
674 I 127511242 44 
675 I 128467558 1504 
676 I 128476435 1504 
677 I 128570485 1504 
678 I 128579759 1504 
679 I 128589890 56 
680 I 128692087 56 
681 I 128833291 56 
682 I 129111002 44 
683 I 129539286 1504 
684 I 129547918 1504 
685 I 129558556 1504 
686 I 129573367 56 
687 I 129814724 1504 
688 I 129820770 398 
689 I 129880830 56 
690 I 130009877 44 
691 I 130570109 44 
692 I 131275751 44 
693 I 132172606 44 
694 I 132357884 1504 
695 I 133244257 44 
696 I 133631216 398 
697 I 134455949 1504 
698 I 134464801 1504 
699 I 134474896 1504 
700 I 134495944 56 
701 I 134573571 44 
702 I 134770052 44 
703 I 135326037 1504 
704 I 135337756 1504 
705 I 135345624 1504 
706 I 135477783 44 
707 I 135627541 44 
708 I 135874851 44 
709 I 136366995 1504 
710 I 136377594 1504 
711 I 136482194 1504 
712 I 136694775 44 
713 I 136703630 56 
714 I 136859413 44 
715 I 137027376 44 
716 I 137629522 1504 
717 I 138051880 56 
718 I 138257277 1504 
719 I 138453843 44 
720 I 138749845 1504 
721 I 138758559 1504 
722 I 139480969 1504 
723 I 139488109 1504 
724 I 139498488 1504 
725 I 139505925 1504 
726 I 139754463 381 
727 I 139898430 44 
728 I 140378634 1504 
729 I 140687327 56 
730 I 140691867 61 
731 I 140700606 1504 
732 I 140709522 1504 
733 I 140732079 1504 
734 I 140813091 44 
735 I 140875214 44 
736 I 141520755 1504 
737 I 141814761 44 
738 I 141857428 1504 
739 I 141882315 44 
740 I 141888457 44 
741 I 142096873 44 
742 I 142667639 1504 
743 I 142676204 1504 
744 I 142680564 44 
745 I 142787303 1504 
746 I 143018453 44 
747 I 143857430 1504 
748 I 143864307 1504 
749 I 143873047 1504 
750 I 143879398 424 
751 I 144006639 56 
752 I 144063564 44 
753 I 144448915 44 
754 I 145063290 1504 
755 I 145072123 1504 
756 I 145081091 1504 
757 I 145088499 1504 
758 I 145095806 44 
759 I 145231978 44 
760 I 145762299 44 
761 I 145935729 1504 
762 I 145950384 1504 
763 I 145960750 1504 
764 I 145986485 44 
765 I 145995067 1504 
766 I 146002555 1504 
767 I 146336957 44 
768 I 146939831 44 
769 I 147103818 56 
770 I 147115228 1504 
771 I 147244700 1504 
772 I 147250695 381 
773 I 147641697 44 
774 I 148532314 61 
775 I 148539601 1504 
776 I 148548451 1504 
777 I 148556259 1504 
778 I 148566894 1504 
779 I 148573874 1504 
780 I 148826279 56 
781 I 148837563 64 
782 I 148889556 64 
783 I 149209982 64 
784 I 149613883 1504 
785 I 149624479 1504 
786 I 149632591 1504 
787 I 149665437 56 
788 I 149809588 1504 
789 I 149818515 1504 
790 I 150254623 56 
791 I 150297606 56 
792 I 150393801 44 
793 I 150555485 44 
794 I 150775518 44 
795 I 150832843 44 
796 I 150994528 1504 
797 I 151006629 407 
798 I 151927515 56 
799 I 151985269 56 
800 I 152152198 56 
801 I 152254560 56 
802 I 152545177 44 
803 I 153081299 1504 
804 I 153798422 56 
805 I 154103576 56 
806 I 154377364 44 
807 I 154398731 407 
808 I 155108644 44 
809 I 155145537 44 
810 I 155590351 1504 
811 I 155599224 1504 
812 I 155606936 1504 
813 I 155902346 44 
814 I 156387299 44 
815 I 156762601 1504 
816 I 156771299 1504 
817 I 156785800 1504 
818 I 156792936 1504 
819 I 157451497 56 
820 I 157740958 56 
821 I 158322951 44 
822 I 158445920 56 
823 I 158667949 44 
824 I 158713409 1504 
825 I 160028582 1504 
826 I 160035980 1504 
827 I 160626207 44 
828 I 161509865 1504 
829 I 161542636 1504 
830 I 161927663 44 
831 I 162568512 56 
832 I 162575514 1504 
833 I 162584378 1504 
834 I 163101463 44 
835 I 163107397 44 
836 I 163118691 1504 
837 I 163126045 381 
838 I 163200363 44 
839 I 163760847 44 
840 I 164048742 56 
841 I 164180061 56 
842 I 164639204 56 
843 I 164645295 61 
844 I 164654393 1504 
845 I 164661596 1504 
846 I 164670405 1504 
847 I 164677801 1504 
848 I 165361637 44 
849 I 165525795 1504 
850 I 165588547 1504 
851 I 165597575 1504 
852 I 165606228 1504 
853 I 165834212 44 
854 I 166422734 56 
855 I 166446045 64 
856 I 166462566 64 
857 I 166640624 1504 
858 I 166647516 1504 
859 I 166656400 1504 
860 I 166661011 398 
861 I 166827626 64 
862 I 166858465 56 
863 I 166869213 56 
864 I 167601334 56 
865 I 167760806 1504 
866 I 167768618 1504 
867 I 167777412 1504 
868 I 167786271 1504 
869 I 167796637 1504 
870 I 167805262 1504 
871 I 167832262 44 
872 I 167842267 44 
873 I 168056739 44 
874 I 168165415 44 
875 I 168559655 56 
876 I 168692879 1504 
877 I 168701127 1504 
878 I 168710565 1504 
879 I 168756821 1504 
880 I 168765924 1504 
881 I 168771340 381 
882 I 168898268 56 
883 I 169252389 56 
884 I 169293373 56 
885 I 170326565 44 
886 I 170332592 61 
887 I 170343409 1504 
888 I 170352073 1504 
889 I 170362008 1504 
890 I 170370250 1504 
891 I 170377883 1504 
892 I 170385914 1504 
893 I 170394122 1504 
894 I 170515058 44 
895 I 170990552 1504 
896 I 171815586 1504 
897 I 171827875 1504 
898 I 171836951 1504 
899 I 171844376 381 
900 I 172003642 56 
901 I 173326294 56 
902 I 173334872 1504 
903 I 173341871 1504 
904 I 173352578 1504 
905 I 173360464 1504 
906 I 173369439 1504 
907 I 173386856 1504 
908 I 173394346 1504 
909 I 173765376 44 
910 I 174581404 1504 
911 I 174692111 1504 
912 I 174702411 1504 
913 I 174713427 1504 
914 I 174721091 381 
915 I 174949921 44 
916 I 175143389 44 
917 I 175192902 56 
918 I 175651933 56 
919 I 176102328 44 
920 I 176227109 56 
921 I 176231914 61 
922 I 176241737 1504 
923 I 176250601 1504 
924 I 176261417 1504 
925 I 176271951 1504 
926 I 176284418 1504 
927 I 176291753 1504 
928 I 176301684 1504 
929 I 176309681 1504 
930 I 176330306 44 
931 I 176335945 44 
932 I 176553012 44 
933 I 177656243 1504 
934 I 177701887 1504 
935 I 177709242 1504 
936 I 177713579 381 
937 I 177924221 56 
938 I 177953722 64 
939 I 177968531 64 
940 I 178558833 72 
941 I 178572659 72 
942 I 179063640 64 
943 I 179097153 44 
944 I 179306896 44 
945 I 179337962 61 
946 I 179350167 1504 
947 I 179362491 1504 
948 I 179372205 1504 
949 I 179384492 1504 
950 I 179392577 1504 
951 I 179399985 1504 
952 I 179409498 1504 
953 I 179418396 1504 
954 I 179875195 56 
955 I 179907874 56 
956 I 179929213 56 
957 I 179973878 44 
958 I 180347645 1504 
959 I 180356444 1504 
960 I 180442045 1504 
961 I 180448222 381 
962 I 181091793 44 
963 I 181606485 44 
964 I 181649723 44 
965 I 181776588 1504 
966 I 181786335 1504 
967 I 181796541 1504 
968 I 181807683 1504 
969 I 181816499 1504 
970 I 181825667 1504 
971 I 181834785 1504 
972 I 181842552 1504 
973 I 181851538 1504 
974 I 182041133 44 
975 I 182561962 56 
976 I 182779759 1504 
977 I 182788355 1504 
978 I 182792863 381 
979 I 182993316 56 
980 I 183044618 44 
981 I 183437412 44 
982 I 184320846 44 
983 I 184725353 56 
984 I 184733052 61 
985 I 184750087 1504 
986 I 184759462 1504 
987 I 184768452 1504 
988 I 184777802 1504 
989 I 184786927 1504 
990 I 184796536 1504 
991 I 184806224 1504 
992 I 184813927 1504 
993 I 184823486 1504 
994 I 184834269 1504 
995 I 184850627 44 
996 I 184920573 44 
997 I 184955215 44 
998 I 185652488 44 
999 I 186033811 1504 
1000 I 186043277 390 
1001 I 186099968 56 
1002 I 186221576 44 
1003 I 186536078 44 
1004 I 187437286 56 
1005 I 187673435 44 
1006 I 187971719 1504 
1007 I 188605415 56 
1008 I 188858359 44 
1009 I 189123807 390 
1010 I 189669728 44 
1011 I 189980642 44 
1012 I 190101123 1504 
1013 I 190109957 1504 
1014 I 190123819 1504 
1015 I 190699010 44 
1016 I 190939366 56 
1017 I 191024557 1504 
1018 I 191032196 1504 
1019 I 191040361 1504 
1020 I 191171518 44 
1021 I 191215106 1504 
1022 I 191225020 1504 
1023 I 191994447 1504 
1024 I 192001829 1504 
1025 I 192009357 1504 
1026 I 192192184 56 
1027 I 192199374 381 
1028 I 192212250 64 
1029 I 192305006 56 
1030 I 192677445 44 
1031 I 193603415 44 
1032 I 193732015 56 
1033 I 193738390 61 
1034 I 193747407 1504 
1035 I 193758550 1504 
1036 I 193768151 1504 
1037 I 193778421 1504 
1038 I 193786064 1504 
1039 I 193968287 56 
1040 I 194053381 44 
1041 I 194407150 44 
1042 I 194814935 44 
1043 I 194974304 1504 
1044 I 194983364 1504 
1045 I 194994701 1504 
1046 I 195003644 1504 
1047 I 195012895 1504 
1048 I 195022694 1504 
1049 I 195118213 44 
1050 I 195384985 44 
1051 I 195409533 44 
1052 I 195753350 407 
1053 I 195923706 44 
1054 I 195968048 44 
1055 I 195992399 44 
1056 I 196057973 44 
1057 I 196488153 44 
1058 I 196714519 44 
1059 I 197091264 44 
1060 I 197732405 407 
1061 I 197950110 56 
1062 I 198425382 44 
1063 I 199122513 1504 
1064 I 199132292 1504 
1065 I 199549087 56 
1066 I 199645172 56 
1067 I 199855760 44 
1068 I 200104536 1504 
1069 I 200113257 1504 
1070 I 200123769 1504 
1071 I 200786433 56 
1072 I 200804255 56 
1073 I 200849625 44 
1074 I 201006320 1504 
1075 I 201020396 1504 
1076 I 201030394 1504 
1077 I 201383077 1504 
1078 I 201920058 44 
1079 I 202033453 56 
1080 I 202131917 44 
1081 I 202399072 1504 
1082 I 202406609 1504 
1083 I 202413616 381 
1084 I 203177569 44 
1085 I 203238413 44 
1086 I 203462378 44 
1087 I 204077439 61 
1088 I 204087395 1504 
1089 I 204095900 1504 
1090 I 204104119 1504 
1091 I 204114288 1504 
1092 I 204122236 1504 
1093 I 204330748 44 
1094 I 204558571 44 
1095 I 205272225 1504 
1096 I 205447175 1504 
1097 I 205455562 1504 
1098 I 205463594 1504 
1099 I 205778020 56 
1100 I 205785956 1504 
1101 I 205814006 64 
1102 I 205992491 56 
1103 I 206129779 44 
1104 I 206680201 44 
1105 I 206830064 1504 
1106 I 206835630 398 
1107 I 207067832 44 
1108 I 207199831 56 
1109 I 207274226 44 
1110 I 208006905 44 
1111 I 208384728 44 
1112 I 208963355 44 
1113 I 209058325 44 
1114 I 209091665 1504 
1115 I 209288778 44 
1116 I 209980568 1504 
1117 I 209989591 1504 
1118 I 210292892 44 
1119 I 211102839 44 
1120 I 211290917 1504 
1121 I 211297996 1504 
1122 I 211307271 1504 
1123 I 211445169 44 
1124 I 212443834 1504 
1125 I 212452824 1504 
1126 I 212460434 1504 
1127 I 212468744 1504 
1128 I 212595084 56 
1129 I 212605987 44 
1130 I 213638468 1504 
1131 I 213647191 1504 
1132 I 213652390 381 
1133 I 213657618 56 
1134 I 214034764 44 
1135 I 214840616 56 
1136 I 214848685 61 
1137 I 214856897 1504 
1138 I 214863939 1504 
1139 I 214873377 1504 
1140 I 214882388 1504 
1141 I 214893192 1504 
1142 I 214899448 64 
1143 I 214953846 56 
1144 I 215026493 44 
1145 I 215653705 1504 
1146 I 215662496 1504 
1147 I 215672010 1504 
1148 I 215685717 1504 
1149 I 216087963 44 
1150 I 216153826 1504 
1151 I 216651813 1504 
1152 I 216657892 398 
1153 I 217197015 56 
1154 I 217223147 64 
1155 I 217375314 56 
1156 I 217534790 44 
1157 I 217729398 1504 
1158 I 217739976 1504 
1159 I 217749645 1504 
1160 I 217760484 1504 
1161 I 217773636 1504 
1162 I 217781748 1504 
1163 I 218586830 56 
1164 I 218628593 56 
1165 I 218679822 1504 
1166 I 218689430 1504 
1167 I 218699992 1504 
1168 I 218707913 1504 
1169 I 218716572 1504 
1170 I 218724469 381 
1171 I 219366373 56 
1172 I 219459075 44 
1173 I 219856114 44 
1174 I 219902249 1504 
1175 I 219909217 1504 
1176 I 219921264 1504 
1177 I 220449512 44 
1178 I 221159489 44 
1179 I 221762875 1504 
1180 I 222226631 56 
1181 I 222647812 44 
1182 I 223027082 1504 
1183 I 223036209 1504 
1184 I 223476009 44 
1185 I 223738980 56 
1186 I 223898593 61 
1187 I 223905541 65 
1188 I 223917790 1504 
1189 I 223925067 1504 
1190 I 224192782 44 
1191 I 224480773 56 
1192 I 224763554 1504 
1193 I 225074047 1504 
1194 I 225081202 1504 
1195 I 225126162 44 
1196 I 225141345 44 
1197 I 225483144 44 
1198 I 225992540 1504 
1199 I 226001591 1504 
1200 I 226011478 1504 
1201 I 226021737 1504 
1202 I 226190853 44 
1203 I 226972674 1504 
1204 I 226979468 1504 
1205 I 226988724 381 
1206 I 227019939 44 
1207 I 227260443 56 
1208 I 227275958 64 
1209 I 227294941 64 
1210 I 227537859 72 
1211 I 227762934 44 
1212 I 227769170 44 
1213 I 228330618 1504 
1214 I 228339033 1504 
1215 I 228347560 1504 
1216 I 228354618 1504 
1217 I 228506630 44 
1218 I 228790121 56 
1219 I 229036941 44 
1220 I 229174528 44 
1221 I 229473846 1504 
1222 I 229485477 1504 
1223 I 229494785 1504 
1224 I 229505376 1504 
1225 I 229667674 56 
1226 I 229677676 1504 
1227 I 229923649 44 
1228 I 230518555 44 
1229 I 230650698 44 
1230 I 230951134 1504 
1231 I 230958572 1504 
1232 I 230964958 381 
1233 I 231238379 44 
1234 I 232817358 44 
1235 I 232989833 1504 
1236 I 233081885 44 
1237 I 234093233 56 
1238 I 234096817 61 
1239 I 234104468 1504 
1240 I 234115170 1504 
1241 I 234404695 44 
1242 I 234621229 44 
1243 I 235001462 44 
1244 I 235210922 1504 
1245 I 235354731 1504 
1246 I 235497624 56 
1247 I 235658864 56 
1248 I 235681141 56 
1249 I 236035392 56 
1250 I 236635591 56 
1251 I 236657657 44 
1252 I 236702708 44 
1253 I 236762336 44 
1254 I 237350792 44 
1255 I 237571389 1504 
1256 I 237804776 44 
1257 I 238807655 1504 
1258 I 238818080 1504 
1259 I 238933988 56 
1260 I 239145568 44 
1261 I 240072389 44 
1262 I 240237033 1504 
1263 I 240244309 1504 
1264 I 240494531 44 
1265 I 241064671 56 
1266 I 241119019 1504 
1267 I 241128405 1504 
1268 I 241310970 56 
1269 I 241332740 56 
1270 I 241368635 44 
1271 I 242062135 1504 
1272 I 242073769 1504 
1273 I 242083449 1504 
1274 I 242091305 398 
1275 I 242363850 44 
1276 I 242650715 44 
1277 I 243817976 44 
1278 I 243826386 1504 
1279 I 243836557 1504 
1280 I 243843813 1504 
1281 I 243863048 44 
1282 I 244293386 44 
1283 I 244399458 44 
1284 I 245022461 1504 
1285 I 245030304 1504 
1286 I 245048796 1504 
1287 I 245500234 44 
1288 I 246118324 1504 
1289 I 246127342 1504 
1290 I 246139402 1504 
1291 I 246153384 1504 
1292 I 246664045 56 
1293 I 246736720 56 
1294 I 246850744 44 
1295 I 247143842 1504 
1296 I 247149862 381 
1297 I 247909936 44 
1298 I 247931747 56 
1299 I 248145082 44 
1300 I 248279136 53 
1301 I 248287976 1504 
1302 I 248296832 1504 
1303 I 248305460 1504 
1304 I 248316704 1504 
1305 I 249167818 56 
1306 I 249330900 64 
1307 I 249372715 56 
1308 I 249546249 1504 
1309 I 249554946 1504 
1310 I 249564128 1504 
1311 I 249571097 1504 
1312 I 250335053 44 
1313 I 250596979 1504 
1314 I 250605542 1504 
1315 I 250616777 1504 
1316 I 250623341 415 
1317 I 251382206 56 
1318 I 251402978 64 
1319 I 251424277 64 
1320 I 251792131 72 
1321 I 251826141 72 
1322 I 251918194 1504 
1323 I 251925642 1504 
1324 I 251935451 1504 
1325 I 251945701 1504 
1326 I 251955371 1504 
1327 I 251971290 44 
1328 I 252476939 44 
1329 I 252696657 44 
1330 I 252945293 44 
1331 I 252989112 56 
1332 I 252997625 1504 
1333 I 253004436 1504 
1334 I 253017185 1504 
1335 I 253025405 1504 
1336 I 253037142 1504 
1337 I 253041858 64 
1338 I 253159454 64 
1339 I 253340443 56 
1340 I 253425210 56 
1341 I 253457724 44 
1342 I 253689407 44 
1343 I 254550928 1504 
1344 I 254557897 381 
1345 I 254674523 56 
1346 I 254701388 64 
1347 I 254718590 64 
1348 I 254746357 64 
1349 I 254970006 64 
1350 I 255027343 72 
1351 I 255047134 72 
1352 I 255373104 64 
1353 I 255423290 64 
1354 I 255667914 44 
1355 I 255836543 61 
1356 I 255849005 1504 
1357 I 255856779 1504 
1358 I 255867693 1504 
1359 I 255875628 1504 
1360 I 255882712 1504 
1361 I 255891328 1504 
1362 I 255971975 44 
1363 I 256040014 44 
1364 I 257012766 44 
1365 I 257109460 1504 
1366 I 257122113 1504 
1367 I 257136498 1504 
1368 I 257145239 1504 
1369 I 257167568 1504 
1370 I 257173650 407 
1371 I 257369082 56 
1372 I 257384436 64 
1373 I 257406620 64 
1374 I 257770794 64 
1375 I 257782241 56 
1376 I 258102134 56 
1377 I 258267908 56 
1378 I 258423487 56 
1379 I 258435909 1504 
1380 I 258443273 1504 
1381 I 258457563 1504 
1382 I 258466649 1504 
1383 I 258476382 1504 
1384 I 258485544 1504 
1385 I 258494339 1504 
1386 I 258498623 44 
1387 I 258726767 44 
1388 I 258883281 56 
1389 I 258891000 56 
1390 I 259053949 56 
1391 I 259421522 44 
1392 I 259584338 44 
1393 I 259718500 1504 
1394 I 259729030 1504 
1395 I 259753614 1504 
1396 I 259803258 44 
1397 I 259817074 1504 
1398 I 259825176 381 
1399 I 259896144 44 
1400 I 260427235 44 
1401 I 261101902 56 
1402 I 261108965 61 
1403 I 261117671 1504 
1404 I 261127247 1504 
1405 I 261134929 1504 
1406 I 261143194 1504 
1407 I 261150868 1504 
1408 I 261161677 1504 
1409 I 261170537 1504 
1410 I 261194568 64 
1411 I 261458660 64 
1412 I 261469521 1504 
1413 I 261554301 56 
1414 I 261576264 44 
1415 I 262307072 44 
1416 I 262316031 44 
1417 I 262693347 1504 
1418 I 262701030 1504 
1419 I 262710574 1504 
1420 I 262718125 398 
1421 I 262878503 56 
1422 I 263285583 64 
1423 I 263378814 64 
1424 I 263672463 64 
1425 I 263676823 64 
1426 I 263764778 64 
1427 I 263881355 56 
1428 I 264207033 1504 
1429 I 264216139 1504 
1430 I 264223904 1504 
1431 I 264232011 1504 
1432 I 264243993 1504 
1433 I 264252019 1504 
1434 I 264262612 1504 
1435 I 264271653 1504 
1436 I 264312579 56 
1437 I 264334171 56 
1438 I 264692700 44 
1439 I 264759811 44 
1440 I 265478710 44 
1441 I 265688274 1504 
1442 I 265695691 1504 
1443 I 265721455 1504 
1444 I 265728091 381 
1445 I 267757647 1504 
1446 I 267764926 1504 
1447 I 267774407 1504 
1448 I 267782139 1504 
1449 I 267788943 1504 
1450 I 267799800 1504 
1451 I 267812581 1504 
1452 I 267823037 1504 
1453 I 268295850 1504 
1454 I 268329715 1504 
1455 I 268337447 1504 
1456 I 268343307 381 
1457 I 268970081 44 
1458 I 269046501 61 
1459 I 269056928 1504 
1460 I 269066089 1504 
1461 I 269076108 1504 
1462 I 269087152 1504 
1463 I 269095703 1504 
1464 I 269105001 1504 
1465 I 269117210 1504 
1466 I 269126143 1504 
1467 I 269135563 1504 
1468 I 269806384 44 
1469 I 269811880 44 
1470 I 269856255 1504 
1471 I 269866415 1504 
1472 I 269874851 381 
1473 I 270790850 44 
1474 I 270810703 44 
1475 I 270933326 1504 
1476 I 270942235 1504 
1477 I 270950920 1504 
1478 I 270958994 1504 
1479 I 270968383 1504 
1480 I 270976529 1504 
1481 I 270986527 1504 
1482 I 270994119 1504 
1483 I 271001044 1504 
1484 I 271009912 1504 
1485 I 271932082 56 
1486 I 271986712 1504 
1487 I 271995279 1504 
1488 I 272003261 1504 
1489 I 272009865 56 
1490 I 272016617 381 
1491 I 272035976 56 
1492 I 272203750 44 
1493 I 273025601 56 
1494 I 273066237 56 
1495 I 273072111 61 
1496 I 273081165 1504 
1497 I 273090479 1504 
1498 I 273101072 1504 
1499 I 273108490 1504 
1500 I 273120406 1504 
1501 I 273280142 44 
1502 I 274065083 44 
1503 I 274075076 1504 
1504 I 274102235 1504 
1505 I 274111662 1504 
1506 I 274122832 1504 
1507 I 274130593 1504 
1508 I 274304349 56 
1509 I 274317819 1504 
1510 I 274660614 56 
1511 I 274695966 56 
1512 I 274918520 390 
1513 I 275189788 56 
1514 I 275638783 44 
1515 I 275655823 44 
1516 I 275792840 44 
1517 I 276033318 44 
1518 I 276468526 61 
1519 I 276622976 1504 
1520 I 276632352 1504 
1521 I 276649391 1504 
1522 I 276658445 1504 
1523 I 276665192 1504 
1524 I 276673017 1504 
1525 I 276705926 56 
1526 I 276740715 64 
1527 I 276772005 64 
1528 I 276810007 64 
1529 I 277199736 64 
1530 I 277240762 56 
1531 I 277250774 56 
1532 I 277580134 1504 
1533 I 277588981 1504 
1534 I 277596775 1504 
1535 I 277710718 44 
1536 I 277736330 1504 
1537 I 277743644 1504 
1538 I 277750544 381 
1539 I 277815582 56 
1540 I 277820828 56 
1541 I 277903142 64 
1542 I 278437295 56 
1543 I 278526069 56 
1544 I 278744586 1504 
1545 I 278753429 1504 
1546 I 278761075 1504 
1547 I 278769699 1504 
1548 I 278778912 1504 
1549 I 278788421 1504 
1550 I 278797616 1504 
1551 I 278861139 56 
1552 I 278867500 56 
1553 I 278941083 44 
1554 I 279568889 1504 
1555 I 279577910 1504 
1556 I 279715020 1504 
1557 I 279723146 1504 
1558 I 279728550 381 
1559 I 279853453 44 
1560 I 280939803 1504 
1561 I 280948810 1504 
1562 I 280960002 1504 
1563 I 280968869 1504 
1564 I 280976834 1504 
1565 I 280986470 1504 
1566 I 280994582 1504 
1567 I 281005405 1504 
1568 I 281527550 44 
1569 I 281827894 44 
1570 I 281908322 44 
1571 I 282017039 1504 
1572 I 282373641 44 
1573 I 282639343 1504 
1574 I 282646921 1504 
1575 I 282656829 381 
1576 I 282700789 44 
1577 I 282714402 44 
1578 I 283241076 44 
1579 I 283518115 56 
1580 I 283721473 56 
1581 I 284025331 56 
1582 I 284032382 61 
1583 I 284044575 1504 
1584 I 284051577 1504 
1585 I 284063142 1504 
1586 I 284070059 1504 
1587 I 284079180 1504 
1588 I 284093878 1504 
1589 I 284104434 1504 
1590 I 284117755 1504 
1591 I 284285903 56 
1592 I 284295456 56 
1593 I 284370676 56 
1594 I 284546328 56 
1595 I 284564294 64 
1596 I 284972651 56 
1597 I 285106909 56 
1598 I 285152576 1504 
1599 I 285161509 1504 
1600 I 285192758 1504 
1601 I 285198328 381 
1602 I 286045767 44 
1603 I 286497359 1504 
1604 I 286506053 1504 
1605 I 286519216 1504 
1606 I 286528674 1504 
1607 I 286538460 1504 
1608 I 286546498 1504 
1609 I 286553776 1504 
1610 I 286563914 1504 
1611 I 286572080 1504 
1612 I 287065275 56 
1613 I 287606457 1504 
1614 I 287616525 1504 
1615 I 287621679 381 
1616 I 288175382 64 
1617 I 288493512 56 
1618 I 288519410 44 
1619 I 288919150 61 
1620 I 288928494 1504 
1621 I 288936264 1504 
1622 I 288943782 1504 
1623 I 288953044 1504 
1624 I 288961451 1504 
1625 I 288972888 1504 
1626 I 288980742 1504 
1627 I 288987807 1504 
1628 I 288996711 1504 
1629 I 289002532 44 
1630 I 289146952 44 
1631 I 289474291 44 
1632 I 289521559 44 
1633 I 289795028 56 
1634 I 290128493 56 
1635 I 290140370 44 
1636 I 290223315 1504 
1637 I 290232613 1504 
1638 I 290293552 381 
1639 I 290824179 56 
1640 I 290841700 64 
1641 I 291192838 56 
1642 I 291218183 56 
1643 I 291604549 56 
1644 I 292020539 44 
1645 I 292157204 1504 
1646 I 292167247 1504 
1647 I 292174556 1504 
1648 I 292182108 1504 
1649 I 292192481 1504 
1650 I 292201096 1504 
1651 I 292210971 1504 
1652 I 292220227 1504 
1653 I 292428104 1504 
1654 I 292436258 1504 
1655 I 292515178 44 
1656 I 293085778 44 
1657 I 293317698 1504 
1658 I 293323714 381 
1659 I 293850401 44 
1660 I 294274017 56 
1661 I 294710046 1504 
1662 I 294720844 1504 
1663 I 294730822 1504 
1664 I 294741531 1504 
1665 I 294750249 1504 
1666 I 294758570 1504 
1667 I 294767789 1504 
1668 I 294774973 1504 
1669 I 294783953 1504 
1670 I 294791160 1504 
1671 I 295533206 44 
1672 I 295814740 56 
1673 I 295823302 1504 
1674 I 295830228 381 
1675 I 295865094 56 
1676 I 296175163 44 
1677 I 296328595 44 
1678 I 296469115 56 
1679 I 296768227 44 
1680 I 296983684 56 
1681 I 296988664 61 
1682 I 296997010 1504 
1683 I 297003717 1504 
1684 I 297016755 1504 
1685 I 297026414 1504 
1686 I 297035647 1504 
1687 I 297044600 1504 
1688 I 297053401 1504 
1689 I 297062518 1504 
1690 I 297072178 1504 
1691 I 297081682 1504 
1692 I 297090702 1504 
1693 I 297096161 381 
1694 I 297418564 56 
1695 I 297554925 56 
1696 I 297908315 44 
1697 I 298225781 44 
1698 I 298285630 61 
