0 I 0 52 
1 I 33314 44 
2 I 2907856 44 
3 I 2915293 52 
4 I 5712817 221 
5 I 6626985 1504 
6 I 6634864 1504 
7 I 9646215 1504 
8 I 10655652 44 
9 I 11487046 221 
10 I 11637494 44 
11 I 12423885 1504 
12 I 13423130 44 
13 I 13546957 1504 
14 I 13553663 1504 
15 I 17289624 1504 
16 I 20170821 1504 
17 I 21258899 1492 
18 I 21304563 1504 
19 I 24248114 1504 
20 I 24258051 1504 
21 I 25043009 44 
22 I 27070201 1504 
23 I 28004133 1504 
24 I 28020693 1492 
25 I 31793361 1504 
26 I 31892170 1504 
27 I 33714989 1504 
28 I 33724567 1504 
29 I 33811777 1504 
30 I 36752935 1504 
31 I 40665749 1504 
32 I 40676596 1492 
33 I 41522372 1504 
34 I 44351401 1504 
35 I 44362037 1504 
36 I 47385869 1504 
37 I 48261653 1504 
38 I 50226232 1492 
39 I 50360169 1504 
40 I 53994623 1504 
41 I 54001652 1504 
42 I 54145236 1504 
43 I 56935107 1504 
44 I 56970641 1492 
45 I 59984382 1504 
46 I 60753574 1504 
47 I 62730983 1504 
48 I 65749703 1504 
49 I 66614828 1504 
50 I 66623076 1504 
51 I 68537123 1504 
52 I 71423817 1504 
53 I 71588613 1504 
54 I 71598250 1504 
55 I 74310282 1504 
56 I 74317372 1504 
57 I 76412237 1504 
58 I 77194974 1504 
59 I 79274644 1504 
60 I 79285379 1504 
61 I 81178397 1504 
62 I 82053781 1504 
63 I 84056183 1504 
64 I 84065556 1504 
65 I 86874040 1504 
66 I 87011220 1504 
67 I 89753032 1504 
68 I 89762973 1504 
69 I 89770400 1504 
70 I 89879879 1504 
71 I 92699408 438 
72 I 98625808 44 
73 I 105295248 44 
74 I 105337785 44 
75 I 109157937 44 
76 I 113080867 44 
77 I 264746990 44 
78 I 266692383 44 
79 I 269626806 44 
80 I 296662944 44 
81 I 298631634 52 
