0 I 0 52 
1 I 3405588 44 
2 I 3907406 1504 
3 I 10516941 1504 
4 I 11213507 1504 
5 I 11306354 1504 
6 I 11715342 1504 
7 I 11804885 1504 
8 I 11976990 1504 
9 I 12169985 1504 
10 I 12265271 1504 
11 I 12354915 1504 
12 I 12577769 1504 
13 I 13140121 1504 
14 I 13236114 1504 
15 I 13352666 1504 
16 I 13434647 1504 
17 I 14085068 1504 
18 I 14174505 1504 
19 I 14465874 1504 
20 I 14693135 1504 
21 I 15303385 1504 
22 I 15393043 1504 
23 I 15986677 1504 
24 I 16485735 1504 
25 I 16575714 1504 
26 I 17293893 1504 
27 I 17887490 1504 
28 I 17974242 1504 
29 I 18104950 1504 
30 I 18527458 1504 
31 I 18623226 1504 
32 I 19316092 1504 
33 I 19415467 1504 
34 I 19828629 1504 
35 I 19924625 1504 
36 I 20908174 1504 
37 I 21004526 1504 
38 I 21824400 1504 
39 I 21914096 1504 
40 I 23218745 1504 
41 I 23313295 1504 
42 I 23405827 1504 
43 I 23869721 1504 
44 I 23965842 1504 
45 I 24056620 1504 
46 I 24559436 1504 
47 I 24652990 660 
48 I 25160396 44 
49 I 29888747 44 
50 I 33409575 52 
51 I 33821989 220 
52 I 33841351 44 
53 I 34383218 44 
