0 I 0 1504 
1 I 452508 1504 
2 I 552914 1504 
3 I 1168827 1504 
4 I 1352972 1504 
5 I 2888412 1504 
6 I 3285885 1504 
7 I 3832957 1504 
8 I 4268914 1504 
9 I 4369801 1504 
10 I 4656054 1504 
11 I 6268029 1504 
12 I 6651958 1504 
13 I 7088107 1504 
14 I 7269422 1504 
15 I 7568959 1504 
16 I 8271266 1340 
17 I 11735803 1504 
18 I 11885110 1504 
19 I 12021583 1504 
20 I 12106126 1504 
21 I 14084727 1504 
22 I 14185213 1504 
23 I 14885415 1504 
24 I 15186724 1504 
25 I 15651225 1504 
26 I 16989413 1504 
27 I 19651773 1504 
28 I 19735821 1504 
29 I 19888354 1504 
30 I 21885366 1504 
31 I 22269573 1504 
32 I 22651643 1504 
33 I 24551986 1504 
34 I 24653554 1504 
35 I 24985230 1504 
36 I 26887660 1504 
37 I 27468307 1504 
38 I 27552408 1504 
39 I 28118291 1504 
40 I 29885239 1504 
41 I 30452598 1504 
42 I 32454053 1504 
43 I 33469185 1504 
44 I 33569283 1504 
45 I 34185136 1504 
46 I 35369213 1504 
47 I 36268493 1504 
48 I 37410656 1504 
49 I 37452582 1504 
50 I 38553203 1504 
51 I 39369124 1504 
52 I 39986458 1504 
53 I 40185851 1504 
54 I 40287261 1504 
55 I 41351921 1504 
56 I 42370824 1504 
57 I 42886673 1504 
58 I 44569644 1504 
59 I 44652029 1340 
60 I 47268375 1504 
61 I 47368973 1504 
62 I 49985924 1504 
63 I 50085728 1504 
64 I 50168798 1504 
65 I 51469341 1504 
66 I 51986441 1504 
67 I 52652096 1504 
68 I 52738093 1504 
69 I 53102307 1504 
70 I 53386739 1504 
71 I 54472321 1504 
72 I 55385119 1504 
73 I 55469259 1504 
74 I 56269774 1504 
75 I 56651853 1504 
76 I 57653216 1504 
77 I 58735369 1504 
78 I 59270779 1504 
79 I 59736567 1504 
80 I 59889404 1504 
81 I 60368188 1504 
82 I 61354173 1504 
83 I 62269538 1504 
84 I 62885852 1504 
85 I 63271379 1504 
86 I 63668497 1504 
87 I 64169680 1504 
88 I 64752938 1504 
89 I 65152556 1504 
90 I 65739443 1504 
91 I 66357743 1504 
92 I 66641335 1504 
93 I 67450859 1504 
94 I 68098500 1504 
95 I 68563292 1504 
96 I 69160175 1504 
97 I 69641725 1504 
98 I 69940534 1504 
99 I 70888485 1504 
100 I 71353319 1504 
101 I 72086824 1504 
102 I 72464282 1504 
103 I 73152224 1504 
104 I 73451945 1504 
105 I 74260099 1504 
106 I 74885758 1340 
107 I 77381548 1504 
108 I 77389390 1504 
109 I 77397407 1504 
110 I 77405454 1504 
111 I 77413500 1504 
112 I 78974901 1504 
113 I 78989653 1504 
114 I 79293209 1504 
115 I 79569587 1504 
116 I 79903349 1504 
117 I 82116274 1504 
118 I 82406951 1504 
119 I 82695606 1504 
120 I 82899558 1504 
121 I 83309674 1504 
122 I 85330765 1504 
123 I 88150580 1504 
124 I 88173071 1504 
125 I 90334082 1504 
126 I 90405966 1504 
127 I 92405599 1504 
128 I 92684126 1504 
129 I 92691011 1504 
130 I 95020605 1504 
131 I 96769749 1504 
132 I 96777441 1504 
133 I 98356831 1504 
134 I 98683843 1504 
135 I 100646293 1504 
136 I 102886779 1504 
137 I 104886080 1504 
138 I 106810379 1504 
139 I 106886705 1504 
140 I 108988748 1504 
141 I 109183371 1504 
142 I 111192511 1504 
143 I 111538700 1504 
144 I 112901987 1504 
145 I 112990143 1504 
146 I 114676393 1504 
147 I 114968959 1504 
148 I 114987021 1504 
149 I 117400621 1504 
150 I 117611526 1504 
151 I 117619833 1340 
152 I 120235848 1504 
153 I 120243878 1504 
154 I 120251908 1504 
155 I 122110144 1504 
156 I 122119685 1504 
157 I 122409811 1504 
158 I 122741590 1504 
159 I 124631954 1504 
160 I 124929466 1504 
161 I 125229128 1504 
162 I 125237193 1504 
163 I 125532540 1504 
164 I 127539748 1504 
165 I 127753028 1504 
166 I 128050772 1504 
167 I 128354317 1504 
168 I 128362346 1504 
169 I 128651673 1504 
170 I 130664575 1504 
171 I 130886278 1504 
172 I 131139552 1504 
173 I 131441345 1504 
174 I 132040539 1504 
175 I 133359608 1504 
176 I 133665937 1504 
177 I 133961009 1504 
178 I 134265210 1504 
179 I 136063074 1504 
180 I 138906937 1504 
181 I 138986422 1504 
182 I 139089695 1504 
183 I 140979341 1504 
184 I 141281256 1504 
185 I 141494981 1504 
186 I 143686232 1504 
187 I 143790742 1504 
188 I 144173707 1504 
189 I 146101568 1504 
190 I 146453413 1504 
191 I 146554034 1504 
192 I 148886698 1504 
193 I 149206562 1504 
194 I 151371351 1504 
195 I 151887109 1504 
196 I 151969825 1340 
197 I 153769643 1504 
198 I 153886122 1504 
199 I 153986520 1504 
200 I 155659135 1504 
201 I 155919146 1504 
202 I 156431951 1504 
203 I 158146359 1504 
204 I 158887561 1504 
205 I 160307907 1504 
206 I 162281959 1504 
207 I 163120628 1504 
208 I 165132565 1504 
209 I 165141394 1504 
210 I 167263919 1504 
211 I 167560940 1504 
212 I 169481467 1504 
213 I 169489475 1504 
214 I 169785581 1504 
215 I 170953847 1504 
216 I 170987607 1504 
217 I 171188810 1504 
218 I 172960404 1504 
219 I 173260065 1504 
220 I 175510507 1504 
221 I 177527713 1504 
222 I 179441948 1504 
223 I 179449981 1504 
224 I 181630050 1504 
225 I 181812687 1504 
226 I 183886242 1504 
227 I 183986790 1504 
228 I 184121960 1504 
229 I 186040499 1504 
230 I 186341684 1504 
231 I 186349817 1504 
232 I 186643584 1504 
233 I 188049960 1504 
234 I 188363676 1504 
235 I 188651269 1504 
236 I 188887659 1504 
237 I 188986467 1504 
238 I 190540981 1504 
239 I 190886663 1504 
240 I 191139930 1504 
241 I 191351565 1340 
242 I 194470265 1504 
243 I 194478287 1504 
244 I 194486330 1504 
245 I 194494349 1504 
246 I 194502666 1504 
247 I 196479739 1504 
248 I 196487291 1504 
249 I 196660449 1504 
250 I 196960100 1504 
251 I 197259772 1504 
252 I 197559082 1504 
253 I 199481599 1504 
254 I 200081205 1504 
255 I 200380524 1504 
256 I 200683140 1504 
257 I 200889414 1504 
258 I 202992609 1504 
259 I 203410108 1504 
260 I 206230549 1504 
261 I 206238694 1504 
262 I 206246738 1504 
263 I 208390531 1504 
264 I 208690051 1504 
265 I 210311204 1504 
266 I 210318984 1504 
267 I 212142441 1504 
268 I 212411280 1504 
269 I 214393058 1504 
270 I 216641719 1504 
271 I 218741310 1504 
272 I 220720132 1504 
273 I 220728004 1504 
274 I 222887864 1504 
275 I 223160361 1504 
276 I 225069727 1504 
277 I 225079192 1504 
278 I 225369339 1504 
279 I 226749020 1504 
280 I 227080791 1504 
281 I 227088978 1504 
282 I 227374390 1504 
283 I 228971140 1504 
284 I 229270806 1504 
285 I 229570340 1504 
286 I 229578340 1340 
287 I 232573663 1504 
288 I 232581040 1504 
289 I 232588884 1504 
290 I 232597026 1504 
291 I 232605058 1504 
292 I 234628298 1504 
293 I 234636320 1504 
294 I 234892211 1504 
295 I 235412744 1504 
296 I 235689998 1504 
297 I 237700892 1504 
298 I 238000880 1504 
299 I 238213417 1504 
300 I 238660173 1504 
301 I 241449704 1504 
302 I 241457535 1504 
303 I 241465428 1504 
304 I 243888749 1504 
305 I 244122857 1504 
306 I 245980263 1504 
307 I 246279813 1504 
308 I 247629281 1504 
309 I 247637311 1504 
310 I 249519854 1504 
311 I 249887634 1504 
312 I 251886595 1504 
313 I 251987228 1504 
314 I 252087672 1504 
315 I 254738357 1504 
316 I 255184984 1504 
317 I 255753690 1504 
318 I 257273406 1504 
319 I 257571765 1504 
320 I 258091445 1504 
321 I 259570567 1504 
322 I 259986900 1504 
323 I 262088739 1504 
324 I 262485900 1504 
325 I 264755050 1504 
326 I 264887757 1504 
327 I 265187427 1504 
328 I 266271380 1504 
329 I 266656724 1504 
330 I 266753897 1504 
331 I 267071661 1340 
332 I 269120960 1504 
333 I 269129019 1504 
334 I 269137041 1504 
335 I 269145086 1504 
336 I 269171114 1504 
337 I 271376085 1504 
338 I 271655242 1504 
339 I 272171636 1504 
340 I 272455117 1504 
341 I 272737041 1504 
342 I 272887490 1504 
343 I 274292025 1504 
344 I 274566799 1504 
345 I 274888424 1504 
346 I 275188083 1504 
347 I 275471664 1504 
348 I 276087695 1504 
349 I 277659255 1504 
350 I 278204620 1504 
351 I 278488416 1504 
352 I 278787899 1504 
353 I 279570541 1504 
354 I 281738458 1504 
355 I 283973681 1504 
356 I 284002849 1504 
357 I 285888648 1504 
358 I 286172401 1504 
359 I 287693116 1504 
360 I 287739469 1504 
361 I 288454774 1504 
362 I 289088326 1504 
363 I 290988902 1504 
364 I 291087495 1504 
365 I 291370638 1504 
366 I 292738510 1504 
367 I 292989639 1504 
368 I 293088116 1504 
369 I 293888509 1504 
370 I 294892826 1504 
371 I 295403148 1504 
372 I 295889080 1504 
373 I 296602264 1504 
374 I 296609461 1504 
375 I 297714923 1504 
376 I 298013261 1340 
