0 I 0 52 
1 I 2841811 52 
2 I 3811188 44 
3 I 3814255 112 
4 I 4628322 44 
5 I 4653843 200 
6 I 5431664 49 
7 I 8637587 58 
8 I 9326524 53 
9 I 12314525 53 
10 I 13526165 61 
11 I 14300990 112 
12 I 15012084 53 
13 I 15735498 53 
14 I 17019216 53 
15 I 17388325 44 
16 I 19459855 62 
17 I 20206891 44 
18 I 20412662 49 
19 I 22092158 44 
20 I 22110641 44 
21 I 22136027 44 
22 I 27216568 44 
23 I 27901980 79 
24 I 28111530 44 
25 I 28333137 88 
26 I 28606398 44 
27 I 29061869 44 
28 I 29156333 44 
29 I 29516311 44 
30 I 29520076 44 
31 I 30401447 56 
32 I 39188711 44 
33 I 42329459 116 
34 I 50638281 62 
35 I 52240020 53 
36 I 53229952 53 
37 I 53251421 79 
38 I 56448973 133 
39 I 57184276 53 
40 I 57753963 53 
41 I 59654000 53 
42 I 64537956 53 
43 I 67153510 71 
44 I 72740608 98 
45 I 73279008 53 
46 I 74136093 53 
47 I 74595380 71 
48 I 78469200 53 
49 I 78871906 44 
50 I 79401797 44 
51 I 81366538 53 
52 I 82681898 53 
53 I 83810064 44 
54 I 86079808 53 
55 I 87085971 53 
56 I 87151867 44 
57 I 87178975 61 
58 I 87659881 53 
59 I 87732322 44 
60 I 87937917 44 
61 I 88467073 56 
62 I 88744640 56 
63 I 88748120 56 
64 I 88834197 53 
65 I 89092647 56 
66 I 90910350 44 
67 I 90918430 53 
68 I 91195476 56 
69 I 91198586 53 
70 I 91453155 56 
71 I 91535833 53 
72 I 91772064 62 
73 I 92526064 53 
74 I 93857014 53 
75 I 95541297 71 
76 I 95932709 44 
77 I 96277450 62 
78 I 96535895 70 
79 I 96804289 44 
80 I 96972410 44 
81 I 97258839 53 
82 I 98007514 56 
83 I 98010934 53 
84 I 98015586 56 
85 I 99294465 53 
86 I 100022328 62 
87 I 102398326 62 
88 I 102993990 53 
89 I 103254219 64 
90 I 103982531 53 
91 I 104019005 64 
92 I 104023658 64 
93 I 104934708 64 
94 I 104940998 89 
95 I 104954577 56 
96 I 104970047 44 
97 I 105581863 106 
98 I 105653580 53 
99 I 105670314 44 
100 I 105674307 53 
101 I 105773343 44 
102 I 105841572 44 
103 I 105983963 44 
104 I 106140683 44 
105 I 106239984 44 
106 I 106299436 44 
107 I 106471318 44 
108 I 106475514 61 
109 I 107161336 71 
110 I 107253262 44 
111 I 107337437 53 
112 I 107380265 44 
113 I 107462348 44 
114 I 107733226 62 
115 I 107742925 56 
116 I 108383190 62 
117 I 110692096 179 
118 I 111605339 89 
119 I 112126954 62 
120 I 112774088 53 
121 I 113465484 89 
122 I 113925769 98 
123 I 114254795 53 
124 I 114976975 71 
125 I 115713931 62 
126 I 116238526 71 
127 I 116374779 56 
128 I 116543046 53 
129 I 116823311 44 
130 I 116904519 79 
131 I 117793891 89 
132 I 117851172 44 
133 I 118176052 44 
134 I 118243130 62 
135 I 118315012 44 
136 I 118319486 53 
137 I 118451466 44 
138 I 118740822 62 
139 I 118754940 44 
140 I 118882972 56 
141 I 119051116 57 
142 I 119285065 53 
143 I 119601714 53 
144 I 120314757 71 
145 I 120817115 62 
146 I 121618066 80 
147 I 121744215 56 
148 I 122048629 53 
149 I 122503955 56 
150 I 122507376 97 
151 I 123059638 56 
152 I 123063188 53 
153 I 123543456 56 
154 I 123548907 62 
155 I 123945682 56 
156 I 124122900 53 
157 I 124804891 53 
158 I 126232698 98 
159 I 126785510 71 
160 I 127210241 62 
161 I 127751088 71 
162 I 129082921 134 
163 I 129601272 53 
164 I 130164300 71 
165 I 130797704 62 
166 I 131573148 53 
167 I 132105761 62 
168 I 132540732 80 
169 I 132959896 62 
170 I 133473628 62 
171 I 134317241 89 
172 I 135060709 53 
173 I 135907143 62 
174 I 141747956 107 
175 I 142281952 44 
176 I 142306240 44 
177 I 142382780 44 
178 I 142773168 53 
179 I 142836433 44 
180 I 142936260 44 
181 I 143349895 56 
182 I 143398131 56 
183 I 143471116 56 
184 I 143716928 53 
185 I 143920865 44 
186 I 145138912 115 
187 I 145823688 62 
188 I 150386126 71 
189 I 156404159 71 
190 I 157075537 71 
191 I 157687732 53 
192 I 158256832 62 
193 I 158837454 53 
194 I 159536243 53 
195 I 160433147 53 
196 I 161923578 53 
197 I 162831972 62 
198 I 163921061 53 
199 I 164582095 62 
