0 I 0 82 
1 I 5488 70 
2 I 5592369 70 
3 I 5592703 70 
4 I 5600476 70 
5 I 5602540 70 
6 I 5612665 70 
7 I 5613082 70 
8 I 5623105 70 
9 I 5623128 70 
10 I 5640402 70 
11 I 5640647 70 
12 I 5641232 70 
13 I 5641236 82 
14 I 5643357 70 
15 I 5644269 82 
16 I 5644446 82 
17 I 5645228 70 
18 I 5672680 70 
19 I 5673800 82 
20 I 5674390 82 
21 I 5674472 70 
22 I 5675228 70 
23 I 5675682 70 
24 I 5675686 70 
25 I 5675806 70 
26 I 5676677 70 
27 I 5676883 70 
28 I 5677247 70 
29 I 5680375 70 
30 I 5695882 70 
31 I 5696810 70 
32 I 5697874 70 
33 I 5698457 70 
34 I 5699343 70 
35 I 5699547 70 
36 I 5699985 70 
37 I 5700119 70 
38 I 5709265 70 
39 I 5709922 70 
40 I 5710197 70 
41 I 5710202 70 
42 I 5710302 70 
43 I 5711602 70 
44 I 5737505 70 
45 I 5737510 70 
46 I 5737976 70 
47 I 5740137 70 
48 I 5740142 70 
49 I 5741240 70 
50 I 5743369 70 
51 I 5744611 70 
52 I 5756437 70 
53 I 5767651 70 
54 I 5768063 70 
55 I 5774781 70 
56 I 5774833 70 
57 I 5781535 70 
58 I 5781624 70 
59 I 5782467 70 
60 I 5784407 70 
61 I 5784411 70 
62 I 5790245 70 
63 I 5790401 70 
64 I 5792144 70 
65 I 5792148 70 
66 I 5795345 70 
67 I 5795410 70 
68 I 5805184 70 
69 I 5815552 70 
70 I 5816807 70 
71 I 5816828 70 
72 I 5817030 70 
73 I 5817035 70 
74 I 5822062 70 
75 I 5822246 70 
76 I 5822278 70 
77 I 5822343 70 
78 I 5825226 70 
79 I 5835532 70 
80 I 5835634 70 
81 I 5835639 70 
82 I 5837077 70 
83 I 5837376 70 
84 I 5837381 70 
85 I 5837491 70 
86 I 9081269 70 
87 I 9090776 70 
88 I 9100992 70 
89 I 9101000 70 
90 I 9111734 70 
91 I 9112957 70 
92 I 9121912 70 
93 I 9123094 70 
94 I 9132026 70 
95 I 9132978 70 
96 I 9141682 70 
97 I 9144052 70 
98 I 9158634 70 
99 I 9160224 70 
100 I 9161225 70 
101 I 9171310 70 
102 I 9173254 70 
103 I 9176485 70 
104 I 9182489 70 
105 I 9183363 70 
106 I 9202195 70 
107 I 9204711 70 
108 I 9205577 70 
109 I 9257294 70 
110 I 9257298 70 
111 I 9257302 70 
112 I 9322439 70 
113 I 9740050 70 
114 I 20709274 70 
115 I 21262248 70 
116 I 24250797 70 
117 I 24250802 70 
118 I 24310444 70 
119 I 24447016 70 
120 I 24448294 70 
121 I 24450637 70 
122 I 24453536 70 
123 I 24457835 70 
124 I 24460480 70 
125 I 24464202 70 
126 I 24464905 70 
127 I 24464961 70 
128 I 24550465 70 
129 I 24550471 70 
130 I 24550475 70 
131 I 24550530 70 
132 I 24552366 82 
133 I 24552725 82 
134 I 24552939 82 
135 I 24553775 82 
136 I 24554092 82 
137 I 24565769 70 
138 I 24565915 70 
139 I 24566093 70 
140 I 24567811 70 
141 I 24568307 70 
142 I 24568990 70 
143 I 24569211 70 
144 I 24571333 70 
145 I 24591007 70 
146 I 24591123 70 
147 I 24591252 70 
148 I 24591405 70 
149 I 24593694 70 
150 I 24594207 70 
151 I 24606285 70 
152 I 24607463 70 
153 I 24607468 70 
154 I 24607471 70 
155 I 24614410 70 
156 I 25305659 70 
157 I 30524136 70 
158 I 30527462 70 
159 I 30533979 70 
160 I 30537604 70 
161 I 30538546 70 
162 I 30543525 70 
163 I 30545784 70 
164 I 30547535 70 
165 I 30549404 70 
166 I 30553032 70 
167 I 30553184 70 
168 I 30555031 70 
169 I 30556769 70 
170 I 30557827 70 
171 I 30560455 70 
172 I 30562615 70 
173 I 30564227 70 
174 I 30568422 70 
175 I 30568678 70 
176 I 30568857 70 
177 I 30621874 70 
178 I 30634699 70 
179 I 35735874 70 
180 I 35738932 70 
181 I 35746376 70 
182 I 35747284 70 
183 I 35749603 70 
184 I 35750924 70 
185 I 35756894 70 
186 I 35757959 70 
187 I 35761828 70 
188 I 35761925 70 
189 I 35767155 70 
190 I 35767160 70 
191 I 35767940 70 
192 I 35841513 70 
193 I 35841796 70 
194 I 45042522 70 
195 I 45043792 70 
196 I 45051609 70 
197 I 45053462 70 
198 I 45055702 70 
199 I 45062659 70 
200 I 45076221 70 
201 I 45076591 70 
202 I 45577075 70 
203 I 45638525 70 
204 I 50808975 70 
205 I 50850200 70 
206 I 50850205 70 
207 I 51268072 70 
208 I 51268196 70 
209 I 51268489 70 
210 I 51268664 70 
211 I 60107708 70 
212 I 60577385 70 
213 I 66270805 70 
214 I 66270808 70 
