0 I 0 64 
1 I 209 64 
2 I 73735 56 
3 I 73982 56 
4 I 73991 276 
5 I 74111 277 
6 I 147872 56 
7 I 147876 56 
8 I 148069 56 
9 I 148251 56 
10 I 148253 56 
11 I 1854027 64 
12 I 1928380 56 
13 I 1929213 759 
14 I 2305157 56 
15 I 2382776 56 
16 I 2410759 56 
17 I 2459713 56 
18 I 2487888 56 
19 I 2511817 64 
20 I 2521576 64 
21 I 2530359 64 
22 I 2535894 64 
23 I 2535944 56 
24 I 2536757 56 
25 I 2552069 64 
26 I 2564466 56 
27 I 2580545 64 
28 I 2585735 56 
29 I 2585781 274 
30 I 2587176 64 
31 I 2595546 56 
32 I 2595925 268 
33 I 2596622 64 
34 I 2604857 56 
35 I 2604960 275 
36 I 2610561 56 
37 I 2611228 56 
38 I 2611582 275 
39 I 2613481 56 
40 I 2614901 56 
41 I 2616305 56 
42 I 2621131 64 
43 I 2626025 56 
44 I 2626561 279 
45 I 2628622 64 
46 I 2641463 56 
47 I 2649314 64 
48 I 2654203 56 
49 I 2654530 272 
50 I 2658399 64 
51 I 2660595 56 
52 I 2661052 277 
53 I 2661065 56 
54 I 2669612 56 
55 I 2670244 56 
56 I 2670440 56 
57 I 2670911 56 
58 I 2671430 274 
59 I 2679374 56 
60 I 2687231 56 
61 I 2687253 56 
62 I 2687354 56 
63 I 2687496 56 
64 I 2689768 56 
65 I 2690942 56 
66 I 2691808 56 
67 I 2692666 56 
68 I 2693117 56 
69 I 2693265 56 
70 I 2694738 56 
71 I 2695195 275 
72 I 2701148 56 
73 I 2701609 56 
74 I 2701675 56 
75 I 2702316 56 
76 I 2702557 275 
77 I 2723142 56 
78 I 2723366 273 
79 I 2730725 56 
80 I 2733314 56 
81 I 2733357 269 
82 I 2735506 56 
83 I 2745997 56 
84 I 2746019 56 
85 I 2746114 56 
86 I 2769199 56 
87 I 2769386 56 
88 I 2769576 56 
89 I 2776357 56 
90 I 2776360 56 
91 I 2776364 56 
92 I 2797820 56 
93 I 2797967 56 
94 I 2798120 56 
95 I 2807386 56 
96 I 2809100 56 
97 I 2809580 56 
98 I 2924090 64 
99 I 2947024 64 
100 I 2954084 64 
101 I 2966447 64 
102 I 2969102 64 
103 I 2975340 64 
104 I 2998803 56 
105 I 2999333 274 
106 I 3020488 56 
107 I 3020877 276 
108 I 3027616 56 
109 I 3028138 278 
110 I 3040625 56 
111 I 3040696 275 
112 I 3042511 56 
113 I 3042842 277 
114 I 3050101 56 
115 I 3050153 276 
116 I 3073357 56 
117 I 3073366 56 
118 I 3073672 56 
119 I 3094454 56 
120 I 3094591 56 
121 I 3094785 56 
122 I 3102391 56 
123 I 3102553 56 
124 I 3102554 56 
125 I 3114460 56 
126 I 3114466 56 
127 I 3114924 56 
128 I 3117263 56 
129 I 3117326 56 
130 I 3123789 56 
131 I 3124144 56 
132 I 3124210 56 
133 I 78053924 64 
134 I 78127777 56 
135 I 78128640 759 
136 I 78489629 56 
137 I 78566960 56 
138 I 78601664 56 
139 I 78643624 56 
140 I 78678965 56 
141 I 78720022 56 
142 I 78721031 56 
143 I 78756027 56 
144 I 78796340 56 
145 I 78796987 56 
146 I 78798130 56 
147 I 78801430 56 
148 I 78817441 64 
149 I 78832776 56 
150 I 78872572 56 
151 I 78873259 56 
152 I 78874395 56 
153 I 78875174 56 
154 I 78876314 56 
155 I 78876770 56 
156 I 78877136 56 
157 I 78891041 56 
158 I 78891358 272 
159 I 78946207 64 
160 I 78965478 56 
161 I 78974843 64 
162 I 79020006 56 
163 I 79020293 273 
164 I 79048974 56 
165 I 79049045 275 
166 I 79094379 56 
167 I 79122923 56 
168 I 79123011 56 
169 I 79123020 56 
170 I 117355733 64 
171 I 117429814 56 
172 I 117430862 759 
173 I 117776481 56 
174 I 117853549 56 
175 I 117929840 56 
176 I 117930723 56 
177 I 118007099 56 
178 I 118008144 56 
179 I 118008850 56 
180 I 118083896 56 
181 I 118084345 56 
182 I 118085332 56 
183 I 118086303 56 
184 I 118087179 56 
185 I 118160021 56 
186 I 118160837 56 
187 I 118161861 56 
188 I 118162985 56 
189 I 118163640 56 
190 I 118164601 56 
191 I 118165436 56 
192 I 118196016 64 
193 I 118196726 56 
194 I 118237130 56 
195 I 118238532 56 
196 I 118239558 56 
197 I 118240556 56 
198 I 118241709 56 
199 I 118242435 56 
200 I 118244345 56 
201 I 118244641 56 
202 I 118245234 56 
203 I 118246638 56 
204 I 118269897 56 
205 I 118270279 269 
206 I 118274248 56 
207 I 118313888 56 
208 I 118314955 56 
209 I 118315617 56 
210 I 118316531 56 
211 I 118317657 56 
212 I 118318485 56 
213 I 118319311 56 
214 I 118320117 56 
215 I 118320978 56 
216 I 118321962 56 
217 I 118322959 56 
218 I 118322963 56 
219 I 118345273 56 
220 I 118345359 56 
221 I 118345538 56 
222 I 118406355 64 
223 I 118464532 64 
224 I 118481019 56 
225 I 118481578 277 
226 I 118537864 56 
227 I 118538312 269 
228 I 118555568 56 
229 I 118555571 56 
230 I 118555681 56 
231 I 118612170 56 
232 I 118612194 56 
233 I 118612403 56 
234 I 118877349 64 
235 I 118951136 56 
236 I 118951887 271 
237 I 119026997 56 
238 I 119027092 56 
239 I 119027555 56 
240 I 123378435 64 
241 I 123453033 56 
242 I 123454082 776 
243 I 123792286 56 
244 I 123870163 56 
245 I 123946973 56 
246 I 123947924 56 
247 I 124023996 56 
248 I 124024750 56 
249 I 124025542 56 
250 I 124100914 56 
251 I 124101907 56 
252 I 124103277 56 
253 I 124104400 56 
254 I 124177553 56 
255 I 124178280 56 
256 I 124179257 56 
257 I 124180100 56 
258 I 124181125 56 
259 I 124181982 56 
260 I 124196089 56 
261 I 124254444 56 
262 I 124258564 56 
263 I 124260034 56 
264 I 124263732 56 
265 I 124264041 56 
266 I 124265220 56 
267 I 124265947 56 
268 I 124266875 56 
269 I 124267756 56 
270 I 124273131 56 
271 I 124331278 56 
272 I 124335210 56 
273 I 124336225 56 
274 I 124337091 56 
275 I 124340966 56 
276 I 124341250 56 
277 I 124342511 56 
278 I 124343015 56 
279 I 124343016 56 
