0 I 0 52 
1 I 9 52 
2 I 22896 44 
3 I 22897 44 
4 I 50650 56 
5 I 51770 44 
6 I 287502 44 
7 I 313573 44 
8 I 314105 44 
9 I 338689 44 
10 I 338923 44 
11 I 339860 44 
12 I 348034 44 
13 I 363923 44 
14 I 363924 44 
15 I 370546 44 
16 I 388552 44 
17 I 412688 44 
18 I 412688 44 
19 I 425626 44 
20 I 425821 44 
21 I 426513 44 
22 I 426630 44 
23 I 436546 44 
24 I 437668 44 
25 I 437673 44 
26 I 449818 44 
27 I 449934 44 
28 I 450044 44 
29 I 450125 44 
30 I 457425 44 
31 I 460614 44 
32 I 461733 44 
33 I 462260 44 
34 I 462370 56 
35 I 462372 44 
36 I 470360 44 
37 I 480055 44 
38 I 521683 44 
39 I 522337 44 
40 I 523560 44 
41 I 523560 44 
42 I 523562 44 
43 I 523562 44 
44 I 534954 44 
45 I 540893 44 
46 I 540893 44 
47 I 546079 44 
48 I 546887 44 
49 I 547749 56 
50 I 547893 44 
51 I 549703 44 
52 I 565509 44 
53 I 565616 44 
54 I 565895 44 
55 I 589939 44 
56 I 590281 44 
57 I 591213 44 
58 I 592082 44 
59 I 603694 44 
60 I 604728 44 
61 I 627909 44 
62 I 628591 44 
63 I 629297 44 
64 I 638214 44 
65 I 638674 44 
66 I 638982 44 
67 I 639023 44 
68 I 639113 44 
69 I 652325 44 
70 I 652347 44 
71 I 652905 44 
72 I 653505 44 
73 I 665594 44 
74 I 665596 44 
75 I 665596 44 
76 I 666692 44 
77 I 667936 44 
78 I 667946 56 
79 I 667948 44 
80 I 704109 44 
81 I 704274 44 
82 I 704274 44 
83 I 704275 44 
84 I 705783 44 
85 I 718998 44 
86 I 719000 44 
87 I 727726 44 
88 I 728656 44 
89 I 729243 44 
90 I 729246 44 
91 I 744196 44 
92 I 744200 44 
93 I 744202 44 
94 I 768238 44 
95 I 768542 44 
96 I 768555 44 
97 I 768725 44 
98 I 768725 44 
99 I 770380 44 
100 I 779731 44 
101 I 779732 44 
102 I 780492 44 
103 I 780637 44 
104 I 781295 44 
105 I 781297 44 
106 I 781321 44 
107 I 781885 44 
108 I 790802 56 
109 I 792222 44 
110 I 803356 44 
111 I 803725 44 
112 I 804333 44 
113 I 828651 44 
114 I 828696 44 
115 I 845149 44 
116 I 845149 44 
117 I 845572 44 
118 I 845578 44 
119 I 846249 44 
120 I 846249 44 
121 I 846250 44 
122 I 853227 44 
123 I 853245 44 
124 I 869918 44 
125 I 869921 56 
126 I 869924 44 
127 I 890343 44 
128 I 890345 44 
129 I 891029 44 
130 I 915066 44 
131 I 915082 44 
132 I 915084 44 
133 I 915089 44 
134 I 915089 44 
135 I 915600 44 
136 I 916198 44 
137 I 916528 44 
138 I 939201 44 
139 I 940840 44 
140 I 940852 44 
141 I 940854 44 
142 I 965600 44 
143 I 965600 44 
144 I 975576 44 
145 I 975576 44 
146 I 975579 44 
147 I 976108 44 
148 I 976108 44 
149 I 976642 44 
150 I 976773 44 
151 I 979152 44 
152 I 999662 44 
153 I 999785 44 
154 I 1007041 44 
155 I 1007042 44 
156 I 1008731 44 
157 I 1008733 44 
158 I 1010512 44 
159 I 1031339 44 
160 I 1031339 44 
161 I 1031616 44 
162 I 1032424 44 
163 I 1032994 44 
164 I 1033906 44 
165 I 1033947 44 
166 I 1033950 44 
167 I 1034261 44 
168 I 1034266 44 
169 I 1034308 44 
170 I 1034308 44 
171 I 1036611 44 
172 I 1054798 44 
173 I 1058145 44 
174 I 1058406 44 
175 I 1059265 44 
176 I 1060006 44 
177 I 1060148 44 
178 I 1060154 56 
179 I 1060155 44 
180 I 1063473 44 
181 I 1063475 44 
182 I 1090366 44 
183 I 1090366 44 
184 I 1091063 44 
185 I 1091799 44 
186 I 1091970 44 
187 I 1092112 44 
188 I 1092357 44 
189 I 1092956 44 
190 I 1094363 44 
191 I 1100654 44 
192 I 1101270 44 
193 I 1124676 44 
194 I 1124721 44 
195 I 1125056 44 
196 I 1146757 44 
197 I 1148562 44 
198 I 1149015 44 
199 I 1150244 44 
200 I 1150909 44 
201 I 1150910 44 
202 I 1153149 44 
203 I 1325055 44 
204 I 4991876 44 
205 I 4992350 44 
206 I 6169936 44 
207 I 6169946 44 
