0 I 0 123 
1 I 627316 259 
2 I 871592 195 
3 I 16154667 194 
4 I 19127704 107 
5 I 23787748 111 
6 I 23834948 129 
7 I 31974225 179 
8 I 56972398 192 
9 I 57544354 155 
10 I 60299089 112 
11 I 62852205 112 
12 I 66443513 109 
13 I 73212939 213 
14 I 74021082 152 
15 I 89066137 167 
16 I 110125110 117 
17 I 114115280 192 
18 I 117205026 114 
19 I 130300220 203 
20 I 138180442 101 
21 I 139150697 140 
22 I 139683713 119 
23 I 143751176 139 
24 I 145050100 107 
25 I 146136445 162 
26 I 153863140 142 
27 I 154586477 139 
28 I 154890999 123 
29 I 155259130 122 
30 I 168157732 103 
31 I 171221109 192 
32 I 185609718 87 
33 I 185669039 56 
34 I 185708836 56 
35 I 187437316 229 
36 I 198074578 101 
37 I 200518411 207 
38 I 200995920 123 
39 I 203234430 152 
40 I 203758014 206 
41 I 212709106 114 
42 I 219690169 170 
43 I 228011518 127 
44 I 228105941 103 
45 I 228655632 263 
46 I 229004005 121 
47 I 234863885 126 
48 I 244632535 258 
49 I 256360524 124 
50 I 256507339 87 
51 I 256558401 56 
52 I 256596337 56 
53 I 260337793 155 
54 I 260388719 56 
55 I 263858792 114 
56 I 264545043 160 
57 I 266759693 133 
58 I 267839208 143 
59 I 269015297 122 
60 I 284810095 121 
61 I 285347679 192 
