0 I 0 52 
1 I 761887 52 
2 I 1463835 52 
3 I 20199663 52 
4 I 20921534 52 
5 I 21623989 52 
6 I 60724689 52 
7 I 61453547 52 
8 I 62155610 52 
9 I 81059473 52 
10 I 81821178 52 
11 I 82523382 52 
12 I 121171668 52 
13 I 121939738 52 
14 I 122641926 52 
15 I 141340415 52 
16 I 142108867 52 
17 I 142811114 52 
18 I 181898861 52 
19 I 182633726 52 
20 I 183335944 52 
21 I 202188407 52 
22 I 202897469 52 
23 I 203599557 52 
24 I 242630438 52 
25 I 243326034 52 
26 I 244027855 52 
27 I 262631136 52 
28 I 263392899 52 
29 I 264094975 52 
