0 I 0 52 
1 I 228687 44 
2 I 682565 44 
3 I 16161735 44 
4 I 17006350 44 
5 I 31130846 52 
6 I 31352638 44 
7 I 31773096 44 
8 I 47149841 44 
9 I 48127219 44 
10 I 62251960 52 
11 I 62473479 44 
12 I 62871016 44 
13 I 78151712 44 
14 I 79238361 44 
15 I 93382603 52 
16 I 93604900 44 
17 I 93968996 44 
18 I 109153538 44 
19 I 110379207 44 
20 I 124513920 52 
21 I 124745952 44 
22 I 125166588 44 
23 I 140155750 44 
24 I 141523750 44 
25 I 155694691 52 
26 I 155919811 44 
27 I 156363649 44 
28 I 172154555 44 
29 I 172701282 44 
30 I 186881869 52 
31 I 187107050 44 
32 I 187560802 44 
33 I 203156006 44 
34 I 203874819 44 
35 I 217999748 52 
36 I 218224876 44 
37 I 218658796 44 
38 I 234158493 44 
39 I 234989491 44 
40 I 249130818 52 
41 I 249356007 44 
42 I 249756708 44 
43 I 265156414 44 
44 I 266117192 44 
45 I 280258497 52 
46 I 280486884 44 
47 I 280854642 44 
48 I 296161522 44 
49 I 297251508 44 
