0 I 0 44 
1 I 3493569 44 
2 I 18404686 44 
3 I 18446544 44 
4 I 27985102 44 
5 I 29335940 44 
6 I 32030990 44 
7 I 36231275 44 
8 I 40137423 44 
9 I 46486001 44 
10 I 55517097 44 
11 I 57791679 44 
12 I 58729275 44 
13 I 61471449 44 
14 I 63179616 44 
15 I 82485952 44 
16 I 93085266 44 
17 I 96781288 44 
18 I 104692394 44 
19 I 105798497 44 
20 I 133953184 44 
21 I 137116961 44 
22 I 155798745 44 
23 I 168356882 44 
24 I 169224785 44 
25 I 174817960 44 
26 I 178220053 44 
27 I 193235301 44 
28 I 193935303 44 
29 I 194936504 44 
30 I 197351591 44 
31 I 206864702 44 
32 I 209314843 44 
33 I 214361771 44 
34 I 217162140 44 
35 I 236802379 44 
36 I 237682264 44 
37 I 246689612 44 
38 I 252492873 44 
39 I 253297932 44 
40 I 263658054 44 
41 I 265043900 44 
42 I 265708953 44 
43 I 272310319 44 
44 I 274543464 44 
45 I 277444084 44 
46 I 289444569 44 
