0 I 0 66 
1 I 39116 64 
2 I 84381 64 
3 I 85143 64 
4 I 91400 66 
5 I 130357 64 
6 I 590834 64 
7 I 591002 64 
8 I 608896 66 
9 I 648617 64 
10 I 1038470 64 
11 I 1038815 64 
12 I 110319749 66 
13 I 110360236 64 
14 I 110411108 64 
15 I 110411113 64 
16 I 110422389 66 
17 I 110461607 64 
18 I 110916661 64 
19 I 110917186 64 
20 I 119328660 66 
21 I 119423045 64 
22 I 119423208 64 
23 I 119624428 66 
24 I 119774957 64 
25 I 120265108 64 
26 I 120265226 64 
27 I 122013378 66 
28 I 122725037 64 
29 I 122725042 64 
