0 I 0 48 
1 I 409494 44 
2 I 4787068 44 
3 I 5187244 44 
4 I 5587165 44 
5 I 6000206 44 
6 I 7820600 44 
7 I 8026659 44 
8 I 8033768 44 
9 I 28151055 48 
10 I 28542593 44 
11 I 28787062 44 
12 I 29187821 44 
13 I 29587920 44 
14 I 30003199 44 
15 I 31761792 44 
16 I 31955510 44 
17 I 91785778 48 
18 I 92199593 44 
19 I 100588485 44 
20 I 100788260 44 
21 I 101200571 44 
22 I 102902233 44 
23 I 103108074 44 
24 I 110587403 48 
25 I 110991709 44 
26 I 122389614 44 
27 I 122789693 44 
28 I 123192119 44 
29 I 123613251 44 
30 I 125311876 44 
31 I 125524612 44 
32 I 164483434 48 
33 I 164877795 44 
34 I 169790077 44 
35 I 170190241 44 
36 I 170578346 44 
37 I 172521949 44 
38 I 172715092 44 
39 I 172734354 44 
