0 I 0 48 
1 I 411731 44 
2 I 2533659 44 
3 I 49270072 48 
4 I 49676905 44 
5 I 50948787 44 
6 I 59845365 48 
7 I 60111621 48 
8 I 60248010 44 
9 I 60518131 44 
10 I 61167410 44 
11 I 61171089 44 
12 I 61418170 44 
13 I 61418230 48 
14 I 61418405 44 
15 I 61828650 44 
16 I 62366404 44 
17 I 66103973 48 
18 I 66508726 44 
19 I 66577930 48 
20 I 66988956 44 
21 I 67454054 44 
22 I 67454055 44 
23 I 67704480 44 
24 I 67709643 44 
25 I 69232011 48 
26 I 69639106 44 
27 I 70169423 44 
28 I 70183338 44 
29 I 74327248 48 
30 I 74729760 44 
31 I 75933998 44 
32 I 85310407 48 
33 I 85721044 44 
