0 I 0 52 
1 I 1830128 44 
2 I 1835003 105 
3 I 4729385 105 
4 I 4791709 44 
5 I 7201427 44 
6 I 23587057 66 
7 I 25752517 66 
8 I 26075324 44 
9 I 27984296 44 
10 I 28080490 66 
11 I 30238538 44 
12 I 39214081 90 
13 I 41682100 44 
14 I 43684522 56 
15 I 45891061 56 
16 I 48044015 56 
17 I 57274599 56 
18 I 70996547 56 
19 I 73246076 44 
20 I 73252162 44 
21 I 75619238 44 
22 I 77434071 56 
23 I 82807053 56 
24 I 98838059 44 
25 I 101068166 44 
26 I 108309281 56 
27 I 109915551 56 
28 I 110660743 44 
29 I 112363586 44 
30 I 119370053 56 
31 I 121416826 44 
32 I 123483353 44 
33 I 130534729 56 
34 I 132724686 56 
35 I 146282338 44 
36 I 148321597 56 
37 I 150479733 56 
38 I 152909330 56 
