0 I 0 70 
1 I 71910 64 
2 I 204145 64 
3 I 211172 64 
4 I 283330 64 
5 I 286587 64 
6 I 296068 64 
7 I 364420 64 
8 I 366567 64 
9 I 375065 64 
10 I 381074 64 
11 I 387003 64 
12 I 436417 70 
13 I 442323 64 
14 I 447891 64 
15 I 455677 64 
16 I 461720 64 
17 I 469028 64 
18 I 472672 64 
19 I 480975 64 
20 I 483507 64 
21 I 511099 64 
22 I 516268 64 
23 I 525210 64 
24 I 533118 64 
25 I 541749 64 
26 I 545402 64 
27 I 552859 64 
28 I 557859 64 
29 I 565598 64 
30 I 569749 70 
31 I 574179 64 
32 I 581987 64 
33 I 585033 64 
34 I 596070 64 
35 I 598300 64 
36 I 604550 64 
37 I 610524 64 
38 I 617948 64 
39 I 621553 64 
40 I 629472 64 
41 I 640215 64 
42 I 643018 64 
43 I 646816 64 
44 I 652951 64 
45 I 659689 64 
46 I 666374 64 
47 I 670630 64 
48 I 678536 64 
49 I 681114 64 
50 I 690306 64 
51 I 693551 64 
52 I 703145 64 
53 I 705648 64 
54 I 714211 64 
55 I 718679 64 
56 I 721998 70 
57 I 726114 64 
58 I 731281 64 
59 I 738949 70 
60 I 743252 64 
61 I 751494 64 
62 I 771762 64 
63 I 773417 64 
64 I 774765 64 
65 I 775057 64 
66 I 779190 64 
67 I 786154 64 
68 I 790231 64 
69 I 798996 64 
70 I 802748 64 
71 I 809943 64 
72 I 814910 64 
73 I 826733 64 
74 I 829867 64 
75 I 834053 64 
76 I 838636 64 
77 I 846992 64 
78 I 858328 64 
79 I 862460 64 
80 I 865038 64 
81 I 874233 64 
82 I 876384 64 
83 I 882727 64 
84 I 886648 64 
85 I 895326 64 
86 I 900162 64 
87 I 907962 64 
88 I 911127 64 
89 I 922228 64 
90 I 923732 64 
91 I 932404 64 
92 I 935042 64 
93 I 944328 64 
94 I 948830 64 
95 I 956027 64 
96 I 963320 64 
97 I 968205 64 
98 I 975692 64 
99 I 980580 64 
100 I 984218 64 
101 I 992782 64 
102 I 996376 64 
103 I 1006814 70 
104 I 1010301 64 
105 I 1015720 64 
106 I 1020606 64 
107 I 1028294 64 
108 I 1036371 64 
109 I 1040433 64 
110 I 1043715 64 
111 I 1051670 64 
112 I 1056847 64 
113 I 1063474 64 
114 I 1067994 64 
115 I 1075672 64 
116 I 1081861 64 
117 I 1091516 64 
118 I 1093334 64 
119 I 1101918 64 
120 I 1104362 64 
121 I 1114610 64 
122 I 1117532 64 
123 I 1123578 64 
124 I 1135309 64 
125 I 1136111 64 
126 I 1142174 64 
127 I 1149191 64 
128 I 1156674 64 
129 I 1164687 64 
130 I 1171269 64 
131 I 1173744 64 
132 I 1182180 64 
133 I 1184116 64 
134 I 1197752 64 
135 I 1197758 64 
136 I 1204843 64 
137 I 1210293 64 
138 I 1216095 64 
139 I 1220841 64 
140 I 1229125 64 
141 I 1232966 64 
142 I 1241349 64 
143 I 1245666 64 
144 I 1254176 64 
145 I 1257603 64 
146 I 1265061 64 
147 I 1269604 70 
148 I 1273514 64 
149 I 1282288 64 
150 I 1284968 64 
151 I 1293253 64 
152 I 1297218 64 
153 I 1305358 64 
154 I 1310773 64 
155 I 1317388 64 
156 I 1321564 64 
157 I 1329459 64 
158 I 1333075 64 
159 I 1341723 64 
160 I 1345440 64 
161 I 1353920 64 
162 I 1359781 64 
163 I 1365763 64 
164 I 1370589 64 
165 I 1377576 64 
166 I 1383982 64 
167 I 1391140 64 
168 I 1394641 64 
169 I 1402051 64 
170 I 1406524 64 
171 I 1414436 64 
172 I 1417826 64 
173 I 1424745 64 
174 I 1429976 64 
175 I 1438657 64 
176 I 1442919 64 
177 I 1450642 64 
178 I 1454319 64 
179 I 1466888 64 
180 I 1469420 64 
181 I 1475360 64 
182 I 1478737 64 
183 I 1487583 64 
184 I 1490930 64 
185 I 1500269 64 
186 I 1502773 64 
187 I 1511778 64 
188 I 1514436 64 
189 I 1522234 64 
190 I 1526376 64 
191 I 1536726 64 
192 I 1539728 64 
193 I 1547424 64 
194 I 1550989 64 
195 I 1559428 64 
196 I 1563654 64 
197 I 1570334 64 
198 I 1575223 64 
199 I 1583912 64 
200 I 1588316 64 
201 I 1595107 64 
202 I 1602122 64 
203 I 1606524 64 
204 I 1611771 64 
205 I 1619997 64 
206 I 1623835 64 
207 I 1633847 64 
208 I 1635934 64 
209 I 1643503 64 
210 I 1647632 64 
211 I 1655486 64 
212 I 1661786 64 
213 I 1667441 64 
214 I 1671879 64 
215 I 1679995 64 
216 I 1684341 64 
217 I 1690973 64 
218 I 1696166 64 
219 I 1704078 64 
220 I 1707327 64 
221 I 1716282 64 
222 I 1722813 64 
223 I 1727680 64 
224 I 1733869 64 
225 I 1740569 64 
226 I 1744870 64 
227 I 1755266 64 
228 I 1755599 64 
229 I 1764209 64 
230 I 1767945 64 
231 I 1781761 64 
232 I 1781945 64 
233 I 1788408 64 
234 I 1793239 64 
235 I 1801348 64 
236 I 1804559 64 
237 I 1812857 64 
238 I 1815852 64 
239 I 1824852 64 
240 I 1829167 64 
241 I 1836215 64 
242 I 1843822 64 
243 I 1850129 64 
244 I 1853450 64 
245 I 1860564 64 
246 I 1865017 64 
247 I 1872452 64 
248 I 1877117 64 
249 I 1886011 64 
250 I 1891658 64 
251 I 1899578 64 
252 I 1901233 64 
253 I 1911681 64 
254 I 1913470 64 
255 I 1921456 64 
256 I 1924558 64 
257 I 1945624 64 
258 I 1947518 64 
259 I 1947538 64 
260 I 1950323 64 
261 I 1958242 64 
262 I 1961973 64 
263 I 1970773 64 
264 I 1972243 64 
265 I 1981282 64 
266 I 1985410 64 
267 I 1992946 64 
268 I 1997295 64 
269 I 2006398 64 
270 I 2008494 64 
271 I 2017523 64 
272 I 2021938 64 
273 I 2030528 64 
274 I 2034369 64 
275 I 2045206 64 
276 I 2046051 64 
277 I 2053434 64 
278 I 2058740 64 
279 I 2066965 64 
280 I 2070446 64 
281 I 2076854 64 
282 I 2082901 64 
283 I 2089542 64 
284 I 2093796 64 
285 I 2101546 64 
286 I 2106546 64 
287 I 2114093 64 
288 I 2117943 64 
289 I 2126588 64 
290 I 2131943 64 
291 I 2138296 64 
292 I 2146717 64 
293 I 2150830 64 
294 I 2153730 64 
295 I 2161710 64 
296 I 2166359 64 
297 I 2176056 64 
298 I 2178278 64 
299 I 2186180 64 
300 I 2189986 64 
301 I 2198782 64 
302 I 2203188 64 
303 I 2210667 64 
304 I 2214966 64 
305 I 2222883 64 
306 I 2227423 64 
307 I 2237490 64 
308 I 2309021 64 
