0 I 0 44 
1 I 201351 44 
2 I 414666 44 
3 I 8361000 56 
4 I 8578509 44 
5 I 22846515 44 
6 I 23092662 44 
7 I 29988408 44 
8 I 33211536 44 
9 I 33404848 44 
10 I 38941188 44 
11 I 42046874 56 
12 I 42464521 56 
13 I 42472945 44 
14 I 61475828 44 
15 I 61668948 44 
16 I 61723211 44 
17 I 65064892 56 
18 I 65245968 56 
19 I 65451029 56 
20 I 68297469 56 
21 I 68318537 44 
22 I 75752337 44 
23 I 75958020 44 
24 I 80984950 44 
25 I 81393216 44 
26 I 81445697 44 
27 I 86710738 56 
28 I 86870434 44 
29 I 98592988 44 
30 I 98796803 44 
31 I 98905284 44 
32 I 99318524 44 
33 I 108656081 44 
34 I 134001627 44 
35 I 172423201 44 
36 I 182255696 56 
37 I 182500896 44 
38 I 206629182 44 
39 I 206820233 44 
40 I 210348809 44 
41 I 210668309 44 
42 I 215468563 44 
43 I 215790364 44 
44 I 215886217 44 
45 I 241972737 56 
46 I 247622201 56 
47 I 256112534 56 
48 I 256315724 56 
49 I 256453246 56 
50 I 256709582 44 
51 I 266346047 56 
52 I 266777108 56 
53 I 266860227 44 
