0 I 0 52 
1 I 159621 44 
2 I 869575 44 
3 I 1109526 44 
4 I 1289461 44 
5 I 1460364 44 
6 I 1569627 44 
7 I 1730030 44 
8 I 1909768 44 
9 I 2079645 44 
10 I 2259764 44 
11 I 2359945 44 
12 I 2539931 44 
13 I 2710754 44 
14 I 2879654 44 
15 I 3140161 44 
16 I 63500428 44 
17 I 180601613 52 
18 I 180761425 44 
19 I 181471556 44 
20 I 181711423 44 
21 I 181881658 44 
22 I 182051420 44 
23 I 182161815 44 
24 I 182332392 44 
25 I 182512690 44 
26 I 182681530 44 
27 I 182861600 44 
28 I 182951457 44 
29 I 183141858 44 
30 I 183311454 44 
31 I 183481476 44 
32 I 183521461 44 
33 I 183591759 44 
34 I 244172045 44 
