0 I 0 219 
1 I 1440748 44 
2 I 2041593 44 
3 I 5007235 164 
4 I 8551403 44 
5 I 10053388 44 
6 I 12257399 44 
7 I 13758989 44 
8 I 13970765 210 
9 I 15292315 69 
10 I 20569093 44 
11 I 21871223 44 
12 I 35001762 191 
13 I 39698459 44 
14 I 40009577 222 
15 I 41099590 44 
16 I 41317530 235 
17 I 42781379 352 
18 I 43102571 44 
19 I 44076129 210 
20 I 46018144 198 
21 I 46908274 44 
22 I 47308842 44 
23 I 47970857 161 
24 I 48210260 44 
25 I 49464769 170 
26 I 51214727 44 
27 I 51976513 122 
28 I 54238531 394 
29 I 56897991 146 
30 I 58228381 44 
31 I 59527097 44 
32 I 59988818 195 
33 I 60428174 44 
34 I 61610310 618 
35 I 62201707 177 
36 I 63633488 44 
37 I 64133837 44 
38 I 65998301 182 
39 I 66337062 44 
40 I 67538986 44 
41 I 68941181 44 
42 I 70003242 114 
43 I 70443303 44 
44 I 71255896 286 
45 I 71946978 44 
46 I 72494449 232 
47 I 73299895 143 
48 I 74396076 69 
49 I 75551424 44 
50 I 77854237 44 
51 I 78015474 162 
52 I 79156143 44 
53 I 89983475 185 
54 I 90774593 44 
55 I 90973855 44 
56 I 94979978 44 
57 I 94990971 205 
58 I 96181623 44 
59 I 97995990 278 
60 I 98252909 200 
61 I 99185827 44 
62 I 101000628 298 
63 I 102547001 385 
64 I 102791230 44 
65 I 103993333 44 
66 I 105495302 44 
67 I 107197727 44 
68 I 108700033 44 
69 I 109012036 233 
70 I 109928029 194 
71 I 110751240 265 
72 I 115209611 44 
73 I 116411462 44 
74 I 118976498 156 
75 I 121018290 44 
76 I 122320345 44 
77 I 124022729 44 
78 I 124824063 44 
79 I 135000343 69 
80 I 136140859 44 
81 I 137042733 44 
82 I 139006836 271 
83 I 148058453 44 
84 I 150261621 44 
85 I 160990040 205 
86 I 163993659 179 
87 I 165996873 206 
88 I 166586026 44 
89 I 167387250 44 
90 I 167988019 44 
91 I 169591037 44 
92 I 171003724 179 
93 I 172595159 44 
94 I 173996946 44 
95 I 174008408 173 
96 I 176011086 135 
97 I 179305267 44 
98 I 181308039 44 
99 I 183211313 44 
100 I 185214008 44 
101 I 189982335 231 
102 I 192526594 367 
103 I 195990182 69 
104 I 198533670 44 
105 I 198996095 191 
106 I 199920544 183 
107 I 202038721 44 
108 I 203641037 44 
109 I 205443748 44 
110 I 206445299 44 
111 I 212016088 72 
112 I 225985199 119 
113 I 229780184 44 
114 I 231382664 44 
115 I 233185730 44 
116 I 235288118 44 
117 I 236990545 44 
118 I 237002148 175 
119 I 238693296 44 
120 I 246504843 44 
121 I 248107203 44 
122 I 250021933 265 
123 I 250795839 252 
124 I 253515274 44 
125 I 254028352 281 
126 I 254416437 44 
127 I 254917170 44 
128 I 255417877 44 
129 I 256980982 69 
130 I 257421329 44 
131 I 258121939 44 
132 I 260225142 44 
133 I 261226537 44 
134 I 265995009 203 
135 I 271842726 44 
136 I 273645146 44 
137 I 277012101 266 
138 I 278524298 166 
139 I 286664415 44 
140 I 287027865 72 
141 I 289368691 44 
142 I 291984252 291 
143 I 292673639 44 
144 I 294535047 280 
