0 I 0 44 
1 I 1 44 
2 I 5031895 44 
3 I 5031898 44 
4 I 10063227 44 
5 I 10063227 44 
6 I 14969577 44 
7 I 14969577 44 
8 I 20001235 44 
9 I 20001239 44 
10 I 25047895 44 
11 I 25047900 44 
12 I 29957876 44 
13 I 29957877 44 
14 I 34993355 44 
15 I 34993396 44 
16 I 40016888 44 
17 I 40016888 44 
18 I 45048281 44 
19 I 45048281 44 
20 I 49970114 44 
21 I 49970114 44 
22 I 55001507 44 
23 I 55001509 44 
24 I 60035709 44 
25 I 60035709 44 
26 I 65079800 44 
27 I 65079800 44 
28 I 70001789 44 
29 I 70001789 44 
30 I 75033132 44 
31 I 75033134 44 
32 I 80048815 44 
33 I 80048815 44 
34 I 84970712 44 
35 I 84970712 44 
36 I 90017644 44 
37 I 90017646 44 
38 I 95051867 44 
39 I 95051890 44 
40 I 100064781 44 
41 I 100064783 44 
42 I 105002271 44 
43 I 105002271 44 
44 I 110018067 44 
45 I 110018111 44 
46 I 115065036 44 
47 I 115065036 44 
48 I 119971262 44 
49 I 119971295 44 
50 I 125002656 44 
51 I 125002656 44 
52 I 130049571 44 
53 I 130049574 44 
54 I 134955933 44 
55 I 134955934 44 
56 I 139987287 44 
57 I 139987287 44 
58 I 145018644 44 
59 I 145018644 44 
60 I 150065608 44 
61 I 150065608 44 
62 I 154971918 44 
63 I 154971961 44 
64 I 160018869 44 
65 I 160018870 44 
66 I 165050222 44 
67 I 165050232 44 
68 I 169956598 44 
69 I 169956601 44 
70 I 174987857 44 
71 I 174987857 44 
72 I 180019159 44 
73 I 180019171 44 
74 I 185050581 44 
75 I 185050582 44 
76 I 189972493 44 
77 I 189972493 44 
78 I 195003856 44 
79 I 195003856 44 
80 I 200050829 44 
81 I 200050830 44 
82 I 204957317 44 
83 I 204957319 44 
84 I 209988399 44 
85 I 209988399 44 
86 I 215019765 44 
87 I 215019765 44 
88 I 220051127 44 
89 I 220051132 44 
90 I 224973003 44 
91 I 224973009 44 
92 I 230011434 44 
93 I 230011434 44 
94 I 235051369 44 
95 I 235051369 44 
96 I 239957681 44 
97 I 239957689 44 
98 I 244989063 44 
99 I 244989100 44 
100 I 250035989 44 
101 I 250035990 44 
102 I 255051629 44 
103 I 255051674 44 
104 I 259973587 44 
105 I 259973675 44 
106 I 265004963 44 
107 I 265004965 44 
108 I 270051884 44 
109 I 270051884 44 
110 I 275067744 44 
111 I 275067746 44 
112 I 279989629 44 
113 I 279989631 44 
114 I 285036578 44 
115 I 285036580 44 
116 I 290052369 44 
117 I 290052369 44 
118 I 294974336 44 
119 I 294974337 44 
