0 I 0 66 
1 I 37070 64 
2 I 363645 64 
3 I 373290 66 
4 I 401119 64 
5 I 409088 64 
6 I 440505 64 
7 I 440900 64 
8 I 486471 64 
9 I 526386 64 
10 I 529516 64 
11 I 529521 64 
12 I 529526 64 
13 I 564618 64 
14 I 570540 64 
15 I 570546 64 
16 I 570573 64 
17 I 570601 64 
18 I 570605 64 
19 I 602644 64 
20 I 606785 64 
21 I 647433 64 
22 I 690771 64 
23 I 745966 64 
24 I 746012 64 
25 I 748113 64 
26 I 748119 64 
27 I 748123 64 
28 I 748176 64 
29 I 749313 64 
30 I 749368 64 
31 I 749468 64 
32 I 749484 64 
33 I 749493 64 
34 I 784855 64 
35 I 784861 64 
36 I 785125 64 
37 I 785606 64 
38 I 787470 64 
39 I 787834 64 
40 I 788090 64 
41 I 788421 64 
42 I 791626 64 
43 I 791630 64 
44 I 792429 64 
45 I 792635 64 
46 I 792896 64 
47 I 792904 64 
48 I 792948 64 
49 I 792952 64 
50 I 825674 64 
51 I 825718 64 
52 I 825763 64 
53 I 825786 64 
54 I 825791 64 
55 I 828070 64 
56 I 828306 64 
57 I 828312 64 
58 I 828611 64 
59 I 829027 64 
60 I 829381 64 
61 I 829793 64 
62 I 832254 64 
63 I 832358 64 
64 I 832362 64 
65 I 832599 64 
66 I 832841 64 
67 I 837591 64 
68 I 837595 64 
69 I 3607469 64 
70 I 3644732 64 
71 I 3682604 64 
72 I 3720150 64 
73 I 3847235 64 
74 I 3905248 64 
75 I 3905253 64 
76 I 3907141 64 
77 I 3907145 64 
78 I 3907237 64 
79 I 3907317 64 
80 I 3907322 64 
81 I 3907617 64 
82 I 3907621 64 
83 I 3908788 64 
84 I 3909151 64 
85 I 3909347 64 
86 I 3909504 64 
87 I 3941385 64 
88 I 3954351 64 
89 I 3954356 64 
90 I 3954523 64 
91 I 3954529 64 
92 I 3954537 64 
93 I 3954566 64 
94 I 3954668 64 
95 I 3954673 64 
96 I 3954760 64 
97 I 3955017 64 
98 I 3955231 64 
99 I 3992325 64 
100 I 3995409 64 
101 I 3995774 64 
102 I 3996686 64 
103 I 3996871 64 
104 I 4030221 64 
105 I 4030484 64 
106 I 4070150 64 
107 I 4070154 64 
108 I 4108032 64 
109 I 4112401 64 
110 I 4146758 64 
111 I 4154073 64 
112 I 4184686 64 
113 I 4242112 64 
114 I 4242315 64 
115 I 4288815 64 
116 I 4289963 64 
117 I 4330079 64 
118 I 4332301 64 
119 I 4332332 64 
120 I 4332966 64 
121 I 4333079 64 
122 I 4383234 64 
123 I 4383725 64 
124 I 4384068 64 
125 I 4476683 64 
126 I 4477798 64 
127 I 4477802 64 
128 I 4522951 64 
129 I 4574217 64 
130 I 4633595 64 
131 I 4633838 64 
132 I 4635260 64 
133 I 4669366 64 
134 I 4734318 64 
135 I 4734324 64 
136 I 4734327 64 
137 I 4734330 64 
138 I 4734340 64 
139 I 4736730 64 
140 I 4736734 64 
141 I 4736739 64 
142 I 4736764 64 
143 I 4739437 64 
144 I 4739441 64 
145 I 4739445 64 
146 I 4741318 64 
147 I 4741361 64 
148 I 4741366 64 
149 I 4741432 64 
150 I 4742025 64 
151 I 4742030 64 
152 I 4742033 64 
153 I 4742289 64 
154 I 4742464 64 
155 I 4771534 64 
156 I 4840577 64 
157 I 4840591 64 
158 I 4912327 64 
159 I 6029277 64 
160 I 6066797 64 
161 I 6105064 64 
162 I 6143404 64 
163 I 6204422 64 
164 I 6204427 64 
165 I 6207846 64 
166 I 6207851 64 
167 I 6207854 64 
168 I 6207870 64 
169 I 6208657 64 
170 I 6210172 64 
171 I 6210533 64 
172 I 6210836 64 
173 I 6210985 64 
174 I 6211222 64 
175 I 6211440 64 
176 I 6212662 64 
177 I 6212666 64 
178 I 6252692 64 
179 I 6252697 64 
180 I 6253895 64 
181 I 6254161 64 
182 I 6254385 64 
183 I 6255621 64 
184 I 6290919 64 
185 I 6368378 64 
186 I 6372186 64 
187 I 6409646 64 
188 I 6412217 64 
189 I 6449853 64 
190 I 6449857 64 
191 I 6451797 64 
192 I 6452046 64 
193 I 6490228 64 
194 I 6492425 64 
195 I 6492596 64 
196 I 6530333 64 
197 I 6531699 64 
198 I 6531844 64 
199 I 6534226 64 
200 I 6651602 64 
201 I 6904500 64 
202 I 6904622 64 
203 I 9805606 64 
204 I 9805816 64 
205 I 9806668 64 
206 I 9842889 64 
207 I 9843316 64 
208 I 9844036 64 
209 I 9844339 64 
210 I 9905937 64 
211 I 9905943 64 
212 I 9907877 64 
213 I 9907898 64 
214 I 9908291 64 
215 I 9909846 64 
216 I 9910009 64 
217 I 9910209 64 
218 I 9910491 64 
219 I 9910609 64 
220 I 9910916 64 
221 I 9911825 64 
222 I 9911961 64 
223 I 9949123 64 
224 I 9994836 64 
225 I 9996166 64 
226 I 9996997 64 
227 I 10101316 64 
228 I 10102567 64 
229 I 10149429 64 
230 I 10150118 64 
231 I 10195791 64 
232 I 10196078 64 
233 I 10197569 64 
234 I 10320322 64 
235 I 10320327 64 
236 I 10320790 64 
237 I 10321178 64 
238 I 10361437 64 
239 I 10361682 64 
240 I 10362564 64 
241 I 10362780 64 
242 I 10363072 64 
243 I 10759631 64 
244 I 10783931 64 
245 I 26171423 64 
