0 I 0 66 
1 I 227692 64 
2 I 487845 64 
3 I 681693 64 
4 I 752207 64 
5 I 899969 64 
6 I 938938 64 
7 I 1016812 64 
8 I 1141180 64 
9 I 1183543 64 
10 I 1219322 64 
11 I 1275194 64 
12 I 1385103 64 
13 I 1421601 64 
14 I 1457286 64 
15 I 1487936 64 
16 I 1525567 64 
17 I 1562263 64 
18 I 1592616 64 
19 I 1644557 64 
20 I 1686671 64 
21 I 1717159 64 
22 I 1753664 64 
23 I 1790127 64 
24 I 1820686 64 
25 I 1856390 64 
26 I 1892400 64 
27 I 1925138 64 
28 I 1961079 64 
29 I 1996811 64 
30 I 2028697 66 
31 I 2029877 64 
32 I 2035744 66 
33 I 2042087 66 
34 I 2043713 66 
35 I 2046447 66 
36 I 2064601 64 
37 I 2101069 64 
38 I 2132137 64 
39 I 2168211 64 
40 I 2209950 64 
41 I 2240501 64 
42 I 2277490 64 
43 I 2314022 64 
44 I 2344587 64 
45 I 2381058 64 
46 I 2416956 64 
47 I 2449174 64 
48 I 2485670 64 
49 I 2526378 64 
50 I 2557314 64 
51 I 2593844 64 
52 I 2614141 64 
53 I 2615968 64 
54 I 2649061 64 
55 I 2660041 64 
56 I 2667249 64 
57 I 2672140 64 
58 I 2673533 64 
59 I 2702251 64 
60 I 2739264 64 
61 I 2770430 64 
62 I 2806174 64 
63 I 2842236 64 
64 I 2874448 64 
65 I 2910867 64 
66 I 2952761 64 
67 I 3200141 64 
68 I 3202693 64 
69 I 3209181 64 
70 I 3210926 64 
71 I 3415832 64 
72 I 3633981 64 
73 I 15161898 64 
74 I 15197783 64 
75 I 15425466 64 
76 I 15462823 64 
77 I 15499804 64 
78 I 15691729 64 
79 I 15727527 64 
80 I 15763448 64 
81 I 15799990 64 
82 I 15934461 64 
83 I 15971040 64 
84 I 16013062 64 
85 I 16048719 64 
86 I 16084741 64 
87 I 16121212 64 
88 I 16179111 64 
89 I 16215762 64 
90 I 16252223 64 
91 I 16292154 64 
92 I 16329095 64 
93 I 16365113 64 
94 I 16401792 64 
95 I 16438252 64 
96 I 16474025 64 
97 I 16510458 64 
98 I 16546444 64 
99 I 16584159 64 
100 I 16624774 64 
101 I 16662040 64 
102 I 16696533 64 
103 I 16734161 64 
104 I 16770688 64 
105 I 16806605 64 
106 I 16843312 64 
107 I 16879108 64 
108 I 16915552 64 
109 I 16951496 64 
110 I 16993126 64 
111 I 17029089 64 
112 I 17066856 64 
113 I 17102776 64 
114 I 17139207 64 
115 I 17175035 64 
116 I 17211337 64 
117 I 17247325 64 
118 I 17283871 64 
119 I 17319873 64 
120 I 17361695 64 
121 I 17399412 64 
122 I 17435227 64 
123 I 17469875 64 
124 I 17505809 64 
125 I 17544262 64 
126 I 17580005 64 
127 I 17616396 64 
128 I 17657096 64 
129 I 17694328 64 
130 I 17730299 64 
131 I 17766008 64 
132 I 17802439 64 
133 I 17840151 64 
134 I 17876009 64 
135 I 17911903 64 
136 I 17942901 64 
137 I 17944645 64 
138 I 17945985 64 
139 I 18070608 64 
140 I 18244032 64 
141 I 18483208 64 
142 I 20061777 64 
143 I 20299276 64 
144 I 20301033 64 
145 I 20303220 64 
146 I 20306560 66 
147 I 20309057 64 
148 I 20313188 64 
149 I 20325354 64 
150 I 20361114 64 
151 I 20397342 64 
152 I 20434380 64 
153 I 20474957 64 
154 I 20511003 64 
155 I 20547864 64 
156 I 20583849 64 
157 I 20620330 64 
158 I 20657477 64 
159 I 20693994 64 
160 I 20729748 64 
161 I 20766088 64 
162 I 20807713 64 
163 I 20843555 64 
164 I 20880071 64 
165 I 20916453 64 
166 I 20952907 64 
167 I 20988540 64 
168 I 21024866 64 
169 I 21062330 64 
170 I 21098241 64 
171 I 21127759 64 
172 I 21144343 64 
173 I 21169428 64 
174 I 21170462 64 
175 I 22000016 64 
176 I 22231373 64 
177 I 22269704 64 
178 I 22449633 64 
179 I 22502823 64 
180 I 22539188 64 
181 I 22705552 64 
182 I 22757678 64 
183 I 22793520 64 
184 I 22829982 64 
185 I 22959335 64 
186 I 22995114 64 
187 I 23032323 64 
188 I 23068907 64 
189 I 23105378 64 
190 I 23141691 64 
191 I 23213510 64 
192 I 23250062 64 
193 I 23286981 64 
194 I 23323699 64 
195 I 23359527 64 
196 I 23395903 64 
197 I 23432427 64 
198 I 23473560 64 
199 I 23509508 64 
200 I 23546303 64 
201 I 23582730 64 
202 I 23618349 64 
203 I 23660359 64 
204 I 23696023 64 
205 I 23732778 64 
206 I 23773940 64 
207 I 23810395 64 
208 I 23846246 64 
209 I 23884002 64 
210 I 23920017 64 
211 I 23955953 64 
212 I 23992855 64 
213 I 24028805 64 
214 I 24064607 64 
215 I 24101091 64 
216 I 24143150 64 
217 I 24180138 64 
218 I 24215323 64 
219 I 24252332 64 
220 I 24309196 64 
221 I 24324733 64 
222 I 24360726 64 
223 I 24396666 64 
224 I 24433636 64 
225 I 24469586 64 
226 I 24510769 64 
227 I 24547227 64 
228 I 24584026 64 
229 I 24619700 64 
230 I 24656935 64 
231 I 24693345 64 
232 I 24729288 64 
233 I 24766240 64 
234 I 24807737 64 
235 I 24843419 64 
236 I 24879958 64 
237 I 24916301 64 
238 I 24952211 64 
239 I 24989241 64 
240 I 25024818 64 
241 I 25061722 64 
242 I 25098107 64 
243 I 25134115 64 
244 I 25175780 64 
245 I 25212059 64 
246 I 25247943 64 
247 I 25284929 64 
248 I 25320644 64 
249 I 25356554 64 
250 I 25393068 64 
251 I 25430824 64 
252 I 25466697 64 
253 I 25502664 64 
254 I 25543089 64 
255 I 25580368 64 
256 I 25616810 64 
257 I 25652763 64 
258 I 25688698 64 
259 I 25725593 64 
260 I 25761670 64 
261 I 25797402 64 
262 I 25818338 64 
263 I 25854760 64 
264 I 25892003 64 
265 I 25928447 64 
266 I 25964388 64 
267 I 26000837 64 
268 I 26042059 64 
269 I 26078681 64 
270 I 26114538 64 
271 I 26150976 64 
272 I 26187396 64 
273 I 26223375 64 
274 I 26259058 64 
275 I 26296740 64 
276 I 26332988 64 
277 I 26369473 64 
278 I 26409827 64 
279 I 26447080 64 
280 I 26482771 64 
281 I 26518758 64 
282 I 26534867 70 
283 I 26555440 70 
284 I 26576860 70 
285 I 26593654 70 
286 I 26612613 70 
287 I 26628114 70 
288 I 26649044 70 
289 I 26664037 70 
290 I 26685065 70 
291 I 26701836 70 
292 I 26720732 70 
293 I 26741986 70 
294 I 26757223 70 
295 I 26778418 70 
296 I 26793436 70 
297 I 26814376 70 
298 I 26831634 78 
299 I 26851868 78 
300 I 26867327 78 
301 I 26888341 78 
302 I 26909224 78 
303 I 26924346 78 
304 I 26945962 78 
305 I 26960797 78 
306 I 26981742 78 
307 I 26997928 78 
308 I 27018851 78 
309 I 27033906 78 
310 I 27055367 78 
311 I 27070384 78 
312 I 27091112 78 
313 I 27112070 78 
314 I 27127086 78 
315 I 27148025 78 
316 I 27163502 78 
317 I 27183987 78 
318 I 27199186 78 
319 I 27220381 78 
320 I 27235960 78 
321 I 27256881 78 
322 I 27277198 78 
323 I 27293383 78 
324 I 27313546 78 
325 I 27328696 70 
326 I 27380633 64 
327 I 27567807 64 
328 I 27604379 64 
329 I 27640734 64 
330 I 27676992 64 
331 I 27712640 64 
332 I 27753865 64 
333 I 27837650 64 
334 I 27873535 64 
335 I 27915557 64 
336 I 27952749 64 
337 I 27987901 64 
338 I 28024883 64 
339 I 28060804 64 
340 I 28096639 64 
341 I 28133085 64 
342 I 28169218 64 
343 I 28204959 64 
344 I 28247909 64 
345 I 28284282 64 
346 I 28320235 64 
347 I 28357064 64 
348 I 28392765 64 
349 I 28429151 64 
350 I 28465090 64 
351 I 28501640 64 
352 I 28537295 64 
353 I 28579433 64 
354 I 28615186 64 
355 I 28651611 64 
356 I 28688833 64 
357 I 28725832 64 
358 I 28761730 64 
359 I 28797780 64 
360 I 28834204 64 
361 I 28870255 64 
362 I 28905921 64 
363 I 28947826 64 
364 I 28984312 64 
365 I 29020201 64 
366 I 29056191 64 
367 I 29093695 64 
368 I 29130075 64 
369 I 29166049 64 
370 I 29202545 64 
371 I 29238274 64 
372 I 29274452 64 
373 I 29316866 64 
374 I 29352617 64 
375 I 29388599 64 
376 I 29425059 64 
377 I 29461036 64 
378 I 29498302 64 
379 I 29535166 64 
380 I 29571153 64 
381 I 29606936 64 
382 I 29648974 64 
383 I 29685495 64 
384 I 29721267 64 
385 I 29757586 64 
386 I 29793629 64 
387 I 29829285 64 
388 I 29865789 64 
389 I 29901852 64 
390 I 29939498 64 
391 I 29975911 64 
392 I 30017924 64 
393 I 30053012 64 
394 I 30089793 64 
395 I 30126310 64 
396 I 30162310 64 
397 I 30197893 64 
398 I 30234350 64 
399 I 30270313 64 
400 I 30307819 64 
401 I 30350022 64 
402 I 30385619 64 
403 I 30421578 64 
404 I 30458642 64 
405 I 30494523 64 
406 I 30530263 64 
407 I 30566979 64 
408 I 30604204 64 
409 I 30638646 64 
410 I 30680618 64 
411 I 30718212 64 
412 I 30754180 64 
413 I 30790158 64 
414 I 30827170 64 
415 I 30863120 64 
416 I 30898815 64 
417 I 30935409 64 
418 I 30971294 64 
419 I 31008037 64 
420 I 31049650 64 
421 I 31085537 64 
422 I 31121369 64 
423 I 31159004 64 
424 I 31195050 64 
425 I 31231000 64 
426 I 31267875 64 
427 I 31303869 64 
428 I 31340379 64 
429 I 31376156 64 
430 I 31418140 64 
431 I 31455224 64 
432 I 31491600 64 
433 I 31527636 64 
434 I 31563322 64 
435 I 31599744 64 
436 I 31636217 64 
437 I 31673035 64 
438 I 31708935 64 
439 I 31750549 64 
440 I 31786571 64 
441 I 31822229 64 
442 I 31858952 64 
443 I 31895922 64 
444 I 31932420 64 
445 I 31951616 70 
446 I 31968302 70 
447 I 31989339 70 
448 I 32004844 70 
449 I 32025090 70 
450 I 32041247 70 
451 I 32061786 70 
452 I 32076979 70 
453 I 32097782 70 
454 I 32118454 70 
455 I 32133546 70 
456 I 32154350 70 
457 I 32170728 70 
458 I 32190437 70 
459 I 32206322 70 
460 I 32227287 70 
461 I 32242826 70 
462 I 32263015 70 
463 I 32284370 70 
464 I 32299798 70 
465 I 32320664 70 
466 I 32335762 70 
467 I 32356567 70 
468 I 32373491 70 
469 I 32394196 70 
470 I 32409134 70 
471 I 32430102 70 
472 I 32451200 70 
473 I 32466566 64 
474 I 32502964 64 
475 I 32538968 64 
476 I 32575015 64 
477 I 32616589 64 
478 I 32652578 64 
479 I 32689011 64 
480 I 32726909 64 
481 I 32762671 64 
482 I 32798726 64 
483 I 32835246 64 
484 I 32871628 64 
485 I 32907324 64 
486 I 33059289 64 
487 I 44442468 64 
488 I 53324681 64 
489 I 199493084 66 
490 I 199736977 64 
491 I 200012965 64 
492 I 200193237 64 
493 I 200292019 64 
494 I 200448250 64 
495 I 200552340 64 
496 I 200588693 64 
497 I 200723206 64 
498 I 200810697 64 
499 I 200847193 64 
500 I 200878623 64 
501 I 200959002 64 
502 I 201003881 64 
503 I 201070938 64 
504 I 201101383 64 
505 I 201137840 64 
506 I 201175066 64 
507 I 201206115 64 
508 I 201242131 64 
509 I 201283230 64 
510 I 201314223 64 
511 I 201350758 64 
512 I 201387684 64 
513 I 201419022 64 
514 I 201454865 64 
515 I 201491193 64 
516 I 201522466 64 
517 I 201558899 64 
518 I 201595417 64 
519 I 201625960 64 
520 I 201661893 64 
521 I 201703792 64 
522 I 201735393 64 
523 I 201771752 64 
524 I 201807794 64 
