0 I 0 71 
1 I 241169 64 
2 I 6033137 76 
3 I 6249882 64 
4 I 6342867 80 
5 I 6528061 81 
6 I 6637426 338 
7 I 6850720 64 
8 I 6910353 79 
9 I 7151201 64 
10 I 7996849 79 
11 I 8252826 64 
12 I 65771435 69 
13 I 65831711 73 
14 I 66009514 143 
15 I 66068616 65 
16 I 66337382 64 
17 I 66434206 137 
18 I 66542685 137 
19 I 66645545 137 
20 I 66938208 64 
21 I 90762052 143 
22 I 90821306 65 
23 I 91073354 64 
24 I 94531905 143 
25 I 94590964 81 
26 I 94868046 64 
27 I 94868172 64 
28 I 94889546 140 
29 I 95044922 64 
30 I 95047588 141 
31 I 95222180 64 
32 I 95222314 64 
33 I 95379594 64 
34 I 100208344 143 
35 I 100267690 65 
36 I 100345643 140 
37 I 100567331 64 
38 I 100567446 64 
39 I 100687347 64 
40 I 101335625 143 
41 I 101394673 65 
42 I 101588656 64 
43 I 106526628 143 
44 I 106585729 91 
45 I 106760907 64 
46 I 106773777 143 
47 I 106832729 71 
48 I 106968416 64 
49 I 111896509 143 
50 I 111955829 65 
51 I 112033648 140 
52 I 112098696 64 
53 I 112098791 64 
54 I 112204101 64 
55 I 112711744 143 
56 I 112770722 65 
57 I 113005260 64 
58 I 122991007 140 
59 I 123124124 64 
60 I 123136932 141 
61 I 123276934 64 
62 I 123277048 64 
63 I 185100765 143 
64 I 185159966 83 
65 I 185695107 64 
66 I 185695229 64 
67 I 185695482 64 
68 I 185695576 64 
69 I 185695800 64 
70 I 185695999 64 
71 I 185696200 64 
72 I 185696236 64 
73 I 185696388 70 
74 I 185696493 70 
75 I 185696497 64 
76 I 185696660 64 
77 I 185696902 64 
78 I 185696960 64 
79 I 185697109 64 
