0 I 0 82 
1 I 76660 70 
2 I 673424 70 
3 I 673429 70 
4 I 683405 70 
5 I 6343128 82 
6 I 6343661 82 
7 I 6360156 82 
8 I 6360161 82 
9 I 6383773 82 
10 I 6388412 82 
11 I 6395961 82 
12 I 6395995 70 
13 I 6397278 70 
14 I 6418203 82 
15 I 6456275 70 
16 I 6465383 82 
17 I 6468544 82 
18 I 6469389 70 
19 I 6485112 70 
20 I 6497426 70 
21 I 6539410 70 
22 I 6566917 70 
23 I 6569270 70 
24 I 6569312 70 
25 I 6581792 70 
26 I 6593218 70 
27 I 6593273 70 
28 I 6656027 70 
29 I 6667147 70 
30 I 6687490 70 
31 I 6726043 70 
32 I 6797361 70 
33 I 6797366 70 
34 I 6799161 70 
35 I 6831765 70 
36 I 6867141 70 
37 I 6981341 70 
38 I 21273262 70 
39 I 21521653 70 
40 I 21553650 70 
41 I 21597375 70 
