0 I 0 44 
1 I 4370797 44 
2 I 4810594 44 
3 I 9730796 56 
4 I 35630453 44 
5 I 97346549 44 
6 I 99750737 44 
7 I 100188002 44 
8 I 103577662 44 
9 I 104451539 44 
10 I 108716974 44 
11 I 109156131 44 
12 I 120969987 44 
13 I 121295538 44 
14 I 136718146 44 
15 I 140876324 44 
16 I 141312851 44 
17 I 145796241 44 
18 I 146341509 44 
19 I 157062897 44 
20 I 157390356 44 
21 I 157795099 56 
22 I 158195754 44 
23 I 161874698 44 
24 I 162311431 44 
25 I 163077344 44 
26 I 163735519 44 
27 I 173249649 44 
28 I 173687193 44 
29 I 174125554 44 
30 I 174562070 44 
31 I 180578020 44 
32 I 180796384 44 
33 I 197966777 44 
34 I 214265156 44 
35 I 228920189 44 
36 I 233951886 44 
37 I 234881056 44 
38 I 239092277 44 
39 I 255716421 44 
40 I 260310615 44 
41 I 294657772 44 
