0 I 0 52 
1 I 274464 44 
2 I 18749360 44 
3 I 19227487 44 
4 I 19448467 44 
5 I 19627803 44 
6 I 19752854 44 
7 I 19787687 44 
8 I 19949583 44 
9 I 20107078 44 
10 I 20183614 44 
11 I 20266746 44 
12 I 20393307 44 
13 I 20428984 44 
14 I 20508204 44 
15 I 20588586 44 
16 I 20768437 44 
17 I 20828066 44 
18 I 20907916 44 
19 I 21003596 44 
20 I 21172887 44 
21 I 21173133 44 
22 I 21173613 44 
23 I 56032750 52 
24 I 56283871 44 
25 I 57823907 44 
26 I 58304234 44 
27 I 58547670 44 
28 I 58707002 44 
29 I 58837772 44 
30 I 58874223 44 
31 I 59038764 44 
32 I 59117520 44 
33 I 59202059 44 
34 I 59283835 44 
35 I 59363449 44 
36 I 59513512 44 
37 I 59639543 44 
38 I 59709436 44 
39 I 59775535 44 
40 I 59854494 44 
41 I 59932017 44 
42 I 60207965 44 
43 I 60208147 44 
44 I 60208353 44 
45 I 60208826 44 
46 I 140992850 52 
47 I 141248232 44 
48 I 141954410 44 
49 I 142361930 44 
50 I 142602509 44 
51 I 142762397 44 
52 I 142892310 44 
53 I 142921984 44 
54 I 143083921 44 
55 I 143238128 44 
56 I 143322711 44 
57 I 143403157 44 
58 I 143482345 44 
59 I 143564342 44 
60 I 143693134 44 
61 I 143768442 44 
62 I 143882302 44 
63 I 143963066 44 
64 I 144043404 44 
65 I 144204076 44 
66 I 144307324 44 
67 I 144307523 44 
68 I 144404333 44 
69 I 193837387 52 
70 I 194109234 44 
71 I 194837460 44 
72 I 195146634 44 
73 I 195243218 44 
74 I 195542695 44 
75 I 195702312 44 
76 I 195832205 44 
77 I 195864127 44 
78 I 195943780 44 
79 I 196026898 44 
80 I 196187211 44 
81 I 196262666 44 
82 I 196347777 44 
83 I 196424097 44 
84 I 196506998 44 
85 I 196582383 44 
86 I 196663059 44 
87 I 196878171 44 
88 I 196957005 44 
89 I 197087576 44 
90 I 197087961 44 
91 I 197107937 44 
