0 I 0 52 
1 I 542871 52 
2 I 1043716 52 
3 I 20029254 52 
4 I 20570967 52 
5 I 21071903 52 
6 I 60083484 52 
7 I 60627027 52 
8 I 61127850 52 
9 I 80111492 52 
10 I 80655237 52 
11 I 81156615 52 
12 I 120168152 52 
13 I 120711260 52 
14 I 121211993 52 
15 I 140198217 52 
16 I 140739347 52 
17 I 141240288 52 
18 I 180253320 52 
19 I 180795586 52 
20 I 181296243 52 
21 I 200280238 52 
22 I 200823584 52 
23 I 201328227 52 
24 I 240336720 52 
25 I 240879447 52 
26 I 241380339 52 
27 I 260364885 52 
28 I 260907672 52 
29 I 261408457 52 
