0 I 0 82 
1 I 68072 70 
2 I 468663 70 
3 I 494081 82 
4 I 498551 82 
5 I 498631 82 
6 I 498644 82 
7 I 498652 82 
8 I 536692 70 
9 I 561945 70 
10 I 570458 70 
11 I 570463 70 
12 I 570467 70 
13 I 570600 70 
14 I 605017 70 
15 I 608796 70 
16 I 636230 70 
17 I 640622 70 
18 I 644096 70 
19 I 644143 70 
20 I 647980 70 
21 I 673043 70 
22 I 708028 70 
23 I 712364 70 
24 I 716097 70 
25 I 778146 70 
26 I 783941 70 
27 I 783946 70 
28 I 788000 70 
29 I 788004 70 
30 I 854079 70 
31 I 858238 70 
32 I 858292 70 
33 I 858296 70 
34 I 858300 70 
35 I 862203 70 
36 I 926832 70 
37 I 930885 70 
38 I 930890 70 
39 I 930894 70 
40 I 930898 70 
41 I 934698 70 
42 I 934703 70 
43 I 934707 70 
44 I 953978 70 
45 I 994688 70 
46 I 1000165 70 
47 I 1004186 70 
48 I 1004190 70 
49 I 1004195 70 
50 I 1004198 70 
51 I 1068816 70 
52 I 1073508 70 
53 I 1078730 70 
54 I 1078735 70 
55 I 1078739 70 
56 I 1082562 70 
57 I 1082567 70 
58 I 1082571 70 
59 I 1138186 70 
60 I 1146189 70 
61 I 1146214 70 
62 I 1150237 70 
63 I 1150258 70 
64 I 1150263 70 
65 I 1154713 70 
66 I 1206093 70 
67 I 1216746 70 
68 I 1220979 70 
69 I 1364128 70 
70 I 1438666 70 
71 I 1554304 70 
72 I 1558003 70 
73 I 1563282 70 
74 I 1621964 70 
75 I 1626734 70 
76 I 1626738 70 
77 I 1690802 70 
78 I 1696959 70 
79 I 1700742 70 
80 I 1700746 70 
81 I 1758652 70 
82 I 1763906 70 
83 I 1767953 70 
84 I 1772448 70 
85 I 1858855 70 
86 I 1866603 70 
87 I 1866607 70 
88 I 1926748 70 
89 I 1934483 70 
90 I 1938525 70 
91 I 1938530 70 
92 I 1996017 70 
93 I 2002682 70 
94 I 2010651 70 
95 I 2092556 70 
96 I 2096139 70 
97 I 2096144 70 
98 I 2096148 70 
99 I 2100695 70 
100 I 2160273 70 
101 I 2164025 70 
102 I 2168527 70 
103 I 2168532 70 
104 I 2250973 70 
105 I 2274082 70 
106 I 2332925 70 
107 I 2335954 70 
108 I 2376060 70 
109 I 2412462 70 
110 I 2416010 70 
111 I 2416014 70 
112 I 2416018 70 
113 I 2492709 70 
114 I 2496542 70 
115 I 2496547 70 
116 I 2570017 70 
117 I 2581992 70 
118 I 2582174 70 
119 I 2648744 70 
120 I 2732427 70 
121 I 2736172 70 
122 I 2834782 70 
123 I 2840026 70 
124 I 2840049 70 
125 I 2955972 70 
126 I 2960055 70 
127 I 2960080 70 
128 I 2984774 70 
129 I 3023982 70 
130 I 3027954 70 
131 I 3027967 70 
132 I 3032501 70 
133 I 3092440 70 
134 I 3100569 70 
135 I 3104119 70 
136 I 3104124 70 
137 I 3104128 70 
138 I 3108344 70 
139 I 3160640 70 
140 I 3168124 70 
141 I 3172344 70 
142 I 3176281 70 
143 I 3176286 70 
144 I 3176290 70 
145 I 3284767 70 
146 I 3288244 70 
147 I 3374798 70 
148 I 3467109 70 
149 I 3470596 70 
150 I 3470601 70 
151 I 3498889 70 
152 I 3549918 70 
153 I 3554155 70 
154 I 3554160 70 
155 I 3554164 70 
156 I 3558163 70 
157 I 3558184 70 
158 I 3558189 70 
159 I 3562667 70 
160 I 3562673 70 
161 I 3565974 70 
162 I 3570776 70 
163 I 3574591 70 
164 I 3578310 70 
165 I 3578315 70 
166 I 3618048 70 
167 I 3696494 70 
168 I 3704659 70 
169 I 3710096 70 
170 I 3717976 70 
171 I 3718197 70 
172 I 3722072 70 
173 I 3772340 70 
174 I 3808727 70 
175 I 3812981 70 
176 I 3854049 70 
177 I 3858063 70 
178 I 3900119 70 
179 I 4000127 70 
180 I 4082571 70 
181 I 7162095 70 
182 I 7166070 70 
183 I 7166074 70 
184 I 7166078 70 
185 I 7169986 70 
186 I 7379236 70 
187 I 7382070 70 
188 I 7382074 70 
189 I 7382078 70 
190 I 7386161 70 
191 I 7386187 70 
192 I 7386191 70 
193 I 7386259 70 
194 I 7390191 70 
195 I 7390195 70 
196 I 7390199 70 
197 I 7569920 70 
198 I 7574674 70 
199 I 7574850 70 
200 I 7574855 70 
201 I 7578385 70 
202 I 7582550 70 
203 I 7582651 70 
204 I 7646174 70 
205 I 7649914 70 
206 I 7650144 70 
207 I 7758562 70 
208 I 8057919 70 
209 I 8062108 70 
