0 I 0 68 
1 I 168073 56 
2 I 168165 456 
3 I 339055 56 
4 I 508372 56 
5 I 613117 56 
6 I 682564 56 
7 I 781801 56 
8 I 852615 56 
9 I 853218 56 
10 I 950748 56 
11 I 1023286 56 
12 I 1023694 56 
13 I 1024790 56 
14 I 1120663 56 
15 I 1121305 56 
16 I 1191997 56 
17 I 1193563 68 
18 I 1193568 56 
19 I 1193576 56 
20 I 1194384 56 
21 I 1289282 56 
22 I 1290106 56 
23 I 1361832 56 
24 I 1361951 56 
25 I 1420593 461 
26 I 1591849 56 
27 I 1592176 56 
28 I 1592397 56 
29 I 1592791 56 
30 I 1593700 56 
31 I 1593819 56 
32 I 1761836 56 
33 I 1762290 56 
34 I 1763493 56 
35 I 1763658 56 
36 I 1763666 56 
37 I 1779868 56 
38 I 1932971 56 
39 I 1933213 56 
40 I 1934020 56 
41 I 1934128 56 
42 I 1934427 56 
43 I 1949585 56 
44 I 2102553 56 
45 I 2102874 56 
46 I 2103991 56 
47 I 2104283 56 
48 I 2105381 56 
49 I 2118785 56 
50 I 2223951 56 
51 I 2272578 56 
52 I 2273210 56 
53 I 2274331 56 
54 I 2274662 56 
55 I 2288114 56 
56 I 2393990 56 
57 I 2441539 56 
58 I 2442020 56 
59 I 2443601 56 
60 I 2444137 68 
61 I 2444149 56 
62 I 2444150 56 
63 I 2459382 68 
64 I 2459696 56 
65 I 2577972 462 
66 I 2749978 56 
67 I 2750513 56 
68 I 2751204 56 
69 I 2751398 56 
70 I 2751458 56 
71 I 2751839 56 
72 I 2919816 56 
73 I 2921556 56 
74 I 2921816 56 
75 I 2921962 56 
76 I 2921977 56 
77 I 2935221 56 
78 I 3090428 56 
79 I 3092037 56 
80 I 3092352 56 
81 I 3092517 68 
82 I 3092874 56 
83 I 3092881 56 
84 I 3093177 56 
85 I 3105344 56 
86 I 3269895 56 
87 I 3271570 56 
88 I 3272030 56 
89 I 3272042 68 
90 I 3272044 68 
91 I 3272045 68 
92 I 3272049 56 
93 I 3272061 56 
94 I 3286489 56 
95 I 3447221 56 
96 I 3447612 56 
97 I 3448688 56 
98 I 3448693 56 
99 I 3553643 56 
100 I 3617862 56 
101 I 3618198 56 
102 I 3723490 56 
103 I 3788034 56 
104 I 3788321 56 
105 I 3894668 56 
106 I 3958095 68 
107 I 3958096 68 
108 I 3958112 56 
109 I 4007629 462 
110 I 4179303 56 
111 I 4179617 56 
112 I 4180127 56 
113 I 4348852 56 
114 I 4349128 56 
115 I 4349843 56 
116 I 4519524 56 
117 I 4519724 56 
118 I 4520309 56 
119 I 4623608 56 
120 I 4692848 56 
121 I 4693520 56 
122 I 4693523 56 
123 I 4862605 56 
124 I 4863544 56 
125 I 4863883 56 
126 I 4864725 56 
127 I 5031913 56 
128 I 5034422 56 
129 I 5035215 56 
130 I 5037038 56 
131 I 5202741 56 
132 I 5204434 56 
133 I 5205525 56 
134 I 5205745 56 
135 I 5207842 56 
136 I 5313599 56 
137 I 5373316 56 
138 I 5374919 56 
139 I 5375446 56 
140 I 5380100 56 
141 I 5544540 56 
142 I 5545456 56 
143 I 5546217 56 
144 I 5549363 56 
145 I 5550317 56 
146 I 5715018 68 
147 I 5715028 56 
148 I 5772816 462 
149 I 5945214 68 
150 I 5945221 56 
151 I 5945866 56 
152 I 5946752 56 
153 I 5946974 56 
154 I 6114490 56 
155 I 6117467 56 
156 I 6117744 56 
157 I 6286094 56 
158 I 6289118 56 
159 I 6289578 56 
160 I 6454986 56 
161 I 6459210 56 
162 I 6459492 56 
163 I 6563317 56 
164 I 6626505 56 
165 I 6631282 56 
166 I 6631445 56 
167 I 6795837 56 
168 I 6800085 56 
169 I 6800708 56 
170 I 6800721 56 
171 I 6968034 56 
172 I 6970144 56 
173 I 6970317 56 
174 I 6970332 56 
175 I 6970425 56 
176 I 7139342 56 
177 I 7141529 56 
178 I 7142079 56 
179 I 7142741 56 
180 I 7244389 56 
181 I 7308791 56 
182 I 7313577 56 
183 I 7313877 56 
184 I 7313912 56 
185 I 7477415 56 
186 I 7485011 56 
187 I 7485443 68 
188 I 7485476 56 
189 I 7581135 462 
190 I 7752081 56 
191 I 7752264 56 
192 I 7752797 56 
193 I 7922907 56 
194 I 7923410 56 
195 I 7923735 56 
196 I 8092158 56 
197 I 8095391 56 
198 I 8095492 56 
199 I 8261210 56 
200 I 8263926 56 
201 I 8264581 56 
202 I 8374271 56 
203 I 8432363 56 
204 I 8433958 56 
205 I 8434173 56 
206 I 8604326 56 
207 I 8604841 56 
208 I 8606041 56 
209 I 8606326 56 
210 I 8774860 56 
211 I 8775110 56 
212 I 8776046 56 
213 I 8776059 56 
214 I 8776574 56 
215 I 8947187 56 
216 I 8947523 68 
217 I 8947567 56 
218 I 8947792 56 
219 I 8947946 68 
220 I 8948380 68 
221 I 8948665 56 
222 I 8948665 56 
223 I 9054840 56 
224 I 9118084 56 
225 I 9118318 56 
226 I 9118767 56 
227 I 9223998 56 
228 I 9396415 68 
229 I 9565586 68 
230 I 9736259 68 
231 I 9736385 68 
232 I 9736393 68 
233 I 9736399 56 
234 I 9736406 56 
235 I 9906132 68 
236 I 9906135 56 
237 I 9974758 462 
238 I 10150463 56 
239 I 10322408 56 
240 I 10424468 56 
241 I 10501536 56 
242 I 10673053 56 
243 I 10673094 56 
244 I 10844504 56 
245 I 10844844 56 
246 I 11014501 56 
247 I 11015942 56 
248 I 11125559 56 
249 I 11184144 56 
250 I 11185330 56 
251 I 11353329 56 
252 I 11354046 56 
253 I 11464042 56 
254 I 11522293 56 
255 I 11523123 56 
256 I 11623752 56 
257 I 11691425 56 
258 I 11693509 56 
259 I 11794426 56 
260 I 11861642 56 
261 I 11861977 56 
262 I 11863574 56 
263 I 11964117 56 
264 I 12032830 56 
265 I 12033438 56 
266 I 12035970 56 
267 I 12134775 56 
268 I 12204122 56 
269 I 12204289 56 
270 I 12208887 56 
271 I 12304490 56 
272 I 12375468 56 
273 I 12377308 56 
274 I 12380788 56 
275 I 12478586 68 
276 I 12479139 56 
277 I 13282052 462 
278 I 13453570 56 
279 I 13454481 56 
280 I 13454955 56 
281 I 13455345 68 
282 I 13455351 56 
283 I 13455365 56 
284 I 13623498 56 
285 I 13625447 56 
286 I 13625828 56 
287 I 13626413 56 
288 I 13735899 56 
289 I 13793343 56 
290 I 13795834 56 
291 I 13795843 56 
292 I 13796019 56 
293 I 13904573 56 
294 I 13962775 56 
295 I 13998957 56 
296 I 14131944 56 
297 I 14132723 56 
298 I 14169835 56 
299 I 14252309 56 
300 I 14407708 56 
301 I 14524654 56 
302 I 14604994 56 
303 I 14774674 68 
304 I 14775801 68 
305 I 14776198 56 
306 I 14985530 56 
307 I 15952602 462 
308 I 16123711 56 
309 I 16124286 56 
310 I 16125003 56 
311 I 16125119 56 
312 I 16125438 56 
313 I 16234532 56 
314 I 16294698 56 
315 I 16295083 56 
316 I 16295432 56 
317 I 16296306 56 
318 I 16296627 56 
319 I 16404137 56 
320 I 16465081 56 
321 I 16465334 56 
322 I 16465787 56 
323 I 16466723 56 
324 I 16467564 56 
325 I 16573396 56 
326 I 16636347 56 
327 I 16637087 56 
328 I 16637601 56 
329 I 16638029 56 
330 I 16639027 56 
331 I 16743013 56 
332 I 16805781 56 
333 I 16807905 56 
334 I 16808225 56 
335 I 16808907 56 
336 I 16809667 56 
337 I 16911540 56 
338 I 16974421 56 
339 I 16977565 56 
340 I 16978500 56 
341 I 16979248 56 
342 I 16979784 56 
343 I 17082185 56 
344 I 17144611 56 
345 I 17261513 462 
346 I 17433850 56 
347 I 17433853 56 
348 I 17434116 56 
349 I 17434545 56 
350 I 17434777 56 
351 I 17435203 56 
352 I 17604696 56 
353 I 17605174 56 
354 I 17606049 56 
355 I 17606051 56 
356 I 17606052 56 
357 I 17620463 56 
358 I 17774527 56 
359 I 17774903 56 
360 I 17776536 56 
361 I 17777122 56 
362 I 17777711 56 
363 I 17790314 56 
364 I 17944382 56 
365 I 17944759 56 
366 I 17946605 56 
367 I 17947311 56 
368 I 17947691 56 
369 I 17960735 56 
370 I 18115293 56 
371 I 18115637 56 
372 I 18116707 56 
373 I 18116951 56 
374 I 18130427 56 
375 I 18130619 56 
376 I 18286301 56 
377 I 18286522 56 
378 I 18286534 56 
379 I 18287099 56 
380 I 18299882 68 
381 I 18299998 56 
382 I 18424293 463 
383 I 18594796 56 
384 I 18763872 56 
385 I 18865454 56 
386 I 18932977 56 
387 I 19102685 56 
388 I 19103311 56 
389 I 19272465 56 
390 I 19273930 56 
391 I 19442172 56 
392 I 19443741 56 
393 I 19545103 56 
394 I 19612237 56 
395 I 19618008 56 
396 I 19781151 56 
397 I 19787871 56 
398 I 19894806 56 
399 I 19951110 56 
400 I 19957028 56 
401 I 20063459 56 
402 I 20122128 56 
403 I 20126052 56 
404 I 20232854 56 
405 I 20292293 56 
406 I 20296317 56 
407 I 20296750 56 
408 I 20401403 56 
409 I 20461960 56 
410 I 20465729 56 
411 I 20467179 56 
412 I 20632638 56 
413 I 20632928 56 
414 I 20636898 56 
415 I 20638103 56 
416 I 20802765 56 
417 I 20803270 56 
418 I 20806789 56 
419 I 20807298 68 
420 I 20807331 56 
421 I 20941371 464 
422 I 21112642 56 
423 I 21113122 56 
424 I 21113620 56 
425 I 21114252 56 
426 I 21282995 56 
427 I 21283125 56 
428 I 21283340 56 
429 I 21283706 56 
430 I 21384587 56 
431 I 21453000 56 
432 I 21453429 56 
433 I 21453437 56 
434 I 21453952 56 
435 I 21554498 56 
436 I 21625458 56 
437 I 21625600 56 
438 I 21626119 56 
439 I 21626429 56 
440 I 21723540 56 
441 I 21795854 56 
442 I 21796385 56 
443 I 21796992 56 
444 I 21801663 56 
445 I 21803088 56 
446 I 21894868 56 
447 I 21967075 56 
448 I 21967685 56 
449 I 21971850 56 
450 I 21972208 56 
451 I 22065303 56 
452 I 22138044 56 
453 I 22138365 56 
454 I 22142604 56 
455 I 22145027 56 
456 I 22145365 56 
457 I 22236119 56 
458 I 22327634 464 
459 I 22499692 56 
460 I 22501345 56 
461 I 22501975 56 
462 I 22501988 56 
463 I 22502097 56 
464 I 22502693 56 
465 I 22670015 56 
466 I 22670904 56 
467 I 22671659 56 
468 I 22672261 56 
469 I 22672646 56 
470 I 22686169 56 
471 I 22839925 56 
472 I 22840740 56 
473 I 22842259 56 
474 I 22842700 56 
475 I 22843191 56 
476 I 22855623 56 
477 I 23011710 56 
478 I 23012186 56 
479 I 23013598 56 
480 I 23013603 56 
481 I 23014037 56 
482 I 23031367 56 
483 I 23182043 56 
484 I 23182459 56 
485 I 23184588 56 
486 I 23185038 56 
487 I 23201026 56 
488 I 23201029 56 
489 I 23353815 56 
490 I 23354306 56 
491 I 23354685 56 
492 I 23355324 56 
493 I 23370563 68 
494 I 23370792 56 
495 I 23555637 464 
496 I 23726182 56 
497 I 23896233 56 
498 I 24005225 56 
499 I 24065298 56 
500 I 24234795 56 
501 I 24235223 56 
502 I 24404446 56 
503 I 24405093 56 
504 I 24574460 56 
505 I 24574607 68 
506 I 24574607 68 
507 I 24575941 56 
508 I 24575941 56 
509 I 24743754 56 
510 I 24845471 56 
511 I 24915446 56 
512 I 25089072 56 
513 I 25089384 56 
514 I 25262539 56 
515 I 25263249 56 
516 I 25432946 56 
517 I 25435469 56 
518 I 25545049 56 
519 I 25603431 56 
520 I 25607103 56 
521 I 25776059 56 
522 I 25778622 56 
523 I 25779482 56 
524 I 25945834 56 
525 I 25948902 56 
526 I 25949608 56 
527 I 26115947 56 
528 I 26118975 56 
529 I 26120153 56 
530 I 26288015 56 
531 I 26288869 56 
532 I 26289783 56 
533 I 26395786 56 
534 I 26462870 56 
535 I 26462977 68 
536 I 26462994 56 
537 I 26617833 464 
538 I 26787699 56 
539 I 26957106 56 
540 I 27065134 56 
541 I 27126571 56 
542 I 27297284 56 
543 I 27297534 56 
544 I 27467161 56 
545 I 27467355 56 
546 I 27640735 56 
547 I 27640873 56 
548 I 27744853 56 
549 I 27811192 56 
550 I 27812202 56 
551 I 27980568 56 
552 I 27981340 56 
553 I 28084899 56 
554 I 28155209 56 
555 I 28155508 56 
556 I 28253792 56 
557 I 28324783 56 
558 I 28325032 56 
559 I 28424414 56 
560 I 28494638 56 
561 I 28495517 56 
562 I 28495599 56 
563 I 28593098 56 
564 I 28663435 56 
565 I 28665610 56 
566 I 28665802 56 
567 I 28835213 56 
568 I 28835880 56 
569 I 28837286 56 
570 I 28837448 56 
571 I 29005857 56 
572 I 29006592 56 
573 I 29007789 56 
574 I 29007792 68 
575 I 29007798 68 
576 I 29007836 56 
577 I 29416187 464 
578 I 29586722 56 
579 I 29695769 56 
580 I 29756029 56 
581 I 29924997 56 
582 I 29925669 56 
583 I 30095001 56 
584 I 30096563 56 
585 I 30273750 56 
586 I 30274209 56 
587 I 30375953 56 
588 I 30443812 56 
589 I 30444003 56 
590 I 30614523 56 
591 I 30614714 56 
592 I 30715727 56 
593 I 30784248 56 
594 I 30785079 56 
595 I 30885676 56 
596 I 30954297 56 
597 I 30954662 56 
598 I 31054793 56 
599 I 31125565 56 
600 I 31126260 56 
601 I 31225215 56 
602 I 31295638 56 
603 I 31296149 56 
604 I 31296638 56 
605 I 31394807 56 
606 I 31465120 56 
607 I 31466659 56 
608 I 31467030 56 
609 I 31563787 56 
610 I 31634607 56 
611 I 31637575 56 
612 I 31638149 56 
613 I 31735032 56 
614 I 31804571 68 
615 I 31804697 56 
616 I 31882814 464 
617 I 32055017 56 
618 I 32055523 56 
619 I 32055750 68 
620 I 32056262 56 
621 I 32056262 56 
622 I 32056416 56 
623 I 32225719 56 
624 I 32227133 56 
625 I 32227133 56 
626 I 32227183 56 
627 I 32336146 56 
628 I 32402649 56 
629 I 32402984 56 
630 I 32403114 56 
631 I 32403531 56 
632 I 32504935 56 
633 I 32572651 56 
634 I 32573106 56 
635 I 32573114 56 
636 I 32573307 56 
637 I 32673942 56 
638 I 32744405 56 
639 I 32745380 56 
640 I 32763794 56 
641 I 33035265 56 
642 I 33081657 56 
643 I 33253126 68 
644 I 33253734 56 
645 I 33254498 68 
646 I 33254616 68 
647 I 33254617 56 
648 I 33353027 56 
649 I 33631214 464 
650 I 33801395 56 
651 I 33801677 56 
652 I 33802822 56 
653 I 33803144 56 
654 I 33803358 56 
655 I 33803389 56 
656 I 33970139 56 
657 I 33971330 56 
658 I 33973072 56 
659 I 33973074 56 
660 I 33973363 56 
661 I 33993908 56 
662 I 34139956 56 
663 I 34141544 56 
664 I 34142969 56 
665 I 34143163 56 
666 I 34143615 56 
667 I 34205979 56 
668 I 34308882 56 
669 I 34310250 56 
670 I 34312197 56 
671 I 34312454 56 
672 I 34313960 56 
673 I 34375242 56 
674 I 34479010 56 
675 I 34479553 56 
676 I 34481406 56 
677 I 34482609 56 
678 I 34483380 56 
679 I 34544646 56 
680 I 34649228 56 
681 I 34649936 56 
682 I 34651239 56 
683 I 34651612 56 
684 I 34652167 56 
685 I 34713189 56 
686 I 34834940 464 
687 I 35006787 56 
688 I 35007344 56 
689 I 35007666 56 
690 I 35008361 56 
691 I 35008719 56 
692 I 35008911 56 
693 I 35176698 56 
694 I 35177335 56 
695 I 35177339 56 
696 I 35179192 56 
697 I 35179734 56 
698 I 35192216 56 
699 I 35346149 56 
700 I 35352141 56 
701 I 35363142 56 
702 I 35406520 56 
703 I 35517612 56 
704 I 35522274 56 
705 I 35532095 56 
706 I 35532453 56 
707 I 35532854 56 
708 I 35575630 56 
709 I 35676096 56 
710 I 35687446 56 
711 I 35692056 56 
712 I 35702964 56 
713 I 35703107 56 
714 I 35743902 56 
715 I 35845244 56 
716 I 35860753 56 
717 I 35865812 56 
718 I 35872601 56 
719 I 35872845 56 
720 I 35913835 68 
721 I 35914049 56 
722 I 36002214 464 
723 I 36172309 56 
724 I 36341764 56 
725 I 36445715 56 
726 I 36511757 56 
727 I 36681611 56 
728 I 36681904 56 
729 I 36852147 56 
730 I 36852514 56 
731 I 37021523 56 
732 I 37023039 56 
733 I 37126180 56 
734 I 37190722 56 
735 I 37192600 56 
736 I 37361186 56 
737 I 37362085 56 
738 I 37465689 56 
739 I 37532489 56 
740 I 37533451 56 
741 I 37637111 56 
742 I 37701851 68 
743 I 37702039 56 
744 I 37702040 56 
745 I 37703632 56 
746 I 37871033 56 
747 I 37871490 56 
748 I 37873949 68 
749 I 37873957 56 
750 I 37873978 56 
751 I 38040003 56 
752 I 38040700 56 
753 I 38043036 56 
754 I 38145486 56 
755 I 38209563 56 
756 I 38211473 56 
757 I 38212784 56 
758 I 38317316 56 
759 I 38378956 56 
760 I 38380738 56 
761 I 38381490 56 
762 I 38487696 56 
763 I 38549858 68 
764 I 38550067 56 
765 I 38629482 464 
766 I 38804373 56 
767 I 38806352 56 
768 I 38806833 56 
769 I 38806975 56 
770 I 38920178 56 
771 I 38976456 56 
772 I 38978296 56 
773 I 38978301 56 
774 I 38978606 56 
775 I 39091360 56 
776 I 39147137 56 
777 I 39151007 56 
778 I 39151272 56 
779 I 39164282 56 
780 I 39263111 56 
781 I 39322431 56 
782 I 39327666 56 
783 I 39387934 56 
784 I 39468984 56 
785 I 39499399 56 
786 I 39618833 56 
787 I 39648705 56 
788 I 39775461 56 
789 I 39925673 56 
790 I 39958064 56 
791 I 40128396 68 
792 I 40128485 56 
793 I 40454135 56 
794 I 41200158 464 
795 I 41371423 56 
796 I 41371629 56 
797 I 41372621 56 
798 I 41372982 68 
799 I 41373252 56 
800 I 41373256 56 
801 I 41373817 56 
802 I 41476291 56 
803 I 41541658 56 
804 I 41541846 56 
805 I 41542609 56 
806 I 41543728 56 
807 I 41543999 56 
808 I 41646089 56 
809 I 41711304 56 
810 I 41853827 56 
811 I 41926981 56 
812 I 42025539 56 
813 I 42074436 56 
814 I 42206337 56 
815 I 42346145 56 
816 I 42363296 56 
817 I 42535158 56 
818 I 42537534 56 
819 I 42538618 56 
820 I 42772661 464 
821 I 42944267 56 
822 I 42945157 56 
823 I 42945660 56 
824 I 42946307 56 
825 I 42946545 56 
826 I 42947157 56 
827 I 43113926 56 
828 I 43116079 56 
829 I 43116399 56 
830 I 43116603 56 
831 I 43116615 56 
832 I 43129211 56 
833 I 43282877 56 
834 I 43303387 56 
835 I 43303387 56 
836 I 43304126 56 
837 I 43304137 56 
838 I 43307837 56 
839 I 43452711 56 
840 I 43473734 56 
841 I 43474177 56 
842 I 43474461 56 
843 I 43474877 56 
844 I 43480985 56 
845 I 43585782 56 
846 I 43623477 56 
847 I 43643829 56 
848 I 43644609 56 
849 I 43644926 56 
850 I 43651362 56 
851 I 43754698 56 
852 I 43793884 56 
853 I 43813465 56 
854 I 43814971 56 
855 I 43815419 56 
856 I 43822181 68 
857 I 43822550 56 
858 I 43937883 464 
859 I 44109764 56 
860 I 44279068 56 
861 I 44385818 56 
862 I 44450619 56 
863 I 44619188 56 
864 I 44619743 56 
865 I 44789879 56 
866 I 44790215 56 
867 I 44959450 56 
868 I 44960180 56 
869 I 45066843 56 
870 I 45128493 56 
871 I 45130165 56 
872 I 45297956 56 
873 I 45299433 56 
874 I 45405629 56 
875 I 45467597 56 
876 I 45468348 56 
877 I 45574130 56 
878 I 45637742 56 
879 I 45638031 56 
880 I 45746991 56 
881 I 45806778 56 
882 I 45807161 56 
883 I 45807246 56 
884 I 45915722 56 
885 I 45975207 56 
886 I 45977267 56 
887 I 45977808 56 
888 I 46147746 56 
889 I 46148253 56 
890 I 46148267 56 
891 I 46148527 56 
892 I 46316955 56 
893 I 46318537 56 
894 I 46319602 56 
895 I 46319937 68 
896 I 46319952 56 
897 I 46415394 464 
898 I 46587740 56 
899 I 46587871 56 
900 I 46588262 56 
901 I 46588488 56 
902 I 46697185 56 
903 I 46758137 56 
904 I 46758355 68 
905 I 46758356 56 
906 I 46758367 56 
907 I 46759131 56 
908 I 46759131 56 
909 I 46926098 56 
910 I 47026368 56 
911 I 47097358 56 
912 I 47266275 56 
913 I 47267190 56 
914 I 47436748 56 
915 I 47437159 56 
916 I 47607523 56 
917 I 47607786 56 
918 I 47716635 56 
919 I 47776450 56 
920 I 47776648 56 
921 I 47946147 56 
922 I 47948800 56 
923 I 48056522 56 
924 I 48115926 56 
925 I 48116076 56 
926 I 48118357 56 
927 I 48285270 56 
928 I 48285764 56 
929 I 48287690 56 
930 I 48454684 56 
931 I 48455351 56 
932 I 48456608 56 
933 I 48566412 56 
934 I 48623554 56 
935 I 48624255 56 
936 I 48625608 56 
937 I 48736614 68 
938 I 48737422 56 
939 I 48974312 464 
940 I 49144162 56 
941 I 49313876 56 
942 I 49416669 56 
943 I 49484765 56 
944 I 49654920 56 
945 I 49656011 56 
946 I 49824304 56 
947 I 49825438 56 
948 I 49994544 56 
949 I 49995593 56 
950 I 50096039 56 
951 I 50163982 56 
952 I 50166916 56 
953 I 50332961 56 
954 I 50337363 56 
955 I 50446355 56 
956 I 50502422 56 
957 I 50506455 56 
958 I 50616315 56 
959 I 50675240 56 
960 I 50675481 56 
961 I 50776524 56 
962 I 50845683 68 
963 I 50845704 56 
964 I 50845710 56 
965 I 50846582 56 
966 I 50945979 56 
967 I 50948019 56 
968 I 51017249 56 
969 I 51017777 56 
970 I 51018079 56 
971 I 51117786 56 
972 I 51186437 56 
973 I 51187965 56 
974 I 51188212 56 
975 I 51286677 56 
976 I 51356405 56 
977 I 51358768 56 
978 I 51359643 56 
979 I 51456687 56 
980 I 51456890 56 
981 I 51526223 464 
982 I 51701348 56 
983 I 51701587 56 
984 I 51702264 56 
985 I 51702539 56 
986 I 51806206 56 
987 I 51871597 56 
988 I 51872309 56 
989 I 51873464 56 
990 I 51873479 56 
991 I 51977864 56 
992 I 52041479 56 
993 I 52042891 56 
994 I 52044190 56 
995 I 52044190 56 
996 I 52154661 56 
997 I 52254905 56 
998 I 52255576 56 
999 I 52256131 56 
1000 I 52256138 56 
1001 I 52323576 56 
1002 I 52423628 56 
1003 I 52425706 56 
1004 I 52426388 56 
1005 I 52426602 56 
1006 I 52426621 56 
1007 I 52492946 56 
1008 I 52593457 56 
1009 I 52596555 56 
1010 I 52597137 56 
1011 I 52597556 56 
1012 I 52662763 56 
1013 I 52763034 56 
1014 I 52763220 56 
1015 I 52766780 56 
1016 I 52768189 56 
1017 I 52768200 56 
1018 I 52836758 56 
1019 I 52910064 464 
1020 I 53084108 56 
1021 I 53084664 56 
1022 I 53084671 56 
1023 I 53084810 56 
1024 I 53084821 56 
1025 I 53187454 56 
1026 I 53254804 56 
1027 I 53256347 56 
1028 I 53256675 56 
1029 I 53257281 56 
1030 I 53257296 56 
1031 I 53355616 56 
1032 I 53423659 56 
1033 I 53425545 56 
1034 I 53425978 56 
1035 I 53426385 56 
1036 I 53427175 56 
1037 I 53524280 56 
1038 I 53594131 56 
1039 I 53596337 56 
1040 I 53596802 56 
1041 I 53597729 56 
1042 I 53597816 56 
1043 I 53694695 56 
1044 I 53762952 56 
1045 I 53766267 56 
1046 I 53766885 56 
1047 I 53767628 56 
1048 I 53768881 56 
1049 I 53865511 56 
1050 I 53933089 56 
1051 I 53935030 56 
1052 I 53935959 56 
1053 I 53937049 56 
1054 I 53938333 56 
1055 I 54034366 56 
1056 I 54387564 464 
1057 I 54560306 56 
1058 I 54560798 56 
1059 I 54561281 56 
1060 I 54561282 56 
1061 I 54561297 68 
1062 I 54561790 56 
1063 I 54561823 56 
1064 I 54730810 56 
1065 I 54730823 56 
1066 I 54731468 56 
1067 I 54731637 56 
1068 I 54732445 56 
1069 I 54752361 56 
1070 I 54900866 56 
1071 I 54901068 56 
1072 I 54901775 56 
1073 I 54902417 56 
1074 I 54902892 56 
1075 I 54923676 56 
1076 I 55070275 56 
1077 I 55070456 56 
1078 I 55071156 56 
1079 I 55072542 56 
1080 I 55072684 56 
1081 I 55092127 56 
1082 I 55196477 56 
1083 I 55240956 56 
1084 I 55290416 56 
1085 I 55461843 68 
1086 I 55462651 68 
1087 I 55462662 56 
1088 I 55497571 56 
1089 I 55813300 464 
1090 I 55985903 56 
1091 I 55985979 56 
1092 I 55986180 68 
1093 I 55986263 56 
1094 I 55986264 56 
1095 I 55986328 56 
1096 I 55986458 56 
1097 I 55987118 56 
1098 I 56155594 56 
1099 I 56155978 56 
1100 I 56325649 56 
1101 I 56326271 56 
1102 I 56495434 56 
1103 I 56497126 56 
1104 I 56664567 56 
1105 I 56667173 56 
1106 I 56776730 56 
1107 I 56838192 56 
1108 I 56838391 56 
1109 I 57007038 56 
1110 I 57007713 56 
1111 I 57008040 56 
1112 I 57176021 56 
1113 I 57178331 56 
1114 I 57178840 56 
1115 I 57345707 56 
1116 I 57345708 56 
1117 I 57347394 56 
1118 I 57348083 56 
1119 I 57456230 56 
1120 I 57514753 56 
1121 I 57516783 56 
1122 I 57517953 56 
1123 I 57683252 56 
1124 I 57686405 56 
1125 I 57687600 56 
1126 I 57687833 56 
1127 I 57853215 56 
1128 I 57855365 68 
1129 I 57856164 56 
1130 I 57913973 464 
1131 I 58086936 56 
1132 I 58255630 56 
1133 I 58357401 56 
1134 I 58425247 56 
1135 I 58594306 56 
1136 I 58594857 56 
1137 I 58765769 56 
1138 I 58766135 56 
1139 I 58937964 56 
1140 I 58938127 56 
1141 I 59047211 56 
1142 I 59107770 56 
1143 I 59108141 56 
1144 I 59276592 56 
1145 I 59277802 56 
1146 I 59387134 56 
1147 I 59445846 56 
1148 I 59447243 56 
1149 I 59557306 56 
1150 I 59615296 56 
1151 I 59615873 56 
1152 I 59716936 56 
1153 I 59785587 56 
1154 I 59785898 56 
1155 I 59786190 56 
1156 I 59885667 56 
1157 I 59955915 56 
1158 I 59956684 56 
1159 I 59956984 56 
1160 I 60055268 56 
1161 I 60126596 56 
1162 I 60128368 56 
1163 I 60128985 56 
1164 I 60224288 56 
1165 I 60296207 56 
1166 I 60297881 56 
1167 I 60298482 56 
1168 I 60394512 68 
1169 I 60394523 56 
1170 I 60484866 464 
1171 I 60656268 56 
1172 I 60656793 56 
1173 I 60657279 56 
1174 I 60657293 56 
1175 I 60766838 56 
1176 I 60827104 56 
1177 I 60827279 56 
1178 I 60827622 56 
1179 I 60828266 56 
1180 I 60998119 56 
1181 I 60998579 56 
1182 I 60998742 56 
1183 I 60998894 56 
1184 I 60999395 56 
1185 I 61168981 56 
1186 I 61169412 68 
1187 I 61169420 56 
1188 I 61169425 56 
1189 I 61169876 56 
1190 I 61169906 56 
1191 I 61170136 56 
1192 I 61339067 56 
1193 I 61446951 56 
1194 I 61508169 56 
1195 I 61615806 56 
1196 I 61679076 56 
1197 I 61785312 56 
1198 I 61850051 56 
1199 I 61850508 56 
1200 I 62022157 56 
1201 I 62022906 56 
1202 I 62126710 56 
1203 I 62191356 56 
1204 I 62193553 56 
1205 I 62295606 56 
1206 I 62361256 56 
1207 I 62362591 56 
1208 I 62465121 56 
1209 I 62530757 68 
1210 I 62530758 56 
1211 I 62623020 464 
1212 I 62794852 56 
1213 I 62795312 56 
1214 I 62795421 56 
1215 I 62965103 56 
1216 I 62965646 56 
1217 I 62966021 56 
1218 I 63066691 56 
1219 I 63135718 56 
1220 I 63136041 56 
1221 I 63136467 56 
1222 I 63235842 56 
1223 I 63306022 56 
1224 I 63306310 56 
1225 I 63306773 56 
1226 I 63405177 56 
1227 I 63477397 56 
1228 I 63477495 68 
1229 I 63478095 56 
1230 I 75956222 459 
1231 I 76127938 56 
1232 I 76128141 56 
1233 I 76128187 56 
1234 I 76128203 68 
1235 I 76128440 56 
1236 I 76199624 464 
1237 I 76371219 56 
1238 I 76541074 56 
1239 I 76652134 56 
1240 I 76710707 68 
1241 I 76710710 56 
1242 I 76758480 464 
1243 I 76928657 56 
1244 I 76929020 56 
1245 I 77098078 56 
1246 I 77098354 56 
1247 I 77267325 56 
1248 I 77267517 56 
1249 I 77367752 56 
1250 I 77437180 56 
1251 I 77459688 464 
1252 I 77629873 56 
1253 I 77630192 56 
1254 I 77738061 56 
1255 I 77799524 56 
1256 I 77800311 56 
1257 I 77907851 56 
1258 I 77969661 56 
1259 I 77969664 56 
1260 I 78076406 56 
1261 I 78140225 56 
1262 I 78140556 56 
1263 I 78247868 56 
1264 I 78271226 56 
1265 I 78325255 465 
1266 I 78505458 56 
1267 I 78682024 56 
1268 I 78682186 56 
1269 I 78682414 56 
1270 I 78683229 56 
1271 I 78853493 56 
1272 I 78854114 56 
1273 I 78854753 56 
1274 I 78855002 56 
1275 I 79024848 56 
1276 I 79024965 56 
1277 I 79072513 466 
1278 I 79243394 56 
1279 I 79243394 68 
1280 I 79243400 56 
1281 I 79243463 56 
1282 I 79243471 56 
1283 I 79243783 56 
1284 I 79413968 56 
1285 I 79413983 56 
1286 I 79414987 56 
1287 I 79415441 56 
1288 I 79517802 56 
1289 I 79584376 56 
1290 I 79585406 56 
1291 I 79585415 68 
1292 I 79585459 56 
1293 I 79635210 466 
1294 I 79807724 56 
1295 I 79808171 56 
1296 I 79808179 56 
1297 I 79808186 56 
1298 I 79809760 56 
1299 I 79979166 56 
1300 I 79979875 56 
1301 I 79980919 56 
1302 I 79980937 56 
1303 I 79981370 56 
1304 I 80089000 56 
1305 I 80148639 56 
1306 I 80150740 56 
1307 I 80150828 56 
1308 I 80202709 466 
1309 I 80375152 56 
1310 I 80375152 56 
1311 I 80375960 56 
1312 I 80376137 56 
1313 I 80377534 56 
1314 I 80478516 56 
1315 I 80545939 56 
1316 I 80546772 56 
1317 I 80546804 56 
1318 I 80546805 56 
1319 I 80547991 56 
1320 I 80648472 56 
1321 I 80715340 56 
1322 I 80765472 466 
1323 I 80938286 56 
1324 I 80938832 56 
1325 I 80939042 56 
1326 I 80939055 56 
1327 I 80939830 56 
1328 I 80940558 56 
1329 I 81108566 56 
1330 I 81108580 68 
1331 I 81108592 56 
1332 I 81108592 56 
1333 I 81108862 56 
1334 I 81109301 56 
1335 I 81110192 56 
1336 I 81219058 56 
1337 I 81280166 56 
1338 I 81280176 56 
1339 I 81280177 56 
1340 I 81328288 466 
1341 I 81500068 56 
1342 I 81500378 56 
1343 I 81500717 56 
1344 I 81501224 56 
1345 I 81501248 56 
1346 I 81501729 56 
1347 I 81674677 56 
1348 I 81674986 56 
1349 I 81675164 56 
1350 I 81675164 56 
1351 I 81676148 56 
1352 I 81676974 56 
1353 I 81846157 56 
1354 I 81846400 68 
1355 I 81846414 56 
1356 I 81883600 466 
1357 I 82055365 56 
1358 I 82055765 56 
1359 I 82056003 56 
1360 I 82056783 56 
1361 I 82056789 56 
1362 I 82056958 56 
1363 I 82224341 56 
1364 I 82225107 56 
1365 I 82225409 56 
1366 I 82226839 56 
1367 I 82227292 56 
1368 I 82227295 56 
1369 I 82394288 56 
1370 I 82394801 56 
1371 I 82396021 56 
1372 I 82397452 68 
1373 I 82397630 56 
1374 I 82448083 466 
1375 I 82620694 56 
1376 I 82621304 56 
1377 I 82621651 56 
1378 I 82621661 56 
1379 I 82621926 56 
1380 I 82791290 56 
1381 I 82791933 56 
1382 I 82792583 56 
1383 I 82793130 56 
1384 I 82793486 56 
1385 I 82793952 56 
1386 I 82963438 56 
1387 I 82963455 56 
1388 I 82963850 56 
1389 I 82964407 56 
1390 I 82964419 56 
1391 I 82964692 56 
1392 I 83078045 466 
1393 I 83249939 56 
1394 I 83250879 56 
1395 I 83251122 56 
1396 I 83251900 56 
1397 I 83251900 56 
1398 I 83252552 56 
1399 I 83420374 56 
1400 I 83420801 56 
1401 I 83421462 56 
1402 I 83422919 56 
1403 I 83422927 56 
1404 I 83422942 56 
1405 I 83590794 56 
1406 I 83590962 56 
1407 I 83592745 56 
1408 I 83593438 56 
1409 I 83593709 68 
1410 I 83594071 68 
1411 I 83594072 56 
1412 I 83700825 466 
1413 I 83873589 56 
1414 I 83874394 56 
1415 I 83875128 56 
1416 I 83875331 56 
1417 I 83876179 56 
1418 I 83876181 56 
1419 I 84043371 56 
1420 I 84044711 56 
1421 I 84044902 56 
1422 I 84045191 56 
1423 I 84045904 56 
1424 I 84045906 56 
1425 I 84213489 56 
1426 I 84216373 56 
1427 I 84216627 56 
1428 I 84217356 56 
1429 I 84217679 56 
1430 I 84217801 56 
1431 I 84383040 56 
1432 I 84385479 56 
1433 I 84447039 466 
1434 I 84618741 56 
1435 I 84618960 56 
1436 I 84619785 56 
1437 I 84619787 56 
1438 I 84619811 56 
1439 I 84727872 56 
1440 I 84788458 56 
1441 I 84788931 56 
1442 I 84789445 56 
1443 I 84790040 56 
1444 I 84790050 56 
1445 I 84896203 56 
1446 I 84958327 56 
1447 I 84958850 56 
1448 I 84959461 56 
1449 I 84960405 56 
1450 I 84960696 56 
1451 I 85066601 56 
1452 I 85128101 56 
1453 I 85128947 56 
1454 I 85128954 56 
1455 I 85199646 466 
1456 I 85370948 56 
1457 I 85371292 56 
1458 I 85371728 56 
1459 I 85372297 56 
1460 I 85372415 56 
1461 I 85372911 56 
1462 I 85541175 56 
1463 I 85541258 56 
1464 I 85542448 56 
1465 I 85542847 56 
1466 I 85543064 56 
1467 I 85543926 56 
1468 I 85712075 56 
1469 I 85712385 56 
1470 I 85712927 56 
1471 I 85713762 56 
1472 I 85714072 56 
1473 I 85714802 56 
1474 I 85883810 56 
1475 I 85884209 56 
1476 I 85884430 68 
1477 I 85884432 56 
1478 I 85960526 466 
1479 I 86132286 56 
1480 I 86132410 56 
1481 I 86132842 56 
1482 I 86133318 56 
1483 I 86133778 56 
1484 I 86134261 56 
1485 I 86302950 56 
1486 I 86304221 56 
1487 I 86304339 56 
1488 I 86305003 56 
1489 I 86305395 56 
1490 I 86305640 68 
1491 I 86305713 56 
1492 I 86305721 56 
1493 I 86474373 56 
1494 I 86476346 56 
1495 I 86476348 56 
1496 I 86476352 56 
1497 I 86476716 56 
1498 I 86646802 56 
1499 I 86646806 56 
1500 I 86816629 56 
1501 I 86816887 56 
1502 I 86889839 466 
1503 I 87060858 56 
1504 I 87061273 56 
1505 I 87168604 56 
1506 I 87231628 56 
1507 I 87231653 56 
1508 I 87401545 56 
1509 I 87402474 56 
1510 I 87405303 56 
1511 I 87571231 56 
1512 I 87572099 56 
1513 I 87574312 56 
1514 I 87740267 56 
1515 I 87743038 56 
1516 I 87744014 56 
1517 I 87848517 56 
1518 I 87909568 56 
1519 I 87912926 56 
1520 I 87915998 56 
1521 I 88079312 56 
1522 I 88083157 56 
1523 I 88086013 56 
1524 I 88086677 56 
1525 I 88248673 56 
1526 I 88252126 56 
1527 I 88254855 68 
1528 I 88255007 68 
1529 I 88255272 56 
1530 I 88327858 466 
1531 I 88500184 56 
1532 I 88500189 56 
1533 I 88500341 56 
1534 I 88500746 56 
1535 I 88670518 56 
1536 I 88670611 68 
1537 I 88670616 56 
1538 I 88670645 56 
1539 I 88670656 56 
1540 I 88671005 56 
1541 I 88779207 56 
1542 I 88839182 56 
1543 I 88948416 56 
1544 I 89008383 56 
1545 I 89118383 56 
1546 I 89178789 56 
1547 I 89286660 56 
1548 I 89348203 56 
1549 I 89455943 56 
1550 I 89518011 56 
1551 I 89618539 56 
1552 I 89624944 56 
1553 I 89690442 56 
1554 I 89793775 56 
1555 I 89794521 56 
1556 I 89861057 56 
1557 I 89963021 56 
1558 I 89963462 56 
1559 I 90030904 56 
1560 I 90030906 68 
1561 I 90030965 56 
1562 I 90069661 466 
1563 I 90241140 56 
1564 I 90411310 56 
1565 I 90518585 56 
1566 I 90580202 56 
1567 I 90750260 56 
1568 I 90750787 56 
1569 I 90919469 56 
1570 I 90919813 56 
1571 I 91089064 56 
1572 I 91089069 56 
1573 I 91199313 56 
1574 I 91290604 56 
1575 I 91290619 56 
1576 I 91461759 56 
1577 I 91461940 56 
1578 I 91569227 56 
1579 I 91632890 56 
1580 I 91632905 56 
1581 I 91740812 56 
1582 I 91803431 56 
1583 I 91803432 56 
1584 I 91909875 56 
1585 I 91974697 56 
1586 I 91974776 56 
1587 I 91974779 56 
1588 I 92079416 56 
1589 I 92145314 56 
1590 I 92145330 56 
1591 I 92145342 56 
1592 I 92248898 56 
1593 I 92318927 68 
1594 I 92318949 68 
1595 I 92318957 56 
1596 I 92392112 466 
1597 I 92567307 56 
1598 I 92738307 56 
1599 I 92839007 56 
1600 I 92907362 56 
1601 I 93011755 56 
1602 I 93080152 56 
1603 I 93184388 56 
1604 I 93250739 56 
1605 I 93353810 56 
1606 I 93421660 56 
1607 I 93522741 56 
1608 I 93590472 56 
1609 I 93692003 56 
1610 I 93761279 56 
1611 I 93865117 56 
1612 I 93865552 56 
1613 I 93932002 56 
1614 I 94035994 56 
1615 I 94036952 56 
1616 I 94101616 56 
1617 I 94207900 56 
1618 I 94208761 56 
1619 I 94270910 56 
1620 I 94271176 56 
1621 I 94377133 56 
1622 I 94377148 56 
1623 I 94440707 56 
1624 I 94545931 68 
1625 I 94546074 68 
1626 I 94546576 56 
1627 I 94571990 467 
1628 I 94746423 56 
1629 I 94916942 56 
1630 I 94916960 56 
1631 I 94918348 56 
1632 I 94918383 56 
1633 I 95089469 56 
1634 I 95089485 56 
1635 I 95089492 68 
1636 I 95089499 56 
1637 I 95089505 56 
1638 I 95089659 56 
1639 I 95199274 56 
1640 I 95261244 56 
1641 I 95431666 56 
1642 I 95538815 56 
1643 I 95601895 56 
1644 I 95708666 56 
1645 I 95773522 56 
1646 I 95878744 56 
1647 I 95943469 56 
1648 I 95943642 56 
1649 I 96114014 56 
1650 I 96115827 56 
1651 I 96218836 56 
1652 I 96282618 56 
1653 I 96283113 56 
1654 I 96285190 56 
1655 I 96389866 56 
1656 I 96454805 56 
1657 I 96455341 56 
1658 I 96559475 56 
1659 I 96624527 56 
1660 I 96624539 68 
1661 I 96624545 56 
1662 I 96703285 468 
1663 I 96876937 56 
1664 I 96876950 56 
1665 I 96877289 56 
1666 I 96979811 56 
1667 I 97047066 56 
1668 I 97047578 56 
1669 I 97048283 56 
1670 I 97148513 56 
1671 I 97217260 56 
1672 I 97217266 56 
1673 I 97219124 56 
1674 I 97318629 56 
1675 I 97387077 56 
1676 I 97388772 56 
1677 I 97388773 56 
1678 I 97488529 56 
1679 I 97556670 56 
1680 I 97558565 56 
1681 I 97559290 56 
1682 I 97657031 56 
1683 I 97731907 56 
1684 I 97732788 56 
1685 I 97733016 56 
1686 I 97733024 56 
1687 I 97826563 56 
1688 I 97903004 56 
1689 I 97903012 56 
1690 I 97903350 56 
1691 I 97903358 56 
1692 I 97996539 56 
1693 I 97996555 56 
1694 I 98015704 468 
1695 I 98187685 56 
1696 I 98188666 56 
1697 I 98189494 56 
1698 I 98189544 56 
1699 I 98189557 56 
1700 I 98299519 56 
1701 I 98358631 56 
1702 I 98361033 56 
1703 I 98361044 56 
1704 I 98361325 56 
1705 I 98361654 56 
1706 I 98528026 56 
1707 I 98529652 56 
1708 I 98530533 56 
1709 I 98530907 56 
1710 I 98532640 56 
1711 I 98640278 56 
1712 I 98699273 56 
1713 I 98699634 56 
1714 I 98699995 56 
1715 I 98700368 68 
1716 I 98700373 56 
1717 I 98700405 56 
1718 I 98702004 56 
1719 I 98868991 56 
1720 I 98868995 56 
1721 I 98868999 56 
1722 I 98870899 56 
1723 I 98870922 56 
1724 I 98870929 56 
1725 I 98872114 56 
1726 I 99038900 56 
1727 I 99038960 56 
1728 I 99039025 56 
1729 I 99078917 468 
1730 I 99250034 56 
1731 I 99250036 56 
1732 I 99250666 56 
1733 I 99250841 56 
1734 I 99251024 56 
1735 I 99251075 56 
1736 I 99420546 56 
1737 I 99421120 56 
1738 I 99421391 56 
1739 I 99421581 56 
1740 I 99423032 56 
1741 I 99423323 56 
1742 I 99589485 56 
1743 I 99589596 56 
1744 I 99591106 56 
1745 I 99591183 56 
1746 I 99591812 56 
1747 I 99592781 56 
1748 I 99759434 56 
1749 I 99759712 56 
1750 I 99761054 56 
1751 I 99761257 56 
1752 I 99761382 56 
1753 I 99762681 56 
1754 I 99869381 56 
1755 I 99929832 56 
1756 I 99929894 56 
1757 I 99931369 56 
1758 I 99931369 68 
1759 I 99931431 56 
1760 I 100011970 468 
1761 I 100184058 56 
1762 I 100184359 56 
1763 I 100184821 56 
1764 I 100184900 68 
1765 I 100185075 56 
1766 I 100185077 56 
1767 I 100185352 68 
1768 I 100185716 68 
1769 I 100185743 56 
1770 I 100185766 56 
1771 I 100354907 56 
1772 I 100354907 56 
1773 I 100524583 56 
1774 I 100524963 56 
1775 I 100694887 56 
1776 I 100695052 56 
1777 I 100864545 56 
1778 I 100864549 56 
1779 I 100969276 56 
1780 I 101033576 56 
1781 I 101034135 56 
1782 I 101203918 56 
1783 I 101204281 56 
1784 I 101204452 56 
1785 I 101374651 56 
1786 I 101374992 56 
1787 I 101375262 56 
1788 I 101542953 56 
1789 I 101544142 56 
1790 I 101544447 56 
1791 I 101544759 56 
1792 I 101648988 56 
1793 I 101713526 56 
1794 I 101713681 56 
1795 I 101763078 468 
1796 I 101935217 56 
1797 I 101935568 56 
1798 I 101935832 56 
1799 I 101936327 56 
1800 I 102105230 56 
1801 I 102105427 56 
1802 I 102105669 56 
1803 I 102106514 56 
1804 I 102274556 56 
1805 I 102274993 56 
1806 I 102275310 56 
1807 I 102276047 56 
1808 I 102445203 56 
1809 I 102445771 56 
1810 I 102445952 56 
1811 I 102446416 56 
1812 I 102549727 56 
1813 I 102614965 56 
1814 I 102615474 56 
1815 I 102615920 56 
1816 I 102617242 56 
1817 I 102783977 56 
1818 I 102784402 56 
1819 I 102785848 56 
1820 I 102786126 56 
1821 I 102786291 56 
1822 I 102787361 56 
1823 I 102952737 56 
1824 I 103029730 468 
1825 I 103202379 56 
1826 I 103203021 56 
1827 I 103203948 56 
1828 I 103204692 68 
1829 I 103204698 56 
1830 I 103204917 56 
1831 I 103204917 56 
1832 I 103389219 56 
1833 I 103389237 56 
1834 I 103389365 56 
1835 I 103389406 56 
1836 I 103389414 56 
1837 I 103489721 56 
1838 I 103559820 56 
1839 I 103559823 56 
1840 I 103560064 56 
1841 I 103560313 56 
1842 I 103560598 56 
1843 I 103658052 56 
1844 I 103730157 56 
1845 I 103730353 56 
1846 I 103730721 56 
1847 I 103731043 56 
1848 I 103731715 56 
1849 I 103828065 56 
1850 I 103901989 56 
1851 I 103902391 56 
1852 I 103902600 56 
1853 I 103902757 56 
1854 I 103902788 68 
1855 I 103903998 56 
1856 I 103946600 468 
1857 I 104118664 56 
1858 I 104119065 56 
1859 I 104119357 56 
1860 I 104119439 56 
1861 I 104119953 56 
1862 I 104119993 56 
1863 I 104289042 56 
1864 I 104289482 56 
1865 I 104289640 56 
1866 I 104290075 56 
1867 I 104290326 56 
1868 I 104290509 56 
1869 I 104460800 56 
1870 I 104460800 56 
1871 I 104461183 56 
1872 I 104461433 68 
1873 I 104461487 56 
1874 I 104461489 56 
1875 I 104461685 56 
1876 I 104462009 56 
1877 I 104630564 56 
1878 I 104630715 56 
1879 I 104630966 56 
1880 I 104801368 56 
1881 I 104801403 56 
1882 I 104970970 56 
1883 I 104972248 56 
1884 I 105079684 56 
1885 I 105140061 56 
1886 I 105141891 56 
1887 I 105309965 56 
1888 I 105311024 56 
1889 I 105387967 468 
1890 I 105561069 56 
1891 I 105561453 56 
1892 I 105561968 56 
1893 I 105731376 56 
1894 I 105731382 56 
1895 I 105731554 56 
1896 I 105902944 56 
1897 I 105902955 56 
1898 I 105902955 56 
1899 I 106009392 56 
1900 I 106074590 56 
1901 I 106074590 56 
1902 I 106074735 56 
1903 I 106244384 56 
1904 I 106244742 56 
1905 I 106245334 68 
1906 I 106245335 56 
1907 I 106245336 56 
1908 I 106349265 56 
1909 I 106414787 56 
1910 I 106415442 56 
1911 I 106416019 56 
1912 I 106586188 56 
1913 I 106586785 56 
1914 I 106755092 56 
1915 I 106756637 56 
1916 I 106924821 56 
1917 I 106925268 56 
1918 I 106925401 56 
1919 I 107094972 56 
1920 I 107094974 56 
1921 I 107199380 56 
1922 I 107265205 56 
1923 I 107266156 56 
1924 I 107369720 56 
1925 I 107434005 56 
1926 I 107515494 468 
1927 I 107687157 56 
1928 I 107687724 56 
1929 I 107687872 56 
1930 I 107861574 56 
1931 I 107861585 56 
1932 I 107861801 56 
1933 I 107970397 56 
1934 I 108031429 56 
1935 I 108031731 56 
1936 I 108032217 56 
1937 I 108200994 56 
1938 I 108201272 56 
1939 I 108201577 56 
1940 I 108202380 56 
1941 I 108371159 56 
1942 I 108371556 56 
1943 I 108371986 56 
1944 I 108372930 56 
1945 I 108541400 56 
1946 I 108542079 56 
1947 I 108542303 56 
1948 I 108543119 56 
1949 I 108650270 56 
1950 I 108712093 56 
1951 I 108712474 56 
1952 I 108713082 56 
1953 I 108713700 56 
1954 I 108819603 56 
1955 I 108882322 56 
1956 I 108884041 56 
1957 I 108884421 56 
1958 I 108884755 56 
1959 I 108988335 56 
1960 I 109052333 56 
1961 I 109075554 468 
1962 I 109249468 56 
1963 I 109250666 56 
1964 I 109419492 56 
1965 I 109419494 56 
1966 I 109419508 56 
1967 I 109421225 56 
1968 I 109421585 56 
1969 I 109590275 56 
1970 I 109590313 56 
1971 I 109591747 56 
1972 I 109591968 56 
1973 I 109592115 56 
1974 I 109700083 56 
1975 I 109760218 56 
1976 I 109760611 56 
1977 I 109761673 56 
1978 I 109761910 56 
1979 I 109763748 56 
1980 I 109930748 56 
1981 I 109930902 56 
1982 I 109931441 56 
1983 I 109931442 56 
1984 I 109932291 56 
1985 I 109932842 56 
1986 I 109934408 56 
1987 I 110099996 56 
1988 I 110100149 56 
1989 I 110102138 56 
1990 I 110102993 56 
1991 I 110104793 56 
1992 I 110105017 56 
1993 I 110268757 68 
1994 I 110268974 56 
1995 I 110325638 468 
1996 I 110497558 56 
1997 I 110497965 56 
1998 I 110497965 56 
1999 I 110498073 56 
2000 I 110498748 56 
2001 I 110499576 56 
2002 I 110666790 56 
2003 I 110667595 56 
2004 I 110667787 56 
2005 I 110668119 56 
2006 I 110668613 56 
2007 I 110669067 56 
2008 I 110836939 56 
2009 I 110837974 56 
2010 I 110838189 56 
2011 I 110838475 56 
2012 I 110839146 56 
2013 I 110845742 56 
2014 I 111008219 56 
2015 I 111008223 56 
2016 I 111008509 56 
2017 I 111008918 56 
2018 I 111009558 56 
2019 I 111014982 56 
2020 I 111119905 56 
2021 I 111177872 56 
2022 I 111178409 56 
2023 I 111178414 56 
2024 I 111179247 56 
2025 I 111183328 56 
2026 I 111289408 56 
2027 I 111348586 56 
2028 I 111349051 56 
2029 I 111349100 56 
2030 I 111349318 56 
2031 I 111351548 68 
2032 I 111351918 56 
2033 I 111449445 468 
2034 I 111619735 56 
2035 I 111789250 56 
2036 I 111889821 56 
2037 I 111960036 56 
2038 I 112129487 56 
2039 I 112129511 56 
2040 I 112298493 56 
2041 I 112298611 56 
2042 I 112469257 56 
2043 I 112469271 56 
2044 I 112569816 56 
2045 I 112638443 56 
2046 I 112639032 56 
2047 I 112807359 56 
2048 I 112807817 56 
2049 I 112909929 56 
2050 I 112976838 56 
2051 I 112977386 56 
2052 I 113078075 56 
2053 I 113147207 56 
2054 I 113147415 56 
2055 I 113250035 56 
2056 I 113317819 56 
2057 I 113318281 56 
2058 I 113318293 56 
2059 I 113420650 56 
2060 I 113488107 56 
2061 I 113488111 56 
2062 I 113488118 56 
2063 I 113657025 56 
2064 I 113657282 56 
2065 I 113657817 56 
2066 I 113658066 56 
2067 I 113826971 56 
2068 I 113827601 56 
2069 I 113827828 56 
2070 I 113828185 68 
2071 I 113828308 56 
2072 I 113883249 468 
2073 I 114055492 68 
2074 I 114055631 56 
2075 I 114055639 56 
2076 I 114056111 68 
2077 I 114056112 56 
2078 I 114056112 56 
2079 I 114056256 68 
2080 I 114056256 56 
2081 I 114056256 56 
2082 I 114056690 56 
2083 I 114225403 56 
2084 I 114225866 56 
2085 I 114330374 56 
2086 I 114395839 56 
2087 I 114499068 56 
2088 I 114566984 56 
2089 I 114667711 56 
2090 I 114736322 56 
2091 I 114838643 56 
2092 I 114906049 56 
2093 I 115007901 56 
2094 I 115074912 56 
2095 I 115177660 56 
2096 I 115244988 56 
2097 I 115348706 56 
2098 I 115348911 56 
2099 I 115414073 56 
2100 I 115519632 56 
2101 I 115519692 56 
2102 I 115583606 56 
2103 I 115689258 56 
2104 I 115689759 56 
2105 I 115689987 56 
2106 I 115859453 56 
2107 I 115859620 68 
2108 I 115859778 56 
2109 I 115859778 56 
2110 I 115859903 56 
2111 I 116030145 56 
2112 I 116030771 56 
2113 I 116031408 56 
2114 I 116031409 56 
2115 I 116199587 56 
2116 I 116261759 468 
2117 I 116433757 56 
2118 I 116434196 56 
2119 I 116434468 56 
2120 I 116435028 56 
2121 I 116603922 56 
2122 I 116603952 56 
2123 I 116604390 56 
2124 I 116605093 56 
2125 I 116710008 56 
2126 I 116776329 56 
2127 I 116776335 56 
2128 I 116776756 56 
2129 I 116777073 56 
2130 I 116945742 56 
2131 I 116946034 56 
2132 I 116946482 56 
2133 I 116947111 56 
2134 I 116947217 56 
2135 I 117115720 56 
2136 I 117116095 56 
2137 I 117116096 56 
2138 I 117118008 56 
2139 I 117118023 56 
2140 I 117285023 56 
2141 I 117285650 56 
2142 I 117285723 56 
2143 I 117285860 56 
2144 I 117288034 56 
2145 I 117288180 56 
2146 I 117390033 56 
2147 I 117455462 68 
2148 I 117456193 56 
2149 I 117456196 56 
2150 I 117456198 56 
2151 I 117457673 56 
2152 I 117457955 56 
2153 I 117560195 56 
2154 I 117625019 56 
2155 I 117626749 68 
2156 I 117626780 56 
2157 I 117697760 468 
2158 I 117870344 56 
2159 I 118039717 56 
2160 I 118149902 56 
2161 I 118209725 56 
2162 I 118379439 56 
2163 I 118379607 56 
2164 I 118548933 56 
2165 I 118549254 56 
2166 I 118718543 56 
2167 I 118719404 56 
2168 I 118819890 56 
2169 I 118888392 56 
2170 I 118890912 56 
2171 I 119058401 56 
2172 I 119060157 56 
2173 I 119170960 56 
2174 I 119227968 56 
2175 I 119229141 56 
2176 I 119330743 56 
2177 I 119398305 56 
2178 I 119398701 56 
2179 I 119499949 56 
2180 I 119568349 56 
2181 I 119569498 56 
2182 I 119669811 56 
2183 I 119670159 56 
2184 I 119738130 56 
2185 I 119739596 56 
2186 I 119839931 56 
2187 I 119906882 56 
2188 I 119907166 56 
2189 I 119909176 56 
2190 I 120008878 56 
2191 I 120077132 56 
2192 I 120077505 56 
2193 I 120078046 56 
2194 I 120180536 56 
2195 I 120180575 56 
2196 I 120612385 468 
2197 I 120784608 56 
2198 I 120785185 56 
2199 I 120785451 56 
2200 I 120785902 56 
2201 I 120890904 56 
2202 I 120962490 56 
2203 I 120962495 56 
2204 I 120962700 56 
2205 I 120962709 56 
2206 I 121133774 56 
2207 I 121133774 56 
2208 I 121134253 56 
2209 I 121135004 56 
2210 I 121135232 56 
2211 I 121303795 56 
2212 I 121305155 56 
2213 I 121305156 56 
2214 I 121305161 56 
2215 I 121305171 56 
2216 I 121474425 56 
2217 I 121475492 56 
2218 I 121475531 56 
2219 I 121475765 56 
2220 I 121475806 56 
2221 I 121476074 56 
2222 I 121580500 56 
2223 I 121645765 56 
2224 I 121646362 56 
2225 I 121646458 56 
2226 I 121646699 56 
2227 I 121646720 56 
2228 I 121817794 56 
2229 I 121817856 56 
2230 I 121817893 56 
2231 I 121817935 56 
2232 I 121818054 56 
2233 I 121884435 468 
2234 I 122055719 56 
2235 I 122056001 56 
2236 I 122056004 56 
2237 I 122056387 56 
2238 I 122056759 56 
2239 I 122056807 56 
2240 I 122226345 56 
2241 I 122226692 56 
2242 I 122227168 56 
2243 I 122227491 56 
2244 I 122228162 56 
2245 I 122228171 56 
2246 I 122395498 56 
2247 I 122395754 56 
2248 I 122397705 56 
2249 I 122397813 56 
2250 I 122398858 56 
2251 I 122405003 56 
2252 I 122565611 56 
2253 I 122565782 56 
2254 I 122566972 56 
2255 I 122567090 56 
2256 I 122567912 56 
2257 I 122574535 56 
2258 I 122680712 56 
2259 I 122735249 56 
2260 I 122735620 56 
2261 I 122737970 56 
2262 I 122738266 68 
2263 I 122738271 56 
2264 I 122738279 56 
2265 I 122747591 56 
2266 I 122849987 56 
2267 I 122906199 56 
2268 I 122906316 56 
2269 I 122907892 56 
2270 I 123078065 56 
2271 I 123147114 468 
2272 I 123319139 56 
2273 I 123489422 56 
2274 I 123489656 56 
2275 I 123659288 56 
2276 I 123660497 56 
2277 I 123770205 56 
2278 I 123830293 56 
2279 I 123830528 56 
2280 I 123999703 56 
2281 I 124000167 56 
2282 I 124001034 56 
2283 I 124168338 56 
2284 I 124169450 56 
2285 I 124169717 56 
2286 I 124337871 56 
2287 I 124338865 56 
2288 I 124339163 56 
2289 I 124440354 56 
2290 I 124506849 56 
2291 I 124509202 56 
2292 I 124509236 56 
2293 I 124675793 56 
2294 I 124678362 56 
2295 I 124678507 56 
2296 I 124678910 56 
2297 I 124781082 56 
2298 I 124845469 56 
2299 I 124849139 56 
2300 I 124849147 56 
