0 I 0 52 
1 I 569771 44 
2 I 579113 502 
3 I 1169403 44 
4 I 1750825 44 
5 I 1774095 52 
6 I 1891487 44 
7 I 2347841 44 
8 I 2499345 44 
9 I 2745975 299 
10 I 4731943 52 
11 I 5388920 44 
12 I 5397120 299 
13 I 5633769 299 
14 I 11331309 299 
15 I 11430931 299 
16 I 12126472 44 
17 I 12701932 56 
18 I 13286811 56 
19 I 13898950 44 
20 I 14339101 262 
21 I 14955552 56 
22 I 15546697 56 
23 I 16131248 44 
24 I 16716058 56 
25 I 17293203 56 
26 I 24305200 295 
27 I 24873827 56 
28 I 24888167 44 
29 I 26123110 513 
30 I 26715481 44 
31 I 26726638 510 
32 I 27299830 56 
33 I 27313887 44 
34 I 27326755 514 
35 I 27928904 44 
36 I 27937064 305 
37 I 28715624 44 
38 I 29331755 44 
39 I 30059821 44 
40 I 30164822 305 
41 I 30743497 56 
42 I 31332581 56 
43 I 36944919 44 
44 I 37544432 302 
45 I 38170576 44 
46 I 38775910 56 
47 I 39946872 308 
48 I 40619843 44 
49 I 41279937 44 
50 I 41893187 44 
51 I 42257436 44 
52 I 42263081 267 
53 I 42480126 56 
54 I 42494384 56 
55 I 42846135 380 
56 I 43081926 44 
57 I 44673117 380 
58 I 46191717 44 
59 I 46201903 52 
60 I 46566772 44 
61 I 47264235 44 
62 I 47821565 56 
63 I 48369741 56 
64 I 48917984 44 
65 I 49168071 52 
66 I 49473504 56 
67 I 49666740 44 
68 I 49675008 380 
69 I 50026966 56 
70 I 50241463 44 
71 I 50581144 44 
72 I 50676825 44 
73 I 50698356 52 
74 I 50803531 44 
75 I 50810441 307 
76 I 51230715 44 
77 I 51235974 266 
78 I 51351926 56 
79 I 51365960 56 
80 I 51881289 56 
81 I 51966519 44 
82 I 52431820 44 
83 I 54701063 44 
84 I 55200419 44 
85 I 55255556 269 
86 I 55364338 44 
87 I 57794261 269 
88 I 61490676 44 
89 I 89156952 386 
90 I 91994241 386 
91 I 93970151 44 
92 I 93978430 52 
93 I 95056462 44 
94 I 96887667 52 
95 I 97546127 44 
96 I 97554395 386 
97 I 98128099 44 
98 I 98674968 56 
99 I 98687117 44 
100 I 98693025 307 
101 I 99262217 44 
102 I 99285837 44 
103 I 99987391 44 
104 I 133863097 380 
105 I 134385524 44 
106 I 134388115 56 
107 I 134402995 44 
108 I 134470084 307 
109 I 134974401 56 
110 I 134986776 56 
111 I 135000780 64 
112 I 135478720 56 
113 I 142990583 56 
114 I 143484485 44 
115 I 143500816 44 
116 I 143975373 56 
117 I 143991186 44 
118 I 161937759 403 
119 I 164190908 403 
120 I 168788189 403 
121 I 169337017 44 
122 I 169981244 44 
123 I 175787119 44 
124 I 176336382 326 
125 I 176884611 44 
126 I 177385427 56 
127 I 179109102 44 
128 I 179781194 44 
129 I 188549769 44 
130 I 191021015 52 
131 I 193979634 52 
132 I 194550383 44 
133 I 194559438 433 
134 I 200486483 433 
135 I 200997287 44 
136 I 201681417 44 
137 I 205078251 416 
138 I 205596098 44 
139 I 206092060 56 
140 I 206595489 56 
141 I 207101498 44 
