0 I 0 1504 
1 I 19107042 1504 
2 I 19119965 1504 
3 I 19592907 52 
4 I 29229101 1504 
5 I 29235064 688 
6 I 29771636 1504 
7 I 29784907 1504 
8 I 29797958 1504 
9 I 30325450 1504 
10 I 30879799 1504 
11 I 30893178 1504 
12 I 31439345 1504 
13 I 31447827 936 
14 I 35200912 936 
15 I 41636520 936 
16 I 42338858 1504 
17 I 42352156 1504 
18 I 43218200 1504 
19 I 43742225 1504 
20 I 46169529 1504 
21 I 46695054 1504 
22 I 46708350 1504 
23 I 53008018 1504 
24 I 53645638 1504 
25 I 53658936 1504 
26 I 54199000 1504 
27 I 54212290 1504 
28 I 57131649 1504 
29 I 57682563 1504 
30 I 57695607 1504 
31 I 58245557 1504 
32 I 58258811 1504 
33 I 58824259 1504 
34 I 58837550 1504 
35 I 59386988 1504 
36 I 59400315 1504 
37 I 59413336 1504 
38 I 59949704 1504 
39 I 59963026 1504 
40 I 60080775 1504 
41 I 60086509 692 
42 I 62160440 1504 
43 I 62705450 1504 
44 I 62718751 1504 
45 I 63338947 692 
46 I 67385723 692 
47 I 75731490 692 
48 I 92530046 692 
49 I 93043997 1504 
50 I 93057267 1504 
51 I 93701273 1504 
52 I 95556350 1504 
53 I 99377871 1504 
54 I 99863220 1504 
55 I 99876489 1504 
56 I 107323274 1504 
57 I 107814808 1504 
58 I 107827849 1504 
59 I 108380486 1504 
60 I 108393802 1504 
61 I 108897125 1504 
62 I 108910442 1504 
63 I 108913994 368 
64 I 109405915 1504 
65 I 109894292 1504 
66 I 109907534 1504 
67 I 110394638 1504 
68 I 110889116 1504 
69 I 112453098 1504 
70 I 115672061 1504 
71 I 116176623 1504 
72 I 116189916 1504 
73 I 116681188 1504 
74 I 116694503 1504 
75 I 117184381 1504 
76 I 117197728 1504 
77 I 117695314 1504 
78 I 117708610 1504 
79 I 117721640 1504 
80 I 118990507 1504 
81 I 119755993 1504 
82 I 119769289 1504 
83 I 120242616 1504 
84 I 120255660 1504 
85 I 120725021 1504 
86 I 120738324 1504 
87 I 121373777 1504 
88 I 121387019 1504 
89 I 121845289 1504 
90 I 122503361 1504 
91 I 122516422 1504 
92 I 124324072 1504 
93 I 124776962 1504 
94 I 124790242 1504 
95 I 127608343 1504 
96 I 132571344 1504 
97 I 142930315 1504 
98 I 143420425 692 
99 I 144071533 1504 
100 I 144084848 1504 
101 I 144577586 1504 
102 I 144590909 1504 
103 I 145087605 1504 
104 I 145100957 1504 
105 I 145114224 1504 
106 I 145594145 1504 
107 I 145608720 1504 
108 I 145775500 1504 
109 I 146109108 1504 
110 I 146112544 368 
111 I 147054191 1504 
112 I 149065130 1504 
113 I 153090697 1504 
114 I 153600583 1504 
115 I 153613772 1504 
116 I 161438995 1504 
117 I 162138701 1504 
118 I 162152019 1504 
119 I 162639081 1504 
120 I 162652136 1504 
121 I 163145387 1504 
122 I 163158707 1504 
123 I 163649738 1504 
124 I 163663031 1504 
125 I 163676337 1504 
126 I 164226240 1504 
127 I 164239539 1504 
128 I 164713145 1504 
129 I 164726168 1504 
130 I 164739506 1504 
131 I 165216192 1504 
132 I 165229576 1504 
133 I 165242807 1504 
134 I 165779903 1504 
135 I 165793236 1504 
136 I 166277598 1504 
137 I 166569303 1504 
138 I 168377499 1504 
139 I 168862392 692 
140 I 172294435 692 
141 I 179537243 692 
142 I 193932642 692 
143 I 194569692 1504 
144 I 194582983 1504 
145 I 195038300 1504 
146 I 195051700 1504 
147 I 195949197 1504 
148 I 197749202 1504 
149 I 198204746 1504 
150 I 198217807 1504 
151 I 201771310 1504 
152 I 202238943 1504 
153 I 202245678 746 
154 I 209369099 1504 
155 I 223698953 1504 
156 I 252566322 1504 
157 I 253025087 1504 
158 I 253038394 1504 
159 I 253495919 1504 
160 I 253509248 1504 
161 I 254377964 1504 
162 I 254833005 1504 
163 I 254846126 1504 
164 I 256591424 1504 
165 I 260110673 1504 
166 I 260733024 1504 
167 I 260746341 1504 
168 I 261217887 1504 
169 I 261231190 1504 
170 I 261701563 1504 
171 I 261714617 1504 
172 I 261718285 368 
173 I 263017184 368 
174 I 263482384 1504 
175 I 263495701 1504 
176 I 265242503 1504 
177 I 265719961 1504 
178 I 265733275 1504 
179 I 266206547 1504 
180 I 266219607 1504 
181 I 266688949 1504 
182 I 266702259 1504 
183 I 267171326 1504 
184 I 267184449 1504 
185 I 267197736 1504 
186 I 267951644 1504 
187 I 268058604 1504 
188 I 268417295 1504 
189 I 268430617 1504 
190 I 268667150 1504 
191 I 268680517 1504 
192 I 268893827 1504 
193 I 268907129 1504 
194 I 269125661 1504 
195 I 269575780 1504 
196 I 270032096 1504 
197 I 270493782 1504 
198 I 270507110 1504 
