0 I 0 52 
1 I 977756 44 
2 I 2033334 52 
3 I 5030950 52 
4 I 6026052 44 
5 I 7142941 44 
6 I 13818264 44 
7 I 20320124 44 
8 I 21271374 44 
9 I 21317850 44 
10 I 21324456 52 
11 I 22287593 44 
12 I 23953046 44 
13 I 23975702 44 
14 I 24000899 52 
15 I 24944630 44 
16 I 24978806 44 
17 I 25945866 44 
18 I 25953833 44 
19 I 26958388 44 
20 I 27146946 44 
21 I 27154528 44 
22 I 27953367 44 
23 I 28943636 44 
24 I 28949788 44 
25 I 28956512 44 
26 I 28962925 44 
27 I 28969500 52 
28 I 29896063 44 
29 I 29920853 44 
30 I 33987114 44 
31 I 35206417 44 
32 I 44546190 44 
33 I 44554057 44 
34 I 49585342 44 
35 I 49591535 44 
36 I 50517916 44 
37 I 50524534 44 
38 I 50663647 44 
39 I 50671833 44 
40 I 51470686 44 
41 I 51477385 44 
42 I 51632032 44 
43 I 52394014 44 
44 I 52401105 44 
45 I 54474752 44 
46 I 54481177 44 
47 I 55417523 44 
48 I 56397340 44 
49 I 59475186 44 
50 I 60480839 44 
51 I 62596555 44 
52 I 65573963 44 
53 I 66187455 44 
54 I 67079409 44 
55 I 70614120 44 
56 I 70814286 44 
57 I 71736377 44 
58 I 72667922 44 
59 I 73613725 44 
60 I 76417433 44 
61 I 76447985 44 
62 I 77396882 44 
63 I 77400873 44 
64 I 77461528 52 
65 I 78393553 44 
66 I 79107394 44 
67 I 79110333 44 
68 I 79117732 44 
69 I 80034733 44 
70 I 80042922 44 
71 I 81011761 44 
72 I 82080627 44 
73 I 86293281 44 
74 I 88618016 44 
75 I 89544294 44 
76 I 90462559 44 
77 I 90470488 44 
78 I 91419299 44 
79 I 92366612 44 
80 I 93300588 44 
81 I 94219108 44 
82 I 95194270 44 
83 I 95382522 44 
84 I 95383605 44 
85 I 95384984 44 
86 I 95386237 44 
87 I 95387571 44 
88 I 95388870 44 
89 I 95390090 44 
90 I 95391478 44 
91 I 101230916 44 
92 I 136866441 44 
93 I 137776971 44 
94 I 137778084 44 
95 I 164898011 44 
96 I 165793743 44 
97 I 165795307 44 
98 I 165801672 52 
99 I 168787068 52 
100 I 169694406 44 
101 I 169755148 44 
102 I 169857544 52 
103 I 170636823 52 
104 I 170745045 44 
105 I 171524481 44 
106 I 171930064 52 
107 I 172417486 44 
108 I 172805679 44 
109 I 173723898 44 
110 I 173725139 52 
111 I 174568051 44 
112 I 174574512 44 
113 I 174581156 44 
114 I 176732910 52 
115 I 177640770 44 
116 I 178087249 44 
117 I 178520419 44 
118 I 178553254 44 
119 I 178556203 52 
120 I 178942805 44 
121 I 178949645 44 
122 I 179418835 44 
123 I 180773916 44 
124 I 180788697 44 
125 I 180790232 52 
126 I 181630397 44 
127 I 181638632 44 
128 I 181762409 44 
129 I 190263840 44 
130 I 191292370 44 
131 I 191293457 44 
132 I 191299867 44 
133 I 191301383 44 
134 I 191305149 44 
135 I 191307047 44 
136 I 191309322 44 
137 I 191310677 44 
138 I 191312154 44 
139 I 191313188 44 
140 I 191318310 44 
141 I 191319928 44 
142 I 191321028 44 
143 I 191322340 44 
144 I 191324290 44 
145 I 191325197 44 
146 I 191326393 44 
147 I 191327893 44 
148 I 191329220 44 
149 I 192158814 44 
150 I 192424654 44 
151 I 211071549 44 
152 I 212131555 44 
153 I 212304019 44 
154 I 212305049 44 
