0 I 0 44 
1 I 29488 44 
2 I 63836 44 
3 I 101846 44 
4 I 341613 44 
5 I 376871 44 
6 I 450036 44 
7 I 573253 44 
8 I 718744 44 
9 I 729515 44 
10 I 937355 44 
11 I 999456 44 
12 I 1034320 44 
13 I 1120612 44 
14 I 1157028 44 
15 I 1271726 44 
16 I 1308505 44 
17 I 1375751 44 
18 I 1378655 44 
19 I 1390134 44 
20 I 1426299 44 
21 I 1531823 44 
22 I 1581577 44 
23 I 1593563 44 
24 I 1704048 52 
25 I 1812726 44 
26 I 1922003 44 
27 I 2010076 44 
28 I 2031196 44 
29 I 2045819 44 
30 I 2116705 44 
31 I 2197773 44 
32 I 2271217 44 
33 I 2468642 44 
34 I 2534040 44 
35 I 2569990 44 
36 I 2623384 44 
37 I 2671530 44 
38 I 3073281 44 
39 I 3109554 44 
40 I 3278657 44 
41 I 3337797 44 
42 I 3414631 44 
43 I 3450926 44 
44 I 3523892 44 
45 I 3599750 44 
46 I 3633310 44 
47 I 3704178 44 
48 I 3773062 44 
49 I 3845735 44 
50 I 3915902 44 
51 I 4066290 44 
52 I 4101070 44 
53 I 4109535 44 
54 I 4299424 44 
55 I 4334304 44 
56 I 4433122 44 
57 I 4545974 44 
58 I 4656333 44 
59 I 4672375 44 
60 I 4708511 44 
61 I 4971999 44 
62 I 5005660 44 
63 I 5093454 44 
64 I 5187551 44 
65 I 5270471 44 
66 I 5304926 44 
67 I 5313502 44 
68 I 5314630 44 
69 I 5316839 44 
70 I 5702587 44 
71 I 5739468 44 
72 I 5742716 44 
73 I 5940139 44 
74 I 6047405 44 
75 I 6082687 44 
76 I 6358219 44 
77 I 6464814 44 
78 I 6517029 44 
79 I 6520454 44 
80 I 6554273 44 
81 I 6635092 44 
82 I 6671442 44 
83 I 7023350 44 
84 I 7060240 44 
85 I 7062158 44 
86 I 7139443 44 
87 I 7175118 44 
88 I 7245328 44 
89 I 7300090 44 
90 I 7769367 44 
91 I 7827858 44 
92 I 7830037 44 
93 I 7884828 44 
94 I 7920814 44 
95 I 8108742 44 
96 I 8178498 44 
97 I 8267559 44 
98 I 8301988 44 
99 I 8432326 44 
100 I 8510768 44 
101 I 8547960 44 
102 I 8620388 44 
103 I 8654352 44 
104 I 8800146 44 
105 I 8812833 44 
106 I 8842206 44 
107 I 8967334 44 
108 I 9002312 44 
109 I 9032033 44 
110 I 9071936 44 
111 I 9451275 44 
112 I 9720329 44 
113 I 9757048 44 
114 I 9846245 44 
115 I 9881429 44 
116 I 10112938 44 
117 I 10125079 44 
118 I 10147605 44 
119 I 10218600 44 
120 I 10310298 44 
121 I 10343791 44 
122 I 10421690 44 
123 I 10457378 44 
124 I 10529571 44 
125 I 10634796 44 
126 I 10670121 44 
127 I 10769801 44 
128 I 10782064 44 
129 I 10782847 52 
130 I 10804233 44 
131 I 10891029 44 
132 I 11000294 44 
133 I 11110899 44 
134 I 11328265 44 
135 I 11464932 44 
136 I 11501722 44 
137 I 11767354 44 
138 I 11801405 44 
139 I 11872122 44 
140 I 12084337 44 
141 I 12204080 44 
142 I 12213507 44 
143 I 12312479 44 
144 I 12314079 44 
145 I 12341040 44 
146 I 12376860 44 
147 I 12422184 44 
148 I 12573743 44 
149 I 12579440 44 
150 I 12646178 44 
151 I 12720487 44 
152 I 12755787 44 
153 I 12829807 44 
154 I 12864591 44 
155 I 12934346 44 
156 I 13079976 44 
157 I 13153592 44 
158 I 13189418 44 
159 I 13299417 44 
160 I 13378484 44 
161 I 13413084 44 
162 I 13612125 44 
163 I 13648299 44 
164 I 13734921 44 
165 I 13819459 44 
166 I 14002599 44 
167 I 14037864 44 
168 I 14107331 44 
169 I 14144559 44 
170 I 14271578 44 
171 I 14308794 44 
172 I 14387434 44 
173 I 14390687 44 
174 I 14423002 44 
175 I 14494062 44 
176 I 14610709 44 
177 I 14644733 44 
178 I 14719366 44 
179 I 14828037 44 
180 I 14897978 44 
181 I 14902263 44 
182 I 14955172 44 
183 I 15082352 44 
184 I 15093061 52 
185 I 15114005 44 
186 I 15149419 44 
187 I 15156343 44 
188 I 15228559 44 
189 I 15264155 44 
190 I 15334352 44 
191 I 15371494 44 
192 I 15523273 44 
193 I 15559378 44 
194 I 15686201 44 
195 I 15812648 44 
196 I 16032469 44 
197 I 16069748 44 
198 I 16109436 44 
199 I 16141462 44 
200 I 16145499 44 
201 I 16179684 44 
202 I 16259343 44 
203 I 16291597 44 
204 I 16363279 44 
205 I 16439450 44 
206 I 16471994 44 
207 I 16474748 44 
208 I 16548723 44 
209 I 16687914 44 
210 I 16711818 44 
211 I 16749459 44 
212 I 16866605 44 
213 I 16904020 44 
214 I 16906211 44 
215 I 16907981 44 
216 I 17125213 44 
217 I 17173304 44 
218 I 17207839 44 
219 I 17278373 44 
220 I 17400446 44 
221 I 17436235 44 
222 I 17453403 44 
223 I 17459480 44 
224 I 17619376 44 
225 I 17700124 44 
226 I 17735879 44 
227 I 17848431 44 
228 I 17916479 44 
229 I 17949408 44 
230 I 18065208 44 
231 I 18100881 44 
232 I 18109807 44 
233 I 18310826 44 
234 I 18396344 44 
235 I 18437779 44 
236 I 18472055 44 
237 I 18579954 44 
238 I 18622693 44 
239 I 18655949 44 
240 I 18765456 44 
241 I 18782050 44 
242 I 18898060 44 
243 I 19014735 44 
244 I 19049475 44 
245 I 19050358 44 
246 I 19079494 44 
247 I 19145489 44 
248 I 19403478 44 
249 I 19437897 44 
250 I 19519363 44 
251 I 19597807 44 
252 I 19640648 44 
253 I 19689456 44 
254 I 19794717 44 
255 I 19860746 44 
256 I 19865525 44 
257 I 19952513 44 
258 I 20024589 44 
259 I 20187902 44 
260 I 20189411 44 
261 I 20342776 44 
262 I 20376838 44 
263 I 20406203 44 
264 I 20516108 44 
265 I 20587886 44 
266 I 20641615 44 
267 I 20711809 44 
268 I 20829995 44 
269 I 20843516 44 
270 I 20864271 44 
271 I 20899435 44 
272 I 20949895 44 
273 I 21029551 44 
274 I 21219297 44 
275 I 21254193 44 
276 I 21327434 44 
277 I 21362925 44 
278 I 21489340 44 
279 I 21525553 44 
280 I 21603181 44 
281 I 21609724 44 
282 I 21828166 44 
283 I 21916446 52 
284 I 22212380 44 
285 I 22266055 44 
286 I 22319364 44 
287 I 22353182 44 
288 I 22388675 44 
289 I 22459836 44 
290 I 22551743 44 
291 I 22594076 44 
292 I 22660484 44 
293 I 22695355 44 
294 I 22703603 44 
295 I 22774955 44 
296 I 22835046 44 
297 I 22906064 44 
298 I 22994306 44 
299 I 23031394 44 
300 I 23151373 44 
301 I 23189380 44 
302 I 23228493 44 
303 I 23251035 44 
304 I 23299972 44 
305 I 23372244 44 
306 I 23409697 44 
307 I 23425481 44 
308 I 23511772 44 
309 I 23545640 44 
310 I 23797081 44 
311 I 23850418 44 
312 I 23885910 44 
313 I 23996980 44 
314 I 24033776 44 
315 I 24104061 44 
316 I 24125367 44 
317 I 24177359 44 
318 I 24213097 44 
319 I 24282831 44 
320 I 24414632 44 
321 I 24449631 44 
322 I 24453198 44 
323 I 24459317 44 
324 I 24533999 44 
325 I 24547900 52 
326 I 24567868 44 
327 I 24699321 44 
328 I 24733958 44 
329 I 24781022 44 
330 I 24789704 44 
331 I 24812328 44 
332 I 24846942 44 
333 I 24920587 44 
334 I 24959281 44 
335 I 25042667 44 
336 I 25079358 44 
337 I 25155420 44 
338 I 25232106 44 
339 I 25270751 44 
340 I 25357002 44 
341 I 25393658 44 
342 I 25462914 44 
343 I 25533190 44 
344 I 25661312 44 
345 I 25699276 44 
346 I 25766253 44 
347 I 25769519 44 
348 I 25804992 44 
349 I 25880348 44 
350 I 25916039 44 
351 I 26036463 44 
352 I 26071657 44 
353 I 26094371 44 
354 I 26144990 44 
355 I 26244180 44 
356 I 26312995 44 
357 I 26331308 44 
358 I 26364995 44 
359 I 26476704 44 
360 I 26512676 44 
361 I 26532855 44 
362 I 26640717 44 
363 I 26676495 44 
364 I 26749824 44 
365 I 26768683 44 
366 I 26803160 44 
367 I 26859414 44 
368 I 26872521 44 
369 I 26962174 44 
370 I 26997622 44 
371 I 27071228 44 
372 I 27078016 44 
373 I 27105653 44 
374 I 27176511 44 
375 I 27270675 44 
376 I 27305181 44 
377 I 27376473 44 
378 I 27406546 44 
379 I 27488703 44 
380 I 27523939 44 
381 I 27570780 44 
382 I 27648743 44 
383 I 27686752 44 
384 I 27734967 52 
385 I 27770894 44 
386 I 27806901 44 
387 I 27843940 44 
388 I 27857681 44 
389 I 27931886 44 
390 I 28012035 44 
391 I 28047733 44 
392 I 28121846 44 
393 I 28155634 44 
394 I 28226583 44 
395 I 28262339 44 
396 I 28332997 44 
397 I 28350889 44 
398 I 28480397 44 
399 I 28516110 44 
400 I 28570074 44 
401 I 28645932 44 
402 I 28681070 44 
403 I 28719316 44 
404 I 28763168 44 
405 I 28795641 44 
406 I 28869765 44 
407 I 28905581 44 
408 I 28977300 44 
409 I 29051603 44 
410 I 29070872 44 
411 I 29161497 44 
412 I 29195124 44 
413 I 29301399 44 
414 I 29337349 44 
415 I 29372841 44 
416 I 29398564 44 
417 I 29472523 44 
418 I 29645236 44 
419 I 29681450 44 
420 I 29703585 44 
421 I 29709481 44 
422 I 29751423 44 
423 I 29859316 44 
424 I 29921985 44 
425 I 29931194 44 
426 I 29966747 44 
427 I 30015135 44 
428 I 30092750 44 
429 I 30167297 44 
430 I 30239965 44 
431 I 30273276 44 
432 I 30401986 44 
433 I 30469406 44 
434 I 30472594 44 
435 I 30546969 44 
436 I 30602042 44 
437 I 30672763 44 
438 I 30766101 44 
439 I 30799481 44 
440 I 30819369 44 
441 I 30927144 44 
442 I 30996178 44 
443 I 31016175 44 
444 I 31088003 44 
445 I 31121906 44 
446 I 31125395 44 
447 I 31239785 44 
448 I 31275551 44 
449 I 31343892 44 
450 I 31350304 44 
451 I 31388231 44 
452 I 31563101 44 
453 I 31709618 44 
454 I 31744520 44 
455 I 31819502 44 
456 I 31856007 44 
457 I 31929378 44 
458 I 31964444 44 
459 I 32057973 44 
460 I 32095959 44 
461 I 32109676 44 
462 I 32172949 44 
463 I 32210407 44 
464 I 32279492 44 
465 I 32314374 44 
466 I 32385193 44 
467 I 32483246 44 
468 I 32518602 44 
469 I 32548124 44 
470 I 32624841 44 
471 I 32692011 44 
472 I 32766130 44 
473 I 32842989 44 
474 I 32875539 44 
475 I 32878568 44 
476 I 32880329 44 
477 I 32953173 44 
478 I 32988596 44 
479 I 33065746 44 
480 I 33101739 44 
481 I 33287488 44 
482 I 33357506 44 
483 I 33394187 44 
484 I 33531506 44 
485 I 33612177 44 
486 I 33695994 44 
487 I 33761375 44 
488 I 33797051 44 
489 I 33842252 44 
490 I 33877422 44 
491 I 33892113 44 
492 I 33893240 52 
493 I 33910833 44 
494 I 33993989 44 
495 I 34028308 44 
496 I 34142936 44 
497 I 34176439 44 
498 I 34188204 44 
499 I 34257576 44 
500 I 34292014 44 
501 I 34373657 44 
502 I 34408391 44 
503 I 34456114 44 
504 I 34458426 44 
505 I 34501108 44 
506 I 34502851 44 
507 I 34516445 44 
508 I 34537116 44 
509 I 34571768 44 
510 I 34649401 44 
511 I 34684558 44 
512 I 34758543 44 
513 I 34793536 44 
514 I 34950456 44 
515 I 34984120 44 
516 I 34986430 44 
517 I 34987715 44 
518 I 35066612 44 
519 I 35141927 44 
520 I 35177715 44 
521 I 35249244 44 
522 I 35319208 44 
523 I 35396409 44 
524 I 35430739 44 
525 I 35505951 44 
526 I 35598468 44 
527 I 35632829 44 
528 I 35704945 44 
529 I 35785806 44 
530 I 35864226 44 
531 I 35898533 44 
532 I 35973055 44 
533 I 36007321 44 
534 I 36087422 44 
535 I 36121810 44 
536 I 36202493 44 
537 I 36237743 44 
538 I 36320264 44 
539 I 36390151 44 
540 I 36461195 44 
541 I 36555081 44 
542 I 36589370 44 
543 I 36624351 44 
544 I 36673560 44 
545 I 36749513 44 
546 I 36820020 44 
547 I 36855493 44 
548 I 36925393 44 
549 I 37009212 44 
550 I 37043380 44 
551 I 37127561 44 
552 I 37141067 44 
553 I 37246675 44 
554 I 37281780 44 
555 I 37319443 44 
556 I 37369362 44 
557 I 37397256 44 
558 I 37507550 44 
559 I 37540806 44 
560 I 37649561 44 
561 I 37685252 44 
562 I 37687913 44 
563 I 37756853 44 
564 I 37830103 44 
565 I 37866775 44 
566 I 37993439 44 
567 I 38030932 44 
568 I 38102868 44 
569 I 38187891 44 
570 I 38265473 44 
571 I 38299186 44 
572 I 38421391 44 
573 I 38492301 44 
574 I 38535221 44 
575 I 38562942 44 
576 I 38604484 44 
577 I 38681937 44 
578 I 38719988 44 
579 I 38799247 44 
580 I 38834737 44 
581 I 38891168 44 
582 I 38916300 44 
583 I 38952424 44 
584 I 39109972 44 
585 I 39171053 44 
586 I 39196875 44 
587 I 39219314 44 
588 I 39220517 44 
589 I 39265989 52 
590 I 39275031 44 
591 I 39309788 44 
592 I 39419282 44 
593 I 39454713 44 
594 I 39524521 44 
595 I 39547406 44 
596 I 39605786 44 
597 I 39640722 44 
598 I 39711798 44 
599 I 39786707 44 
600 I 39820604 44 
601 I 39899481 44 
602 I 39933992 44 
603 I 39985719 52 
604 I 40015505 44 
605 I 40052289 44 
606 I 40140534 44 
607 I 40176981 44 
608 I 40203833 44 
609 I 40246496 44 
610 I 40317298 44 
611 I 40353268 44 
612 I 40359346 44 
613 I 40436326 44 
614 I 40469931 44 
615 I 40550092 44 
616 I 40576869 44 
617 I 40662587 44 
618 I 40699301 44 
619 I 40769288 44 
620 I 40804971 44 
621 I 40884484 44 
622 I 40919638 44 
623 I 40995905 44 
624 I 41032542 44 
625 I 41067539 44 
626 I 41149226 44 
627 I 41184809 44 
628 I 41188032 44 
629 I 41265974 44 
630 I 41301238 44 
631 I 41373875 44 
632 I 41409292 44 
633 I 41491340 44 
634 I 41562789 44 
635 I 41579427 44 
636 I 41650297 44 
637 I 41676606 44 
638 I 41734757 44 
639 I 41756198 44 
640 I 41791415 44 
641 I 41904798 44 
642 I 41939631 44 
643 I 41953023 44 
644 I 42023631 44 
645 I 42059632 44 
646 I 42101878 44 
647 I 42133907 44 
648 I 42169841 44 
649 I 42257804 44 
650 I 42295576 44 
651 I 42438604 44 
652 I 42473197 44 
653 I 42500599 44 
654 I 42509695 44 
655 I 42519505 44 
656 I 42555273 44 
657 I 42631630 44 
658 I 42666010 44 
659 I 42700935 44 
660 I 42702153 44 
661 I 42781558 44 
662 I 42819296 44 
663 I 42902275 44 
664 I 42973322 44 
665 I 43009320 44 
666 I 43085354 44 
667 I 43163011 44 
668 I 43190836 44 
669 I 43296772 44 
670 I 43331837 44 
671 I 43403010 44 
672 I 43478544 44 
673 I 43512732 44 
674 I 43582978 44 
675 I 43674082 44 
676 I 43789583 44 
677 I 43812888 44 
678 I 43824929 44 
679 I 43870345 44 
680 I 43941232 44 
681 I 43953893 44 
682 I 44058573 44 
683 I 44129532 44 
684 I 44203706 44 
685 I 44239358 44 
686 I 44312450 44 
687 I 44358214 44 
688 I 44395012 44 
689 I 44429172 44 
690 I 44508090 44 
691 I 44542354 44 
692 I 44591214 44 
693 I 44723086 44 
694 I 44764755 44 
695 I 44798483 44 
696 I 44799665 44 
697 I 44801308 44 
698 I 44836354 44 
699 I 44947876 44 
700 I 45016998 44 
701 I 45019338 44 
702 I 45194655 44 
703 I 45228308 44 
704 I 45360303 44 
705 I 45429294 44 
706 I 45453418 44 
707 I 45499986 44 
708 I 45570419 44 
709 I 45605914 44 
710 I 45679358 44 
711 I 45736779 44 
712 I 45806729 44 
713 I 45915022 44 
714 I 45951321 44 
715 I 46000406 44 
716 I 46022652 44 
717 I 46097444 44 
718 I 46132259 44 
719 I 46211393 44 
720 I 46246668 44 
721 I 46325456 44 
722 I 46361151 44 
723 I 46447753 44 
724 I 46483430 44 
725 I 46546853 44 
726 I 46560370 44 
727 I 46633795 44 
728 I 46701608 44 
729 I 46853125 44 
730 I 46875797 44 
731 I 46889178 44 
732 I 46965209 44 
733 I 46985376 44 
734 I 46999602 44 
735 I 47069500 44 
736 I 47203047 44 
737 I 47204009 44 
738 I 47257143 44 
739 I 47312843 44 
740 I 47328486 44 
741 I 47399211 44 
742 I 47495833 44 
743 I 47525251 44 
744 I 47531461 44 
745 I 47602962 44 
746 I 47705645 44 
747 I 47740033 44 
748 I 47813112 44 
749 I 47894045 44 
750 I 47969336 44 
751 I 48079149 44 
752 I 48104088 44 
753 I 48139504 44 
754 I 48187990 44 
755 I 48211238 44 
756 I 48244737 44 
757 I 48315884 44 
758 I 48386079 44 
759 I 48422366 44 
760 I 48493203 44 
761 I 48575528 44 
762 I 48610002 44 
763 I 48699519 44 
764 I 48733281 44 
765 I 48775521 44 
766 I 48813127 44 
767 I 48846014 44 
768 I 48956714 44 
769 I 48990725 44 
770 I 49063088 44 
771 I 49067866 44 
772 I 49104591 44 
773 I 49173883 44 
774 I 49294255 44 
775 I 49330233 44 
776 I 49375565 44 
777 I 49462756 44 
778 I 49498220 44 
779 I 49567869 44 
780 I 49642338 44 
781 I 49676724 44 
782 I 49753383 44 
783 I 49789137 44 
784 I 49869518 44 
785 I 49937805 44 
786 I 50028389 44 
787 I 50064156 44 
788 I 50135176 44 
789 I 50157092 44 
790 I 50207300 44 
791 I 50279176 44 
792 I 50523837 44 
793 I 50558297 44 
794 I 50564104 44 
795 I 50630394 44 
796 I 50664980 44 
797 I 50773214 44 
798 I 50813437 44 
799 I 50814748 44 
800 I 50959914 44 
801 I 50994460 44 
802 I 51069973 44 
803 I 51105529 44 
804 I 51176071 44 
805 I 51253523 44 
806 I 51289307 44 
807 I 51360243 44 
808 I 51515958 44 
809 I 51551673 44 
810 I 51687865 44 
811 I 51718586 44 
812 I 51758232 44 
813 I 51828534 44 
814 I 51882884 44 
815 I 51953524 44 
816 I 52025708 44 
817 I 52061592 44 
818 I 52193421 44 
819 I 52229833 44 
820 I 52235294 44 
821 I 52239868 44 
822 I 52251966 44 
823 I 52307495 44 
824 I 52343283 44 
825 I 52441890 44 
826 I 52477914 44 
827 I 52548200 44 
828 I 52583214 44 
829 I 52617241 44 
830 I 52653014 44 
831 I 52688554 44 
832 I 52724112 44 
833 I 52753238 44 
834 I 52885709 44 
835 I 52920779 44 
836 I 53006533 44 
837 I 53040929 44 
838 I 53095794 44 
839 I 53145232 44 
840 I 53189951 44 
841 I 53298576 44 
842 I 53333784 44 
843 I 53399280 44 
844 I 53434986 44 
845 I 53437403 44 
846 I 53469374 44 
847 I 53506501 44 
848 I 53541555 44 
849 I 53546986 44 
850 I 53561006 44 
851 I 53751748 44 
852 I 53786841 44 
853 I 53864037 44 
854 I 53897413 44 
855 I 54032887 44 
856 I 54039140 44 
857 I 54094139 44 
858 I 54127978 44 
859 I 54162295 44 
860 I 54235743 44 
861 I 54270277 44 
862 I 54326251 44 
863 I 54377492 44 
864 I 54391383 44 
865 I 54392961 44 
866 I 54437923 44 
867 I 54470227 44 
868 I 54504930 44 
869 I 54659872 44 
870 I 54697231 44 
871 I 54750732 44 
872 I 54907407 44 
873 I 54940922 44 
874 I 55015936 44 
875 I 55051808 44 
876 I 55093999 44 
877 I 55126663 44 
878 I 55161671 44 
879 I 55176103 44 
880 I 55224281 44 
881 I 55260259 44 
882 I 55274628 44 
883 I 55276329 44 
884 I 55365101 44 
885 I 55400863 44 
886 I 55470069 44 
887 I 55487208 44 
888 I 55507383 44 
889 I 55541308 44 
890 I 55573943 44 
891 I 55611326 44 
892 I 55694811 44 
893 I 55730655 44 
894 I 55765592 44 
895 I 55802812 44 
896 I 55960297 44 
897 I 55995554 44 
898 I 56067050 44 
899 I 56282035 44 
900 I 56302134 44 
901 I 56335570 44 
902 I 56469213 44 
903 I 56504315 44 
904 I 56536714 44 
905 I 56572124 44 
906 I 56573312 44 
907 I 56659169 44 
908 I 56693190 44 
909 I 56767996 44 
910 I 56918384 44 
911 I 56989129 44 
912 I 57059938 44 
913 I 57164333 44 
914 I 57233850 44 
915 I 57266944 44 
916 I 57304085 44 
917 I 57473606 44 
918 I 57522025 44 
919 I 57709669 44 
920 I 57779654 44 
921 I 57819382 44 
922 I 57893593 44 
923 I 57966316 44 
924 I 58139147 44 
925 I 58140469 44 
926 I 58173198 44 
927 I 58228123 44 
928 I 58297601 44 
929 I 58368393 44 
930 I 58681552 44 
931 I 58715127 44 
932 I 58786487 44 
933 I 58804616 44 
934 I 58892152 44 
935 I 58926770 44 
936 I 58995909 44 
937 I 59014442 44 
938 I 59088236 44 
939 I 59123907 44 
940 I 59125739 44 
941 I 59188213 44 
942 I 59224747 44 
943 I 59259169 44 
944 I 59716166 44 
945 I 59750905 44 
946 I 59820913 44 
947 I 59840450 44 
948 I 59907177 52 
949 I 60531226 44 
950 I 60587525 44 
951 I 60660868 44 
952 I 60672877 44 
953 I 60875661 44 
954 I 61290154 44 
955 I 61422370 44 
956 I 61562920 44 
957 I 61599107 44 
958 I 61670392 44 
959 I 61860351 44 
960 I 62123769 44 
961 I 62159974 44 
962 I 62231095 44 
963 I 62609434 44 
964 I 62643429 44 
965 I 62714210 44 
966 I 62844589 44 
967 I 62919129 44 
968 I 62956439 44 
969 I 63172400 44 
970 I 63579816 44 
971 I 63719121 44 
972 I 63840574 44 
973 I 63875185 44 
974 I 64047562 44 
975 I 64387972 44 
976 I 64444469 44 
977 I 64594808 44 
978 I 64730213 44 
979 I 64763147 44 
980 I 64922326 44 
981 I 65131844 44 
982 I 65349468 44 
983 I 65577906 44 
984 I 65647331 44 
985 I 65797200 44 
986 I 65820049 44 
987 I 66282168 44 
988 I 66353764 44 
989 I 66360793 44 
990 I 66363663 52 
991 I 66364964 52 
992 I 66365623 52 
993 I 66367145 52 
994 I 66437098 44 
995 I 66510193 44 
996 I 66557647 44 
997 I 66632782 44 
998 I 66965367 44 
999 I 66969976 44 
1000 I 66971365 44 
1001 I 66973917 44 
1002 I 67169368 44 
1003 I 67202530 44 
1004 I 67344707 44 
1005 I 67393367 44 
1006 I 67474191 44 
1007 I 67509017 44 
1008 I 68100525 44 
1009 I 68135304 44 
1010 I 68191135 44 
1011 I 68241321 44 
1012 I 68319566 44 
1013 I 68356402 44 
1014 I 68885269 44 
1015 I 68919132 44 
1016 I 68977205 44 
1017 I 69027527 44 
1018 I 69172715 44 
1019 I 69209189 44 
1020 I 69406831 44 
1021 I 69652947 44 
1022 I 69687762 44 
1023 I 69734645 44 
1024 I 69744013 44 
1025 I 69793687 44 
1026 I 69874403 44 
1027 I 69914708 44 
1028 I 70172690 44 
1029 I 70179863 44 
1030 I 70407801 44 
1031 I 70611842 44 
1032 I 70651375 44 
1033 I 70686006 44 
1034 I 70747484 44 
1035 I 70797115 44 
1036 I 70876013 44 
1037 I 70895817 44 
1038 I 70980685 44 
1039 I 71062950 44 
1040 I 71089470 44 
1041 I 71131205 44 
1042 I 71204990 44 
1043 I 71486198 44 
1044 I 71519914 44 
1045 I 71684891 44 
1046 I 71755854 44 
1047 I 71904585 44 
1048 I 71922392 44 
1049 I 71939663 44 
1050 I 72047451 44 
1051 I 72065854 44 
1052 I 72106121 44 
1053 I 72167966 44 
1054 I 72386373 44 
1055 I 72579090 44 
1056 I 72626527 44 
1057 I 72662582 44 
1058 I 72735684 44 
1059 I 72742977 44 
1060 I 72771117 44 
1061 I 72837850 44 
1062 I 72892774 44 
1063 I 72903955 52 
1064 I 72929067 44 
1065 I 72948392 44 
1066 I 73016094 44 
1067 I 73093480 44 
1068 I 73129396 44 
1069 I 73198286 44 
1070 I 73216286 44 
1071 I 73291676 44 
1072 I 73325098 44 
1073 I 73521590 44 
1074 I 73556039 44 
1075 I 73563195 44 
1076 I 73626928 44 
1077 I 73747355 44 
1078 I 73829414 44 
1079 I 73863239 44 
1080 I 73935455 44 
1081 I 74005664 44 
1082 I 74109617 44 
1083 I 74285326 44 
1084 I 74319924 44 
1085 I 74390042 44 
1086 I 74687497 44 
1087 I 74722517 44 
1088 I 74794076 44 
1089 I 74813957 44 
1090 I 74887525 44 
1091 I 74921267 44 
1092 I 75049815 44 
1093 I 75119741 44 
1094 I 75190863 44 
1095 I 75479702 44 
1096 I 75515543 44 
1097 I 75586577 44 
1098 I 75604508 44 
1099 I 75707799 44 
1100 I 75743723 44 
1101 I 75814657 44 
1102 I 75869099 44 
1103 I 75942261 44 
1104 I 76079082 44 
1105 I 76261439 44 
1106 I 76296349 44 
1107 I 76366457 44 
1108 I 76383989 44 
1109 I 76619972 44 
1110 I 76655608 44 
1111 I 76725813 44 
1112 I 76805593 44 
1113 I 76841134 44 
1114 I 77010171 44 
1115 I 77063185 44 
1116 I 77083652 44 
1117 I 77118997 44 
1118 I 77187893 44 
1119 I 77206100 44 
1120 I 77416192 44 
1121 I 77451415 44 
1122 I 77609519 44 
1123 I 77740103 44 
1124 I 77774941 44 
1125 I 77846155 44 
1126 I 78010342 44 
1127 I 78038289 44 
1128 I 78047540 44 
1129 I 78109374 44 
1130 I 78145708 44 
1131 I 78313593 44 
1132 I 78349722 44 
1133 I 78664862 44 
1134 I 78684852 44 
1135 I 78791710 44 
1136 I 78827873 44 
1137 I 78883663 44 
1138 I 78909566 44 
1139 I 78987066 44 
1140 I 79043133 44 
1141 I 79360605 44 
1142 I 79395620 44 
1143 I 79527761 44 
1144 I 79546599 44 
1145 I 79622963 44 
1146 I 79691439 44 
1147 I 79727996 44 
1148 I 79789680 44 
1149 I 79838921 44 
1150 I 80013999 44 
1151 I 80122327 44 
1152 I 80225001 44 
1153 I 80259722 44 
1154 I 80329830 44 
1155 I 80369742 44 
1156 I 80454030 44 
1157 I 80475789 44 
1158 I 80511374 44 
1159 I 80603561 44 
1160 I 80652483 44 
1161 I 80736986 44 
1162 I 80781819 44 
1163 I 80836297 52 
1164 I 80837588 44 
1165 I 80853604 44 
1166 I 80880959 44 
1167 I 80891238 44 
1168 I 81138185 44 
1169 I 81165349 44 
1170 I 81246304 44 
1171 I 81332310 44 
1172 I 81369001 44 
1173 I 81440364 44 
1174 I 81529865 44 
1175 I 81599405 44 
1176 I 81671430 44 
1177 I 81746822 44 
1178 I 81750517 44 
1179 I 81766489 44 
1180 I 81825570 44 
1181 I 81851992 44 
1182 I 81889064 44 
1183 I 82030698 44 
1184 I 82059069 44 
1185 I 82094274 44 
1186 I 82095673 44 
1187 I 82283070 44 
1188 I 82312568 44 
1189 I 82367228 44 
1190 I 82402809 44 
1191 I 82479006 44 
1192 I 82513308 44 
1193 I 82594374 44 
1194 I 82621093 44 
1195 I 82701070 44 
1196 I 82735649 44 
1197 I 82807114 44 
1198 I 82825259 44 
1199 I 82921228 44 
1200 I 82946369 44 
1201 I 83041127 44 
1202 I 83066140 44 
1203 I 83143578 44 
1204 I 83187113 44 
1205 I 83260470 44 
1206 I 83329110 44 
1207 I 83400372 44 
1208 I 83475330 44 
1209 I 83502959 44 
1210 I 83621313 44 
1211 I 83656867 44 
1212 I 83707413 44 
1213 I 83785099 44 
1214 I 83814191 44 
1215 I 83891856 44 
1216 I 83959773 44 
1217 I 84042174 44 
1218 I 84077761 44 
1219 I 84148060 44 
1220 I 84165177 44 
1221 I 84240525 44 
1222 I 84275611 44 
1223 I 84361145 44 
1224 I 84396867 44 
1225 I 84469261 44 
1226 I 84506466 44 
1227 I 84604276 44 
1228 I 84640888 44 
1229 I 84825387 44 
1230 I 84828102 44 
1231 I 84859803 44 
1232 I 84870647 44 
1233 I 84876320 44 
1234 I 84879195 52 
1235 I 84881022 52 
1236 I 84882026 52 
1237 I 84883449 52 
1238 I 84954242 44 
1239 I 84989405 44 
1240 I 85057526 44 
1241 I 85077751 44 
1242 I 85159075 44 
1243 I 85194032 44 
1244 I 85276412 44 
1245 I 85312617 44 
1246 I 85385105 44 
1247 I 85421574 44 
1248 I 85538168 44 
1249 I 85594364 44 
1250 I 85609067 44 
1251 I 85716158 44 
1252 I 85743699 44 
1253 I 85814896 44 
1254 I 85820715 44 
1255 I 85854127 44 
1256 I 85855095 44 
1257 I 85856414 44 
1258 I 85858069 44 
1259 I 86017513 44 
1260 I 86052018 44 
1261 I 86125052 44 
1262 I 86161590 44 
1263 I 86232191 44 
1264 I 86249019 44 
1265 I 86297830 52 
1266 I 86332882 44 
1267 I 86369048 44 
1268 I 86450889 44 
1269 I 86484544 44 
1270 I 86575584 44 
1271 I 86610890 44 
1272 I 86682939 44 
1273 I 86716717 44 
1274 I 86787091 44 
1275 I 86877996 44 
1276 I 86905541 44 
1277 I 86982418 44 
1278 I 87019340 44 
1279 I 87019923 44 
1280 I 87109404 44 
1281 I 87143753 44 
1282 I 87235844 44 
1283 I 87316935 44 
1284 I 87352481 44 
1285 I 87451506 44 
1286 I 87483081 44 
1287 I 87563248 44 
1288 I 87571048 44 
1289 I 87641190 44 
1290 I 87759901 44 
1291 I 87795248 44 
1292 I 87866460 44 
1293 I 87884967 44 
1294 I 88007753 44 
1295 I 88043764 44 
1296 I 88110278 52 
1297 I 88113757 44 
1298 I 88114864 44 
1299 I 88197666 44 
1300 I 88235208 44 
1301 I 88304108 44 
1302 I 88328354 44 
1303 I 88410515 44 
1304 I 88438230 44 
1305 I 88447059 44 
1306 I 88598134 44 
1307 I 88633316 44 
1308 I 88681591 44 
1309 I 88755192 44 
1310 I 88792150 44 
1311 I 88862877 44 
1312 I 88952597 44 
1313 I 88985355 44 
1314 I 88989239 44 
1315 I 89119224 44 
1316 I 89153786 44 
1317 I 89203578 44 
1318 I 89216890 44 
1319 I 89248172 44 
1320 I 89331052 44 
1321 I 89364611 44 
1322 I 89422803 44 
1323 I 89430223 44 
1324 I 89447550 44 
1325 I 89481896 44 
1326 I 89552348 44 
1327 I 89630540 44 
1328 I 89666529 44 
1329 I 89735896 44 
1330 I 89814226 44 
1331 I 89940807 44 
1332 I 89969973 44 
1333 I 89976238 44 
1334 I 90047060 44 
1335 I 90189673 44 
1336 I 90298119 44 
1337 I 90300580 44 
1338 I 90335930 44 
1339 I 90372579 44 
1340 I 90406768 44 
1341 I 90408050 44 
1342 I 90481693 44 
1343 I 90552593 44 
1344 I 90587152 44 
1345 I 90735363 44 
1346 I 90781765 44 
1347 I 90850020 44 
1348 I 90922609 44 
1349 I 91017597 44 
1350 I 91052688 44 
1351 I 91063550 44 
1352 I 91137506 44 
1353 I 91214126 44 
1354 I 91249041 44 
1355 I 91340965 44 
1356 I 91390904 44 
1357 I 91449080 44 
1358 I 91485265 44 
1359 I 91556080 44 
1360 I 91661034 44 
1361 I 91719028 44 
1362 I 91822975 44 
1363 I 91857539 44 
1364 I 91934597 44 
1365 I 92047755 44 
1366 I 92067826 44 
1367 I 92139086 44 
1368 I 92157434 44 
1369 I 92207585 44 
1370 I 92305386 44 
1371 I 92401746 44 
1372 I 92472842 44 
1373 I 92507097 44 
1374 I 92581069 44 
1375 I 92694344 44 
1376 I 92764855 44 
1377 I 92814367 44 
1378 I 92869803 44 
1379 I 92905108 44 
1380 I 92922120 44 
1381 I 93032111 44 
1382 I 93037556 44 
1383 I 93075421 44 
1384 I 93188096 44 
1385 I 93223073 44 
1386 I 93250689 44 
1387 I 93293184 44 
1388 I 93404056 44 
1389 I 93438320 44 
1390 I 93469340 44 
1391 I 93470747 44 
1392 I 93575128 44 
1393 I 93609205 44 
1394 I 93680212 44 
1395 I 93752967 44 
1396 I 93785379 44 
1397 I 93856609 44 
1398 I 94000277 44 
1399 I 94072971 44 
1400 I 94109635 44 
1401 I 94286774 44 
1402 I 94320989 44 
1403 I 94344986 44 
1404 I 94391347 44 
1405 I 94453798 44 
1406 I 94467946 44 
1407 I 94540527 44 
1408 I 94637444 44 
1409 I 94717915 44 
1410 I 94803881 44 
1411 I 94838172 44 
1412 I 94908902 44 
1413 I 94944211 44 
1414 I 95041143 44 
1415 I 95110466 44 
1416 I 95113857 44 
1417 I 95184719 44 
1418 I 95220655 44 
1419 I 95290669 44 
1420 I 95438915 44 
1421 I 95457510 44 
1422 I 95503525 44 
1423 I 95574070 44 
1424 I 95695337 44 
1425 I 95803997 44 
1426 I 95919207 44 
1427 I 95954928 44 
1428 I 95984979 44 
1429 I 96027547 44 
1430 I 96136439 44 
1431 I 96203596 44 
1432 I 96206986 44 
1433 I 96242520 44 
1434 I 96313585 44 
1435 I 96481071 44 
1436 I 96531813 44 
1437 I 96551338 44 
1438 I 96585168 44 
1439 I 96683863 44 
1440 I 96717354 44 
1441 I 96750765 44 
1442 I 96800026 44 
1443 I 96852796 44 
1444 I 96949558 44 
1445 I 96984491 44 
1446 I 97054806 44 
1447 I 97078948 44 
1448 I 97149114 44 
1449 I 97183084 44 
1450 I 97188870 44 
1451 I 97252358 44 
1452 I 97288081 44 
1453 I 97401416 44 
1454 I 97514817 44 
1455 I 97516541 44 
1456 I 97616683 44 
1457 I 97653708 44 
1458 I 97842472 44 
1459 I 97844687 44 
1460 I 97878190 44 
1461 I 97962775 44 
1462 I 98035461 44 
1463 I 98104764 44 
1464 I 98140414 44 
1465 I 98234855 44 
1466 I 98271652 44 
1467 I 98343477 44 
1468 I 98378026 44 
1469 I 98449620 44 
1470 I 98564260 44 
1471 I 98610528 44 
1472 I 98664251 44 
1473 I 98699749 44 
1474 I 98769337 44 
1475 I 98900581 44 
1476 I 98936471 44 
1477 I 98938902 44 
1478 I 98940549 44 
1479 I 99004650 44 
1480 I 99094495 44 
1481 I 99157948 44 
1482 I 99184716 44 
1483 I 99253060 44 
1484 I 99289730 44 
1485 I 99367786 44 
1486 I 99401570 44 
1487 I 99472225 44 
1488 I 99544796 44 
1489 I 99645480 44 
1490 I 99681814 44 
1491 I 99703863 44 
1492 I 99760494 44 
1493 I 99795405 44 
1494 I 100016236 44 
1495 I 100052948 44 
1496 I 100208912 44 
1497 I 100243666 44 
1498 I 100319494 44 
1499 I 100354038 44 
1500 I 100436130 44 
1501 I 100470908 44 
1502 I 100527635 44 
1503 I 100597748 44 
1504 I 100670608 44 
1505 I 100775768 44 
1506 I 100797201 44 
1507 I 100815118 44 
1508 I 100888121 44 
1509 I 101088041 44 
1510 I 101126142 44 
1511 I 101131228 44 
1512 I 101158895 44 
1513 I 101231716 44 
1514 I 101348920 44 
1515 I 101384755 44 
1516 I 101454014 44 
1517 I 101478896 44 
1518 I 101512901 44 
1519 I 101563038 44 
1520 I 101584144 44 
1521 I 101675076 44 
1522 I 101710394 44 
1523 I 101882665 44 
1524 I 101892074 44 
1525 I 101918841 44 
1526 I 102013669 44 
1527 I 102047886 44 
1528 I 102119338 44 
1529 I 102190540 44 
1530 I 102262758 44 
1531 I 102342766 44 
1532 I 102462056 44 
1533 I 102496412 44 
1534 I 102532304 44 
1535 I 102547479 44 
1536 I 102615428 44 
1537 I 102650205 44 
1538 I 102723238 44 
1539 I 102759221 44 
1540 I 102794190 44 
1541 I 102883665 44 
1542 I 102917258 44 
1543 I 103074255 44 
1544 I 103094377 44 
1545 I 103109974 44 
1546 I 103180718 44 
1547 I 103246591 44 
1548 I 103317596 44 
1549 I 103393792 44 
1550 I 103526203 44 
1551 I 103559341 44 
1552 I 103641649 44 
1553 I 103664302 44 
1554 I 103743615 44 
1555 I 103778949 44 
1556 I 103891183 44 
1557 I 103926198 44 
1558 I 103964636 44 
1559 I 104035642 44 
1560 I 104105809 44 
1561 I 104194617 44 
1562 I 104298229 44 
1563 I 104302935 44 
1564 I 104399393 44 
1565 I 104406990 44 
1566 I 104435729 44 
1567 I 104535214 44 
1568 I 104570421 44 
1569 I 104697014 44 
1570 I 104730617 44 
1571 I 104734878 44 
1572 I 104816055 44 
1573 I 104850751 44 
1574 I 104920058 44 
1575 I 104955766 44 
1576 I 105070630 44 
1577 I 105105874 44 
1578 I 105172848 44 
1579 I 105219020 44 
1580 I 105250812 44 
1581 I 105281802 44 
1582 I 105322107 44 
1583 I 105428184 44 
1584 I 105501325 44 
1585 I 105537071 44 
1586 I 105617216 44 
1587 I 105710857 44 
1588 I 105829455 44 
1589 I 105865047 44 
1590 I 105934445 44 
1591 I 106041192 44 
1592 I 106076997 44 
1593 I 106156787 44 
1594 I 106189278 44 
1595 I 106223971 44 
1596 I 106266851 44 
1597 I 106301402 44 
1598 I 106336744 44 
1599 I 106467999 44 
1600 I 106484922 44 
1601 I 106504946 44 
1602 I 106579693 44 
1603 I 106617031 44 
1604 I 106709674 44 
1605 I 106746710 44 
1606 I 106815077 44 
1607 I 106828235 44 
1608 I 106881879 44 
1609 I 106953306 44 
1610 I 107052799 44 
1611 I 107137366 44 
1612 I 107141468 44 
1613 I 107173487 44 
1614 I 107272909 44 
1615 I 107337112 44 
1616 I 107356957 44 
1617 I 107390582 44 
1618 I 107462068 44 
1619 I 107540942 44 
1620 I 107576539 44 
1621 I 107773507 44 
1622 I 107808238 44 
1623 I 107878259 44 
1624 I 107906588 44 
1625 I 108016307 44 
1626 I 108017347 44 
1627 I 108068839 44 
1628 I 108136794 44 
1629 I 108246946 44 
1630 I 108283111 44 
1631 I 108344581 44 
1632 I 108417427 44 
1633 I 108454402 44 
1634 I 108459777 44 
1635 I 108523465 44 
1636 I 108593773 44 
1637 I 108671029 44 
1638 I 108708827 44 
1639 I 108778917 44 
1640 I 108815118 44 
1641 I 109000369 44 
1642 I 109058258 44 
1643 I 109093797 44 
1644 I 109162450 44 
1645 I 109197237 44 
1646 I 109291357 44 
1647 I 109327540 44 
1648 I 109329762 44 
1649 I 109409820 44 
1650 I 109445523 44 
1651 I 109556773 44 
1652 I 109590826 44 
1653 I 109656957 44 
1654 I 109706112 44 
1655 I 109776954 44 
1656 I 109814837 44 
1657 I 109882265 44 
1658 I 109977637 44 
1659 I 110012363 44 
1660 I 110095588 44 
1661 I 110178780 44 
1662 I 110204554 44 
1663 I 110213488 44 
1664 I 110250600 44 
1665 I 110364649 44 
1666 I 110400926 44 
1667 I 110422784 44 
1668 I 110470649 44 
1669 I 110586051 44 
1670 I 110620946 44 
1671 I 110641522 44 
1672 I 110695051 44 
1673 I 110768221 44 
1674 I 110803524 44 
1675 I 110969513 44 
1676 I 110982261 44 
1677 I 111078940 44 
1678 I 111080363 44 
1679 I 111114487 44 
1680 I 111188879 44 
1681 I 111234469 44 
1682 I 111297497 44 
1683 I 111311364 44 
1684 I 111379630 44 
1685 I 111414911 44 
1686 I 111486173 44 
1687 I 111565770 44 
1688 I 111601483 44 
1689 I 111689263 44 
1690 I 111724533 44 
1691 I 111795961 44 
1692 I 111830597 44 
1693 I 111936597 44 
1694 I 112024175 44 
1695 I 112059876 44 
1696 I 112063515 44 
1697 I 112199081 44 
1698 I 112270913 44 
1699 I 112281963 44 
1700 I 112347619 44 
1701 I 112351356 44 
1702 I 112446091 44 
1703 I 112481324 44 
1704 I 112553510 44 
1705 I 112631541 44 
1706 I 112664246 44 
1707 I 112774631 44 
1708 I 112798009 52 
1709 I 112821569 44 
1710 I 112891455 44 
1711 I 112961861 44 
1712 I 112997862 44 
1713 I 113115937 44 
1714 I 113152637 44 
1715 I 113159460 44 
1716 I 113221840 44 
1717 I 113293921 44 
1718 I 113330143 44 
1719 I 113460108 44 
1720 I 113541128 44 
1721 I 113595091 44 
1722 I 113611505 44 
1723 I 113741842 44 
1724 I 113776582 44 
1725 I 113815359 44 
1726 I 113849609 44 
1727 I 113885201 44 
1728 I 113955780 44 
1729 I 114033594 44 
1730 I 114069114 44 
1731 I 114104467 44 
1732 I 114223058 44 
1733 I 114257411 44 
1734 I 114338001 44 
1735 I 114360186 44 
1736 I 114370899 44 
1737 I 114441951 44 
1738 I 114523594 44 
1739 I 114559602 44 
1740 I 114631213 44 
1741 I 114666236 44 
1742 I 114670998 44 
1743 I 114757009 44 
1744 I 114794534 44 
1745 I 114871128 44 
1746 I 114905314 44 
1747 I 114978180 44 
1748 I 115012514 44 
1749 I 115218953 44 
1750 I 115235053 44 
1751 I 115239862 44 
1752 I 115254708 44 
1753 I 115324815 44 
1754 I 115344760 44 
1755 I 115402121 44 
1756 I 115437972 44 
1757 I 115512858 44 
1758 I 115548736 44 
1759 I 115620898 44 
1760 I 115630187 44 
1761 I 115641410 44 
1762 I 115710022 44 
1763 I 115744636 44 
1764 I 115887355 44 
1765 I 115921078 44 
1766 I 115991933 44 
1767 I 116001200 44 
1768 I 116027754 44 
1769 I 116134368 44 
1770 I 116172991 44 
1771 I 116248178 44 
1772 I 116281584 44 
1773 I 116364964 44 
1774 I 116441498 44 
1775 I 116511447 44 
1776 I 116548855 44 
1777 I 116617955 44 
1778 I 116635187 44 
1779 I 116784337 44 
1780 I 116821391 44 
1781 I 116875644 44 
1782 I 116895448 44 
1783 I 116931932 44 
1784 I 117001379 44 
1785 I 117038889 44 
1786 I 117073943 44 
1787 I 117144053 44 
1788 I 117179475 44 
1789 I 117255912 44 
1790 I 117291596 44 
1791 I 117373141 44 
1792 I 117407043 44 
1793 I 117478795 44 
1794 I 117512182 44 
1795 I 117624277 44 
1796 I 117662291 44 
1797 I 117732913 44 
1798 I 117768859 44 
1799 I 117803936 44 
1800 I 117850033 44 
1801 I 117922552 44 
1802 I 117958778 44 
1803 I 118032066 44 
1804 I 118039629 44 
1805 I 118048908 44 
1806 I 118054989 44 
1807 I 118066834 44 
1808 I 118145696 44 
1809 I 118182926 44 
1810 I 118254002 44 
1811 I 118342301 44 
1812 I 118377984 44 
1813 I 118407161 44 
1814 I 118481269 44 
1815 I 118510247 44 
1816 I 118553673 44 
1817 I 118631250 44 
1818 I 118665579 44 
1819 I 118807558 44 
1820 I 118842021 44 
1821 I 118844836 44 
1822 I 118911776 44 
1823 I 119019605 44 
1824 I 119054807 44 
1825 I 119063659 44 
1826 I 119070212 44 
1827 I 119147461 44 
1828 I 119201741 44 
1829 I 119273166 44 
1830 I 119282439 44 
1831 I 119365509 44 
1832 I 119402889 44 
1833 I 119473919 44 
1834 I 119489154 44 
1835 I 119501448 44 
1836 I 119565307 44 
1837 I 119667388 44 
1838 I 119703028 44 
1839 I 119773982 44 
1840 I 119809441 44 
1841 I 119879570 44 
1842 I 120011861 44 
1843 I 120048745 44 
1844 I 120049174 44 
1845 I 120118867 44 
1846 I 120210545 44 
1847 I 120247120 44 
1848 I 120266606 44 
1849 I 120317974 44 
1850 I 120353329 44 
1851 I 120423932 44 
1852 I 120494940 44 
1853 I 120565667 44 
1854 I 120668754 44 
1855 I 120743946 44 
1856 I 120872459 44 
1857 I 120906426 44 
1858 I 120923007 44 
1859 I 120981306 44 
1860 I 121014201 44 
1861 I 121086062 44 
1862 I 121110969 52 
1863 I 121156188 44 
1864 I 121278071 44 
1865 I 121312492 44 
1866 I 121360538 44 
1867 I 121420834 44 
1868 I 121470686 44 
1869 I 121560251 44 
1870 I 121595946 44 
1871 I 121632503 44 
1872 I 121762863 44 
1873 I 121797374 44 
1874 I 121798845 44 
1875 I 121870178 44 
1876 I 122048777 44 
1877 I 122084103 44 
1878 I 122126331 44 
1879 I 122155178 44 
1880 I 122243428 44 
1881 I 122279203 44 
1882 I 122344868 44 
1883 I 122454103 44 
1884 I 122470353 44 
1885 I 122506129 44 
1886 I 122563385 44 
1887 I 122575745 44 
1888 I 122663387 44 
1889 I 122740965 44 
1890 I 122781111 44 
1891 I 122874122 44 
1892 I 122910585 44 
1893 I 122991352 44 
1894 I 123027227 44 
1895 I 123219642 44 
1896 I 123255231 44 
1897 I 123290626 44 
1898 I 123329180 44 
1899 I 123364200 44 
1900 I 123398844 44 
1901 I 123469754 44 
1902 I 123518712 52 
1903 I 123533485 52 
1904 I 123554260 44 
1905 I 123589419 44 
1906 I 123876089 44 
1907 I 123880225 44 
1908 I 123933109 44 
1909 I 123968909 44 
1910 I 124062713 44 
1911 I 124137297 44 
1912 I 124173359 44 
1913 I 124204974 44 
1914 I 124245342 44 
1915 I 124315574 44 
1916 I 124412924 44 
1917 I 124467388 44 
1918 I 124532043 44 
1919 I 124591289 44 
1920 I 124626992 44 
1921 I 124641643 44 
1922 I 124735413 44 
1923 I 124860471 44 
1924 I 125014244 44 
1925 I 125048742 44 
1926 I 125079633 44 
1927 I 125083988 44 
1928 I 125090157 44 
1929 I 125139714 44 
1930 I 125211450 44 
1931 I 125282988 44 
1932 I 125476262 44 
1933 I 125517198 44 
1934 I 125588991 44 
1935 I 125626338 44 
1936 I 125706688 44 
1937 I 125741970 44 
1938 I 125777677 44 
1939 I 125961460 44 
1940 I 125994770 44 
1941 I 126031627 44 
1942 I 126063867 44 
1943 I 126103443 44 
1944 I 126143847 44 
1945 I 126263382 44 
1946 I 126299330 44 
1947 I 126391357 44 
1948 I 126400040 44 
1949 I 126435529 44 
1950 I 126502418 44 
1951 I 126518800 44 
1952 I 126598780 44 
1953 I 126633383 44 
1954 I 126703348 44 
1955 I 126739255 44 
1956 I 126938770 44 
1957 I 127086837 44 
1958 I 127123065 44 
1959 I 127238743 44 
1960 I 127309562 44 
1961 I 127344162 44 
1962 I 127376560 44 
1963 I 127485271 44 
1964 I 127528070 44 
1965 I 127594941 44 
1966 I 127665212 44 
1967 I 127701444 44 
1968 I 127736745 44 
1969 I 127815544 44 
1970 I 127849401 44 
1971 I 127920334 44 
1972 I 127955614 44 
1973 I 128017820 44 
1974 I 128125599 44 
1975 I 128251933 44 
1976 I 128260425 44 
1977 I 128264675 44 
1978 I 128299744 44 
1979 I 128338704 44 
1980 I 128360409 44 
1981 I 128469415 44 
1982 I 128551514 44 
1983 I 128623792 44 
1984 I 128660658 44 
1985 I 128762997 44 
1986 I 128798090 44 
1987 I 128914019 44 
1988 I 128949119 44 
1989 I 129017596 44 
1990 I 129128796 44 
1991 I 129199427 44 
1992 I 129275692 44 
1993 I 129309302 44 
1994 I 129385024 44 
1995 I 129423498 44 
1996 I 129520360 44 
1997 I 129592587 44 
1998 I 129690699 44 
1999 I 129724180 44 
2000 I 129791202 44 
2001 I 129796579 44 
2002 I 129810001 44 
2003 I 129886549 44 
2004 I 129968813 44 
2005 I 130002854 44 
2006 I 130043833 44 
2007 I 130164807 44 
2008 I 130200014 44 
2009 I 130219720 44 
2010 I 130291271 44 
2011 I 130324041 44 
2012 I 130328952 44 
2013 I 130472190 44 
2014 I 130509487 44 
2015 I 130547662 44 
2016 I 130550209 44 
2017 I 130652640 44 
2018 I 130657445 44 
2019 I 130687779 44 
2020 I 130744836 44 
2021 I 130778748 44 
2022 I 130849059 44 
2023 I 130884559 44 
2024 I 130956027 44 
2025 I 130990351 44 
2026 I 131088729 44 
2027 I 131122818 44 
2028 I 131198052 44 
2029 I 131203613 44 
2030 I 131210105 44 
2031 I 131283798 44 
2032 I 131319522 44 
2033 I 131393055 44 
2034 I 131484466 44 
2035 I 131540167 44 
2036 I 131540899 44 
2037 I 131684621 44 
2038 I 131719876 44 
2039 I 131751596 44 
2040 I 131760605 44 
2041 I 131790532 44 
2042 I 131847229 44 
2043 I 131919892 44 
2044 I 131971127 44 
2045 I 132079318 44 
2046 I 132130662 44 
2047 I 132165180 44 
2048 I 132249099 44 
2049 I 132284750 44 
2050 I 132355255 44 
2051 I 132390713 44 
2052 I 132460813 44 
2053 I 132497175 44 
2054 I 132568116 44 
2055 I 132623425 44 
2056 I 132736097 44 
2057 I 132771917 44 
2058 I 132836071 44 
2059 I 132907141 44 
2060 I 132979188 44 
2061 I 133129700 44 
2062 I 133165149 44 
2063 I 133172557 44 
2064 I 133180055 44 
2065 I 133236076 44 
2066 I 133308913 44 
2067 I 133399157 44 
2068 I 133435685 44 
2069 I 133474036 44 
2070 I 133510672 44 
2071 I 133545740 44 
2072 I 133637594 44 
2073 I 133682002 44 
2074 I 133753111 44 
2075 I 133787425 44 
2076 I 133825322 44 
2077 I 133898774 44 
2078 I 133931731 44 
2079 I 134006319 44 
2080 I 134041294 44 
2081 I 134148099 44 
2082 I 134184340 44 
2083 I 134252885 44 
2084 I 134267080 44 
2085 I 134353160 44 
2086 I 134418781 44 
2087 I 134489478 44 
2088 I 134490347 44 
2089 I 134626387 44 
2090 I 134661823 44 
2091 I 134697711 44 
2092 I 134704157 44 
2093 I 134710246 44 
2094 I 134736154 44 
2095 I 134923584 44 
2096 I 134991227 44 
2097 I 135028789 44 
2098 I 135143812 44 
2099 I 135178663 44 
2100 I 135248918 44 
2101 I 135250675 44 
2102 I 135339718 44 
2103 I 135374053 44 
2104 I 135461738 44 
2105 I 135469584 44 
2106 I 135498824 44 
2107 I 135655626 44 
2108 I 135726192 44 
2109 I 135760458 44 
2110 I 135833783 44 
2111 I 135904188 44 
2112 I 136009318 44 
2113 I 136044755 44 
2114 I 136236130 44 
2115 I 136239379 44 
2116 I 136240544 44 
2117 I 136274180 44 
2118 I 136344545 44 
2119 I 136369111 44 
2120 I 136404545 44 
2121 I 136441055 44 
2122 I 136455160 44 
2123 I 136521200 44 
2124 I 136555414 44 
2125 I 136644920 44 
2126 I 136678780 44 
2127 I 136766506 44 
2128 I 136801909 44 
2129 I 136872626 44 
2130 I 136944870 44 
2131 I 136980548 44 
2132 I 137050884 44 
2133 I 137219927 44 
2134 I 137303334 44 
2135 I 137438739 44 
2136 I 137516539 44 
2137 I 137548645 44 
2138 I 137551827 44 
2139 I 137621299 44 
2140 I 137658695 44 
2141 I 137730685 44 
2142 I 137765010 44 
2143 I 137833620 44 
2144 I 137905564 44 
2145 I 137941053 44 
2146 I 138035153 44 
2147 I 138105709 44 
2148 I 138222048 44 
2149 I 138291943 44 
2150 I 138313537 44 
2151 I 138391079 44 
2152 I 138426253 44 
2153 I 138495955 44 
2154 I 138532431 44 
2155 I 138754155 44 
2156 I 138827963 44 
2157 I 138861470 44 
2158 I 138864031 44 
2159 I 138959592 44 
2160 I 138994149 44 
2161 I 139089369 44 
2162 I 139172590 44 
2163 I 139199260 44 
2164 I 139310299 44 
2165 I 139345845 44 
2166 I 139447378 44 
2167 I 139482905 44 
2168 I 139555636 44 
2169 I 139778700 44 
2170 I 139816107 44 
2171 I 139896343 44 
2172 I 139968667 44 
2173 I 140064008 44 
2174 I 140099887 44 
2175 I 140153384 44 
2176 I 140172472 44 
2177 I 140205463 52 
2178 I 140224284 44 
2179 I 140314818 44 
2180 I 140368690 44 
2181 I 140391792 44 
2182 I 140440712 44 
2183 I 140577993 44 
2184 I 140611522 44 
2185 I 140612618 44 
2186 I 140722799 44 
2187 I 140758720 44 
2188 I 140827928 44 
2189 I 141021639 44 
2190 I 141055047 44 
2191 I 141266243 44 
2192 I 141270448 44 
2193 I 141333344 44 
2194 I 141375480 44 
2195 I 141389693 44 
2196 I 141459008 44 
2197 I 141595736 44 
2198 I 141596268 44 
2199 I 141632026 44 
2200 I 141657533 44 
2201 I 141704188 44 
2202 I 141752792 44 
2203 I 141765271 44 
2204 I 141846156 44 
2205 I 141920274 44 
2206 I 141956225 44 
2207 I 142027369 44 
2208 I 142150928 44 
2209 I 142187102 44 
2210 I 142332023 44 
2211 I 142368709 44 
2212 I 142369395 44 
2213 I 142445079 44 
2214 I 142470302 44 
2215 I 142481486 44 
2216 I 142635748 44 
2217 I 142688778 44 
2218 I 142691121 44 
2219 I 142773559 44 
2220 I 142797649 44 
2221 I 142886674 44 
2222 I 142923249 44 
2223 I 142956325 44 
2224 I 143034101 44 
2225 I 143066518 44 
2226 I 143135617 44 
2227 I 143210555 44 
2228 I 143242683 44 
2229 I 143318012 44 
2230 I 143354028 44 
2231 I 143453898 52 
2232 I 143553548 44 
2233 I 143563427 44 
2234 I 143671125 44 
2235 I 143672637 44 
2236 I 143704980 44 
2237 I 143775860 44 
2238 I 143782196 44 
2239 I 143884148 44 
2240 I 143919096 44 
2241 I 143995783 44 
2242 I 144001268 44 
2243 I 144033572 44 
2244 I 144107044 44 
2245 I 144363279 44 
2246 I 144398572 44 
2247 I 144518634 44 
2248 I 144548652 44 
2249 I 144553236 44 
2250 I 144631854 44 
2251 I 144724155 44 
2252 I 144928781 44 
2253 I 144985501 44 
2254 I 144990478 44 
2255 I 144998591 44 
2256 I 145072616 44 
2257 I 145143422 44 
2258 I 145177973 44 
2259 I 145215008 44 
2260 I 145297281 44 
2261 I 145328628 44 
2262 I 145403223 44 
2263 I 145422796 44 
2264 I 145485257 44 
2265 I 145556190 44 
2266 I 145591171 44 
2267 I 145595172 44 
2268 I 145596567 52 
2269 I 145603969 44 
2270 I 145721081 44 
2271 I 145756945 44 
2272 I 145860293 44 
2273 I 146062435 44 
2274 I 146078990 44 
2275 I 146099403 44 
2276 I 146188832 44 
2277 I 146203369 44 
2278 I 146238613 44 
2279 I 146299633 44 
2280 I 146390741 44 
2281 I 146407703 44 
2282 I 146460998 44 
2283 I 146571142 44 
2284 I 146606884 44 
2285 I 146626093 44 
2286 I 146681420 44 
2287 I 146717922 44 
2288 I 146794886 44 
2289 I 146830290 44 
2290 I 146903243 44 
2291 I 146937954 44 
2292 I 147011718 44 
2293 I 147089548 44 
2294 I 147174315 44 
2295 I 147183039 44 
2296 I 147346094 44 
2297 I 147427450 44 
2298 I 147440927 44 
2299 I 147442746 44 
2300 I 147501722 44 
2301 I 147536661 44 
2302 I 147572462 44 
2303 I 147665244 44 
2304 I 147727964 44 
2305 I 147811585 44 
2306 I 147845674 44 
2307 I 147923694 44 
2308 I 147996323 44 
2309 I 148067036 44 
2310 I 148146374 44 
2311 I 148200268 44 
2312 I 148333313 44 
2313 I 148375699 44 
2314 I 148408566 44 
2315 I 148444545 44 
2316 I 148529016 44 
2317 I 148607038 44 
2318 I 148643892 44 
2319 I 148684642 44 
2320 I 148766714 44 
2321 I 148802294 44 
2322 I 148816528 44 
2323 I 148883266 44 
2324 I 148917239 44 
2325 I 149004130 44 
2326 I 149039150 44 
2327 I 149110982 44 
2328 I 149145961 44 
2329 I 149371489 44 
2330 I 149407566 44 
2331 I 149538606 44 
2332 I 149572848 44 
2333 I 149578873 44 
2334 I 149669001 44 
2335 I 149705192 44 
2336 I 149780215 44 
2337 I 149934005 44 
2338 I 149969849 44 
2339 I 150005312 44 
2340 I 150016820 44 
2341 I 150086591 44 
2342 I 150121535 44 
2343 I 150200961 44 
2344 I 150236823 44 
2345 I 150307788 44 
2346 I 150383771 44 
2347 I 150419584 44 
2348 I 150492262 44 
2349 I 150525457 44 
2350 I 150645544 44 
2351 I 150681236 44 
2352 I 150750890 44 
2353 I 150783007 44 
2354 I 150785872 44 
2355 I 150915945 44 
2356 I 150950076 44 
2357 I 151022596 44 
2358 I 151202821 44 
2359 I 151219910 44 
2360 I 151237113 44 
2361 I 151306495 44 
2362 I 151343834 44 
2363 I 151426681 44 
2364 I 151497130 44 
2365 I 151605025 44 
2366 I 151641755 44 
2367 I 151657098 44 
2368 I 151660495 44 
2369 I 151720223 44 
2370 I 151789918 44 
2371 I 151869689 44 
2372 I 151903651 44 
2373 I 152094881 44 
2374 I 152133541 44 
2375 I 152169976 44 
2376 I 152243472 44 
2377 I 152278716 44 
2378 I 152440581 44 
2379 I 152474935 44 
2380 I 152532059 44 
2381 I 152540706 44 
2382 I 152597891 44 
2383 I 152632974 44 
2384 I 152642438 44 
2385 I 152704696 44 
2386 I 152740309 44 
2387 I 152882604 44 
2388 I 152918652 44 
2389 I 152960236 44 
2390 I 152969753 44 
2391 I 153031902 44 
2392 I 153102899 44 
2393 I 153199567 44 
2394 I 153233951 44 
2395 I 153298614 44 
2396 I 153312529 44 
2397 I 153347018 44 
2398 I 153456359 44 
2399 I 153516556 44 
2400 I 153526680 44 
2401 I 153562629 44 
2402 I 153597816 44 
2403 I 153786417 44 
2404 I 153857128 44 
2405 I 153896753 44 
2406 I 153963363 44 
2407 I 154138673 44 
2408 I 154172795 44 
2409 I 154173986 44 
2410 I 154293449 44 
2411 I 154327956 44 
2412 I 154391966 44 
2413 I 154397232 44 
2414 I 154432835 44 
2415 I 154513224 44 
2416 I 154597741 44 
2417 I 154633214 44 
2418 I 154702837 44 
2419 I 154806860 44 
2420 I 154829241 44 
2421 I 154880962 44 
2422 I 154915462 44 
2423 I 154988655 44 
2424 I 155059031 44 
2425 I 155095269 44 
2426 I 155266366 44 
2427 I 155270581 44 
2428 I 155343528 44 
2429 I 155376846 44 
2430 I 155467347 44 
2431 I 155502184 44 
2432 I 155572729 44 
2433 I 155595008 44 
2434 I 155682498 44 
2435 I 155704406 44 
2436 I 155717573 44 
2437 I 155788642 44 
2438 I 155881732 44 
2439 I 155922856 44 
2440 I 156049591 44 
2441 I 156084460 44 
2442 I 156142082 44 
2443 I 156167189 44 
2444 I 156242214 44 
2445 I 156275180 44 
2446 I 156388639 44 
2447 I 156423129 44 
2448 I 156470329 44 
2449 I 156501902 44 
2450 I 156652320 44 
2451 I 156689348 44 
2452 I 156690123 44 
2453 I 156758672 44 
2454 I 156797991 44 
2455 I 156853833 44 
2456 I 156907415 44 
2457 I 157057239 44 
2458 I 157094551 44 
2459 I 157164575 44 
2460 I 157274126 44 
2461 I 157308607 44 
2462 I 157379459 44 
2463 I 157414328 44 
2464 I 157468843 44 
2465 I 157558889 44 
2466 I 157563806 44 
2467 I 157592373 44 
2468 I 157665927 44 
2469 I 157704697 44 
2470 I 157771863 44 
2471 I 157921534 44 
2472 I 157958558 44 
2473 I 158001342 44 
2474 I 158028649 44 
2475 I 158108609 44 
2476 I 158145675 44 
2477 I 158214179 44 
2478 I 158249819 44 
2479 I 158439371 44 
2480 I 158486982 44 
2481 I 158521043 44 
2482 I 158547521 44 
2483 I 158549385 44 
2484 I 158550614 44 
2485 I 158598563 44 
2486 I 158632674 44 
2487 I 158703362 44 
2488 I 158886814 44 
2489 I 158923648 44 
2490 I 158993563 44 
2491 I 159050730 44 
2492 I 159196559 44 
2493 I 159204416 44 
2494 I 159269881 44 
2495 I 159305066 44 
2496 I 159375132 44 
2497 I 159505986 44 
2498 I 159633682 44 
2499 I 159670252 44 
2500 I 159751670 44 
2501 I 159859990 44 
2502 I 159872039 44 
2503 I 159907128 44 
2504 I 159969806 44 
2505 I 159983156 44 
2506 I 160019340 44 
2507 I 160089937 44 
2508 I 160187463 44 
2509 I 160223177 44 
2510 I 160298517 44 
2511 I 160445435 44 
2512 I 160479590 44 
2513 I 160517562 44 
2514 I 160520650 44 
2515 I 160613382 44 
2516 I 160648639 44 
2517 I 160713911 44 
2518 I 160790821 44 
2519 I 160891720 44 
2520 I 160927347 44 
2521 I 160954067 44 
2522 I 161000765 44 
2523 I 161164934 44 
2524 I 161274043 44 
2525 I 161310079 44 
2526 I 161378635 44 
2527 I 161392067 44 
2528 I 161459483 44 
2529 I 161494016 44 
2530 I 161564173 44 
2531 I 161599197 44 
2532 I 161735245 44 
2533 I 161771517 44 
2534 I 161828511 44 
2535 I 161829833 44 
2536 I 161831414 44 
2537 I 161945225 44 
2538 I 161980159 44 
2539 I 162047653 44 
2540 I 162243320 44 
2541 I 162277119 44 
2542 I 162366496 44 
2543 I 162380648 44 
2544 I 162400261 44 
2545 I 162471825 44 
2546 I 162594675 44 
2547 I 162628737 44 
2548 I 162703125 44 
2549 I 162704857 44 
2550 I 162758825 44 
2551 I 162805632 44 
2552 I 162882042 44 
2553 I 162915614 44 
2554 I 163111268 44 
2555 I 163146986 44 
2556 I 163217265 44 
2557 I 163258758 44 
2558 I 163331922 44 
2559 I 163406345 44 
2560 I 163442854 44 
2561 I 163514368 44 
2562 I 163561767 44 
2563 I 163798752 44 
2564 I 163800767 44 
2565 I 163861785 44 
2566 I 163897340 44 
2567 I 164008518 44 
2568 I 164043611 44 
2569 I 164078549 44 
2570 I 164113553 44 
2571 I 164218512 44 
2572 I 164254283 44 
2573 I 164299144 44 
2574 I 164345337 44 
2575 I 164418557 44 
2576 I 164454880 44 
2577 I 164455699 44 
2578 I 164565171 44 
2579 I 164599554 44 
2580 I 164673296 44 
2581 I 164676804 44 
2582 I 164711081 44 
2583 I 164791889 44 
2584 I 164827216 44 
2585 I 164896589 44 
2586 I 164932124 44 
2587 I 165110411 44 
2588 I 165119173 44 
2589 I 165190648 44 
2590 I 165438516 44 
2591 I 165466078 44 
2592 I 165501224 44 
2593 I 165547831 44 
2594 I 165550783 44 
2595 I 165571126 44 
2596 I 165606655 44 
2597 I 165824525 44 
2598 I 165859828 44 
2599 I 165985030 44 
2600 I 166021464 44 
2601 I 166095946 44 
2602 I 166097052 44 
2603 I 166130942 44 
2604 I 166238724 44 
2605 I 166274473 44 
2606 I 166313786 44 
2607 I 166346779 44 
2608 I 166420062 44 
2609 I 166453672 44 
2610 I 166534080 44 
2611 I 166570954 44 
2612 I 166640980 44 
2613 I 166676735 44 
2614 I 166746966 44 
2615 I 166789489 44 
2616 I 166870118 44 
2617 I 166903641 44 
2618 I 166944876 44 
2619 I 167026432 44 
2620 I 167190571 44 
2621 I 167226232 44 
2622 I 167298513 44 
2623 I 167429271 44 
2624 I 167465940 44 
2625 I 167535880 44 
2626 I 167591946 44 
2627 I 167628431 44 
2628 I 167736051 44 
2629 I 167773834 44 
2630 I 167844814 44 
2631 I 167859170 44 
2632 I 167894843 44 
2633 I 167955805 44 
2634 I 167976756 44 
2635 I 168046967 44 
2636 I 168064032 44 
2637 I 168082635 44 
2638 I 168201133 44 
2639 I 168236462 44 
2640 I 168283218 44 
2641 I 168379945 44 
2642 I 168392141 44 
2643 I 168415882 44 
2644 I 168486794 44 
2645 I 168501303 44 
2646 I 168670815 44 
2647 I 168706159 44 
2648 I 168720093 44 
2649 I 168776655 44 
2650 I 168851174 44 
2651 I 168930565 44 
2652 I 168940662 44 
2653 I 168964974 44 
2654 I 169045269 44 
2655 I 169080217 44 
2656 I 169167798 44 
2657 I 169203386 44 
2658 I 169266558 44 
2659 I 169323588 44 
2660 I 169486037 44 
2661 I 169522827 44 
2662 I 169557190 44 
2663 I 169595766 44 
2664 I 169704618 44 
2665 I 169723666 44 
2666 I 169758572 44 
2667 I 169816972 44 
2668 I 169833392 44 
2669 I 169870205 44 
2670 I 169972774 44 
2671 I 170007551 44 
2672 I 170079405 44 
2673 I 170341975 44 
2674 I 170413134 44 
2675 I 170466313 44 
2676 I 170538549 44 
2677 I 170688659 44 
2678 I 170745864 44 
2679 I 170798524 44 
2680 I 170818566 44 
2681 I 170852566 44 
2682 I 170923239 44 
2683 I 171125929 44 
2684 I 171132393 44 
2685 I 171168464 44 
2686 I 171235657 44 
2687 I 171241819 44 
2688 I 171245945 44 
2689 I 171282470 44 
2690 I 171364541 44 
2691 I 171397108 44 
2692 I 171466351 44 
2693 I 171673145 44 
2694 I 171694676 44 
2695 I 171768949 44 
2696 I 171803389 44 
2697 I 171876001 44 
2698 I 171931789 44 
2699 I 171978568 44 
2700 I 172060141 44 
2701 I 172095494 44 
2702 I 172181427 44 
2703 I 172217602 44 
2704 I 172367721 44 
2705 I 172438577 44 
2706 I 172548493 44 
2707 I 172560622 44 
2708 I 172597525 44 
2709 I 172658473 44 
2710 I 172713682 44 
2711 I 172876828 44 
2712 I 172947869 44 
2713 I 172986525 44 
2714 I 173030687 44 
2715 I 173140783 44 
2716 I 173175762 44 
2717 I 173204121 44 
2718 I 173210296 44 
2719 I 173253890 44 
2720 I 173289328 44 
2721 I 173370528 44 
2722 I 173518426 44 
2723 I 173533440 44 
2724 I 173554219 44 
2725 I 173639698 44 
2726 I 173675440 44 
2727 I 173767605 44 
2728 I 173802596 44 
2729 I 173876629 44 
2730 I 173949046 44 
2731 I 173983475 44 
2732 I 174064172 44 
2733 I 174100835 44 
2734 I 174329524 44 
2735 I 174366082 44 
2736 I 174407452 44 
2737 I 174438481 44 
2738 I 174473104 44 
2739 I 174626196 44 
2740 I 174649176 44 
2741 I 174684149 44 
2742 I 174735511 44 
2743 I 174757503 44 
2744 I 174794587 44 
2745 I 174862858 44 
2746 I 174956274 44 
2747 I 175063645 44 
2748 I 175113050 44 
2749 I 175147554 44 
2750 I 175266653 44 
2751 I 175301881 44 
2752 I 175379520 44 
2753 I 175391907 44 
2754 I 175414633 44 
2755 I 175611239 44 
2756 I 175727338 44 
2757 I 175764374 44 
2758 I 175829276 44 
2759 I 175830365 44 
2760 I 175835793 44 
2761 I 175871084 44 
2762 I 175986318 44 
2763 I 176021476 44 
2764 I 176048511 44 
2765 I 176093037 44 
2766 I 176188997 44 
2767 I 176257815 44 
2768 I 176294588 44 
2769 I 176329027 44 
2770 I 176402166 44 
2771 I 176436501 44 
2772 I 176617649 44 
2773 I 176687770 44 
2774 I 176836335 44 
2775 I 176923218 44 
2776 I 177078362 44 
2777 I 177113923 44 
2778 I 177141882 44 
2779 I 177224023 44 
2780 I 177261282 44 
2781 I 177336393 44 
2782 I 177373188 44 
2783 I 177525317 44 
2784 I 177579686 44 
2785 I 177610241 44 
2786 I 177644004 44 
2787 I 177721192 44 
2788 I 177756454 44 
2789 I 177860253 44 
2790 I 177934460 44 
2791 I 178020217 44 
2792 I 178053818 44 
2793 I 178259730 44 
2794 I 178294526 44 
2795 I 178346177 44 
2796 I 178383477 44 
2797 I 178564954 44 
2798 I 178674146 44 
2799 I 178764177 44 
2800 I 178782607 44 
2801 I 178799610 44 
2802 I 178989040 44 
2803 I 179024676 44 
2804 I 179120569 44 
2805 I 179174676 44 
2806 I 179246039 44 
2807 I 179353200 44 
2808 I 179386933 44 
2809 I 179438596 44 
2810 I 179468608 44 
2811 I 179528808 44 
2812 I 179616149 44 
2813 I 179650939 44 
2814 I 179657324 44 
2815 I 179873812 44 
2816 I 179876265 44 
2817 I 179911014 44 
2818 I 180088347 44 
2819 I 180095264 44 
2820 I 180100345 44 
2821 I 180122148 44 
2822 I 180189738 44 
2823 I 180225518 44 
2824 I 180300447 44 
2825 I 180334800 44 
2826 I 180532316 44 
2827 I 180568337 44 
2828 I 180661727 44 
2829 I 180696882 44 
2830 I 180802509 44 
2831 I 180860298 44 
2832 I 180875652 44 
2833 I 180954169 44 
2834 I 180987528 44 
2835 I 181061044 44 
2836 I 181096142 44 
2837 I 181293741 44 
2838 I 181328421 44 
2839 I 181436951 44 
2840 I 181472450 44 
2841 I 181516723 44 
2842 I 181591694 44 
2843 I 181626379 44 
2844 I 181627759 44 
2845 I 181738423 44 
2846 I 181773872 44 
2847 I 181845360 44 
2848 I 181853835 44 
2849 I 181890499 44 
2850 I 181963615 44 
2851 I 182033676 44 
2852 I 182069169 44 
2853 I 182282388 44 
2854 I 182408386 44 
2855 I 182442578 44 
2856 I 182501308 44 
2857 I 182515857 44 
2858 I 182551620 44 
2859 I 182622447 44 
2860 I 182695340 44 
2861 I 182730677 44 
2862 I 182858409 44 
2863 I 182894736 44 
2864 I 182938705 44 
2865 I 182968392 44 
2866 I 183003668 44 
2867 I 183081494 44 
2868 I 183114870 44 
2869 I 183198466 44 
2870 I 183268546 44 
2871 I 183305828 44 
2872 I 183341724 44 
2873 I 183568439 44 
2874 I 183603271 44 
2875 I 183680217 44 
2876 I 183715682 44 
2877 I 183923259 44 
2878 I 183930896 44 
2879 I 183985646 44 
2880 I 184022679 44 
2881 I 184096785 44 
2882 I 184129261 44 
2883 I 184259647 44 
2884 I 184297296 44 
2885 I 184360870 44 
2886 I 184375705 44 
2887 I 184410891 44 
2888 I 184481145 44 
2889 I 184574439 44 
2890 I 184609284 44 
2891 I 184680195 44 
2892 I 184689363 44 
2893 I 184716267 44 
2894 I 184797417 44 
2895 I 184835639 44 
2896 I 185016810 44 
2897 I 185117163 44 
2898 I 185126207 44 
2899 I 185186660 44 
2900 I 185222195 44 
2901 I 185235479 44 
2902 I 185259434 44 
2903 I 185350486 44 
2904 I 185385034 44 
2905 I 185569490 44 
2906 I 185605537 44 
2907 I 185705520 44 
2908 I 185741657 44 
2909 I 185782523 44 
2910 I 185958357 44 
2911 I 185993805 44 
2912 I 186074284 44 
2913 I 186114492 44 
2914 I 186183024 44 
2915 I 186218775 44 
2916 I 186293462 44 
2917 I 186324822 44 
2918 I 186396056 44 
2919 I 186475205 44 
2920 I 186510491 44 
2921 I 186639666 44 
2922 I 186657556 44 
2923 I 186673902 44 
2924 I 186824794 44 
2925 I 186875761 44 
2926 I 186935523 44 
2927 I 186985903 44 
2928 I 187007686 44 
2929 I 187086106 44 
2930 I 187095279 44 
2931 I 187122354 44 
2932 I 187206954 44 
2933 I 187243003 44 
2934 I 187313388 44 
2935 I 187348720 44 
2936 I 187599989 44 
2937 I 187635705 44 
2938 I 187825694 44 
2939 I 187861541 44 
2940 I 187931141 44 
2941 I 188025334 44 
2942 I 188079692 44 
2943 I 188104230 44 
2944 I 188140576 44 
2945 I 188210939 44 
2946 I 188246548 44 
2947 I 188355305 44 
2948 I 188388932 44 
2949 I 188469759 44 
2950 I 188503090 44 
2951 I 188575220 44 
2952 I 188628871 44 
2953 I 188797557 44 
2954 I 188831980 44 
2955 I 188845320 44 
2956 I 188846814 44 
2957 I 188848521 44 
2958 I 188915260 44 
2959 I 188950273 44 
2960 I 189053743 44 
2961 I 189127263 44 
2962 I 189163410 44 
2963 I 189173521 44 
2964 I 189250364 44 
2965 I 189358881 44 
2966 I 189392258 44 
2967 I 189395924 44 
2968 I 189501321 44 
2969 I 189531801 44 
2970 I 189567494 44 
2971 I 189763613 44 
2972 I 189798465 44 
2973 I 189868524 44 
2974 I 189904548 44 
2975 I 190090859 44 
2976 I 190124757 44 
2977 I 190314406 44 
2978 I 190346543 44 
2979 I 190377457 44 
2980 I 190416929 44 
2981 I 190454498 44 
2982 I 190523768 44 
2983 I 190557243 44 
2984 I 190749406 44 
2985 I 190785843 44 
2986 I 190818846 44 
2987 I 190824607 44 
2988 I 190903903 44 
2989 I 190937733 44 
2990 I 191080923 44 
2991 I 191116338 44 
2992 I 191142523 44 
2993 I 191188688 44 
2994 I 191277643 44 
2995 I 191351154 44 
2996 I 191360696 44 
2997 I 191406212 44 
2998 I 191475933 44 
2999 I 191584313 44 
3000 I 191618454 44 
3001 I 191689124 44 
3002 I 191720265 44 
3003 I 191755824 44 
3004 I 191798542 44 
3005 I 191825405 44 
3006 I 191916070 44 
3007 I 191950124 44 
3008 I 191985063 44 
3009 I 192017080 44 
3010 I 192214604 44 
3011 I 192250263 44 
3012 I 192345326 44 
3013 I 192477292 44 
3014 I 192512251 44 
3015 I 192548357 44 
3016 I 192583157 44 
3017 I 192724480 44 
3018 I 192760180 44 
3019 I 192855216 44 
3020 I 192891780 44 
3021 I 192930964 44 
3022 I 192965595 44 
3023 I 193111022 44 
3024 I 193301438 44 
3025 I 193336734 44 
3026 I 193436914 44 
3027 I 193468387 44 
3028 I 193545164 44 
3029 I 193548308 44 
3030 I 193620012 44 
3031 I 193692761 44 
3032 I 193725632 44 
3033 I 193850343 44 
3034 I 193876429 44 
3035 I 193884141 44 
3036 I 193999095 44 
3037 I 194035498 44 
3038 I 194095366 44 
3039 I 194104378 44 
3040 I 194356984 44 
3041 I 194392786 44 
3042 I 194424032 44 
3043 I 194430922 44 
3044 I 194461547 44 
3045 I 194498353 44 
3046 I 194570074 44 
3047 I 194606037 44 
3048 I 194760236 44 
3049 I 194794529 44 
3050 I 194913690 44 
3051 I 194949791 44 
3052 I 194969689 44 
3053 I 195065019 44 
3054 I 195100813 44 
3055 I 195189048 44 
3056 I 195229241 44 
3057 I 195302920 44 
3058 I 195339513 44 
3059 I 195406278 44 
3060 I 195514205 44 
3061 I 195550585 44 
3062 I 195620504 44 
3063 I 195626024 44 
3064 I 195656662 44 
3065 I 195791188 44 
3066 I 195824060 44 
3067 I 195896165 44 
3068 I 195965286 44 
3069 I 196000967 44 
3070 I 196071459 44 
3071 I 196163606 44 
3072 I 196212588 44 
3073 I 196283014 44 
3074 I 196297098 44 
3075 I 196498764 44 
3076 I 196501361 44 
3077 I 196535676 44 
3078 I 196726884 44 
3079 I 196760887 44 
3080 I 196849022 44 
3081 I 196939505 44 
3082 I 196946381 44 
3083 I 197024891 44 
3084 I 197048326 44 
3085 I 197059941 44 
3086 I 197131655 44 
3087 I 197165293 44 
3088 I 197238717 44 
3089 I 197273294 44 
3090 I 197355435 44 
3091 I 197391603 44 
3092 I 197522960 44 
3093 I 197558574 44 
3094 I 197567676 44 
3095 I 197580531 44 
3096 I 197595502 44 
3097 I 197655606 44 
3098 I 197691207 44 
3099 I 197765429 44 
3100 I 197800180 44 
3101 I 198011405 44 
3102 I 198046916 44 
3103 I 198116484 44 
3104 I 198151850 44 
3105 I 198152906 44 
3106 I 198256792 44 
3107 I 198292351 44 
3108 I 198360888 44 
3109 I 198362727 44 
3110 I 198542205 44 
3111 I 198577187 44 
3112 I 198649156 44 
3113 I 198798445 44 
3114 I 198931596 44 
3115 I 198966343 44 
3116 I 199002251 44 
3117 I 199093295 44 
3118 I 199126330 44 
3119 I 199127248 44 
3120 I 199254053 44 
3121 I 199288340 44 
3122 I 199359439 44 
3123 I 199466490 44 
3124 I 199565276 44 
3125 I 199566698 44 
3126 I 199599906 44 
3127 I 199672642 44 
3128 I 199674222 44 
3129 I 199708554 44 
3130 I 199962010 44 
3131 I 199996744 44 
3132 I 200182964 44 
3133 I 200217514 44 
3134 I 200220078 44 
3135 I 200295635 44 
3136 I 200404531 44 
3137 I 200442083 44 
3138 I 200528373 44 
3139 I 200564743 44 
3140 I 200661706 44 
3141 I 200749117 44 
3142 I 200790302 44 
3143 I 200825574 44 
3144 I 200862218 44 
3145 I 200986669 44 
3146 I 201160660 44 
3147 I 201195923 44 
3148 I 201268315 44 
3149 I 201390497 44 
3150 I 201423721 44 
3151 I 201462316 44 
3152 I 201497105 44 
3153 I 201584800 44 
3154 I 201622164 44 
3155 I 201642241 44 
3156 I 201734231 44 
3157 I 201768370 44 
3158 I 201948320 44 
3159 I 202023603 44 
3160 I 202058312 44 
3161 I 202147243 44 
3162 I 202189054 44 
3163 I 202236953 44 
3164 I 202298904 44 
3165 I 202322980 44 
3166 I 202360229 44 
3167 I 202505412 44 
3168 I 202626501 44 
3169 I 202720405 44 
3170 I 202735837 44 
3171 I 202754539 44 
3172 I 202824872 44 
3173 I 202915156 44 
3174 I 202950283 44 
3175 I 202954853 44 
3176 I 203049332 52 
3177 I 203097318 44 
3178 I 203240365 44 
3179 I 203282653 44 
3180 I 203392086 44 
3181 I 203462898 44 
3182 I 203498714 44 
3183 I 203568372 44 
3184 I 203604328 44 
3185 I 203691821 44 
3186 I 203728657 44 
3187 I 203829367 44 
3188 I 203851735 44 
3189 I 203939761 44 
3190 I 203941818 44 
3191 I 203996111 44 
3192 I 204048344 44 
3193 I 204089144 44 
3194 I 204158261 44 
3195 I 204267214 44 
3196 I 204486127 44 
3197 I 204530133 44 
3198 I 204565098 44 
3199 I 204692919 44 
3200 I 204728301 44 
3201 I 204824389 44 
3202 I 204854188 44 
3203 I 204924175 44 
3204 I 204942007 44 
3205 I 205014347 44 
3206 I 205032437 44 
3207 I 205084401 44 
3208 I 205174748 44 
3209 I 205211324 44 
3210 I 205213086 44 
3211 I 205252895 44 
3212 I 205325591 44 
3213 I 205361054 44 
3214 I 205396261 44 
3215 I 205431029 44 
3216 I 205501333 44 
3217 I 205538321 44 
3218 I 205652457 44 
3219 I 205907399 44 
3220 I 205910821 44 
3221 I 206100703 44 
3222 I 206356236 44 
3223 I 206391958 44 
3224 I 206503115 44 
3225 I 206564262 44 
3226 I 206573742 44 
3227 I 206612568 44 
3228 I 206734206 44 
3229 I 206771444 44 
3230 I 206842892 44 
3231 I 206912744 44 
3232 I 207006785 44 
3233 I 207041286 44 
3234 I 207110804 44 
3235 I 207111936 44 
3236 I 207216905 44 
3237 I 207251569 44 
3238 I 207472929 44 
3239 I 207508277 44 
3240 I 207658279 44 
3241 I 207843786 44 
3242 I 207878468 44 
3243 I 207950879 44 
3244 I 208023280 44 
3245 I 208057589 44 
3246 I 208133209 44 
3247 I 208167464 44 
3248 I 208266351 44 
3249 I 208504623 44 
3250 I 208533012 44 
3251 I 208539084 44 
3252 I 208540123 44 
3253 I 208680557 44 
3254 I 208716258 44 
3255 I 208751727 44 
3256 I 208777598 44 
3257 I 208848239 44 
3258 I 208918610 44 
3259 I 209056507 44 
3260 I 209079806 44 
3261 I 209092028 44 
3262 I 209166077 44 
3263 I 209200398 44 
3264 I 209563470 44 
3265 I 209597535 44 
3266 I 209672648 44 
3267 I 209709359 44 
3268 I 209819818 44 
3269 I 209958306 44 
3270 I 209993127 44 
3271 I 210065705 44 
3272 I 210103827 44 
3273 I 210173405 44 
3274 I 210434472 44 
3275 I 210501308 44 
3276 I 210550819 44 
3277 I 210587257 44 
3278 I 210610895 44 
3279 I 210745417 44 
3280 I 210780222 44 
3281 I 210940643 44 
3282 I 210941856 44 
3283 I 210943145 52 
3284 I 211060488 44 
3285 I 211095835 44 
3286 I 211158202 44 
3287 I 211170683 44 
3288 I 211205108 44 
3289 I 211416217 44 
3290 I 211450005 44 
3291 I 211562181 44 
3292 I 211595321 44 
3293 I 211596581 44 
3294 I 211707020 44 
3295 I 211743273 44 
3296 I 212017409 44 
3297 I 212034869 44 
3298 I 212086948 44 
3299 I 212141821 44 
3300 I 212248971 44 
3301 I 212283891 44 
3302 I 212411327 44 
3303 I 212446531 44 
3304 I 212481784 44 
3305 I 212514426 44 
3306 I 212591452 44 
3307 I 212627177 44 
3308 I 212704895 44 
3309 I 212741252 44 
3310 I 212845968 44 
3311 I 212969470 44 
3312 I 213050574 44 
3313 I 213086431 44 
3314 I 213091483 44 
3315 I 213163438 44 
3316 I 213198272 44 
3317 I 213344897 44 
3318 I 213454837 44 
3319 I 213548498 44 
3320 I 213584111 44 
3321 I 213691477 44 
3322 I 213726128 44 
3323 I 213929956 44 
3324 I 214095447 44 
3325 I 214131192 44 
3326 I 214244509 44 
3327 I 214279785 44 
3328 I 214353788 44 
3329 I 214390152 44 
3330 I 214475813 44 
3331 I 214511508 44 
3332 I 214951078 44 
3333 I 214986009 44 
3334 I 214987315 44 
3335 I 215172789 44 
3336 I 215207581 44 
3337 I 215408182 44 
3338 I 215442072 44 
3339 I 215628251 44 
3340 I 215663482 44 
3341 I 215742105 44 
3342 I 215776833 44 
3343 I 215846594 44 
3344 I 216149719 44 
3345 I 216184375 44 
3346 I 216189532 44 
3347 I 216254649 44 
3348 I 216408197 44 
3349 I 216516787 44 
3350 I 216618257 44 
3351 I 216650829 44 
3352 I 216763286 44 
3353 I 216798347 44 
3354 I 216871031 44 
3355 I 217062662 44 
3356 I 217114836 44 
3357 I 217164240 44 
3358 I 217359714 44 
3359 I 217412516 44 
3360 I 217501302 44 
3361 I 217536417 44 
3362 I 217611247 44 
3363 I 217623842 44 
3364 I 217658756 44 
3365 I 217730241 44 
3366 I 217939888 44 
3367 I 218048492 44 
3368 I 218051330 44 
3369 I 218153961 44 
3370 I 218161332 44 
3371 I 218190254 44 
3372 I 218225115 44 
3373 I 218260278 44 
3374 I 218485722 44 
3375 I 218503917 44 
3376 I 218539619 44 
3377 I 218548850 44 
3378 I 218549957 52 
3379 I 218595214 44 
3380 I 218711002 44 
3381 I 218808284 44 
3382 I 218845415 44 
3383 I 218933778 44 
3384 I 218969267 44 
3385 I 219081224 44 
3386 I 219114915 44 
3387 I 219143255 44 
3388 I 219267136 44 
3389 I 219313414 44 
3390 I 219345782 44 
3391 I 219361154 44 
3392 I 219362240 44 
3393 I 219672224 44 
3394 I 219698933 44 
3395 I 219736669 44 
3396 I 219771263 44 
3397 I 219806880 44 
3398 I 219880054 44 
3399 I 219915291 44 
3400 I 220072530 44 
3401 I 220106144 44 
3402 I 220178475 44 
3403 I 220214420 44 
3404 I 220283784 44 
3405 I 220418358 44 
3406 I 220453652 44 
3407 I 220455553 44 
3408 I 220460644 44 
3409 I 220527276 44 
3410 I 220563456 44 
3411 I 220638331 44 
3412 I 220673856 44 
3413 I 220709351 44 
3414 I 220711799 44 
3415 I 221241750 44 
3416 I 221276201 44 
3417 I 221330125 44 
3418 I 221438620 44 
3419 I 221533010 44 
3420 I 221568394 44 
3421 I 221689235 44 
3422 I 221725585 44 
3423 I 221767237 44 
3424 I 221818974 44 
3425 I 221892571 44 
3426 I 221928510 44 
3427 I 222003719 44 
3428 I 222038340 44 
3429 I 222177169 44 
3430 I 222248318 44 
3431 I 222423179 44 
3432 I 222466663 44 
3433 I 222501305 44 
3434 I 222533072 44 
3435 I 222542003 44 
3436 I 222831201 44 
3437 I 222901228 44 
3438 I 223118160 44 
3439 I 223152819 44 
3440 I 223269893 44 
3441 I 223304148 44 
3442 I 223455425 44 
3443 I 223491005 44 
3444 I 223561465 44 
3445 I 223633551 44 
3446 I 223784645 44 
3447 I 223825812 44 
3448 I 223845524 44 
3449 I 223851053 44 
3450 I 224053550 44 
3451 I 224064248 44 
3452 I 224088648 44 
3453 I 224162858 44 
3454 I 224465584 44 
3455 I 224501945 44 
3456 I 224502729 44 
3457 I 224571618 44 
3458 I 224607318 44 
3459 I 224819453 52 
3460 I 224921473 44 
3461 I 224956716 44 
3462 I 225067070 44 
3463 I 225102260 44 
3464 I 225153616 44 
3465 I 225352956 44 
3466 I 225424745 44 
3467 I 225495063 44 
3468 I 225531530 44 
3469 I 225567473 44 
3470 I 225641512 44 
3471 I 225676067 44 
3472 I 225746878 44 
3473 I 225828944 44 
3474 I 225908209 44 
3475 I 225976439 44 
3476 I 226011587 44 
3477 I 226018140 44 
3478 I 226019033 52 
3479 I 226045359 44 
3480 I 226124479 44 
3481 I 226159250 44 
3482 I 226231226 44 
3483 I 226266336 44 
3484 I 226778216 44 
3485 I 226798311 44 
3486 I 226811864 44 
3487 I 226848483 44 
3488 I 226884690 44 
3489 I 226961888 44 
3490 I 226996166 44 
3491 I 226998248 44 
3492 I 227087097 44 
3493 I 227123748 44 
3494 I 227389439 44 
3495 I 227425342 44 
3496 I 227548353 44 
3497 I 227583564 44 
3498 I 227673422 44 
3499 I 227735822 44 
3500 I 227772078 44 
3501 I 227784746 44 
3502 I 227808049 44 
3503 I 227849126 44 
3504 I 227919871 44 
3505 I 228002219 44 
3506 I 228041732 44 
3507 I 228076315 44 
3508 I 228110928 44 
3509 I 228296801 44 
3510 I 228334356 44 
3511 I 228555137 44 
3512 I 228628194 44 
3513 I 228663759 44 
3514 I 228734853 44 
3515 I 228771188 44 
3516 I 228903158 44 
3517 I 228938798 44 
3518 I 229012193 44 
3519 I 229046729 44 
3520 I 229119829 44 
3521 I 229154973 44 
3522 I 229229786 44 
3523 I 229266431 44 
3524 I 229504701 44 
3525 I 229533053 44 
3526 I 229539503 44 
3527 I 229611111 44 
3528 I 229642144 44 
3529 I 229752062 44 
3530 I 229861790 44 
3531 I 229899126 44 
3532 I 229934380 44 
3533 I 229970545 44 
3534 I 230136056 44 
3535 I 230172778 44 
3536 I 230206073 44 
3537 I 230408853 44 
3538 I 230533127 44 
3539 I 230568835 44 
3540 I 230656054 44 
3541 I 230774817 44 
3542 I 230809773 44 
3543 I 230845414 44 
3544 I 230880832 44 
3545 I 231151868 44 
3546 I 231283008 44 
3547 I 231392763 44 
3548 I 231396169 44 
3549 I 231451174 44 
3550 I 231499653 44 
3551 I 231578254 44 
3552 I 231615694 44 
3553 I 231684617 44 
3554 I 231720124 44 
3555 I 231791124 44 
3556 I 231862250 44 
3557 I 231915334 44 
3558 I 231986618 44 
3559 I 232158234 44 
3560 I 232159580 44 
3561 I 232191320 44 
3562 I 232268192 44 
3563 I 232272847 44 
3564 I 232361344 44 
3565 I 232486083 44 
3566 I 232646079 44 
3567 I 232648115 44 
3568 I 232690627 44 
3569 I 232730165 44 
3570 I 232764866 44 
3571 I 232990826 44 
3572 I 233025993 44 
3573 I 233032421 44 
3574 I 233184450 44 
3575 I 233221167 44 
3576 I 233251908 44 
3577 I 233408980 44 
3578 I 233484290 44 
3579 I 233519546 44 
3580 I 233630310 44 
3581 I 233688874 44 
3582 I 233708177 44 
3583 I 233744117 44 
3584 I 233819953 44 
3585 I 234053706 44 
3586 I 234088503 44 
3587 I 234127021 44 
3588 I 234317178 44 
3589 I 234345557 44 
3590 I 234409073 44 
3591 I 234445233 44 
3592 I 234783198 44 
3593 I 234806185 44 
3594 I 234841764 44 
3595 I 234892540 44 
3596 I 234912734 44 
3597 I 235037330 44 
3598 I 235071734 44 
3599 I 235112876 44 
3600 I 235411518 44 
3601 I 235439611 44 
3602 I 235445479 44 
3603 I 235538207 44 
3604 I 235608555 44 
3605 I 235644141 44 
3606 I 235714902 44 
3607 I 235904630 44 
3608 I 235938907 44 
3609 I 236015166 44 
3610 I 236314009 44 
3611 I 236423114 44 
3612 I 236478567 44 
3613 I 236547049 44 
3614 I 236692675 44 
3615 I 236751590 44 
3616 I 236781920 44 
3617 I 236819962 44 
3618 I 237052475 44 
3619 I 237080823 44 
3620 I 237085623 44 
3621 I 237298787 44 
3622 I 237428098 44 
3623 I 237526719 44 
3624 I 237562463 44 
3625 I 237597385 44 
3626 I 237708946 44 
3627 I 237845629 44 
3628 I 237929583 44 
3629 I 238115368 44 
3630 I 238150567 44 
3631 I 238159448 52 
3632 I 238263546 44 
3633 I 238298577 44 
3634 I 238581697 44 
3635 I 238688065 44 
3636 I 238706569 44 
3637 I 238829633 44 
3638 I 238919640 44 
3639 I 238954711 44 
3640 I 239043742 44 
3641 I 239078327 44 
3642 I 239152942 44 
3643 I 239194962 44 
3644 I 239301438 44 
3645 I 239338073 44 
3646 I 239376800 44 
3647 I 239679779 44 
3648 I 240018609 44 
3649 I 240052642 44 
3650 I 240125190 44 
3651 I 240161647 44 
3652 I 240478637 44 
3653 I 240513762 44 
3654 I 240548507 44 
3655 I 240621732 44 
3656 I 240657105 44 
3657 I 240727480 44 
3658 I 240762964 44 
3659 I 240863580 44 
3660 I 240898801 44 
3661 I 240970931 44 
3662 I 241005315 44 
3663 I 241078062 44 
3664 I 241236057 44 
3665 I 241345753 52 
3666 I 241713673 44 
3667 I 241923336 44 
3668 I 242111334 44 
3669 I 242112903 44 
3670 I 242220726 44 
3671 I 242238694 44 
3672 I 242274336 44 
3673 I 242353894 44 
3674 I 242423659 44 
3675 I 242496801 44 
3676 I 242532306 44 
3677 I 242602998 44 
3678 I 242676443 44 
3679 I 242711123 44 
3680 I 242783166 44 
3681 I 242826599 44 
3682 I 242956311 44 
3683 I 242988022 44 
3684 I 242990107 44 
3685 I 243060964 44 
3686 I 243095596 44 
3687 I 243101278 44 
3688 I 244076832 44 
3689 I 244079838 44 
3690 I 244112146 44 
3691 I 244127412 44 
3692 I 244146383 44 
3693 I 244190640 44 
3694 I 244198051 44 
3695 I 244268084 44 
3696 I 244322639 44 
3697 I 244395269 44 
3698 I 244431208 44 
3699 I 244506074 44 
3700 I 244542318 44 
3701 I 244612047 44 
3702 I 244704350 44 
3703 I 244736732 44 
3704 I 244738966 44 
3705 I 244813985 44 
3706 I 244848285 44 
3707 I 245030449 44 
3708 I 245064124 44 
3709 I 245065564 44 
3710 I 245067052 44 
3711 I 245100968 44 
3712 I 245322100 44 
3713 I 245501502 44 
3714 I 245623368 44 
3715 I 245659158 44 
3716 I 245750568 44 
3717 I 245785793 44 
3718 I 245823584 44 
3719 I 245854654 44 
3720 I 245872333 44 
3721 I 246134542 44 
3722 I 246170232 44 
3723 I 246347028 44 
3724 I 246376701 44 
3725 I 246595139 44 
3726 I 246780977 44 
3727 I 246795279 44 
3728 I 246870144 44 
3729 I 246944992 44 
3730 I 246995393 44 
3731 I 247033118 44 
3732 I 247106267 44 
3733 I 247141686 44 
3734 I 247181402 44 
3735 I 247260819 44 
3736 I 247294990 44 
3737 I 247333948 44 
3738 I 247418081 44 
3739 I 247503403 44 
3740 I 247539909 44 
3741 I 247689051 44 
3742 I 247798804 44 
3743 I 247820400 44 
3744 I 247851879 44 
3745 I 247967175 44 
3746 I 248109132 44 
3747 I 248345539 44 
3748 I 248351662 44 
3749 I 248425089 44 
3750 I 248455436 44 
3751 I 248464371 44 
3752 I 248470807 44 
3753 I 248472777 52 
3754 I 248501276 44 
3755 I 248564332 44 
3756 I 248652310 44 
3757 I 248687042 44 
3758 I 248782696 44 
3759 I 248869648 44 
3760 I 248905201 44 
3761 I 248977421 44 
3762 I 249330762 44 
3763 I 249432654 44 
3764 I 249439561 44 
3765 I 249484409 44 
3766 I 249548788 44 
3767 I 249560038 44 
3768 I 249609710 44 
3769 I 249650990 44 
3770 I 249693824 44 
3771 I 249767322 44 
3772 I 249855894 44 
3773 I 249891114 44 
3774 I 249963965 44 
3775 I 250048078 44 
3776 I 250204385 44 
3777 I 250248376 44 
3778 I 250523233 44 
3779 I 250533283 44 
3780 I 250598047 44 
3781 I 250751746 44 
3782 I 250753235 44 
3783 I 250805579 44 
3784 I 250875645 44 
3785 I 251078681 44 
3786 I 251079480 44 
3787 I 251080974 44 
3788 I 251191863 44 
3789 I 251228465 44 
3790 I 251299152 44 
3791 I 251300029 44 
3792 I 251374774 44 
3793 I 251736495 44 
3794 I 251948090 44 
3795 I 251982015 44 
3796 I 252099108 44 
3797 I 252133770 44 
3798 I 252169442 44 
3799 I 252173608 44 
3800 I 252242906 44 
3801 I 252326671 44 
3802 I 252363232 44 
3803 I 252514974 44 
3804 I 252550524 44 
3805 I 252625018 44 
3806 I 252780388 44 
3807 I 252938812 44 
3808 I 253006467 44 
3809 I 253040220 44 
3810 I 253049082 44 
3811 I 253128236 44 
3812 I 253160732 44 
3813 I 253198716 44 
3814 I 253376607 44 
3815 I 253419760 44 
3816 I 253456759 44 
3817 I 253486034 44 
3818 I 253657891 44 
3819 I 253693079 44 
3820 I 253969241 44 
3821 I 254004503 44 
3822 I 254085160 44 
3823 I 254111196 44 
3824 I 254127858 44 
3825 I 254143611 44 
3826 I 254190259 44 
3827 I 254225729 44 
3828 I 254300752 44 
3829 I 254335910 44 
3830 I 254429168 44 
3831 I 254689098 44 
3832 I 254769538 44 
3833 I 254804908 44 
3834 I 255269909 44 
3835 I 255301236 44 
3836 I 255328057 44 
3837 I 255336886 44 
3838 I 255429086 44 
3839 I 255659257 44 
3840 I 255673784 44 
3841 I 255681529 44 
3842 I 255693222 44 
3843 I 255782724 44 
3844 I 255871134 44 
3845 I 255906810 44 
3846 I 255943500 44 
3847 I 256016125 44 
3848 I 256053869 44 
3849 I 256424256 44 
3850 I 256518337 44 
3851 I 256551941 44 
3852 I 256553826 44 
3853 I 256626819 44 
3854 I 256658113 44 
3855 I 256661504 44 
3856 I 256732222 44 
3857 I 257278051 44 
3858 I 257313854 44 
3859 I 257392836 44 
3860 I 257428512 44 
3861 I 257651779 44 
3862 I 257861176 44 
3863 I 257970429 44 
3864 I 258069503 44 
3865 I 258104254 44 
3866 I 258180647 44 
3867 I 258189613 44 
3868 I 258215657 44 
3869 I 258290941 44 
3870 I 258327945 44 
3871 I 258593283 44 
3872 I 258627966 44 
3873 I 258884154 44 
3874 I 258924629 44 
3875 I 258964180 44 
3876 I 258999857 44 
3877 I 259121572 44 
3878 I 259157901 44 
3879 I 259395779 44 
3880 I 259465011 44 
3881 I 259501682 44 
3882 I 259608408 44 
3883 I 259612277 52 
3884 I 259644480 44 
3885 I 259707126 44 
3886 I 259752495 44 
3887 I 259791582 44 
3888 I 259827918 44 
3889 I 259830754 44 
3890 I 260185228 44 
3891 I 260221446 44 
3892 I 260291740 44 
3893 I 260488090 44 
3894 I 260488884 44 
3895 I 260573667 44 
3896 I 260581248 44 
3897 I 260651668 44 
3898 I 260652612 44 
3899 I 260685815 44 
3900 I 260705457 44 
3901 I 260838366 52 
3902 I 260875541 44 
3903 I 260912158 44 
3904 I 261145866 44 
3905 I 261216367 44 
3906 I 261287974 44 
3907 I 261413541 44 
3908 I 261579912 44 
3909 I 262104222 44 
3910 I 262175522 44 
3911 I 262211783 44 
3912 I 262454841 44 
3913 I 263004757 44 
3914 I 263036551 44 
3915 I 263066811 44 
3916 I 263397179 44 
3917 I 263430361 44 
3918 I 263465400 44 
3919 I 264071236 44 
3920 I 264106802 44 
3921 I 264141215 44 
3922 I 264142293 44 
3923 I 264393280 52 
3924 I 264705050 44 
3925 I 265042523 44 
3926 I 265090485 52 
3927 I 265303670 44 
3928 I 266103248 44 
3929 I 266139884 44 
3930 I 266274799 44 
3931 I 266501999 44 
3932 I 266939051 44 
3933 I 267151897 44 
3934 I 267188045 44 
3935 I 267358144 44 
3936 I 267393818 44 
3937 I 267486721 44 
3938 I 267656113 44 
3939 I 268081633 44 
3940 I 268216542 44 
3941 I 268687970 44 
3942 I 268765460 44 
3943 I 268952839 44 
3944 I 269017903 44 
3945 I 269022468 44 
3946 I 269023583 44 
3947 I 269277853 44 
3948 I 269892122 44 
3949 I 269902007 44 
3950 I 270088311 44 
3951 I 270158983 44 
3952 I 270221044 44 
3953 I 270277988 44 
3954 I 270312789 44 
3955 I 270330370 44 
3956 I 270369168 44 
3957 I 270435252 44 
3958 I 270473742 44 
3959 I 270605091 44 
3960 I 270686835 44 
3961 I 270980190 44 
3962 I 271050520 44 
3963 I 271198532 44 
3964 I 271461823 44 
3965 I 271532478 44 
3966 I 271714884 44 
3967 I 271748674 44 
3968 I 271820757 44 
3969 I 272046613 44 
3970 I 272087886 44 
3971 I 272136997 44 
3972 I 272173810 44 
3973 I 272253532 44 
3974 I 272287102 44 
3975 I 272356766 44 
3976 I 272518180 44 
3977 I 272736454 44 
3978 I 272845638 44 
3979 I 273030500 44 
3980 I 273067856 44 
3981 I 273068857 44 
3982 I 273079885 44 
3983 I 273216960 44 
3984 I 273369577 44 
3985 I 273406453 44 
3986 I 273596343 44 
3987 I 273610881 44 
3988 I 273787829 44 
3989 I 273821113 44 
3990 I 273948772 44 
3991 I 273955392 44 
3992 I 273958659 52 
3993 I 273959599 52 
3994 I 273961266 52 
3995 I 273962530 52 
3996 I 274158378 44 
3997 I 274257780 44 
3998 I 274293531 44 
3999 I 274373444 44 
4000 I 274409341 44 
4001 I 274449621 44 
4002 I 274778754 44 
4003 I 274814542 44 
4004 I 274851909 44 
4005 I 274920846 44 
4006 I 274957909 44 
4007 I 274959221 44 
4008 I 274960885 44 
4009 I 274962444 44 
4010 I 274963549 44 
4011 I 275071559 44 
4012 I 275329407 44 
4013 I 275365491 44 
4014 I 275585133 44 
4015 I 275621462 44 
4016 I 275935563 44 
4017 I 275972870 44 
4018 I 276088537 44 
4019 I 276124495 44 
4020 I 276128060 44 
4021 I 276195980 44 
4022 I 276585266 44 
4023 I 276619189 44 
4024 I 276902735 44 
4025 I 276937837 44 
4026 I 277168260 44 
4027 I 277204238 44 
4028 I 277275212 44 
4029 I 277439736 44 
4030 I 277555677 44 
4031 I 277590438 44 
4032 I 277661531 44 
4033 I 277702435 44 
4034 I 277789010 52 
4035 I 277972410 44 
4036 I 278011858 44 
4037 I 278081607 44 
4038 I 278204939 44 
4039 I 278405343 44 
4040 I 278424011 44 
4041 I 278425226 44 
4042 I 278426727 44 
4043 I 278443098 44 
4044 I 278489906 44 
4045 I 278533432 44 
4046 I 279017829 44 
4047 I 279052585 44 
4048 I 279080166 44 
4049 I 279081757 44 
4050 I 279083404 44 
4051 I 279124434 44 
4052 I 279252678 44 
4053 I 279288607 44 
4054 I 279298636 44 
4055 I 279301669 44 
4056 I 279336069 44 
4057 I 279508461 44 
4058 I 279658373 44 
4059 I 279694755 44 
4060 I 279696038 44 
4061 I 279900107 44 
4062 I 279934466 44 
4063 I 280004672 44 
4064 I 280101157 44 
4065 I 280241561 44 
4066 I 280348338 44 
4067 I 280420236 44 
4068 I 280511457 44 
4069 I 280611510 44 
4070 I 281158355 44 
4071 I 281161433 44 
4072 I 281168577 44 
4073 I 281203133 44 
4074 I 281267774 44 
4075 I 281272449 44 
4076 I 281313690 44 
4077 I 281346850 44 
4078 I 281376719 44 
4079 I 281595843 44 
4080 I 281597786 44 
4081 I 281598944 44 
4082 I 281704761 44 
4083 I 281895618 44 
4084 I 281931899 44 
4085 I 282000615 44 
4086 I 282099306 44 
4087 I 282142607 44 
4088 I 282170336 44 
4089 I 282246191 44 
4090 I 282359119 44 
4091 I 282453197 44 
4092 I 282455019 44 
4093 I 282939802 44 
4094 I 282977736 44 
4095 I 283049062 44 
4096 I 283081794 44 
4097 I 283117017 44 
4098 I 283187829 44 
4099 I 283224109 44 
4100 I 283293876 44 
4101 I 283371472 44 
4102 I 283407143 44 
4103 I 283477784 44 
4104 I 283513908 44 
4105 I 283592179 44 
4106 I 283627933 44 
4107 I 283718535 44 
4108 I 283753675 44 
4109 I 283784177 44 
4110 I 283827734 44 
4111 I 283937225 44 
4112 I 284002154 44 
4113 I 284092526 44 
4114 I 284111731 44 
4115 I 284127753 44 
4116 I 284197789 44 
4117 I 284332095 44 
4118 I 284358696 44 
4119 I 284394066 44 
4120 I 284471960 44 
4121 I 284541154 44 
4122 I 284618276 44 
4123 I 284653440 44 
4124 I 284876655 44 
4125 I 285095689 44 
4126 I 285261543 44 
4127 I 285331101 44 
4128 I 285425037 44 
4129 I 285495473 44 
4130 I 285533172 44 
4131 I 285622530 44 
4132 I 285680755 44 
4133 I 285721320 44 
4134 I 285753216 44 
4135 I 285771826 44 
4136 I 285845875 44 
4137 I 285881673 44 
4138 I 285945695 44 
4139 I 285984415 44 
4140 I 286017982 44 
4141 I 286083302 52 
4142 I 286208539 44 
4143 I 286242143 44 
4144 I 286408428 44 
4145 I 286464152 44 
4146 I 286499188 44 
4147 I 286569796 44 
4148 I 286797887 44 
4149 I 286913253 52 
4150 I 287262062 44 
4151 I 287332210 44 
4152 I 287366787 44 
4153 I 287392754 44 
4154 I 287475374 44 
4155 I 287614649 44 
4156 I 287649666 44 
4157 I 287721303 44 
4158 I 287757065 44 
4159 I 287827799 44 
4160 I 287951778 44 
4161 I 287988265 44 
4162 I 287992025 44 
4163 I 288048716 44 
4164 I 288062307 44 
4165 I 288097834 44 
4166 I 288260928 44 
4167 I 288297834 44 
4168 I 288387881 44 
4169 I 288423623 44 
4170 I 288487788 44 
4171 I 288516453 44 
4172 I 288552444 44 
4173 I 288740095 44 
4174 I 288773573 44 
4175 I 288803518 44 
4176 I 289093432 44 
4177 I 289128492 44 
4178 I 289320755 44 
4179 I 289392373 44 
4180 I 289499697 44 
4181 I 289535372 44 
4182 I 289607083 44 
4183 I 289643445 44 
4184 I 289755807 44 
4185 I 289790273 44 
4186 I 290077873 44 
4187 I 290111165 44 
4188 I 290181907 44 
4189 I 290272309 44 
4190 I 290308213 44 
4191 I 290346007 44 
4192 I 290387695 44 
4193 I 290583333 44 
4194 I 290618495 44 
4195 I 290712163 44 
4196 I 290747822 44 
4197 I 290848094 44 
4198 I 291002318 44 
4199 I 291037780 44 
4200 I 291146491 44 
4201 I 291180272 44 
4202 I 291220719 44 
4203 I 291393060 44 
4204 I 291428258 44 
4205 I 291439936 44 
4206 I 291760799 44 
4207 I 291796662 44 
4208 I 291867864 44 
4209 I 291878799 44 
4210 I 291955534 44 
4211 I 292096216 44 
4212 I 292140422 44 
4213 I 292175685 44 
4214 I 292206103 44 
4215 I 292286484 44 
4216 I 292322464 44 
4217 I 292424667 44 
4218 I 292430071 44 
4219 I 292533534 44 
4220 I 292563816 44 
4221 I 292598369 44 
4222 I 292675757 44 
4223 I 292711328 44 
4224 I 292783282 44 
4225 I 292970364 44 
4226 I 293000036 44 
4227 I 293035620 44 
4228 I 293079780 44 
4229 I 293107697 44 
4230 I 293298432 44 
4231 I 293371317 44 
4232 I 293408454 44 
4233 I 293443578 44 
4234 I 293538269 44 
4235 I 293573594 44 
4236 I 293627052 44 
4237 I 293644223 44 
4238 I 293717798 44 
4239 I 293751397 44 
4240 I 293827720 44 
4241 I 293863398 44 
4242 I 294005923 44 
4243 I 294041865 44 
4244 I 294064137 44 
4245 I 294071965 44 
4246 I 294226130 44 
4247 I 294298347 44 
4248 I 294398100 44 
4249 I 294434027 44 
4250 I 294504532 44 
4251 I 294540025 44 
4252 I 294610183 44 
4253 I 294645218 44 
4254 I 294718095 44 
4255 I 294753687 44 
4256 I 295006281 44 
4257 I 295041853 44 
4258 I 295048904 44 
4259 I 295116915 44 
4260 I 295153489 44 
4261 I 295340693 44 
4262 I 295373698 44 
4263 I 295382597 44 
4264 I 295396445 44 
4265 I 295396685 52 
4266 I 295398086 52 
4267 I 295399190 52 
4268 I 295400351 52 
4269 I 295464555 44 
4270 I 295499049 44 
4271 I 295585820 44 
4272 I 295656195 44 
4273 I 295788757 44 
4274 I 295828055 44 
4275 I 295861914 44 
4276 I 295912652 44 
4277 I 295986256 44 
4278 I 296085861 44 
4279 I 296142646 44 
4280 I 296153938 44 
4281 I 296223920 44 
4282 I 296380544 44 
4283 I 296381625 44 
4284 I 296383435 44 
4285 I 296384462 44 
4286 I 296479788 44 
4287 I 296508439 44 
4288 I 296577736 44 
4289 I 296673213 44 
4290 I 296798515 44 
4291 I 296957823 44 
4292 I 297030492 44 
4293 I 297066609 44 
4294 I 297136542 44 
4295 I 297225137 44 
4296 I 297261373 44 
4297 I 297343653 44 
4298 I 297345830 44 
4299 I 297379434 44 
4300 I 297457991 44 
4301 I 297495657 44 
4302 I 297580296 44 
4303 I 297614816 44 
4304 I 297840677 44 
4305 I 297945917 44 
4306 I 297981658 44 
4307 I 298027764 44 
4308 I 298097808 44 
4309 I 298382525 44 
4310 I 298418555 44 
4311 I 298439318 44 
4312 I 298489675 44 
4313 I 298580572 44 
4314 I 298658302 44 
4315 I 298768103 44 
4316 I 298872760 44 
4317 I 298926668 44 
4318 I 298998362 44 
4319 I 299096052 44 
4320 I 299219893 44 
4321 I 299274910 44 
4322 I 299321914 44 
4323 I 299643424 44 
4324 I 299644428 44 
4325 I 299697789 44 
4326 I 299751795 44 
4327 I 299769094 44 
4328 I 299860868 44 
4329 I 299896328 44 
4330 I 299970589 44 
