0 I 0 1504 
1 I 1287 1504 
2 I 43222 1504 
3 I 147301 1504 
4 I 273722 1504 
5 I 323143 1504 
6 I 825059 1504 
7 I 1422340 1504 
8 I 1424381 1504 
9 I 2241968 1504 
10 I 3201637 1504 
11 I 3207263 1504 
12 I 4489471 1504 
13 I 4647720 1504 
14 I 4648722 1504 
15 I 4895750 1504 
16 I 5729954 1504 
17 I 5873507 1504 
18 I 6070110 1504 
19 I 6071367 1504 
20 I 6072721 1504 
21 I 6073912 1504 
22 I 8645432 1504 
23 I 8844774 1504 
24 I 8896283 1504 
25 I 9452241 1504 
26 I 9453272 1504 
27 I 10016242 1504 
28 I 10215106 1504 
29 I 10215989 1504 
30 I 10679863 1504 
31 I 10814246 1504 
32 I 11433285 1504 
33 I 11433964 1504 
34 I 11632730 1504 
35 I 11634128 1504 
36 I 11635098 1504 
37 I 11636413 1504 
38 I 12061738 1504 
39 I 12063573 1504 
40 I 12261247 1504 
41 I 12262453 1504 
42 I 12715251 1504 
43 I 12716588 1504 
44 I 12717927 1504 
45 I 12922070 1504 
46 I 12923331 1504 
47 I 12924390 1504 
48 I 12926978 1504 
49 I 12928294 1504 
50 I 12929351 1504 
51 I 13328613 1504 
52 I 13329694 1504 
53 I 13331045 1504 
54 I 14029461 1504 
55 I 14030527 1504 
56 I 14076265 1504 
57 I 14243324 1504 
58 I 14244662 1504 
59 I 14254731 1504 
60 I 14269324 1504 
61 I 14642802 1504 
62 I 14644181 1504 
63 I 15131872 1504 
64 I 15332441 1504 
65 I 15333801 1504 
66 I 15452646 1504 
67 I 15453848 1504 
68 I 15548270 1504 
69 I 15915636 1504 
70 I 16432267 1504 
71 I 16629422 1504 
72 I 16630605 1504 
73 I 16856249 1504 
74 I 17236431 1504 
75 I 17282718 1504 
76 I 17974191 1504 
77 I 18271337 1504 
78 I 18658821 1504 
79 I 18660373 1504 
80 I 19034628 1504 
81 I 19657080 1504 
82 I 19658353 1504 
83 I 19957571 1504 
84 I 19959371 1504 
85 I 19960014 1504 
86 I 20243646 1504 
87 I 20353746 1504 
88 I 20355060 1504 
89 I 21298480 1504 
90 I 21299365 1504 
91 I 21478730 1504 
92 I 21688705 1504 
93 I 21689659 1504 
94 I 21690910 1504 
95 I 22532162 1504 
96 I 22558771 1504 
97 I 22642382 1504 
98 I 22643527 1504 
99 I 22644744 1504 
100 I 22876298 1504 
101 I 23042800 1504 
102 I 23044074 1504 
103 I 23091287 1504 
104 I 23270802 1504 
105 I 24072931 1504 
106 I 24074168 1504 
107 I 24075237 1504 
108 I 24398459 1504 
109 I 24399801 1504 
110 I 24470075 1504 
111 I 25825754 1504 
112 I 26265979 1504 
113 I 27043695 1504 
114 I 27097033 1504 
115 I 27262572 1504 
116 I 28171354 1504 
117 I 28464833 1504 
118 I 28465969 1504 
119 I 28672033 1504 
120 I 28673114 1504 
121 I 29267668 1504 
122 I 29871101 1504 
123 I 29872419 1504 
124 I 29873653 1504 
125 I 29874777 1504 
126 I 30630303 1504 
127 I 31396561 1504 
128 I 31599335 1504 
129 I 32047730 1504 
130 I 32048942 1504 
131 I 32730848 1504 
132 I 32748774 1504 
133 I 32846662 1504 
134 I 33298116 1504 
135 I 33299261 1504 
136 I 33300542 1504 
137 I 34605027 1504 
138 I 34641139 1504 
139 I 35594714 1504 
140 I 35914098 1504 
141 I 36011357 1504 
142 I 36012787 1504 
143 I 36097185 1504 
144 I 36787007 1504 
145 I 37361371 1504 
146 I 38582727 1504 
147 I 38583884 1504 
148 I 38735386 1504 
149 I 38840675 1504 
150 I 39519644 1504 
151 I 39712338 1504 
152 I 39988500 1504 
153 I 40192066 1504 
154 I 40797902 1504 
155 I 41203836 1504 
156 I 41205223 1504 
157 I 41253801 1504 
158 I 41403894 1504 
159 I 41405034 1504 
160 I 42205126 1504 
161 I 42206366 1504 
162 I 42415464 1504 
163 I 42416504 1504 
164 I 42417775 1504 
165 I 42550062 1504 
166 I 42605840 1504 
167 I 42613121 1504 
168 I 42614645 1504 
169 I 42615575 1504 
170 I 43784112 1504 
171 I 43989287 1504 
172 I 43990816 1504 
173 I 43992147 1504 
174 I 44935782 1504 
175 I 44975585 1504 
176 I 44978080 1504 
177 I 45162547 1504 
178 I 45163418 1504 
179 I 45164277 1504 
180 I 45165466 1504 
181 I 45311165 1504 
182 I 46178295 1504 
183 I 46354941 1504 
184 I 46356431 1504 
185 I 47419593 1504 
186 I 47420852 1504 
187 I 47578885 1504 
188 I 47656634 1504 
189 I 47953311 1504 
190 I 48130940 1504 
191 I 48645546 1504 
192 I 48646823 1504 
193 I 48648358 1504 
194 I 48823741 1504 
195 I 49664101 1504 
196 I 49897626 1504 
197 I 49898806 1504 
198 I 50024415 1504 
199 I 50210281 1504 
200 I 50211629 1504 
201 I 50754328 1504 
202 I 50937240 1504 
203 I 51118144 1504 
204 I 51119370 1504 
205 I 51440786 1504 
206 I 52385701 1504 
207 I 52803561 1504 
208 I 53720348 1504 
209 I 53813499 1504 
210 I 53815720 1504 
211 I 53827070 1504 
212 I 54063259 1504 
213 I 54231653 1504 
214 I 54232910 1504 
215 I 55005990 1504 
216 I 55202211 1504 
217 I 55468946 1504 
218 I 55469891 1504 
219 I 55471307 1504 
220 I 56408551 1504 
221 I 56409619 1504 
222 I 56698198 1504 
223 I 56699785 1504 
224 I 56821274 1504 
225 I 57139970 1504 
226 I 57464774 1504 
227 I 57954570 1504 
228 I 57955481 1504 
229 I 58240917 1504 
230 I 58449697 1504 
231 I 59174524 1504 
232 I 59231993 1504 
233 I 59631385 1504 
234 I 59829440 1504 
235 I 59830496 1504 
236 I 60428185 1504 
237 I 60594774 1504 
238 I 60596119 1504 
239 I 61839096 1504 
240 I 62047551 1504 
241 I 62049099 1504 
242 I 62660388 1504 
243 I 63167716 1504 
244 I 63253182 1504 
245 I 63254344 1504 
246 I 63335735 1504 
247 I 63336897 1504 
248 I 63338166 1504 
249 I 63743308 1504 
250 I 64029300 1504 
251 I 64449157 1504 
252 I 64665247 1504 
253 I 65051454 1504 
254 I 65447056 1504 
255 I 65448170 1504 
256 I 65835242 1504 
257 I 65836456 1504 
258 I 66038961 1504 
259 I 66182050 1504 
260 I 66408913 1504 
261 I 66410272 1504 
262 I 66703467 1504 
263 I 67397336 1504 
264 I 67398057 1504 
265 I 67668824 1504 
266 I 67669721 1504 
267 I 67671524 1504 
268 I 68041252 1504 
269 I 68702287 1504 
270 I 68703747 1504 
271 I 68704844 1504 
272 I 68962278 1504 
273 I 68963623 1504 
274 I 69063484 1504 
275 I 69176997 1504 
276 I 69296004 1504 
277 I 69448109 1504 
278 I 69978290 1504 
279 I 69979431 1504 
280 I 70039257 1504 
281 I 70238279 1504 
282 I 70341433 1504 
283 I 70342386 1504 
284 I 70639891 1504 
285 I 70642856 1504 
286 I 70836024 1504 
287 I 70837260 1504 
288 I 71265316 1504 
289 I 71265943 1504 
290 I 71267012 1504 
291 I 71433532 1504 
292 I 71617498 1504 
293 I 72049977 1504 
294 I 72050894 1504 
295 I 72052064 1504 
296 I 72053687 1504 
297 I 72132040 1504 
298 I 72613834 1504 
299 I 73010928 1504 
300 I 73265007 1504 
301 I 73265974 1504 
302 I 73267307 1504 
303 I 73414497 1504 
304 I 74007113 1504 
305 I 74433677 1504 
306 I 74434698 1504 
307 I 74511828 1504 
308 I 74513477 1504 
309 I 74617848 1504 
310 I 74828874 1504 
311 I 74915271 1504 
312 I 75671642 1504 
313 I 75672657 1504 
314 I 75673951 1504 
315 I 75735028 1504 
316 I 75736132 1504 
317 I 76009027 1504 
318 I 76010641 1504 
319 I 76215271 1504 
320 I 76216561 1504 
321 I 76217925 1504 
322 I 76997048 1504 
323 I 76998164 1504 
324 I 77022839 1504 
325 I 77025946 1504 
326 I 77270118 1504 
327 I 77271303 1504 
328 I 77487402 1504 
329 I 77488602 1504 
330 I 77489851 1504 
331 I 77618393 1504 
332 I 77619481 1504 
333 I 78544966 1504 
334 I 78766367 1504 
335 I 78767876 1504 
336 I 78770588 1504 
337 I 78896737 1504 
338 I 78897299 1504 
339 I 78898262 1504 
340 I 80037838 1504 
341 I 80042628 1504 
342 I 80203083 1504 
343 I 80204389 1504 
344 I 81412435 1504 
345 I 81443137 1504 
346 I 81444369 1504 
347 I 81922981 1504 
348 I 82837877 1504 
349 I 82839111 1504 
350 I 82840526 1504 
351 I 82841563 1504 
352 I 82842772 1504 
353 I 83045690 1504 
354 I 84234277 1504 
355 I 84235461 1504 
356 I 85486089 1504 
357 I 85487318 1504 
358 I 85488563 1504 
359 I 85699311 1504 
360 I 85881423 1504 
361 I 85980811 1504 
362 I 86197496 1504 
363 I 86803545 1504 
364 I 86805668 1504 
365 I 87239057 1504 
366 I 87429124 1504 
367 I 87620699 1504 
368 I 88031953 1504 
369 I 88575169 1504 
370 I 88576239 1504 
371 I 88627636 1504 
372 I 88779830 1504 
373 I 88780894 1504 
374 I 89380322 1504 
375 I 89995252 1504 
376 I 90591745 1504 
377 I 91580094 1504 
378 I 92043072 1504 
379 I 92396750 1504 
380 I 93381611 1504 
381 I 93392753 1504 
382 I 93394350 1504 
383 I 93502948 1504 
384 I 94637032 1504 
385 I 94638280 1504 
386 I 94639440 1504 
387 I 94808552 1504 
388 I 94809851 1504 
389 I 95118303 1504 
390 I 95425076 1504 
391 I 95934034 1504 
392 I 95935371 1504 
393 I 96036264 1504 
394 I 96227384 1504 
395 I 96228449 1504 
396 I 96229750 1504 
397 I 96230979 1504 
398 I 96714211 1504 
399 I 96806014 1504 
400 I 97143587 1504 
401 I 97144814 1504 
402 I 97443062 1504 
403 I 97444314 1504 
404 I 97445581 1504 
405 I 97913508 1504 
406 I 97914618 1504 
407 I 98346353 1504 
408 I 98644761 1504 
409 I 98772814 1504 
410 I 99109680 1504 
411 I 99110805 1504 
412 I 99112125 1504 
413 I 99536258 1504 
414 I 99755029 1504 
415 I 100214943 1504 
416 I 100359768 1504 
417 I 100361396 1504 
418 I 100428038 1504 
419 I 100836438 1504 
420 I 101104138 1504 
421 I 101227446 1504 
422 I 101845203 1504 
423 I 102236344 1504 
424 I 102237554 1504 
425 I 102442340 1504 
426 I 103219455 1504 
427 I 103302161 1504 
428 I 103505285 1504 
429 I 103507225 1504 
430 I 103508221 1504 
431 I 104296435 1504 
432 I 104601850 1504 
433 I 104603372 1504 
434 I 104604368 1504 
435 I 104772482 1504 
436 I 105352465 1504 
437 I 105624013 1504 
438 I 105896387 1504 
439 I 105897716 1504 
440 I 105898801 1504 
441 I 106025558 1504 
442 I 106026792 1504 
443 I 106248220 1504 
444 I 106857642 1504 
445 I 107069271 1504 
446 I 107070423 1504 
447 I 107211788 1504 
448 I 107212995 1504 
449 I 107249593 1504 
450 I 107335092 1504 
451 I 107336100 1504 
452 I 107337566 1504 
453 I 108242262 1504 
454 I 108243435 1504 
455 I 108350069 1504 
456 I 108351243 1504 
457 I 108352987 1504 
458 I 109522546 1504 
459 I 109523081 1504 
460 I 109525040 1504 
461 I 109826889 1504 
462 I 110231224 1504 
463 I 110342887 1504 
464 I 110821819 1504 
465 I 110823735 1504 
466 I 110828572 1504 
467 I 111235409 1504 
468 I 111623143 1504 
469 I 111693927 1504 
470 I 111808537 1504 
471 I 112631558 1504 
472 I 112632781 1504 
473 I 113011542 1504 
474 I 113013502 1504 
475 I 113013913 1504 
476 I 113211963 1504 
477 I 113914654 1504 
478 I 113915836 1504 
479 I 113916925 1504 
480 I 114312195 1504 
481 I 114313579 1504 
482 I 114315305 1504 
483 I 114424026 1504 
484 I 114425310 1504 
485 I 114809841 1504 
486 I 115214790 1504 
487 I 115588489 1504 
488 I 115595621 1504 
489 I 115596904 1504 
490 I 115696370 1504 
491 I 116220430 1504 
492 I 116391084 1504 
493 I 116616595 1504 
494 I 116870099 1504 
495 I 116870721 1504 
496 I 116871315 1504 
497 I 117027456 1504 
498 I 117028652 1504 
499 I 117796671 1504 
500 I 118096779 1504 
501 I 118097951 1504 
502 I 118197469 1504 
503 I 118392691 1504 
504 I 118393776 1504 
505 I 119205729 1504 
506 I 119207022 1504 
507 I 119316540 1504 
508 I 119317830 1504 
509 I 119588605 1504 
510 I 119605544 1504 
511 I 119693704 1504 
512 I 120515579 1504 
513 I 121860845 1504 
514 I 122079715 1504 
515 I 122563580 1504 
516 I 122583699 1504 
517 I 123193458 1504 
518 I 123384079 1504 
519 I 123782269 1504 
520 I 123977832 1504 
521 I 124383850 1504 
522 I 124384986 1504 
523 I 125021524 1504 
524 I 125204286 1504 
525 I 126154116 1504 
526 I 126375396 1504 
527 I 127043813 1504 
528 I 127105054 1504 
529 I 127355811 1504 
530 I 127565438 1504 
531 I 127566579 1504 
532 I 128392114 1504 
533 I 128393416 1504 
534 I 128639074 1504 
535 I 128732726 1504 
536 I 128733934 1504 
537 I 128735243 1504 
538 I 130127189 1504 
539 I 131070365 1504 
540 I 131089516 1504 
541 I 131492333 1504 
542 I 131956384 1504 
543 I 132351923 1504 
544 I 132352519 1504 
545 I 132753339 1504 
546 I 132842293 1504 
547 I 133956438 1504 
548 I 133957681 1504 
549 I 134655549 1504 
550 I 135045622 1504 
551 I 135072114 1504 
552 I 135141262 1504 
553 I 135142678 1504 
554 I 135143495 1504 
555 I 135709679 1504 
556 I 135961726 1504 
557 I 136313918 1504 
558 I 136315106 1504 
559 I 136979904 1504 
560 I 137474813 1504 
561 I 137865608 1504 
562 I 137866941 1504 
563 I 139154222 1504 
564 I 139679890 1504 
565 I 140327810 1504 
566 I 140693389 1504 
567 I 140694665 1504 
568 I 141281890 1504 
569 I 141527889 1504 
570 I 141528854 1504 
571 I 142925309 1504 
572 I 143444188 1504 
573 I 144060448 1504 
574 I 144143766 1504 
575 I 144180818 1504 
576 I 144435464 1504 
577 I 144769753 1504 
578 I 146866671 1504 
579 I 146886031 1504 
580 I 147459329 1504 
581 I 147775443 1504 
582 I 148111660 1504 
583 I 148113109 1504 
584 I 149344225 1504 
585 I 150716592 1504 
586 I 150810134 1504 
587 I 150820036 1504 
588 I 150911989 1504 
589 I 151962791 1504 
590 I 151963793 1504 
591 I 151965145 1504 
592 I 152511505 1504 
593 I 153115189 1504 
594 I 153116376 1504 
595 I 153117606 1504 
596 I 153118952 1504 
597 I 153120161 1504 
598 I 153121318 1504 
599 I 153637227 1504 
600 I 155632262 1504 
601 I 155671562 1504 
602 I 156146976 1504 
603 I 156435048 1504 
604 I 156643797 1504 
605 I 156940499 1504 
606 I 156941820 1504 
607 I 157335131 1504 
608 I 157747934 1504 
609 I 157954837 1504 
610 I 158149167 1504 
611 I 158150360 1504 
612 I 158151520 1504 
613 I 158152845 1504 
614 I 158954993 1504 
615 I 158955911 1504 
616 I 160012605 1504 
617 I 160068198 1504 
618 I 160069412 1504 
619 I 160070730 1504 
620 I 160603927 1504 
621 I 160745590 1504 
622 I 161195269 1504 
623 I 161196200 1504 
624 I 161748935 1504 
625 I 161978631 1504 
626 I 161979688 1504 
627 I 162814751 1504 
628 I 162984984 1504 
629 I 163180290 1504 
630 I 163181251 1504 
631 I 163182540 1504 
632 I 163183743 1504 
633 I 164150865 1504 
634 I 164301995 1504 
635 I 164303336 1504 
636 I 164304560 1504 
637 I 164313170 1504 
638 I 164314194 1504 
639 I 164315450 1504 
640 I 164421997 1504 
641 I 164856600 1504 
642 I 165467257 1504 
643 I 165468723 1504 
644 I 165472342 1504 
645 I 165518967 1504 
646 I 166117525 1504 
647 I 166797901 1504 
648 I 166991815 1504 
649 I 167333170 1504 
650 I 167334397 1504 
651 I 168151165 1504 
652 I 168159697 1504 
653 I 168532703 1504 
654 I 168534503 1504 
655 I 168534924 1504 
656 I 168638600 1504 
657 I 169370411 1504 
658 I 169371428 1504 
659 I 169373372 1504 
660 I 169901701 1504 
661 I 169973388 1504 
662 I 170569255 1504 
663 I 170570437 1504 
664 I 171182943 1504 
665 I 171208835 1504 
666 I 171760297 1504 
667 I 171761793 1504 
668 I 171762982 1504 
669 I 172097235 1504 
670 I 172369096 1504 
671 I 172578378 1504 
672 I 172919375 1504 
673 I 172920437 1504 
674 I 172935722 1504 
675 I 173328900 1504 
676 I 173547590 1504 
677 I 174062400 1504 
678 I 174063721 1504 
679 I 174064449 1504 
680 I 174144026 1504 
681 I 174703914 1504 
682 I 174766220 1504 
683 I 174767689 1504 
684 I 175250099 1504 
685 I 175251288 1504 
686 I 175338194 1504 
687 I 175339328 1504 
688 I 175698167 1504 
689 I 175974727 1504 
690 I 176052215 1504 
691 I 176509327 1504 
692 I 176961453 1504 
693 I 177385925 1504 
694 I 177764635 1504 
695 I 178776099 1504 
696 I 178867471 1504 
697 I 178991534 1504 
698 I 178992760 1504 
699 I 179172486 1504 
700 I 179617670 1504 
701 I 179948586 1504 
702 I 179950063 1504 
703 I 180156049 1504 
704 I 180163446 1504 
705 I 180164678 1504 
706 I 180165929 1504 
707 I 180344614 1504 
708 I 181309807 1504 
709 I 181310377 1504 
710 I 181310887 1504 
711 I 181501823 1504 
712 I 181503228 1504 
713 I 182468221 1504 
714 I 182469214 1504 
715 I 182470479 1504 
716 I 182555828 1504 
717 I 182560125 1504 
718 I 182661213 1504 
719 I 182662453 1504 
720 I 182663805 1504 
721 I 183374291 1504 
722 I 183676290 1504 
723 I 183677421 1504 
724 I 183785911 1504 
725 I 183787008 1504 
726 I 183788698 1504 
727 I 183789399 1504 
728 I 183874362 1504 
729 I 183875821 1504 
730 I 183980168 1504 
731 I 184576714 1504 
732 I 185087114 1504 
733 I 185088198 1504 
734 I 185187887 1504 
735 I 185188819 1504 
736 I 185190009 1504 
737 I 186274898 1504 
738 I 186275342 1504 
739 I 186276091 1504 
740 I 186277403 1504 
741 I 186371801 1504 
742 I 186373030 1504 
743 I 186374310 1504 
744 I 186540705 1504 
745 I 186914046 1504 
746 I 187426803 1504 
747 I 187427203 1504 
748 I 187427813 1504 
749 I 187429004 1504 
750 I 187534783 1504 
751 I 187723704 1504 
752 I 187724852 1504 
753 I 188143987 1504 
754 I 188911949 1504 
755 I 188913014 1504 
756 I 188914128 1504 
757 I 189368391 1504 
758 I 189369610 1504 
759 I 190170270 1504 
760 I 190530912 1504 
761 I 190532582 1504 
762 I 190533985 1504 
763 I 190538401 1504 
764 I 190818909 1504 
765 I 191073438 1504 
766 I 191703254 1504 
767 I 191704524 1504 
768 I 191755467 1504 
769 I 191756684 1504 
770 I 192147515 1504 
771 I 192362992 1504 
772 I 192869095 1504 
773 I 192871880 1504 
774 I 192873220 1504 
775 I 192955327 1504 
776 I 193568795 1504 
777 I 193570691 1504 
778 I 194005662 1504 
779 I 194132866 1504 
780 I 194369973 1504 
781 I 194707025 1504 
782 I 194708381 1504 
783 I 194709579 1504 
784 I 195336823 1504 
785 I 195338383 1504 
786 I 195339320 1504 
787 I 195408397 1504 
788 I 195539489 1504 
789 I 195924983 1504 
790 I 196492866 1504 
791 I 196542132 1504 
792 I 196543305 1504 
793 I 196725675 1504 
794 I 196726892 1504 
795 I 196728250 1504 
796 I 197145811 1504 
797 I 197664473 1504 
798 I 197721144 1504 
799 I 197722247 1504 
800 I 197723573 1504 
801 I 197951423 1504 
802 I 197952556 1504 
803 I 198350474 1504 
804 I 198351723 1504 
805 I 198847394 1504 
806 I 198848916 1504 
807 I 198928107 1504 
808 I 198929360 1504 
809 I 199102988 1504 
810 I 199306946 1504 
811 I 199461263 1504 
812 I 199462466 1504 
813 I 199463718 1504 
814 I 199936424 1504 
815 I 199937734 1504 
816 I 200308292 1504 
817 I 200558072 1504 
818 I 200559350 1504 
819 I 200725853 1504 
820 I 201034578 1504 
821 I 201660891 1504 
822 I 201662118 1504 
823 I 201663327 1504 
824 I 201936319 1504 
825 I 202050794 1504 
826 I 202735803 1504 
827 I 203023160 1504 
828 I 203892054 1504 
829 I 204236168 1504 
830 I 204522711 1504 
831 I 204748960 1504 
832 I 205042415 1504 
833 I 205043154 1504 
834 I 205232808 1504 
835 I 205528467 1504 
836 I 205659144 1504 
837 I 205867775 1504 
838 I 206067017 1504 
839 I 206068206 1504 
840 I 206069492 1504 
841 I 207132196 1504 
842 I 207133376 1504 
843 I 207287236 1504 
844 I 207876979 1504 
845 I 208109800 1504 
846 I 208292712 1504 
847 I 209023470 1504 
848 I 209100615 1504 
849 I 209854100 1504 
850 I 211246377 1504 
851 I 211424286 1504 
852 I 211762267 1504 
853 I 212239911 1504 
854 I 212531608 1504 
855 I 212536509 1504 
856 I 212724469 1504 
857 I 213710592 1504 
858 I 213711432 1504 
859 I 213712521 1504 
860 I 214366940 1504 
861 I 214786505 1504 
862 I 214787736 1504 
863 I 214788989 1504 
864 I 214937056 1504 
865 I 215511747 1504 
866 I 215850844 1504 
867 I 215881994 1504 
868 I 215883157 1504 
869 I 216131285 1504 
870 I 216326429 1504 
871 I 216725898 1504 
872 I 216727742 1504 
873 I 216961563 1504 
874 I 217106451 1504 
875 I 218108250 1504 
876 I 218319159 1504 
877 I 218320412 1504 
878 I 218720687 1504 
879 I 218905703 1504 
880 I 219206495 1504 
881 I 219277129 1504 
882 I 219278341 1504 
883 I 219375699 1504 
884 I 219377307 1504 
885 I 219378556 1504 
886 I 219875165 1504 
887 I 220258119 1504 
888 I 220291325 1504 
889 I 220292386 1504 
890 I 220293534 1504 
891 I 220461067 1504 
892 I 221069428 1504 
893 I 221070743 1504 
894 I 221488801 1504 
895 I 221689121 1504 
896 I 221965054 1504 
897 I 222149030 1504 
898 I 222698823 1504 
899 I 222882058 1504 
900 I 223109645 1504 
901 I 224113689 1504 
902 I 224289705 1504 
903 I 224291101 1504 
904 I 224311504 1504 
905 I 224630518 1504 
906 I 225295669 1504 
907 I 225296660 1504 
908 I 225364225 1504 
909 I 225365947 1504 
910 I 225366864 1504 
911 I 225496997 1504 
912 I 225798245 1504 
913 I 226337352 1504 
914 I 226338512 1504 
915 I 226339932 1504 
916 I 226886687 1504 
917 I 227280250 1504 
918 I 227409709 1504 
919 I 227410913 1504 
920 I 227480010 1504 
921 I 227850646 1504 
922 I 228082333 1504 
923 I 228515343 1504 
924 I 228516861 1504 
925 I 229517701 1504 
926 I 229584955 1504 
927 I 229912953 1504 
928 I 230484076 1504 
929 I 230708697 1504 
930 I 230722621 1504 
931 I 230723997 1504 
932 I 231129069 1504 
933 I 231706904 1504 
934 I 231914483 1504 
935 I 232894255 1504 
936 I 232895743 1504 
937 I 233120509 1504 
938 I 233300589 1504 
939 I 233740721 1504 
940 I 233789117 1504 
941 I 234114651 1504 
942 I 234115943 1504 
943 I 234116926 1504 
944 I 234379772 1504 
945 I 234381081 1504 
946 I 235171676 1504 
947 I 235323203 1504 
948 I 235324239 1504 
949 I 235365713 1504 
950 I 235792266 1504 
951 I 235996688 1504 
952 I 236336239 1504 
953 I 236337378 1504 
954 I 236397554 1504 
955 I 236458799 1504 
956 I 236460057 1504 
957 I 236517695 1504 
958 I 236519148 1504 
959 I 237303025 1504 
960 I 237562101 1504 
961 I 237563075 1504 
962 I 237691947 1504 
963 I 238320758 1504 
964 I 238472897 1504 
965 I 238473921 1504 
966 I 238621557 1504 
967 I 238877953 1504 
968 I 238879341 1504 
969 I 238969251 1504 
970 I 239500217 1504 
971 I 239500831 1504 
972 I 239556454 1504 
973 I 239557881 1504 
974 I 239558993 1504 
975 I 239893706 1504 
976 I 239990036 1504 
977 I 240102654 1504 
978 I 240656611 1504 
979 I 240657990 1504 
980 I 240658914 1504 
981 I 240720989 1504 
982 I 240722317 1504 
983 I 241333269 1504 
984 I 241334293 1504 
985 I 241335739 1504 
986 I 241788939 1504 
987 I 241947772 1504 
988 I 242447457 1504 
989 I 242448648 1504 
990 I 242449886 1504 
991 I 242523170 1504 
992 I 242524341 1504 
993 I 242615152 1504 
994 I 243092658 1504 
995 I 243254153 1504 
996 I 243499586 1504 
997 I 243500913 1504 
998 I 243584968 1504 
999 I 243654314 1504 
1000 I 244546779 1504 
1001 I 244547943 1504 
1002 I 244646505 1504 
1003 I 245351772 1504 
1004 I 245656409 1504 
1005 I 245857097 1504 
1006 I 246356017 1504 
1007 I 246472187 1504 
1008 I 246926025 1504 
1009 I 247019408 1504 
1010 I 247130058 1504 
1011 I 247130603 1504 
1012 I 247545280 1504 
1013 I 247738692 1504 
1014 I 247739922 1504 
1015 I 248145809 1504 
1016 I 248146991 1504 
1017 I 248270648 1504 
1018 I 248272114 1504 
1019 I 248273066 1504 
1020 I 249274454 1504 
1021 I 249276728 1504 
1022 I 249505190 1504 
1023 I 249897740 1504 
1024 I 250328688 1504 
1025 I 250349832 1504 
1026 I 250650876 1504 
1027 I 250701124 1504 
1028 I 251088864 1504 
1029 I 251405085 1504 
1030 I 251498502 1504 
1031 I 252476026 1504 
1032 I 252700309 1504 
1033 I 253308896 1504 
1034 I 253310355 1504 
1035 I 253797669 1504 
1036 I 254550587 1504 
1037 I 254551908 1504 
1038 I 255202041 1504 
1039 I 255451811 1504 
1040 I 255740877 1504 
1041 I 255743253 1504 
1042 I 255743866 1504 
1043 I 255744883 1504 
1044 I 256533744 1504 
1045 I 256738202 1504 
1046 I 257718427 1504 
1047 I 257719853 1504 
1048 I 257926835 1504 
1049 I 258230168 1504 
1050 I 258298852 1504 
1051 I 258300640 1504 
1052 I 258861530 1504 
1053 I 258862735 1504 
1054 I 258864034 1504 
1055 I 259146896 1504 
1056 I 259557404 1504 
1057 I 259558492 1504 
1058 I 259559849 1504 
1059 I 259995380 1504 
1060 I 259996612 1504 
1061 I 260143805 1504 
1062 I 260334393 1504 
1063 I 260726410 1504 
1064 I 260727405 1504 
1065 I 260728856 1504 
1066 I 260730003 1504 
1067 I 260731485 1504 
1068 I 260732446 1504 
1069 I 261132793 1504 
1070 I 261133920 1504 
1071 I 261328056 1504 
1072 I 261329514 1504 
1073 I 261520167 1504 
1074 I 261848112 1504 
1075 I 261849245 1504 
1076 I 261850475 1504 
1077 I 262325215 1504 
1078 I 262327070 1504 
1079 I 262531931 1504 
1080 I 262562673 1504 
1081 I 263063515 1504 
1082 I 263259258 1504 
1083 I 263269286 1504 
1084 I 263742043 1504 
1085 I 264243218 1504 
1086 I 264532145 1504 
1087 I 264533115 1504 
1088 I 264908975 1504 
1089 I 265504147 1504 
1090 I 265715309 1504 
1091 I 265716434 1504 
1092 I 265717609 1504 
1093 I 265719087 1504 
1094 I 265802715 1504 
1095 I 266118197 1504 
1096 I 266119408 1504 
1097 I 266739873 1504 
1098 I 266740482 1504 
1099 I 267139279 1504 
1100 I 267270350 1504 
1101 I 267270980 1504 
1102 I 267271573 1504 
1103 I 268299214 1504 
1104 I 268300061 1504 
1105 I 268316946 1504 
1106 I 268318441 1504 
1107 I 268366224 1504 
1108 I 268367237 1504 
1109 I 268491606 1504 
1110 I 269296451 1504 
1111 I 269409424 1504 
1112 I 269410552 1504 
1113 I 269411769 1504 
1114 I 269508185 1504 
1115 I 269509378 1504 
1116 I 270495296 1504 
1117 I 270498899 1504 
1118 I 270693506 1504 
1119 I 270694824 1504 
1120 I 270696051 1504 
1121 I 270697356 1504 
1122 I 271118197 1504 
1123 I 271769347 1504 
1124 I 271770672 1504 
1125 I 271771701 1504 
1126 I 272332386 1504 
1127 I 272930200 1504 
1128 I 273156587 1504 
1129 I 273166224 1504 
1130 I 273502147 1504 
1131 I 273503380 1504 
1132 I 273621719 1504 
1133 I 275682482 1504 
1134 I 275725480 1504 
1135 I 275961626 1504 
1136 I 275983935 1504 
1137 I 276326287 1504 
1138 I 276893815 1504 
1139 I 276894991 1504 
1140 I 277099171 1504 
1141 I 277102771 1504 
1142 I 277481956 1504 
1143 I 278090073 1504 
1144 I 278091372 1504 
1145 I 278092636 1504 
1146 I 278093716 1504 
1147 I 278277831 1504 
1148 I 278278782 1504 
1149 I 278279835 1504 
1150 I 278280354 1504 
1151 I 278707839 1504 
1152 I 278709094 1504 
1153 I 279214956 1504 
1154 I 279215921 1504 
1155 I 279217124 1504 
1156 I 279218470 1504 
1157 I 279219867 1504 
1158 I 279221033 1504 
1159 I 279414216 1504 
1160 I 279415520 1504 
1161 I 279416733 1504 
1162 I 279417996 1504 
1163 I 279419330 1504 
1164 I 279420358 1504 
1165 I 279850615 1504 
1166 I 279851791 1504 
1167 I 279853028 1504 
1168 I 280336418 1504 
1169 I 280337894 1504 
1170 I 280519658 1504 
1171 I 280525982 1504 
1172 I 280527296 1504 
1173 I 280532012 1504 
1174 I 280533490 1504 
1175 I 280718709 1504 
1176 I 280719840 1504 
1177 I 280953758 1504 
1178 I 280955251 1504 
1179 I 281101869 1504 
1180 I 281446522 1504 
1181 I 281638232 1504 
1182 I 281638791 1504 
1183 I 281698765 1504 
1184 I 282333090 1504 
1185 I 282554995 1504 
1186 I 282754474 1504 
1187 I 282927535 1504 
1188 I 283308288 1504 
1189 I 283521830 1504 
1190 I 283915283 1504 
1191 I 284109595 1504 
1192 I 284111131 1504 
1193 I 285086594 1504 
1194 I 285113542 1504 
1195 I 285114823 1504 
1196 I 285908046 1504 
1197 I 286134324 1504 
1198 I 286246050 1504 
1199 I 286247206 1504 
1200 I 286248421 1504 
1201 I 286636111 1504 
1202 I 287306518 1504 
1203 I 287727185 1504 
1204 I 288507882 1504 
1205 I 288509000 1504 
1206 I 288531836 1504 
1207 I 288924400 1504 
1208 I 289316749 1504 
1209 I 289407479 1504 
1210 I 289631633 1504 
1211 I 289632958 1504 
1212 I 289634048 1504 
1213 I 289721314 1504 
1214 I 290134413 1504 
1215 I 290135629 1504 
1216 I 290529946 1504 
1217 I 290726794 1504 
1218 I 291259514 1504 
1219 I 291260611 1504 
1220 I 291261860 1504 
1221 I 291734347 1504 
1222 I 291735541 1504 
1223 I 291935086 1504 
1224 I 291936333 1504 
1225 I 292326351 1504 
1226 I 292515122 1504 
1227 I 292864216 1504 
1228 I 293060368 1504 
1229 I 293061596 1504 
1230 I 293062757 1504 
1231 I 293505141 1504 
1232 I 294180521 1504 
1233 I 294181712 1504 
1234 I 294340855 1504 
1235 I 294744660 1504 
1236 I 294745838 1504 
1237 I 295343234 1504 
1238 I 295524250 1504 
1239 I 295538359 1504 
1240 I 295620179 1504 
1241 I 295883034 1504 
1242 I 295884281 1504 
1243 I 295885497 1504 
1244 I 296538549 1504 
1245 I 296740995 1504 
1246 I 296742279 1504 
1247 I 296743692 1504 
1248 I 297878511 1504 
1249 I 297879239 1504 
1250 I 297879900 1504 
1251 I 298392446 1504 
1252 I 298995450 1504 
1253 I 298996447 1504 
1254 I 299004966 1504 
1255 I 299032745 1504 
1256 I 299159179 1504 
1257 I 299538286 1504 
1258 I 299838221 1504 
