0 I 0 52 
1 I 197607 44 
2 I 606455 44 
3 I 803040 44 
4 I 1005875 44 
5 I 1007308 56 
6 I 1014977 44 
7 I 1205482 56 
8 I 1215646 44 
9 I 1221554 44 
10 I 1223416 56 
11 I 1229696 44 
12 I 1414021 44 
13 I 1423553 44 
14 I 1436189 44 
15 I 1442489 44 
16 I 1456147 44 
17 I 1627383 44 
18 I 1640744 44 
19 I 1647320 44 
20 I 1661343 44 
21 I 1675522 44 
22 I 1687909 44 
23 I 1812418 44 
24 I 1843791 44 
25 I 1856613 44 
26 I 1863400 44 
27 I 1878781 44 
28 I 1891926 44 
29 I 1905556 44 
30 I 2018874 44 
31 I 2054633 44 
32 I 2070208 44 
33 I 2083077 44 
34 I 2089029 44 
35 I 2104712 44 
36 I 2118360 44 
37 I 2260096 44 
38 I 2278020 44 
39 I 2289760 44 
40 I 2296003 44 
41 I 2312355 44 
42 I 2326418 44 
43 I 2466763 44 
44 I 2473345 44 
45 I 2489816 44 
46 I 2495516 44 
47 I 2510054 44 
48 I 2524493 44 
49 I 2537158 44 
50 I 2678415 44 
51 I 2696216 44 
52 I 2702322 44 
53 I 2716519 44 
54 I 2729579 56 
55 I 2743060 56 
56 I 2749409 56 
57 I 2886816 56 
58 I 2893000 56 
59 I 2902346 56 
60 I 2908214 56 
61 I 2915489 56 
62 I 2924043 56 
63 I 2930024 56 
64 I 2936878 56 
65 I 2954394 44 
66 I 3309125 44 
67 I 3515500 56 
68 I 3521697 56 
69 I 3723518 44 
70 I 4110326 44 
71 I 4321632 44 
72 I 4534585 44 
73 I 4540490 44 
74 I 4752268 44 
75 I 4910986 44 
76 I 4953597 44 
77 I 5109526 44 
78 I 5119517 44 
79 I 5311639 44 
80 I 5325191 44 
81 I 5332251 44 
82 I 5531498 44 
83 I 5539141 44 
84 I 5552399 44 
85 I 5743715 44 
86 I 5757775 44 
87 I 5916616 44 
88 I 5956966 44 
89 I 5970837 44 
90 I 6115166 44 
91 I 6122368 44 
92 I 6169069 44 
93 I 6176881 44 
94 I 6314603 44 
95 I 6327186 44 
96 I 6380628 44 
97 I 6392838 44 
98 I 6528618 44 
99 I 6583211 56 
100 I 6588981 56 
101 I 6596273 56 
102 I 6603626 56 
103 I 6732026 56 
104 I 6738481 56 
105 I 6785897 56 
106 I 6792930 56 
107 I 6799054 44 
108 I 6989380 44 
109 I 7001793 44 
110 I 7198297 44 
111 I 7205092 44 
112 I 7315174 44 
113 I 7411565 44 
114 I 7520640 44 
115 I 7619748 44 
116 I 7631872 44 
117 I 7723216 44 
118 I 7823841 44 
119 I 7842842 44 
120 I 8025964 44 
121 I 8046659 56 
122 I 8052563 56 
123 I 8059211 56 
124 I 8235566 56 
125 I 8240841 56 
126 I 8256152 56 
127 I 8264121 56 
128 I 8272084 44 
129 I 8466417 44 
130 I 8474751 44 
131 I 8677464 44 
132 I 8690807 44 
133 I 8882253 44 
134 I 8895515 44 
135 I 9013746 44 
136 I 9090369 44 
137 I 9103418 44 
138 I 9110730 44 
139 I 9300493 44 
140 I 9320045 44 
141 I 9506462 44 
142 I 9512519 44 
143 I 9525936 44 
144 I 9532717 44 
145 I 9726348 44 
146 I 9739566 44 
147 I 9752964 44 
148 I 9937223 44 
149 I 9949564 44 
150 I 9955288 44 
151 I 9968570 44 
152 I 10116805 44 
153 I 10137255 44 
154 I 10155682 44 
155 I 10162187 44 
156 I 10175040 44 
157 I 10314835 44 
158 I 10353281 44 
159 I 10370832 44 
160 I 10379788 44 
161 I 10387028 44 
162 I 10549738 44 
163 I 10555367 44 
164 I 10574105 44 
165 I 10587843 44 
166 I 10715750 44 
167 I 10754095 56 
168 I 10760261 56 
169 I 10771174 56 
170 I 10778136 56 
171 I 10784497 56 
172 I 10791554 56 
173 I 10912122 56 
174 I 10951059 56 
175 I 10956900 56 
176 I 10963710 56 
177 I 10970178 44 
178 I 11113343 44 
179 I 11174386 44 
180 I 11321123 44 
181 I 11380056 44 
182 I 11516628 44 
183 I 11527865 44 
184 I 11584039 44 
185 I 11722837 44 
186 I 11740128 44 
187 I 11794684 44 
188 I 11928607 44 
189 I 11940518 44 
190 I 11992177 44 
191 I 12116926 44 
192 I 12127967 44 
193 I 12142481 44 
194 I 12189762 44 
195 I 12314789 44 
196 I 12325563 44 
197 I 12342022 44 
198 I 12347717 44 
199 I 12517348 44 
200 I 12721902 44 
201 I 26740447 44 
