0 I 0 1504 
1 I 732 1504 
2 I 1041429 1504 
3 I 1977760 1504 
4 I 2510546 1504 
5 I 3439140 1504 
6 I 3440243 1504 
7 I 4339198 1504 
8 I 4340471 97 
9 I 4340486 1504 
10 I 7038250 49 
11 I 14969375 1504 
12 I 14971595 1504 
13 I 14972471 1504 
14 I 15927029 1504 
15 I 15928540 1337 
16 I 19030453 1504 
17 I 19031761 310 
18 I 19031773 1504 
19 I 21269331 1504 
20 I 22915694 49 
21 I 25681371 49 
22 I 27031528 1504 
23 I 27032780 1504 
24 I 27930851 1504 
25 I 27932445 1504 
26 I 28818774 1483 
27 I 29194842 1504 
28 I 29710701 1504 
29 I 35040176 1504 
30 I 35041720 1504 
31 I 37521469 1504 
32 I 38377722 803 
33 I 40386855 644 
34 I 51052883 1504 
35 I 51054168 1504 
36 I 52469380 1504 
37 I 53393019 1504 
38 I 53394857 1504 
39 I 54300400 1504 
40 I 54302508 1504 
41 I 54302526 438 
42 I 58011873 49 
43 I 59389472 49 
44 I 61925873 1504 
45 I 61927309 1504 
46 I 62846185 1504 
47 I 62847472 1504 
48 I 63800298 1504 
49 I 63801088 1504 
50 I 64719674 115 
51 I 64719689 1504 
52 I 80975917 49 
53 I 80977800 1504 
54 I 80979142 1504 
55 I 80981346 1504 
56 I 81896909 1504 
57 I 81899643 1504 
58 I 81900812 1504 
59 I 81901978 148 
60 I 81901994 1504 
61 I 87980216 49 
62 I 87981855 1504 
63 I 87983935 1504 
64 I 87985937 1504 
65 I 87986691 1504 
66 I 88877420 1504 
67 I 88879602 1504 
68 I 88880779 89 
69 I 88880795 1504 
70 I 96982498 49 
71 I 96984733 1504 
72 I 96986114 1504 
73 I 96987154 1504 
74 I 96989065 1504 
75 I 96990244 1504 
76 I 97880004 1504 
77 I 97885966 151 
78 I 97885981 1504 
79 I 99921401 1504 
80 I 104051168 49 
81 I 104052970 1504 
82 I 104978087 1504 
83 I 104979628 1504 
84 I 104980795 1504 
85 I 105904482 1504 
86 I 105906586 1504 
87 I 105908137 214 
88 I 105908151 1504 
89 I 108048606 49 
90 I 109249202 49 
91 I 117008203 1504 
92 I 117009357 1504 
93 I 117892274 1504 
94 I 117893472 1504 
95 I 117894813 1504 
96 I 118766018 1504 
97 I 118767076 214 
98 I 118767086 1504 
99 I 121006676 49 
100 I 122033168 850 
101 I 125024157 1504 
102 I 125026356 1504 
103 I 125027270 1504 
104 I 125028651 1504 
105 I 125822005 1504 
106 I 125823704 1504 
107 I 125824047 874 
108 I 126662986 1504 
109 I 129047585 49 
110 I 130517484 49 
111 I 133426787 49 
112 I 139446129 49 
113 I 145968971 1499 
114 I 146900863 1504 
115 I 146902584 1460 
116 I 148976796 1489 
117 I 149031803 1504 
118 I 149872884 1504 
119 I 149874183 1504 
120 I 149874935 1093 
121 I 164947551 1504 
122 I 164949222 1504 
123 I 164950257 1504 
124 I 165833503 1504 
125 I 165834911 1504 
126 I 165835997 1504 
127 I 165836311 707 
128 I 172968903 49 
129 I 172970888 1504 
130 I 172972506 1504 
131 I 172973836 1504 
132 I 172974999 1504 
133 I 174360028 1504 
134 I 175202837 1504 
135 I 175203930 1504 
136 I 177971590 1504 
137 I 178858737 130 
138 I 178858757 1504 
139 I 181019060 49 
140 I 181021979 1504 
141 I 181023384 1504 
142 I 181855368 1504 
143 I 183188522 1504 
144 I 185997424 1504 
145 I 191615287 1504 
146 I 192468520 1504 
147 I 192469822 1504 
148 I 203553535 1504 
149 I 204383099 1504 
150 I 204384676 1504 
151 I 205207977 146 
152 I 208094904 49 
153 I 241665503 1504 
154 I 241667564 1504 
155 I 241669072 1504 
156 I 242528544 1504 
157 I 242529746 1504 
158 I 242531106 1504 
159 I 243371554 208 
160 I 243371569 1504 
161 I 244257333 49 
162 I 260064999 1504 
163 I 260066716 1504 
164 I 260069282 1504 
165 I 260071760 1504 
166 I 260916230 1504 
167 I 260921254 1504 
168 I 261781156 1433 
169 I 262241820 1504 
170 I 277756267 470 
171 I 278278476 1504 
172 I 278278557 589 
173 I 278693001 44 
174 I 279173141 1504 
175 I 279175290 1504 
176 I 279898314 1504 
177 I 280023730 1504 
178 I 280025302 1504 
179 I 280874486 1504 
180 I 280876096 1504 
181 I 280877336 1504 
182 I 281713160 1023 
183 I 282726557 49 
184 I 283765861 644 
185 I 286673883 44 
