0 I 0 52 
1 I 196612 44 
2 I 391921 44 
3 I 579641 44 
4 I 764772 44 
5 I 769227 44 
6 I 949125 44 
7 I 954211 44 
8 I 955918 44 
9 I 1130635 44 
10 I 1135429 44 
11 I 1139071 44 
12 I 1319581 44 
13 I 1324994 44 
14 I 1330195 44 
15 I 1512888 44 
16 I 1518798 44 
17 I 1523566 44 
18 I 1703920 44 
19 I 1709454 44 
20 I 1714279 44 
21 I 1894326 44 
22 I 1899068 44 
23 I 1904189 44 
24 I 2075724 44 
25 I 2079402 44 
26 I 2084953 44 
27 I 2257060 44 
28 I 2258336 44 
29 I 2264263 44 
30 I 2441951 44 
31 I 2443949 44 
32 I 2451906 44 
33 I 2637755 44 
34 I 2640263 44 
35 I 2648186 44 
36 I 2823226 44 
37 I 2827392 44 
38 I 2834223 44 
39 I 3006199 44 
40 I 3012131 44 
41 I 3019134 44 
42 I 3190787 44 
43 I 3199006 44 
44 I 3205739 44 
45 I 3382318 44 
46 I 3389219 44 
47 I 3394899 44 
48 I 3575917 44 
49 I 3583092 44 
50 I 3589781 44 
51 I 3773757 44 
52 I 3781139 44 
53 I 3787895 44 
54 I 3990370 44 
55 I 3996015 44 
56 I 4004252 44 
57 I 4204290 44 
58 I 4208932 44 
59 I 4219407 44 
60 I 4415237 44 
61 I 4419095 44 
62 I 4432403 44 
63 I 4631097 44 
64 I 4634846 44 
65 I 4647251 44 
66 I 4843473 44 
67 I 4847884 44 
68 I 4860874 44 
69 I 5046653 44 
70 I 5052461 44 
71 I 5064476 44 
72 I 5253859 44 
73 I 5258172 44 
74 I 5273477 44 
75 I 5459038 44 
76 I 5462255 44 
77 I 5474407 44 
78 I 5661320 44 
79 I 5663965 44 
80 I 5674562 44 
81 I 5865034 44 
82 I 5867371 44 
83 I 5877123 44 
84 I 6065159 44 
85 I 6066816 44 
86 I 6077794 44 
87 I 6268443 44 
88 I 6271611 44 
89 I 6279418 44 
90 I 6482671 44 
91 I 6486666 44 
92 I 6494115 44 
93 I 6690491 44 
94 I 6697335 44 
95 I 6701651 44 
96 I 6904055 44 
97 I 6911798 44 
98 I 6916204 44 
99 I 7112341 44 
100 I 7118885 44 
101 I 7121795 44 
102 I 7321253 44 
103 I 7327999 44 
104 I 7330528 44 
105 I 7521299 44 
106 I 7528755 44 
107 I 7531419 44 
108 I 7725032 44 
109 I 7730527 44 
110 I 7734458 44 
111 I 7924647 44 
112 I 7929565 44 
113 I 7935247 44 
114 I 8128026 44 
115 I 8135553 44 
116 I 8139556 44 
117 I 8340662 44 
118 I 8349813 44 
119 I 8352174 44 
120 I 8546122 44 
121 I 8554493 44 
122 I 8558318 44 
123 I 8757554 44 
124 I 8766149 44 
125 I 8768007 44 
126 I 8971128 44 
127 I 8979174 44 
128 I 8980972 44 
129 I 9176191 44 
130 I 9182879 44 
131 I 9185394 44 
132 I 9379166 44 
133 I 9384226 44 
134 I 9387521 44 
135 I 9578259 44 
136 I 9582436 44 
137 I 9587971 44 
138 I 9786327 44 
139 I 9797697 44 
140 I 9797697 44 
141 I 9873163 44 
142 I 10073162 44 
143 I 10073549 44 
144 I 10075261 44 
145 I 10271999 44 
146 I 10272255 44 
147 I 10471041 44 
148 I 26014811 44 
149 I 26835954 44 
