0 I 0 44 
1 I 651319 137 
2 I 1596068 155 
3 I 6320951 44 
4 I 6968328 194 
5 I 11737816 44 
6 I 12312703 165 
7 I 14646946 44 
8 I 15450114 44 
9 I 16252340 44 
10 I 16908892 183 
11 I 22042435 83 
12 I 28592458 44 
13 I 29239156 133 
14 I 30121633 200 
15 I 33107160 44 
16 I 33837552 141 
17 I 37721303 44 
18 I 43430592 170 
19 I 50262201 44 
20 I 51866807 44 
21 I 52583515 178 
22 I 53358757 83 
23 I 54004814 157 
24 I 55980563 44 
25 I 56692406 173 
26 I 57290754 195 
27 I 58103088 156 
28 I 64307127 44 
29 I 64932743 143 
30 I 67073373 72 
31 I 68621446 44 
32 I 69334115 186 
33 I 71831270 44 
34 I 72459312 166 
35 I 73181553 156 
36 I 76546518 44 
37 I 77223405 170 
38 I 77921898 170 
39 I 78954145 44 
40 I 79620105 161 
41 I 80659525 44 
42 I 81462018 44 
43 I 82096191 186 
44 I 91895781 44 
45 I 92609180 144 
46 I 94303750 44 
47 I 95020302 157 
48 I 95790901 165 
49 I 96009712 44 
50 I 96370180 161 
51 I 102429838 44 
52 I 103121312 137 
53 I 107646656 44 
54 I 108272019 139 
55 I 110355267 44 
56 I 111048550 167 
57 I 111746879 141 
58 I 112453577 178 
59 I 114034042 83 
60 I 118982946 44 
61 I 119607910 163 
62 I 125629032 152 
63 I 130419689 44 
64 I 130963709 168 
65 I 141555851 44 
66 I 142035627 72 
67 I 142257872 44 
68 I 143685940 164 
69 I 144245219 204 
70 I 145668998 44 
71 I 146272302 182 
72 I 169947151 44 
73 I 170636045 155 
74 I 172756069 44 
75 I 173558839 44 
76 I 174848817 166 
77 I 175620840 83 
78 I 177571679 44 
79 I 178274205 44 
80 I 178390222 140 
81 I 180280479 44 
82 I 180950007 172 
83 I 185036066 83 
84 I 202071174 72 
85 I 203555185 44 
86 I 206999181 184 
87 I 207668898 44 
88 I 208196258 164 
89 I 208724831 166 
90 I 210681093 198 
91 I 226027620 44 
92 I 226792502 201 
93 I 227467801 222 
94 I 228435325 44 
95 I 229034338 132 
96 I 229880194 304 
97 I 233552205 44 
98 I 234354408 44 
99 I 236461642 44 
100 I 238267250 44 
101 I 238426866 170 
102 I 239167915 306 
103 I 246028225 83 
104 I 246625558 44 
105 I 246627809 184 
106 I 249704277 44 
107 I 250376558 187 
108 I 251510154 44 
109 I 252168424 198 
110 I 253039332 177 
111 I 260020453 193 
112 I 263554382 120 
113 I 264224654 152 
114 I 273816558 183 
115 I 275587223 44 
116 I 276250380 231 
117 I 276986789 152 
118 I 277908393 72 
119 I 283926868 172 
120 I 287726415 44 
121 I 288324321 200 
122 I 292968211 155 
123 I 293746212 44 
124 I 294530316 175 
125 I 295250379 44 
126 I 295951983 179 
