0 I 0 52 
1 I 54581 52 
2 I 209320 44 
3 I 269404 44 
4 I 419034 44 
5 I 479113 44 
6 I 619906 44 
7 I 689628 44 
8 I 793345 44 
9 I 793368 44 
10 I 829871 44 
11 I 901454 44 
12 I 991762 44 
13 I 999782 44 
14 I 1000068 44 
15 I 1000085 56 
16 I 1040321 56 
17 I 1040475 56 
18 I 1040476 56 
19 I 1110757 44 
20 I 1111306 44 
21 I 1200328 56 
22 I 1200578 56 
23 I 1210030 56 
24 I 1210212 44 
25 I 1210247 44 
26 I 1240496 56 
27 I 1240757 44 
28 I 1321443 44 
29 I 1321567 44 
30 I 1321570 44 
31 I 1411949 44 
32 I 1412778 44 
33 I 1412778 44 
34 I 1420357 44 
35 I 1450380 44 
36 I 1530943 44 
37 I 1531051 44 
38 I 1531274 44 
39 I 1531274 44 
40 I 1531298 44 
41 I 1531461 44 
42 I 1610803 44 
43 I 1611050 44 
44 I 1622315 44 
45 I 1622315 44 
46 I 1630791 44 
47 I 1630941 44 
48 I 1662743 44 
49 I 1741022 44 
50 I 1741365 44 
51 I 1741369 44 
52 I 1741390 44 
53 I 1741580 44 
54 I 1741675 44 
55 I 1741677 44 
56 I 1742112 44 
57 I 1810984 44 
58 I 1811373 44 
59 I 1811532 44 
60 I 1820866 44 
61 I 1821253 44 
62 I 1830880 44 
63 I 1831166 44 
64 I 1831294 44 
65 I 1831434 44 
66 I 1831519 44 
67 I 1871989 44 
68 I 1871989 44 
69 I 1951310 44 
70 I 1952157 44 
71 I 1952278 44 
72 I 1952278 44 
73 I 1952278 44 
74 I 1952278 44 
75 I 1952303 44 
76 I 1952303 44 
77 I 1952305 44 
78 I 1952320 44 
79 I 1952345 44 
80 I 2013130 44 
81 I 2013293 44 
82 I 2013514 44 
83 I 2021407 44 
84 I 2021408 44 
85 I 2021714 44 
86 I 2041572 44 
87 I 2041578 44 
88 I 2041618 44 
89 I 2041732 44 
90 I 2041737 44 
91 I 2042191 44 
92 I 2042193 44 
93 I 2042193 44 
94 I 2071527 44 
95 I 2071658 44 
96 I 2071794 44 
97 I 2162340 44 
98 I 2162591 44 
99 I 2162611 44 
100 I 2162743 44 
101 I 2162743 44 
102 I 2162857 44 
103 I 2162857 44 
104 I 2163088 44 
105 I 2163088 44 
106 I 2163089 44 
107 I 2163090 44 
108 I 2163630 44 
109 I 2221453 44 
110 I 2221766 44 
111 I 2221767 44 
112 I 2231641 44 
113 I 2231791 44 
114 I 2252054 44 
115 I 2252322 44 
116 I 2252325 44 
117 I 2252358 44 
118 I 2252361 44 
119 I 2252427 44 
120 I 2252428 44 
121 I 2283113 44 
122 I 2283117 44 
123 I 2283189 44 
124 I 2361802 44 
125 I 2371770 44 
126 I 2372084 44 
127 I 2372300 44 
128 I 2372300 44 
129 I 2372392 44 
130 I 2372584 44 
131 I 2372586 44 
132 I 2372854 44 
133 I 2372912 44 
134 I 2374180 44 
135 I 2374906 44 
136 I 2492437 44 
137 I 2492462 44 
138 I 2492462 44 
139 I 2492537 44 
140 I 2493006 44 
141 I 2582576 44 
142 I 2583558 44 
143 I 2583559 44 
144 I 2583559 44 
145 I 2583666 44 
146 I 2583666 44 
147 I 2583702 44 
148 I 2583774 44 
149 I 2583777 44 
150 I 2583781 44 
151 I 2583781 44 
152 I 2584239 44 
153 I 2589596 44 
154 I 2592551 44 
155 I 2593052 44 
156 I 2593055 44 
157 I 2593123 44 
158 I 2593124 44 
159 I 2593124 44 
160 I 2593127 44 
161 I 2593159 44 
162 I 2593287 44 
163 I 2593288 44 
164 I 2593288 44 
165 I 2593588 44 
166 I 2702415 44 
167 I 2702417 44 
168 I 2702561 44 
169 I 2702616 44 
170 I 2782251 44 
171 I 2782463 44 
172 I 2782586 44 
173 I 2793482 44 
174 I 2793569 44 
175 I 2793570 44 
176 I 2793629 44 
177 I 2793629 44 
178 I 2793746 44 
179 I 2793746 44 
180 I 2793873 44 
181 I 2793934 44 
182 I 2795248 44 
183 I 2802592 44 
184 I 2803795 44 
185 I 2803796 44 
186 I 2803827 44 
187 I 2803847 44 
188 I 2804060 44 
189 I 2804060 44 
190 I 2804108 44 
191 I 2804109 44 
192 I 2804109 44 
193 I 2804111 44 
194 I 2804114 44 
195 I 2804209 44 
196 I 2804504 44 
197 I 2912741 44 
198 I 2913015 44 
199 I 2913016 44 
200 I 2913104 44 
201 I 2983131 44 
202 I 2983140 44 
203 I 2993918 44 
204 I 2993925 44 
205 I 2994271 44 
206 I 3004093 44 
207 I 3004172 44 
208 I 3004343 44 
209 I 3004343 44 
210 I 3004353 44 
211 I 3004435 44 
212 I 3004750 44 
213 I 3004750 44 
214 I 3005031 56 
215 I 3005230 56 
216 I 3013481 44 
217 I 3113777 44 
218 I 3113833 44 
219 I 3114035 44 
220 I 3122973 44 
221 I 3122982 44 
222 I 3325644 44 
223 I 3325985 44 
224 I 3333326 44 
225 I 3333890 44 
226 I 3333891 44 
227 I 3535505 44 
228 I 3544598 44 
229 I 3544774 44 
230 I 3544878 44 
231 I 3693610 44 
232 I 3755414 44 
233 I 3755787 44 
234 I 3764072 44 
235 I 3764093 44 
236 I 3764100 44 
237 I 3964221 44 
238 I 3964221 44 
239 I 3978246 44 
240 I 3978246 44 
241 I 3978248 44 
242 I 4094519 44 
243 I 4175064 44 
244 I 4194705 44 
245 I 4194890 44 
246 I 4194890 44 
247 I 4194952 44 
248 I 4384706 44 
249 I 4385232 44 
250 I 4404992 44 
251 I 4405014 44 
252 I 4405065 44 
253 I 4596321 44 
254 I 4596325 44 
255 I 4596325 44 
256 I 4615195 44 
257 I 4615345 44 
258 I 4615665 44 
259 I 4619090 44 
260 I 4805963 44 
261 I 4805963 44 
262 I 4806127 44 
263 I 4825427 44 
264 I 4836665 44 
265 I 4836751 44 
266 I 4836937 44 
267 I 5025561 44 
268 I 5026079 44 
269 I 5026080 44 
270 I 5036118 44 
271 I 5056368 44 
272 I 5056784 44 
273 I 5056787 44 
274 I 5236033 44 
275 I 5236459 44 
276 I 5236721 44 
277 I 5236723 44 
278 I 5236725 44 
279 I 5265808 44 
280 I 5266065 44 
281 I 5266079 44 
282 I 5446104 44 
283 I 5446346 44 
284 I 5446352 44 
285 I 5446425 44 
286 I 5450408 44 
287 I 5479622 44 
288 I 5479800 44 
289 I 5479882 44 
290 I 5480105 44 
291 I 5656634 44 
292 I 5657104 44 
293 I 5657234 44 
294 I 5657234 44 
295 I 5658705 44 
296 I 5686822 44 
297 I 5687013 44 
298 I 5687192 44 
299 I 5800129 44 
300 I 5856874 44 
301 I 5867024 44 
302 I 5867102 44 
303 I 5867118 44 
304 I 5896922 44 
305 I 5896922 44 
306 I 5897241 44 
307 I 5897245 44 
308 I 6057211 44 
309 I 6057398 44 
310 I 6076925 44 
311 I 6077131 44 
312 I 6077295 44 
313 I 6077296 44 
314 I 6107099 44 
315 I 6107456 44 
316 I 6107657 44 
317 I 6267783 44 
318 I 6267784 44 
319 I 6289733 44 
320 I 6289859 44 
321 I 6289871 44 
322 I 6322242 44 
323 I 6322449 44 
324 I 6322449 44 
325 I 6322451 44 
326 I 6477818 44 
327 I 6478500 44 
328 I 6497698 44 
329 I 6497937 44 
330 I 6497996 44 
331 I 6498504 44 
332 I 6530639 44 
333 I 6530673 44 
334 I 6530707 44 
335 I 6530708 44 
336 I 6531279 44 
337 I 6688368 44 
338 I 6708141 44 
339 I 6708328 44 
340 I 6708518 44 
341 I 6708519 44 
342 I 6738085 44 
343 I 6738150 44 
344 I 6738196 44 
345 I 6738376 44 
346 I 6738456 44 
347 I 6739788 44 
348 I 6898241 44 
349 I 6920038 44 
350 I 6920095 44 
351 I 6920116 44 
352 I 6920117 44 
353 I 6920578 44 
354 I 6938159 44 
355 I 6938590 44 
356 I 6948248 44 
357 I 6948482 44 
358 I 6948835 44 
359 I 7099236 44 
360 I 7118589 44 
361 I 7118650 44 
362 I 7128477 44 
363 I 7128597 44 
364 I 7138468 44 
365 I 7138758 44 
366 I 7148477 44 
367 I 7148720 44 
368 I 7148823 44 
369 I 7299524 44 
370 I 7309160 56 
371 I 7309161 44 
372 I 18214558 44 
373 I 22199358 44 
374 I 30108456 44 
375 I 30108669 44 
