0 I 0 44 
1 I 665460 44 
2 I 711603 44 
3 I 1051977 44 
4 I 1852593 44 
5 I 2027715 44 
6 I 2034083 44 
7 I 2837047 44 
8 I 3022581 44 
9 I 3029267 44 
10 I 3780330 44 
11 I 3787050 44 
12 I 3951441 44 
13 I 3986035 44 
14 I 3992243 44 
15 I 3999231 44 
16 I 4005965 44 
17 I 4777997 44 
18 I 4784963 44 
19 I 4938575 44 
20 I 4979648 44 
21 I 4986143 44 
22 I 4999347 44 
23 I 5793217 44 
24 I 5799836 44 
25 I 5941558 44 
26 I 5994581 44 
27 I 6002279 44 
28 I 6018303 44 
29 I 6025109 44 
30 I 6792067 44 
31 I 6798794 44 
32 I 6812006 44 
33 I 7003993 44 
34 I 7021801 44 
35 I 7027909 44 
36 I 7052110 44 
37 I 7806079 44 
38 I 7820243 44 
39 I 8005725 44 
40 I 8025425 44 
41 I 8032389 44 
42 I 8039522 44 
43 I 8051014 44 
44 I 8057549 44 
45 I 8812941 44 
46 I 8950661 44 
47 I 8999650 44 
48 I 9009998 44 
49 I 9019474 44 
50 I 9040735 44 
51 I 9050454 44 
52 I 9150784 44 
53 I 9773494 44 
54 I 9780140 44 
55 I 9897947 44 
56 I 9951076 44 
57 I 9957488 44 
58 I 9969527 44 
59 I 9976070 44 
60 I 10100786 44 
61 I 10719553 44 
62 I 10922178 44 
63 I 11850839 44 
64 I 12050969 44 
65 I 12839356 44 
66 I 13035622 44 
67 I 13833203 44 
68 I 13839718 44 
69 I 13951044 44 
70 I 14037016 44 
71 I 14043855 44 
72 I 14861381 44 
73 I 14869274 44 
74 I 14971345 44 
75 I 15061394 44 
76 I 15068422 44 
77 I 15073356 44 
78 I 15853851 44 
79 I 15943941 44 
80 I 16043370 44 
81 I 16848894 44 
82 I 16932453 44 
83 I 16938878 44 
84 I 17050440 44 
85 I 17149777 44 
86 I 17867750 44 
87 I 17874516 44 
88 I 17959171 44 
89 I 18156501 44 
90 I 18249474 44 
91 I 18858976 44 
92 I 18865623 44 
93 I 18942608 44 
94 I 18947819 44 
95 I 19133256 44 
96 I 19139912 44 
97 I 19150324 44 
98 I 19250055 44 
99 I 19350456 44 
100 I 19863395 44 
101 I 19940116 44 
102 I 20135011 44 
103 I 20250227 44 
104 I 20450037 44 
105 I 20451460 44 
106 I 20875604 44 
107 I 20953742 44 
108 I 21146280 44 
109 I 21153095 44 
110 I 21449497 44 
111 I 21469164 44 
112 I 21649385 44 
113 I 21900234 44 
114 I 21974007 44 
115 I 22171838 44 
116 I 22487321 44 
117 I 22493409 44 
118 I 22649696 44 
119 I 22849815 44 
120 I 22916266 44 
121 I 22922686 44 
122 I 22983596 44 
123 I 22990598 44 
124 I 23188280 44 
125 I 23194431 44 
126 I 23492484 44 
127 I 23499348 44 
128 I 23648919 44 
129 I 23848809 44 
130 I 23929692 44 
131 I 23934967 44 
132 I 24000043 44 
133 I 24007141 44 
134 I 24217358 44 
135 I 24222554 44 
136 I 24504822 44 
137 I 24511292 44 
138 I 24849250 44 
139 I 24911753 44 
140 I 24916870 44 
141 I 24923362 44 
142 I 24985735 44 
143 I 24992438 44 
144 I 25201568 44 
145 I 25209479 44 
146 I 25502630 44 
147 I 25816356 44 
148 I 25881485 44 
149 I 25888253 44 
150 I 25894910 44 
151 I 25959619 44 
152 I 25966103 44 
153 I 26173037 44 
154 I 26179712 44 
155 I 26478808 44 
156 I 26807604 44 
157 I 26812963 44 
158 I 26882068 44 
159 I 26891103 44 
160 I 26897834 44 
161 I 26972070 44 
162 I 27179789 44 
163 I 27186889 44 
164 I 27813363 44 
165 I 27886329 44 
166 I 27894003 44 
167 I 27901070 44 
168 I 27972446 44 
169 I 28905237 44 
170 I 28911796 44 
171 I 28931677 44 
172 I 28948924 44 
173 I 28999170 44 
174 I 29006125 44 
175 I 29921431 44 
176 I 29927838 44 
177 I 29951827 44 
178 I 29967535 44 
179 I 30024820 44 
180 I 30899281 44 
181 I 30904400 44 
182 I 30929933 44 
183 I 30949973 44 
184 I 30956111 44 
185 I 31005256 44 
186 I 31895948 44 
187 I 31927673 44 
188 I 31950003 44 
189 I 31963326 44 
190 I 32004174 44 
191 I 32884161 44 
192 I 32916163 44 
193 I 32942422 44 
194 I 32955571 44 
195 I 32990161 44 
196 I 33844635 44 
197 I 33851560 44 
198 I 33885675 44 
199 I 33907027 44 
200 I 33916028 44 
201 I 33921837 44 
202 I 33950618 44 
203 I 34047566 44 
204 I 34823899 44 
205 I 34855663 44 
206 I 34871850 44 
207 I 34878160 44 
208 I 34886348 44 
209 I 34891559 44 
210 I 34914087 44 
211 I 34919161 44 
212 I 35147110 44 
213 I 35773987 44 
214 I 35808602 44 
215 I 35825904 44 
216 I 35832167 44 
217 I 35848101 44 
218 I 35854663 44 
219 I 35876086 44 
220 I 36248345 44 
221 I 36698724 44 
222 I 36705599 44 
223 I 36741328 44 
224 I 36767664 44 
225 I 36784967 44 
226 I 36803570 44 
227 I 36810199 44 
228 I 36948432 44 
229 I 37347966 44 
230 I 37615793 44 
231 I 37658219 44 
232 I 37677904 44 
233 I 37684619 44 
234 I 37704388 44 
235 I 37720329 44 
236 I 37727163 44 
237 I 38047622 44 
238 I 38447912 44 
239 I 38556292 44 
240 I 38597549 44 
241 I 38614751 44 
242 I 38622631 44 
243 I 38641170 44 
244 I 38657175 44 
245 I 38663658 44 
246 I 39147360 44 
247 I 39360959 44 
248 I 39467846 44 
249 I 39474676 44 
250 I 39511931 44 
251 I 39518436 44 
252 I 39546275 44 
253 I 39559460 44 
254 I 39564913 44 
255 I 39580888 44 
256 I 39587219 44 
257 I 40247218 44 
258 I 40403481 44 
259 I 40410042 44 
260 I 40456509 44 
261 I 40457726 44 
262 I 40459153 44 
263 I 40478951 44 
264 I 40486031 44 
265 I 40500150 44 
266 I 40505513 44 
267 I 40526614 44 
268 I 41347045 44 
269 I 41357454 44 
270 I 41364418 44 
271 I 41418424 44 
272 I 41435810 44 
273 I 41442108 44 
274 I 41454267 44 
275 I 41459482 44 
276 I 41479435 44 
277 I 42315602 44 
278 I 42322294 44 
279 I 42371425 44 
280 I 42377895 44 
281 I 42387105 44 
282 I 42393738 44 
283 I 42400283 44 
284 I 42430061 44 
285 I 42547580 44 
286 I 43264079 44 
287 I 43270767 44 
288 I 43319863 44 
289 I 43326463 44 
290 I 43331792 44 
291 I 43340073 44 
292 I 43346100 44 
293 I 43351955 44 
294 I 43368112 44 
295 I 43372759 44 
296 I 43484053 44 
297 I 44198041 44 
298 I 44247187 44 
299 I 44254196 44 
300 I 44270102 44 
301 I 44296355 44 
302 I 45124446 44 
303 I 45178749 44 
304 I 45185464 44 
305 I 45227829 44 
306 I 45345864 44 
307 I 46037361 44 
308 I 46044142 44 
309 I 46103658 44 
310 I 46110164 44 
311 I 46158194 44 
312 I 46277377 44 
313 I 46282442 44 
314 I 47002394 44 
315 I 47061848 44 
316 I 47068157 44 
317 I 47113309 44 
318 I 47118634 44 
319 I 47234139 44 
320 I 47239207 44 
321 I 47983820 44 
322 I 48043449 44 
323 I 48088383 44 
324 I 48193150 44 
325 I 48198609 44 
326 I 48211796 44 
327 I 48951032 44 
328 I 48957795 44 
329 I 49014825 44 
330 I 49055832 44 
331 I 49151315 44 
332 I 49164301 44 
333 I 49927690 44 
334 I 49935557 44 
335 I 49990045 44 
336 I 50028201 44 
337 I 50035059 44 
338 I 50109247 44 
339 I 50115764 44 
340 I 50122509 44 
341 I 50129144 44 
342 I 50246130 44 
343 I 50881642 44 
344 I 50888482 44 
345 I 50944015 44 
346 I 50994110 44 
347 I 51063330 44 
348 I 51069835 44 
349 I 51076412 44 
350 I 51081763 44 
351 I 51346290 44 
352 I 51860789 44 
353 I 51913773 44 
354 I 51961613 44 
355 I 52021116 44 
356 I 52034382 44 
357 I 52041286 44 
358 I 52444994 44 
359 I 52826798 44 
360 I 52877056 44 
361 I 52919516 44 
362 I 52926022 44 
363 I 52989794 44 
364 I 53002937 44 
365 I 53146049 44 
366 I 53546299 44 
367 I 53808531 44 
368 I 53815279 44 
369 I 53861624 44 
370 I 53868593 44 
371 I 53909422 44 
372 I 53916145 44 
373 I 53979669 44 
374 I 53992619 44 
375 I 54245895 44 
376 I 54644758 44 
377 I 54774270 44 
378 I 54826297 44 
379 I 54863353 44 
380 I 54870077 44 
381 I 54932173 44 
382 I 54938754 44 
383 I 54951988 44 
384 I 55345420 44 
385 I 55606314 44 
386 I 55731301 44 
387 I 55737807 44 
388 I 55791795 44 
389 I 55832457 44 
390 I 55890128 44 
391 I 55896898 44 
392 I 55909906 44 
393 I 56445286 44 
394 I 56712940 44 
395 I 56744760 44 
396 I 56761987 44 
397 I 56770247 44 
398 I 56801910 44 
399 I 56808153 44 
400 I 56873661 44 
401 I 56886541 44 
402 I 57544907 44 
403 I 57681458 44 
404 I 57688412 44 
405 I 57741301 44 
406 I 57747936 44 
407 I 57787628 44 
408 I 57844632 44 
409 I 57851224 44 
410 I 57858038 44 
411 I 57865776 44 
412 I 58644699 44 
413 I 58682451 44 
414 I 58736030 44 
415 I 58741620 44 
416 I 58782432 44 
417 I 58843709 44 
418 I 58850116 44 
419 I 58868635 44 
420 I 59663827 44 
421 I 59716733 44 
422 I 59744509 44 
423 I 59755179 44 
424 I 59819907 44 
425 I 59826900 44 
426 I 59841284 44 
427 I 60616545 44 
428 I 60665530 44 
429 I 60697425 44 
430 I 60703597 44 
431 I 60764814 44 
432 I 60778046 44 
433 I 60784773 44 
434 I 60791228 44 
435 I 61599583 44 
436 I 61606155 44 
437 I 61642205 44 
438 I 61648518 44 
439 I 61684225 44 
440 I 61690976 44 
441 I 61754492 44 
442 I 61761467 44 
443 I 61767769 44 
444 I 61774485 44 
445 I 61781154 44 
446 I 62623898 44 
447 I 62672737 44 
448 I 62713829 44 
449 I 62774054 44 
450 I 62789713 44 
451 I 62797264 44 
452 I 62804046 44 
453 I 63618093 44 
454 I 63663915 44 
455 I 63693115 44 
456 I 63699593 44 
457 I 63759930 44 
458 I 63765916 44 
459 I 63780461 44 
460 I 63800524 44 
461 I 64619449 44 
462 I 64660462 44 
463 I 64665331 44 
464 I 64701491 44 
465 I 64761149 44 
466 I 64767636 44 
467 I 64775473 44 
468 I 64782219 44 
469 I 64804708 44 
470 I 65620995 44 
471 I 65658032 44 
472 I 65664767 44 
473 I 65692584 44 
474 I 65697708 44 
475 I 65757628 44 
476 I 65766899 44 
477 I 65773065 44 
478 I 65795746 44 
479 I 66589565 44 
480 I 66633333 44 
481 I 66659854 44 
482 I 66666246 44 
483 I 66725847 44 
484 I 66734014 44 
485 I 66740455 44 
486 I 66752514 44 
487 I 66759194 44 
488 I 67564830 44 
489 I 67603563 44 
490 I 67609878 44 
491 I 67645524 44 
492 I 67717174 44 
493 I 67730521 44 
494 I 67739456 44 
495 I 67746222 44 
496 I 68566605 44 
497 I 68611295 44 
498 I 68652945 44 
499 I 68716562 44 
500 I 68722985 44 
501 I 68736305 44 
502 I 68749088 44 
503 I 69558940 44 
504 I 69565397 44 
505 I 69611788 44 
506 I 69645154 44 
507 I 69651527 44 
508 I 69736641 44 
509 I 69749745 44 
510 I 69763223 44 
511 I 70556574 44 
512 I 70604509 44 
513 I 70638924 44 
514 I 70645228 44 
515 I 70728862 44 
516 I 70735370 44 
517 I 70742093 44 
518 I 70749160 44 
519 I 70755679 44 
520 I 71545140 44 
521 I 71590115 44 
522 I 71596826 44 
523 I 71636481 44 
524 I 71718544 44 
525 I 71725375 44 
526 I 71733234 44 
527 I 71739757 44 
528 I 71755665 44 
529 I 72516266 44 
530 I 72522763 44 
531 I 72574523 44 
532 I 72609019 44 
533 I 72698988 44 
534 I 72713804 44 
535 I 72733663 44 
536 I 73483443 44 
537 I 73524464 44 
538 I 73531479 44 
539 I 73571095 44 
540 I 73663845 44 
541 I 73679561 44 
542 I 73704951 44 
543 I 74456002 44 
544 I 74498640 44 
545 I 74540908 44 
546 I 74633671 44 
547 I 74640337 44 
548 I 74653520 44 
549 I 74670960 44 
550 I 74677150 44 
551 I 75440633 44 
552 I 75481385 44 
553 I 75518896 44 
554 I 75598274 44 
555 I 75605087 44 
556 I 75611515 44 
557 I 75617959 44 
558 I 75640699 44 
559 I 76397402 44 
560 I 76403913 44 
561 I 76437515 44 
562 I 76443440 44 
563 I 76478157 44 
564 I 76566808 44 
565 I 76583680 44 
566 I 76602578 44 
567 I 77381813 44 
568 I 77388525 44 
569 I 77433101 44 
570 I 77455896 44 
571 I 77462576 44 
572 I 77548601 44 
573 I 77563246 44 
574 I 77581768 44 
575 I 77588277 44 
576 I 78382233 44 
577 I 78424672 44 
578 I 78448388 44 
579 I 78455064 44 
580 I 78540884 44 
581 I 78555521 44 
582 I 78575450 44 
583 I 78582128 44 
584 I 79375995 44 
585 I 79413012 44 
586 I 79420846 44 
587 I 79447275 44 
588 I 79455204 44 
589 I 79540250 44 
590 I 79557373 44 
591 I 79581672 44 
592 I 80369634 44 
593 I 80418694 44 
594 I 80438578 44 
595 I 80444867 44 
596 I 80524627 44 
597 I 80535279 44 
598 I 80541796 44 
599 I 80567239 44 
600 I 81356950 44 
601 I 81363100 44 
602 I 81405789 44 
603 I 81425512 44 
604 I 81432467 44 
605 I 81503916 44 
606 I 81508965 44 
607 I 81519611 44 
608 I 81525102 44 
609 I 81542388 44 
610 I 81548634 44 
611 I 82334733 44 
612 I 82375540 44 
613 I 82395502 44 
614 I 82402273 44 
615 I 82476527 44 
616 I 82485418 44 
617 I 82492507 44 
618 I 82509606 44 
619 I 82516023 44 
620 I 83313939 44 
621 I 83352019 44 
622 I 83380116 44 
623 I 83460726 44 
624 I 83480553 44 
625 I 83497830 44 
626 I 83504327 44 
627 I 84300624 44 
628 I 84339350 44 
629 I 84357944 44 
630 I 84363174 44 
631 I 84434450 44 
632 I 84454436 44 
633 I 84472442 44 
634 I 84479855 44 
635 I 85272014 44 
636 I 85310799 44 
637 I 85330448 44 
638 I 85337045 44 
639 I 85408464 44 
640 I 85421795 44 
641 I 85428530 44 
642 I 85449776 44 
643 I 85454801 44 
644 I 86273843 44 
645 I 86312431 44 
646 I 86344252 44 
647 I 86411625 44 
648 I 86416779 44 
649 I 86431653 44 
650 I 86438155 44 
651 I 86456458 44 
652 I 86461789 44 
653 I 87263782 44 
654 I 87302153 44 
655 I 87329905 44 
656 I 87397232 44 
657 I 87410432 44 
658 I 87417479 44 
659 I 87440111 44 
660 I 88198442 44 
661 I 88203014 44 
662 I 88233609 44 
663 I 88240123 44 
664 I 88341086 44 
665 I 88362291 44 
666 I 88373992 44 
667 I 88380398 44 
668 I 89148868 44 
669 I 89284059 44 
670 I 89292173 44 
671 I 89313305 44 
672 I 89323937 44 
673 I 89330442 44 
674 I 90240790 44 
675 I 90254402 44 
676 I 90261436 44 
677 I 90272620 44 
678 I 90279360 44 
679 I 90295094 44 
680 I 91205231 44 
681 I 91221219 44 
682 I 91228266 44 
683 I 91245189 44 
684 I 91251888 44 
685 I 91261121 44 
686 I 91267846 44 
687 I 92193971 44 
688 I 92200473 44 
689 I 92213900 44 
690 I 92235082 44 
691 I 92246834 44 
692 I 92253650 44 
693 I 93145414 44 
694 I 93151934 44 
695 I 93165167 44 
696 I 93178209 44 
697 I 93186452 44 
698 I 93192712 44 
699 I 93212653 44 
700 I 94112446 44 
701 I 94119546 44 
702 I 94126414 44 
703 I 94132566 44 
704 I 94140422 44 
705 I 94145582 44 
706 I 94161621 44 
707 I 94174735 44 
708 I 94181369 44 
709 I 95096948 44 
710 I 95110469 44 
711 I 95116739 44 
712 I 95123609 44 
713 I 95130272 44 
714 I 95136853 44 
715 I 95143359 44 
716 I 95150024 44 
717 I 95156717 44 
718 I 96088235 44 
719 I 96102383 44 
720 I 96115886 44 
721 I 96122670 44 
722 I 96129079 44 
723 I 96135749 44 
724 I 96149107 44 
725 I 96240430 44 
726 I 97026217 44 
727 I 97034068 44 
728 I 97042362 44 
729 I 97060704 44 
730 I 97067271 44 
731 I 97074012 44 
732 I 97086979 44 
733 I 97165368 44 
734 I 97944536 44 
735 I 97949820 44 
736 I 97960453 44 
737 I 97966764 44 
738 I 97978925 44 
739 I 97984120 44 
740 I 97990900 44 
741 I 97997466 44 
742 I 98004079 44 
743 I 98011539 44 
744 I 98084815 44 
745 I 98875998 44 
746 I 98888946 44 
747 I 98895950 44 
748 I 98906407 44 
749 I 98913080 44 
750 I 98928879 44 
751 I 98942273 44 
752 I 99015089 44 
753 I 99815322 44 
754 I 99833884 44 
755 I 99839029 44 
756 I 99848512 44 
757 I 99854993 44 
758 I 99864474 44 
759 I 99870868 44 
760 I 99878881 44 
761 I 99885638 44 
762 I 99966307 44 
763 I 100799881 44 
764 I 100806495 44 
765 I 100835681 44 
766 I 100848957 44 
767 I 100855328 44 
768 I 100868800 44 
769 I 100884518 44 
770 I 100957352 44 
771 I 100965510 44 
772 I 101804206 44 
773 I 101812084 44 
774 I 101835989 44 
775 I 101848975 44 
776 I 101855904 44 
777 I 101862235 44 
778 I 101869873 44 
779 I 101883752 44 
780 I 101959332 44 
781 I 102789958 44 
782 I 102810000 44 
783 I 102816352 44 
784 I 102832139 44 
785 I 102837711 44 
786 I 102845690 44 
787 I 102851953 44 
788 I 102860253 44 
789 I 102866697 44 
790 I 102944035 44 
791 I 103745319 44 
792 I 103751939 44 
793 I 103778393 44 
794 I 103787751 44 
795 I 103794485 44 
796 I 103803598 44 
797 I 103810256 44 
798 I 103819285 44 
799 I 103826226 44 
800 I 103900198 44 
801 I 104725079 44 
802 I 104746899 44 
803 I 104754763 44 
804 I 104760376 44 
805 I 104768214 44 
806 I 104785314 44 
807 I 104799973 44 
808 I 104875745 44 
809 I 104880847 44 
810 I 105707505 44 
811 I 105714335 44 
812 I 105744612 44 
813 I 105754220 44 
814 I 105758000 44 
815 I 105778281 44 
816 I 105792163 44 
817 I 105869404 44 
818 I 106731981 44 
819 I 106758238 44 
820 I 106765669 44 
821 I 106782127 44 
822 I 106807353 44 
823 I 106824539 44 
824 I 106900444 44 
825 I 107737717 44 
826 I 107744129 44 
827 I 107778584 44 
828 I 107791940 44 
829 I 107814181 44 
830 I 107827627 44 
831 I 107899149 44 
832 I 107906035 44 
833 I 108730033 44 
834 I 108735337 44 
835 I 108768419 44 
836 I 108774876 44 
837 I 108788169 44 
838 I 108811990 44 
839 I 108818478 44 
840 I 108825447 44 
841 I 108902000 44 
842 I 109719672 44 
843 I 109726343 44 
844 I 109767338 44 
845 I 109780558 44 
846 I 109804549 44 
847 I 109817870 44 
848 I 109895893 44 
849 I 110726180 44 
850 I 110761226 44 
851 I 110767997 44 
852 I 110782311 44 
853 I 110803658 44 
854 I 110810462 44 
855 I 110816850 44 
856 I 110823430 44 
857 I 110895443 44 
858 I 111701981 44 
859 I 111747140 44 
860 I 111762231 44 
861 I 111789396 44 
862 I 111802648 44 
863 I 111874005 44 
864 I 111879591 44 
865 I 112691711 44 
866 I 112727366 44 
867 I 112742056 44 
868 I 112743500 44 
869 I 112747539 44 
870 I 112776285 44 
871 I 112784472 44 
872 I 112789676 44 
873 I 112866732 44 
874 I 113672112 44 
875 I 113678777 44 
876 I 113715930 44 
877 I 113721340 44 
878 I 113734433 44 
879 I 113749190 44 
880 I 113755810 44 
881 I 113768983 44 
882 I 113844330 44 
883 I 113851054 44 
884 I 114673782 44 
885 I 114719091 44 
886 I 114732108 44 
887 I 114754729 44 
888 I 114767731 44 
889 I 114834072 44 
890 I 114841109 44 
891 I 115661557 44 
892 I 115710062 44 
893 I 115723608 44 
894 I 115733789 44 
895 I 115740683 44 
896 I 115753897 44 
897 I 115821738 44 
898 I 116642944 44 
899 I 116687723 44 
900 I 116695891 44 
901 I 116703723 44 
902 I 116711642 44 
903 I 116718317 44 
904 I 116732916 44 
905 I 116808298 44 
906 I 117607388 44 
907 I 117614100 44 
908 I 117651318 44 
909 I 117657840 44 
910 I 117668393 44 
911 I 117673770 44 
912 I 117682160 44 
913 I 117688524 44 
914 I 117701496 44 
915 I 117766470 44 
916 I 117773182 44 
917 I 118570597 44 
918 I 118603794 44 
919 I 118610289 44 
920 I 118621233 44 
921 I 118627438 44 
922 I 118641028 44 
923 I 118654076 44 
924 I 118724340 44 
925 I 119520656 44 
926 I 119527414 44 
927 I 119585565 44 
928 I 119599024 44 
929 I 119612063 44 
930 I 119671871 44 
931 I 119678404 44 
932 I 119686549 44 
933 I 119692387 44 
934 I 120473713 44 
935 I 120480057 44 
936 I 120538364 44 
937 I 120550459 44 
938 I 120563676 44 
939 I 120615189 44 
940 I 120621874 44 
941 I 120637779 44 
942 I 121413196 44 
943 I 121420935 44 
944 I 121481481 44 
945 I 121488445 44 
946 I 121494916 44 
947 I 121501631 44 
948 I 121508118 44 
949 I 121514846 44 
950 I 121573315 44 
951 I 121586564 44 
952 I 121593320 44 
953 I 122377582 44 
954 I 122443632 44 
955 I 122457019 44 
956 I 122463589 44 
957 I 122470367 44 
958 I 122531227 44 
959 I 122552525 44 
960 I 123326214 44 
961 I 123332828 44 
962 I 123391269 44 
963 I 123397577 44 
964 I 123408437 44 
965 I 123414888 44 
966 I 123423017 44 
967 I 123429599 44 
968 I 123485612 44 
969 I 123491968 44 
970 I 123515579 44 
971 I 124274975 44 
972 I 124331793 44 
973 I 124338272 44 
974 I 124354338 44 
975 I 124367518 44 
976 I 124373995 44 
977 I 124439179 44 
978 I 124461663 44 
979 I 125242160 44 
980 I 125299243 44 
981 I 125314959 44 
982 I 125332144 44 
983 I 125385226 44 
984 I 125391739 44 
985 I 125411870 44 
986 I 126168384 44 
987 I 126174836 44 
988 I 126235947 44 
989 I 126251562 44 
990 I 126268939 44 
991 I 126325858 44 
992 I 126333914 44 
993 I 126348496 44 
994 I 126355204 44 
995 I 127085172 44 
996 I 127147545 44 
997 I 127161937 44 
998 I 127173832 44 
999 I 127180749 44 
1000 I 127241708 44 
1001 I 127248580 44 
1002 I 127270831 44 
1003 I 127278638 44 
1004 I 128005980 44 
1005 I 128012696 44 
1006 I 128082958 44 
1007 I 128089793 44 
1008 I 128102970 44 
1009 I 128121576 44 
1010 I 128190122 44 
1011 I 128196829 44 
1012 I 128223551 44 
1013 I 128229836 44 
1014 I 128935143 44 
1015 I 128941548 44 
1016 I 129014238 44 
1017 I 129020963 44 
1018 I 129034766 44 
1019 I 129048781 44 
1020 I 129056943 44 
1021 I 129124369 44 
1022 I 129130898 44 
1023 I 129152297 44 
1024 I 129158940 44 
1025 I 129836021 44 
1026 I 129842291 44 
1027 I 129906111 44 
1028 I 129912586 44 
1029 I 129925776 44 
1030 I 129940357 44 
1031 I 129946035 44 
1032 I 130021603 44 
1033 I 130051884 44 
1034 I 130701707 44 
1035 I 130706335 44 
1036 I 130775428 44 
1037 I 130788858 44 
1038 I 130802107 44 
1039 I 130808323 44 
1040 I 130888090 44 
1041 I 130910332 44 
1042 I 130915722 44 
1043 I 131579606 44 
1044 I 131656319 44 
1045 I 131665606 44 
1046 I 131673723 44 
1047 I 131694853 44 
1048 I 131771813 44 
1049 I 131778359 44 
1050 I 131800904 44 
1051 I 131807503 44 
1052 I 132497969 44 
1053 I 132572065 44 
1054 I 132577468 44 
1055 I 132588027 44 
1056 I 132594508 44 
1057 I 132614306 44 
1058 I 132704531 44 
1059 I 132721851 44 
1060 I 132729777 44 
1061 I 133400167 44 
1062 I 133405474 44 
1063 I 133494261 44 
1064 I 133507419 44 
1065 I 133514166 44 
1066 I 133536416 44 
1067 I 133626681 44 
1068 I 133632040 44 
1069 I 133651918 44 
1070 I 133660380 44 
1071 I 134342234 44 
1072 I 134421963 44 
1073 I 134428484 44 
1074 I 134442922 44 
1075 I 134448220 44 
1076 I 134468162 44 
1077 I 134562304 44 
1078 I 134591748 44 
1079 I 135277747 44 
1080 I 135284387 44 
1081 I 135372983 44 
1082 I 135391746 44 
1083 I 135412863 44 
1084 I 135512323 44 
1085 I 135534590 44 
1086 I 135541350 44 
1087 I 136211954 44 
1088 I 136218736 44 
1089 I 136307127 44 
1090 I 136324415 44 
1091 I 136331245 44 
1092 I 136352240 44 
1093 I 136446596 44 
1094 I 136451922 44 
1095 I 136476788 44 
1096 I 137148763 44 
1097 I 137155098 44 
1098 I 137239888 44 
1099 I 137262572 44 
1100 I 137283688 44 
1101 I 137380693 44 
1102 I 137397899 44 
1103 I 137405651 44 
1104 I 138081386 44 
1105 I 138087966 44 
1106 I 138175267 44 
1107 I 138188757 44 
1108 I 138195551 44 
1109 I 138218057 44 
1110 I 138318865 44 
1111 I 138323956 44 
1112 I 138351760 44 
1113 I 139046111 44 
1114 I 139121365 44 
1115 I 139128369 44 
1116 I 139136269 44 
1117 I 139151981 44 
1118 I 139157130 44 
1119 I 139258036 44 
1120 I 139264830 44 
1121 I 139296536 44 
1122 I 139964272 44 
1123 I 140034576 44 
1124 I 140042432 44 
1125 I 140049232 44 
1126 I 140064687 44 
1127 I 140070267 44 
1128 I 140162813 44 
1129 I 140171023 44 
1130 I 140200521 44 
1131 I 140845214 44 
1132 I 140917102 44 
1133 I 140930472 44 
1134 I 140946005 44 
1135 I 140952851 44 
1136 I 141059960 44 
1137 I 141083926 44 
1138 I 141090589 44 
1139 I 141747466 44 
1140 I 141811066 44 
1141 I 141816835 44 
1142 I 141825477 44 
1143 I 141830662 44 
1144 I 141849719 44 
1145 I 141977026 44 
1146 I 142007473 44 
1147 I 142677825 44 
1148 I 142684560 44 
1149 I 142746940 44 
1150 I 142753693 44 
1151 I 142766714 44 
1152 I 142779908 44 
1153 I 142786612 44 
1154 I 142904607 44 
1155 I 142929709 44 
1156 I 143611842 44 
1157 I 143618815 44 
1158 I 143687475 44 
1159 I 143703630 44 
1160 I 143723383 44 
1161 I 143859828 44 
1162 I 143883635 44 
1163 I 144568604 44 
1164 I 144628198 44 
1165 I 144639066 44 
1166 I 144645327 44 
1167 I 144665495 44 
1168 I 144808735 44 
1169 I 144813735 44 
1170 I 144831127 44 
1171 I 145505633 44 
1172 I 145563592 44 
1173 I 145584971 44 
1174 I 145603256 44 
1175 I 145754424 44 
1176 I 145767694 44 
1177 I 146394501 44 
1178 I 146401149 44 
1179 I 146463545 44 
1180 I 146483365 44 
1181 I 146500456 44 
1182 I 146645139 44 
1183 I 146651346 44 
1184 I 146658252 44 
1185 I 147287449 44 
1186 I 147345638 44 
1187 I 147352453 44 
1188 I 147370916 44 
1189 I 147388179 44 
1190 I 147525799 44 
1191 I 147532777 44 
1192 I 147547412 44 
1193 I 148162110 44 
1194 I 148167245 44 
1195 I 148233522 44 
1196 I 148240379 44 
1197 I 148255998 44 
1198 I 148267921 44 
1199 I 148274585 44 
1200 I 148413863 44 
1201 I 148421672 44 
1202 I 148428331 44 
1203 I 149067029 44 
1204 I 149142291 44 
1205 I 149150478 44 
1206 I 149155719 44 
1207 I 149172905 44 
1208 I 149306862 44 
1209 I 149313725 44 
1210 I 149322676 44 
1211 I 149327792 44 
1212 I 149961574 44 
1213 I 149968016 44 
1214 I 150047547 44 
1215 I 150062207 44 
1216 I 150081375 44 
1217 I 150222393 44 
1218 I 150228936 44 
1219 I 150247535 44 
1220 I 150884922 44 
1221 I 150971116 44 
1222 I 150988083 44 
1223 I 151008409 44 
1224 I 151140645 44 
1225 I 151147210 44 
1226 I 151159304 44 
1227 I 151165544 44 
1228 I 151802006 44 
1229 I 151809647 44 
1230 I 151889508 44 
1231 I 151895883 44 
1232 I 151906323 44 
1233 I 151913180 44 
1234 I 151926429 44 
1235 I 151931934 44 
1236 I 152060140 44 
1237 I 152066605 44 
1238 I 152083812 44 
1239 I 152697524 44 
1240 I 152704252 44 
1241 I 152790363 44 
1242 I 152803508 44 
1243 I 152823558 44 
1244 I 152941268 44 
1245 I 152947986 44 
1246 I 152958453 44 
1247 I 152966394 44 
1248 I 153580009 44 
1249 I 153659423 44 
1250 I 153666187 44 
1251 I 153672622 44 
1252 I 153679139 44 
1253 I 153692301 44 
1254 I 153834199 44 
1255 I 153843920 44 
1256 I 154476046 44 
1257 I 154482371 44 
1258 I 154565701 44 
1259 I 154572690 44 
1260 I 154588334 44 
1261 I 154601684 44 
1262 I 154745976 44 
1263 I 154759231 44 
1264 I 155387318 44 
1265 I 155393985 44 
1266 I 155481187 44 
1267 I 155488077 44 
1268 I 155502758 44 
1269 I 155507883 44 
1270 I 155522664 44 
1271 I 155661487 44 
1272 I 155668332 44 
1273 I 155681461 44 
1274 I 156308175 44 
1275 I 156314683 44 
1276 I 156407647 44 
1277 I 156427410 44 
1278 I 156447219 44 
1279 I 156587680 44 
1280 I 156594380 44 
1281 I 156600852 44 
1282 I 157216974 44 
1283 I 157304656 44 
1284 I 157311211 44 
1285 I 157321755 44 
1286 I 157328600 44 
1287 I 157351023 44 
1288 I 157486070 44 
1289 I 157493015 44 
1290 I 157499202 44 
1291 I 157505911 44 
1292 I 158143418 44 
1293 I 158237195 44 
1294 I 158256264 44 
1295 I 158276935 44 
1296 I 158414887 44 
1297 I 158422647 44 
1298 I 158429531 44 
1299 I 159075047 44 
1300 I 159164904 44 
1301 I 159171259 44 
1302 I 159189872 44 
1303 I 159204447 44 
1304 I 159212558 44 
1305 I 159330878 44 
1306 I 159338493 44 
1307 I 159351698 44 
1308 I 159963880 44 
1309 I 159971814 44 
1310 I 160053828 44 
1311 I 160060549 44 
1312 I 160081696 44 
1313 I 160104219 44 
1314 I 160228954 44 
1315 I 160241879 44 
1316 I 160878087 44 
1317 I 160884643 44 
1318 I 160970158 44 
1319 I 160993583 44 
1320 I 161010724 44 
1321 I 161018549 44 
1322 I 161142753 44 
1323 I 161149826 44 
1324 I 161156240 44 
1325 I 161817561 44 
1326 I 161824090 44 
1327 I 161906140 44 
1328 I 161936749 44 
1329 I 161956663 44 
1330 I 161963457 44 
1331 I 162092795 44 
1332 I 162107625 44 
1333 I 162780797 44 
1334 I 162857593 44 
1335 I 162887957 44 
1336 I 162894683 44 
1337 I 163041726 44 
1338 I 163048380 44 
1339 I 163061595 44 
1340 I 163712023 44 
1341 I 163719012 44 
1342 I 163783723 44 
1343 I 163791609 44 
1344 I 163975929 44 
1345 I 163983822 44 
1346 I 163990537 44 
1347 I 164611891 44 
1348 I 164665132 44 
1349 I 164862205 44 
1350 I 164877090 44 
1351 I 165495701 44 
1352 I 165502263 44 
1353 I 165731337 44 
1354 I 165751482 44 
1355 I 165764687 44 
1356 I 166379416 44 
1357 I 166601820 44 
1358 I 166608742 44 
1359 I 166624545 44 
1360 I 166631330 44 
1361 I 166639569 44 
1362 I 166645632 44 
1363 I 167287003 44 
1364 I 167295002 44 
1365 I 167520078 44 
1366 I 167541729 44 
1367 I 167548266 44 
1368 I 167554817 44 
1369 I 167630269 44 
1370 I 168218526 44 
1371 I 168225590 44 
1372 I 168461197 44 
1373 I 168468021 44 
1374 I 168482198 44 
1375 I 168487565 44 
1376 I 168496814 44 
1377 I 168503478 44 
1378 I 168567003 44 
1379 I 169171377 44 
1380 I 169409990 44 
1381 I 169416389 44 
1382 I 169428296 44 
1383 I 169434930 44 
1384 I 169448208 44 
1385 I 169511777 44 
1386 I 170114607 44 
1387 I 170361153 44 
1388 I 170367996 44 
1389 I 170378276 44 
1390 I 170384977 44 
1391 I 170399572 44 
1392 I 170452474 44 
1393 I 170459229 44 
1394 I 170629858 44 
1395 I 171058162 44 
1396 I 171063279 44 
1397 I 171320521 44 
1398 I 171337151 44 
1399 I 171349635 44 
1400 I 171402493 44 
1401 I 171409249 44 
1402 I 171729710 44 
1403 I 171994719 44 
1404 I 172001490 44 
1405 I 172263957 44 
1406 I 172287971 44 
1407 I 172294138 44 
1408 I 172302370 44 
1409 I 172347192 44 
1410 I 172353997 44 
1411 I 172530165 44 
1412 I 172829503 44 
1413 I 172915866 44 
1414 I 173172981 44 
1415 I 173179596 44 
1416 I 173196378 44 
1417 I 173203319 44 
1418 I 173216514 44 
1419 I 173266865 44 
1420 I 173630022 44 
1421 I 173823242 44 
1422 I 173930777 44 
1423 I 174087097 44 
1424 I 174093824 44 
1425 I 174110693 44 
1426 I 174117655 44 
1427 I 174133682 44 
1428 I 174180922 44 
1429 I 174729903 44 
1430 I 174750661 44 
1431 I 174757406 44 
1432 I 174851716 44 
1433 I 175029191 44 
1434 I 175035923 44 
1435 I 175055710 44 
1436 I 175062184 44 
1437 I 175074204 44 
1438 I 175078316 44 
1439 I 175119186 44 
1440 I 175126010 44 
1441 I 175688945 44 
1442 I 175695390 44 
1443 I 175783033 44 
1444 I 175973884 44 
1445 I 175993832 44 
1446 I 176000136 44 
1447 I 176018636 44 
1448 I 176064113 44 
1449 I 176070402 44 
1450 I 176638949 44 
1451 I 176718718 44 
1452 I 176724927 44 
1453 I 176912069 44 
1454 I 176938499 44 
1455 I 176949012 44 
1456 I 176955914 44 
1457 I 177010192 44 
1458 I 177582299 44 
1459 I 177658132 44 
1460 I 177665685 44 
1461 I 177843549 44 
1462 I 177850202 44 
1463 I 177876478 44 
1464 I 177898065 44 
1465 I 177952220 44 
1466 I 178528600 44 
1467 I 178621182 44 
1468 I 178790845 44 
1469 I 178797542 44 
1470 I 178825276 44 
1471 I 178847992 44 
1472 I 178902136 44 
1473 I 178908648 44 
1474 I 179495771 44 
1475 I 179569823 44 
1476 I 179576652 44 
1477 I 179742005 44 
1478 I 179759224 44 
1479 I 179766219 44 
1480 I 179789824 44 
1481 I 179841610 44 
1482 I 180420606 44 
1483 I 180486894 44 
1484 I 180493504 44 
1485 I 180646122 44 
1486 I 180653916 44 
1487 I 180677424 44 
1488 I 180694668 44 
1489 I 180738404 44 
1490 I 180745199 44 
1491 I 181371701 44 
1492 I 181378664 44 
1493 I 181546822 44 
1494 I 181564226 44 
1495 I 181570476 44 
1496 I 181587792 44 
1497 I 181636867 44 
1498 I 182284909 44 
1499 I 182456907 44 
1500 I 182465159 44 
1501 I 182482420 44 
1502 I 182488683 44 
1503 I 182495397 44 
1504 I 182502371 44 
1505 I 182508634 44 
1506 I 182544580 44 
1507 I 182549907 44 
1508 I 183220447 44 
1509 I 183226777 44 
1510 I 183413773 44 
1511 I 183430937 44 
1512 I 183442637 44 
1513 I 183458724 44 
1514 I 183498515 44 
1515 I 184181012 44 
1516 I 184187549 44 
1517 I 184360079 44 
1518 I 184364926 44 
1519 I 184386413 44 
1520 I 184392930 44 
1521 I 184399515 44 
1522 I 184412706 44 
1523 I 184442060 44 
1524 I 184448553 44 
1525 I 185146890 44 
1526 I 185153450 44 
1527 I 185321984 44 
1528 I 185341569 44 
1529 I 185354779 44 
1530 I 185362619 44 
1531 I 185397423 44 
1532 I 186088982 44 
1533 I 186263821 44 
1534 I 186278364 44 
1535 I 186284879 44 
1536 I 186291574 44 
1537 I 186298314 44 
1538 I 186328948 44 
1539 I 186335298 44 
1540 I 186986076 44 
1541 I 186992566 44 
1542 I 187166042 44 
1543 I 187182036 44 
1544 I 187236356 44 
1545 I 187243147 44 
1546 I 187892264 44 
1547 I 188075299 44 
1548 I 188154534 44 
1549 I 188159897 44 
1550 I 188228944 44 
1551 I 188815725 44 
1552 I 188822443 44 
1553 I 189096759 44 
1554 I 189174591 44 
1555 I 190112765 44 
1556 I 190120845 44 
1557 I 190228348 44 
1558 I 190229623 44 
1559 I 191051000 44 
1560 I 191057529 44 
1561 I 191148977 44 
1562 I 191155875 44 
1563 I 191162418 44 
1564 I 191982475 44 
1565 I 191989031 44 
1566 I 192092646 44 
1567 I 192098904 44 
1568 I 192107075 44 
1569 I 192917951 44 
1570 I 192924634 44 
1571 I 192931158 44 
1572 I 193024210 44 
1573 I 193029268 44 
1574 I 193043956 44 
1575 I 193228220 44 
1576 I 193820648 44 
1577 I 193825623 44 
1578 I 193833381 44 
1579 I 193840112 44 
1580 I 193932802 44 
1581 I 193940994 44 
1582 I 194127931 44 
1583 I 194139528 44 
1584 I 194146458 44 
1585 I 194729411 44 
1586 I 194747695 44 
1587 I 194836556 44 
1588 I 194843299 44 
1589 I 195040395 44 
1590 I 195045897 44 
1591 I 195068645 44 
1592 I 195639566 44 
1593 I 195652727 44 
1594 I 195659302 44 
1595 I 195948427 44 
1596 I 195984217 44 
1597 I 196127801 44 
1598 I 196553612 44 
1599 I 196560471 44 
1600 I 196581496 44 
1601 I 196906319 44 
1602 I 197026762 44 
1603 I 197052269 44 
1604 I 197494691 44 
1605 I 197499777 44 
1606 I 197515781 44 
1607 I 197522347 44 
1608 I 197826970 44 
1609 I 197833878 44 
1610 I 197975544 44 
1611 I 198126732 44 
1612 I 198425897 44 
1613 I 198453865 44 
1614 I 198740094 44 
1615 I 198746550 44 
1616 I 198887237 44 
1617 I 198893908 44 
1618 I 199046237 44 
1619 I 199342837 44 
1620 I 199361726 44 
1621 I 199368122 44 
1622 I 199639783 44 
1623 I 199646297 44 
1624 I 199781481 44 
1625 I 199788204 44 
1626 I 199943093 44 
1627 I 200226441 44 
1628 I 200233452 44 
1629 I 200257115 44 
1630 I 200548673 44 
1631 I 200682568 44 
1632 I 200844215 44 
1633 I 200849545 44 
1634 I 201135670 44 
1635 I 201140786 44 
1636 I 201156881 44 
1637 I 201163758 44 
1638 I 201449407 44 
1639 I 201580884 44 
1640 I 201586116 44 
1641 I 201749077 44 
1642 I 201926395 44 
1643 I 202043271 44 
1644 I 202062959 44 
1645 I 202337529 44 
1646 I 202344018 44 
1647 I 202477821 44 
1648 I 202632732 44 
1649 I 202809042 44 
1650 I 202815932 44 
1651 I 202925882 44 
1652 I 202932335 44 
1653 I 202948053 44 
1654 I 202953620 44 
1655 I 203218636 44 
1656 I 203348438 44 
1657 I 203503211 44 
1658 I 203678322 44 
1659 I 203790755 44 
1660 I 203809518 44 
1661 I 204067603 44 
1662 I 204192404 44 
1663 I 204355419 44 
1664 I 204525073 44 
1665 I 204531637 44 
1666 I 204628313 44 
1667 I 204635040 44 
1668 I 204652222 44 
1669 I 204894914 44 
1670 I 204900191 44 
1671 I 205017638 44 
1672 I 205165115 44 
1673 I 205334710 44 
1674 I 205340944 44 
1675 I 205456636 44 
1676 I 205478893 44 
1677 I 205742613 44 
1678 I 205859558 44 
1679 I 206006221 44 
1680 I 206183802 44 
1681 I 206300644 44 
1682 I 206321533 44 
1683 I 206594467 44 
1684 I 206719075 44 
1685 I 206858227 44 
1686 I 206864847 44 
1687 I 207050345 44 
1688 I 207172321 44 
1689 I 207185676 44 
1690 I 207192269 44 
1691 I 207446654 44 
1692 I 207453186 44 
1693 I 207585877 44 
1694 I 207726459 44 
1695 I 207732879 44 
1696 I 207914485 44 
1697 I 208032381 44 
1698 I 208038867 44 
1699 I 208054881 44 
1700 I 208311981 44 
1701 I 208317128 44 
1702 I 208440597 44 
1703 I 208594313 44 
1704 I 208600530 44 
1705 I 208775573 44 
1706 I 208782283 44 
1707 I 208901734 44 
1708 I 208908010 44 
1709 I 208918654 44 
1710 I 208925482 44 
1711 I 209206438 44 
1712 I 209327035 44 
1713 I 209333275 44 
1714 I 209475048 44 
1715 I 209481900 44 
1716 I 209673908 44 
1717 I 209804286 44 
1718 I 209810212 44 
1719 I 209829219 44 
1720 I 210095469 44 
1721 I 210101867 44 
1722 I 210230482 44 
1723 I 210374789 44 
1724 I 210381812 44 
1725 I 210565711 44 
1726 I 210573133 44 
1727 I 210699493 44 
1728 I 210705995 44 
1729 I 210724861 44 
1730 I 210991308 44 
1731 I 211110400 44 
1732 I 211115585 44 
1733 I 211248347 44 
1734 I 211254714 44 
1735 I 211433842 44 
1736 I 211440184 44 
1737 I 211571470 44 
1738 I 211593927 44 
1739 I 211884089 44 
1740 I 211890710 44 
1741 I 212019169 44 
1742 I 212157161 44 
1743 I 212162269 44 
1744 I 212343797 44 
1745 I 212348929 44 
1746 I 212480371 44 
1747 I 212486870 44 
1748 I 212513324 44 
1749 I 212804878 44 
1750 I 212925366 44 
1751 I 212932136 44 
1752 I 213064748 44 
1753 I 213071222 44 
1754 I 213239702 44 
1755 I 213246139 44 
1756 I 213370754 44 
1757 I 213377308 44 
1758 I 213406860 44 
1759 I 213701779 44 
1760 I 213821265 44 
1761 I 213827620 44 
1762 I 213951264 44 
1763 I 213957555 44 
1764 I 214118212 44 
1765 I 214124694 44 
1766 I 214239925 44 
1767 I 214246683 44 
1768 I 214274578 44 
1769 I 214566000 44 
1770 I 214572451 44 
1771 I 214701214 44 
1772 I 214707732 44 
1773 I 214826840 44 
1774 I 214833750 44 
1775 I 215011193 44 
1776 I 215129169 44 
1777 I 215135705 44 
1778 I 215153998 44 
1779 I 215162140 44 
1780 I 215454825 44 
1781 I 215603490 44 
1782 I 215720176 44 
1783 I 215726836 44 
1784 I 215905353 44 
1785 I 216033869 44 
1786 I 216040836 44 
1787 I 216060519 44 
1788 I 216068341 44 
1789 I 216353354 44 
1790 I 216360049 44 
1791 I 216509603 44 
1792 I 216516554 44 
1793 I 216631601 44 
1794 I 216638125 44 
1795 I 216797203 44 
1796 I 216805291 44 
1797 I 216933511 44 
1798 I 216940562 44 
1799 I 216961478 44 
1800 I 216968066 44 
1801 I 217253002 44 
1802 I 217409386 44 
1803 I 217529652 44 
1804 I 217698052 44 
1805 I 217824167 44 
1806 I 217830744 44 
1807 I 217851785 44 
1808 I 217859922 44 
1809 I 218143374 44 
1810 I 218287947 44 
1811 I 218294234 44 
1812 I 218408405 44 
1813 I 218415163 44 
1814 I 218576630 44 
1815 I 218583476 44 
1816 I 218699785 44 
1817 I 218706655 44 
1818 I 218730371 44 
1819 I 218736896 44 
1820 I 219009800 44 
1821 I 219155664 44 
1822 I 219162375 44 
1823 I 219269753 44 
1824 I 219276497 44 
1825 I 219440665 44 
1826 I 219547755 44 
1827 I 219554529 44 
1828 I 219578701 44 
1829 I 219585408 44 
1830 I 219862960 44 
1831 I 220007651 44 
1832 I 220014424 44 
1833 I 220113650 44 
1834 I 220120579 44 
1835 I 220274021 44 
1836 I 220280595 44 
1837 I 220405098 44 
1838 I 220431708 44 
1839 I 220438546 44 
1840 I 220708556 44 
1841 I 220714092 44 
1842 I 220854412 44 
1843 I 220859630 44 
1844 I 220973626 44 
1845 I 221128606 44 
1846 I 221255921 44 
1847 I 221296974 44 
1848 I 221577902 44 
1849 I 221720015 44 
1850 I 221726177 44 
1851 I 221836212 44 
1852 I 222000419 44 
1853 I 222131673 44 
1854 I 222171351 44 
1855 I 222450975 44 
1856 I 222457735 44 
1857 I 222619326 44 
1858 I 222738558 44 
1859 I 222890942 44 
1860 I 222896482 44 
1861 I 223026411 44 
1862 I 223032572 44 
1863 I 223072205 44 
1864 I 223340090 44 
1865 I 223506969 44 
1866 I 223627717 44 
1867 I 223785134 44 
1868 I 223920513 44 
1869 I 223925634 44 
1870 I 223966867 44 
1871 I 224211929 44 
1872 I 224396032 44 
1873 I 224504750 44 
1874 I 224510088 44 
1875 I 224662464 44 
1876 I 224667554 44 
1877 I 224805545 44 
1878 I 224835884 44 
1879 I 224842607 44 
1880 I 225079927 44 
1881 I 225270715 44 
1882 I 225391252 44 
1883 I 225539461 44 
1884 I 225674623 44 
1885 I 225703890 44 
1886 I 225710340 44 
1887 I 225943593 44 
1888 I 226127940 44 
1889 I 226134279 44 
1890 I 226257827 44 
1891 I 226404886 44 
1892 I 226539794 44 
1893 I 226575474 44 
1894 I 226803707 44 
1895 I 226997100 44 
1896 I 227121589 44 
1897 I 227128053 44 
1898 I 227280672 44 
1899 I 227285871 44 
1900 I 227409110 44 
1901 I 227415611 44 
1902 I 227454109 44 
1903 I 227460825 44 
1904 I 227693843 44 
1905 I 227887273 44 
1906 I 227894207 44 
1907 I 228028063 44 
1908 I 228173673 44 
1909 I 228178977 44 
1910 I 228308818 44 
1911 I 228315558 44 
1912 I 228351341 44 
1913 I 228356441 44 
1914 I 228580475 44 
1915 I 228587205 44 
1916 I 228779155 44 
1917 I 228912948 44 
1918 I 229055973 44 
1919 I 229062813 44 
1920 I 229204347 44 
1921 I 229211179 44 
1922 I 229241463 44 
1923 I 229248210 44 
1924 I 229461574 44 
1925 I 229468055 44 
1926 I 229649694 44 
1927 I 229656569 44 
1928 I 229790231 44 
1929 I 229961052 44 
1930 I 230110813 44 
1931 I 230116158 44 
1932 I 230146631 44 
1933 I 230153249 44 
1934 I 230359834 44 
1935 I 230367712 44 
1936 I 230555782 44 
1937 I 230677963 44 
1938 I 230684735 44 
1939 I 230851651 44 
1940 I 230858158 44 
1941 I 231005307 44 
1942 I 231011893 44 
1943 I 231044994 44 
1944 I 231050222 44 
1945 I 231266316 44 
1946 I 231570830 44 
1947 I 231577785 44 
1948 I 231730082 44 
1949 I 231736677 44 
1950 I 231887757 44 
1951 I 231931403 44 
1952 I 232155572 44 
1953 I 232161881 44 
1954 I 232440082 44 
1955 I 232601937 44 
1956 I 232751740 44 
1957 I 232794094 44 
1958 I 233041686 44 
1959 I 233047101 44 
1960 I 233622224 44 
1961 I 233659596 44 
1962 I 233666206 44 
1963 I 233991699 44 
1964 I 234585254 44 
1965 I 235121846 44 
1966 I 235505098 44 
1967 I 235511635 44 
1968 I 235622963 44 
1969 I 236058648 44 
1970 I 236413882 44 
1971 I 236416453 44 
1972 I 236521049 44 
1973 I 236939963 44 
1974 I 236946374 44 
1975 I 237123149 44 
1976 I 237297691 44 
1977 I 237304156 44 
1978 I 237392994 44 
1979 I 237399743 44 
1980 I 237822339 44 
1981 I 237828892 44 
1982 I 237991900 44 
1983 I 238174864 44 
1984 I 238268748 44 
1985 I 238275593 44 
1986 I 238678050 44 
1987 I 238685025 44 
1988 I 238862353 44 
1989 I 239046699 44 
1990 I 239053079 44 
1991 I 239165953 44 
1992 I 239322392 44 
1993 I 239565692 44 
1994 I 239730394 44 
1995 I 239737078 44 
1996 I 239921141 44 
1997 I 239952927 44 
1998 I 240056138 44 
1999 I 240064215 44 
2000 I 240219182 44 
2001 I 240481630 44 
2002 I 240488491 44 
2003 I 240671127 44 
2004 I 240677792 44 
2005 I 240895056 44 
2006 I 241007602 44 
2007 I 241022235 44 
2008 I 241149868 44 
2009 I 241154825 44 
2010 I 241591879 44 
2011 I 241598643 44 
2012 I 241813593 44 
2013 I 241820677 44 
2014 I 241929937 44 
2015 I 242063588 44 
2016 I 242121979 44 
2017 I 242477187 44 
2018 I 242483807 44 
2019 I 242496892 44 
2020 I 242621592 44 
2021 I 242697124 44 
2022 I 242703518 44 
2023 I 242800455 44 
2024 I 242807182 44 
2025 I 242931454 44 
2026 I 243120930 44 
2027 I 243330339 44 
2028 I 243336790 44 
2029 I 243342156 44 
2030 I 243547995 44 
2031 I 243620551 44 
2032 I 243645460 44 
2033 I 243652421 44 
2034 I 243766299 44 
2035 I 243772986 44 
2036 I 244121277 44 
2037 I 244175934 44 
2038 I 244182879 44 
2039 I 244321450 44 
2040 I 244383988 44 
2041 I 244488321 44 
2042 I 244612904 44 
2043 I 244620972 44 
2044 I 245010777 44 
2045 I 245022436 44 
2046 I 245219938 44 
2047 I 245320333 44 
2048 I 245322375 44 
2049 I 245463723 44 
2050 I 245620096 44 
2051 I 245858537 44 
2052 I 245868955 44 
2053 I 245875720 44 
2054 I 246096949 44 
2055 I 246194823 44 
2056 I 246321013 44 
2057 I 246323532 44 
2058 I 246329952 44 
2059 I 246493350 44 
2060 I 246779402 44 
2061 I 246787082 44 
2062 I 246793977 44 
2063 I 246999170 44 
2064 I 247007074 44 
2065 I 247104104 44 
2066 I 247110498 44 
2067 I 247240394 44 
2068 I 247391546 44 
2069 I 247714797 44 
2070 I 247721318 44 
2071 I 247728031 44 
2072 I 247734742 44 
2073 I 247932320 44 
2074 I 247938582 44 
2075 I 248038329 44 
2076 I 248044587 44 
2077 I 248181090 44 
2078 I 248325867 44 
2079 I 248645273 44 
2080 I 248651603 44 
2081 I 248665166 44 
2082 I 248835792 44 
2083 I 248842452 44 
2084 I 248952958 44 
2085 I 248958864 44 
2086 I 249088977 44 
2087 I 249228235 44 
2088 I 249234597 44 
2089 I 249534109 44 
2090 I 249540648 44 
2091 I 249548760 44 
2092 I 249555260 44 
2093 I 249732867 44 
2094 I 249837528 44 
2095 I 249952494 44 
2096 I 249959468 44 
2097 I 250098375 44 
2098 I 250105199 44 
2099 I 250420422 44 
2100 I 250425608 44 
2101 I 250438955 44 
2102 I 250607119 44 
2103 I 250613829 44 
2104 I 250716021 44 
2105 I 250833925 44 
2106 I 250840626 44 
2107 I 250972824 44 
2108 I 250979798 44 
2109 I 251310852 44 
2110 I 251317582 44 
2111 I 251330859 44 
2112 I 251493593 44 
2113 I 251599560 44 
2114 I 251722930 44 
2115 I 251728232 44 
2116 I 251850206 44 
2117 I 251856455 44 
2118 I 252201304 44 
2119 I 252214295 44 
2120 I 252377329 44 
2121 I 252474280 44 
2122 I 252480972 44 
2123 I 252608148 44 
2124 I 252731208 44 
2125 I 252738016 44 
2126 I 253088966 44 
2127 I 253104954 44 
2128 I 253282314 44 
2129 I 253383340 44 
2130 I 253499757 44 
2131 I 253504834 44 
2132 I 253638822 44 
2133 I 253645486 44 
2134 I 254056193 44 
2135 I 254077521 44 
2136 I 254083955 44 
2137 I 254237831 44 
2138 I 254244564 44 
2139 I 254343676 44 
2140 I 254447416 44 
2141 I 254453574 44 
2142 I 254572786 44 
2143 I 254985098 44 
2144 I 254991796 44 
2145 I 255017980 44 
2146 I 255181307 44 
2147 I 255271314 44 
2148 I 255279328 44 
2149 I 255381367 44 
2150 I 255501960 44 
2151 I 255923361 44 
2152 I 255929188 44 
2153 I 255947011 44 
2154 I 255953679 44 
2155 I 256107433 44 
2156 I 256113923 44 
2157 I 256207894 44 
2158 I 256214826 44 
2159 I 256306129 44 
2160 I 256312990 44 
2161 I 256426706 44 
2162 I 256433225 44 
2163 I 256860083 44 
2164 I 256887694 44 
2165 I 257058599 44 
2166 I 257142158 44 
2167 I 257148780 44 
2168 I 257237586 44 
2169 I 257244127 44 
2170 I 257359333 44 
2171 I 257366320 44 
2172 I 257764949 44 
2173 I 257771413 44 
2174 I 257796737 44 
2175 I 257802012 44 
2176 I 257982246 44 
2177 I 258073574 44 
2178 I 258080478 44 
2179 I 258176928 44 
2180 I 258301504 44 
2181 I 258702975 44 
2182 I 258729556 44 
2183 I 258736249 44 
2184 I 258903212 44 
2185 I 258909834 44 
2186 I 259013279 44 
2187 I 259116324 44 
2188 I 259235739 44 
2189 I 259242802 44 
2190 I 259638558 44 
2191 I 259666389 44 
2192 I 259674140 44 
2193 I 259834682 44 
2194 I 259935386 44 
2195 I 259941836 44 
2196 I 260047846 44 
2197 I 260157999 44 
2198 I 260164447 44 
2199 I 260574416 44 
2200 I 260608368 44 
2201 I 260733046 44 
2202 I 260738112 44 
2203 I 260835074 44 
2204 I 260948918 44 
2205 I 261084048 44 
2206 I 261482917 44 
2207 I 261490084 44 
2208 I 261513325 44 
2209 I 261520050 44 
2210 I 261645991 44 
2211 I 261742725 44 
2212 I 261860466 44 
2213 I 261867205 44 
2214 I 262019386 44 
2215 I 262451822 44 
2216 I 262470040 44 
2217 I 262476536 44 
2218 I 262597145 44 
2219 I 262604169 44 
2220 I 262700346 44 
2221 I 262707285 44 
2222 I 262826473 44 
2223 I 262980199 44 
2224 I 262986787 44 
2225 I 263402786 44 
2226 I 263429142 44 
2227 I 263567116 44 
2228 I 263656132 44 
2229 I 263662410 44 
2230 I 263776502 44 
2231 I 263910059 44 
2232 I 264318410 44 
2233 I 264342312 44 
2234 I 264465463 44 
2235 I 264472504 44 
2236 I 264558176 44 
2237 I 264563527 44 
2238 I 264817931 44 
2239 I 265223484 44 
2240 I 265240858 44 
2241 I 265247120 44 
2242 I 265370292 44 
2243 I 265715050 44 
2244 I 265721850 44 
2245 I 266137762 44 
2246 I 266144254 44 
2247 I 266173561 44 
2248 I 266418387 44 
2249 I 266662133 44 
2250 I 267076923 44 
2251 I 267100800 44 
2252 I 267107713 44 
2253 I 267355188 44 
2254 I 267360518 44 
2255 I 267599152 44 
2256 I 268000625 44 
2257 I 268030925 44 
2258 I 268268360 44 
2259 I 268274821 44 
2260 I 268490868 44 
2261 I 268906962 44 
2262 I 268925273 44 
2263 I 268931991 44 
2264 I 269173149 44 
2265 I 269179693 44 
2266 I 269186580 44 
2267 I 269399771 44 
2268 I 269801097 44 
2269 I 269808263 44 
2270 I 269833086 44 
2271 I 270062246 44 
2272 I 270068953 44 
2273 I 270074527 44 
2274 I 270082387 44 
2275 I 270298529 44 
2276 I 270698246 44 
2277 I 270711706 44 
2278 I 270718306 44 
2279 I 270951594 44 
2280 I 270958076 44 
2281 I 270971196 44 
2282 I 271118502 44 
2283 I 271185925 44 
2284 I 271580935 44 
2285 I 271585896 44 
2286 I 271604565 44 
2287 I 271611192 44 
2288 I 271848442 44 
2289 I 271864175 44 
2290 I 272094802 44 
2291 I 272117404 44 
2292 I 272507093 44 
2293 I 272513762 44 
2294 I 272529488 44 
2295 I 272536064 44 
2296 I 272766688 44 
2297 I 272778537 44 
2298 I 272785228 44 
2299 I 272917620 44 
2300 I 273001244 44 
2301 I 273007809 44 
2302 I 273217390 44 
2303 I 273410357 44 
2304 I 273418603 44 
2305 I 273439640 44 
2306 I 273655710 44 
2307 I 273666145 44 
2308 I 273673093 44 
2309 I 273892957 44 
2310 I 273916591 44 
2311 I 274217773 44 
2312 I 274292945 44 
2313 I 274299897 44 
2314 I 274324718 44 
2315 I 274531490 44 
2316 I 274538376 44 
2317 I 274548696 44 
2318 I 274554079 44 
2319 I 274779318 44 
2320 I 274916993 44 
2321 I 275189877 44 
2322 I 275196589 44 
2323 I 275216595 44 
2324 I 275221855 44 
2325 I 275447307 44 
2326 I 275461636 44 
2327 I 275468276 44 
2328 I 275685448 44 
2329 I 275692426 44 
2330 I 276016948 44 
2331 I 276113477 44 
2332 I 276120183 44 
2333 I 276133416 44 
2334 I 276146679 44 
2335 I 276355996 44 
2336 I 276372109 44 
2337 I 276378514 44 
2338 I 276599847 44 
2339 I 277005283 44 
2340 I 277015961 44 
2341 I 277023828 44 
2342 I 277030370 44 
2343 I 277231968 44 
2344 I 277238485 44 
2345 I 277415944 44 
2346 I 277454464 44 
2347 I 277461208 44 
2348 I 277879777 44 
2349 I 277892956 44 
2350 I 277898035 44 
2351 I 277911644 44 
2352 I 278103804 44 
2353 I 278216197 44 
2354 I 278349027 44 
2355 I 278416532 44 
2356 I 278794041 44 
2357 I 278807295 44 
2358 I 278812459 44 
2359 I 278820507 44 
2360 I 278825849 44 
2361 I 279019200 44 
2362 I 279271362 44 
2363 I 279279238 44 
2364 I 279316002 44 
2365 I 279516224 44 
2366 I 279720250 44 
2367 I 279726777 44 
2368 I 279742964 44 
2369 I 279756162 44 
2370 I 279762697 44 
2371 I 279916280 44 
2372 I 280116813 44 
2373 I 280316631 44 
2374 I 280417402 44 
2375 I 280423710 44 
2376 I 280631744 44 
2377 I 280638493 44 
2378 I 280652936 44 
2379 I 280671643 44 
2380 I 280678418 44 
2381 I 281015953 44 
2382 I 281017634 44 
2383 I 281220303 44 
2384 I 281326245 44 
2385 I 281548825 44 
2386 I 281553934 44 
2387 I 281568575 44 
2388 I 281927747 44 
2389 I 282237923 44 
2390 I 282244297 44 
2391 I 282472273 44 
2392 I 282479308 44 
2393 I 282615354 44 
2394 I 282847291 44 
2395 I 282853854 44 
2396 I 283166549 44 
2397 I 283173453 44 
2398 I 283399739 44 
2399 I 283531062 44 
2400 I 283748047 44 
2401 I 284067430 44 
2402 I 284074292 44 
2403 I 284305996 44 
2404 I 284429076 44 
2405 I 284437210 44 
2406 I 284615979 44 
2407 I 284658736 44 
2408 I 284981675 44 
2409 I 285215171 44 
2410 I 285221759 44 
2411 I 285354391 44 
2412 I 285360806 44 
2413 I 285527715 44 
2414 I 285566240 44 
2415 I 285572734 44 
2416 I 285890738 44 
2417 I 286150649 44 
2418 I 286274883 44 
2419 I 286281676 44 
2420 I 286427488 44 
2421 I 286479744 44 
2422 I 286484382 44 
2423 I 286801229 44 
2424 I 286808041 44 
2425 I 287064913 44 
2426 I 287177301 44 
2427 I 287184090 44 
2428 I 287190595 44 
2429 I 287197065 44 
2430 I 287380194 44 
2431 I 287515281 44 
2432 I 287701947 44 
2433 I 287707247 44 
2434 I 287963054 44 
2435 I 287968337 44 
2436 I 288082257 44 
2437 I 288093091 44 
2438 I 288286280 44 
2439 I 288417688 44 
2440 I 288424247 44 
2441 I 288617687 44 
2442 I 288886601 44 
2443 I 289004628 44 
2444 I 289011573 44 
2445 I 289201979 44 
2446 I 289208727 44 
2447 I 289335812 44 
2448 I 289542378 44 
2449 I 289793075 44 
2450 I 289799536 44 
2451 I 290125758 44 
2452 I 290132158 44 
2453 I 290415988 44 
2454 I 290455549 44 
2455 I 290462011 44 
2456 I 290707498 44 
2457 I 290713610 44 
2458 I 291031742 44 
2459 I 291038486 44 
2460 I 291324575 44 
2461 I 291331184 44 
2462 I 291378858 44 
2463 I 291637401 44 
2464 I 291957941 44 
2465 I 291964674 44 
2466 I 292256136 44 
2467 I 292303848 44 
2468 I 292309162 44 
2469 I 292415068 44 
2470 I 292547623 44 
2471 I 292554158 44 
2472 I 292873409 44 
2473 I 292880375 44 
2474 I 293162316 44 
2475 I 293169121 44 
2476 I 293214197 44 
2477 I 293222139 44 
2478 I 293314660 44 
2479 I 293456323 44 
2480 I 293780075 44 
2481 I 293786544 44 
2482 I 294075338 44 
2483 I 294130894 44 
2484 I 294231865 44 
2485 I 294377662 44 
2486 I 294384117 44 
2487 I 294723459 44 
2488 I 294729652 44 
2489 I 295014825 44 
2490 I 295060150 44 
2491 I 295066549 44 
2492 I 295175051 44 
2493 I 295314433 44 
2494 I 295327849 44 
2495 I 295650972 44 
2496 I 295657394 44 
2497 I 295939647 44 
2498 I 295947495 44 
2499 I 295999278 44 
2500 I 296106754 44 
2501 I 296113328 44 
2502 I 296256132 44 
2503 I 296413789 44 
2504 I 296591674 44 
2505 I 296861832 44 
2506 I 296868508 44 
2507 I 296916059 44 
2508 I 297034091 44 
2509 I 297040564 44 
2510 I 297174422 44 
2511 I 297512336 44 
2512 I 297513669 44 
2513 I 297788006 44 
2514 I 297794759 44 
2515 I 297953547 44 
2516 I 297966838 44 
2517 I 298102250 44 
2518 I 298107366 44 
2519 I 298421434 44 
2520 I 298427982 44 
2521 I 298614924 44 
2522 I 298703504 44 
2523 I 298869233 44 
2524 I 298883832 44 
2525 I 298890394 44 
2526 I 299514697 44 
2527 I 299632343 44 
2528 I 299639146 44 
2529 I 299794001 44 
2530 I 299819276 44 
