0 I 0 52 
1 I 325664 44 
2 I 666482 44 
3 I 997640 44 
4 I 1133505 44 
5 I 1318418 44 
6 I 1432150 44 
7 I 1446590 44 
8 I 1636105 44 
9 I 1762513 44 
10 I 1788637 44 
11 I 1988878 44 
12 I 2094756 44 
13 I 2147888 44 
14 I 2294660 44 
15 I 2423280 44 
16 I 2504345 44 
17 I 2614125 44 
18 I 2746863 44 
19 I 2848906 44 
20 I 2982743 44 
21 I 3079419 44 
22 I 3184175 44 
23 I 3337636 44 
24 I 3443627 44 
25 I 3527133 44 
26 I 3668705 44 
27 I 3778983 44 
28 I 3867745 44 
29 I 4007996 44 
30 I 4128390 44 
31 I 4224038 44 
32 I 4416084 44 
33 I 4504885 44 
34 I 4585561 44 
35 I 4741861 44 
36 I 4825335 44 
37 I 4945026 44 
38 I 5077172 44 
39 I 5184510 44 
40 I 5343843 44 
41 I 5503934 44 
42 I 5620701 44 
43 I 5730372 44 
44 I 5890890 44 
45 I 6023312 44 
46 I 6157079 44 
47 I 6329730 44 
48 I 6428683 44 
49 I 6521892 44 
50 I 6657911 44 
51 I 6753565 44 
52 I 6823720 44 
53 I 7029128 44 
54 I 7150899 44 
55 I 7218507 44 
56 I 7373601 44 
57 I 7520617 44 
58 I 7622991 44 
59 I 7765657 44 
60 I 7948638 44 
61 I 8016604 44 
62 I 8205880 44 
63 I 8352812 44 
64 I 8415389 44 
65 I 8652121 44 
66 I 8778056 44 
67 I 8804556 44 
68 I 8964889 44 
69 I 9055054 44 
70 I 9122426 44 
71 I 9233867 44 
72 I 9374706 44 
73 I 9453519 44 
74 I 9606115 44 
75 I 9772012 44 
76 I 9838147 44 
77 I 9966588 44 
78 I 10207990 44 
79 I 10268613 44 
80 I 10390489 44 
81 I 10581315 44 
82 I 10703258 44 
83 I 10800183 44 
84 I 10951967 44 
85 I 11075587 44 
86 I 11159059 44 
87 I 11345971 44 
88 I 11453350 44 
89 I 11532828 44 
90 I 11636274 44 
91 I 11735586 44 
92 I 11793779 44 
93 I 11903629 44 
94 I 12005756 44 
95 I 12097281 44 
96 I 12165884 44 
97 I 12296215 44 
98 I 12401924 44 
99 I 12468406 44 
100 I 12589329 44 
101 I 12661475 44 
102 I 12729138 44 
103 I 12898683 44 
104 I 12987507 44 
105 I 13015488 44 
106 I 13175801 44 
107 I 13313279 44 
108 I 13370511 44 
109 I 13488680 44 
110 I 13635504 44 
111 I 13758902 44 
112 I 13862316 44 
113 I 13981288 44 
114 I 14073801 44 
115 I 14209792 44 
116 I 14357427 44 
117 I 14442558 44 
118 I 14554799 44 
119 I 14629236 44 
120 I 14708526 44 
121 I 14829316 44 
122 I 14895548 44 
123 I 15004288 44 
124 I 15149755 44 
125 I 15176814 44 
126 I 15290492 44 
127 I 15442844 44 
128 I 15509207 44 
129 I 15602090 44 
130 I 15766114 44 
131 I 15805917 44 
132 I 15890681 44 
133 I 16059027 44 
134 I 16111866 44 
135 I 16188897 44 
136 I 16392895 44 
137 I 16432536 44 
138 I 16499012 44 
139 I 16678953 44 
140 I 16762265 44 
141 I 16801106 44 
142 I 16967641 44 
143 I 17073706 44 
144 I 17167891 44 
145 I 17242173 56 
146 I 17255335 44 
147 I 32339901 44 
148 I 33337297 44 
