0 I 0 64 
1 I 201592 56 
2 I 201636 292 
3 I 551281 1097 
4 I 796166 56 
5 I 796176 56 
6 I 798743 56 
7 I 105265744 64 
8 I 105466382 56 
9 I 105466968 554 
10 I 105699958 56 
11 I 105701682 56 
12 I 209824366 64 
13 I 210025552 56 
14 I 210025756 223 
15 I 210231428 56 
16 I 210231732 56 
17 I 210231920 56 
18 I 210432210 56 
19 I 210432618 56 
20 I 210432770 56 
21 I 210432770 56 
22 I 210433003 56 
23 I 210433393 56 
24 I 210439873 56 
25 I 210635423 56 
26 I 210635885 56 
27 I 210635889 56 
28 I 210635896 56 
29 I 210636109 56 
30 I 210636327 56 
31 I 210636485 56 
32 I 210637816 56 
33 I 210637828 56 
34 I 210836841 56 
35 I 210837396 56 
36 I 210837660 56 
37 I 210839129 56 
38 I 210839788 56 
39 I 210839798 56 
40 I 210839806 56 
41 I 210839824 56 
42 I 210839827 56 
43 I 210839829 56 
44 I 210839981 56 
45 I 210839985 56 
46 I 210840256 56 
47 I 210840258 56 
48 I 210840672 56 
49 I 210840680 56 
50 I 210840827 56 
51 I 210840875 56 
52 I 210849363 56 
53 I 210854044 56 
54 I 210855733 56 
55 I 211042622 56 
56 I 211043250 56 
57 I 211043298 56 
58 I 211043313 56 
59 I 211043627 56 
60 I 211044527 56 
61 I 211044538 56 
62 I 211044558 56 
63 I 211044566 56 
64 I 211045101 56 
65 I 211045101 56 
66 I 211045662 56 
67 I 211045754 56 
68 I 211046709 56 
69 I 211245161 56 
70 I 211245166 56 
71 I 211245648 56 
72 I 211245659 56 
73 I 211249274 56 
74 I 212373768 64 
75 I 212574589 56 
76 I 212576044 224 
77 I 212777859 56 
78 I 212777866 56 
79 I 212778020 56 
80 I 212981830 56 
81 I 213353223 64 
82 I 213554861 56 
83 I 213554916 221 
84 I 213757152 56 
85 I 213757152 56 
86 I 213757219 56 
87 I 213958315 56 
88 I 213958903 56 
89 I 213958908 56 
90 I 213958909 56 
91 I 213959003 56 
92 I 213959197 56 
93 I 214160263 56 
94 I 214160466 56 
95 I 214161967 56 
96 I 214757149 64 
97 I 214958451 56 
98 I 214959131 221 
99 I 215164297 56 
100 I 215164298 56 
101 I 215366606 56 
102 I 215366817 56 
103 I 215367527 56 
104 I 215569568 56 
105 I 215569576 56 
106 I 215569585 56 
107 I 215569754 56 
108 I 215569756 56 
109 I 215569759 56 
110 I 215569792 56 
111 I 215569797 56 
112 I 215570427 56 
113 I 215573755 56 
114 I 215772882 56 
115 I 215773362 56 
116 I 215975264 44 
117 I 216449855 64 
118 I 216650123 56 
119 I 216651472 225 
120 I 216852521 56 
121 I 217345813 64 
122 I 217547401 56 
123 I 217579429 225 
124 I 217781061 56 
125 I 218141997 64 
126 I 218342620 56 
127 I 218342649 224 
128 I 218546292 56 
129 I 218986559 64 
130 I 219191766 56 
131 I 219191773 220 
132 I 219425563 56 
133 I 259996497 64 
134 I 260197985 56 
135 I 260198190 500 
136 I 260408259 56 
137 I 261046448 64 
138 I 261248658 56 
139 I 261248802 467 
140 I 261463068 56 
