0 I 0 52 
1 I 1221 52 
2 I 179982 44 
3 I 188565 44 
4 I 366687 56 
5 I 367927 56 
6 I 369165 56 
7 I 370592 44 
8 I 372776 52 
9 I 378693 56 
10 I 380154 56 
11 I 381270 56 
12 I 382418 44 
13 I 443652 52 
14 I 551983 44 
15 I 622404 44 
16 I 737452 56 
17 I 740520 56 
18 I 741500 44 
19 I 808606 56 
20 I 811691 56 
21 I 877551 52 
22 I 879270 44 
23 I 883492 52 
24 I 1055820 44 
25 I 1070371 44 
26 I 1240099 56 
27 I 1243288 56 
28 I 1244504 44 
29 I 1245821 52 
30 I 1255959 56 
31 I 1257109 56 
32 I 1259669 44 
33 I 1260611 52 
34 I 1422701 44 
35 I 1437133 44 
36 I 1607447 56 
37 I 1608874 56 
38 I 1611034 44 
39 I 1613142 52 
40 I 1622710 56 
41 I 1624107 56 
42 I 1625461 44 
43 I 1628212 52 
44 I 1790320 44 
45 I 1805598 44 
46 I 1978841 56 
47 I 1979867 56 
48 I 1985025 44 
49 I 1986489 52 
50 I 1993621 56 
51 I 1994796 56 
52 I 1996502 52 
53 I 1996819 44 
54 I 2164202 44 
55 I 2174279 44 
56 I 2350027 56 
57 I 2351734 56 
58 I 2353574 44 
59 I 2355743 52 
60 I 2359505 56 
61 I 2360990 56 
62 I 2362656 44 
63 I 2533773 44 
64 I 3440149 52 
65 I 3459916 52 
66 I 3618087 44 
67 I 3638952 44 
68 I 3806351 56 
69 I 3807671 56 
70 I 3809234 44 
71 I 3813837 52 
72 I 3824915 56 
73 I 3826349 56 
74 I 3830207 44 
75 I 3834070 52 
76 I 3991866 44 
77 I 4014379 44 
78 I 4551679 56 
79 I 4552815 56 
80 I 4555848 44 
81 I 4558794 56 
82 I 4560427 56 
83 I 4565578 52 
84 I 4566896 44 
85 I 4571240 52 
86 I 4744096 44 
87 I 4760298 44 
88 I 4930634 56 
89 I 4931834 56 
90 I 4933338 44 
91 I 4934710 52 
92 I 4948790 56 
93 I 4949794 56 
94 I 4951224 44 
95 I 4959832 52 
96 I 5112047 44 
97 I 5136781 44 
98 I 5300724 56 
99 I 5304988 56 
100 I 5306408 44 
101 I 5307120 52 
102 I 5324741 56 
103 I 5326362 56 
104 I 5327518 44 
105 I 5344942 52 
106 I 5484576 44 
107 I 5523611 44 
108 I 5675394 56 
109 I 5676826 56 
110 I 5678130 44 
111 I 5679493 52 
112 I 5710696 56 
113 I 5711824 56 
114 I 5713033 44 
115 I 5715976 52 
116 I 5857395 44 
117 I 5893891 44 
118 I 6041815 56 
119 I 6045078 56 
120 I 6047190 44 
121 I 6057599 52 
122 I 6080341 56 
123 I 6081544 56 
124 I 6082998 44 
125 I 6094042 52 
126 I 6235673 44 
127 I 6273621 44 
128 I 6420718 56 
129 I 6421913 56 
130 I 6423365 44 
131 I 6432116 52 
132 I 6460465 56 
133 I 6462022 56 
134 I 6463347 44 
135 I 6475189 52 
136 I 6607936 44 
137 I 6655195 44 
138 I 6793822 56 
139 I 6795465 56 
140 I 6797482 44 
141 I 6807935 52 
142 I 6843210 56 
143 I 6844677 56 
144 I 6845893 44 
145 I 6986342 44 
146 I 7176232 56 
147 I 7177828 56 
148 I 7178889 44 
