0 I 0 64 
1 I 1941 64 
2 I 3982 64 
3 I 11144 64 
4 I 17112 64 
5 I 19246 64 
6 I 20965 64 
7 I 22977 64 
8 I 25022 64 
9 I 27166 64 
10 I 31607 64 
11 I 37638 64 
12 I 39707 64 
13 I 41679 64 
14 I 43945 64 
15 I 45836 64 
16 I 47504 64 
17 I 49779 64 
18 I 52902 64 
19 I 61474 64 
20 I 64696 64 
21 I 66676 64 
22 I 68556 64 
23 I 70579 64 
24 I 72570 64 
25 I 74926 64 
26 I 79595 64 
27 I 85587 64 
28 I 87220 64 
29 I 89004 64 
30 I 91108 64 
31 I 93360 64 
32 I 95275 64 
33 I 97129 64 
34 I 99130 64 
35 I 109271 64 
36 I 111382 64 
37 I 113571 64 
38 I 115166 64 
39 I 117190 64 
40 I 119154 64 
41 I 121149 64 
42 I 123238 64 
43 I 132912 64 
44 I 3694609 56 
45 I 3695863 56 
46 I 3697265 56 
47 I 3698977 56 
48 I 3700071 56 
49 I 3701221 56 
50 I 3703136 56 
51 I 3703877 56 
52 I 3705247 56 
53 I 3706270 56 
54 I 3707794 56 
55 I 3709163 56 
56 I 3711236 56 
57 I 3711824 56 
58 I 3713106 56 
59 I 3714475 56 
60 I 3715946 56 
61 I 3717052 56 
62 I 3718539 56 
63 I 3719594 56 
64 I 3721196 56 
65 I 3722332 56 
66 I 3723561 56 
67 I 3725224 56 
68 I 3726200 56 
69 I 3727461 56 
70 I 3728961 56 
71 I 3730518 56 
72 I 3731784 56 
73 I 3733224 56 
74 I 3734432 56 
75 I 3736071 56 
76 I 3736872 56 
77 I 3738418 56 
78 I 3739748 56 
79 I 3741189 56 
80 I 3742526 56 
81 I 3743670 56 
82 I 3744833 56 
83 I 3746127 56 
84 I 3748514 56 
85 I 3749002 56 
86 I 3750471 56 
87 I 3751722 56 
88 I 3753017 56 
89 I 3754323 56 
90 I 3755661 56 
91 I 3757029 56 
92 I 3758206 56 
93 I 3759371 56 
94 I 3760781 56 
95 I 3761957 56 
96 I 3763520 56 
97 I 3764863 56 
98 I 3766171 56 
99 I 3768077 56 
100 I 3768946 56 
101 I 3770036 56 
102 I 3771572 56 
103 I 3772565 56 
104 I 3774044 56 
105 I 3775298 56 
106 I 3776567 56 
107 I 3777984 56 
108 I 3779475 56 
109 I 3780517 56 
110 I 3782361 56 
111 I 3783779 56 
112 I 3784810 56 
113 I 3786038 56 
114 I 3787542 56 
115 I 3788690 56 
116 I 3789948 56 
117 I 3791748 56 
118 I 3792772 56 
119 I 3793705 56 
120 I 3795376 56 
121 I 3796594 56 
122 I 3797829 56 
123 I 3799258 56 
124 I 3800638 56 
125 I 3801816 56 
126 I 3803287 56 
127 I 3804655 56 
128 I 3806032 56 
129 I 3807255 44 
130 I 3808627 44 
131 I 3809817 44 
132 I 3811008 44 
133 I 3812406 44 
134 I 3813968 44 
135 I 3815087 44 
136 I 3816694 44 
137 I 3818096 44 
138 I 7317173 44 
139 I 7318968 44 
140 I 7320069 44 
141 I 7321234 44 
142 I 7322416 44 
143 I 7323596 44 
144 I 7325191 44 
145 I 7326463 44 
146 I 7327673 44 
147 I 7329212 44 
148 I 7330293 44 
149 I 7331536 44 
150 I 7333024 44 
151 I 7334446 44 
152 I 7335903 44 
153 I 7336852 44 
154 I 7338779 44 
155 I 7340260 44 
156 I 7341348 44 
157 I 7342495 44 
158 I 7343863 44 
159 I 7345177 44 
160 I 7346215 44 
161 I 7348497 44 
162 I 7348812 44 
163 I 7349999 44 
164 I 7351823 44 
165 I 7352953 44 
166 I 7354290 44 
167 I 7355809 44 
168 I 7356872 44 
169 I 7358155 44 
170 I 7359745 44 
171 I 7361183 44 
172 I 7362314 44 
173 I 7363357 44 
174 I 7364928 44 
175 I 7366077 44 
176 I 7367210 44 
177 I 7368909 44 
178 I 7370140 44 
179 I 7371628 44 
180 I 7373189 44 
181 I 7374114 44 
182 I 7375471 44 
183 I 7376666 44 
184 I 7378429 44 
185 I 7379389 44 
186 I 7380969 44 
187 I 7381982 44 
188 I 7383246 44 
189 I 7384505 44 
190 I 7386208 44 
191 I 7387965 44 
192 I 7389333 44 
193 I 7389932 44 
194 I 7391430 44 
195 I 7392614 44 
196 I 7394082 44 
197 I 7395494 44 
198 I 7396631 44 
199 I 7397923 44 
200 I 7399417 44 
201 I 7400650 44 
202 I 7401942 44 
203 I 7403299 44 
204 I 7404716 44 
205 I 7406642 44 
206 I 7407248 44 
207 I 7408780 44 
208 I 7409968 44 
209 I 7411214 44 
210 I 7412647 44 
211 I 7413937 44 
212 I 7415037 44 
213 I 7416671 44 
214 I 7418508 44 
215 I 7419458 44 
216 I 7420606 44 
217 I 7421918 44 
218 I 7423081 44 
219 I 7424373 44 
220 I 7425943 44 
221 I 7427063 44 
222 I 7428507 44 
223 I 7429862 44 
224 I 7431169 44 
225 I 7432478 44 
226 I 7433459 44 
227 I 7435168 44 
228 I 7436462 44 
229 I 7437929 44 
230 I 7439328 44 
231 I 7440542 44 
232 I 7441697 44 
233 I 7443001 44 
234 I 7444423 44 
235 I 7445629 44 
236 I 7446911 44 
237 I 7448537 44 
238 I 7449603 44 
239 I 7450899 44 
240 I 7452313 44 
241 I 7453803 44 
242 I 7454923 44 
243 I 7456342 44 
244 I 7457823 56 
245 I 7458883 56 
246 I 7460300 56 
247 I 7461586 56 
248 I 7468101 56 
249 I 7469213 56 
250 I 7471186 56 
251 I 7472120 56 
252 I 7473422 56 
253 I 7474933 56 
254 I 7476091 56 
255 I 7477397 56 
256 I 7479388 56 
257 I 7480177 56 
258 I 7481371 56 
259 I 7482602 56 
260 I 7484129 56 
261 I 7485266 56 
262 I 7486655 56 
263 I 7488263 56 
264 I 7489496 56 
265 I 7490703 56 
266 I 7492051 56 
267 I 7493610 56 
268 I 7494671 56 
269 I 7495908 56 
270 I 7497398 56 
271 I 7498893 56 
272 I 7499925 56 
273 I 7501303 56 
274 I 7502600 56 
275 I 7503729 56 
276 I 7505452 56 
277 I 7506799 56 
278 I 7507954 56 
279 I 7509341 56 
280 I 7510743 56 
281 I 7512029 56 
282 I 7513241 56 
283 I 7514663 56 
284 I 7515735 56 
285 I 7517251 56 
286 I 7518781 56 
287 I 7519709 56 
288 I 7521281 56 
289 I 7522417 56 
290 I 7523896 56 
291 I 7525224 56 
292 I 7526457 56 
293 I 7527942 56 
294 I 7529327 56 
295 I 7530494 56 
296 I 7531811 56 
297 I 7533038 56 
298 I 7534275 56 
299 I 7535513 56 
300 I 7537223 56 
301 I 7538420 56 
302 I 7539869 56 
303 I 7541258 56 
304 I 7542525 56 
305 I 7543546 56 
306 I 7545277 56 
307 I 7546391 56 
308 I 7547579 56 
309 I 7548986 56 
310 I 7550472 56 
311 I 7551730 56 
312 I 7552901 56 
313 I 7554314 56 
314 I 7555797 56 
315 I 7557042 56 
316 I 7558347 56 
317 I 7559842 56 
318 I 7561133 56 
319 I 7562187 56 
320 I 7563860 56 
321 I 7564866 56 
322 I 7566282 56 
323 I 7567792 56 
324 I 7568880 56 
325 I 7570253 56 
326 I 7572187 56 
327 I 7573212 56 
328 I 7574264 56 
329 I 7575585 56 
330 I 7576964 56 
331 I 7578150 56 
332 I 7579590 56 
333 I 7581332 56 
334 I 7582297 56 
335 I 7583371 56 
336 I 7584932 56 
337 I 7586076 56 
338 I 7587397 56 
339 I 11189996 56 
340 I 11191377 56 
341 I 11192500 56 
342 I 11194200 56 
343 I 11195724 56 
344 I 11196955 56 
345 I 11198179 56 
346 I 11199405 56 
347 I 11200658 56 
348 I 11202435 56 
349 I 11203447 56 
350 I 11204631 56 
351 I 11205901 56 
352 I 11207352 56 
353 I 11208465 56 
354 I 11209857 56 
355 I 11211432 56 
356 I 11212823 56 
357 I 11213901 56 
358 I 11215567 56 
359 I 11216694 56 
360 I 11218054 56 
361 I 11219138 56 
362 I 11220658 56 
363 I 11221797 56 
364 I 11223133 56 
365 I 11224726 56 
366 I 11225865 56 
367 I 11227163 56 
368 I 11228647 56 
369 I 11230090 56 
370 I 11231299 56 
371 I 11232470 56 
372 I 11233912 56 
373 I 11235201 56 
374 I 11236532 56 
375 I 11237853 56 
376 I 11239096 56 
377 I 11240589 56 
378 I 11242401 56 
379 I 11243248 56 
380 I 11244591 56 
381 I 11245742 56 
382 I 11247287 56 
383 I 11248649 56 
384 I 11249732 56 
385 I 11251156 56 
386 I 11252524 56 
387 I 11253545 56 
388 I 11255165 56 
389 I 11256351 56 
390 I 11257452 56 
391 I 11258652 56 
392 I 11260271 56 
393 I 11261815 56 
394 I 11263062 56 
395 I 11264575 56 
396 I 11265853 56 
397 I 11266965 56 
398 I 11268360 56 
399 I 11269637 56 
400 I 11271010 56 
401 I 11272105 56 
402 I 11273777 56 
403 I 11274920 56 
404 I 11276037 56 
405 I 11277562 56 
406 I 11278958 56 
407 I 11280177 56 
408 I 11281688 56 
409 I 11283336 56 
410 I 11285303 56 
411 I 11286283 56 
412 I 11287494 56 
413 I 11288192 56 
414 I 11289492 56 
415 I 11307412 44 
416 I 11308563 44 
417 I 11309874 44 
418 I 11311239 44 
419 I 11312685 44 
420 I 11314003 44 
421 I 11315679 44 
422 I 11316731 44 
423 I 11317857 44 
424 I 11319550 44 
425 I 11320733 44 
426 I 11322037 44 
427 I 11323207 44 
428 I 11324662 44 
429 I 11326033 44 
430 I 11326989 44 
431 I 11328551 44 
432 I 11330120 44 
433 I 11331230 44 
434 I 11332581 44 
435 I 11333893 44 
436 I 11335264 44 
437 I 11336653 44 
438 I 11337886 44 
439 I 11339020 44 
440 I 11340647 44 
441 I 11341946 44 
442 I 11343225 44 
443 I 11344440 44 
444 I 11346597 44 
445 I 11347189 44 
446 I 11348706 44 
447 I 11349710 44 
448 I 11351061 44 
449 I 11352404 44 
450 I 11353714 44 
451 I 11354975 44 
452 I 11356497 44 
453 I 11357673 44 
454 I 11358968 44 
455 I 11360509 44 
456 I 11361798 44 
457 I 11362724 44 
458 I 11364528 44 
459 I 11365888 44 
460 I 11367142 44 
461 I 11368520 44 
462 I 11369725 44 
463 I 11370777 44 
464 I 11372596 44 
465 I 11373583 44 
466 I 11374859 44 
467 I 11376297 44 
468 I 11377785 44 
469 I 11379401 44 
470 I 11380032 44 
471 I 11381744 44 
472 I 11382967 44 
473 I 11384459 44 
474 I 11385783 44 
475 I 11386913 44 
476 I 11388560 44 
477 I 11389544 44 
478 I 11391051 44 
479 I 11392168 44 
480 I 11393339 44 
481 I 11394757 44 
482 I 11396028 44 
483 I 11397349 44 
484 I 11398920 44 
485 I 11400395 44 
486 I 11401636 44 
487 I 11402739 44 
488 I 11404358 44 
489 I 11405537 44 
490 I 11406535 44 
491 I 13891107 56 
492 I 13892362 56 
493 I 13899303 56 
494 I 13903123 56 
495 I 13904310 56 
496 I 13905610 56 
497 I 13906787 56 
498 I 13908374 56 
499 I 13909581 56 
500 I 13915002 56 
501 I 13920181 56 
502 I 13922317 56 
503 I 13923207 56 
504 I 13924286 56 
505 I 13925671 56 
506 I 13926746 56 
507 I 13928044 56 
508 I 13930988 56 
509 I 13937664 56 
510 I 13938867 56 
511 I 13940261 56 
512 I 13941307 56 
513 I 13942794 56 
514 I 13943994 56 
515 I 13945366 56 
516 I 13946670 56 
517 I 13948250 56 
518 I 13949513 56 
519 I 13950661 56 
520 I 13952659 56 
521 I 13953368 56 
522 I 13954831 56 
523 I 13956205 56 
524 I 13957624 56 
525 I 13958540 56 
526 I 13959870 56 
527 I 13961279 56 
528 I 13962488 56 
529 I 13963861 56 
530 I 13965902 56 
531 I 13966782 56 
532 I 13967882 56 
533 I 13969678 56 
534 I 13970752 56 
535 I 13971821 56 
536 I 13973156 56 
537 I 13974632 56 
538 I 13975956 56 
539 I 13977082 56 
540 I 13978612 56 
541 I 13979919 56 
542 I 13981069 56 
543 I 13982691 56 
544 I 13983959 56 
545 I 13985250 56 
546 I 13986592 56 
547 I 13987935 56 
548 I 13989272 56 
549 I 13990355 56 
550 I 13991887 56 
551 I 13993039 56 
552 I 13994286 56 
553 I 13996529 56 
554 I 13997493 56 
555 I 13999114 56 
556 I 13999866 56 
557 I 14001405 56 
558 I 14002548 56 
559 I 14003695 56 
560 I 14005275 56 
561 I 14006339 56 
562 I 14007534 56 
563 I 14009080 56 
564 I 14977708 56 
565 I 14985927 56 
566 I 14990969 56 
567 I 14994792 56 
568 I 15000152 56 
569 I 15012246 56 
570 I 15021515 56 
571 I 15038899 56 
572 I 15055977 56 
573 I 15063578 56 
574 I 15078591 56 
575 I 15095572 56 
576 I 15110230 56 
577 I 15118039 56 
578 I 15123234 56 
579 I 15124829 56 
580 I 15126099 56 
581 I 15127168 56 
582 I 15127822 56 
583 I 15129835 56 
584 I 15130953 56 
585 I 15131824 56 
586 I 15133779 56 
587 I 15134589 56 
588 I 15135780 56 
589 I 15137478 56 
590 I 15138890 56 
591 I 15140000 56 
592 I 15141188 56 
593 I 15142590 56 
594 I 15144367 56 
595 I 15145497 56 
596 I 15146492 56 
597 I 15147801 56 
598 I 15149049 56 
599 I 15150595 56 
600 I 15151809 56 
601 I 15153083 56 
602 I 15154630 56 
603 I 15156038 56 
604 I 15157120 56 
605 I 15158285 56 
606 I 15159877 56 
607 I 15161230 56 
608 I 15162611 56 
609 I 15164189 56 
610 I 15164962 56 
611 I 15166401 56 
612 I 15167774 56 
613 I 15169261 56 
614 I 15170275 56 
615 I 15171792 56 
616 I 15173329 56 
617 I 15174491 56 
618 I 15175579 56 
619 I 15177199 56 
620 I 15178487 56 
621 I 15179651 56 
622 I 15180772 56 
623 I 15182244 56 
624 I 15183718 56 
625 I 15184913 56 
626 I 15186203 56 
627 I 15187569 56 
628 I 15188971 56 
629 I 15190777 56 
630 I 15191712 56 
631 I 15193004 56 
632 I 15194244 56 
633 I 15195644 56 
634 I 15196894 56 
635 I 15198195 56 
636 I 15199498 56 
637 I 15201054 56 
638 I 15202006 56 
639 I 15203558 56 
640 I 15204815 56 
641 I 15206178 56 
642 I 15207616 56 
643 I 15208850 56 
644 I 15210187 56 
645 I 15211377 56 
646 I 15212891 56 
647 I 15214215 56 
648 I 15215414 56 
649 I 15216708 56 
650 I 15218073 56 
651 I 15219385 56 
652 I 15220536 56 
653 I 15222101 56 
654 I 15223614 56 
655 I 15224705 56 
656 I 15226611 56 
657 I 15227527 56 
658 I 15228709 56 
659 I 15230176 56 
660 I 15231398 56 
661 I 15232722 56 
662 I 15233867 56 
663 I 15235411 56 
664 I 15236549 56 
665 I 15237686 56 
666 I 15239386 56 
667 I 15240782 56 
668 I 15242043 56 
669 I 15243569 56 
670 I 15244624 56 
671 I 15246424 56 
672 I 15247053 56 
673 I 15248773 56 
674 I 15249989 56 
675 I 15251184 56 
676 I 15252486 56 
677 I 15253689 56 
678 I 15255258 56 
679 I 15256894 56 
680 I 15258584 56 
681 I 15259939 56 
682 I 15260471 56 
683 I 15261818 56 
684 I 15263229 56 
685 I 15264370 56 
686 I 17682745 56 
687 I 17683773 56 
688 I 17685505 56 
689 I 17686797 56 
690 I 17688147 56 
691 I 17689279 56 
692 I 17690718 56 
693 I 17691845 56 
694 I 17693114 56 
695 I 17694933 56 
696 I 17695889 56 
697 I 17697210 56 
698 I 17698425 56 
699 I 17699809 56 
700 I 17700939 56 
701 I 17702348 56 
702 I 17703817 56 
703 I 17705235 56 
704 I 17706357 56 
705 I 17708045 56 
706 I 17709258 56 
707 I 17711053 56 
708 I 17711791 56 
709 I 17713279 56 
710 I 17714318 56 
711 I 17715589 56 
712 I 17717494 56 
713 I 17718425 56 
714 I 17719656 56 
715 I 17720907 56 
716 I 17722626 56 
717 I 17723763 56 
718 I 17724902 56 
719 I 17726345 56 
720 I 17727941 56 
721 I 17728763 56 
722 I 17730329 56 
723 I 17731445 56 
724 I 17732910 56 
725 I 17734318 56 
726 I 17735729 56 
727 I 17736719 56 
728 I 17738128 56 
729 I 17739832 56 
730 I 17740980 56 
731 I 17742311 56 
732 I 17743701 56 
733 I 17744878 56 
734 I 17746192 56 
735 I 17747516 56 
736 I 17748852 56 
737 I 17750116 56 
738 I 17752007 56 
739 I 17753374 56 
740 I 17754328 56 
741 I 17755515 56 
742 I 17757078 56 
743 I 17758095 56 
744 I 17759435 56 
745 I 17760860 56 
746 I 17762366 56 
747 I 17763552 56 
748 I 17764809 56 
749 I 17766302 56 
750 I 17767586 56 
751 I 17768704 56 
752 I 17770543 56 
753 I 17771304 56 
754 I 17772919 56 
755 I 17774111 56 
756 I 17775620 56 
757 I 17776642 56 
758 I 17777940 56 
759 I 18932215 56 
760 I 18933475 56 
761 I 18934590 56 
762 I 18935944 56 
763 I 18937380 56 
764 I 18938705 56 
765 I 18940413 56 
766 I 18941246 56 
767 I 18942599 56 
768 I 18943809 56 
769 I 18945424 56 
770 I 18946812 56 
771 I 18948178 56 
772 I 18949479 56 
773 I 18950886 56 
774 I 18951954 56 
775 I 18953472 56 
776 I 18954795 56 
777 I 18955862 56 
778 I 18957124 56 
779 I 18958810 56 
780 I 18959757 56 
781 I 18960835 56 
782 I 18962819 56 
783 I 18963906 56 
784 I 18965310 56 
785 I 18966796 56 
786 I 18968012 56 
787 I 18969554 56 
788 I 18970438 56 
789 I 18971793 56 
790 I 18973180 56 
791 I 18974549 56 
792 I 18975860 56 
793 I 18977165 56 
794 I 18978215 56 
795 I 18980085 56 
796 I 18981409 56 
797 I 18982550 56 
798 I 18983937 56 
799 I 18985545 56 
800 I 18986511 56 
801 I 18987587 56 
802 I 18988978 56 
803 I 18990508 56 
804 I 18991630 56 
805 I 18993094 56 
806 I 18994252 56 
807 I 18995768 56 
808 I 18997019 56 
809 I 18999852 56 
810 I 19000906 56 
811 I 19002377 56 
812 I 19003751 56 
813 I 19005134 56 
814 I 19006686 56 
815 I 19007804 56 
816 I 19008744 56 
817 I 19010061 56 
818 I 19012139 56 
819 I 19012729 56 
820 I 19014202 56 
821 I 19015734 56 
822 I 19017045 56 
823 I 19018992 56 
824 I 19019746 56 
825 I 19021085 56 
826 I 19023462 56 
827 I 19026446 56 
828 I 19028793 56 
829 I 19031511 56 
830 I 19034045 56 
831 I 19036909 56 
832 I 19039295 56 
833 I 19042075 56 
834 I 19044588 56 
835 I 19047587 56 
836 I 19050002 56 
837 I 19052940 56 
838 I 19055414 56 
839 I 19057855 56 
840 I 19060614 56 
841 I 19063047 56 
842 I 19065919 56 
843 I 19068716 56 
844 I 19071281 56 
845 I 19073982 56 
846 I 19076331 56 
847 I 19078906 56 
848 I 19081975 56 
849 I 19084628 56 
850 I 19087228 56 
851 I 19089825 56 
852 I 19092438 56 
853 I 29993817 56 
854 I 29995109 56 
855 I 29997013 56 
856 I 29998351 56 
857 I 29999196 56 
858 I 30000408 56 
859 I 30002216 56 
860 I 30003315 56 
861 I 30004541 56 
862 I 30005521 56 
863 I 30007010 56 
864 I 30008214 56 
865 I 30009464 56 
866 I 30011134 56 
867 I 30012502 56 
868 I 30013909 56 
869 I 30015241 56 
870 I 30016348 56 
871 I 30017596 56 
872 I 30020352 56 
873 I 30021606 56 
874 I 30022866 56 
875 I 30024290 56 
876 I 30025733 56 
877 I 30026804 56 
878 I 30029662 56 
879 I 30030888 56 
880 I 30032467 56 
881 I 30033945 56 
882 I 30034948 56 
883 I 30036082 56 
884 I 30037679 56 
885 I 30039093 56 
886 I 30040016 56 
887 I 30041635 56 
888 I 30042773 56 
889 I 30044018 56 
890 I 30045438 56 
891 I 30047002 56 
892 I 30048487 56 
893 I 30049529 56 
894 I 30050920 56 
895 I 30052091 56 
896 I 30053381 56 
897 I 30055028 56 
898 I 30056336 56 
899 I 30057596 56 
900 I 30058441 56 
901 I 30060146 56 
902 I 30061266 56 
903 I 30062558 56 
904 I 30064292 56 
905 I 30065560 56 
906 I 30066744 56 
907 I 30068106 56 
908 I 30069534 56 
909 I 30070571 56 
910 I 30071917 56 
911 I 30073423 56 
912 I 30074650 56 
913 I 30076002 56 
914 I 30077502 56 
915 I 30078514 56 
916 I 30079925 56 
917 I 83603284 44 
918 I 83604552 44 
919 I 83605850 44 
920 I 83607478 44 
921 I 83608514 44 
922 I 83610182 44 
923 I 83611206 44 
924 I 83612422 44 
925 I 83615096 44 
926 I 83616620 44 
927 I 83617945 44 
928 I 83619246 44 
929 I 83620938 44 
930 I 83621867 44 
931 I 83623128 44 
932 I 83625055 44 
933 I 83626015 44 
934 I 83627005 44 
935 I 83628604 44 
936 I 83629984 44 
937 I 83631263 44 
938 I 83632485 44 
939 I 83633882 44 
940 I 83635188 44 
941 I 83636483 44 
942 I 83637885 44 
943 I 83639377 44 
944 I 83640647 44 
945 I 83641571 44 
946 I 83643126 44 
947 I 83644234 44 
948 I 83645596 44 
949 I 83646885 44 
950 I 83648372 44 
951 I 83649896 44 
952 I 83651604 44 
953 I 83652540 44 
954 I 83653586 44 
955 I 83654884 44 
956 I 83656442 44 
957 I 83657833 44 
958 I 83659080 44 
959 I 83661124 44 
960 I 83662619 44 
961 I 83663153 44 
962 I 83664449 44 
963 I 83665822 44 
964 I 83666880 44 
965 I 83668175 44 
966 I 83669752 44 
967 I 83670933 44 
968 I 83672287 44 
969 I 83673555 44 
970 I 83674848 44 
971 I 83676111 44 
972 I 83677548 44 
973 I 83678798 44 
974 I 83679879 44 
975 I 83681471 44 
976 I 83682934 44 
977 I 83684508 44 
978 I 83685450 44 
979 I 83686825 44 
980 I 83688223 44 
981 I 87651311 44 
982 I 87652998 44 
983 I 87653697 44 
984 I 87655383 44 
985 I 91586361 44 
986 I 91587825 44 
987 I 91590655 44 
988 I 91591622 44 
989 I 91593140 44 
990 I 91594359 44 
991 I 91595718 44 
992 I 91597216 44 
993 I 91598298 44 
994 I 91599489 44 
995 I 91600889 44 
996 I 91602178 44 
997 I 91603723 44 
998 I 91604939 44 
999 I 91606650 44 
1000 I 91607782 44 
1001 I 91608829 44 
1002 I 91610313 44 
1003 I 91611506 44 
1004 I 91612823 44 
1005 I 91614280 44 
1006 I 91615578 44 
1007 I 91616920 44 
1008 I 91617831 44 
1009 I 91619550 44 
1010 I 91620983 44 
1011 I 91622202 44 
1012 I 91623767 44 
1013 I 91624875 44 
1014 I 91626031 44 
1015 I 91627737 44 
1016 I 91628870 44 
1017 I 91629978 44 
1018 I 91631717 44 
1019 I 91632744 44 
1020 I 91634254 44 
1021 I 91635315 44 
1022 I 91636916 44 
1023 I 91638270 44 
1024 I 91639640 44 
1025 I 91641033 44 
1026 I 91642661 44 
1027 I 91643730 44 
1028 I 91644993 44 
1029 I 91646181 44 
1030 I 91647384 44 
1031 I 91648711 44 
1032 I 91650193 44 
1033 I 91651357 44 
1034 I 91652681 44 
1035 I 91653877 44 
1036 I 91655827 44 
1037 I 91656695 44 
1038 I 91657975 44 
1039 I 91659443 44 
1040 I 91662493 44 
1041 I 91663774 44 
1042 I 91665381 44 
1043 I 91666715 44 
1044 I 91667746 44 
1045 I 91669339 44 
1046 I 91670371 44 
1047 I 91671960 44 
1048 I 91673719 44 
1049 I 91675253 44 
1050 I 91676030 44 
1051 I 91677237 44 
1052 I 91678511 44 
1053 I 91679835 44 
1054 I 91681060 44 
1055 I 91682651 44 
1056 I 91683836 44 
1057 I 91684887 44 
1058 I 91686217 44 
1059 I 91687726 44 
1060 I 91689244 44 
1061 I 91690572 44 
1062 I 91692067 44 
1063 I 91693135 44 
1064 I 91694650 44 
1065 I 91695886 44 
1066 I 91697261 44 
1067 I 91698508 44 
1068 I 91699726 44 
1069 I 91701138 44 
1070 I 91702341 44 
1071 I 91703770 44 
1072 I 91705062 44 
1073 I 91706534 44 
1074 I 91707726 44 
1075 I 91709170 44 
1076 I 91711246 44 
1077 I 91711655 44 
1078 I 91712817 44 
1079 I 91714403 44 
1080 I 91715509 44 
1081 I 91716848 44 
1082 I 91718292 44 
1083 I 91719495 44 
1084 I 91720688 44 
1085 I 91722425 44 
1086 I 91723625 56 
1087 I 91725022 56 
1088 I 95482631 56 
1089 I 95483802 56 
1090 I 95485304 56 
1091 I 95487141 56 
1092 I 95488237 56 
1093 I 95489066 56 
1094 I 95490545 56 
1095 I 95491800 56 
1096 I 99513885 56 
1097 I 99515083 56 
1098 I 156413221 44 
1099 I 174822786 44 
1100 I 178623414 44 
