0 I 0 52 
1 I 1168201 44 
2 I 2376511 44 
3 I 2459996 52 
4 I 3647249 44 
5 I 4825234 56 
6 I 4826103 56 
7 I 4826599 56 
8 I 4880399 44 
9 I 6141129 44 
10 I 7397555 44 
11 I 7398826 56 
12 I 7400217 44 
13 I 7950900 44 
14 I 9189568 44 
15 I 10410676 44 
16 I 11129106 56 
17 I 11130115 44 
18 I 12380941 44 
19 I 12800020 44 
20 I 12801169 44 
21 I 12863181 44 
22 I 12864171 44 
23 I 12865102 44 
24 I 13615839 44 
25 I 13616762 44 
26 I 13618512 44 
27 I 18420717 52 
28 I 18421651 52 
29 I 19519833 44 
30 I 19521619 44 
31 I 20585485 44 
32 I 20590052 44 
33 I 21178958 44 
34 I 21179980 44 
35 I 21621047 44 
36 I 21625343 44 
37 I 21626286 44 
38 I 42994930 52 
39 I 42995821 52 
40 I 44135476 44 
41 I 44138722 44 
42 I 44889995 44 
43 I 44891201 44 
44 I 45307824 44 
45 I 45316755 44 
46 I 45317163 44 
47 I 45318040 44 
48 I 45318955 44 
49 I 45320930 44 
