0 I 0 1424 
1 I 1135650 1424 
2 I 1156242 1424 
3 I 5355610 1424 
4 I 6332261 1424 
5 I 6352752 1424 
6 I 7376353 1424 
7 I 7397072 1424 
8 I 8480701 1424 
9 I 8501180 1424 
10 I 9534692 1424 
11 I 9555329 1424 
12 I 9575588 1424 
13 I 11063305 1424 
14 I 12125541 1424 
15 I 12146069 1424 
16 I 13079172 1424 
17 I 13288668 1424 
18 I 14022204 276 
19 I 16812628 1424 
20 I 17748579 1424 
21 I 17768921 1424 
22 I 19235009 1424 
23 I 22210441 1424 
24 I 23153658 1424 
25 I 23174326 1424 
26 I 24238424 1424 
27 I 24258724 1424 
28 I 25564161 1424 
29 I 28675794 1424 
30 I 29627831 1424 
31 I 29648264 1424 
32 I 30601567 1424 
33 I 30622079 1424 
34 I 31941790 1424 
35 I 32874692 1424 
36 I 32895413 1424 
37 I 34350188 1424 
38 I 37566192 1424 
39 I 42615239 68 
40 I 43576815 1424 
41 I 43597295 1424 
42 I 44674543 1424 
43 I 46287975 1424 
44 I 47367534 1424 
45 I 47387958 1424 
46 I 48280654 1424 
47 I 48968959 1424 
48 I 49929626 1424 
49 I 49949974 1424 
50 I 50941480 1424 
51 I 50961723 1424 
52 I 51883127 1424 
53 I 51903937 1424 
54 I 52894701 1424 
55 I 53233277 1424 
56 I 54173432 1424 
57 I 54194042 1424 
58 I 55655032 1424 
59 I 56671207 1424 
60 I 56691724 1424 
61 I 58122696 1424 
62 I 59133741 1424 
63 I 59224423 1424 
64 I 59244912 1424 
65 I 60159311 1424 
66 I 60512968 1424 
67 I 61313296 1424 
68 I 61334170 1424 
69 I 61636735 1424 
70 I 62313650 1424 
71 I 62335127 1424 
72 I 62347159 903 
73 I 62836329 1424 
74 I 64668930 1424 
75 I 68460404 1424 
76 I 73488114 68 
77 I 74576936 1424 
78 I 74597154 1424 
79 I 76427869 1424 
80 I 77448131 1424 
81 I 77468365 1424 
82 I 78542117 1424 
83 I 78563024 1424 
84 I 79616805 1424 
85 I 79637419 1424 
86 I 80700754 1424 
87 I 81301463 1424 
88 I 81656979 98 
89 I 82268201 1424 
90 I 82288638 1424 
91 I 83349978 1424 
92 I 83370572 1424 
93 I 84325901 1424 
94 I 84929811 1424 
95 I 85381009 1058 
96 I 85896163 1424 
97 I 85916894 1424 
98 I 87522694 1424 
99 I 88562743 1424 
100 I 88583339 1424 
101 I 89512860 1424 
102 I 89533622 1424 
103 I 91033238 1424 
104 I 91993052 1424 
105 I 92013726 1424 
106 I 93459523 1424 
107 I 96451103 1424 
108 I 101445306 68 
109 I 102476576 1424 
110 I 102496888 1424 
111 I 103586389 1424 
112 I 103957216 1424 
113 I 104646829 1278 
114 I 105021413 1424 
115 I 105041813 1424 
116 I 105679546 1424 
117 I 106169932 1424 
118 I 106865259 1424 
119 I 108150467 1424 
120 I 108170928 1424 
121 I 108191231 1424 
122 I 109216564 1424 
123 I 110225162 1424 
124 I 111014776 1424 
125 I 111316090 1116 
126 I 114810428 1424 
127 I 119829771 68 
128 I 120778227 1424 
129 I 120796418 1226 
130 I 121752156 1424 
131 I 121771853 1424 
132 I 122922275 1424 
133 I 122942695 1424 
134 I 123868610 1424 
135 I 124805966 1288 
136 I 126749411 1424 
137 I 127666134 1424 
138 I 127686950 1424 
139 I 128611755 880 
140 I 176254275 44 
141 I 177680306 44 
142 I 180758760 56 
143 I 195992206 56 
144 I 217110205 44 
145 I 260824742 44 
146 I 262166226 44 
147 I 263471223 44 
