0 I 0 44 
1 I 1225927 44 
2 I 2449294 44 
3 I 7040344 44 
4 I 8484263 44 
5 I 35851813 44 
6 I 37326258 44 
7 I 73888513 44 
8 I 75180532 44 
9 I 135850400 44 
10 I 136651004 52 
11 I 139574735 52 
12 I 139574749 44 
13 I 141988926 56 
14 I 145582482 52 
15 I 146823606 44 
16 I 146824193 442 
17 I 148073813 44 
18 I 149314020 44 
19 I 149488188 44 
20 I 150528105 44 
21 I 150689841 44 
22 I 150694411 44 
23 I 151889527 44 
24 I 151893213 44 
25 I 151899600 56 
26 I 151899961 56 
27 I 153079633 56 
28 I 153080034 56 
29 I 153080665 56 
30 I 153083742 56 
31 I 153084415 56 
32 I 153086940 56 
33 I 154310711 56 
34 I 154314940 56 
35 I 168192837 44 
36 I 169326502 44 
37 I 187606175 44 
38 I 209565905 44 
39 I 224348807 44 
40 I 225465973 44 
