0 I 0 52 
1 I 862937 44 
2 I 1719474 44 
3 I 2591201 44 
4 I 2593115 44 
5 I 3275713 52 
6 I 4117913 44 
7 I 4992488 44 
8 I 6806980 56 
9 I 6806981 56 
10 I 6810539 44 
11 I 42007098 52 
12 I 45058660 52 
13 I 51065832 52 
14 I 64975079 52 
15 I 65843963 44 
16 I 66720999 44 
17 I 67584675 44 
18 I 67585069 44 
19 I 67738105 52 
20 I 68607419 44 
21 I 69483270 44 
22 I 71286191 56 
23 I 71286208 56 
24 I 71286294 56 
25 I 71287042 44 
26 I 106081345 52 
27 I 108975457 52 
28 I 115010708 52 
29 I 127845682 52 
30 I 128714006 44 
31 I 129567781 44 
32 I 130421507 44 
33 I 130421512 44 
34 I 130423768 52 
35 I 131281455 44 
36 I 132181734 44 
37 I 133910664 56 
38 I 133910756 56 
39 I 133910756 56 
40 I 133915801 44 
41 I 169654564 52 
42 I 172579808 52 
43 I 178595077 52 
44 I 191682765 52 
45 I 192547448 44 
46 I 193402815 44 
47 I 194263797 44 
48 I 194263980 44 
49 I 194265916 52 
50 I 195110204 44 
51 I 195968785 44 
52 I 197734176 56 
53 I 197734229 56 
54 I 197734349 56 
55 I 197736390 44 
56 I 234322206 52 
57 I 237266357 52 
58 I 243311336 52 
59 I 255372175 52 
60 I 256228869 44 
61 I 257068090 44 
62 I 257899094 44 
63 I 257899367 44 
64 I 257901685 52 
65 I 258714550 44 
66 I 259524509 44 
67 I 261132329 56 
68 I 261132329 56 
69 I 261132329 56 
70 I 261133450 44 
