0 I 0 52 
1 I 603153 44 
2 I 4234153 44 
3 I 4235528 52 
4 I 4831090 44 
5 I 5421927 44 
6 I 5423823 52 
7 I 8410317 52 
8 I 8995767 44 
9 I 9158331 44 
10 I 9619590 44 
11 I 9621501 52 
12 I 10174430 44 
13 I 10760803 44 
14 I 10762457 52 
15 I 11293618 44 
16 I 11834939 44 
17 I 11836731 52 
18 I 12379952 44 
19 I 12910037 44 
20 I 12911875 52 
21 I 13447039 44 
22 I 14062668 44 
23 I 14064665 52 
24 I 14614665 44 
25 I 15173775 44 
26 I 15175799 52 
27 I 15694243 44 
28 I 16654485 44 
29 I 16655974 52 
30 I 17181777 44 
31 I 17718838 44 
32 I 17720376 52 
33 I 18232791 44 
34 I 18747041 44 
35 I 18748613 52 
36 I 19248707 44 
37 I 19754158 44 
38 I 19755581 52 
39 I 20256047 44 
40 I 20773630 44 
41 I 20775010 52 
42 I 21280241 44 
43 I 21790880 44 
44 I 21792797 52 
45 I 22296288 44 
46 I 22814602 44 
47 I 22816623 52 
48 I 23343027 44 
49 I 23892547 44 
