0 I 0 52 
1 I 2798126 52 
2 I 4070111 111 
3 I 5318084 85 
4 I 8893530 85 
5 I 9120662 44 
6 I 10356946 69 
7 I 11782603 54 
8 I 13846252 50 
9 I 15279021 586 
10 I 15305909 1484 
11 I 15310350 230 
12 I 15397173 1484 
13 I 15401921 230 
14 I 16751739 1484 
15 I 16777700 1484 
16 I 16817087 586 
17 I 18005025 1484 
18 I 21597755 1484 
19 I 30470070 1484 
20 I 31649686 1144 
21 I 31677346 1484 
22 I 31681878 244 
23 I 32937915 1484 
24 I 34001058 60 
25 I 52403511 1484 
26 I 53615911 1484 
27 I 53640596 1484 
28 I 58575362 764 
29 I 60002076 1484 
30 I 60028116 1484 
31 I 61232368 1484 
32 I 61259127 1484 
33 I 61390256 1484 
34 I 62557083 1484 
35 I 69713134 1484 
36 I 71009804 1484 
37 I 71036076 1484 
38 I 72356274 1484 
39 I 73732466 1484 
40 I 73758678 1484 
41 I 75012421 1484 
42 I 79779211 1340 
43 I 81329897 1484 
44 I 94341889 1484 
45 I 95551876 1484 
46 I 95579314 1484 
47 I 121545082 1484 
