0 I 0 52 
1 I 1529722 52 
2 I 3025188 52 
3 I 5936198 52 
4 I 7079440 44 
5 I 7080041 442 
6 I 7538471 52 
7 I 8200376 44 
8 I 8201798 44 
9 I 8680810 44 
10 I 8681812 443 
11 I 9826082 44 
12 I 9826462 44 
13 I 11644524 44 
14 I 13246918 44 
15 I 105150680 52 
16 I 106681954 52 
17 I 107684518 44 
18 I 107685271 443 
19 I 108692318 44 
20 I 108692501 44 
21 I 138079879 52 
22 I 139115747 44 
23 I 139116579 443 
24 I 140167937 56 
25 I 140168100 56 
26 I 140168365 44 
27 I 143635396 44 
28 I 170106925 52 
29 I 173077859 52 
30 I 173962566 44 
31 I 173963374 443 
32 I 174940143 56 
33 I 174940314 56 
34 I 174940516 44 
35 I 178285412 44 
36 I 184064831 52 
37 I 186998201 52 
38 I 193006683 52 
39 I 193908939 44 
40 I 193910166 442 
41 I 194809186 44 
42 I 194810643 44 
43 I 198013968 44 
44 I 204095109 52 
45 I 204423484 44 
46 I 205081449 44 
47 I 205083028 443 
48 I 206126957 44 
49 I 206128712 44 
