0 I 0 52 
1 I 593987 44 
2 I 598955 104 
3 I 3499213 154 
4 I 3572616 44 
5 I 4056560 104 
6 I 4744068 275 
7 I 5459751 506 
8 I 5792808 44 
9 I 8208523 737 
10 I 9093401 275 
11 I 9750924 275 
12 I 12214698 275 
13 I 12366615 737 
14 I 13392318 275 
15 I 14005306 44 
16 I 14016344 275 
17 I 14732279 275 
18 I 16840736 275 
19 I 16988703 275 
20 I 17797268 506 
21 I 18042367 44 
22 I 19911608 737 
23 I 20932652 275 
24 I 21567257 275 
25 I 23519076 506 
26 I 23947009 44 
27 I 24573095 275 
28 I 25189310 275 
29 I 25761865 275 
30 I 27308942 275 
31 I 27462487 737 
32 I 28352801 275 
33 I 30082656 275 
34 I 30295506 44 
35 I 30327201 275 
36 I 30612960 506 
37 I 33805092 737 
38 I 35136832 275 
39 I 40226220 44 
40 I 42009901 737 
41 I 42881065 275 
42 I 43428199 275 
43 I 43984339 275 
44 I 44511572 275 
45 I 45042996 275 
46 I 45574670 275 
47 I 46668897 275 
48 I 46816986 737 
49 I 48579519 275 
50 I 49297626 506 
51 I 49539544 44 
52 I 50426436 737 
53 I 52834870 737 
54 I 53854710 236 
55 I 54571979 44 
56 I 55179016 275 
57 I 55859290 506 
58 I 56211753 44 
59 I 56621170 275 
60 I 56978011 44 
61 I 57183703 275 
62 I 57581121 275 
63 I 57934367 275 
64 I 58295332 44 
65 I 58511835 275 
66 I 58893236 275 
67 I 59246344 275 
68 I 59806449 56 
69 I 60351661 56 
70 I 60588721 44 
71 I 60897920 44 
72 I 101078617 44 
73 I 101648065 44 
