0 I 0 52 
1 I 191152 44 
2 I 869675 44 
3 I 1069110 44 
4 I 1223525 44 
5 I 1269794 44 
6 I 1272534 44 
7 I 1423576 44 
8 I 1470652 44 
9 I 1476562 44 
10 I 1624319 44 
11 I 1670931 44 
12 I 1676868 44 
13 I 1833133 44 
14 I 1871911 44 
15 I 1877975 44 
16 I 2033033 44 
17 I 2071368 44 
18 I 2077346 44 
19 I 2232020 44 
20 I 2272647 44 
21 I 2422591 44 
22 I 2432067 44 
23 I 2434730 44 
24 I 2471957 44 
25 I 2629356 44 
26 I 2636363 44 
27 I 2672363 44 
28 I 2829746 44 
29 I 2836607 44 
30 I 3022789 44 
31 I 3029747 44 
32 I 3033596 44 
33 I 3039467 44 
34 I 3226853 56 
35 I 3229500 44 
36 I 3237717 44 
37 I 3424362 44 
38 I 3431068 44 
39 I 3436848 44 
40 I 3722875 44 
41 I 143715945 52 
42 I 143908509 44 
43 I 144587434 44 
44 I 144787867 44 
45 I 144904432 44 
46 I 144987221 44 
47 I 144991044 44 
48 I 145103061 44 
49 I 145185996 44 
50 I 145192579 44 
51 I 145302717 44 
52 I 145386661 44 
53 I 145392628 44 
54 I 145501255 44 
55 I 145586829 44 
56 I 145592615 44 
57 I 145700653 44 
58 I 145789340 44 
59 I 145795473 44 
60 I 145901339 44 
61 I 145989498 44 
62 I 145995582 44 
63 I 146100733 44 
64 I 146190865 44 
65 I 146198185 44 
66 I 146230074 44 
67 I 146404646 44 
68 I 146423328 44 
69 I 146428833 44 
70 I 146437370 44 
71 I 146568704 44 
72 I 146625547 44 
73 I 146632070 44 
74 I 146767421 44 
75 I 146826233 44 
76 I 146832613 44 
77 I 146968461 44 
78 I 147026314 44 
79 I 147165391 44 
80 I 147171287 44 
81 I 147189352 44 
82 I 147341482 44 
83 I 147358163 44 
84 I 147381415 56 
85 I 147386004 44 
