0 I 0 52 
1 I 225680 44 
2 I 456178 44 
3 I 690372 44 
4 I 811786 44 
5 I 916804 44 
6 I 1039526 44 
7 I 1135011 44 
8 I 1135033 44 
9 I 1260762 44 
10 I 1356540 44 
11 I 1356863 44 
12 I 1357045 44 
13 I 1482522 44 
14 I 1578424 44 
15 I 1578898 44 
16 I 1578994 44 
17 I 1699868 44 
18 I 1791438 44 
19 I 1791467 44 
20 I 1791571 44 
21 I 1912897 56 
22 I 1912897 56 
23 I 2005189 56 
24 I 2005195 56 
25 I 2005242 56 
26 I 2005313 56 
27 I 2005318 56 
28 I 2005403 56 
29 I 2211696 44 
30 I 2412665 44 
31 I 2617984 44 
32 I 2811810 44 
33 I 2827926 44 
34 I 3011184 44 
35 I 3023637 44 
36 I 3040921 44 
37 I 3210717 44 
38 I 3236687 44 
39 I 3251478 44 
40 I 3411563 44 
41 I 3448739 44 
42 I 3462428 44 
43 I 3611494 44 
44 I 3619051 44 
45 I 3660279 44 
46 I 3677739 44 
47 I 3833545 44 
48 I 3875524 56 
49 I 3875619 56 
50 I 3891647 56 
51 I 3891647 56 
52 I 4045049 56 
53 I 4045088 56 
54 I 4088861 56 
55 I 4088861 56 
56 I 4105211 44 
57 I 4310447 44 
58 I 4511602 44 
59 I 4711303 44 
60 I 4715628 44 
61 I 4910594 44 
62 I 4922832 44 
63 I 5111210 44 
64 I 5133585 44 
65 I 5311124 44 
66 I 5318370 44 
67 I 5343546 44 
68 I 5515438 44 
69 I 5541231 44 
70 I 5710924 44 
71 I 5714386 44 
72 I 5742905 44 
73 I 5911038 44 
74 I 5914899 44 
75 I 5942781 44 
76 I 6103300 44 
77 I 6107893 44 
78 I 6137385 44 
79 I 6289633 44 
80 I 6295034 44 
81 I 6323882 44 
82 I 6473682 44 
83 I 6479545 44 
84 I 6508093 44 
85 I 6610759 44 
86 I 6657414 44 
87 I 6661130 44 
88 I 6691587 44 
89 I 6789806 44 
90 I 6839353 44 
91 I 6842278 44 
92 I 6875551 44 
93 I 6972547 44 
94 I 7024462 44 
95 I 7027034 44 
96 I 7058713 44 
97 I 7082484 44 
98 I 7152476 44 
99 I 7152502 44 
100 I 7152706 44 
101 I 7202992 44 
102 I 7203083 44 
103 I 7205158 44 
104 I 7205226 44 
105 I 7236930 44 
106 I 7236932 44 
107 I 7296660 44 
108 I 30285962 52 
109 I 30521338 44 
110 I 30767456 44 
111 I 31023919 44 
112 I 31212634 44 
113 I 31272874 44 
114 I 31412695 44 
115 I 31459926 44 
116 I 31468536 44 
117 I 31518334 44 
118 I 31518383 44 
119 I 31518391 44 
120 I 31660348 44 
121 I 31660372 44 
122 I 31707306 44 
123 I 31707433 44 
124 I 31707438 44 
125 I 35480988 52 
126 I 35713400 44 
127 I 35939361 44 
128 I 36167661 44 
129 I 36314389 44 
130 I 36401116 44 
131 I 36401691 44 
132 I 36555340 44 
133 I 36555456 44 
134 I 36637821 44 
135 I 36637823 44 
136 I 36637908 44 
137 I 55597487 52 
138 I 55847981 44 
139 I 56101191 44 
140 I 56361610 44 
141 I 56512455 44 
142 I 56623099 44 
143 I 56778338 44 
144 I 56888876 44 
145 I 56888987 44 
146 I 57038219 44 
147 I 57151171 44 
148 I 57151278 44 
149 I 57151404 44 
150 I 57300055 44 
151 I 57412263 44 
152 I 57415104 44 
153 I 57415508 56 
154 I 57559711 56 
155 I 57559782 56 
156 I 57664522 56 
157 I 57667537 56 
158 I 57668104 56 
159 I 57669355 56 
160 I 57819529 44 
161 I 58086328 44 
162 I 58212043 44 
163 I 58360806 44 
164 I 58487092 44 
165 I 58612013 44 
166 I 58640253 44 
167 I 58766242 44 
168 I 58889727 44 
169 I 58918282 44 
170 I 59046978 44 
171 I 59171908 44 
172 I 59197968 44 
173 I 59327277 44 
174 I 59452361 44 
175 I 59481029 44 
176 I 59611616 44 
177 I 59614851 44 
178 I 59736946 44 
179 I 59764454 44 
180 I 59890254 44 
181 I 60007361 44 
182 I 60007366 44 
183 I 60034332 44 
184 I 60156611 44 
185 I 60275959 44 
186 I 60276075 44 
187 I 60301282 44 
188 I 60419776 44 
189 I 60548400 44 
190 I 60548697 44 
191 I 60571795 44 
192 I 60693084 44 
193 I 60694829 44 
194 I 60826874 44 
195 I 60826981 44 
196 I 60827287 44 
197 I 60827503 44 
198 I 60845126 44 
199 I 60845497 44 
200 I 60963383 44 
201 I 60963418 44 
202 I 60965185 44 
203 I 65214888 52 
204 I 65496737 44 
205 I 65781125 44 
206 I 66066879 44 
207 I 66211208 44 
208 I 66346082 44 
209 I 66488731 44 
210 I 66610874 44 
211 I 66625901 44 
212 I 66769532 44 
213 I 66769537 44 
214 I 66890850 44 
215 I 66902652 44 
216 I 67010733 44 
217 I 67044419 44 
218 I 67044512 44 
219 I 67158480 44 
220 I 67169735 44 
221 I 67304113 44 
222 I 67304117 44 
223 I 67410116 44 
224 I 67420833 44 
225 I 67431398 44 
226 I 67564066 44 
227 I 67564067 44 
228 I 67681592 44 
229 I 67692469 44 
230 I 67810539 44 
231 I 67832441 44 
232 I 67832737 44 
233 I 67951597 44 
234 I 67963284 44 
235 I 68104878 44 
236 I 68105094 44 
237 I 68210434 44 
238 I 68228248 44 
239 I 68238390 44 
240 I 68387630 44 
241 I 68387840 44 
242 I 68509333 44 
243 I 68518868 44 
244 I 68667729 44 
245 I 68667832 44 
246 I 68793413 44 
247 I 68804088 44 
248 I 68910259 44 
249 I 68945246 44 
250 I 68945306 44 
251 I 69070322 44 
252 I 69083449 44 
253 I 69221105 44 
254 I 69221244 44 
255 I 69353859 44 
256 I 69368600 44 
257 I 69509331 44 
258 I 69510626 44 
259 I 69510781 44 
260 I 69637063 44 
261 I 69653232 44 
262 I 69793636 44 
263 I 69793640 44 
264 I 69910029 44 
265 I 69920158 44 
266 I 69936910 44 
267 I 70074945 44 
268 I 70075185 44 
269 I 70203744 44 
270 I 70220878 44 
271 I 70361762 44 
272 I 70362051 44 
273 I 70499332 44 
274 I 70514598 44 
275 I 70656387 44 
276 I 70656871 44 
277 I 70786860 44 
278 I 70804655 44 
