0 I 0 52 
1 I 277082 44 
2 I 585839 44 
3 I 899525 44 
4 I 1092639 44 
5 I 1229064 44 
6 I 1401778 44 
7 I 1529025 44 
8 I 1550369 44 
9 I 1563643 44 
10 I 1730930 44 
11 I 1856858 44 
12 I 1882421 44 
13 I 1895306 44 
14 I 1924543 44 
15 I 2048413 44 
16 I 2075952 44 
17 I 2182975 44 
18 I 2209826 44 
19 I 2223127 44 
20 I 2249199 44 
21 I 2277089 44 
22 I 2373552 44 
23 I 2383156 44 
24 I 2485063 44 
25 I 2530828 44 
26 I 2557959 44 
27 I 2570664 44 
28 I 2598610 44 
29 I 2691767 44 
30 I 2793431 44 
31 I 2826000 44 
32 I 2850155 44 
33 I 2864784 44 
34 I 2897249 44 
35 I 2984588 44 
36 I 3082639 44 
37 I 3095664 44 
38 I 3136091 44 
39 I 3148298 44 
40 I 3175092 44 
41 I 3209917 44 
42 I 3292441 44 
43 I 3402617 44 
44 I 3431842 44 
45 I 3445397 44 
46 I 3477462 44 
47 I 3518342 44 
48 I 3595365 44 
49 I 3695413 44 
50 I 3722218 44 
51 I 3734500 44 
52 I 3764992 44 
53 I 3805030 44 
54 I 3886745 44 
55 I 3898548 44 
56 I 3999441 44 
57 I 4012865 44 
58 I 4039430 44 
59 I 4066673 44 
60 I 4105920 44 
61 I 4186652 44 
62 I 4286516 44 
63 I 4300055 44 
64 I 4334655 44 
65 I 4361132 44 
66 I 4400301 44 
67 I 4477366 44 
68 I 4584503 44 
69 I 4598658 44 
70 I 4634297 44 
71 I 4667222 44 
72 I 4714980 44 
73 I 4725350 44 
74 I 4817767 44 
75 I 4920975 44 
76 I 4944038 44 
77 I 4971879 44 
78 I 4982597 44 
79 I 5029638 44 
80 I 5043746 44 
81 I 5247078 44 
82 I 5270115 44 
83 I 5296523 44 
84 I 5323921 44 
85 I 5349910 44 
86 I 5377506 44 
87 I 5541493 44 
88 I 5568519 44 
89 I 5594421 44 
90 I 5625044 44 
91 I 5651024 44 
92 I 5665216 44 
93 I 5695677 44 
94 I 5848286 44 
95 I 5879802 44 
96 I 5920139 44 
97 I 5957197 44 
98 I 5971386 44 
99 I 5997176 56 
100 I 6011123 56 
101 I 6021907 56 
102 I 6161255 56 
103 I 6193654 56 
104 I 6206550 56 
105 I 6232079 56 
106 I 6245009 56 
107 I 6260856 56 
108 I 6274558 56 
109 I 6287747 56 
110 I 6324946 44 
111 I 6654552 44 
112 I 7004233 44 
113 I 7017258 44 
114 I 7339651 44 
115 I 7352608 44 
116 I 7379392 44 
117 I 7651723 44 
118 I 7678196 44 
119 I 7704749 44 
120 I 7733291 44 
121 I 7979980 44 
122 I 8019670 44 
123 I 8039404 44 
124 I 8067834 44 
125 I 8201677 44 
126 I 8300887 44 
127 I 8357108 44 
128 I 8385515 44 
129 I 8397786 44 
130 I 8516624 44 
131 I 8617490 44 
132 I 8692690 44 
133 I 8719661 44 
134 I 8837830 44 
135 I 8848885 44 
136 I 8949079 44 
137 I 9009895 44 
138 I 9034729 44 
139 I 9145007 44 
140 I 9170548 44 
141 I 9256585 44 
142 I 9322087 44 
143 I 9346811 44 
144 I 9440599 44 
145 I 9468591 44 
146 I 9558076 44 
147 I 9572708 44 
148 I 9635950 44 
149 I 9649628 44 
150 I 9749704 44 
151 I 9780064 44 
152 I 9872611 44 
153 I 9885977 44 
154 I 9957948 44 
155 I 9966954 44 
156 I 10063424 44 
157 I 10095819 44 
158 I 10186494 44 
159 I 10199326 44 
160 I 10257003 44 
161 I 10270399 44 
162 I 10374872 44 
163 I 10400296 44 
164 I 10450821 44 
165 I 10507043 44 
166 I 10520953 44 
167 I 10576537 44 
168 I 10590048 44 
169 I 10747317 44 
170 I 10765799 44 
171 I 10788393 44 
172 I 10802212 44 
173 I 10828355 44 
174 I 10841770 44 
175 I 10884335 44 
176 I 11036912 44 
177 I 29893444 44 
178 I 30099203 44 
