0 I 0 52 
1 I 196603 44 
2 I 412278 44 
3 I 620720 44 
4 I 626331 44 
5 I 828169 44 
6 I 839760 44 
7 I 1033518 44 
8 I 1044706 44 
9 I 1048970 44 
10 I 1237843 44 
11 I 1248810 44 
12 I 1260367 44 
13 I 1446441 44 
14 I 1458753 44 
15 I 1468789 44 
16 I 1650476 44 
17 I 1663478 44 
18 I 1676751 44 
19 I 1859330 44 
20 I 1865416 44 
21 I 1882035 44 
22 I 2041077 44 
23 I 2066527 44 
24 I 2071621 44 
25 I 2090016 44 
26 I 2271362 44 
27 I 2280642 44 
28 I 2297677 44 
29 I 2481990 44 
30 I 2492963 44 
31 I 2506557 44 
32 I 2688425 44 
33 I 2698749 44 
34 I 2712451 44 
35 I 2896887 44 
36 I 2906122 44 
37 I 2915202 44 
38 I 3043652 44 
39 I 3105584 44 
40 I 3113911 44 
41 I 3119842 44 
42 I 3308118 44 
43 I 3318583 44 
44 I 3330184 44 
45 I 3513982 44 
46 I 3525035 44 
47 I 3539154 44 
48 I 3723353 44 
49 I 3738190 44 
50 I 3754063 44 
51 I 3934599 44 
52 I 3951753 44 
53 I 3967362 44 
54 I 4141385 44 
55 I 4159399 44 
56 I 4173471 44 
57 I 4344600 44 
58 I 4354557 44 
59 I 4373903 44 
60 I 4389882 44 
61 I 4573043 44 
62 I 4597765 44 
63 I 4614520 44 
64 I 4787394 44 
65 I 4813897 44 
66 I 4830034 44 
67 I 5015974 44 
68 I 5038919 44 
69 I 5055298 44 
70 I 5246376 44 
71 I 5267180 44 
72 I 5281669 44 
73 I 5445434 44 
74 I 5468379 44 
75 I 5479752 44 
76 I 5498973 44 
77 I 5671726 44 
78 I 5683851 44 
79 I 5711057 44 
80 I 5880248 44 
81 I 5892019 44 
82 I 5917502 44 
83 I 6086137 44 
84 I 6098878 44 
85 I 6122052 44 
86 I 6296388 44 
87 I 6308174 44 
88 I 6325319 44 
89 I 6442586 44 
90 I 6505894 44 
91 I 6517966 44 
92 I 6528646 44 
93 I 6707945 44 
94 I 6720218 44 
95 I 6730819 44 
96 I 6915177 44 
97 I 6927910 44 
98 I 6937802 44 
99 I 7123607 44 
100 I 7137976 44 
101 I 7148132 44 
102 I 7332604 44 
103 I 7348142 44 
104 I 7359877 44 
105 I 7535849 44 
106 I 7551835 44 
107 I 7563779 44 
108 I 7737555 44 
109 I 7757254 44 
110 I 7770431 44 
111 I 7946445 44 
112 I 7963523 44 
113 I 7977555 44 
114 I 8156616 44 
115 I 8175762 44 
116 I 8189699 44 
117 I 8367501 44 
118 I 8381231 44 
119 I 8396050 44 
120 I 8541506 44 
121 I 8577589 44 
122 I 8583866 44 
123 I 8602728 44 
124 I 8781922 44 
125 I 8791409 44 
126 I 8806735 44 
127 I 8999826 44 
128 I 9009860 44 
129 I 9023611 44 
130 I 9215001 44 
131 I 9226982 44 
132 I 9241642 44 
133 I 9445516 44 
134 I 9459362 44 
135 I 9468955 44 
136 I 9644244 44 
137 I 9672769 44 
138 I 9690966 44 
139 I 9695784 44 
140 I 9887046 44 
141 I 9907648 44 
142 I 9918197 44 
143 I 10106470 44 
144 I 10125945 44 
145 I 10136221 44 
146 I 10331901 44 
147 I 10348082 44 
148 I 10363172 44 
149 I 10550685 44 
150 I 10569018 44 
151 I 10586408 44 
152 I 10760945 44 
153 I 10778657 44 
154 I 10795867 44 
155 I 10935649 44 
156 I 10957128 44 
157 I 10976483 44 
158 I 10995354 44 
159 I 11151851 44 
160 I 11177303 44 
161 I 11197438 44 
162 I 11346966 44 
163 I 26347358 44 
164 I 27151513 44 
