0 I 0 52 
1 I 2885377 52 
2 I 8499296 52 
3 I 82020196 52 
4 I 85388875 52 
5 I 87262805 44 
6 I 87280419 103 
7 I 89484194 44 
8 I 89519884 104 
9 I 90693494 44 
10 I 91234511 77 
11 I 92300904 204 
12 I 98193046 204 
13 I 98476868 66 
14 I 100407865 50 
15 I 106228354 50 
16 I 117973549 44 
17 I 119988417 44 
18 I 120779309 499 
19 I 120814933 1484 
20 I 123206222 1484 
21 I 130899415 1484 
22 I 131890682 1484 
23 I 131926130 1484 
24 I 156067973 1484 
25 I 158574691 1484 
26 I 158609936 1484 
27 I 160671384 1484 
28 I 160706589 1484 
29 I 163022276 1484 
30 I 163057624 1484 
31 I 164795532 1484 
32 I 164830801 1484 
33 I 166417533 1484 
34 I 166430595 364 
35 I 176235980 1484 
