0 I 0 44 
1 I 811805 44 
2 I 890681 44 
3 I 1387448 52 
4 I 1436895 1504 
5 I 1437086 1504 
6 I 3486462 44 
7 I 3785201 44 
8 I 4344978 52 
9 I 4493516 368 
10 I 4493523 1504 
11 I 4495236 1504 
12 I 6648095 44 
13 I 6736280 44 
14 I 7628133 1504 
15 I 7802988 1504 
16 I 8526934 44 
17 I 9326541 44 
18 I 9532892 44 
19 I 10207205 44 
20 I 10383113 52 
21 I 10910171 1504 
22 I 11624527 44 
23 I 13124245 44 
24 I 13320459 44 
25 I 13982529 1504 
26 I 14535763 44 
27 I 14750244 1504 
28 I 14938504 44 
29 I 15901109 44 
30 I 16402057 44 
31 I 16812129 44 
32 I 17533315 44 
33 I 17836058 936 
34 I 17896382 1504 
35 I 19460936 44 
36 I 19512899 44 
37 I 19730679 44 
38 I 20084774 44 
39 I 20562886 44 
40 I 21054467 44 
41 I 22864853 612 
42 I 22975741 44 
43 I 23086806 44 
44 I 23294437 44 
45 I 23390814 44 
46 I 25488400 1504 
47 I 26205292 44 
48 I 26329613 44 
49 I 26615979 44 
50 I 26778973 44 
51 I 28165202 44 
52 I 28815717 1504 
53 I 28815885 1504 
54 I 29163022 44 
55 I 29373916 44 
56 I 29524260 44 
57 I 29674375 44 
58 I 29674392 44 
59 I 31928510 1504 
60 I 31928603 1504 
61 I 32774065 44 
62 I 34960439 44 
63 I 34984548 1504 
64 I 35363668 52 
65 I 35644160 1504 
66 I 35658785 44 
67 I 35758787 44 
68 I 36258760 44 
69 I 36284519 44 
70 I 37017992 44 
71 I 37980152 652 
72 I 38024721 44 
73 I 39234370 44 
74 I 39718008 44 
75 I 40278655 44 
76 I 40893674 44 
77 I 40936130 368 
78 I 40959346 1504 
79 I 40997466 44 
80 I 42087192 146 
81 I 42691897 44 
82 I 42755546 44 
83 I 43942023 44 
84 I 43963645 1504 
85 I 43963724 1220 
86 I 44119432 44 
87 I 45226177 44 
88 I 46427841 52 
89 I 46469088 44 
90 I 46736984 44 
91 I 47051413 44 
92 I 47721169 1504 
93 I 48356555 44 
94 I 48489487 44 
95 I 49430596 52 
96 I 49449473 44 
97 I 49570854 44 
98 I 49899158 44 
99 I 50357047 44 
100 I 51404590 44 
101 I 51648005 44 
102 I 52481423 44 
103 I 52557509 44 
104 I 52657602 44 
105 I 53268547 44 
106 I 54592469 44 
107 I 55105778 44 
108 I 55378330 1504 
109 I 55378848 44 
110 I 56282985 44 
111 I 56383371 44 
112 I 58309777 44 
113 I 58335827 44 
114 I 58443618 1504 
115 I 58443760 1504 
116 I 58801389 44 
117 I 60011011 44 
118 I 61205610 44 
119 I 61557522 1504 
120 I 61557686 1504 
121 I 61922459 44 
122 I 62096119 44 
123 I 62342825 44 
124 I 63653590 44 
125 I 64651997 1504 
126 I 64652049 936 
127 I 64743325 1504 
128 I 64859204 44 
129 I 64921614 44 
130 I 65704022 44 
131 I 67819538 44 
132 I 67819874 44 
133 I 67947532 1504 
134 I 68122586 44 
135 I 68624055 44 
136 I 69210414 44 
137 I 70517625 44 
138 I 70931593 44 
139 I 71316513 44 
140 I 71479074 1504 
141 I 73684337 44 
142 I 73780768 44 
143 I 74388566 44 
144 I 74786206 44 
145 I 76886178 44 
146 I 77070778 44 
147 I 77173086 44 
148 I 78727798 1504 
149 I 79575158 44 
150 I 80126659 44 
151 I 80295223 44 
152 I 80998118 44 
153 I 82001688 1504 
154 I 82001838 1504 
155 I 82949256 44 
156 I 83111118 44 
157 I 83422422 44 
158 I 83913860 44 
159 I 84088019 44 
160 I 84203903 44 
161 I 85219126 1504 
162 I 85818846 44 
163 I 86338893 44 
164 I 86803605 52 
165 I 87034352 44 
166 I 87130645 44 
167 I 87719798 44 
168 I 89704972 44 
169 I 89815543 52 
170 I 90202150 774 
171 I 90835376 44 
172 I 90889116 44 
173 I 90990112 44 
174 I 92485088 44 
175 I 93825022 44 
176 I 95938875 44 
177 I 96943192 44 
178 I 96948967 44 
179 I 98156202 44 
180 I 98855833 44 
181 I 99163049 44 
182 I 99658183 1504 
183 I 100236788 44 
184 I 101584253 44 
185 I 101777358 44 
186 I 102684321 44 
187 I 102784792 1504 
188 I 102784847 1098 
189 I 102982842 44 
190 I 103248523 44 
191 I 104682500 52 
192 I 105936749 1504 
193 I 105936917 1504 
194 I 106105827 44 
195 I 106325012 44 
196 I 106439055 44 
197 I 107625998 52 
198 I 108174889 93 
199 I 108457530 44 
200 I 109051235 1504 
201 I 109051413 1504 
202 I 109260519 44 
203 I 109406503 44 
204 I 109423283 44 
205 I 109914894 44 
206 I 111986827 44 
207 I 112215935 1504 
208 I 112215967 936 
209 I 112225440 1504 
210 I 112281109 44 
211 I 112509994 44 
212 I 112543068 44 
213 I 112992581 44 
214 I 114146043 93 
215 I 115194682 44 
216 I 115347418 1504 
217 I 115347493 1220 
218 I 115527738 44 
219 I 115712462 44 
220 I 115793711 44 
221 I 116591430 44 
222 I 117203783 44 
223 I 117455720 44 
224 I 117468853 44 
225 I 117490741 80 
226 I 118486104 936 
227 I 119261157 44 
228 I 119467578 44 
229 I 119838563 44 
230 I 120267321 44 
231 I 120369297 44 
232 I 120476566 44 
233 I 121539400 1504 
234 I 121539514 1504 
235 I 122841754 44 
236 I 122850849 44 
237 I 123249593 44 
238 I 123354894 44 
239 I 123356816 44 
240 I 123396898 44 
241 I 123477032 44 
242 I 124227325 44 
243 I 124550923 1504 
244 I 124551093 1504 
245 I 125736432 44 
246 I 125736432 44 
247 I 126140110 44 
248 I 126357259 44 
249 I 126371084 44 
250 I 127565950 1504 
251 I 127565978 936 
252 I 127592354 1504 
253 I 128408403 44 
254 I 128747866 44 
255 I 129154894 44 
256 I 129356609 44 
257 I 129551860 80 
258 I 129772919 44 
259 I 129851950 44 
260 I 129878900 44 
261 I 131057522 1504 
262 I 132168052 44 
263 I 132168052 44 
264 I 132486635 50 
265 I 132568027 343 
266 I 132578264 44 
267 I 133004502 44 
268 I 133335895 44 
269 I 133709699 44 
270 I 134068437 1504 
271 I 134068560 1504 
272 I 135424610 44 
273 I 136304782 44 
274 I 136327831 44 
275 I 136599053 44 
276 I 136693859 44 
277 I 136995436 44 
278 I 137096614 652 
279 I 137096616 1504 
280 I 137209807 1504 
281 I 137315929 44 
282 I 138391888 52 
283 I 139315891 44 
284 I 139783377 44 
285 I 140097004 1504 
286 I 140275472 44 
287 I 140701273 44 
288 I 141318258 52 
289 I 142657187 44 
290 I 143267075 44 
291 I 143534303 1504 
292 I 144897191 93 
293 I 144958720 44 
294 I 146254759 44 
295 I 146640463 1504 
296 I 146640633 1504 
297 I 146663101 44 
298 I 147162325 44 
299 I 147939557 80 
300 I 149582825 1504 
301 I 150753236 44 
302 I 150887976 113 
303 I 151029411 44 
304 I 151716438 44 
305 I 152399647 1504 
306 I 152550126 44 
307 I 154148130 44 
308 I 154875666 44 
309 I 155242227 44 
310 I 156377873 44 
311 I 156656881 854 
312 I 158577159 44 
313 I 158612766 44 
314 I 159437045 1504 
315 I 159735939 44 
316 I 159751960 64 
317 I 160712299 44 
318 I 161089500 44 
319 I 161529666 44 
320 I 161715649 52 
321 I 162370158 1504 
322 I 162370176 936 
323 I 162855198 44 
324 I 162996453 92 
325 I 163537800 44 
326 I 163736064 44 
327 I 164666428 52 
328 I 164941439 93 
329 I 165329083 1504 
330 I 165329234 1504 
331 I 165329269 1220 
332 I 166565950 44 
333 I 166885568 44 
334 I 167988062 44 
335 I 168086291 44 
336 I 168221526 80 
337 I 168363651 1504 
338 I 168363874 1504 
339 I 168493411 1220 
340 I 170099154 92 
341 I 170918174 44 
342 I 170941622 44 
343 I 171375686 1504 
344 I 171375914 1504 
345 I 171376085 1220 
346 I 171407675 44 
347 I 171455431 113 
348 I 171785031 1504 
349 I 172758479 44 
350 I 172923925 44 
351 I 173914370 44 
352 I 173915071 44 
353 I 174044980 44 
354 I 174375830 1504 
355 I 174376099 1504 
356 I 174416824 44 
357 I 174462778 44 
358 I 174594447 44 
359 I 174784619 1220 
360 I 176519450 44 
361 I 177329507 44 
362 I 177506402 1504 
363 I 177511652 44 
364 I 177926322 1504 
365 I 179116080 44 
366 I 179599227 44 
367 I 180324864 44 
368 I 180427377 44 
369 I 180660224 1504 
370 I 181013364 44 
371 I 181060985 1504 
372 I 181061337 1504 
373 I 182550694 44 
374 I 182550698 44 
375 I 183639963 44 
376 I 183824163 936 
377 I 183874861 44 
378 I 183974787 44 
379 I 184327195 1504 
380 I 184327358 1504 
381 I 184376505 44 
382 I 184389950 92 
383 I 185215599 44 
384 I 186043950 44 
385 I 186858069 52 
386 I 186859565 1220 
387 I 187368194 1504 
388 I 188608813 44 
389 I 188635592 44 
390 I 189873320 52 
391 I 189929184 44 
392 I 189961294 96 
393 I 190444076 1504 
394 I 190444258 1504 
395 I 191085552 93 
396 I 191493358 44 
397 I 192428065 44 
398 I 193046370 44 
399 I 193159493 120 
400 I 193394444 1504 
401 I 193394602 1504 
402 I 194125956 80 
403 I 196385650 1504 
404 I 196385677 936 
405 I 196391798 1504 
406 I 197045206 44 
407 I 197271461 44 
408 I 197342071 113 
409 I 197524273 44 
410 I 199363362 1504 
411 I 199366940 1504 
412 I 200822674 44 
413 I 201446158 44 
414 I 202290416 1220 
415 I 202382150 1504 
416 I 204224227 44 
417 I 205266044 44 
418 I 205333344 1504 
419 I 205333425 1220 
420 I 206449763 44 
421 I 207849563 44 
422 I 208291923 1504 
423 I 208292235 1504 
424 I 208292390 1220 
425 I 211248689 1504 
426 I 211248963 1504 
427 I 211923359 44 
428 I 214782987 1504 
429 I 215370263 44 
430 I 218057507 44 
431 I 218187850 44 
432 I 222027427 1504 
433 I 227007032 44 
434 I 228837962 44 
435 I 233603616 44 
436 I 236519608 1504 
437 I 238044198 44 
438 I 241178726 44 
439 I 241373386 44 
440 I 244117630 44 
441 I 244213876 44 
442 I 244615412 44 
443 I 244806895 44 
444 I 246787263 44 
445 I 248242264 44 
446 I 249741690 44 
447 I 250085382 44 
448 I 251517098 44 
449 I 252128463 44 
450 I 253014181 44 
451 I 255239852 44 
452 I 256724416 44 
453 I 259114939 44 
454 I 261915651 44 
455 I 262762049 44 
456 I 263292036 44 
457 I 264934950 44 
458 I 265188213 44 
459 I 265503569 1504 
460 I 267245032 44 
461 I 268163974 44 
462 I 268498719 1504 
463 I 268498908 1504 
464 I 270750244 44 
465 I 270781359 44 
466 I 271285042 44 
467 I 271363870 44 
468 I 271367554 1504 
469 I 271367648 1504 
470 I 271466254 44 
471 I 274266564 1504 
472 I 274266593 652 
473 I 274393386 1504 
474 I 274522134 44 
475 I 274680581 44 
476 I 276771507 44 
477 I 277423633 1504 
478 I 277423792 1220 
479 I 277443328 1504 
480 I 277549093 44 
481 I 277946658 44 
482 I 277946661 44 
483 I 280338536 1504 
484 I 280338591 1220 
485 I 280562608 1504 
486 I 280562796 1504 
487 I 280903235 44 
488 I 281199132 44 
489 I 283251767 1220 
490 I 283323142 1504 
491 I 283478768 1504 
492 I 283478901 1220 
493 I 283514416 44 
494 I 284861460 44 
495 I 286318702 1504 
496 I 286318909 1504 
497 I 287704227 44 
498 I 289851113 1504 
499 I 290540782 44 
500 I 290623439 44 
501 I 292793950 1504 
502 I 292794137 1504 
503 I 293592429 44 
504 I 294985281 109 
505 I 295754841 1504 
506 I 295755042 1504 
507 I 295755187 1504 
508 I 296660311 44 
509 I 297033906 44 
510 I 297687161 44 
511 I 298722432 936 
512 I 298730157 1504 
