0 I 0 52 
1 I 170210 44 
2 I 837386 44 
3 I 1012967 44 
4 I 1023163 44 
5 I 1186925 44 
6 I 1198601 44 
7 I 1204178 44 
8 I 1326773 44 
9 I 1369304 44 
10 I 1379947 44 
11 I 1385053 44 
12 I 1395615 44 
13 I 1501739 44 
14 I 1538911 44 
15 I 2041810 44 
16 I 2047194 44 
17 I 2057635 44 
18 I 2062946 44 
19 I 2073700 44 
20 I 2079132 44 
21 I 2089732 44 
22 I 2100835 44 
23 I 2111167 44 
24 I 2124117 44 
25 I 2124301 44 
26 I 2222253 44 
27 I 2227501 44 
28 I 2238122 44 
29 I 2243845 44 
30 I 2248928 44 
31 I 2259678 44 
32 I 2264978 44 
33 I 2275405 44 
34 I 2280773 44 
35 I 2291279 44 
36 I 2302152 44 
37 I 2312313 44 
38 I 2312362 44 
39 I 2317830 44 
40 I 2323069 44 
41 I 2334164 44 
42 I 2339066 44 
43 I 2402148 44 
44 I 2407034 44 
45 I 2417747 44 
46 I 2423118 44 
47 I 2433775 44 
48 I 2436434 44 
49 I 2444428 44 
50 I 2449799 44 
51 I 2460209 44 
52 I 2465565 44 
53 I 2476287 44 
54 I 2486865 44 
55 I 2497545 44 
56 I 2499507 44 
57 I 2499698 44 
58 I 2508361 44 
59 I 2513471 44 
60 I 2524767 44 
61 I 2639094 44 
