0 I 0 52 
1 I 4245895 44 
2 I 4370978 136 
3 I 7360552 136 
4 I 8244293 100 
5 I 9263549 44 
6 I 9531601 69 
7 I 12772616 69 
8 I 13775811 44 
9 I 14028122 50 
10 I 14895151 526 
11 I 15282306 308 
12 I 15282319 1464 
13 I 16120073 1464 
14 I 16120544 526 
15 I 16966710 1464 
16 I 17149384 1464 
17 I 17949736 1464 
18 I 18147376 1464 
19 I 18148852 1464 
20 I 19144716 1464 
21 I 19147344 1464 
22 I 19147713 730 
23 I 19492991 1464 
24 I 19918359 860 
25 I 20027455 608 
26 I 20345114 1464 
27 I 20345140 316 
28 I 20751277 316 
29 I 20751288 1464 
30 I 20824331 608 
31 I 21174048 1464 
32 I 21174092 327 
33 I 21550321 608 
34 I 21550717 500 
35 I 21908349 1464 
36 I 22273675 924 
37 I 24711354 1464 
38 I 31131268 1464 
39 I 31856920 1464 
40 I 31858479 1464 
41 I 32592895 1464 
42 I 32594269 1464 
43 I 33367445 1464 
44 I 33368747 1464 
45 I 34119076 1464 
46 I 34121397 1464 
47 I 34122254 1464 
48 I 34122370 189 
49 I 34861857 1209 
50 I 34862428 421 
51 I 38253452 1464 
52 I 43268979 1464 
53 I 53300010 1464 
54 I 54310122 1464 
55 I 54311942 1464 
56 I 55129099 1464 
57 I 55938716 142 
58 I 76973393 1464 
59 I 77747518 1464 
60 I 77749056 1464 
61 I 78507798 754 
62 I 80884924 754 
63 I 123390824 44 
64 I 123411009 44 
65 I 128131730 44 
