0 I 0 52 
1 I 199975 44 
2 I 411749 44 
3 I 609634 44 
4 I 809903 56 
5 I 810486 56 
6 I 1014654 64 
7 I 1016449 64 
8 I 1220749 56 
9 I 1440883 56 
10 I 1648715 44 
11 I 2028628 44 
12 I 2237654 44 
13 I 2441339 44 
14 I 2651825 56 
15 I 2652948 56 
16 I 2860751 56 
17 I 2861250 56 
18 I 3063640 44 
19 I 3418892 44 
20 I 3823158 44 
21 I 4023431 56 
22 I 4227244 64 
23 I 4436004 56 
24 I 5318039 44 
25 I 5619462 44 
26 I 5819840 56 
27 I 5820617 56 
28 I 6020232 56 
29 I 6020772 56 
30 I 16599487 44 
31 I 17021163 44 
32 I 17270021 56 
33 I 17509484 64 
34 I 17750483 56 
35 I 18728793 44 
36 I 19117895 44 
37 I 19363665 56 
38 I 19596852 64 
39 I 19833441 56 
40 I 20799717 44 
41 I 21119823 44 
42 I 21342368 56 
43 I 21345897 56 
44 I 21574646 56 
45 I 21577801 56 
46 I 21801996 44 
47 I 22220075 44 
48 I 22622617 44 
49 I 23572123 44 
50 I 23920219 44 
51 I 24127375 56 
52 I 24343235 64 
53 I 24555223 56 
54 I 26237508 44 
55 I 26450208 44 
56 I 26655147 44 
57 I 26854756 56 
58 I 26855667 56 
59 I 27064912 56 
60 I 27065595 56 
61 I 27238008 52 
62 I 27272196 44 
63 I 27452145 44 
64 I 27624272 44 
65 I 27657825 44 
66 I 27830690 44 
67 I 27866658 44 
68 I 28040610 44 
69 I 28247353 56 
70 I 28248096 56 
71 I 28459743 56 
72 I 28460210 56 
73 I 28666458 44 
74 I 28794490 44 
75 I 29003823 44 
76 I 29018717 44 
77 I 29218713 44 
78 I 29229730 44 
79 I 29416882 56 
80 I 29433931 44 
81 I 29618868 64 
82 I 29639409 56 
83 I 29639728 56 
84 I 29820691 56 
85 I 29840198 56 
86 I 29841092 56 
87 I 30040368 44 
88 I 30415036 44 
89 I 30815852 44 
90 I 31015342 56 
91 I 31016099 56 
92 I 31213191 56 
93 I 31213724 56 
94 I 31219033 44 
95 I 36110021 44 
96 I 36414030 44 
97 I 36618836 56 
98 I 36828406 64 
99 I 37036342 56 
100 I 46983303 44 
101 I 47181180 44 
102 I 47385370 44 
103 I 51857423 44 
104 I 52059853 44 
105 I 52271712 44 
106 I 52485566 56 
107 I 52486210 56 
108 I 52689574 56 
109 I 52689977 56 
110 I 52897086 44 
111 I 53210820 44 
112 I 53415846 44 
113 I 53623925 44 
114 I 53827273 56 
115 I 53827780 56 
116 I 54027326 56 
117 I 54226632 44 
118 I 55110388 44 
119 I 55307589 44 
120 I 55610481 44 
121 I 67526149 44 
122 I 67926786 44 
123 I 68125731 56 
124 I 68324893 64 
125 I 68527988 56 
126 I 68599853 44 
127 I 69654502 44 
128 I 72427711 44 
129 I 83024442 52 
130 I 83229155 44 
