0 I 0 52 
1 I 2848222 52 
2 I 3488076 120 
3 I 9459374 44 
4 I 9465258 188 
5 I 10262199 44 
6 I 22152956 100 
7 I 23060785 79 
8 I 23753580 62 
9 I 47370386 50 
10 I 48182590 1344 
11 I 50814362 1344 
12 I 53438770 1344 
13 I 56319389 1366 
14 I 57167910 1366 
15 I 57187739 1366 
16 I 59670630 1366 
17 I 60396565 1366 
18 I 60416085 1366 
19 I 61182658 1366 
20 I 61202625 1366 
21 I 61208392 374 
22 I 61949329 1344 
23 I 64277939 1366 
24 I 68751011 1366 
25 I 69577452 1366 
26 I 69597270 1366 
27 I 70438092 1366 
28 I 70442359 286 
29 I 71259854 330 
30 I 71804555 44 
31 I 73377521 1366 
32 I 74310039 1344 
33 I 77386798 1366 
34 I 78378024 1366 
35 I 79223385 1366 
36 I 79242208 1300 
