0 I 0 580 
1 I 20841331 580 
2 I 21988446 580 
3 I 21988919 580 
4 I 63499226 580 
5 I 64647310 580 
6 I 64647765 580 
7 I 65679517 580 
8 I 65680016 580 
9 I 66885164 580 
10 I 67934793 580 
11 I 69024808 580 
12 I 70118375 580 
13 I 70119199 580 
14 I 71202191 580 
15 I 72315787 359 
16 I 77937024 580 
17 I 79003138 580 
18 I 79003508 580 
19 I 80036286 580 
20 I 80036748 580 
21 I 81259692 580 
22 I 82252689 580 
23 I 83233036 418 
24 I 86448401 580 
25 I 90655742 580 
26 I 91667411 580 
27 I 91667887 580 
28 I 92688226 580 
29 I 92688650 580 
30 I 93721386 580 
31 I 93721963 580 
32 I 94720181 580 
33 I 94720733 580 
34 I 94721233 580 
35 I 95736533 580 
36 I 96563834 580 
37 I 96771506 480 
38 I 97764083 580 
39 I 97764558 580 
40 I 98789451 580 
41 I 99793594 489 
42 I 103573773 580 
43 I 104604046 580 
44 I 104604472 580 
45 I 105629359 580 
46 I 105629938 580 
47 I 106664980 580 
48 I 106665883 580 
49 I 107678143 580 
50 I 109383141 580 
51 I 110345641 580 
52 I 110346161 580 
53 I 113889918 580 
54 I 121099907 580 
55 I 135528403 580 
56 I 136480295 580 
57 I 136480817 580 
58 I 137419832 580 
59 I 137420410 580 
60 I 138359530 580 
61 I 138360008 580 
62 I 139298434 580 
63 I 139298935 580 
64 I 139299419 580 
65 I 140376819 580 
66 I 140377298 580 
67 I 140377795 580 
68 I 141247206 580 
69 I 141247731 580 
70 I 141438509 580 
71 I 141439030 580 
72 I 142100348 580 
73 I 142100717 580 
74 I 142284914 580 
75 I 142285409 580 
76 I 142937359 580 
77 I 142937870 580 
78 I 143126196 580 
79 I 143768704 580 
80 I 143973256 349 
81 I 144604732 580 
82 I 145446906 580 
83 I 146743454 580 
84 I 147610678 580 
85 I 147611318 580 
86 I 148480505 580 
87 I 151350776 580 
88 I 152213163 580 
89 I 152213712 580 
90 I 159763048 580 
91 I 160717213 580 
92 I 160717696 580 
93 I 161817008 580 
94 I 163568301 580 
95 I 167174533 580 
96 I 174284160 580 
97 I 188718758 580 
98 I 217566024 580 
99 I 218319418 580 
100 I 218319895 580 
101 I 275858953 580 
102 I 276820818 580 
103 I 276821301 580 
104 I 277646028 580 
105 I 277646443 580 
106 I 279464304 580 
107 I 279808331 580 
108 I 280751056 580 
109 I 281575488 580 
110 I 282446052 580 
111 I 283332171 580 
112 I 283332728 580 
113 I 284204251 580 
114 I 285073208 580 
115 I 285078918 106 
116 I 288677415 580 
117 I 289530848 580 
118 I 289531340 580 
119 I 290342925 580 
120 I 290342966 236 
