0 I 0 1504 
1 I 27287536 1504 
2 I 28572928 1504 
3 I 28573264 1504 
4 I 29797708 1504 
5 I 33506942 1504 
6 I 34348616 44 
7 I 37626605 44 
8 I 38983513 52 
9 I 46083328 52 
10 I 47351256 44 
11 I 49056831 52 
12 I 55035074 44 
13 I 55075951 52 
14 I 67092984 44 
15 I 67097648 44 
16 I 72587261 52 
17 I 81460649 44 
18 I 87982328 1504 
19 I 101045129 44 
20 I 101050039 44 
21 I 105136844 44 
22 I 105430018 44 
23 I 106514014 52 
24 I 113363667 44 
25 I 113929931 44 
26 I 126382415 52 
27 I 127708908 44 
28 I 129313825 52 
29 I 129815753 44 
30 I 130455644 1504 
31 I 130455759 1504 
32 I 131576285 1504 
33 I 132678305 1504 
34 I 133795956 1504 
35 I 133796061 1504 
36 I 139748580 1504 
37 I 140972042 1504 
38 I 140972249 1504 
39 I 142090892 1504 
40 I 142091079 652 
41 I 142091081 1504 
42 I 143231910 1504 
43 I 143232230 1504 
44 I 144388750 1220 
45 I 146971494 1504 
46 I 148108432 1220 
47 I 148109435 1504 
48 I 149231036 1504 
49 I 149231115 1220 
50 I 150491170 1504 
51 I 150491274 1504 
52 I 151585840 1220 
53 I 154696718 1504 
54 I 155762428 1220 
55 I 155762822 1504 
56 I 156821863 1504 
57 I 156821991 1220 
58 I 157923308 1504 
59 I 159011484 1504 
60 I 162721578 44 
61 I 162922606 1504 
62 I 170748059 1504 
63 I 171825636 1504 
64 I 171825705 1220 
65 I 172889096 1504 
66 I 172889321 1504 
67 I 173983286 1504 
68 I 173983464 1504 
69 I 175209655 1504 
70 I 175209690 936 
71 I 176333337 1504 
72 I 176333418 1504 
73 I 176333596 1504 
74 I 179676220 1504 
75 I 180767847 1220 
76 I 180768623 1504 
77 I 181866913 1504 
78 I 181867053 1220 
79 I 181867482 1504 
80 I 183152975 1504 
81 I 183153049 1220 
82 I 183153410 1504 
83 I 184264061 1504 
84 I 184264285 1220 
85 I 184367877 1504 
86 I 184368067 1504 
87 I 185372277 1220 
88 I 185465971 1504 
89 I 186582696 1504 
90 I 186582818 1504 
91 I 187914207 1504 
92 I 189048153 1504 
93 I 190169139 1504 
94 I 191271746 1504 
95 I 191271779 936 
96 I 194222827 1504 
97 I 197132233 1504 
98 I 200242461 1504 
99 I 212280811 1504 
100 I 213294302 1504 
101 I 213294493 1504 
102 I 214314304 1504 
103 I 214314490 1504 
104 I 216996147 1504 
105 I 218021701 1504 
106 I 218021759 936 
107 I 219224581 1504 
108 I 221711101 1504 
109 I 226125168 1504 
110 I 226727136 1504 
111 I 228532256 44 
112 I 236759402 1504 
113 I 237813950 1504 
114 I 237814114 1220 
115 I 242778146 328 
116 I 247743379 44 
117 I 247743703 1504 
118 I 247744054 1504 
119 I 247744063 774 
120 I 248658388 44 
121 I 253236345 52 
122 I 259963714 52 
123 I 263950777 44 
124 I 264955916 1504 
125 I 264956032 1504 
126 I 266227455 1504 
127 I 266227701 1504 
128 I 267323226 1504 
129 I 267324209 1504 
130 I 268409219 936 
131 I 268416213 1504 
132 I 269469374 1504 
133 I 269469563 1220 
134 I 270532124 1504 
135 I 270532292 1504 
136 I 270532361 1220 
137 I 271630475 1504 
138 I 271630588 1504 
139 I 271816362 1220 
140 I 272895359 1504 
141 I 272895448 1504 
142 I 273973687 1220 
143 I 276988340 1504 
144 I 285214814 1504 
145 I 286332013 1504 
146 I 286332219 1504 
147 I 287449436 1504 
148 I 287449521 1504 
149 I 287450441 1504 
150 I 288556234 1504 
151 I 288768471 1504 
152 I 289873874 1504 
153 I 290085273 1504 
154 I 290085452 1504 
155 I 291214415 652 
156 I 291215079 1504 
157 I 291215247 1504 
158 I 291215331 1220 
159 I 292345567 1504 
160 I 292345734 1504 
161 I 292348120 1220 
162 I 292348867 1504 
163 I 293471784 1504 
164 I 293471913 1220 
165 I 293472333 1504 
166 I 293472515 1504 
167 I 294582889 1220 
168 I 294583670 1504 
169 I 294583778 1504 
170 I 294583861 1220 
171 I 295675746 1220 
172 I 295676020 1504 
173 I 296778023 1504 
174 I 296778218 1504 
175 I 297856495 1504 
176 I 297856662 1504 
