0 I 0 44 
1 I 170953 44 
2 I 329727 44 
3 I 582366 44 
4 I 747314 44 
5 I 748652 44 
6 I 905848 44 
7 I 1153349 44 
8 I 1330279 44 
9 I 1482249 44 
10 I 1727891 44 
11 I 1898360 44 
12 I 2052109 44 
13 I 2287893 44 
14 I 2458438 44 
15 I 2609305 44 
16 I 2855494 44 
17 I 3026021 44 
18 I 3176799 44 
19 I 3348289 44 
20 I 3429796 44 
21 I 3600842 44 
22 I 3758233 44 
23 I 4008165 44 
24 I 4147028 44 
25 I 4184142 44 
26 I 4339464 44 
27 I 4586173 44 
28 I 4751780 44 
29 I 4904119 44 
30 I 5149286 44 
31 I 5303265 44 
32 I 5452496 44 
33 I 5711048 44 
34 I 5871667 44 
35 I 6013989 44 
36 I 6271969 44 
37 I 6422165 44 
38 I 6567426 44 
39 I 6825361 44 
40 I 6946132 44 
41 I 6972598 44 
42 I 7115873 44 
43 I 7366790 44 
44 I 7530144 44 
45 I 7647034 44 
46 I 7681647 44 
47 I 7921584 44 
48 I 8091237 44 
49 I 8231596 44 
50 I 8345548 44 
51 I 8478136 44 
52 I 8662510 44 
53 I 23391840 44 
54 I 23728939 44 
55 I 84037787 52 
56 I 84675594 44 
57 I 85381063 44 
58 I 86039851 44 
59 I 86180402 44 
60 I 86690620 44 
61 I 86834840 44 
62 I 86980589 44 
63 I 87340412 44 
64 I 87480926 44 
65 I 87485146 44 
66 I 87633196 44 
67 I 87984813 44 
68 I 88136140 44 
69 I 88284032 44 
70 I 88628684 44 
71 I 88774248 44 
72 I 88924146 44 
73 I 89256472 44 
74 I 89412126 44 
75 I 89561791 44 
76 I 89897216 44 
77 I 90046312 44 
78 I 90180649 44 
79 I 90195680 44 
80 I 90530013 44 
81 I 90687570 44 
82 I 90843597 44 
83 I 90981880 44 
84 I 91181412 44 
85 I 91326727 44 
86 I 91482217 44 
87 I 91781988 44 
88 I 91815424 44 
89 I 91962670 44 
90 I 92118493 44 
91 I 92436258 44 
92 I 92582935 44 
93 I 92741080 44 
94 I 93058964 44 
95 I 93203550 44 
96 I 93366200 44 
97 I 93693316 44 
98 I 93839024 44 
99 I 93998060 44 
100 I 94315993 44 
101 I 94471827 44 
102 I 94581213 44 
103 I 94629004 44 
104 I 94948802 44 
105 I 95101191 44 
106 I 95258538 44 
107 I 95379693 44 
108 I 95578123 44 
109 I 95725861 44 
110 I 95891654 44 
111 I 96179838 44 
112 I 96201670 44 
113 I 96340260 44 
114 I 96509591 44 
115 I 96825670 44 
116 I 96959731 44 
117 I 97132029 44 
118 I 97438071 44 
119 I 97564375 44 
120 I 97739687 44 
121 I 98070848 44 
122 I 98208806 44 
123 I 98374252 44 
124 I 98706680 44 
125 I 98851224 44 
126 I 99008440 44 
127 I 99179007 44 
128 I 99336436 44 
129 I 99482086 44 
130 I 99636416 44 
131 I 99962634 44 
132 I 100078404 44 
133 I 100106545 44 
134 I 100259100 44 
135 I 100578196 44 
136 I 100722465 44 
137 I 100878313 44 
138 I 101187899 44 
139 I 101327315 44 
140 I 101477252 44 
141 I 101783076 44 
142 I 101925334 44 
143 I 102070619 44 
144 I 102372223 44 
145 I 102515874 44 
146 I 102665193 44 
147 I 102973152 44 
148 I 103079724 44 
149 I 103114590 44 
150 I 103269068 44 
151 I 103568123 44 
152 I 103720205 44 
153 I 103875811 44 
154 I 104078324 44 
155 I 104164278 44 
156 I 104323920 44 
157 I 104471033 44 
158 I 104773665 44 
159 I 104944102 44 
160 I 105087372 44 
161 I 105387311 44 
162 I 105553864 44 
163 I 105700145 44 
164 I 105999383 44 
165 I 106158513 44 
166 I 106309553 44 
167 I 106607163 44 
168 I 106771352 44 
169 I 106877170 44 
170 I 106925136 44 
171 I 107223405 44 
172 I 107375419 44 
173 I 107531297 44 
174 I 107679472 44 
175 I 107843088 44 
176 I 107985218 44 
177 I 108144370 44 
178 I 108449246 44 
179 I 108576697 44 
180 I 108581343 44 
181 I 108747097 44 
182 I 109051786 44 
183 I 109179524 44 
184 I 109356503 44 
185 I 109651581 44 
186 I 109777682 44 
187 I 109965543 44 
188 I 110247877 44 
189 I 110376981 44 
190 I 110567275 44 
191 I 110863127 44 
192 I 110993765 44 
193 I 111175127 44 
194 I 111377099 44 
195 I 111481839 44 
196 I 111605697 44 
197 I 111791292 44 
198 I 112100789 44 
199 I 112218529 44 
200 I 112377316 44 
201 I 112403314 44 
202 I 112707113 44 
203 I 112821549 44 
204 I 113000215 44 
205 I 113301817 44 
206 I 113419248 44 
207 I 113594940 44 
208 I 113902986 44 
209 I 114020900 44 
210 I 114194349 44 
211 I 114505131 44 
212 I 114619906 44 
213 I 114785650 44 
214 I 115092263 44 
215 I 115204675 44 
216 I 115366922 44 
217 I 115476697 44 
218 I 115680576 44 
219 I 115795963 44 
220 I 115953306 44 
221 I 116175132 44 
222 I 116254393 44 
223 I 131323322 44 
224 I 138813512 44 
225 I 168325865 52 
226 I 168867306 44 
227 I 169438315 44 
228 I 170010789 44 
229 I 170205296 44 
230 I 170568137 44 
231 I 170705779 44 
232 I 170753409 44 
233 I 170906234 44 
234 I 171124483 44 
235 I 171254392 44 
236 I 171404394 44 
237 I 171605199 44 
238 I 171680919 44 
239 I 171808265 44 
240 I 172105925 44 
241 I 172160247 44 
242 I 172242274 44 
243 I 172374875 44 
244 I 172677927 44 
245 I 172818805 44 
246 I 172948166 44 
247 I 173105055 44 
248 I 173256078 44 
249 I 173393888 44 
250 I 173522472 44 
251 I 173804565 44 
252 I 173835842 44 
253 I 173973232 44 
254 I 174112357 44 
255 I 174420072 44 
256 I 174555381 44 
257 I 174705055 44 
258 I 175001378 44 
259 I 175135458 44 
260 I 175281979 44 
261 I 175589688 44 
262 I 175723898 44 
263 I 175864260 44 
264 I 176167626 44 
265 I 176296764 44 
266 I 176411137 44 
267 I 176441566 44 
268 I 176763834 44 
269 I 176891816 44 
270 I 177038748 44 
271 I 177209167 44 
272 I 177346774 44 
273 I 177467510 44 
274 I 177615005 44 
275 I 177908402 44 
276 I 177919939 44 
277 I 178049338 44 
278 I 178201759 44 
279 I 178504526 44 
280 I 178608894 44 
281 I 178629257 44 
282 I 178792617 44 
283 I 179097236 44 
284 I 179217958 44 
285 I 179382387 44 
286 I 179687073 44 
287 I 179811360 44 
288 I 179973964 44 
289 I 180288534 44 
290 I 180412658 44 
291 I 180571645 44 
292 I 180892827 44 
293 I 181018534 44 
294 I 181184806 44 
295 I 181308403 44 
296 I 181513946 44 
297 I 181638102 44 
298 I 181805882 44 
299 I 182108431 44 
300 I 182128196 44 
301 I 182245049 44 
302 I 182404934 44 
303 I 182732812 44 
304 I 182848762 44 
305 I 183007698 44 
306 I 183325759 44 
307 I 183445822 44 
308 I 183602262 44 
309 I 183913905 44 
310 I 184043632 44 
311 I 184195367 44 
312 I 184495143 44 
313 I 184631434 44 
314 I 184785027 44 
315 I 185074948 44 
316 I 185205740 44 
317 I 185361661 44 
318 I 185506822 44 
319 I 185659548 44 
320 I 185792336 44 
321 I 185947558 44 
322 I 186207903 44 
323 I 186233163 44 
324 I 186361787 44 
325 I 186513952 44 
326 I 186810513 44 
327 I 186936388 44 
328 I 187078783 44 
329 I 187360725 44 
330 I 187488205 44 
331 I 187634065 44 
332 I 187913806 44 
333 I 188043922 44 
334 I 188193840 44 
335 I 188472267 44 
336 I 188591159 44 
337 I 188707033 44 
338 I 188738554 44 
339 I 189009134 44 
340 I 189128297 44 
341 I 189272473 44 
342 I 189407575 44 
343 I 189543267 44 
344 I 189661146 44 
345 I 189816636 44 
346 I 190085144 44 
347 I 190204737 44 
348 I 190364610 44 
349 I 190638090 44 
350 I 190760734 44 
351 I 190944501 44 
352 I 191209647 44 
353 I 191327240 44 
354 I 191509474 44 
355 I 191774194 44 
356 I 191889157 44 
357 I 192055696 44 
358 I 192206456 44 
359 I 192314944 44 
360 I 192430354 44 
361 I 192594226 44 
362 I 192856423 44 
363 I 192968588 44 
364 I 193107446 44 
365 I 193122397 44 
366 I 193379428 44 
367 I 193485950 44 
368 I 193639191 44 
369 I 193912605 44 
370 I 194020305 44 
371 I 194169495 44 
372 I 194454088 44 
373 I 194553347 44 
374 I 194721672 44 
375 I 195007451 44 
376 I 195100396 44 
377 I 195264190 44 
378 I 195534061 44 
379 I 195630274 44 
380 I 195792355 44 
381 I 195906081 44 
382 I 196052653 44 
383 I 196148420 44 
384 I 196309067 44 
385 I 196562679 44 
386 I 196670517 44 
387 I 196839459 44 
388 I 197097638 44 
389 I 197203761 44 
390 I 197374516 44 
391 I 197630677 44 
392 I 197736799 44 
393 I 212371765 44 
394 I 214842522 44 
395 I 299705256 52 
