0 I 0 68 
1 I 988224 56 
2 I 2989089 56 
3 I 4048941 56 
4 I 6184344 56 
5 I 8178472 56 
6 I 11308992 56 
7 I 15354691 56 
8 I 20378576 56 
9 I 23803900 56 
10 I 40596019 56 
11 I 43674386 56 
12 I 46704071 56 
13 I 49744091 56 
14 I 52778056 56 
15 I 52979257 56 
16 I 55836592 56 
17 I 58903228 56 
18 I 59077412 56 
19 I 62156004 68 
20 I 65210253 76 
21 I 66139580 68 
22 I 68243242 68 
23 I 69278003 56 
24 I 71476187 56 
25 I 72361660 56 
26 I 75446873 56 
27 I 75578235 56 
28 I 78666594 56 
29 I 81733108 68 
30 I 81760375 68 
31 I 84777065 68 
32 I 84908533 68 
33 I 87873292 76 
34 I 90938332 76 
35 I 91625206 68 
36 I 94022554 68 
37 I 94692605 56 
38 I 94719939 56 
39 I 97089831 56 
40 I 97758827 56 
41 I 100814210 68 
42 I 104305232 56 
43 I 107361979 68 
44 I 110439063 68 
45 I 110854696 56 
46 I 120716455 56 
47 I 123965228 56 
48 I 127005127 68 
49 I 130595966 56 
50 I 133653582 68 
51 I 136703917 68 
52 I 137237431 56 
53 I 139755097 56 
54 I 140375701 56 
55 I 143488033 68 
56 I 146610939 68 
57 I 146965204 56 
58 I 149697869 56 
59 I 149725576 56 
60 I 150092286 56 
61 I 152817429 56 
62 I 156061535 56 
63 I 166253768 56 
64 I 171358574 56 
65 I 174335609 56 
66 I 177294436 56 
67 I 180357417 56 
68 I 183859923 56 
69 I 186856684 56 
70 I 189709855 68 
71 I 193450692 56 
72 I 196301299 68 
73 I 199109574 68 
74 I 200201659 56 
75 I 201912045 56 
76 I 203049287 56 
77 I 205903712 68 
78 I 208767718 68 
79 I 209736054 56 
80 I 211636468 56 
81 I 211665078 56 
82 I 214494098 56 
83 I 214745083 56 
84 I 217485624 56 
85 I 217685091 56 
86 I 220319994 56 
87 I 220584647 56 
88 I 223136360 56 
89 I 223284371 56 
90 I 223496396 56 
91 I 225955276 56 
92 I 226183927 56 
93 I 226383718 56 
94 I 228763014 68 
95 I 228788791 56 
96 I 229035022 56 
97 I 229383840 56 
98 I 231600811 56 
99 I 231783051 56 
100 I 231867178 68 
101 I 231878435 68 
102 I 232250565 68 
103 I 232253766 68 
104 I 234720250 76 
105 I 234731272 76 
106 I 234796350 68 
107 I 241182973 68 
108 I 244027070 56 
109 I 244181852 56 
110 I 246868452 56 
111 I 249751202 56 
112 I 249882407 56 
113 I 252679415 56 
114 I 252708271 68 
115 I 255527363 68 
116 I 255551680 68 
117 I 255579305 68 
118 I 258398029 68 
119 I 264553204 56 
120 I 267578353 56 
121 I 270718475 56 
122 I 273591536 56 
123 I 276472271 56 
124 I 279385950 56 
125 I 282259378 56 
126 I 282477903 56 
127 I 285177619 56 
128 I 285477724 56 
129 I 288092462 56 
130 I 288276833 56 
131 I 288476874 56 
132 I 291064861 56 
133 I 291454997 68 
134 I 291483364 68 
135 I 294293557 68 
136 I 294321366 68 
137 I 294790277 76 
138 I 294800415 68 
139 I 297939662 68 
