0 I 0 68 
1 I 1405907 1496 
2 I 1428739 1496 
3 I 2516073 1496 
4 I 2538107 1496 
5 I 4653595 1496 
6 I 5772214 1496 
7 I 5794491 1496 
8 I 6871114 1496 
9 I 6893672 1496 
10 I 8004248 1496 
11 I 8026768 1496 
12 I 9128458 1496 
13 I 10067766 1496 
14 I 14129895 1496 
15 I 15192190 1496 
16 I 15213882 1440 
17 I 16361766 1496 
18 I 17525719 1496 
19 I 18151604 1496 
20 I 18725626 140 
21 I 19343075 1496 
22 I 19365531 1496 
23 I 20405533 1496 
24 I 20427963 1496 
25 I 22027591 1496 
26 I 23159847 1496 
27 I 23182411 1496 
28 I 24269764 1496 
29 I 24291652 1496 
30 I 26099647 1496 
31 I 29870221 1496 
32 I 34850797 68 
33 I 35817060 1496 
34 I 35838997 1496 
35 I 36911070 1496 
36 I 37571636 1496 
37 I 38601622 1496 
38 I 38623972 1496 
39 I 39693064 1496 
40 I 39715775 1496 
41 I 41430954 1496 
42 I 44981069 1496 
43 I 50004068 68 
44 I 51278025 1496 
45 I 51300094 1496 
46 I 52382993 1496 
47 I 52405571 1496 
48 I 53524659 1496 
49 I 53546835 1496 
50 I 54669008 1496 
51 I 54691526 1496 
52 I 54713922 1496 
53 I 55703682 1496 
54 I 55726212 1496 
55 I 55730748 285 
56 I 56775108 1496 
57 I 56797143 1496 
58 I 57847112 1496 
59 I 57858357 425 
60 I 58859457 1363 
61 I 59952757 1356 
62 I 60945891 1496 
63 I 61017766 1127 
64 I 62103119 1356 
65 I 62377652 1496 
66 I 63312816 1496 
67 I 63656116 1496 
68 I 64591850 1496 
69 I 64614335 1496 
70 I 64897591 1496 
71 I 65699958 1496 
72 I 65995573 936 
73 I 66881051 1496 
74 I 66891646 663 
75 I 67935652 1356 
76 I 69012538 616 
77 I 69022825 663 
78 I 71966372 1496 
79 I 73033592 1496 
80 I 73055770 1496 
81 I 74090479 1496 
82 I 74112680 1496 
83 I 75257464 1496 
84 I 75279276 1496 
85 I 76516686 1496 
86 I 76539226 1496 
87 I 78357275 1496 
88 I 82127597 1496 
89 I 83201132 1496 
90 I 83222719 1496 
91 I 84515502 1496 
92 I 84537165 1496 
93 I 85902741 1496 
94 I 85925419 1496 
95 I 87105499 1496 
96 I 87127519 1496 
97 I 88384640 1496 
98 I 89363105 1496 
99 I 89512977 390 
100 I 90445129 1496 
101 I 90468526 1496 
102 I 90649783 1496 
103 I 91707242 1496 
104 I 91733199 1496 
105 I 93585674 1496 
106 I 94910418 1496 
107 I 94932946 1496 
108 I 96192804 1496 
109 I 97375995 1496 
110 I 98073452 1496 
111 I 98529467 1137 
112 I 99159767 1496 
113 I 99181972 1496 
114 I 99713087 1496 
115 I 100294115 717 
116 I 102264669 1496 
117 I 103410168 1496 
118 I 103431140 1496 
119 I 103437725 444 
120 I 104695629 1496 
121 I 104717861 1496 
122 I 105908800 1496 
123 I 106528652 1496 
124 I 110114832 1496 
125 I 111239991 1496 
126 I 111261263 1496 
127 I 112489098 1496 
128 I 112510858 1496 
129 I 113631236 1496 
130 I 113653392 1496 
131 I 114819125 1496 
132 I 114841789 1496 
133 I 114864003 1496 
134 I 115973720 1496 
135 I 115995534 1496 
136 I 115999543 250 
137 I 116230239 1496 
138 I 117079676 1496 
139 I 117095979 1076 
140 I 117190867 1496 
141 I 117599922 1496 
142 I 118285169 1496 
143 I 118385669 1216 
144 I 119374607 1371 
145 I 120513259 1356 
146 I 121105979 1496 
147 I 122134026 1496 
148 I 122156401 1496 
149 I 123230080 1496 
150 I 123253871 1496 
151 I 124360545 1496 
152 I 124383420 1496 
153 I 126016973 1496 
154 I 129670641 1496 
155 I 134540714 68 
156 I 135593048 1496 
157 I 135615796 1496 
158 I 136677081 1496 
159 I 136700133 1496 
160 I 137688907 1496 
161 I 137934888 1496 
162 I 137957785 1496 
163 I 138960252 1496 
164 I 140107720 1496 
165 I 140703711 1496 
166 I 141106540 524 
167 I 141717368 1496 
168 I 141721568 252 
169 I 142146677 1496 
170 I 142870077 1496 
171 I 143305288 1496 
172 I 144573500 1496 
173 I 144595983 1496 
174 I 144618449 1496 
175 I 145694616 1496 
176 I 145717436 1496 
177 I 145727076 664 
178 I 146716410 1496 
179 I 146726705 656 
180 I 147711648 1216 
181 I 148726787 1356 
182 I 149786638 896 
183 I 150934079 1356 
184 I 151125177 1496 
185 I 152267456 1496 
186 I 152289987 1496 
187 I 154146854 1496 
188 I 155271607 1496 
189 I 155293324 1496 
190 I 156338428 1496 
191 I 156360706 1496 
192 I 157493407 1496 
193 I 157516546 1496 
194 I 158657023 1496 
195 I 158679036 1496 
196 I 158701352 1496 
197 I 159716208 1496 
198 I 159738498 1496 
199 I 159742432 252 
200 I 160710066 1496 
201 I 160722748 672 
202 I 162511622 1496 
203 I 166027288 1496 
204 I 167106912 1496 
205 I 167129024 1496 
206 I 168824456 1496 
207 I 169865665 1496 
208 I 169888141 1496 
209 I 171610381 1496 
210 I 175328614 1496 
211 I 176443148 1496 
212 I 176465387 1496 
213 I 177498183 1496 
214 I 177520675 1496 
215 I 178704209 1496 
216 I 179104884 1496 
217 I 179822491 1140 
218 I 181169431 1496 
219 I 182509946 1496 
220 I 182907515 1496 
221 I 186307710 1496 
222 I 187645116 1496 
223 I 187668018 1496 
224 I 189003744 1496 
225 I 191228881 1496 
226 I 192473974 1496 
227 I 192496944 1496 
228 I 194404166 1496 
229 I 195740111 1496 
230 I 195762864 1496 
231 I 197569983 1496 
232 I 201090216 1496 
233 I 202300085 1496 
234 I 202322706 1496 
235 I 203465264 1496 
236 I 203487155 1496 
237 I 204628615 1496 
238 I 204649480 1496 
239 I 205608730 1496 
240 I 205630373 1496 
241 I 205652581 1496 
242 I 207339890 1496 
243 I 208442034 1496 
244 I 208463669 1496 
245 I 209529213 1496 
246 I 209551781 1496 
247 I 210636643 1496 
248 I 210659355 1496 
249 I 212236766 1496 
250 I 213257744 1496 
251 I 213280259 1496 
252 I 214372967 1496 
253 I 214397435 1496 
254 I 215597626 1496 
255 I 217289591 1496 
256 I 218598517 1496 
257 I 218620595 1496 
258 I 219699794 1496 
259 I 219722175 1496 
260 I 220843191 1496 
261 I 222574905 1496 
262 I 223683144 1496 
263 I 223705348 1496 
264 I 224748211 1496 
265 I 224770232 1496 
266 I 225907898 1496 
267 I 225930283 1496 
268 I 227053488 1496 
269 I 227075120 1496 
270 I 227097555 1496 
271 I 228109204 1496 
272 I 228131515 1496 
273 I 228134235 148 
274 I 228445471 1496 
275 I 229255062 1496 
276 I 229277458 1496 
277 I 229292375 936 
278 I 229765069 1496 
279 I 229783432 1216 
280 I 230510668 1496 
281 I 230515971 344 
282 I 230863972 1356 
283 I 230947209 1076 
284 I 232811588 1496 
285 I 233997425 1496 
286 I 234019732 1496 
287 I 234041583 1496 
288 I 234064241 1496 
289 I 235062147 1356 
290 I 235103905 1356 
291 I 235545444 1496 
292 I 235564307 1216 
293 I 236119460 1496 
294 I 236141595 1496 
295 I 236158115 1076 
296 I 236803068 1496 
297 I 236807934 344 
298 I 237123999 1356 
299 I 237156437 1216 
300 I 240307645 1496 
301 I 244988351 1496 
302 I 246202312 1496 
303 I 246224246 1496 
304 I 248105016 1496 
305 I 249151452 1496 
306 I 249174111 1496 
307 I 250402638 1496 
308 I 251166006 1496 
309 I 252223352 1496 
310 I 252245178 1496 
311 I 254220137 1496 
312 I 255388063 1496 
313 I 255410089 1496 
314 I 257164364 1496 
315 I 258407542 1496 
316 I 258429162 1496 
317 I 259502018 1496 
318 I 259523774 1496 
319 I 260666250 1496 
320 I 261323509 1496 
321 I 261806959 524 
322 I 263113583 1496 
323 I 264209990 1496 
324 I 265002256 1496 
325 I 266104760 1496 
326 I 266127296 1496 
327 I 267283525 1496 
328 I 267305778 1496 
329 I 268528305 1496 
330 I 268550426 1496 
331 I 269585441 1496 
332 I 269607793 1496 
333 I 269630079 1496 
334 I 270682968 1496 
335 I 270705479 1496 
336 I 270717373 736 
337 I 271053403 1356 
338 I 271937215 1496 
339 I 272158956 1496 
340 I 273004201 876 
341 I 273226435 1496 
342 I 273241188 936 
343 I 276000553 1496 
344 I 277131531 1377 
345 I 277283239 1496 
346 I 278269469 1496 
347 I 278543330 1496 
348 I 280425524 1496 
349 I 284463676 1496 
350 I 285550651 1496 
351 I 285572862 1496 
352 I 286576131 1496 
353 I 286598629 1496 
354 I 287904541 1496 
355 I 289489397 1496 
356 I 290665231 1496 
357 I 290687215 1496 
358 I 292455708 1496 
359 I 296037339 1496 
360 I 297191485 1496 
361 I 297214549 1496 
362 I 298227291 1496 
363 I 298249303 1496 
