0 I 0 52 
1 I 918501 44 
2 I 1840762 44 
3 I 3732769 44 
4 I 4395936 52 
5 I 5315326 44 
6 I 5625594 44 
7 I 5627261 44 
8 I 5629161 44 
9 I 6416608 44 
10 I 7368267 44 
11 I 7378076 44 
12 I 8329519 44 
13 I 8630181 44 
14 I 9612273 44 
15 I 9621288 44 
16 I 10332670 44 
17 I 26386034 44 
18 I 26387703 44 
19 I 34150887 52 
20 I 35048176 44 
21 I 36961279 44 
22 I 37962369 44 
23 I 46464881 44 
24 I 46474630 44 
25 I 46574901 44 
26 I 48152519 52 
27 I 49128626 44 
28 I 53284525 44 
29 I 53885279 44 
30 I 69417196 44 
31 I 70429111 44 
