0 I 0 580 
1 I 38923 580 
2 I 77966 580 
3 I 116740 580 
4 I 314612 44 
5 I 360279 580 
6 I 398716 580 
7 I 437779 580 
8 I 590538 580 
9 I 722342 580 
10 I 761401 580 
11 I 801331 580 
12 I 1028456 580 
13 I 1068501 580 
14 I 1112425 580 
15 I 1153959 580 
16 I 1373417 580 
17 I 1413459 580 
18 I 1453167 580 
19 I 1587086 580 
20 I 1721404 580 
21 I 1761550 580 
22 I 1799603 580 
23 I 2030342 580 
24 I 2069705 580 
25 I 2109808 580 
26 I 2147751 580 
27 I 2388255 580 
28 I 2426766 580 
29 I 2467878 580 
30 I 2504850 580 
31 I 2615364 44 
32 I 2732641 580 
33 I 2771559 580 
34 I 2810936 580 
35 I 2924900 580 
36 I 3128151 580 
37 I 3206960 580 
38 I 3284885 580 
39 I 3362857 580 
40 I 3562322 580 
41 I 3634168 580 
42 I 3640007 44 
43 I 3679821 580 
44 I 3798912 580 
45 I 3949127 580 
46 I 3987924 580 
47 I 4027348 580 
48 I 4264518 580 
49 I 4303458 580 
50 I 4342798 580 
51 I 4381291 580 
52 I 4654506 580 
53 I 4731737 580 
54 I 4809694 580 
55 I 4888452 580 
56 I 4900486 44 
57 I 5038319 580 
58 I 5158154 580 
59 I 5236376 580 
60 I 5314327 580 
61 I 5523670 580 
62 I 5602154 580 
63 I 5656508 580 
64 I 5695018 580 
65 I 5712617 44 
66 I 5923273 580 
67 I 5961881 580 
68 I 6013060 580 
69 I 6051913 580 
70 I 6111880 44 
71 I 6277038 580 
72 I 6315998 580 
73 I 6366654 580 
74 I 6405678 580 
75 I 6644802 580 
76 I 6682750 580 
77 I 6727488 580 
78 I 6766194 580 
79 I 6882831 44 
80 I 7002904 580 
81 I 7042297 580 
82 I 7083520 580 
83 I 7210131 580 
84 I 7360648 580 
85 I 7398840 580 
86 I 7438436 580 
87 I 7669609 580 
88 I 7707908 580 
89 I 7750500 580 
90 I 7789162 580 
91 I 7914979 44 
92 I 8014340 580 
93 I 8052851 580 
94 I 8100547 580 
95 I 8140489 580 
96 I 8314332 44 
97 I 8353565 580 
98 I 8392115 580 
99 I 8440104 580 
100 I 8478540 580 
101 I 8698030 580 
102 I 8737202 580 
103 I 8775830 580 
104 I 8815780 580 
105 I 9007117 580 
106 I 9085599 580 
107 I 9123975 580 
108 I 9328489 580 
109 I 9367211 580 
110 I 9441965 580 
111 I 9480772 580 
112 I 9655262 580 
113 I 9762909 580 
114 I 9802100 580 
115 I 9928733 580 
116 I 9970123 580 
117 I 10126567 580 
118 I 10165149 580 
119 I 10266838 580 
120 I 10305765 580 
121 I 10426647 580 
122 I 10564072 580 
123 I 10602933 580 
124 I 10642812 580 
125 I 10869672 580 
126 I 10908907 580 
127 I 10947918 580 
128 I 10986883 580 
129 I 11211671 580 
130 I 11250722 580 
131 I 11290282 580 
132 I 11431911 580 
133 I 11559847 580 
134 I 11638330 580 
135 I 11716037 580 
136 I 11896665 580 
137 I 11974410 580 
138 I 11985304 44 
139 I 12064244 580 
140 I 12137570 580 
141 I 12143349 44 
142 I 12272495 580 
143 I 12311645 580 
144 I 12437018 580 
145 I 12476520 580 
146 I 12623516 580 
147 I 12662377 580 
148 I 12755815 580 
149 I 12944197 580 
150 I 12983314 580 
151 I 13022974 580 
152 I 13061263 580 
153 I 13277447 580 
154 I 13316636 580 
155 I 13355811 580 
156 I 13395101 580 
157 I 13511678 44 
158 I 13614109 580 
159 I 13652700 580 
160 I 13697951 580 
161 I 13736761 580 
162 I 13946691 580 
163 I 13985709 580 
164 I 14031146 580 
165 I 14070421 580 
166 I 14244182 580 
167 I 14324590 580 
168 I 14363505 580 
169 I 14526452 580 
170 I 14564260 580 
171 I 14666836 580 
172 I 14705723 580 
173 I 14864315 580 
174 I 14903918 580 
175 I 15006210 580 
176 I 15044885 580 
177 I 15168083 580 
178 I 15311515 580 
179 I 15350554 580 
180 I 15470526 580 
181 I 15509289 580 
182 I 15651136 580 
183 I 15689344 580 
184 I 15783525 580 
185 I 15941463 580 
186 I 15998336 580 
187 I 16037309 580 
188 I 16095445 580 
189 I 16313307 580 
190 I 16353093 580 
191 I 16415551 580 
192 I 16454732 580 
193 I 16511631 44 
194 I 16668216 580 
195 I 16706441 580 
196 I 16751135 580 
197 I 16823287 580 
198 I 17013672 580 
199 I 17051529 580 
200 I 17135549 580 
201 I 17174306 580 
202 I 17312421 44 
203 I 17369113 580 
204 I 17408244 580 
205 I 17459612 580 
206 I 17627625 580 
207 I 17732874 580 
208 I 17771623 580 
209 I 17939505 580 
210 I 17978544 580 
211 I 18095980 580 
212 I 18131185 580 
213 I 18251617 580 
214 I 18404487 580 
215 I 18444678 580 
216 I 18554529 580 
217 I 18593187 580 
218 I 18761254 580 
219 I 18800215 580 
220 I 18916444 580 
221 I 18954090 580 
222 I 19010386 44 
223 I 19127373 580 
224 I 19166463 580 
225 I 19277599 580 
226 I 19316746 580 
227 I 19412807 44 
228 I 19499684 580 
229 I 19538195 580 
230 I 19638381 580 
231 I 19677713 580 
232 I 19811401 44 
233 I 19850653 580 
234 I 19889372 580 
235 I 19991780 580 
236 I 20031768 580 
237 I 20207077 580 
238 I 20246595 580 
239 I 20345873 580 
240 I 20384716 580 
241 I 20513318 580 
242 I 20642271 580 
243 I 20681095 580 
244 I 20816346 580 
245 I 20856231 580 
246 I 20990648 580 
247 I 21029289 580 
248 I 21164767 580 
249 I 21203432 580 
250 I 21341513 580 
251 I 21380974 580 
252 I 21488724 580 
253 I 21662396 580 
254 I 21701302 580 
255 I 21707370 44 
256 I 21815945 580 
257 I 21855879 580 
258 I 22025919 580 
259 I 22064337 580 
260 I 22139339 580 
261 I 22287679 580 
262 I 22397235 580 
263 I 22436717 580 
264 I 22475336 580 
265 I 22715656 580 
266 I 22754270 580 
267 I 22793470 580 
268 I 22832865 580 
269 I 23108927 580 
270 I 23186408 580 
271 I 23265010 580 
272 I 23342764 580 
273 I 23354917 44 
274 I 23540749 580 
275 I 23618477 580 
276 I 23665195 580 
277 I 23704294 580 
278 I 24021774 580 
279 I 24061319 580 
280 I 24100641 580 
281 I 24139304 580 
282 I 24144690 44 
283 I 24398544 580 
284 I 24436739 580 
285 I 24475053 580 
286 I 24514185 580 
287 I 24747928 580 
288 I 24786751 580 
289 I 24826008 580 
290 I 24984907 580 
291 I 25099462 580 
292 I 25138184 580 
293 I 25176646 580 
294 I 25410940 580 
295 I 25450152 580 
296 I 25491918 580 
297 I 25531420 580 
298 I 25611668 44 
299 I 25756282 580 
300 I 25795266 580 
301 I 25845715 580 
302 I 25884799 580 
303 I 26011038 44 
304 I 26138106 580 
305 I 26215977 580 
306 I 26294046 580 
307 I 26372214 580 
308 I 26420264 44 
309 I 26563757 580 
310 I 26637426 580 
311 I 26675858 580 
312 I 26714255 580 
313 I 26809826 44 
314 I 26930465 580 
315 I 26969199 580 
316 I 27014397 580 
317 I 27054090 580 
318 I 27264244 580 
319 I 27302188 580 
320 I 27350309 580 
321 I 27389728 580 
322 I 27633665 580 
323 I 27711445 580 
324 I 27790087 580 
325 I 27922303 580 
326 I 28055031 580 
327 I 28131429 580 
328 I 28143592 44 
329 I 28182624 580 
330 I 28354179 580 
331 I 28392605 580 
332 I 28477052 580 
333 I 28520158 580 
334 I 28612113 44 
335 I 28693489 580 
336 I 28731910 580 
337 I 28819566 580 
338 I 28858498 580 
339 I 29032045 580 
340 I 29070650 580 
341 I 29160745 580 
342 I 29200075 580 
343 I 29329383 580 
344 I 29457698 580 
345 I 29497437 580 
346 I 29620978 580 
347 I 29658916 580 
348 I 29815357 580 
349 I 29853829 580 
350 I 29933426 580 
351 I 30102945 580 
352 I 30159971 580 
353 I 30198878 580 
354 I 30253077 580 
355 I 30475219 580 
356 I 30514000 580 
357 I 30570755 580 
358 I 30610049 580 
359 I 30831761 580 
360 I 30871535 580 
361 I 30933592 580 
362 I 31120235 580 
363 I 31201124 580 
364 I 31240535 580 
365 I 31246098 44 
366 I 31285361 580 
367 I 31519469 580 
368 I 31558381 580 
369 I 31600103 580 
370 I 31638875 580 
371 I 31711749 44 
372 I 31875976 580 
373 I 31915514 580 
374 I 31932463 44 
375 I 31978179 580 
376 I 32017467 580 
377 I 32109441 44 
378 I 32236098 580 
379 I 32274828 580 
380 I 32329093 580 
381 I 32369251 580 
382 I 32508606 44 
383 I 32627461 580 
384 I 32705230 580 
385 I 32783389 580 
386 I 32864802 580 
387 I 32923438 44 
388 I 33071053 580 
389 I 33140514 580 
390 I 33191370 580 
391 I 33231151 580 
392 I 33410486 44 
393 I 33473561 580 
394 I 33512460 580 
395 I 33560587 580 
396 I 33599235 580 
397 I 33716663 44 
398 I 33840582 580 
399 I 33878499 580 
400 I 33917602 580 
401 I 34034301 580 
402 I 34205442 580 
403 I 34244711 580 
404 I 34283796 580 
405 I 34529320 580 
406 I 34594255 580 
407 I 34671927 580 
408 I 34750118 580 
409 I 34761963 44 
410 I 34953808 580 
411 I 35033183 580 
412 I 35109938 580 
413 I 35161183 580 
414 I 35341333 580 
415 I 35380029 580 
416 I 35469805 580 
417 I 35510446 580 
418 I 35607472 44 
419 I 35685943 580 
420 I 35724842 580 
421 I 35809523 580 
422 I 35848144 580 
423 I 36028758 580 
424 I 36066644 580 
425 I 36145315 580 
426 I 36183634 580 
427 I 36364133 580 
428 I 36403478 580 
429 I 36483938 580 
430 I 36523544 580 
431 I 36714942 580 
432 I 36754211 580 
433 I 36793509 580 
434 I 37012622 580 
435 I 37051463 580 
436 I 37090094 580 
437 I 37129714 580 
438 I 37209992 44 
439 I 37353822 580 
440 I 37393139 580 
441 I 37435151 580 
442 I 37473903 580 
443 I 37609157 44 
444 I 37699171 580 
445 I 37739179 580 
446 I 37777156 580 
447 I 37817281 580 
448 I 38008570 44 
449 I 38060069 580 
450 I 38136909 580 
451 I 38215022 580 
452 I 38293176 580 
453 I 38418783 44 
454 I 38497073 580 
455 I 38574910 580 
456 I 38642647 580 
457 I 38681802 580 
458 I 38807325 44 
459 I 38873896 580 
460 I 38912200 580 
461 I 38978839 580 
462 I 39017315 580 
463 I 39224500 580 
464 I 39265320 580 
465 I 39332551 580 
466 I 39371787 580 
467 I 39534660 580 
468 I 39641963 580 
469 I 39680799 580 
470 I 39720318 580 
471 I 39954009 580 
472 I 39992549 580 
473 I 40031367 580 
474 I 40070325 580 
475 I 40299224 580 
476 I 40337192 580 
477 I 40382604 580 
478 I 40421553 580 
479 I 40640654 580 
480 I 40679717 580 
481 I 40718203 580 
482 I 40859477 580 
483 I 40979765 580 
484 I 41018592 580 
485 I 41058220 580 
486 I 41288542 580 
487 I 41327469 580 
488 I 41366369 580 
489 I 41405599 580 
490 I 41633114 580 
491 I 41672432 580 
492 I 41714402 580 
493 I 41754647 580 
494 I 41807623 44 
495 I 41984410 580 
496 I 42025288 580 
497 I 42065261 580 
498 I 42108035 580 
499 I 42374326 580 
500 I 42413480 580 
501 I 42452985 580 
502 I 42491574 580 
503 I 42726973 580 
504 I 42766304 580 
505 I 42804088 580 
506 I 42953557 580 
507 I 43094349 580 
508 I 43173272 580 
509 I 43262595 580 
510 I 43401173 580 
511 I 43496315 580 
512 I 43622196 580 
513 I 43700561 580 
514 I 43718257 44 
515 I 43838334 580 
516 I 43916570 580 
517 I 44042267 580 
518 I 44120304 580 
519 I 44131998 44 
520 I 44217627 580 
521 I 44255110 580 
522 I 44416852 580 
523 I 44456325 580 
524 I 44507119 44 
525 I 44559338 580 
526 I 44597264 580 
527 I 44754265 580 
528 I 44792881 580 
529 I 44892026 580 
530 I 44930348 580 
531 I 45100956 580 
532 I 45140839 580 
533 I 45188242 580 
534 I 45371617 580 
535 I 45439870 580 
536 I 45479328 580 
537 I 45674384 580 
538 I 45713961 580 
539 I 45752674 580 
540 I 45791541 580 
541 I 46022539 580 
542 I 46063083 580 
543 I 46100074 580 
544 I 46139350 580 
545 I 46376029 580 
546 I 46414975 580 
547 I 46454178 580 
548 I 46600975 580 
549 I 46730826 580 
550 I 46770658 580 
551 I 46808267 580 
552 I 47064853 580 
553 I 47142142 580 
554 I 47221454 580 
555 I 47297934 580 
556 I 47496251 580 
557 I 47573950 580 
558 I 47640969 580 
559 I 47680169 580 
560 I 47707142 44 
561 I 47887055 580 
562 I 47925783 580 
563 I 47991921 580 
564 I 48031025 580 
565 I 48105654 44 
566 I 48241019 580 
567 I 48279639 580 
568 I 48342873 580 
569 I 48381781 580 
570 I 48508244 44 
571 I 48638423 580 
572 I 48715552 580 
573 I 48793724 580 
574 I 48871777 580 
575 I 49063729 580 
576 I 49136249 580 
577 I 49178148 580 
578 I 49316621 580 
579 I 49455192 580 
580 I 49493227 580 
581 I 49532668 580 
582 I 49775346 580 
583 I 49814686 580 
584 I 49862374 580 
585 I 49901396 580 
586 I 50009046 44 
587 I 50181436 580 
588 I 50259702 580 
589 I 50337294 580 
590 I 50415609 580 
591 I 50427588 44 
592 I 50625425 580 
593 I 50703472 580 
594 I 50793217 580 
595 I 50871807 580 
596 I 50913332 44 
597 I 51075778 580 
598 I 51153990 580 
599 I 51255256 580 
600 I 51334347 580 
601 I 51417026 44 
602 I 51537732 580 
603 I 51615404 580 
604 I 51663920 580 
605 I 51702807 580 
606 I 51937119 580 
607 I 51978188 580 
608 I 52024582 580 
609 I 52063847 580 
610 I 52297595 580 
611 I 52335677 580 
612 I 52374917 580 
613 I 52522527 580 
614 I 52649969 580 
615 I 52686869 580 
616 I 52725908 580 
617 I 52963653 580 
618 I 53001882 580 
619 I 53041681 580 
620 I 53079761 580 
621 I 53209078 44 
622 I 53323209 580 
623 I 53362497 580 
624 I 53404756 580 
625 I 53442868 580 
626 I 53608648 44 
627 I 53698159 580 
628 I 53736698 580 
629 I 53779155 580 
630 I 53817762 580 
631 I 54105451 580 
632 I 54184062 580 
633 I 54262155 580 
634 I 54339561 580 
635 I 54483302 580 
636 I 54633482 580 
637 I 54712236 580 
638 I 54862284 580 
639 I 54939277 580 
640 I 55077389 580 
641 I 55156181 580 
642 I 55233491 580 
643 I 55443140 580 
644 I 55521740 580 
645 I 55599407 580 
646 I 55655712 580 
647 I 55844241 580 
648 I 55882753 580 
649 I 55922274 580 
650 I 56156207 580 
651 I 56210029 580 
652 I 56249629 580 
653 I 56288149 580 
654 I 56535112 580 
655 I 56572661 580 
656 I 56611912 580 
657 I 56651058 580 
658 I 56708177 44 
659 I 56883083 580 
660 I 56920737 580 
661 I 56963486 580 
662 I 57001742 580 
663 I 57107339 44 
664 I 57241939 580 
665 I 57280993 580 
666 I 57323165 580 
667 I 57361915 580 
668 I 57505581 44 
669 I 57641881 580 
670 I 57719798 580 
671 I 57798225 580 
672 I 57875991 580 
673 I 57917390 44 
674 I 58080115 580 
675 I 58158465 580 
676 I 58236113 580 
677 I 58314543 580 
678 I 58325316 44 
679 I 58524034 580 
680 I 58602353 580 
681 I 58663973 580 
682 I 58702787 580 
683 I 58933630 580 
684 I 58972798 580 
685 I 59012250 580 
686 I 59155791 580 
687 I 59293785 580 
688 I 59332767 580 
689 I 59371618 580 
690 I 59677679 580 
691 I 59755993 580 
692 I 59833837 580 
693 I 59911798 580 
694 I 59923493 44 
695 I 60140322 580 
696 I 60217774 580 
697 I 60296373 580 
698 I 60373699 580 
699 I 60415498 44 
700 I 60589549 580 
701 I 60668040 580 
702 I 60757583 580 
703 I 60836316 580 
704 I 61027315 580 
705 I 61106412 580 
706 I 61160995 580 
707 I 61200267 580 
708 I 61308660 44 
709 I 61428196 580 
710 I 61467081 580 
711 I 61520700 580 
712 I 61560132 580 
713 I 61706978 44 
714 I 61785331 580 
715 I 61824359 580 
716 I 61875403 580 
717 I 61914072 580 
718 I 62144714 580 
719 I 62184403 580 
720 I 62223626 580 
721 I 62352195 580 
722 I 62493045 580 
723 I 62531972 580 
724 I 62572076 580 
725 I 62807978 580 
726 I 62846837 580 
727 I 62885818 580 
728 I 62925082 580 
729 I 63005515 44 
730 I 63171185 580 
731 I 63210779 580 
732 I 63249170 580 
733 I 63288044 580 
734 I 63408051 44 
735 I 63528240 580 
736 I 63567139 580 
737 I 63608944 580 
738 I 63648314 580 
739 I 63807006 44 
740 I 63894220 580 
741 I 63932893 580 
742 I 63972384 580 
743 I 64012129 580 
744 I 64242279 580 
745 I 64280810 580 
746 I 64320262 580 
747 I 64358975 580 
748 I 64550301 580 
749 I 64669901 580 
750 I 64748339 580 
751 I 64891968 580 
752 I 64970988 580 
753 I 65096448 580 
754 I 65152336 580 
755 I 65200727 580 
756 I 65402163 580 
757 I 65440800 580 
758 I 65516441 580 
759 I 65555102 580 
760 I 65752654 580 
761 I 65792081 580 
762 I 65830194 580 
763 I 65971259 580 
764 I 66100272 580 
765 I 66139161 580 
766 I 66179657 580 
767 I 66415388 580 
768 I 66455438 580 
769 I 66493974 580 
770 I 66532608 580 
771 I 66787435 580 
772 I 66826661 580 
773 I 66866859 580 
774 I 66904571 580 
775 I 67006894 44 
776 I 67192143 580 
777 I 67269955 580 
778 I 67347935 580 
779 I 67426416 580 
780 I 67558512 580 
781 I 67707581 580 
782 I 67786173 580 
783 I 67923922 580 
784 I 68002818 580 
785 I 68151826 580 
786 I 68230763 580 
787 I 68308004 580 
788 I 68518247 580 
789 I 68595722 580 
790 I 68651751 580 
791 I 68690515 580 
792 I 68909941 580 
793 I 68949579 580 
794 I 68988317 580 
795 I 69206686 580 
796 I 69269161 580 
797 I 69308658 580 
798 I 69348542 580 
799 I 69533333 580 
800 I 69638533 580 
801 I 69677513 580 
802 I 69830867 580 
803 I 69871321 580 
804 I 70016621 580 
805 I 70055841 580 
806 I 70202825 580 
807 I 70241587 580 
808 I 70382756 580 
809 I 70421419 580 
810 I 70568579 580 
811 I 70607376 580 
812 I 70754246 580 
813 I 70793636 580 
814 I 70898367 580 
815 I 71084696 580 
816 I 71123593 580 
817 I 71219650 580 
818 I 71258812 580 
819 I 71438273 580 
820 I 71477420 580 
821 I 71546648 580 
822 I 71585854 580 
823 I 71778440 580 
824 I 71816469 580 
825 I 71889067 580 
826 I 71930289 580 
827 I 72125539 580 
828 I 72164284 580 
829 I 72209240 580 
830 I 72419862 580 
831 I 72459342 580 
832 I 72518318 580 
833 I 72731970 580 
834 I 72770778 580 
835 I 72839524 580 
836 I 72878263 580 
837 I 73145403 580 
838 I 73223478 580 
839 I 73301655 580 
840 I 73379512 580 
841 I 73421533 44 
842 I 73601741 580 
843 I 73680107 580 
844 I 73763665 580 
845 I 73841731 580 
846 I 73979442 580 
847 I 74135713 580 
848 I 74213509 580 
849 I 74339500 580 
850 I 74417480 580 
851 I 74430745 44 
852 I 74507742 580 
853 I 74739453 580 
854 I 74778573 580 
855 I 74817913 580 
856 I 74937242 580 
857 I 75090666 580 
858 I 75129807 580 
859 I 75169180 580 
860 I 75417309 580 
861 I 75456338 580 
862 I 75516938 580 
863 I 75555549 580 
864 I 75783839 580 
865 I 75822563 580 
866 I 75864482 580 
867 I 76072785 580 
868 I 76192072 580 
869 I 76271353 580 
870 I 76348377 580 
871 I 76667134 580 
872 I 76705942 580 
873 I 76711596 44 
874 I 76751342 580 
875 I 76790567 580 
876 I 76807895 44 
877 I 77020951 580 
878 I 77061098 580 
879 I 77105083 580 
880 I 77144010 580 
881 I 77208146 44 
882 I 77377908 580 
883 I 77416733 580 
884 I 77519074 580 
885 I 77558394 580 
886 I 77730712 580 
887 I 77767752 580 
888 I 77893915 580 
889 I 78079940 580 
890 I 78119335 580 
891 I 78158615 580 
892 I 78222112 580 
893 I 78436797 580 
894 I 78476196 580 
895 I 78542291 580 
896 I 78582190 580 
897 I 78707137 44 
898 I 78797247 580 
899 I 78836131 580 
900 I 78902155 580 
901 I 78940847 580 
902 I 79112331 44 
903 I 79154557 580 
904 I 79193114 580 
905 I 79321747 580 
906 I 79361235 580 
907 I 79513826 580 
908 I 79553297 580 
909 I 79690886 580 
910 I 79730326 580 
911 I 80021058 580 
912 I 80059900 580 
913 I 80099127 580 
914 I 80187692 580 
915 I 80350972 580 
916 I 80425829 580 
917 I 80465385 580 
918 I 80677945 580 
919 I 80750169 580 
920 I 80789477 580 
921 I 80989739 580 
922 I 81029384 580 
923 I 81109889 580 
924 I 81149121 580 
925 I 81350218 580 
926 I 81389105 580 
927 I 81472713 580 
928 I 81513187 580 
929 I 81680113 580 
930 I 81803196 580 
931 I 81842304 580 
932 I 81994836 580 
933 I 82033730 580 
934 I 82180855 580 
935 I 82220394 580 
936 I 82370174 580 
937 I 82409208 580 
938 I 82520125 580 
939 I 82706137 580 
940 I 82757455 580 
941 I 82796476 580 
942 I 82907446 44 
943 I 82990848 580 
944 I 83090290 580 
945 I 83129673 580 
946 I 83228231 580 
947 I 83423237 580 
948 I 83461994 580 
949 I 83555226 580 
950 I 83594410 580 
951 I 83793683 580 
952 I 83831216 580 
953 I 83930145 580 
954 I 83969154 580 
955 I 84005026 44 
956 I 84164086 580 
957 I 84203647 580 
958 I 84313983 580 
959 I 84352889 580 
960 I 84503336 580 
961 I 84643923 580 
962 I 84683262 580 
963 I 84722671 580 
964 I 84977096 580 
965 I 85016311 580 
966 I 85055017 580 
967 I 85094053 580 
968 I 85354805 580 
969 I 85394035 580 
970 I 85434217 580 
971 I 85595380 580 
972 I 85724003 580 
973 I 85763074 580 
974 I 85802233 580 
975 I 86092608 580 
976 I 86170527 580 
977 I 86248984 580 
978 I 86326669 580 
979 I 86338240 44 
980 I 86542825 580 
981 I 86621370 580 
982 I 86665541 580 
983 I 86703280 580 
984 I 86958369 580 
985 I 86997597 580 
986 I 87045470 580 
987 I 87084994 580 
988 I 87342515 580 
989 I 87381602 580 
990 I 87465363 580 
991 I 87504440 580 
992 I 87732373 580 
993 I 87771533 580 
994 I 87855780 580 
995 I 87894588 580 
996 I 88155345 580 
997 I 88233113 580 
998 I 88311800 580 
999 I 88472861 580 
1000 I 88629168 580 
1001 I 88707044 580 
1002 I 88844739 580 
1003 I 88923422 580 
1004 I 89067084 580 
1005 I 89144942 580 
1006 I 89235219 580 
1007 I 89426709 580 
1008 I 89504907 580 
1009 I 89594701 580 
1010 I 89653062 580 
1011 I 89719438 44 
1012 I 89828176 580 
1013 I 89866119 580 
1014 I 89977661 580 
1015 I 90016216 580 
1016 I 90118067 44 
1017 I 90184158 580 
1018 I 90223082 580 
1019 I 90341473 580 
1020 I 90379269 580 
1021 I 90517308 44 
1022 I 90573952 580 
1023 I 90651905 580 
1024 I 90742563 580 
1025 I 90820980 580 
1026 I 90939924 44 
1027 I 91018306 580 
1028 I 91096224 580 
1029 I 91158413 580 
1030 I 91196784 580 
1031 I 91415884 580 
1032 I 91455094 580 
1033 I 91493478 580 
1034 I 91625936 580 
1035 I 91775672 580 
1036 I 91814969 580 
1037 I 91853692 580 
1038 I 92147689 580 
1039 I 92225241 580 
1040 I 92304171 580 
1041 I 92381882 580 
1042 I 92405466 44 
1043 I 92713595 580 
1044 I 92752620 580 
1045 I 92791133 580 
1046 I 92831612 580 
1047 I 93064216 580 
1048 I 93103016 580 
1049 I 93148741 580 
1050 I 93188098 580 
1051 I 93318975 44 
1052 I 93430296 580 
1053 I 93469255 580 
1054 I 93518536 580 
1055 I 93556545 580 
1056 I 93717943 44 
1057 I 93799739 580 
1058 I 93838490 580 
1059 I 93893680 580 
1060 I 93931108 580 
1061 I 94171145 580 
1062 I 94210211 580 
1063 I 94264560 580 
1064 I 94303376 580 
1065 I 94537551 580 
1066 I 94615333 580 
1067 I 94693399 580 
1068 I 94783857 580 
1069 I 94993695 580 
1070 I 95071389 580 
1071 I 95138529 580 
1072 I 95248081 580 
1073 I 95388642 580 
1074 I 95426636 580 
1075 I 95432421 44 
1076 I 95472149 580 
1077 I 95702953 580 
1078 I 95742187 580 
1079 I 95783735 580 
1080 I 95822405 580 
1081 I 95918560 44 
1082 I 96092870 580 
1083 I 96171536 580 
1084 I 96249142 580 
1085 I 96327803 580 
1086 I 96338562 44 
1087 I 96537119 580 
1088 I 96615322 580 
1089 I 96662263 580 
1090 I 96700417 580 
1091 I 96949186 580 
1092 I 96988642 580 
1093 I 97042592 580 
1094 I 97081343 580 
1095 I 97117149 44 
1096 I 97330856 580 
1097 I 97369444 580 
1098 I 97420634 580 
1099 I 97460101 580 
1100 I 97699145 580 
1101 I 97739574 580 
1102 I 97777032 580 
1103 I 97816177 580 
1104 I 98120044 580 
1105 I 98199744 580 
1106 I 98275745 580 
1107 I 98354533 580 
1108 I 98582396 580 
1109 I 98659896 580 
1110 I 98672505 44 
1111 I 98750215 580 
1112 I 98935712 580 
1113 I 99056326 580 
1114 I 99134351 580 
1115 I 99212077 580 
1116 I 99452194 580 
1117 I 99530113 580 
1118 I 99608239 580 
1119 I 99656451 580 
1120 I 99716231 44 
1121 I 99884922 580 
1122 I 99923601 580 
1123 I 99986669 580 
1124 I 100064590 580 
1125 I 100268778 580 
1126 I 100308689 580 
1127 I 100413073 580 
1128 I 100451533 580 
1129 I 100517410 44 
1130 I 100655712 580 
1131 I 100694836 580 
1132 I 100787510 580 
1133 I 100826485 580 
1134 I 100916454 44 
1135 I 101036665 580 
1136 I 101075579 580 
1137 I 101172209 580 
1138 I 101213527 580 
1139 I 101409321 580 
1140 I 101447452 580 
1141 I 101510504 580 
1142 I 101685303 580 
1143 I 101784092 580 
1144 I 101822507 580 
1145 I 101862008 580 
1146 I 102170024 580 
1147 I 102248009 580 
1148 I 102326122 580 
1149 I 102404760 580 
1150 I 102415710 44 
1151 I 102644348 580 
1152 I 102722496 580 
1153 I 102799832 580 
1154 I 102878344 580 
1155 I 103111839 580 
1156 I 103189892 580 
1157 I 103268176 580 
1158 I 103345974 580 
1159 I 103358195 44 
1160 I 103556253 580 
1161 I 103633205 580 
1162 I 103677700 580 
1163 I 103716635 580 
1164 I 103818869 44 
1165 I 103962516 580 
1166 I 104001577 580 
1167 I 104043655 580 
1168 I 104082499 580 
1169 I 104217768 44 
1170 I 104325377 580 
1171 I 104364880 580 
1172 I 104407093 580 
1173 I 104446679 580 
1174 I 104688475 580 
1175 I 104727707 580 
1176 I 104766578 580 
1177 I 104877601 580 
1178 I 105036249 580 
1179 I 105075371 580 
1180 I 105115638 580 
1181 I 105358020 580 
1182 I 105396447 580 
1183 I 105441935 580 
1184 I 105480811 580 
1185 I 105516627 44 
1186 I 105714545 580 
1187 I 105753559 580 
1188 I 105802725 580 
1189 I 105840412 580 
1190 I 105915239 44 
1191 I 106111233 580 
1192 I 106189453 580 
1193 I 106267375 580 
1194 I 106346053 580 
1195 I 106357040 44 
1196 I 106556037 580 
1197 I 106633686 580 
1198 I 106679080 580 
1199 I 106718827 580 
1200 I 106816487 44 
1201 I 106979013 580 
1202 I 107017912 580 
1203 I 107066076 580 
1204 I 107105287 580 
1205 I 107215503 44 
1206 I 107363725 580 
1207 I 107401707 580 
1208 I 107449913 580 
1209 I 107488687 580 
1210 I 107746506 580 
1211 I 107785680 580 
1212 I 107833625 580 
1213 I 107872753 580 
1214 I 108168243 580 
1215 I 108246037 580 
1216 I 108324568 580 
1217 I 108402022 580 
1218 I 108624433 580 
1219 I 108702168 580 
1220 I 108780210 580 
1221 I 108978043 580 
1222 I 109080366 580 
1223 I 109158337 580 
1224 I 109236200 580 
1225 I 109458292 580 
1226 I 109535909 580 
1227 I 109615076 580 
1228 I 109662411 580 
1229 I 109715768 44 
1230 I 109877834 580 
1231 I 109917584 580 
1232 I 109997550 580 
1233 I 110037011 580 
1234 I 110216593 44 
1235 I 110261741 580 
1236 I 110300721 580 
1237 I 110383100 580 
1238 I 110420684 580 
1239 I 110637487 580 
1240 I 110676255 580 
1241 I 110760065 580 
1242 I 110799230 580 
1243 I 110981648 580 
1244 I 111108382 580 
1245 I 111147108 580 
1246 I 111185775 580 
1247 I 111455886 580 
1248 I 111504895 580 
1249 I 111542620 580 
1250 I 111582046 580 
1251 I 111851952 580 
1252 I 111890604 580 
1253 I 111931865 580 
1254 I 111968660 580 
1255 I 112220695 580 
1256 I 112259919 580 
1257 I 112300303 580 
1258 I 112439898 580 
1259 I 112629220 580 
1260 I 112707081 580 
1261 I 112784993 580 
1262 I 112989104 580 
1263 I 113073524 580 
1264 I 113140369 580 
1265 I 113179399 580 
1266 I 113392496 580 
1267 I 113431709 580 
1268 I 113497406 580 
1269 I 113536365 580 
1270 I 113616943 44 
1271 I 113752591 580 
1272 I 113791221 580 
1273 I 113857577 580 
1274 I 113897226 580 
1275 I 114016486 44 
1276 I 114116080 580 
1277 I 114154045 580 
1278 I 114220768 580 
1279 I 114259572 580 
1280 I 114481042 580 
1281 I 114520340 580 
1282 I 114559149 580 
1283 I 114759948 580 
1284 I 114850328 580 
1285 I 114889174 580 
1286 I 114927933 580 
1287 I 115174119 580 
1288 I 115213613 580 
1289 I 115252186 580 
1290 I 115291266 580 
1291 I 115414044 44 
1292 I 115525095 580 
1293 I 115564647 580 
1294 I 115603242 580 
1295 I 115642285 580 
1296 I 115898914 580 
1297 I 115936551 580 
1298 I 115975280 580 
1299 I 116014607 580 
1300 I 116212208 580 
1301 I 116294175 580 
1302 I 116333343 580 
1303 I 116452679 580 
1304 I 116527681 580 
1305 I 116641203 580 
1306 I 116680004 580 
1307 I 116849207 580 
1308 I 116887345 580 
1309 I 116986489 580 
1310 I 117025413 580 
1311 I 117147991 580 
1312 I 117289196 580 
1313 I 117328663 580 
1314 I 117446049 580 
1315 I 117484434 580 
1316 I 117628215 580 
1317 I 117667987 580 
1318 I 117755300 580 
1319 I 117932121 580 
1320 I 117970718 580 
1321 I 118055686 580 
1322 I 118093623 580 
1323 I 118147262 44 
1324 I 118277201 580 
1325 I 118315039 580 
1326 I 118396619 580 
1327 I 118436446 580 
1328 I 118545916 44 
1329 I 118621145 580 
1330 I 118660145 580 
1331 I 118759483 580 
1332 I 118799968 580 
1333 I 118972417 580 
1334 I 119012157 580 
1335 I 119116467 580 
1336 I 119155582 580 
1337 I 119299106 580 
1338 I 119416848 580 
1339 I 119455275 580 
1340 I 119581702 580 
1341 I 119620354 580 
1342 I 119773476 580 
1343 I 119812263 580 
1344 I 119959144 580 
1345 I 119999131 580 
1346 I 120131221 580 
1347 I 120169631 580 
1348 I 120297969 580 
1349 I 120446198 580 
1350 I 120484306 580 
1351 I 120583011 580 
1352 I 120757246 580 
1353 I 120796542 580 
1354 I 120892349 580 
1355 I 120931620 580 
1356 I 121045984 44 
1357 I 121219358 580 
1358 I 121258612 580 
1359 I 121303931 580 
1360 I 121342410 580 
1361 I 121462066 44 
1362 I 121567303 580 
1363 I 121606074 580 
1364 I 121647457 580 
1365 I 121673677 580 
1366 I 121872957 44 
1367 I 121897287 580 
1368 I 121923422 580 
1369 I 121969708 580 
1370 I 121995320 580 
1371 I 122217225 580 
1372 I 122242983 580 
1373 I 122287475 580 
1374 I 122312969 580 
1375 I 122511572 580 
1376 I 122573473 580 
1377 I 122599980 580 
1378 I 122787986 580 
1379 I 122812909 580 
1380 I 122903132 580 
1381 I 122930316 580 
1382 I 123112899 580 
1383 I 123139919 580 
1384 I 123228050 580 
1385 I 123253420 580 
1386 I 123344882 44 
1387 I 123413366 580 
1388 I 123531934 580 
1389 I 123566937 580 
1390 I 123695534 580 
1391 I 123872749 580 
1392 I 123911351 580 
1393 I 124014037 580 
1394 I 124052963 580 
1395 I 124238625 580 
1396 I 124277402 580 
1397 I 124379512 580 
1398 I 124418400 580 
1399 I 124545182 44 
1400 I 124601539 580 
1401 I 124640800 580 
1402 I 124712501 580 
1403 I 124865592 580 
1404 I 124961579 580 
1405 I 125000748 580 
1406 I 125180871 580 
1407 I 125219254 580 
1408 I 125312538 580 
1409 I 125352501 580 
1410 I 125513535 580 
1411 I 125630231 580 
1412 I 125669763 580 
1413 I 125813637 580 
1414 I 125948444 580 
1415 I 125987504 580 
1416 I 126044402 44 
1417 I 126113901 580 
1418 I 126263720 580 
1419 I 126302456 580 
1420 I 126341875 580 
1421 I 126347563 44 
1422 I 126598530 580 
1423 I 126676182 580 
1424 I 126939719 580 
1425 I 127017763 580 
1426 I 127095592 580 
1427 I 127150661 580 
1428 I 127189965 580 
1429 I 127258210 580 
1430 I 127421331 580 
1431 I 127470027 580 
1432 I 127513571 568 
1433 I 127782786 580 
1434 I 127819428 580 
1435 I 127858086 580 
1436 I 127897136 580 
1437 I 128101534 568 
1438 I 128173481 580 
1439 I 128335036 580 
1440 I 128419744 580 
1441 I 128488288 580 
1442 I 128768401 580 
1443 I 128846560 580 
1444 I 128972541 580 
1445 I 129123792 580 
1446 I 129200949 580 
1447 I 129332462 580 
1448 I 129410666 580 
1449 I 129560657 580 
1450 I 129638359 580 
1451 I 129770879 580 
1452 I 129848919 580 
1453 I 130010289 580 
1454 I 130088947 580 
1455 I 130100359 44 
1456 I 130214779 580 
1457 I 130292752 580 
1458 I 130448843 580 
1459 I 130526707 580 
1460 I 130654195 580 
1461 I 130713786 580 
1462 I 130776888 580 
1463 I 130980206 580 
1464 I 131019852 580 
1465 I 131103523 580 
1466 I 131144828 580 
1467 I 131244176 44 
1468 I 131340582 580 
1469 I 131380258 580 
1470 I 131460309 580 
1471 I 131499950 580 
1472 I 131643316 44 
1473 I 131701039 580 
1474 I 131739663 580 
1475 I 131814619 580 
1476 I 131853421 580 
1477 I 132051478 580 
1478 I 132090650 580 
1479 I 132165471 580 
1480 I 132204293 580 
1481 I 132370085 580 
1482 I 132480447 580 
1483 I 132519631 580 
1484 I 132646145 580 
1485 I 132690844 580 
1486 I 132841025 580 
1487 I 132879476 580 
1488 I 133111305 580 
1489 I 133149440 580 
1490 I 133194824 580 
1491 I 133233392 580 
1492 I 133425819 580 
1493 I 133521727 580 
1494 I 133561160 580 
1495 I 133755971 580 
1496 I 133794444 580 
1497 I 133876093 580 
1498 I 133914610 580 
1499 I 134023380 44 
1500 I 134118382 580 
1501 I 134157897 580 
1502 I 134241579 580 
1503 I 134364693 580 
1504 I 134493937 580 
1505 I 134533691 580 
1506 I 134700321 580 
1507 I 134739755 580 
1508 I 134832461 580 
1509 I 134970712 580 
1510 I 135073032 580 
1511 I 135111373 580 
1512 I 135171871 580 
1513 I 135391367 580 
1514 I 135429483 580 
1515 I 135483824 580 
1516 I 135522717 580 
1517 I 135642512 44 
1518 I 135741759 580 
1519 I 135780261 580 
1520 I 135831269 580 
1521 I 135871483 580 
1522 I 135942467 44 
1523 I 136101542 580 
1524 I 136142489 580 
1525 I 136191670 580 
1526 I 136231324 580 
1527 I 136344508 44 
1528 I 136473720 580 
1529 I 136512596 580 
1530 I 136554372 580 
1531 I 136593333 580 
1532 I 136831711 580 
1533 I 136871191 580 
1534 I 136908370 580 
1535 I 137073738 580 
1536 I 137199744 580 
1537 I 137238824 580 
1538 I 137277512 580 
1539 I 137520696 580 
1540 I 137559931 580 
1541 I 137598587 580 
1542 I 137637671 580 
1543 I 137742366 44 
1544 I 137871796 580 
1545 I 137911100 580 
1546 I 137958446 580 
1547 I 137997809 580 
1548 I 138144089 44 
1549 I 138232294 580 
1550 I 138270449 580 
1551 I 138310127 580 
1552 I 138348528 580 
1553 I 138576465 580 
1554 I 138615763 580 
1555 I 138658043 580 
1556 I 138696632 580 
1557 I 138891680 580 
1558 I 138966904 580 
1559 I 139006114 580 
1560 I 139176630 580 
1561 I 139215412 580 
1562 I 139317685 580 
1563 I 139357391 580 
1564 I 139485166 580 
1565 I 139632754 580 
1566 I 139671394 580 
1567 I 139770946 580 
1568 I 139809570 580 
1569 I 139992618 580 
1570 I 140031349 580 
1571 I 140127433 580 
1572 I 140167121 580 
1573 I 140353093 580 
1574 I 140391349 580 
1575 I 140445997 580 
1576 I 140595515 580 
1577 I 140718319 580 
1578 I 140758076 580 
1579 I 140797155 580 
1580 I 141045537 580 
1581 I 141084576 580 
1582 I 141123825 580 
1583 I 141162498 580 
1584 I 141400104 580 
1585 I 141439112 580 
1586 I 141480988 580 
1587 I 141519364 580 
1588 I 141642530 44 
1589 I 141769102 580 
1590 I 141808368 580 
1591 I 141814057 44 
1592 I 141852508 580 
1593 I 141891563 580 
1594 I 142045116 44 
1595 I 142170121 580 
1596 I 142247228 580 
1597 I 142325768 580 
1598 I 142404203 580 
1599 I 142468407 44 
1600 I 142613266 580 
1601 I 142691426 580 
1602 I 142733824 580 
1603 I 142774244 580 
1604 I 143036583 580 
1605 I 143075757 580 
1606 I 143114706 580 
1607 I 143226229 580 
1608 I 143414483 580 
1609 I 143453835 580 
1610 I 143492892 580 
1611 I 143738605 580 
1612 I 143800324 580 
1613 I 143838118 580 
1614 I 143877246 580 
1615 I 144184468 580 
1616 I 144263433 580 
1617 I 144340384 580 
1618 I 144418791 580 
1619 I 144430760 44 
1620 I 144622485 580 
1621 I 144698171 580 
1622 I 144703012 44 
1623 I 144745242 580 
1624 I 144784398 580 
1625 I 144842691 44 
1626 I 145011830 580 
1627 I 145038482 580 
1628 I 145105010 580 
1629 I 145131985 580 
1630 I 145238979 44 
1631 I 145363169 580 
1632 I 145389423 580 
1633 I 145457796 580 
1634 I 145483188 580 
1635 I 145735492 580 
1636 I 145773530 580 
1637 I 145824717 580 
1638 I 145863730 580 
1639 I 146010676 44 
1640 I 146127052 580 
1641 I 146204775 580 
1642 I 146282917 580 
1643 I 146391291 580 
1644 I 146583347 580 
1645 I 146662692 580 
1646 I 146739424 580 
1647 I 146888950 580 
1648 I 147057470 580 
1649 I 147135452 580 
1650 I 147147225 44 
1651 I 147211130 580 
1652 I 147372534 580 
1653 I 147480754 580 
1654 I 147520451 580 
1655 I 147559113 580 
1656 I 147817129 580 
1657 I 147857539 580 
1658 I 147894947 580 
1659 I 147933999 580 
1660 I 148041478 44 
1661 I 148228403 580 
1662 I 148306773 580 
1663 I 148384513 580 
1664 I 148462482 580 
1665 I 148475383 44 
1666 I 148684564 580 
1667 I 148762373 580 
1668 I 148858495 580 
1669 I 148936253 580 
1670 I 148948396 44 
1671 I 149105293 580 
1672 I 149144873 580 
1673 I 149287805 580 
1674 I 149327114 580 
1675 I 149498351 580 
1676 I 149537712 580 
1677 I 149624314 580 
1678 I 149663257 580 
1679 I 149870093 580 
1680 I 149910174 580 
1681 I 149996519 580 
1682 I 150035631 580 
1683 I 150233045 580 
1684 I 150272248 580 
1685 I 150323326 580 
1686 I 150566068 580 
1687 I 150605704 580 
1688 I 150652790 580 
1689 I 150692019 580 
1690 I 150742498 44 
1691 I 150932427 580 
1692 I 150970974 580 
1693 I 151013187 580 
1694 I 151051944 580 
1695 I 151142269 44 
1696 I 151289008 580 
1697 I 151328351 580 
1698 I 151366912 580 
1699 I 151405939 580 
1700 I 151540604 44 
1701 I 151686902 580 
1702 I 151765178 580 
1703 I 151843033 580 
1704 I 151920973 580 
1705 I 151950809 44 
1706 I 152125703 580 
1707 I 152203137 580 
1708 I 152281443 580 
1709 I 152358925 580 
1710 I 152370542 44 
1711 I 152568938 580 
1712 I 152646987 580 
1713 I 152724983 580 
1714 I 152911036 580 
1715 I 152995328 580 
1716 I 153073137 580 
1717 I 153151808 580 
1718 I 153337991 580 
1719 I 153415056 580 
1720 I 153475009 580 
1721 I 153513232 580 
1722 I 153540255 44 
1723 I 153750315 580 
1724 I 153786788 580 
1725 I 153843375 580 
1726 I 153882677 580 
1727 I 153942180 44 
1728 I 154149258 580 
1729 I 154227549 580 
1730 I 154305664 580 
1731 I 154384251 580 
1732 I 154395672 44 
1733 I 154587812 580 
1734 I 154665500 580 
1735 I 154743545 580 
1736 I 154821592 580 
1737 I 155025820 580 
1738 I 155103724 580 
1739 I 155181413 580 
1740 I 155259449 580 
1741 I 155272779 44 
1742 I 155464199 580 
1743 I 155541855 580 
1744 I 155619522 580 
1745 I 155697504 580 
1746 I 155746500 44 
1747 I 155895551 580 
1748 I 155968530 580 
1749 I 156007419 580 
1750 I 156191152 580 
1751 I 156269308 580 
1752 I 156307807 580 
1753 I 156347187 580 
1754 I 156565877 580 
1755 I 156604577 580 
1756 I 156644314 580 
1757 I 156682671 580 
1758 I 156739636 44 
1759 I 156901833 580 
1760 I 156941254 580 
1761 I 156980834 580 
1762 I 157018701 580 
1763 I 157141290 44 
1764 I 157247029 580 
1765 I 157285566 580 
1766 I 157324605 580 
1767 I 157363342 580 
1768 I 157540364 44 
1769 I 157591568 580 
1770 I 157630267 580 
1771 I 157670260 580 
1772 I 157709721 580 
1773 I 157933977 580 
1774 I 157972497 580 
1775 I 158020493 580 
1776 I 158059933 580 
1777 I 158257812 580 
1778 I 158337029 580 
1779 I 158374701 580 
1780 I 158505073 580 
1781 I 158572809 580 
1782 I 158689724 580 
1783 I 158729169 580 
1784 I 158887419 580 
1785 I 158926346 580 
1786 I 159044883 580 
1787 I 159082640 580 
1788 I 159197113 580 
1789 I 159355700 580 
1790 I 159394394 580 
1791 I 159520570 580 
1792 I 159560464 580 
1793 I 159725352 580 
1794 I 159763856 580 
1795 I 159889660 580 
1796 I 159928756 580 
1797 I 160039636 44 
1798 I 160084807 580 
1799 I 160123846 580 
1800 I 160246755 580 
1801 I 160286009 580 
1802 I 160442814 580 
1803 I 160480345 580 
1804 I 160615327 580 
1805 I 160655088 580 
1806 I 160810149 580 
1807 I 160849663 580 
1808 I 160942552 580 
1809 I 161159671 580 
1810 I 161237324 580 
1811 I 161315619 580 
1812 I 161393402 580 
1813 I 161543514 580 
1814 I 161688019 580 
1815 I 161765472 580 
1816 I 161846651 580 
1817 I 161885204 580 
1818 I 162093314 580 
1819 I 162131066 580 
1820 I 162170153 580 
1821 I 162338003 580 
1822 I 162460982 580 
1823 I 162500655 580 
1824 I 162652950 580 
1825 I 162803599 580 
1826 I 162842220 580 
1827 I 162881506 580 
1828 I 163172553 580 
1829 I 163250872 580 
1830 I 163328642 580 
1831 I 163407031 580 
1832 I 163418752 44 
1833 I 163557240 580 
1834 I 163700601 580 
1835 I 163778712 580 
1836 I 163856474 580 
1837 I 163868267 44 
1838 I 164079268 580 
1839 I 164156546 580 
1840 I 164234581 580 
1841 I 164298648 580 
1842 I 164337686 44 
1843 I 164494130 580 
1844 I 164532971 580 
1845 I 164634830 580 
1846 I 164673907 580 
1847 I 164680132 44 
1848 I 164883767 580 
1849 I 164923171 580 
1850 I 165028066 580 
1851 I 165067544 580 
1852 I 165138994 44 
1853 I 165276765 580 
1854 I 165316152 580 
1855 I 165403680 580 
1856 I 165441560 580 
1857 I 165677764 580 
1858 I 165755508 580 
1859 I 165833671 580 
1860 I 165989546 580 
1861 I 166121527 580 
1862 I 166200134 580 
1863 I 166277454 580 
1864 I 166481440 580 
1865 I 166559652 580 
1866 I 166637464 580 
1867 I 166715497 580 
1868 I 166745481 44 
1869 I 166919405 580 
1870 I 166997643 580 
1871 I 167052252 580 
1872 I 167092779 580 
1873 I 167139496 44 
1874 I 167319655 580 
1875 I 167358782 580 
1876 I 167421607 580 
1877 I 167460906 580 
1878 I 167538330 44 
1879 I 167725014 580 
1880 I 167803222 580 
1881 I 167880926 580 
1882 I 167958639 580 
1883 I 168049218 44 
1884 I 168168813 580 
1885 I 168246904 580 
1886 I 168307022 580 
1887 I 168346477 580 
1888 I 168537894 44 
1889 I 168595497 580 
1890 I 168634306 580 
1891 I 168703346 580 
1892 I 168742019 580 
1893 I 168991708 580 
1894 I 169030240 580 
1895 I 169103329 580 
1896 I 169141981 580 
1897 I 169399333 580 
1898 I 169438191 580 
1899 I 169477388 580 
1900 I 169739960 580 
1901 I 169840231 580 
1902 I 169918448 580 
1903 I 169996284 580 
1904 I 170223800 580 
1905 I 170302156 580 
1906 I 170379981 580 
1907 I 170457793 580 
1908 I 170469714 44 
1909 I 170686384 580 
1910 I 170764428 580 
1911 I 170842786 580 
1912 I 170920096 580 
1913 I 170943519 44 
1914 I 171106320 580 
1915 I 171145560 580 
1916 I 171259482 580 
1917 I 171298576 580 
1918 I 171439307 44 
1919 I 171484525 580 
1920 I 171524291 580 
1921 I 171637563 580 
1922 I 171676580 580 
1923 I 171865957 580 
1924 I 171905536 580 
1925 I 172022025 580 
1926 I 172060620 580 
1927 I 172213766 580 
1928 I 172372818 580 
1929 I 172411746 580 
1930 I 172450612 580 
1931 I 172747430 580 
1932 I 172824892 580 
1933 I 172904195 580 
1934 I 172981583 580 
1935 I 173216025 580 
1936 I 173292976 580 
1937 I 173366117 580 
1938 I 173404316 580 
1939 I 173630295 580 
1940 I 173669451 580 
1941 I 173707523 580 
1942 I 173885032 580 
1943 I 174001398 580 
1944 I 174040649 580 
1945 I 174079651 580 
1946 I 174337441 580 
1947 I 174376496 580 
1948 I 174421524 580 
1949 I 174460537 580 
1950 I 174492868 44 
1951 I 174759124 580 
1952 I 174837287 580 
1953 I 174915161 580 
1954 I 174992986 580 
1955 I 175004788 44 
1956 I 175191905 580 
1957 I 175269596 580 
1958 I 175347076 580 
1959 I 175425508 580 
1960 I 175623104 580 
1961 I 175701230 580 
1962 I 175779369 580 
1963 I 175857257 580 
1964 I 176049016 580 
1965 I 176128259 580 
1966 I 176205119 580 
1967 I 176283123 580 
1968 I 176481487 580 
1969 I 176559139 580 
1970 I 176643248 580 
1971 I 176707030 580 
1972 I 176871204 580 
1973 I 176908456 580 
1974 I 176958943 580 
1975 I 177175164 580 
1976 I 177216964 580 
1977 I 177255763 580 
1978 I 177295833 580 
1979 I 177528852 580 
1980 I 177568535 580 
1981 I 177607548 580 
1982 I 177646105 580 
1983 I 177693868 44 
1984 I 177895572 580 
1985 I 177934035 580 
1986 I 177976713 580 
1987 I 178015441 580 
1988 I 178093041 44 
1989 I 178257772 580 
1990 I 178297367 580 
1991 I 178336561 580 
1992 I 178377249 580 
1993 I 178492261 44 
1994 I 178637427 580 
1995 I 178715396 580 
1996 I 178793537 580 
1997 I 178871786 580 
1998 I 178901487 44 
1999 I 179075775 580 
2000 I 179153481 580 
2001 I 179249567 580 
2002 I 179327753 580 
2003 I 179531746 580 
2004 I 179609585 580 
2005 I 179688014 580 
2006 I 179855943 580 
2007 I 179988132 580 
2008 I 180065808 580 
2009 I 180077715 44 
2010 I 180155925 580 
2011 I 180347556 580 
2012 I 180431754 580 
2013 I 180486007 580 
2014 I 180524613 580 
2015 I 180755044 580 
2016 I 180794143 580 
2017 I 180848699 580 
2018 I 180887154 580 
2019 I 180992177 44 
2020 I 181135332 580 
2021 I 181212823 580 
2022 I 181290859 580 
2023 I 181368671 580 
2024 I 181398231 44 
2025 I 181596496 580 
2026 I 181675245 580 
2027 I 181765226 580 
2028 I 181842929 580 
2029 I 181902144 44 
2030 I 182058710 580 
2031 I 182137289 580 
2032 I 182220997 580 
2033 I 182292582 580 
2034 I 182391319 44 
2035 I 182475613 580 
2036 I 182515477 580 
2037 I 182629032 580 
2038 I 182667959 580 
2039 I 182850935 580 
2040 I 182889702 580 
2041 I 182967592 580 
2042 I 183120460 580 
2043 I 183229740 580 
2044 I 183267958 580 
2045 I 183309777 580 
2046 I 183562434 580 
2047 I 183600582 580 
2048 I 183651782 580 
2049 I 183691199 580 
2050 I 183792677 44 
2051 I 183939519 580 
2052 I 183978538 580 
2053 I 184027373 580 
2054 I 184065406 580 
2055 I 184191422 44 
2056 I 184299615 580 
2057 I 184339291 580 
2058 I 184386561 580 
2059 I 184426488 580 
2060 I 184590448 44 
2061 I 184715534 580 
2062 I 184792633 580 
2063 I 184870365 580 
2064 I 184949202 580 
2065 I 185001931 44 
2066 I 185152850 580 
2067 I 185231168 580 
2068 I 185314740 580 
2069 I 185379467 580 
2070 I 185391684 44 
2071 I 185554220 580 
2072 I 185592635 580 
2073 I 185700420 580 
2074 I 185739464 580 
2075 I 185790610 44 
2076 I 185919389 580 
2077 I 185958720 580 
2078 I 186072784 580 
2079 I 186111823 580 
2080 I 186282635 580 
2081 I 186321994 580 
2082 I 186439734 580 
2083 I 186641939 580 
2084 I 186720041 580 
2085 I 186822502 580 
2086 I 186900079 580 
2087 I 186911926 44 
2088 I 187116218 580 
2089 I 187194439 580 
2090 I 187290029 580 
2091 I 187365648 580 
2092 I 187392426 44 
2093 I 187538977 580 
2094 I 187575794 580 
2095 I 187705017 580 
2096 I 187744723 580 
2097 I 187920598 580 
2098 I 187959738 580 
2099 I 188089534 580 
2100 I 188127434 580 
2101 I 188260057 580 
2102 I 188439667 580 
2103 I 188479184 580 
2104 I 188613831 580 
2105 I 188652844 580 
2106 I 188832900 580 
2107 I 188872147 580 
2108 I 188970429 580 
2109 I 189204014 580 
2110 I 189280986 580 
2111 I 189359944 580 
2112 I 189437141 580 
2113 I 189628342 580 
2114 I 189667481 580 
2115 I 189781362 580 
2116 I 189820360 580 
2117 I 190006294 580 
2118 I 190045201 580 
2119 I 190124959 580 
2120 I 190336347 580 
2121 I 190375814 580 
2122 I 190453429 580 
2123 I 190492918 580 
2124 I 190591292 44 
2125 I 190715124 580 
2126 I 190754665 580 
2127 I 190837374 580 
2128 I 190876035 580 
2129 I 191092394 580 
2130 I 191131239 580 
2131 I 191212298 580 
2132 I 191251945 580 
2133 I 191428347 580 
2134 I 191551597 580 
2135 I 191590364 580 
2136 I 191776913 580 
2137 I 191815391 580 
2138 I 191929764 580 
2139 I 191968730 580 
2140 I 192207841 580 
2141 I 192285630 580 
2142 I 192364214 580 
2143 I 192442634 580 
2144 I 192554068 580 
2145 I 192713308 580 
2146 I 192752272 580 
2147 I 192898352 580 
2148 I 192935294 580 
2149 I 193087731 580 
2150 I 193127033 580 
2151 I 193297802 580 
2152 I 193429995 580 
2153 I 193469213 580 
2154 I 193577149 580 
2155 I 193640501 580 
2156 I 193799238 580 
2157 I 193839126 580 
2158 I 193969879 580 
2159 I 194009652 580 
2160 I 194098698 44 
2161 I 194165118 580 
2162 I 194204134 580 
2163 I 194329818 580 
2164 I 194369174 580 
2165 I 194535228 580 
2166 I 194573058 580 
2167 I 194699025 580 
2168 I 194738269 580 
2169 I 194867540 580 
2170 I 195035229 580 
2171 I 195074170 580 
2172 I 195197181 580 
2173 I 195235858 580 
2174 I 195412146 580 
2175 I 195450829 580 
2176 I 195529678 580 
2177 I 195674058 580 
2178 I 195779136 580 
2179 I 195818177 580 
2180 I 195856777 580 
2181 I 196112631 580 
2182 I 196190977 580 
2183 I 196268484 580 
2184 I 196414553 580 
2185 I 196568211 580 
2186 I 196646391 580 
2187 I 196708089 580 
2188 I 196896794 580 
2189 I 196993570 580 
2190 I 197031397 580 
2191 I 197070914 580 
2192 I 197329502 580 
2193 I 197367653 580 
2194 I 197406627 580 
2195 I 197446069 580 
2196 I 197553035 44 
2197 I 197746744 580 
2198 I 197823977 580 
2199 I 197903517 580 
2200 I 197980424 580 
2201 I 197992431 44 
2202 I 198189894 580 
2203 I 198268048 580 
2204 I 198313513 580 
2205 I 198354014 580 
2206 I 198450911 44 
2207 I 198598584 580 
2208 I 198637212 580 
2209 I 198688528 580 
2210 I 198728247 580 
2211 I 198853852 44 
2212 I 198971201 580 
2213 I 199009577 580 
2214 I 199060873 580 
2215 I 199099422 580 
2216 I 199348356 580 
2217 I 199387187 580 
2218 I 199426674 580 
2219 I 199591248 580 
2220 I 199720619 580 
2221 I 199759357 580 
2222 I 199798744 580 
2223 I 200056303 580 
2224 I 200095567 580 
2225 I 200140458 580 
2226 I 200179921 580 
2227 I 200250780 44 
2228 I 200449082 580 
2229 I 200488301 580 
2230 I 200539377 580 
2231 I 200578522 580 
2232 I 200751949 44 
2233 I 200854680 580 
2234 I 200893906 580 
2235 I 200948267 580 
2236 I 200986650 580 
2237 I 201151864 44 
2238 I 201253099 580 
2239 I 201292207 580 
2240 I 201351041 580 
2241 I 201388515 580 
2242 I 201693125 580 
2243 I 201770912 580 
2244 I 201848824 580 
2245 I 201927118 580 
2246 I 202083297 580 
2247 I 202239244 580 
2248 I 202317254 580 
2249 I 202455587 580 
2250 I 202622781 580 
2251 I 202700894 580 
2252 I 202779799 580 
2253 I 202856996 580 
2254 I 203060683 580 
2255 I 203100058 580 
2256 I 203201701 580 
2257 I 203240896 580 
2258 I 203445233 580 
2259 I 203483795 580 
2260 I 203544310 580 
2261 I 203733158 580 
2262 I 203834833 580 
2263 I 203873765 580 
2264 I 203912423 580 
2265 I 204220926 580 
2266 I 204299711 580 
2267 I 204376507 580 
2268 I 204454978 580 
2269 I 204466413 44 
2270 I 204737744 580 
2271 I 204814853 580 
2272 I 204893280 580 
2273 I 204970277 580 
2274 I 204982759 44 
2275 I 205206581 580 
2276 I 205283299 580 
2277 I 205359851 580 
2278 I 205398854 580 
2279 I 205452431 44 
2280 I 205612126 580 
2281 I 205650657 580 
2282 I 205728869 580 
2283 I 205767615 580 
2284 I 205851647 44 
2285 I 206008528 580 
2286 I 206047454 580 
2287 I 206086665 580 
2288 I 206124910 580 
2289 I 206356088 580 
2290 I 206394817 580 
2291 I 206433921 580 
2292 I 206610790 580 
2293 I 206754649 580 
2294 I 206832708 580 
2295 I 206910717 580 
2296 I 207108452 580 
2297 I 207186839 580 
2298 I 207230385 580 
2299 I 207269887 580 
2300 I 207356265 44 
2301 I 207474487 580 
2302 I 207501103 580 
2303 I 207558472 580 
2304 I 207584561 580 
2305 I 207757175 44 
2306 I 207794617 580 
2307 I 207821318 580 
2308 I 207884682 580 
2309 I 207910950 580 
2310 I 208142439 580 
2311 I 208181534 580 
2312 I 208233082 580 
2313 I 208271741 580 
2314 I 208448272 580 
2315 I 208544555 580 
2316 I 208584726 580 
2317 I 208724869 580 
2318 I 208766900 580 
2319 I 208911316 580 
2320 I 208949975 580 
2321 I 209058064 580 
2322 I 209240659 580 
2323 I 209281933 580 
2324 I 209382003 580 
2325 I 209421740 580 
2326 I 209616765 580 
2327 I 209694780 580 
2328 I 209772741 580 
2329 I 209984529 580 
2330 I 210061016 580 
2331 I 210140277 580 
2332 I 210216840 580 
2333 I 210276125 44 
2334 I 210421396 580 
2335 I 210499011 580 
2336 I 210553404 580 
2337 I 210592154 580 
2338 I 210667340 44 
2339 I 210810635 580 
2340 I 210850477 580 
2341 I 210907371 580 
2342 I 210945996 580 
2343 I 211065982 44 
2344 I 211208748 580 
2345 I 211285402 580 
2346 I 211364300 580 
2347 I 211441420 580 
2348 I 211471340 44 
2349 I 211646709 580 
2350 I 211724197 580 
2351 I 211793231 580 
2352 I 211831333 580 
2353 I 211864061 44 
2354 I 212050555 580 
2355 I 212089651 580 
2356 I 212155480 580 
2357 I 212194019 580 
2358 I 212266480 44 
2359 I 212413617 580 
2360 I 212452715 580 
2361 I 212519819 580 
2362 I 212557428 580 
2363 I 212773607 580 
2364 I 212812702 580 
2365 I 212851458 580 
2366 I 213059324 580 
2367 I 213184075 580 
2368 I 213261806 580 
2369 I 213340526 580 
2370 I 213550031 580 
2371 I 213628543 580 
2372 I 213704378 580 
2373 I 213743808 580 
2374 I 213767358 44 
2375 I 213960190 580 
2376 I 213998327 580 
2377 I 214076802 580 
2378 I 214115937 580 
2379 I 214166370 44 
2380 I 214313129 580 
2381 I 214352875 580 
2382 I 214430525 580 
2383 I 214469354 580 
2384 I 214565703 44 
2385 I 214686093 580 
2386 I 214724354 580 
2387 I 214793542 580 
2388 I 214832505 580 
2389 I 214966966 44 
2390 I 215075615 580 
2391 I 215112338 580 
2392 I 215210118 580 
2393 I 215459623 580 
2394 I 215498364 580 
2395 I 215744724 44 
2396 I 215790480 548 
2397 I 216245401 580 
2398 I 216329300 580 
2399 I 216615427 580 
2400 I 216693664 580 
2401 I 216770978 580 
2402 I 217053084 580 
2403 I 217313553 580 
2404 I 217389169 580 
2405 I 217623039 580 
2406 I 217700921 580 
2407 I 217899206 580 
2408 I 217977262 580 
2409 I 218046293 580 
2410 I 218084825 580 
2411 I 218223619 580 
2412 I 218382126 580 
2413 I 218420694 580 
2414 I 218553362 580 
2415 I 218592268 580 
2416 I 218636627 44 
2417 I 218753881 580 
2418 I 218793007 580 
2419 I 218921720 580 
2420 I 218962772 580 
2421 I 219039008 44 
2422 I 219120747 580 
2423 I 219162488 580 
2424 I 219291945 580 
2425 I 219329933 580 
2426 I 219437953 44 
2427 I 219485882 580 
2428 I 219524662 580 
2429 I 219652686 580 
2430 I 219690476 580 
2431 I 219861144 580 
2432 I 219900027 580 
2433 I 220019909 580 
2434 I 220058988 580 
2435 I 220220605 580 
2436 I 220259530 580 
2437 I 220352813 580 
2438 I 220500033 580 
2439 I 220592793 580 
2440 I 220632170 580 
2441 I 220697790 580 
2442 I 220934985 580 
2443 I 220973840 580 
2444 I 221043184 580 
2445 I 221081894 580 
2446 I 221140664 44 
2447 I 221312581 580 
2448 I 221351906 580 
2449 I 221414971 580 
2450 I 221454167 580 
2451 I 221538522 44 
2452 I 221724241 580 
2453 I 221801791 580 
2454 I 221880142 580 
2455 I 221958193 580 
2456 I 221970251 44 
2457 I 222161969 580 
2458 I 222240231 580 
2459 I 222307136 580 
2460 I 222345247 580 
2461 I 222434898 44 
2462 I 222577554 580 
2463 I 222615286 580 
2464 I 222685007 580 
2465 I 222723475 580 
2466 I 222837169 44 
2467 I 222960607 580 
2468 I 223000626 580 
2469 I 223071349 580 
2470 I 223111047 580 
2471 I 223338169 580 
2472 I 223377465 580 
2473 I 223470724 580 
2474 I 223509735 580 
2475 I 223722399 580 
2476 I 223761241 580 
2477 I 223853789 580 
2478 I 224047035 580 
2479 I 224103619 580 
2480 I 224142498 580 
2481 I 224206423 580 
2482 I 224442373 580 
2483 I 224482403 580 
2484 I 224551573 580 
2485 I 224589268 580 
2486 I 224637264 44 
2487 I 224814259 580 
2488 I 224853204 580 
2489 I 224928656 580 
2490 I 224967338 580 
2491 I 225036455 44 
2492 I 225235288 580 
2493 I 225313203 580 
2494 I 225391117 580 
2495 I 225469148 580 
2496 I 225576896 44 
2497 I 225691466 580 
2498 I 225769369 580 
2499 I 225820669 580 
2500 I 225858991 580 
2501 I 226035929 44 
2502 I 226104882 580 
2503 I 226143888 580 
2504 I 226185715 580 
2505 I 226224757 580 
2506 I 226470711 580 
2507 I 226510090 580 
2508 I 226549736 580 
2509 I 226587656 580 
2510 I 226839927 580 
2511 I 226879446 580 
2512 I 226917831 580 
2513 I 227043567 580 
2514 I 227215169 580 
2515 I 227253600 580 
2516 I 227293203 580 
2517 I 227539210 580 
2518 I 227581138 580 
2519 I 227620210 580 
2520 I 227659466 580 
2521 I 227902012 580 
2522 I 227940997 580 
2523 I 227979921 580 
2524 I 228019855 580 
2525 I 228136042 44 
2526 I 228243842 580 
2527 I 228283218 580 
2528 I 228325210 580 
2529 I 228364038 580 
2530 I 228539756 44 
2531 I 228614931 580 
2532 I 228692932 580 
2533 I 228806943 580 
2534 I 228885297 580 
2535 I 228980696 44 
2536 I 229059356 580 
2537 I 229137240 580 
2538 I 229257918 580 
2539 I 229309744 580 
2540 I 229478017 580 
2541 I 229517150 580 
2542 I 229642469 580 
2543 I 229681437 580 
2544 I 229857330 580 
2545 I 229894982 580 
2546 I 229979174 580 
2547 I 230017810 580 
2548 I 230228075 580 
2549 I 230266787 580 
2550 I 230351650 580 
2551 I 230389751 580 
2552 I 230622113 580 
2553 I 230701052 580 
2554 I 230778351 580 
2555 I 230898878 580 
2556 I 231078127 580 
2557 I 231156007 580 
2558 I 231233509 580 
2559 I 231401656 580 
2560 I 231527928 580 
2561 I 231606679 580 
2562 I 231683695 580 
2563 I 231905490 580 
2564 I 231983733 580 
2565 I 232042257 580 
2566 I 232081676 580 
2567 I 232171176 44 
2568 I 232306884 580 
2569 I 232347907 580 
2570 I 232402668 580 
2571 I 232441839 580 
2572 I 232582001 44 
2573 I 232666423 580 
2574 I 232705283 580 
2575 I 232759439 580 
2576 I 232800453 580 
2577 I 232972427 44 
2578 I 233023831 580 
2579 I 233062918 580 
2580 I 233114264 580 
2581 I 233152286 580 
2582 I 233383284 580 
2583 I 233422614 580 
2584 I 233462391 580 
2585 I 233658095 580 
2586 I 233738622 580 
2587 I 233776096 580 
2588 I 233815649 580 
2589 I 234043624 580 
2590 I 234082953 580 
2591 I 234121368 580 
2592 I 234160263 580 
2593 I 234271524 44 
2594 I 234394346 580 
2595 I 234433619 580 
2596 I 234472888 580 
2597 I 234586411 580 
2598 I 234754493 580 
2599 I 234793462 580 
2600 I 234904271 580 
2601 I 234943876 580 
2602 I 235072374 44 
2603 I 235114149 580 
2604 I 235154623 580 
2605 I 235270740 580 
2606 I 235309212 580 
2607 I 235492989 580 
2608 I 235531806 580 
2609 I 235645237 580 
2610 I 235684141 580 
2611 I 235828801 580 
2612 I 235984576 580 
2613 I 236023144 580 
2614 I 236062526 580 
2615 I 236311363 580 
2616 I 236362689 580 
2617 I 236401208 580 
2618 I 236524691 580 
2619 I 236747608 580 
2620 I 236824924 580 
2621 I 236902748 580 
2622 I 237053344 580 
2623 I 237203012 580 
2624 I 237281481 580 
2625 I 237358556 580 
2626 I 237512413 580 
2627 I 237550315 580 
2628 I 237688306 580 
2629 I 237727472 580 
2630 I 237836477 580 
2631 I 238009507 580 
2632 I 238051776 580 
2633 I 238090721 580 
2634 I 238159410 580 
2635 I 238381528 580 
2636 I 238420346 580 
2637 I 238492723 580 
2638 I 238532157 580 
2639 I 238748326 580 
2640 I 238786422 580 
2641 I 238825381 580 
2642 I 239014181 580 
2643 I 239116847 580 
2644 I 239155973 580 
2645 I 239194309 580 
2646 I 239434402 580 
2647 I 239473485 580 
2648 I 239512322 580 
2649 I 239551925 580 
2650 I 239788209 580 
2651 I 239827835 580 
2652 I 239834221 44 
2653 I 239872354 580 
2654 I 239999045 580 
2655 I 240155071 580 
2656 I 240233037 580 
2657 I 240371378 580 
2658 I 240509289 580 
2659 I 240559156 580 
2660 I 240565181 44 
2661 I 240710245 580 
2662 I 240749630 580 
2663 I 240822366 580 
2664 I 241072527 580 
2665 I 241098367 580 
2666 I 241133594 580 
2667 I 241203212 580 
2668 I 241403314 580 
2669 I 241442752 580 
2670 I 241517445 580 
2671 I 241556640 580 
2672 I 241764284 580 
2673 I 241804922 580 
2674 I 241880560 580 
2675 I 242024328 580 
2676 I 242132524 580 
2677 I 242171608 580 
2678 I 242210902 580 
2679 I 242468692 580 
2680 I 242507880 580 
2681 I 242546397 580 
2682 I 242586048 580 
2683 I 242819478 580 
2684 I 242858294 580 
2685 I 242864416 44 
2686 I 242939371 580 
2687 I 243033097 580 
2688 I 243168504 580 
2689 I 243206829 580 
2690 I 243260827 580 
2691 I 243488915 580 
2692 I 243527717 580 
2693 I 243573591 580 
2694 I 243611551 580 
2695 I 243809535 580 
2696 I 243890544 580 
2697 I 243929998 580 
2698 I 244043870 580 
2699 I 244124588 580 
2700 I 244275038 580 
2701 I 244313456 580 
2702 I 244445700 580 
2703 I 244484827 580 
2704 I 244626593 580 
2705 I 244664709 580 
2706 I 244761077 580 
2707 I 244955750 580 
2708 I 244994772 580 
2709 I 245078770 580 
2710 I 245117764 580 
2711 I 245246693 44 
2712 I 245315781 580 
2713 I 245355035 580 
2714 I 245454063 580 
2715 I 245492602 580 
2716 I 245507182 44 
2717 I 245668946 580 
2718 I 245696161 580 
2719 I 245805014 580 
2720 I 245832415 580 
2721 I 246004882 580 
2722 I 246031162 580 
2723 I 246111306 580 
2724 I 246307369 580 
2725 I 246333094 580 
2726 I 246451939 580 
2727 I 246477140 580 
2728 I 246536847 44 
2729 I 246637251 580 
2730 I 246663386 580 
2731 I 246712863 44 
2732 I 246779505 580 
2733 I 246804977 580 
2734 I 246936950 44 
2735 I 246979102 580 
2736 I 247004850 580 
2737 I 247119765 580 
2738 I 247145808 580 
2739 I 247331501 580 
2740 I 247357204 580 
2741 I 247457414 580 
2742 I 247483043 580 
2743 I 247642990 580 
2744 I 247759287 580 
2745 I 247785128 580 
2746 I 247951314 580 
2747 I 247977303 580 
2748 I 248087368 580 
2749 I 248118457 580 
2750 I 248283174 580 
2751 I 248322427 580 
2752 I 248412112 580 
2753 I 248451660 580 
2754 I 248580256 580 
2755 I 248712918 580 
2756 I 248752073 580 
2757 I 248884559 580 
2758 I 248922347 580 
2759 I 249054632 580 
2760 I 249093381 580 
2761 I 249189257 580 
2762 I 249351382 580 
2763 I 249399837 580 
2764 I 249438424 580 
2765 I 249498497 580 
2766 I 249708472 580 
2767 I 249747354 580 
2768 I 249810430 580 
2769 I 249849755 580 
2770 I 249939589 44 
2771 I 250050260 580 
2772 I 250089960 580 
2773 I 250149788 580 
2774 I 250230907 580 
2775 I 250401498 580 
2776 I 250440524 580 
2777 I 250536387 580 
2778 I 250576503 580 
2779 I 250641482 44 
2780 I 250770790 580 
2781 I 250809937 580 
2782 I 250884982 580 
2783 I 250971462 580 
2784 I 251137077 580 
2785 I 251175178 580 
2786 I 251316358 580 
2787 I 251340583 580 
2788 I 251499210 580 
2789 I 251538572 580 
2790 I 251637613 580 
2791 I 251787398 580 
2792 I 251856459 580 
2793 I 251895772 580 
2794 I 251947894 580 
2795 I 252162305 580 
2796 I 252201477 580 
2797 I 252252121 580 
2798 I 252291345 580 
2799 I 252338905 44 
2800 I 252516744 580 
2801 I 252555131 580 
2802 I 252594162 580 
2803 I 252651865 580 
2804 I 252879688 580 
2805 I 252919042 580 
2806 I 252975294 580 
2807 I 253014369 580 
2808 I 253137278 44 
2809 I 253239262 580 
2810 I 253278427 580 
2811 I 253291215 44 
2812 I 253336267 580 
2813 I 253374989 580 
2814 I 253545342 44 
2815 I 253587901 580 
2816 I 253626300 580 
2817 I 253686447 580 
2818 I 253725683 580 
2819 I 253941483 580 
2820 I 253980770 580 
2821 I 254037331 580 
2822 I 254077096 580 
2823 I 254322503 580 
2824 I 254362848 580 
2825 I 254400797 580 
2826 I 254439270 580 
2827 I 254738089 580 
2828 I 254815252 580 
2829 I 254905460 580 
2830 I 254983879 580 
2831 I 255181131 580 
2832 I 255259011 580 
2833 I 255283379 44 
2834 I 255361197 580 
2835 I 255494760 580 
2836 I 255572504 580 
2837 I 255611234 580 
2838 I 255668317 580 
2839 I 255877988 580 
2840 I 255918119 580 
2841 I 255977236 580 
2842 I 256016355 580 
2843 I 256139303 44 
2844 I 256229202 580 
2845 I 256268201 580 
2846 I 256331521 580 
2847 I 256370618 580 
2848 I 256538085 44 
2849 I 256580670 580 
2850 I 256619612 580 
2851 I 256682140 580 
2852 I 256721148 580 
2853 I 256922291 580 
2854 I 256963827 580 
2855 I 257012596 580 
2856 I 257051162 580 
2857 I 257220332 580 
2858 I 257302841 580 
2859 I 257342498 580 
2860 I 257381292 580 
2861 I 257603659 580 
2862 I 257642728 580 
2863 I 257684077 580 
2864 I 257724038 580 
2865 I 257942165 580 
2866 I 257981404 580 
2867 I 258020911 580 
2868 I 258173064 580 
2869 I 258281418 580 
2870 I 258320055 580 
2871 I 258359677 580 
2872 I 258589928 580 
2873 I 258629371 580 
2874 I 258668877 580 
2875 I 258707248 580 
2876 I 258838718 44 
2877 I 258935118 580 
2878 I 258974231 580 
2879 I 259013164 580 
2880 I 259133514 580 
2881 I 259274235 580 
2882 I 259314184 580 
2883 I 259427890 580 
2884 I 259465966 580 
2885 I 259538456 44 
2886 I 259607813 580 
2887 I 259645955 580 
2888 I 259764813 580 
2889 I 259802474 580 
2890 I 259945843 580 
2891 I 259985145 580 
2892 I 260101992 580 
2893 I 260141431 580 
2894 I 260279481 580 
2895 I 260318651 580 
2896 I 260405868 580 
2897 I 260582188 580 
2898 I 260621242 580 
2899 I 260708592 580 
2900 I 260748081 580 
2901 I 260837592 44 
2902 I 260930334 580 
2903 I 260970055 580 
2904 I 261055980 580 
2905 I 261095010 580 
2906 I 261272794 580 
2907 I 261311527 580 
2908 I 261395267 580 
2909 I 261434464 580 
2910 I 261572242 580 
2911 I 261692443 580 
2912 I 261731340 580 
2913 I 261872968 580 
2914 I 261911595 580 
2915 I 262025038 580 
2916 I 262064420 580 
2917 I 262181449 580 
2918 I 262320563 580 
2919 I 262358298 580 
2920 I 262475222 580 
2921 I 262514600 580 
2922 I 262655822 580 
2923 I 262694277 580 
2924 I 262805376 580 
2925 I 262955633 580 
2926 I 262994357 580 
2927 I 263108259 580 
2928 I 263147213 580 
2929 I 263255749 580 
2930 I 263411539 580 
2931 I 263450214 580 
2932 I 263555341 580 
2933 I 263594030 580 
2934 I 263760372 580 
2935 I 263798618 580 
2936 I 263864094 580 
2937 I 264037835 580 
2938 I 264116553 580 
2939 I 264155463 580 
2940 I 264194302 580 
2941 I 264428758 580 
2942 I 264467229 580 
2943 I 264509668 580 
2944 I 264548183 580 
2945 I 264634686 44 
2946 I 264770152 580 
2947 I 264808949 580 
2948 I 264849345 580 
2949 I 264936812 580 
2950 I 265133530 580 
2951 I 265212253 580 
2952 I 265290081 580 
2953 I 265367828 580 
2954 I 265379182 44 
2955 I 265559412 580 
2956 I 265637930 580 
2957 I 265718017 580 
2958 I 265787962 580 
2959 I 265959006 580 
2960 I 265997871 580 
2961 I 266106164 580 
2962 I 266144579 580 
2963 I 266306863 580 
2964 I 266346076 580 
2965 I 266412534 580 
2966 I 266614447 580 
2967 I 266692886 580 
2968 I 266771511 580 
2969 I 266848568 580 
2970 I 266860970 44 
2971 I 267040468 580 
2972 I 267118458 580 
2973 I 267130413 44 
2974 I 267208613 580 
2975 I 267287217 580 
2976 I 267346572 44 
2977 I 267454605 580 
2978 I 267529479 580 
2979 I 267583418 580 
2980 I 267617458 580 
2981 I 267733298 44 
2982 I 267811454 580 
2983 I 267837498 580 
2984 I 267901302 580 
2985 I 267928094 580 
2986 I 268132701 580 
2987 I 268171055 580 
2988 I 268225800 580 
2989 I 268264314 580 
2990 I 268435078 580 
2991 I 268522942 580 
2992 I 268561225 580 
2993 I 268741163 580 
2994 I 268780100 580 
2995 I 268870432 580 
2996 I 268909012 580 
2997 I 269044459 580 
2998 I 269175977 580 
2999 I 269215089 580 
3000 I 269353537 580 
3001 I 269393685 580 
3002 I 269524094 580 
3003 I 269563750 580 
3004 I 269614032 44 
3005 I 269671624 580 
3006 I 269829980 580 
3007 I 269869651 580 
3008 I 269983122 580 
3009 I 270022819 580 
3010 I 270135474 44 
3011 I 270175252 580 
3012 I 270213859 580 
3013 I 270328856 580 
3014 I 270367041 580 
3015 I 270435908 44 
3016 I 270520824 580 
3017 I 270560430 580 
3018 I 270670220 580 
3019 I 270709954 580 
3020 I 270859031 580 
3021 I 270898083 580 
3022 I 271012498 580 
3023 I 271050866 580 
3024 I 271155987 580 
3025 I 271306188 580 
3026 I 271345440 580 
3027 I 271447553 580 
3028 I 271485934 580 
3029 I 271639194 580 
3030 I 271678293 580 
3031 I 271784023 580 
3032 I 271823100 580 
3033 I 271975209 580 
3034 I 272014292 580 
3035 I 272077510 580 
3036 I 272263983 580 
3037 I 272311396 580 
3038 I 272350125 580 
3039 I 272389416 580 
3040 I 272616840 580 
3041 I 272694810 580 
3042 I 272772556 580 
3043 I 272851555 580 
3044 I 273036818 580 
3045 I 273117444 580 
3046 I 273127803 44 
3047 I 273204707 580 
3048 I 273324416 580 
3049 I 273450980 580 
3050 I 273528443 580 
3051 I 273569222 580 
3052 I 273751981 580 
3053 I 273791345 580 
3054 I 273867025 580 
3055 I 273905234 580 
3056 I 274033829 44 
3057 I 274091452 580 
3058 I 274130983 580 
3059 I 274202475 580 
3060 I 274241415 580 
3061 I 274429865 580 
3062 I 274469487 580 
3063 I 274541640 580 
3064 I 274580683 580 
3065 I 274730483 580 
3066 I 274838043 580 
3067 I 274877101 580 
3068 I 274917747 580 
3069 I 275157702 580 
3070 I 275235809 580 
3071 I 275324897 580 
3072 I 275403224 580 
3073 I 275571059 580 
3074 I 275649642 580 
3075 I 275727143 580 
3076 I 275913438 580 
3077 I 275991314 580 
3078 I 276052075 580 
3079 I 276092277 580 
3080 I 276133188 44 
3081 I 276301654 580 
3082 I 276340356 580 
3083 I 276397398 580 
3084 I 276436686 580 
3085 I 276535138 44 
3086 I 276671093 580 
3087 I 276749684 580 
3088 I 276827731 580 
3089 I 276904423 580 
3090 I 276940829 44 
3091 I 277103018 580 
3092 I 277180497 580 
3093 I 277276707 580 
3094 I 277315982 580 
3095 I 277333457 44 
3096 I 277496598 580 
3097 I 277535247 580 
3098 I 277621788 580 
3099 I 277660752 580 
3100 I 277732855 44 
3101 I 277832130 580 
3102 I 277870724 580 
3103 I 277958012 580 
3104 I 277997586 580 
3105 I 278171219 580 
3106 I 278210462 580 
3107 I 278252024 580 
3108 I 278296881 580 
3109 I 278504280 580 
3110 I 278543080 580 
3111 I 278593639 580 
3112 I 278632946 580 
3113 I 278840938 580 
3114 I 278879294 580 
3115 I 278918022 580 
3116 I 279083188 580 
3117 I 279185004 580 
3118 I 279224993 580 
3119 I 279263440 580 
3120 I 279479327 580 
3121 I 279517734 580 
3122 I 279560010 580 
3123 I 279598873 580 
3124 I 279634967 44 
3125 I 279814821 580 
3126 I 279853851 580 
3127 I 279893112 580 
3128 I 279931662 580 
3129 I 280189083 580 
3130 I 280266759 580 
3131 I 280356396 580 
3132 I 280434180 580 
3133 I 280446364 44 
3134 I 280608368 580 
3135 I 280686442 580 
3136 I 280697675 44 
3137 I 280776449 580 
3138 I 280823352 580 
3139 I 280835119 44 
3140 I 280981770 580 
3141 I 281021010 580 
3142 I 281122680 580 
3143 I 281162311 580 
3144 I 281321500 580 
3145 I 281360150 580 
3146 I 281426295 580 
3147 I 281597117 580 
3148 I 281654533 580 
3149 I 281693085 580 
3150 I 281747203 580 
3151 I 281965925 580 
3152 I 282005119 580 
3153 I 282053190 580 
3154 I 282092006 580 
3155 I 282307824 580 
3156 I 282347767 580 
3157 I 282403952 580 
3158 I 282443451 580 
3159 I 282490961 44 
3160 I 282605069 580 
3161 I 282707525 580 
3162 I 282745698 580 
3163 I 282898856 580 
3164 I 282938398 580 
3165 I 283043068 580 
3166 I 283082658 580 
3167 I 283235027 580 
3168 I 283274386 580 
3169 I 283343334 580 
3170 I 283549768 580 
3171 I 283588768 580 
3172 I 283627851 580 
3173 I 283633444 44 
3174 I 283843749 580 
3175 I 283888868 580 
3176 I 283927936 580 
3177 I 283967146 580 
3178 I 284201260 580 
3179 I 284240813 580 
3180 I 284278660 580 
3181 I 284317993 580 
3182 I 284543358 580 
3183 I 284581729 580 
3184 I 284628241 580 
3185 I 284666318 580 
3186 I 284888704 580 
3187 I 284926907 580 
3188 I 284965801 580 
3189 I 285006215 580 
3190 I 285227138 580 
3191 I 285266661 580 
3192 I 285304908 580 
3193 I 285343863 580 
3194 I 285563068 580 
3195 I 285602680 580 
3196 I 285641000 580 
3197 I 285679731 580 
3198 I 285898688 580 
3199 I 285938239 580 
3200 I 285977096 580 
3201 I 286015781 580 
3202 I 286142202 44 
3203 I 286196039 580 
3204 I 286286721 580 
3205 I 286325102 580 
3206 I 286363861 580 
3207 I 286586280 580 
3208 I 286625001 580 
3209 I 286673394 580 
3210 I 286712303 580 
3211 I 286936944 580 
3212 I 286977210 580 
3213 I 287039266 580 
3214 I 287077924 580 
3215 I 287242748 580 
3216 I 287281992 580 
3217 I 287380875 580 
3218 I 287420360 580 
3219 I 287588068 580 
3220 I 287626815 580 
3221 I 287729190 580 
3222 I 287767770 580 
3223 I 287894025 580 
3224 I 288029044 580 
3225 I 288068158 580 
3226 I 288167084 580 
3227 I 288206043 580 
3228 I 288365497 580 
3229 I 288404265 580 
3230 I 288505876 580 
3231 I 288545048 580 
3232 I 288665345 580 
3233 I 288812050 580 
3234 I 288852010 580 
3235 I 288967929 580 
3236 I 289007167 580 
3237 I 289148403 580 
3238 I 289187308 580 
3239 I 289280324 580 
3240 I 289448168 580 
3241 I 289486894 580 
3242 I 289601291 580 
3243 I 289640169 580 
3244 I 289790232 580 
3245 I 289829353 580 
3246 I 289897907 580 
3247 I 290065936 580 
3248 I 290132393 580 
3249 I 290171835 580 
3250 I 290209844 580 
3251 I 290441078 580 
3252 I 290480009 580 
3253 I 290519293 580 
3254 I 290558452 580 
3255 I 290638736 44 
3256 I 290776824 580 
3257 I 290816529 580 
3258 I 290857968 580 
3259 I 290897435 580 
3260 I 290938906 44 
3261 I 291118214 580 
3262 I 291196062 580 
3263 I 291274065 580 
3264 I 291351993 580 
3265 I 291408442 44 
3266 I 291493130 580 
3267 I 291532117 580 
3268 I 291654371 580 
3269 I 291693424 580 
3270 I 291837486 580 
3271 I 291876426 580 
3272 I 291999220 580 
3273 I 292038652 580 
3274 I 292143654 580 
3275 I 292293518 580 
3276 I 292332530 580 
3277 I 292371970 580 
3278 I 292581555 580 
3279 I 292629542 580 
3280 I 292668341 580 
3281 I 292708087 580 
3282 I 292926286 580 
3283 I 292966090 580 
3284 I 293013755 580 
3285 I 293052695 580 
3286 I 293271406 580 
3287 I 293310693 580 
3288 I 293349444 580 
3289 I 293484925 580 
3290 I 293622071 580 
3291 I 293700457 580 
3292 I 293779088 580 
3293 I 293958074 580 
3294 I 294036416 580 
3295 I 294120360 580 
3296 I 294198169 580 
3297 I 294252113 44 
3298 I 294372238 580 
3299 I 294450260 580 
3300 I 294534055 580 
3301 I 294612101 580 
3302 I 294654138 44 
3303 I 294786335 580 
3304 I 294860227 580 
3305 I 294907803 580 
3306 I 294946641 580 
3307 I 295045661 44 
3308 I 295159535 580 
3309 I 295198507 580 
3310 I 295240725 580 
3311 I 295279656 580 
3312 I 295447259 44 
3313 I 295492879 580 
3314 I 295532100 580 
3315 I 295580235 580 
3316 I 295618638 580 
3317 I 295825939 580 
3318 I 295865139 580 
3319 I 295903794 580 
3320 I 296103049 580 
3321 I 296204087 580 
3322 I 296282613 580 
3323 I 296360188 580 
3324 I 296496304 580 
3325 I 296535428 580 
3326 I 296655680 580 
3327 I 296694271 580 
3328 I 296749022 44 
3329 I 296828956 580 
3330 I 296868223 580 
3331 I 296989376 580 
3332 I 297027261 580 
3333 I 297161985 580 
3334 I 297201451 580 
3335 I 297324348 580 
3336 I 297363014 580 
3337 I 297459990 580 
3338 I 297609164 580 
3339 I 297658407 580 
3340 I 297696302 580 
3341 I 297757129 580 
3342 I 297960489 580 
3343 I 297999460 580 
3344 I 298053477 580 
3345 I 298091995 580 
3346 I 298293416 580 
3347 I 298332398 580 
3348 I 298370981 580 
3349 I 298518195 580 
3350 I 298655088 580 
3351 I 298732828 580 
3352 I 298810949 580 
3353 I 298990538 580 
3354 I 299068616 580 
3355 I 299090862 44 
3356 I 299158562 580 
3357 I 299236626 580 
3358 I 299410881 580 
3359 I 299489037 580 
3360 I 299567353 580 
3361 I 299644697 580 
3362 I 299825384 580 
3363 I 299903274 580 
3364 I 299980442 580 
