0 I 0 68 
1 I 166445 56 
2 I 166707 397 
3 I 166769 336 
4 I 334754 56 
5 I 366013 56 
6 I 366762 56 
7 I 535251 56 
8 I 702494 56 
9 I 702720 56 
10 I 42082511 68 
11 I 42249673 56 
12 I 42250281 396 
13 I 42250339 295 
14 I 42417052 56 
15 I 42454000 56 
16 I 42454988 56 
17 I 60794675 68 
18 I 60962717 56 
19 I 60962952 397 
20 I 60962989 336 
21 I 61129706 56 
22 I 61166480 56 
23 I 61166489 56 
24 I 61335779 56 
25 I 61503508 56 
26 I 61504684 56 
27 I 82018150 68 
28 I 82186563 56 
29 I 82186935 395 
30 I 82186947 206 
31 I 82353984 56 
32 I 82359108 56 
33 I 82359330 56 
34 I 82673963 68 
35 I 82840780 56 
36 I 82841375 370 
37 I 82841398 236 
38 I 83010405 56 
39 I 83022103 56 
40 I 83022806 56 
41 I 83083070 68 
42 I 83250486 56 
43 I 83250829 370 
44 I 83250848 200 
45 I 83419808 56 
46 I 83430380 56 
47 I 83430769 56 
48 I 83501420 68 
49 I 83669905 56 
50 I 83670844 370 
51 I 83670855 203 
52 I 83775055 68 
53 I 83837323 56 
54 I 83843074 56 
55 I 83843787 56 
56 I 83945149 56 
57 I 83945837 395 
58 I 83945858 209 
59 I 84112290 56 
60 I 84138052 56 
61 I 84138537 56 
62 I 121591676 68 
63 I 121759534 56 
64 I 121760409 397 
65 I 121760430 336 
66 I 121926715 56 
67 I 121950079 56 
68 I 121950363 56 
69 I 122117322 56 
70 I 122285559 56 
71 I 122285941 56 
72 I 182393581 68 
73 I 182560187 56 
74 I 182560389 397 
75 I 182560457 336 
76 I 182727983 56 
77 I 182750665 56 
78 I 182750680 56 
79 I 182947865 56 
80 I 183127999 56 
81 I 183131783 56 
82 I 243840043 68 
83 I 244039794 56 
84 I 244041563 397 
85 I 244041592 336 
86 I 244233989 56 
87 I 244251441 56 
88 I 244255354 56 
89 I 244426348 56 
90 I 244594382 56 
91 I 244594609 56 
