0 I 0 44 
1 I 2705 44 
2 I 8493 44 
3 I 1451274 44 
4 I 1456317 44 
5 I 2856399 44 
6 I 82188293 44 
7 I 82284297 44 
8 I 82321762 44 
9 I 82331913 44 
10 I 82338985 44 
11 I 82346457 44 
12 I 82368409 44 
13 I 82380430 44 
14 I 82397728 44 
15 I 82405524 44 
16 I 82444945 44 
17 I 82477425 44 
18 I 83511966 44 
19 I 83717321 44 
20 I 83720304 44 
21 I 83724811 44 
22 I 83726074 44 
23 I 83815514 44 
24 I 83818002 44 
25 I 84920469 44 
26 I 85118595 44 
27 I 85120262 44 
28 I 85120793 44 
29 I 85311783 44 
30 I 85314043 44 
31 I 85319322 44 
32 I 85879694 44 
33 I 86055531 44 
34 I 86728121 44 
35 I 86730702 44 
36 I 87657449 44 
37 I 88810829 44 
38 I 89017820 44 
39 I 89019826 44 
40 I 89733184 44 
41 I 89735811 44 
42 I 89830926 44 
43 I 89832820 44 
44 I 90246012 44 
45 I 90448558 44 
46 I 90724177 44 
47 I 90811590 44 
48 I 90814908 44 
49 I 91354422 44 
50 I 91447540 44 
51 I 91484656 44 
52 I 92130258 44 
53 I 92218521 44 
54 I 92782402 44 
55 I 93476940 44 
56 I 93573633 44 
57 I 93672167 44 
58 I 94172538 44 
59 I 95187647 44 
