0 I 0 52 
1 I 213773 44 
2 I 437420 44 
3 I 656222 56 
4 I 656292 56 
5 I 656953 44 
6 I 875663 44 
7 I 877613 44 
8 I 1097676 44 
9 I 1097840 56 
10 I 1097843 44 
11 I 1263588 44 
12 I 1319090 44 
13 I 1319850 56 
14 I 1323302 44 
15 I 1544088 44 
16 I 1544455 44 
17 I 1544691 44 
18 I 1768253 44 
19 I 1768303 56 
20 I 1768337 56 
21 I 1768708 64 
22 I 1768718 44 
23 I 1988964 44 
24 I 2162993 44 
25 I 2363156 44 
26 I 2381348 44 
27 I 2581761 56 
28 I 2583178 44 
29 I 2599997 44 
30 I 2801969 44 
31 I 2820814 44 
32 I 3022702 44 
33 I 3041617 44 
34 I 3163861 44 
35 I 3240534 44 
36 I 3259083 44 
37 I 3362832 44 
38 I 3458609 44 
39 I 3478104 44 
40 I 3581714 44 
41 I 3677113 44 
42 I 3696073 56 
43 I 3697631 44 
44 I 3799476 56 
45 I 3800237 44 
46 I 3897424 44 
47 I 3917083 44 
48 I 4023709 44 
49 I 4119688 56 
50 I 4120476 44 
51 I 4135807 56 
52 I 4136254 44 
53 I 4242300 56 
54 I 4242919 44 
55 I 4339131 44 
56 I 4355498 44 
57 I 4460285 56 
58 I 4463009 44 
59 I 4558794 44 
60 I 4574777 44 
61 I 4681033 56 
62 I 4682515 44 
63 I 4779687 44 
64 I 4794368 44 
65 I 4901364 44 
66 I 4999622 44 
67 I 5013199 44 
68 I 5119080 44 
69 I 5217729 56 
70 I 5218422 44 
71 I 5232689 44 
72 I 5337579 44 
73 I 5436420 56 
74 I 5437492 44 
75 I 6118268 44 
76 I 7268619 44 
77 I 9359670 44 
78 I 13329544 44 
79 I 21059569 44 
80 I 36310113 44 
81 I 66607540 44 
82 I 126983224 44 
83 I 166232443 52 
84 I 166446644 44 
85 I 166666059 44 
86 I 166884865 56 
87 I 166887228 44 
88 I 166888867 44 
89 I 167111013 44 
90 I 167115245 44 
91 I 167237270 44 
92 I 167330066 56 
93 I 167330304 56 
94 I 167334541 44 
95 I 167336965 44 
96 I 167552234 44 
97 I 167556376 56 
98 I 167556377 44 
99 I 167557130 44 
100 I 167770995 44 
101 I 167776676 56 
102 I 167777302 44 
103 I 167989253 44 
104 I 167994171 44 
105 I 167995561 56 
106 I 167997182 56 
107 I 167997944 44 
108 I 168206616 44 
109 I 168212382 44 
110 I 168216850 44 
111 I 168337060 44 
112 I 168424724 44 
113 I 168430633 56 
114 I 168431776 44 
115 I 168437673 44 
116 I 168641792 44 
117 I 168650346 44 
118 I 168656234 44 
119 I 168860977 44 
120 I 168869496 44 
121 I 168876371 44 
122 I 169080526 44 
123 I 169087362 56 
124 I 169091788 44 
125 I 169095349 44 
126 I 169309456 44 
127 I 169312732 56 
128 I 169312858 44 
129 I 169313576 44 
130 I 169527413 56 
131 I 169534990 44 
132 I 169535244 44 
133 I 169754939 44 
134 I 169758576 44 
135 I 169759414 56 
136 I 169759416 44 
137 I 169936530 44 
138 I 169974947 44 
139 I 169978946 44 
140 I 169979723 44 
141 I 170193246 56 
142 I 170198467 44 
143 I 170198481 44 
144 I 170336702 44 
145 I 170418785 44 
146 I 170419059 56 
147 I 170421204 44 
148 I 170638484 44 
149 I 170638485 56 
150 I 170639907 44 
151 I 170641887 44 
152 I 170859389 44 
153 I 170862916 44 
154 I 170863679 44 
155 I 171077941 44 
156 I 171083977 44 
157 I 171086332 44 
158 I 171297394 44 
159 I 171303785 44 
160 I 171306267 56 
161 I 171306268 44 
162 I 171516501 44 
163 I 171523887 44 
164 I 171526685 44 
165 I 171735027 56 
166 I 171735840 44 
167 I 171745674 44 
168 I 171746471 44 
169 I 171954815 44 
170 I 171965710 44 
171 I 171966182 44 
172 I 172136216 44 
173 I 172173038 44 
174 I 172184162 44 
175 I 172186074 44 
176 I 172390038 44 
177 I 172403978 44 
178 I 172406895 44 
179 I 172609023 44 
180 I 172623159 44 
181 I 172625939 56 
182 I 172626552 44 
183 I 172826977 56 
184 I 172827968 44 
185 I 172841960 44 
186 I 172846363 44 
187 I 173045508 56 
188 I 173046348 44 
189 I 173063810 44 
190 I 173065992 56 
191 I 173066014 44 
192 I 173264721 44 
193 I 173282682 56 
194 I 173286532 64 
195 I 173286535 56 
196 I 173287124 44 
197 I 173501307 44 
198 I 173505263 44 
199 I 173635806 44 
200 I 173722713 56 
201 I 173853751 56 
202 I 173855115 56 
203 I 173940690 56 
204 I 174073444 44 
205 I 174235194 44 
206 I 174435851 44 
207 I 174635402 44 
208 I 174655611 44 
209 I 174874317 44 
210 I 175035474 44 
211 I 175093617 56 
212 I 175094387 44 
213 I 175312775 44 
214 I 175314107 44 
215 I 175533947 44 
216 I 175536185 44 
217 I 175755715 44 
218 I 175755715 44 
219 I 175935365 44 
220 I 175976404 56 
221 I 175976409 56 
222 I 175976493 44 
223 I 176135222 44 
224 I 176196437 56 
225 I 176196437 56 
226 I 176196826 44 
227 I 176417272 44 
228 I 176417376 56 
229 I 176418296 44 
230 I 176634545 44 
231 I 176637479 44 
232 I 176640240 44 
233 I 176835017 44 
234 I 176855464 44 
235 I 176858160 44 
236 I 176858563 44 
237 I 177074100 44 
238 I 177079853 44 
239 I 177080287 44 
240 I 177296662 44 
241 I 177303500 44 
242 I 177308986 44 
243 I 177435332 44 
244 I 177514806 56 
245 I 177515686 44 
246 I 177521612 44 
247 I 177526870 44 
248 I 177734280 44 
249 I 177740735 44 
250 I 177745292 56 
251 I 177746393 44 
252 I 177954277 44 
253 I 177960139 44 
254 I 177965899 56 
255 I 177966779 44 
256 I 178172129 56 
257 I 178175293 44 
258 I 178178080 56 
259 I 178179699 44 
260 I 178186062 44 
261 I 178398861 56 
262 I 178400990 44 
263 I 178405553 56 
264 I 178412545 44 
265 I 178622007 56 
266 I 178623030 44 
267 I 178631827 44 
268 I 178735832 44 
269 I 178843286 56 
270 I 178845368 44 
271 I 178851161 44 
272 I 179076514 44 
273 I 179076575 56 
274 I 179076577 44 
275 I 179076658 56 
276 I 179076681 44 
277 I 179300309 44 
278 I 179302759 44 
279 I 179304785 44 
280 I 179523749 56 
281 I 179523750 44 
282 I 179523751 44 
283 I 179524642 56 
284 I 179524642 44 
285 I 179741380 56 
286 I 179744534 44 
287 I 195103062 44 
