0 I 0 44 
1 I 631766 44 
2 I 1297044 44 
3 I 2439954 44 
4 I 2643904 44 
5 I 2735613 44 
6 I 2943477 44 
7 I 3612907 44 
8 I 3748836 44 
9 I 4041878 44 
10 I 4107777 44 
11 I 5130346 44 
12 I 5360881 44 
13 I 5959871 44 
14 I 6622372 44 
15 I 7234828 44 
16 I 7470396 44 
17 I 7670489 44 
18 I 8156887 44 
19 I 9245757 44 
20 I 9378497 44 
21 I 9414747 44 
22 I 9584019 44 
23 I 9775623 44 
24 I 9985035 44 
25 I 11292162 44 
26 I 11295512 44 
27 I 11345405 44 
28 I 11768846 44 
29 I 11995995 44 
30 I 12333040 44 
31 I 12398952 44 
32 I 12498566 44 
33 I 12734726 44 
34 I 13003960 44 
35 I 13369812 44 
36 I 13655956 44 
37 I 13675046 44 
38 I 13732093 44 
39 I 13907635 44 
40 I 13910463 44 
41 I 14108591 44 
42 I 14119241 44 
43 I 14307746 44 
44 I 14712689 44 
45 I 15114528 44 
46 I 15926037 44 
47 I 15996603 44 
48 I 16165057 44 
49 I 16198408 44 
50 I 16413344 44 
51 I 16622750 44 
52 I 16778909 44 
53 I 16927234 44 
54 I 17085791 44 
55 I 17135976 44 
56 I 17172625 44 
57 I 17378768 44 
58 I 17628653 44 
59 I 18696666 52 
60 I 18941963 44 
61 I 19045796 44 
62 I 19138796 44 
63 I 19139231 44 
64 I 19240685 44 
65 I 19364764 44 
66 I 20283325 44 
67 I 20687359 44 
68 I 20699725 44 
69 I 21149294 44 
70 I 21267615 44 
71 I 21597025 44 
72 I 22557569 44 
73 I 22860799 44 
74 I 23563258 44 
75 I 23665026 44 
76 I 23757298 44 
77 I 23855358 44 
78 I 24025294 44 
79 I 24075479 52 
80 I 24363031 44 
81 I 24569618 44 
82 I 25093612 44 
83 I 25197167 44 
84 I 25726264 52 
85 I 26429579 44 
86 I 26433538 44 
87 I 26434918 44 
88 I 26645591 44 
89 I 27472066 44 
90 I 27547295 44 
91 I 27694214 44 
92 I 27786332 44 
93 I 28343311 44 
94 I 29094743 44 
95 I 29339448 44 
96 I 30003171 44 
97 I 30302915 44 
98 I 30442501 44 
99 I 30477147 44 
100 I 30993084 44 
101 I 31209495 44 
102 I 31374196 44 
103 I 31420073 44 
104 I 31470416 52 
105 I 31500247 44 
106 I 31810105 44 
107 I 32012608 44 
108 I 32014653 44 
109 I 32070236 44 
110 I 32372340 44 
111 I 32442169 44 
112 I 32487356 44 
113 I 32526151 44 
114 I 32718340 44 
115 I 33120052 44 
116 I 33514962 44 
117 I 33822066 44 
118 I 34925048 44 
119 I 34974992 44 
120 I 35131863 44 
121 I 35339873 44 
122 I 35473638 52 
123 I 35797481 44 
124 I 35890042 44 
125 I 35937267 44 
126 I 36081500 44 
127 I 36300970 44 
128 I 37257568 44 
129 I 37447160 44 
130 I 38030943 44 
131 I 38150688 44 
132 I 38432716 44 
133 I 38753460 44 
134 I 38909197 44 
135 I 39217590 44 
136 I 39268277 44 
137 I 39456571 44 
138 I 39859018 44 
139 I 39911377 44 
140 I 40001719 44 
141 I 40011162 52 
142 I 40133469 44 
143 I 40376262 44 
144 I 40661944 44 
145 I 40766620 44 
146 I 40815453 44 
147 I 41007988 44 
148 I 41066194 44 
149 I 41501560 44 
150 I 41587380 44 
151 I 41717953 44 
152 I 41719007 52 
153 I 41762028 44 
154 I 41786803 44 
155 I 41969779 44 
156 I 41974349 44 
157 I 42064892 44 
158 I 42111105 44 
159 I 42129671 44 
160 I 42384506 44 
161 I 42491221 44 
162 I 43076084 52 
163 I 43129464 44 
164 I 43281311 44 
165 I 43377084 44 
166 I 43434555 44 
167 I 43809155 44 
168 I 43834433 44 
169 I 43989570 44 
170 I 44053857 44 
171 I 44082433 44 
172 I 44586239 44 
173 I 44613085 44 
174 I 44686091 52 
175 I 44690983 44 
176 I 44791513 44 
177 I 45030980 52 
178 I 45264302 44 
179 I 45615387 44 
180 I 45794373 44 
181 I 46095270 44 
182 I 46487705 44 
183 I 46777806 44 
184 I 47703619 44 
185 I 47879901 44 
186 I 47907805 44 
187 I 48107331 44 
188 I 48109228 44 
189 I 48208315 44 
190 I 48307043 44 
191 I 48389071 44 
192 I 48435520 44 
193 I 48477108 52 
194 I 48602195 44 
195 I 48612127 44 
196 I 48906006 44 
197 I 49148008 44 
198 I 49206474 44 
199 I 49327554 44 
200 I 49400203 44 
201 I 49417600 44 
202 I 49485785 44 
203 I 49518844 44 
204 I 49635232 44 
205 I 49647895 52 
206 I 49717154 44 
207 I 49808529 44 
208 I 49818178 44 
209 I 49912987 44 
210 I 49917125 44 
211 I 50016747 44 
212 I 50117007 44 
213 I 50291512 44 
214 I 50471412 44 
215 I 50523747 44 
216 I 50592327 44 
217 I 50620366 44 
218 I 50624021 44 
219 I 50635634 44 
220 I 50707071 44 
221 I 51008868 44 
222 I 51024026 44 
223 I 51106257 44 
224 I 51123563 44 
225 I 51124408 44 
226 I 51270740 44 
227 I 51321869 44 
228 I 51803994 44 
229 I 51830405 44 
230 I 51977062 44 
231 I 52493323 44 
232 I 52569098 44 
233 I 52732698 44 
234 I 52733751 44 
235 I 52819605 44 
236 I 52907859 44 
237 I 52935240 44 
238 I 52989376 44 
239 I 53245582 44 
240 I 53283045 44 
241 I 53621542 44 
242 I 53741257 44 
243 I 53765267 44 
244 I 53849486 44 
245 I 53938935 44 
246 I 53989279 44 
247 I 54056355 44 
248 I 54245205 44 
249 I 54341377 44 
250 I 54344527 44 
251 I 54545289 44 
252 I 54647141 44 
253 I 54665453 44 
254 I 54847242 44 
255 I 55027685 44 
256 I 55251726 44 
257 I 55349828 44 
258 I 55558664 44 
259 I 55669551 44 
260 I 56209294 44 
261 I 56361729 44 
262 I 56457182 44 
263 I 56521095 44 
264 I 56828661 44 
265 I 56960198 44 
266 I 57107494 44 
267 I 57260546 44 
268 I 57751662 44 
269 I 57800191 44 
270 I 57967679 44 
271 I 58071069 44 
272 I 58144250 44 
273 I 58164377 44 
274 I 58291911 44 
275 I 58366831 44 
276 I 58483206 44 
277 I 58609999 44 
278 I 58669863 44 
279 I 58735411 44 
280 I 58829638 44 
281 I 59253586 44 
282 I 59352732 44 
283 I 59442859 44 
284 I 59472680 44 
285 I 59569312 44 
286 I 59662632 44 
287 I 59674896 44 
288 I 59771963 44 
289 I 59915674 44 
290 I 59975609 44 
291 I 60078636 44 
292 I 60081444 44 
293 I 60277086 44 
294 I 60338771 44 
295 I 60546602 44 
296 I 60642832 44 
297 I 60682496 44 
298 I 60821048 44 
299 I 61071225 44 
300 I 61084615 44 
301 I 61384302 44 
302 I 61387130 44 
303 I 61641254 52 
304 I 61754170 44 
305 I 61839398 44 
306 I 61943690 44 
307 I 61984703 44 
308 I 62190869 44 
309 I 62228217 44 
310 I 62274383 44 
311 I 62390285 44 
312 I 62618872 44 
313 I 62680382 44 
314 I 62878248 52 
315 I 62880614 44 
316 I 62943360 44 
317 I 63195385 44 
318 I 63385636 44 
319 I 63473282 44 
320 I 63515591 44 
321 I 63691390 44 
322 I 63769167 44 
323 I 63860460 44 
324 I 63868542 44 
325 I 64044663 44 
326 I 64193714 44 
327 I 64200939 44 
328 I 64292993 44 
329 I 64400037 44 
330 I 64425372 44 
331 I 64511197 44 
332 I 64667154 44 
333 I 64701274 44 
334 I 64801896 44 
335 I 64810321 44 
336 I 65101190 44 
337 I 65138908 44 
338 I 65204655 44 
339 I 65308018 44 
340 I 65357781 44 
341 I 65646085 44 
342 I 65712408 44 
343 I 65721174 44 
344 I 65747423 44 
345 I 65786140 44 
346 I 65825079 44 
347 I 65872620 44 
348 I 65975612 44 
349 I 66113836 44 
350 I 66429175 44 
351 I 66505992 44 
352 I 66590228 44 
353 I 66707257 44 
354 I 66718339 44 
355 I 66785572 44 
356 I 66817759 44 
357 I 66848253 44 
358 I 66924984 44 
359 I 66983965 44 
360 I 67071431 44 
361 I 67171877 44 
362 I 67219915 44 
363 I 67220545 44 
364 I 67304192 44 
365 I 67360025 44 
366 I 67493242 44 
367 I 67591280 44 
368 I 67650116 44 
369 I 67685968 44 
370 I 67810744 44 
371 I 67880789 44 
372 I 67923955 44 
373 I 67927096 44 
374 I 68024206 44 
375 I 68426617 44 
376 I 68426813 44 
377 I 68826245 44 
378 I 69084098 44 
379 I 69156429 44 
380 I 69284108 44 
381 I 69342260 44 
382 I 69975634 44 
383 I 70112074 44 
384 I 70136333 44 
385 I 70335003 44 
386 I 70376630 44 
387 I 70537107 44 
388 I 70751383 44 
389 I 70847756 44 
390 I 70941293 44 
391 I 70983557 44 
392 I 71042608 44 
393 I 71043084 44 
394 I 71139190 44 
395 I 71492415 44 
396 I 71541832 44 
397 I 71567579 44 
398 I 71642790 44 
399 I 71847907 44 
400 I 71895703 44 
401 I 71958944 44 
402 I 72028719 44 
403 I 72148595 44 
404 I 72251067 44 
405 I 72251289 44 
406 I 72346827 44 
407 I 72450474 44 
408 I 72612236 44 
409 I 72687784 44 
410 I 72830554 44 
411 I 72901540 44 
412 I 72944654 44 
413 I 73033232 44 
414 I 73121738 44 
415 I 73152513 44 
416 I 73245632 44 
417 I 73254172 44 
418 I 73293295 44 
419 I 73356858 44 
420 I 73358496 44 
421 I 73401822 44 
422 I 73454194 44 
423 I 73526481 44 
424 I 73543266 44 
425 I 73772274 44 
426 I 73795021 44 
427 I 73866184 44 
428 I 73956575 44 
429 I 74029796 44 
430 I 74054042 44 
431 I 74080475 44 
432 I 74159051 44 
433 I 74209158 44 
434 I 74259323 44 
435 I 74274065 44 
436 I 74328255 44 
437 I 74394730 44 
438 I 74463909 44 
439 I 74659800 44 
440 I 74670210 44 
441 I 74768895 44 
442 I 74862936 44 
443 I 74887168 44 
444 I 75039292 44 
445 I 75143133 44 
446 I 75162789 44 
447 I 75164742 44 
448 I 75259023 44 
449 I 75316100 44 
450 I 75368305 44 
451 I 75368609 44 
452 I 75488466 44 
453 I 75568061 44 
454 I 75618360 44 
455 I 75667866 44 
456 I 75673507 44 
457 I 75818017 44 
458 I 75869014 44 
459 I 76018653 44 
460 I 76172906 44 
461 I 76272534 44 
462 I 76273177 44 
463 I 76277946 44 
464 I 76317614 44 
465 I 76474710 44 
466 I 76500672 44 
467 I 76572472 44 
468 I 76572719 44 
469 I 76601217 44 
470 I 76656867 44 
471 I 76774712 44 
472 I 76824428 44 
473 I 76886411 44 
474 I 77001954 44 
475 I 77075916 44 
476 I 77089380 44 
477 I 77163323 44 
478 I 77176097 44 
479 I 77265888 44 
480 I 77278011 44 
481 I 77334444 44 
482 I 77494534 44 
483 I 77579059 44 
484 I 77579747 44 
485 I 77635315 44 
486 I 77758874 44 
487 I 77830726 44 
488 I 77867022 44 
489 I 77937155 44 
490 I 77986715 44 
491 I 78182456 44 
492 I 78284247 44 
493 I 78337681 44 
494 I 78384800 44 
495 I 78422338 44 
496 I 78455762 44 
497 I 78487168 44 
498 I 78668562 44 
499 I 78698840 52 
500 I 78703029 44 
501 I 78754819 44 
502 I 78983806 44 
503 I 79097690 44 
504 I 79191441 44 
505 I 79300952 44 
506 I 79809590 44 
507 I 79809824 44 
508 I 79813762 44 
509 I 79855548 44 
510 I 79892796 44 
511 I 79936365 44 
512 I 79971135 44 
513 I 80021732 44 
514 I 80261841 44 
515 I 80394968 44 
516 I 80536364 44 
517 I 80899283 44 
518 I 81283934 44 
519 I 81309264 44 
520 I 81319626 44 
521 I 81664584 44 
522 I 81702728 52 
523 I 81703303 44 
524 I 81842606 44 
525 I 81879401 44 
526 I 81985156 44 
527 I 82005242 44 
528 I 82006825 44 
529 I 82460254 44 
530 I 82888385 44 
531 I 83013789 44 
532 I 83312149 44 
533 I 83785454 52 
534 I 84220271 44 
535 I 84317874 44 
536 I 84386606 52 
537 I 84721752 44 
538 I 84891723 52 
539 I 84902333 52 
540 I 85105223 44 
541 I 85220631 44 
542 I 85220812 44 
543 I 85266048 44 
544 I 85637335 44 
545 I 85637814 44 
546 I 85639949 44 
547 I 86050973 44 
548 I 86070617 44 
549 I 86485174 44 
550 I 86498277 44 
551 I 86734579 52 
552 I 86884117 44 
553 I 86968976 44 
554 I 87019467 44 
555 I 87036324 44 
556 I 87123928 44 
557 I 87159212 44 
558 I 87336524 44 
559 I 87534984 44 
560 I 87903966 44 
561 I 88646067 44 
562 I 88844496 44 
563 I 88852668 44 
564 I 89044231 44 
565 I 89648816 44 
566 I 89652924 44 
567 I 90819008 44 
568 I 90828454 44 
569 I 90884336 44 
570 I 90887599 44 
571 I 91106661 44 
572 I 91357154 44 
573 I 91552195 44 
574 I 91568885 52 
575 I 92260028 44 
576 I 92265117 44 
577 I 93470770 44 
578 I 93677135 44 
579 I 93876502 44 
580 I 93937469 52 
581 I 94086494 44 
582 I 94211091 44 
583 I 94278564 44 
584 I 94281522 44 
585 I 94475955 44 
586 I 94700512 44 
587 I 94882922 44 
588 I 95087537 44 
589 I 95280018 44 
590 I 95298145 44 
591 I 95482962 44 
592 I 95709944 44 
593 I 95796440 44 
594 I 95953222 52 
595 I 95993636 52 
596 I 96087700 44 
597 I 96088958 44 
598 I 96704618 44 
599 I 96962738 44 
600 I 97021189 44 
601 I 97108693 44 
602 I 98201131 44 
603 I 98216850 44 
604 I 98702141 44 
605 I 99002290 52 
606 I 99543418 44 
607 I 99664882 44 
608 I 100733192 44 
609 I 100819443 44 
610 I 100916920 44 
611 I 101018590 44 
612 I 101491339 44 
613 I 101496502 44 
614 I 101581116 44 
615 I 101616882 44 
616 I 101820425 44 
617 I 102246906 52 
618 I 102674555 44 
619 I 102759222 44 
620 I 102825539 44 
621 I 102850132 44 
622 I 102929151 44 
623 I 102929667 44 
624 I 102972101 44 
625 I 103042720 44 
626 I 103155512 44 
627 I 103174006 44 
628 I 103246935 44 
629 I 103286874 44 
630 I 103308164 44 
631 I 103331924 44 
632 I 103482044 44 
633 I 103531457 44 
634 I 103547449 44 
635 I 103720290 44 
636 I 103734661 44 
637 I 104018124 44 
638 I 104089805 44 
639 I 104136086 44 
640 I 105232233 44 
641 I 105442677 44 
642 I 105517221 44 
643 I 106290704 44 
644 I 106435693 44 
645 I 107073360 44 
646 I 107174012 44 
647 I 107455611 44 
648 I 107744900 44 
649 I 107755783 44 
650 I 107760115 44 
651 I 107955111 44 
652 I 108490439 44 
653 I 108544582 44 
654 I 108969154 44 
655 I 108976057 44 
656 I 108987761 44 
657 I 108992243 44 
658 I 111233071 44 
659 I 111624340 44 
660 I 111777983 44 
661 I 111996968 44 
662 I 112140524 44 
663 I 112181637 44 
664 I 112419943 44 
665 I 112485401 44 
666 I 112584539 44 
667 I 112631632 44 
668 I 112785556 44 
669 I 112946669 52 
670 I 113084985 44 
671 I 113231114 44 
672 I 113255430 44 
673 I 113608800 44 
674 I 113947568 44 
675 I 113958315 44 
676 I 114070430 44 
677 I 114097325 44 
678 I 114127069 44 
679 I 114157678 52 
680 I 114159048 52 
681 I 114720252 44 
682 I 114790832 44 
683 I 114806913 44 
684 I 114839144 44 
685 I 115182223 44 
686 I 115404081 44 
687 I 115706201 44 
688 I 115767395 44 
689 I 116001940 44 
690 I 116006561 44 
691 I 116449587 44 
692 I 116607811 44 
693 I 116807159 44 
694 I 117197752 44 
695 I 117653300 44 
696 I 117814216 44 
697 I 117882966 44 
698 I 117908051 44 
699 I 117951413 44 
700 I 118313815 44 
701 I 118385956 44 
702 I 118419671 44 
703 I 118510050 52 
704 I 118517032 44 
705 I 118581098 44 
706 I 118641420 44 
707 I 118833640 44 
708 I 119023463 44 
709 I 119121057 44 
710 I 119223738 44 
711 I 119290126 44 
712 I 119318449 52 
713 I 119525757 44 
714 I 119985303 44 
715 I 120204749 44 
716 I 120541000 44 
717 I 120585272 44 
718 I 120659465 44 
719 I 120832225 44 
720 I 121232992 44 
721 I 121299139 44 
722 I 121822039 44 
723 I 122460106 44 
724 I 122535587 44 
725 I 122983586 44 
726 I 123144154 44 
727 I 123323465 44 
728 I 123547559 44 
729 I 123679538 44 
730 I 123853421 44 
731 I 124561744 44 
732 I 124754462 44 
733 I 125258090 44 
734 I 125374781 52 
735 I 125693672 44 
736 I 125707379 44 
737 I 125855584 44 
738 I 125968945 44 
739 I 126163021 44 
740 I 126499074 44 
741 I 126663161 44 
742 I 127069295 44 
743 I 127382309 44 
744 I 127571173 44 
745 I 127630292 44 
746 I 127946544 44 
747 I 128244641 44 
748 I 128338023 44 
749 I 128376389 44 
750 I 128675064 44 
751 I 128924711 44 
752 I 129081138 44 
753 I 129226986 44 
754 I 129382006 44 
755 I 129398413 44 
756 I 129408027 44 
757 I 129804876 44 
758 I 129858008 44 
759 I 129862708 44 
760 I 129871137 44 
761 I 129885278 44 
762 I 130422055 44 
763 I 130490434 44 
764 I 130834297 52 
765 I 131095412 44 
766 I 131130001 44 
767 I 131196221 44 
768 I 131292947 44 
769 I 131329512 44 
770 I 131493084 44 
771 I 131595190 44 
772 I 132202067 44 
773 I 132804638 44 
774 I 133133046 44 
775 I 133182779 44 
776 I 133275466 44 
777 I 133407351 44 
778 I 133630937 44 
779 I 133805975 52 
780 I 133808990 44 
781 I 133874878 44 
782 I 134376517 44 
783 I 134413720 44 
784 I 134550001 44 
785 I 134590930 52 
786 I 134613987 44 
787 I 135012131 44 
788 I 135012474 44 
789 I 135114751 52 
790 I 135171130 44 
791 I 135218699 44 
792 I 135691471 44 
793 I 135718645 44 
794 I 136000083 44 
795 I 136590196 44 
796 I 136823259 44 
797 I 136856751 44 
798 I 136880861 44 
799 I 136881570 52 
800 I 137117286 44 
801 I 137406874 44 
802 I 137456239 44 
803 I 137572524 44 
804 I 137629702 44 
805 I 138131162 44 
806 I 138247728 44 
807 I 138747338 44 
808 I 138937619 44 
809 I 139290171 44 
810 I 139442289 44 
811 I 139761931 44 
812 I 139873921 44 
813 I 139942606 44 
814 I 140026445 44 
815 I 141354114 44 
816 I 141754889 44 
817 I 142238060 44 
818 I 142537035 44 
819 I 142632032 44 
820 I 142759638 44 
821 I 142763589 44 
822 I 143060718 44 
823 I 143922962 44 
824 I 143923176 52 
825 I 143950504 44 
826 I 143968851 44 
827 I 144245289 44 
828 I 144333672 44 
829 I 144370442 44 
830 I 144470730 44 
831 I 144579906 44 
832 I 144644083 44 
833 I 144645413 44 
834 I 145018583 44 
835 I 145101307 44 
836 I 145133755 44 
837 I 145209971 44 
838 I 145778149 44 
839 I 146184887 44 
840 I 146280574 44 
841 I 146322254 44 
842 I 146383544 44 
843 I 146385006 44 
844 I 146781620 44 
845 I 146797378 44 
846 I 146884008 44 
847 I 147150795 44 
848 I 147183595 44 
849 I 147267409 44 
850 I 147285861 44 
851 I 147290034 44 
852 I 147586427 44 
853 I 147975869 44 
854 I 148047247 44 
855 I 148090546 44 
856 I 148446805 44 
857 I 148515455 44 
858 I 148694541 44 
859 I 148890720 44 
860 I 149212610 44 
861 I 149305444 44 
862 I 149599045 44 
863 I 150164758 44 
864 I 150406613 44 
865 I 150471598 44 
866 I 150705689 44 
867 I 151098558 44 
868 I 151271837 44 
869 I 151303004 44 
870 I 151318916 44 
871 I 151480705 44 
872 I 151688110 44 
873 I 151901279 44 
874 I 152215139 44 
875 I 152616910 44 
876 I 153092463 44 
877 I 154024514 44 
878 I 154430802 44 
879 I 154568872 44 
880 I 155661041 44 
881 I 155881703 44 
882 I 156222889 52 
883 I 156549155 44 
884 I 156764510 44 
885 I 156803300 44 
886 I 156941947 44 
887 I 157245693 44 
888 I 157304205 44 
889 I 157449130 44 
890 I 157485355 44 
891 I 157658532 44 
892 I 157751613 44 
893 I 157849546 44 
894 I 157868529 44 
895 I 158532747 44 
896 I 158754362 44 
897 I 158998176 44 
898 I 159199497 44 
899 I 159781059 44 
900 I 159877088 44 
901 I 160029128 44 
902 I 160083085 44 
903 I 160234558 44 
904 I 160696034 44 
905 I 160757126 44 
906 I 160969866 44 
907 I 161060478 44 
908 I 161269385 44 
909 I 161695517 44 
910 I 161871144 44 
911 I 161874201 44 
912 I 162273016 44 
913 I 163172784 44 
914 I 163993320 44 
915 I 164186799 44 
916 I 164587215 44 
917 I 164786343 44 
918 I 164879303 44 
919 I 165090459 44 
920 I 165392740 44 
921 I 165493385 44 
922 I 166722741 44 
923 I 166904136 44 
924 I 167151162 44 
925 I 167275683 44 
926 I 167365274 44 
927 I 167548348 44 
928 I 168009930 44 
929 I 168010490 44 
930 I 168098275 44 
931 I 168114036 44 
932 I 168207252 44 
933 I 168303521 44 
934 I 168306687 44 
935 I 168312230 44 
936 I 168511059 44 
937 I 168912061 44 
938 I 169082219 44 
939 I 169115195 44 
940 I 169600986 44 
941 I 169691374 44 
942 I 169819742 44 
943 I 169906698 44 
944 I 169967302 44 
945 I 170220309 44 
946 I 170318937 44 
947 I 170604122 44 
948 I 171642891 44 
949 I 171677915 44 
950 I 171828394 44 
951 I 171954356 44 
952 I 172189142 44 
953 I 172300770 44 
954 I 172310130 44 
955 I 172331321 44 
956 I 172611257 52 
957 I 172822770 44 
958 I 173200578 52 
959 I 173225858 44 
960 I 173373730 52 
961 I 173629986 44 
962 I 173844646 44 
963 I 173866008 44 
964 I 173949385 44 
965 I 174069838 44 
966 I 174104247 44 
967 I 174242260 44 
968 I 174905148 44 
969 I 176992759 44 
970 I 177142174 52 
971 I 177161513 44 
972 I 177731616 44 
973 I 177780010 52 
974 I 178387566 44 
975 I 178435479 44 
976 I 178570367 44 
977 I 178628976 44 
978 I 178904118 44 
979 I 179071948 44 
980 I 179274439 44 
981 I 179671011 44 
982 I 179678018 44 
983 I 179678336 44 
984 I 179763812 44 
985 I 179977893 44 
986 I 180030528 44 
987 I 180240761 44 
988 I 180347793 44 
989 I 180349024 44 
990 I 180379355 44 
991 I 180732147 44 
992 I 180749605 44 
993 I 180782913 44 
994 I 180881675 44 
995 I 180923332 44 
996 I 181284078 44 
997 I 181372416 44 
998 I 181384652 44 
999 I 181398649 44 
1000 I 181587791 44 
1001 I 181788797 44 
1002 I 181988778 44 
1003 I 182328710 44 
1004 I 182490311 44 
1005 I 182669390 44 
1006 I 182891263 44 
1007 I 183221836 44 
1008 I 183545010 44 
1009 I 183626329 44 
1010 I 183694948 44 
1011 I 183898902 44 
1012 I 183995424 44 
1013 I 184046894 44 
1014 I 184314421 44 
1015 I 184503292 44 
1016 I 184603552 44 
1017 I 185015241 44 
1018 I 185208171 44 
1019 I 185540787 44 
1020 I 185611549 44 
1021 I 185664621 44 
1022 I 185811944 44 
1023 I 185934603 44 
1024 I 186097375 44 
1025 I 186315443 44 
1026 I 186590824 44 
1027 I 186876268 44 
1028 I 187017352 44 
1029 I 188030277 44 
1030 I 188235447 44 
1031 I 188953758 44 
1032 I 189128617 44 
1033 I 189531686 44 
1034 I 189652986 44 
1035 I 190191024 44 
1036 I 191953246 44 
1037 I 192147628 44 
1038 I 192491548 44 
1039 I 192595926 44 
1040 I 192883933 44 
1041 I 193055173 44 
1042 I 193055593 44 
1043 I 193255320 44 
1044 I 193316744 52 
1045 I 193318125 44 
1046 I 193455001 44 
1047 I 193557129 44 
1048 I 193559154 44 
1049 I 193859140 44 
1050 I 193973103 44 
1051 I 194040418 44 
1052 I 194258686 44 
1053 I 194304945 44 
1054 I 194461149 44 
1055 I 194685207 44 
1056 I 194856326 44 
1057 I 194868634 44 
1058 I 195265147 44 
1059 I 195375512 44 
1060 I 195468037 44 
1061 I 195472006 44 
1062 I 195537571 44 
1063 I 195622089 44 
1064 I 195733216 44 
1065 I 195770235 44 
1066 I 195816232 44 
1067 I 195853171 44 
1068 I 195893883 44 
1069 I 195962024 44 
1070 I 195985038 44 
1071 I 196098958 44 
1072 I 196117334 44 
1073 I 196169649 44 
1074 I 196199808 44 
1075 I 196289575 44 
1076 I 196332113 44 
1077 I 196377012 44 
1078 I 196403436 44 
1079 I 196676563 44 
1080 I 196872372 44 
1081 I 196976099 44 
1082 I 197044511 44 
1083 I 197085794 44 
1084 I 197131252 44 
1085 I 197177507 44 
1086 I 197182515 44 
1087 I 197291794 44 
1088 I 197325985 44 
1089 I 197353745 44 
1090 I 197680634 44 
1091 I 197684915 44 
1092 I 197915014 44 
1093 I 198082610 44 
1094 I 198411574 44 
1095 I 198582170 44 
1096 I 198652761 44 
1097 I 198768250 44 
1098 I 198834437 44 
1099 I 198987286 44 
1100 I 199398378 44 
1101 I 199694294 44 
1102 I 200411866 44 
1103 I 200498426 44 
1104 I 200559704 44 
1105 I 200608930 52 
1106 I 201150927 44 
1107 I 201635211 44 
1108 I 201640259 44 
1109 I 201676272 44 
1110 I 201792870 44 
1111 I 202004691 44 
1112 I 202207241 44 
1113 I 202284938 44 
1114 I 202876765 44 
1115 I 203312513 44 
1116 I 203892492 44 
1117 I 203917725 44 
1118 I 204117309 44 
1119 I 204520411 44 
1120 I 204690224 44 
1121 I 204823388 44 
1122 I 204961282 44 
1123 I 205124230 44 
1124 I 205127613 44 
1125 I 205231989 44 
1126 I 205425237 44 
1127 I 205441928 44 
1128 I 205626825 44 
1129 I 205752937 44 
1130 I 205933293 44 
1131 I 205956325 44 
1132 I 206224119 44 
1133 I 206506634 44 
1134 I 206726849 52 
1135 I 207021956 44 
1136 I 207053366 44 
1137 I 207388926 44 
1138 I 207487722 44 
1139 I 207539950 44 
1140 I 207562500 44 
1141 I 207567139 44 
1142 I 207569868 44 
1143 I 207575934 44 
1144 I 207892735 44 
1145 I 208128331 44 
1146 I 208139995 44 
1147 I 208242529 44 
1148 I 208340370 44 
1149 I 208387249 44 
1150 I 208658984 44 
1151 I 208843693 44 
1152 I 208869903 44 
1153 I 209049143 44 
1154 I 209053751 44 
1155 I 209246968 44 
1156 I 209693581 44 
1157 I 209849076 44 
1158 I 209951709 44 
1159 I 210137448 44 
1160 I 210143868 44 
1161 I 210209171 44 
1162 I 210354955 44 
1163 I 210567361 44 
1164 I 211055685 52 
1165 I 211297088 44 
1166 I 211360175 44 
1167 I 211460043 44 
1168 I 211752581 44 
1169 I 211769451 44 
1170 I 212083932 44 
1171 I 212468436 44 
1172 I 212619305 52 
1173 I 212768742 44 
1174 I 212768903 44 
1175 I 212869276 44 
1176 I 213234692 44 
1177 I 213349445 44 
1178 I 213369436 44 
1179 I 213457889 44 
1180 I 213718784 52 
1181 I 214305411 44 
1182 I 214399311 44 
1183 I 214580433 44 
1184 I 215146040 44 
1185 I 215187297 52 
1186 I 215741804 44 
1187 I 216166948 44 
1188 I 216280417 44 
1189 I 216994523 44 
1190 I 217061636 44 
1191 I 217366094 44 
1192 I 217423833 44 
1193 I 217498322 44 
1194 I 217769691 44 
1195 I 217827547 44 
1196 I 217997539 44 
1197 I 218120986 44 
1198 I 218300011 44 
1199 I 218671900 44 
1200 I 218765564 44 
1201 I 218791270 44 
1202 I 219129241 44 
1203 I 219152852 44 
1204 I 219156064 52 
1205 I 219158014 44 
1206 I 219357189 44 
1207 I 219381930 44 
1208 I 219453797 44 
1209 I 219489188 44 
1210 I 219507071 44 
1211 I 219524964 44 
1212 I 219906808 44 
1213 I 219989896 44 
1214 I 220110150 44 
1215 I 220112543 44 
1216 I 220167099 44 
1217 I 220178560 44 
1218 I 220229481 52 
1219 I 220254758 44 
1220 I 220777670 44 
1221 I 220895392 44 
1222 I 220964554 44 
1223 I 221090134 44 
1224 I 221118737 44 
1225 I 221327175 44 
1226 I 221777107 44 
1227 I 221920622 44 
1228 I 221981317 44 
1229 I 222061345 44 
1230 I 222600519 44 
1231 I 222610833 44 
1232 I 222630137 44 
1233 I 223303679 44 
1234 I 223430010 44 
1235 I 223555302 44 
1236 I 223732879 44 
1237 I 223909774 44 
1238 I 223914981 44 
1239 I 224160736 44 
1240 I 224333341 44 
1241 I 224969650 44 
1242 I 225082733 44 
1243 I 225140599 44 
1244 I 225480200 44 
1245 I 226053239 44 
1246 I 226866762 44 
1247 I 226872876 44 
1248 I 227701125 52 
1249 I 228090857 44 
1250 I 228096409 44 
1251 I 228290887 44 
1252 I 228358994 44 
1253 I 228873750 44 
1254 I 229064479 44 
1255 I 229116023 44 
1256 I 229201344 44 
1257 I 229865971 44 
1258 I 230270984 44 
1259 I 230576353 44 
1260 I 230873872 44 
1261 I 230920164 44 
1262 I 230927778 44 
1263 I 230992853 44 
1264 I 231475497 44 
1265 I 231929450 52 
1266 I 232462237 44 
1267 I 233130400 44 
1268 I 233177278 52 
1269 I 233289725 44 
1270 I 233428582 44 
1271 I 233838563 44 
1272 I 233892066 44 
1273 I 234293523 44 
1274 I 234298174 52 
1275 I 234895050 44 
1276 I 234965789 44 
1277 I 235401127 44 
1278 I 235597595 44 
1279 I 235723424 44 
1280 I 235904120 44 
1281 I 236015964 52 
1282 I 236188163 44 
1283 I 236383869 44 
1284 I 236606383 44 
1285 I 236609094 44 
1286 I 236707824 44 
1287 I 237212798 44 
1288 I 237613245 44 
1289 I 238115990 44 
1290 I 238284609 44 
1291 I 238417235 44 
1292 I 238454181 44 
1293 I 238719420 44 
1294 I 238919865 44 
1295 I 238924226 44 
1296 I 239151848 44 
1297 I 239324203 44 
1298 I 239422721 44 
1299 I 239427299 44 
1300 I 239753117 44 
1301 I 240100207 44 
1302 I 240514778 44 
1303 I 240728940 44 
1304 I 240734190 44 
1305 I 240768658 44 
1306 I 240935350 44 
1307 I 241141983 44 
1308 I 241143726 44 
1309 I 241529221 44 
1310 I 241534603 44 
1311 I 241737446 44 
1312 I 243239557 44 
1313 I 243447726 44 
1314 I 243484336 44 
1315 I 243583172 52 
1316 I 243828503 44 
1317 I 243837449 44 
1318 I 243927201 44 
1319 I 244125201 44 
1320 I 244203199 44 
1321 I 244354382 44 
1322 I 244357415 44 
1323 I 244725593 44 
1324 I 244735350 44 
1325 I 244856149 44 
1326 I 245057813 44 
1327 I 245064018 44 
1328 I 245184981 44 
1329 I 245496434 44 
1330 I 245660817 44 
1331 I 245902051 44 
1332 I 246208951 52 
1333 I 246252261 44 
1334 I 246462794 44 
1335 I 246660897 44 
1336 I 246767891 44 
1337 I 246918802 44 
1338 I 247069364 44 
1339 I 247371014 44 
1340 I 247392148 44 
1341 I 247839176 44 
1342 I 248476354 44 
1343 I 248729461 44 
1344 I 248882515 44 
1345 I 248938475 52 
1346 I 249043841 44 
1347 I 249283647 44 
1348 I 249283837 44 
1349 I 249609543 44 
1350 I 249622470 44 
1351 I 249685014 44 
1352 I 249688690 44 
1353 I 249810677 52 
1354 I 249847815 44 
1355 I 249858159 44 
1356 I 249886156 44 
1357 I 249887122 44 
1358 I 250413214 44 
1359 I 250426666 44 
1360 I 250427421 44 
1361 I 250534406 44 
1362 I 251397961 44 
1363 I 251492652 44 
1364 I 251596745 44 
1365 I 251598464 44 
1366 I 251896649 44 
1367 I 252099900 44 
1368 I 252142081 44 
1369 I 252201032 44 
1370 I 252245170 44 
1371 I 252312564 44 
1372 I 252389238 44 
1373 I 252598993 44 
1374 I 252702014 44 
1375 I 252702793 44 
1376 I 252803714 44 
1377 I 252902558 44 
1378 I 253151669 44 
1379 I 253177408 44 
1380 I 253307014 44 
1381 I 253308077 44 
1382 I 253499265 52 
1383 I 253502457 44 
1384 I 253505644 44 
1385 I 253506553 44 
1386 I 253902540 44 
1387 I 253904360 52 
1388 I 253909438 44 
1389 I 254011103 44 
1390 I 254144477 44 
1391 I 254188200 44 
1392 I 254503284 44 
1393 I 254531870 44 
1394 I 254567959 44 
1395 I 254922776 44 
1396 I 254932588 52 
1397 I 254940679 44 
1398 I 255113280 44 
1399 I 255159047 44 
1400 I 255495574 52 
1401 I 255565797 44 
1402 I 255588139 44 
1403 I 255653546 44 
1404 I 255697396 44 
1405 I 255766186 44 
1406 I 255785889 44 
1407 I 255792490 44 
1408 I 255810134 44 
1409 I 256105002 44 
1410 I 256541482 44 
1411 I 256620700 44 
1412 I 257033750 44 
1413 I 257226948 44 
1414 I 257330087 44 
1415 I 257530487 44 
1416 I 258033304 44 
1417 I 258302562 44 
1418 I 258396076 44 
1419 I 258435554 44 
1420 I 258538777 44 
1421 I 258576872 52 
1422 I 258635455 44 
1423 I 258649217 44 
1424 I 258914967 44 
1425 I 259037807 44 
1426 I 259103295 44 
1427 I 259139481 44 
1428 I 259723530 44 
1429 I 259943955 44 
1430 I 260378585 44 
1431 I 260546915 44 
1432 I 260657504 44 
1433 I 260776935 44 
1434 I 260830279 44 
1435 I 260952254 44 
1436 I 261152364 44 
1437 I 261321992 44 
1438 I 261452316 44 
1439 I 261552096 44 
1440 I 261590734 44 
1441 I 261668363 44 
1442 I 261755159 44 
1443 I 261859074 44 
1444 I 261886895 44 
1445 I 261941209 44 
1446 I 261959621 44 
1447 I 262140993 44 
1448 I 262246622 44 
1449 I 262358142 44 
1450 I 262371244 44 
1451 I 262454541 44 
1452 I 262459488 44 
1453 I 262584618 44 
1454 I 262639461 44 
1455 I 262660553 44 
1456 I 262662558 44 
1457 I 262688305 44 
1458 I 262690799 44 
1459 I 262697933 44 
1460 I 262701748 44 
1461 I 262786292 44 
1462 I 262929772 44 
1463 I 262960443 44 
1464 I 262984066 44 
1465 I 263042790 44 
1466 I 263176741 44 
1467 I 263300492 44 
1468 I 263563647 44 
1469 I 263783691 44 
1470 I 263829856 44 
1471 I 263867287 44 
1472 I 263900197 44 
1473 I 263969458 44 
1474 I 264009969 44 
1475 I 264167067 44 
1476 I 264270865 44 
1477 I 264875276 44 
1478 I 264876092 44 
1479 I 264879573 44 
1480 I 264954034 44 
1481 I 265028226 44 
1482 I 265490041 44 
1483 I 265679212 44 
1484 I 265880821 44 
1485 I 266060079 44 
1486 I 266077887 44 
1487 I 266182842 44 
1488 I 266480673 44 
1489 I 266613211 44 
1490 I 266783578 44 
1491 I 266882751 44 
1492 I 267054846 52 
1493 I 267338904 44 
1494 I 267417841 44 
1495 I 267486777 44 
1496 I 267590954 44 
1497 I 267765104 52 
1498 I 267786193 44 
1499 I 267789462 44 
1500 I 267898252 44 
1501 I 267994296 44 
1502 I 267995873 44 
1503 I 268468179 44 
1504 I 268741922 44 
1505 I 268779528 44 
1506 I 268784634 44 
1507 I 269194463 44 
1508 I 269839597 44 
1509 I 269884728 44 
1510 I 270379043 44 
1511 I 270575654 44 
1512 I 270594575 44 
1513 I 270908223 44 
1514 I 272044731 44 
1515 I 272106252 44 
1516 I 272128775 44 
1517 I 272158093 44 
1518 I 272478842 44 
1519 I 273018960 44 
1520 I 273366431 44 
1521 I 273373065 44 
1522 I 273494330 44 
1523 I 273622541 44 
1524 I 273947785 44 
1525 I 274026519 44 
1526 I 274162323 44 
1527 I 274329448 44 
1528 I 274429171 44 
1529 I 274432546 44 
1530 I 274577873 44 
1531 I 274661460 44 
1532 I 274831570 44 
1533 I 275032378 44 
1534 I 275100449 44 
1535 I 275210600 44 
1536 I 275236012 44 
1537 I 275247614 44 
1538 I 275701174 44 
1539 I 275752016 52 
1540 I 275937918 44 
1541 I 276202895 44 
1542 I 276236819 44 
1543 I 276608934 44 
1544 I 277077861 44 
1545 I 277674221 44 
1546 I 277846708 44 
1547 I 277939547 44 
1548 I 278148592 44 
1549 I 278448767 52 
1550 I 278539766 44 
1551 I 278602572 44 
1552 I 278744201 44 
1553 I 278752899 44 
1554 I 278953762 44 
1555 I 279410390 44 
1556 I 280634928 44 
1557 I 280866366 44 
1558 I 281228284 44 
1559 I 281270054 44 
1560 I 281370376 44 
1561 I 281573198 44 
1562 I 282026093 44 
1563 I 282775990 44 
1564 I 284241857 44 
1565 I 284354556 44 
1566 I 284485098 44 
1567 I 284657186 44 
1568 I 284891223 44 
1569 I 285021374 44 
1570 I 285090797 44 
1571 I 285308200 44 
1572 I 285467181 44 
1573 I 285693751 44 
1574 I 285999756 44 
1575 I 286396390 44 
1576 I 286598630 44 
1577 I 286802087 44 
1578 I 286935264 44 
1579 I 286995344 44 
1580 I 287298255 44 
1581 I 287303879 44 
1582 I 287305137 52 
1583 I 287385978 44 
1584 I 287451060 44 
1585 I 287835501 44 
1586 I 288154162 44 
1587 I 288195952 44 
1588 I 288434873 44 
1589 I 288460109 44 
1590 I 288685396 44 
1591 I 288921669 44 
1592 I 289115457 44 
1593 I 289516030 44 
1594 I 289516476 44 
1595 I 290160148 44 
1596 I 290237424 44 
1597 I 290401001 44 
1598 I 290422125 44 
1599 I 290521867 44 
1600 I 290957479 44 
1601 I 291053631 44 
1602 I 291214770 44 
1603 I 291216504 52 
1604 I 291231977 44 
1605 I 291249056 44 
1606 I 291629188 44 
1607 I 291827591 44 
1608 I 291870073 44 
1609 I 291872617 44 
1610 I 291905563 44 
1611 I 292066243 44 
1612 I 292333531 44 
1613 I 292368173 44 
1614 I 292368430 44 
1615 I 292393574 44 
1616 I 292415478 44 
1617 I 292531491 44 
1618 I 292956382 44 
1619 I 293062239 44 
1620 I 293079914 44 
1621 I 293140594 44 
1622 I 293239062 44 
1623 I 293611655 44 
1624 I 293740697 44 
1625 I 293939829 44 
1626 I 294196854 44 
1627 I 294270513 44 
1628 I 294444888 44 
1629 I 294747343 44 
1630 I 295160755 44 
1631 I 295249113 44 
1632 I 295753108 44 
1633 I 295974345 44 
1634 I 296353901 44 
1635 I 296520592 44 
1636 I 296853514 44 
1637 I 297061879 44 
1638 I 297174453 52 
1639 I 297186475 44 
1640 I 297266687 44 
1641 I 297374245 44 
1642 I 297439316 44 
1643 I 297463348 44 
1644 I 297663137 44 
1645 I 297665161 44 
1646 I 298191434 44 
1647 I 298624873 44 
1648 I 298771112 44 
1649 I 299036718 52 
1650 I 299332086 44 
1651 I 299511332 44 
1652 I 299662513 44 
