0 I 0 52 
1 I 1093763 44 
2 I 1207283 52 
3 I 2292681 44 
4 I 2350161 44 
5 I 3496181 44 
6 I 3502612 44 
7 I 3610270 44 
8 I 5860730 44 
9 I 5867084 44 
10 I 5871292 44 
11 I 5876891 44 
12 I 6213240 44 
13 I 6214603 44 
14 I 6219179 44 
15 I 7055297 44 
16 I 7066983 44 
17 I 7073044 44 
18 I 7076504 44 
19 I 7405225 44 
20 I 7415384 44 
21 I 7425538 44 
22 I 8221966 44 
23 I 8233545 44 
24 I 8243815 44 
25 I 8573657 44 
26 I 8581631 44 
27 I 9393929 44 
28 I 9400407 44 
29 I 10033984 44 
30 I 10621107 44 
31 I 10627009 44 
32 I 10629270 44 
33 I 10635494 44 
34 I 10645847 44 
35 I 11024710 44 
36 I 11028781 44 
37 I 11033949 44 
38 I 11040408 44 
39 I 11044184 44 
40 I 27460958 44 
41 I 32965819 44 
42 I 67426268 52 
43 I 68669729 44 
44 I 70082674 44 
45 I 72838815 44 
46 I 72845868 44 
47 I 72851431 44 
48 I 74016282 44 
49 I 74022228 44 
50 I 74030853 44 
51 I 74042704 44 
52 I 74183010 44 
53 I 75183303 44 
54 I 75198916 44 
55 I 75205281 44 
56 I 89296961 44 
57 I 93836441 44 
