0 I 0 1458 
1 I 600275 1458 
2 I 601914 1458 
3 I 1183866 1458 
4 I 1185086 1458 
5 I 1752326 1458 
6 I 1754058 1458 
7 I 2472251 1458 
8 I 2473504 1458 
9 I 3052784 1458 
10 I 3053564 1180 
11 I 3683235 1458 
12 I 4300633 1458 
13 I 4900088 1458 
14 I 4930283 322 
15 I 5562481 252 
16 I 5562495 1458 
17 I 6186519 1458 
18 I 6796239 366 
19 I 9898794 1458 
20 I 10477033 1458 
21 I 10478319 1458 
22 I 15198350 1458 
23 I 15764434 1458 
24 I 15765810 1458 
25 I 16332654 1458 
26 I 16333897 1458 
27 I 16907379 1458 
28 I 16908293 1458 
29 I 17490555 1458 
30 I 17491391 1458 
31 I 17492282 1458 
32 I 18055519 1458 
33 I 18057345 1458 
34 I 18250791 1458 
35 I 18626312 1458 
36 I 18821332 1130 
37 I 19203523 1458 
38 I 20400444 1458 
39 I 20979610 1458 
40 I 20980793 1458 
41 I 21760596 1458 
42 I 22351833 1458 
43 I 22940583 430 
44 I 24698103 1458 
45 I 25290885 1458 
46 I 25292096 1458 
47 I 26058248 1458 
48 I 27112277 1458 
49 I 29311958 1458 
50 I 29888192 1458 
51 I 29889254 1458 
52 I 30443912 1458 
53 I 30445547 1458 
54 I 30988455 1458 
55 I 30989605 1458 
56 I 31911895 1458 
57 I 32567276 1458 
58 I 32568374 1458 
59 I 33285356 1458 
60 I 35211832 1458 
61 I 35878373 1458 
62 I 35879514 1458 
63 I 36367622 1458 
64 I 36369008 1458 
65 I 37311107 1458 
66 I 39311229 1458 
67 I 43315560 1458 
68 I 51314709 1458 
69 I 67328576 1458 
70 I 84540875 44 
71 I 84543471 1458 
72 I 84544305 1458 
