0 I 0 52 
1 I 2949793 52 
2 I 3684175 44 
3 I 3686488 103 
4 I 9691116 103 
5 I 13453949 66 
6 I 14239475 66 
7 I 15014545 44 
8 I 15701967 66 
9 I 18727066 66 
10 I 19394519 90 
11 I 20116845 44 
12 I 20815483 44 
13 I 23411285 44 
14 I 24163464 44 
15 I 24948129 44 
16 I 27206465 44 
17 I 32950133 44 
18 I 33597906 44 
19 I 34399498 44 
20 I 35231672 44 
21 I 36212427 44 
22 I 36359870 44 
23 I 37244309 56 
24 I 37274600 56 
25 I 40139408 44 
26 I 40141644 90 
27 I 40830600 44 
28 I 41591512 56 
29 I 41612433 56 
30 I 42293119 56 
31 I 47421679 44 
32 I 48549267 56 
33 I 55843012 44 
34 I 97851492 44 
35 I 98794468 56 
36 I 99415833 44 
