0 I 0 52 
1 I 962451 44 
2 I 2048972 44 
3 I 2998729 44 
4 I 3000228 44 
5 I 6482601 44 
6 I 19015597 44 
7 I 26790190 44 
8 I 55949309 52 
9 I 56762647 44 
10 I 73479789 44 
11 I 74338902 44 
12 I 74339101 44 
13 I 75197138 44 
14 I 75197447 44 
15 I 77866692 44 
16 I 78758129 44 
17 I 79631164 44 
18 I 79631712 44 
19 I 80601730 44 
20 I 81476285 44 
21 I 83511276 44 
22 I 83518010 44 
23 I 83588324 44 
24 I 84393958 48 
25 I 84395284 48 
26 I 89402915 52 
27 I 90260070 44 
28 I 91295499 44 
29 I 91469727 52 
30 I 91570532 48 
31 I 91571547 48 
32 I 92296202 44 
33 I 94546773 44 
34 I 95331126 44 
35 I 95331282 44 
36 I 98248245 44 
37 I 99058335 44 
38 I 99060808 44 
39 I 99876233 44 
40 I 99877514 44 
41 I 99877795 44 
42 I 100683959 44 
43 I 100684294 44 
44 I 103675989 44 
45 I 104457130 44 
46 I 105246954 44 
47 I 105248707 44 
48 I 105381427 44 
49 I 105806607 44 
50 I 106180775 44 
51 I 106964594 44 
52 I 108696329 44 
53 I 109492230 44 
54 I 109492317 44 
55 I 110294079 44 
56 I 111955039 44 
57 I 112792142 44 
58 I 113808665 44 
59 I 114646122 44 
60 I 116417027 44 
61 I 117222829 44 
62 I 117223086 44 
63 I 118686199 44 
