0 I 0 44 
1 I 39437318 44 
2 I 40317082 44 
3 I 41216583 44 
4 I 42172363 90 
5 I 43095393 56 
6 I 47198109 44 
7 I 48132830 44 
8 I 64791333 44 
9 I 65679534 44 
10 I 66607556 44 
11 I 67837919 44 
12 I 68931055 44 
13 I 69853264 56 
14 I 70764976 56 
15 I 71454410 44 
16 I 71715037 44 
17 I 72408561 56 
18 I 72673004 56 
19 I 73534072 56 
20 I 77655443 44 
21 I 78586010 44 
22 I 79481834 56 
23 I 80370860 56 
24 I 81018237 44 
25 I 81236486 44 
26 I 81894283 44 
27 I 84328771 44 
28 I 85183401 44 
29 I 86052886 44 
30 I 86940732 44 
31 I 88226167 44 
32 I 89078774 44 
33 I 89933204 44 
34 I 90786230 44 
35 I 91649890 56 
36 I 92513041 56 
37 I 93405046 56 
38 I 93821274 44 
39 I 94265080 44 
40 I 94661867 44 
41 I 95224075 44 
42 I 95624826 44 
43 I 96499313 56 
44 I 97345910 64 
45 I 97704656 56 
46 I 100276585 56 
47 I 101119173 56 
48 I 106335565 44 
49 I 116730234 44 
50 I 117512133 44 
51 I 118296330 44 
52 I 122768061 44 
53 I 123594349 44 
54 I 124410911 44 
55 I 129711781 44 
56 I 130589421 44 
57 I 131442989 44 
58 I 132287623 44 
59 I 133145406 44 
60 I 134507523 44 
61 I 137302377 44 
62 I 138124178 44 
63 I 138933717 56 
64 I 139755375 56 
65 I 140264267 44 
66 I 140548507 44 
67 I 141053445 44 
68 I 143721645 44 
69 I 144620542 44 
70 I 150341179 56 
71 I 151115062 56 
72 I 151117581 44 
73 I 151896527 44 
74 I 152012224 44 
75 I 152755286 44 
76 I 152911534 44 
77 I 153531120 44 
78 I 153812754 44 
79 I 154599328 44 
80 I 154609562 44 
81 I 155438498 56 
82 I 155439303 56 
83 I 155440402 56 
84 I 155441879 56 
85 I 156240918 56 
86 I 156244327 56 
87 I 156244445 56 
88 I 158019745 44 
89 I 161574765 44 
90 I 162402174 56 
91 I 162402887 56 
92 I 167418916 56 
93 I 168250649 56 
94 I 176259089 44 
95 I 191506247 44 
96 I 192237656 44 
97 I 192982993 44 
98 I 198401739 44 
99 I 199138513 44 
100 I 204261263 44 
101 I 205226087 66 
102 I 205964715 44 
103 I 206679451 56 
104 I 208098616 44 
105 I 208776198 44 
106 I 209461845 44 
107 I 210880108 44 
108 I 211559213 44 
109 I 212247280 44 
110 I 212917384 44 
111 I 213596706 56 
112 I 215402990 44 
113 I 217590743 44 
114 I 218398448 44 
115 I 219091483 56 
116 I 232257183 44 
117 I 233020111 44 
118 I 233774357 44 
119 I 235080173 44 
120 I 235993774 44 
121 I 240673574 90 
122 I 241453453 44 
123 I 246589165 44 
124 I 257019371 44 
125 I 257888881 44 
126 I 258660401 56 
127 I 259419769 56 
128 I 260288290 56 
129 I 261036675 56 
130 I 263605346 44 
131 I 264315711 44 
132 I 265020233 44 
133 I 265738160 44 
134 I 266461926 44 
135 I 266588171 44 
136 I 267175037 56 
137 I 267182173 44 
138 I 267897623 56 
139 I 267898802 64 
140 I 268615031 64 
141 I 269190055 56 
142 I 269322547 56 
143 I 269884215 44 
144 I 270786172 44 
145 I 271513396 56 
146 I 272221551 56 
147 I 273085484 56 
148 I 275190883 44 
149 I 284257322 44 
150 I 285029394 44 
151 I 285983869 44 
152 I 286769768 56 
153 I 288288214 44 
154 I 289054960 56 
155 I 291981456 44 
