0 I 0 52 
1 I 2927520 52 
2 I 3211219 44 
3 I 3212514 44 
4 I 3322640 44 
5 I 3470993 44 
6 I 101727600 52 
7 I 101953349 44 
8 I 102239088 44 
9 I 102670527 44 
10 I 102903954 56 
11 I 102910250 56 
12 I 103154734 56 
13 I 103339783 56 
14 I 103430970 44 
15 I 103674144 44 
16 I 104113500 44 
17 I 104367561 56 
18 I 104605005 56 
19 I 105007660 56 
20 I 106088991 44 
21 I 106514417 44 
22 I 106791449 56 
23 I 107045120 64 
24 I 109919008 56 
25 I 110157724 44 
26 I 110329616 44 
27 I 110430485 44 
28 I 110587362 56 
29 I 110718513 56 
30 I 110847297 56 
31 I 110966972 56 
32 I 111929449 44 
33 I 112327681 44 
34 I 112567593 56 
35 I 112574353 56 
36 I 113403163 44 
37 I 115552027 44 
38 I 115951972 44 
39 I 116180156 56 
40 I 116185973 56 
41 I 119615868 44 
42 I 119905592 44 
43 I 120172018 56 
44 I 120178460 56 
45 I 121529287 56 
46 I 121530463 56 
47 I 121802278 56 
48 I 122039066 64 
49 I 122289689 64 
50 I 142236456 52 
51 I 142478657 44 
52 I 142748670 44 
53 I 142977287 44 
54 I 142984983 44 
55 I 144151152 44 
56 I 144408985 44 
57 I 144629908 44 
58 I 144645382 44 
59 I 144887646 44 
60 I 144895436 44 
61 I 145147997 44 
62 I 145169352 44 
63 I 145435618 56 
64 I 146254788 56 
65 I 146475168 44 
66 I 146482323 44 
67 I 146716750 44 
68 I 146851052 44 
69 I 146989320 56 
70 I 147091400 56 
71 I 147251929 56 
72 I 147348932 56 
73 I 147513633 44 
74 I 147851690 44 
75 I 148119221 44 
76 I 148387540 44 
77 I 148613499 56 
78 I 148620945 56 
79 I 149212353 44 
80 I 149450138 44 
81 I 149652367 44 
82 I 149850147 44 
83 I 149902608 56 
84 I 150094438 56 
85 I 150160857 56 
86 I 150345684 44 
87 I 150758861 44 
88 I 151033667 56 
89 I 152821489 44 
90 I 153068395 44 
91 I 153347529 44 
92 I 153349395 44 
93 I 153603732 44 
94 I 153791052 44 
95 I 153875278 56 
96 I 154386304 44 
97 I 158584972 52 
98 I 158809727 44 
99 I 159294313 44 
100 I 159556324 56 
101 I 159560028 56 
102 I 159808449 56 
103 I 159829842 56 
104 I 161485801 44 
105 I 167760369 44 
106 I 181620813 44 
107 I 181892076 56 
108 I 182123859 56 
109 I 182394408 56 
110 I 182646092 56 
111 I 182898304 56 
112 I 204436454 44 
113 I 204689172 44 
114 I 204944998 44 
115 I 205123396 44 
116 I 205203937 44 
117 I 205450958 56 
118 I 205456914 56 
119 I 205717965 56 
120 I 205724889 56 
121 I 205947669 44 
122 I 206323020 44 
123 I 206723672 44 
124 I 206945435 56 
125 I 206954061 56 
126 I 207180075 56 
127 I 207187961 56 
128 I 207402713 44 
129 I 207821167 44 
130 I 208092829 44 
131 I 215220213 44 
132 I 215620028 44 
133 I 215860642 56 
134 I 215869033 56 
135 I 216127690 56 
136 I 216381363 64 
137 I 216632892 64 
138 I 223568437 56 
139 I 269890262 44 
140 I 270148532 44 
