0 I 0 68 
1 I 2209413 1424 
2 I 3179537 1424 
3 I 3180685 1424 
4 I 4147574 1424 
5 I 4919050 1424 
6 I 5880788 1424 
7 I 5881955 1424 
8 I 7624504 1424 
9 I 8593153 1424 
10 I 9686741 1424 
11 I 11440269 1424 
12 I 12392925 1424 
13 I 12393998 1424 
14 I 13385718 1424 
15 I 13387307 1424 
16 I 14342026 1424 
17 I 14342847 1424 
18 I 15279066 1424 
19 I 15280229 1424 
20 I 15281453 1424 
21 I 16233336 1424 
22 I 16233545 546 
23 I 18958751 1424 
24 I 22390764 1424 
25 I 23391202 1424 
26 I 23392717 1424 
27 I 24977750 1424 
28 I 25995736 1424 
29 I 25996849 1424 
30 I 27004765 1424 
31 I 27487757 1424 
32 I 28018973 617 
33 I 28501839 1424 
34 I 28503060 1424 
35 I 29502172 1424 
36 I 29994161 1424 
37 I 30974340 1424 
38 I 30975421 1424 
39 I 31972919 1424 
40 I 31973950 1424 
41 I 33304218 1424 
42 I 34254778 1424 
43 I 34256028 1424 
44 I 35437573 1424 
45 I 37017918 1424 
46 I 40227138 1424 
47 I 41203268 1424 
48 I 41204296 1424 
49 I 42332091 1424 
50 I 43836982 1424 
51 I 44965997 1424 
52 I 44967157 1424 
53 I 45940868 1424 
54 I 45942140 1424 
55 I 46922556 1424 
56 I 46923758 1424 
57 I 47878922 1424 
58 I 47880182 1424 
59 I 47881223 1424 
60 I 48874532 1424 
61 I 48875600 1424 
62 I 49879292 1424 
63 I 50256393 1424 
64 I 50853023 765 
65 I 51225839 1424 
66 I 51227296 1424 
67 I 51814631 1424 
68 I 52191900 1424 
69 I 52192760 1424 
70 I 53164499 1424 
71 I 53165607 1424 
72 I 53167274 1424 
73 I 54145331 1424 
74 I 54146382 1424 
75 I 54340165 1424 
76 I 55102839 1424 
77 I 55297499 85 
78 I 56876169 1424 
79 I 60085972 1424 
80 I 61104422 156 
81 I 61104435 1424 
82 I 62124238 1424 
83 I 62127565 1424 
84 I 63100163 1424 
85 I 63101282 1424 
86 I 64061663 1424 
87 I 64502507 1424 
88 I 65028776 1220 
89 I 65475990 1424 
90 I 65477319 1424 
91 I 65990237 1424 
92 I 66454556 1424 
93 I 67436059 1424 
94 I 67837771 1424 
95 I 68450222 1305 
96 I 68850919 1424 
97 I 68852389 1424 
98 I 69461766 1424 
99 I 69852337 1424 
100 I 71001723 1424 
101 I 71002985 1424 
102 I 72426314 1424 
103 I 75435584 1424 
104 I 76430006 1424 
105 I 76431119 1424 
106 I 77757243 1424 
107 I 78735077 1424 
108 I 78736230 1424 
109 I 79738957 1424 
110 I 80150625 1424 
111 I 80752933 929 
112 I 81169418 1424 
113 I 81170257 1424 
114 I 82198733 1424 
115 I 82567716 1424 
116 I 83237154 725 
117 I 83597230 1424 
118 I 83598210 1424 
119 I 84256564 1424 
120 I 84634730 1424 
121 I 85441673 1424 
122 I 85896087 1424 
123 I 85897208 1424 
124 I 86660394 1424 
125 I 86925047 1424 
126 I 86926253 1424 
127 I 87951812 1424 
128 I 87952304 653 
129 I 88976360 1424 
130 I 89779995 1424 
131 I 89966480 1424 
132 I 90809187 245 
133 I 90809202 1424 
134 I 90810629 292 
135 I 90810640 1424 
136 I 90982424 1424 
137 I 91843380 313 
138 I 91844817 1424 
139 I 91998078 1356 
140 I 92865946 1424 
141 I 92866987 1424 
142 I 95194705 1424 
143 I 99209120 1424 
144 I 100242600 1424 
145 I 100243817 1424 
146 I 101280297 1424 
147 I 101281649 1424 
148 I 102290153 1424 
149 I 102291458 1424 
150 I 103325393 1424 
151 I 103326574 1424 
152 I 103327962 1424 
153 I 104381583 1424 
154 I 104382642 1424 
155 I 105426356 1424 
156 I 105428405 912 
157 I 108736629 1424 
158 I 109757242 1424 
159 I 109758005 1424 
160 I 110770609 1424 
161 I 110771714 1424 
162 I 112654403 1424 
163 I 116460035 1424 
164 I 117467465 1424 
165 I 117468809 1424 
166 I 119368695 1424 
167 I 120338577 1424 
168 I 120340251 1424 
169 I 121346872 1424 
170 I 121348057 1424 
171 I 122984710 1424 
172 I 124162671 1424 
173 I 124163857 1424 
174 I 125141885 1424 
175 I 125790970 1424 
176 I 126748241 1424 
177 I 126749421 1424 
178 I 128397227 1424 
179 I 129325517 1424 
180 I 129327082 1424 
181 I 130255352 1424 
182 I 130256399 1424 
183 I 131357674 1424 
184 I 133012070 1424 
185 I 133948306 1424 
186 I 133949584 1424 
187 I 134877226 1424 
188 I 134878280 1424 
189 I 135809234 1424 
190 I 135810397 1424 
191 I 136911512 1424 
192 I 136912520 1424 
193 I 138428208 1424 
194 I 141841211 1424 
195 I 142800809 1424 
196 I 142801777 1424 
197 I 143936649 1424 
198 I 144905039 1424 
199 I 145549885 1424 
200 I 145858793 1320 
201 I 146519147 1424 
202 I 146520158 1424 
203 I 147483569 1424 
204 I 148160010 1424 
205 I 151570128 1424 
206 I 152495120 1424 
207 I 152496753 1424 
208 I 153415135 1424 
209 I 153416315 1424 
210 I 154330821 1424 
211 I 154332254 1424 
212 I 155272280 1424 
213 I 155273468 1424 
214 I 155274685 1424 
215 I 156187107 1424 
216 I 156188282 1424 
217 I 156390310 1424 
218 I 157083590 1424 
219 I 157084622 1424 
220 I 157085867 1424 
221 I 157361760 881 
222 I 158488195 56 
223 I 159794017 56 
224 I 198812112 56 
225 I 199746673 56 
