0 I 0 79 
1 I 929069 86 
2 I 1937005 90 
3 I 3901072 62 
4 I 3902128 56 
5 I 4843131 44 
6 I 39155634 64 
7 I 42141571 64 
8 I 43043514 56 
9 I 46759819 64 
10 I 47699272 56 
11 I 51019231 79 
12 I 51974605 86 
13 I 52970582 94 
14 I 83154081 79 
15 I 84116195 86 
16 I 85116811 92 
17 I 127949671 64 
18 I 128950860 56 
19 I 155312625 79 
20 I 158534742 79 
21 I 159054105 86 
22 I 160099599 92 
23 I 162032942 62 
24 I 162034588 56 
25 I 162988982 44 
26 I 163529092 62 
27 I 163530797 56 
28 I 164473277 56 
29 I 164475428 44 
30 I 169222934 62 
31 I 169224320 56 
32 I 170181510 44 
