0 I 0 1484 
1 I 604222 1484 
2 I 605591 1484 
3 I 1218261 1484 
4 I 1219846 1484 
5 I 1796123 1484 
6 I 1797368 1484 
7 I 2390711 1484 
8 I 2392058 1484 
9 I 2393724 1484 
10 I 2987133 1484 
11 I 2988544 1484 
12 I 3114874 1484 
13 I 3590770 1484 
14 I 3592162 1484 
15 I 3592885 1188 
16 I 4815649 1484 
17 I 5421603 1484 
18 I 5422989 1484 
19 I 6040540 1484 
20 I 6041885 1484 
21 I 6043294 1484 
22 I 6655456 1484 
23 I 6656780 1484 
24 I 6822850 1484 
25 I 7446112 1484 
26 I 7826804 1484 
27 I 8460774 1484 
28 I 8461700 1484 
29 I 9077316 1484 
30 I 9078616 1484 
31 I 10033222 1484 
32 I 12038745 1484 
33 I 16053062 1484 
34 I 16609529 1484 
35 I 16610806 1484 
36 I 24579071 1484 
37 I 25162061 1484 
38 I 25163510 1484 
39 I 25699721 1484 
40 I 25701420 1484 
41 I 26241009 1484 
42 I 26242051 1484 
43 I 26949692 1484 
44 I 26951045 1484 
45 I 27496577 1484 
46 I 27501056 750 
47 I 28043248 1484 
48 I 28044296 1350 
49 I 29695827 1484 
50 I 30246396 1344 
51 I 30384779 1484 
52 I 30920495 1484 
53 I 30923211 1484 
54 I 32103320 1484 
55 I 34410671 1484 
56 I 39226418 1484 
57 I 39795181 1484 
58 I 39796545 1484 
59 I 40470451 1484 
60 I 41035044 1484 
61 I 41634211 1484 
62 I 42198987 1484 
63 I 42200357 1484 
64 I 42772711 1484 
65 I 42774082 1484 
66 I 43359618 1484 
67 I 43841017 1484 
68 I 44423010 1484 
69 I 44424184 1484 
70 I 45176813 1484 
71 I 46349178 1484 
72 I 48756969 1484 
73 I 49332909 1484 
74 I 49334332 1484 
75 I 49910735 1484 
76 I 49912137 1484 
77 I 50964295 1484 
78 I 51548036 1484 
79 I 51549697 1484 
80 I 52138784 1484 
81 I 52140210 1484 
82 I 52714659 1484 
83 I 52716139 1484 
84 I 53295672 1484 
85 I 53296918 1484 
86 I 53298766 1484 
87 I 53898990 1484 
88 I 54472443 1484 
89 I 54876841 1484 
90 I 55021568 212 
91 I 55451281 116 
92 I 55451731 1484 
93 I 56008460 1484 
94 I 56009721 1484 
95 I 56560084 1484 
96 I 56983347 1484 
97 I 57537390 1484 
98 I 57538533 1484 
99 I 58102711 1484 
100 I 59493686 1484 
101 I 60064836 1484 
102 I 60066008 1484 
103 I 60637664 1484 
104 I 60638966 1484 
105 I 61217082 1484 
106 I 61219453 1484 
107 I 61777975 1484 
108 I 61779370 1484 
109 I 61780970 1484 
110 I 62349710 1484 
111 I 62351139 1484 
112 I 62929640 1484 
113 I 62930871 1484 
114 I 62932113 426 
115 I 62932406 1484 
116 I 63511694 1484 
117 I 63513131 1484 
118 I 63513776 1064 
119 I 63604767 1484 
120 I 64100440 1484 
121 I 64107619 426 
122 I 64186911 1366 
123 I 64680347 1484 
124 I 65249922 1484 
125 I 65611138 1484 
126 I 65811768 66 
127 I 66177141 1484 
128 I 66178608 1484 
129 I 66736918 1484 
130 I 66738278 1484 
131 I 67411318 1484 
132 I 67946609 1484 
133 I 68319772 1484 
134 I 68518174 1248 
135 I 68885674 1484 
136 I 68887567 1484 
137 I 69477166 1484 
138 I 69478281 1484 
139 I 70214240 1484 
140 I 70776746 1484 
141 I 71229193 1484 
142 I 71806087 1484 
143 I 71807526 1484 
144 I 72378062 1484 
145 I 73938561 1484 
146 I 74493754 1484 
147 I 74495284 1484 
148 I 75045699 1484 
149 I 75047101 1484 
150 I 76044650 1484 
151 I 76626543 1484 
152 I 76628132 1484 
153 I 77214837 1484 
154 I 78151676 1484 
155 I 78825011 1484 
156 I 78826165 1484 
157 I 79399135 1484 
158 I 79400632 1484 
159 I 79962309 1484 
160 I 79963574 1484 
161 I 80533063 1484 
162 I 80963158 1484 
163 I 81520296 1484 
164 I 81521671 1484 
165 I 82082382 1484 
166 I 82083735 1484 
167 I 82632877 1484 
168 I 82634377 1484 
169 I 83332368 1484 
170 I 83333591 1484 
171 I 83909405 1484 
172 I 83910239 899 
173 I 85677364 1484 
174 I 86241673 1484 
175 I 86242911 1484 
176 I 86816272 1484 
177 I 87402182 479 
178 I 90290935 1484 
179 I 90866674 1484 
180 I 90868058 1484 
181 I 91439671 1484 
182 I 91440801 1484 
183 I 92398142 1484 
184 I 92970354 1484 
185 I 92971630 1484 
186 I 93749243 1484 
187 I 94905567 1484 
188 I 95503336 1484 
189 I 95504451 1484 
190 I 97714506 1484 
191 I 98455848 1484 
192 I 98457239 1484 
193 I 103232122 1484 
194 I 103755409 1484 
195 I 103756747 1484 
196 I 104283067 1484 
197 I 104284451 1484 
198 I 105440123 1484 
199 I 107847165 1484 
200 I 108576827 1484 
201 I 108578240 1484 
202 I 109103515 1484 
203 I 109105112 1484 
204 I 109774029 1484 
205 I 110957176 1484 
206 I 111579162 1484 
207 I 111580540 1484 
208 I 112091003 1484 
209 I 112092131 1484 
210 I 112604997 1484 
211 I 112606405 1484 
212 I 113281600 1484 
213 I 113283007 1484 
214 I 113793983 1484 
215 I 114310955 368 
216 I 115473041 1484 
217 I 116183971 1484 
218 I 116185268 1484 
219 I 116691521 1484 
220 I 117205568 228 
221 I 120289545 1484 
222 I 125104449 1484 
223 I 125616737 1484 
224 I 125617678 1484 
225 I 126133008 1484 
226 I 126134396 1484 
227 I 126796362 1484 
228 I 127306068 1484 
229 I 127711604 1484 
230 I 128233864 1484 
231 I 128235186 1484 
232 I 128905048 1484 
233 I 129424598 1484 
234 I 129817867 1484 
235 I 130321782 1484 
236 I 130323894 1484 
237 I 130834299 1484 
238 I 132325828 1484 
239 I 132817879 1484 
240 I 132819004 1484 
241 I 136741474 1484 
242 I 137315952 1484 
243 I 137317626 1484 
244 I 137801620 1484 
245 I 137802903 1484 
246 I 138290221 1484 
247 I 138291612 1484 
248 I 138773707 1484 
249 I 138774964 1484 
250 I 138776414 1484 
251 I 139270255 1484 
252 I 139271579 1484 
253 I 139758963 1484 
254 I 139760430 1484 
255 I 139761357 1383 
256 I 140418157 1484 
257 I 140419316 1484 
258 I 140916464 1484 
259 I 141455207 1484 
260 I 142133966 1484 
261 I 142135994 1484 
262 I 142827669 1484 
263 I 142829166 1484 
264 I 143322291 1484 
265 I 143323263 1243 
266 I 145468258 1484 
267 I 149884197 1484 
268 I 150415082 1484 
269 I 150416477 1484 
270 I 159111969 1484 
271 I 159653019 1484 
272 I 159654211 1484 
273 I 177270666 1484 
274 I 177796336 1484 
275 I 177797664 1484 
276 I 178324943 1484 
277 I 178326458 1484 
278 I 179277426 1484 
279 I 179791709 1484 
280 I 179792915 1484 
281 I 180312388 1484 
282 I 180829250 229 
283 I 182788543 1484 
284 I 183263811 1484 
285 I 183265185 1484 
286 I 183744396 1484 
287 I 183745716 1484 
288 I 184382358 1484 
289 I 184383720 1484 
290 I 184855513 1484 
291 I 185396629 1484 
292 I 187604502 1484 
293 I 188078225 1484 
294 I 188079880 1484 
295 I 188553012 1484 
296 I 188554404 1484 
297 I 189509868 1484 
298 I 191416025 1484 
299 I 195429081 1484 
300 I 195927540 1484 
301 I 195928894 1484 
302 I 196398614 1484 
303 I 196399639 1484 
304 I 196892282 1484 
305 I 197234683 1484 
306 I 197360075 1255 
307 I 197824792 1484 
308 I 197826053 1484 
309 I 198304200 1484 
310 I 198305554 1484 
311 I 198777292 1484 
312 I 198778363 1484 
313 I 199247271 1484 
314 I 199642618 1484 
315 I 199718404 538 
316 I 200311878 1484 
317 I 200750164 1484 
318 I 201197897 990 
319 I 201675034 1484 
320 I 201676929 1484 
321 I 202136133 1484 
322 I 202137363 1484 
323 I 202615000 1484 
324 I 203053340 1484 
325 I 205059886 1484 
326 I 209074545 1484 
327 I 209540764 1484 
328 I 209542115 1484 
329 I 210127025 1484 
330 I 210617187 1484 
331 I 211080126 1484 
332 I 211564868 1484 
333 I 211566542 1484 
334 I 212043393 1484 
335 I 212044994 1484 
336 I 212885359 1484 
337 I 214691171 1484 
338 I 218302478 1484 
339 I 218815363 1484 
340 I 218816712 1484 
341 I 219342925 1484 
342 I 219344340 1484 
343 I 219851533 1484 
344 I 219853198 1484 
345 I 220710633 1484 
346 I 222415629 1484 
347 I 223044963 1484 
348 I 223046317 1484 
349 I 223587654 1484 
350 I 224108904 601 
351 I 228334970 1484 
352 I 228815295 1484 
353 I 228816663 1484 
354 I 229145390 44 
355 I 229295085 1484 
356 I 235961293 1484 
357 I 236409861 1484 
358 I 236411267 1484 
359 I 236960732 1484 
360 I 250807352 1484 
361 I 251287774 1484 
362 I 251289139 1484 
363 I 251758180 1484 
364 I 251759560 1484 
365 I 252513616 1484 
366 I 252966915 1484 
367 I 252969296 1484 
368 I 254719705 1484 
369 I 255181639 1484 
370 I 255182816 1484 
371 I 255657092 1484 
372 I 255658670 1484 
373 I 256149713 1484 
374 I 256150965 1484 
375 I 256627990 1484 
376 I 256629221 1484 
377 I 256630806 1484 
378 I 257110635 1484 
379 I 257112251 1484 
380 I 257299427 1484 
381 I 257582685 1484 
382 I 257583945 1484 
383 I 257585811 1484 
384 I 258052440 1484 
385 I 258431609 1484 
386 I 258522003 1322 
387 I 258904418 1484 
388 I 258905649 1484 
389 I 260638816 1484 
390 I 261123347 1484 
391 I 261124737 1484 
392 I 261598749 1484 
393 I 261599854 1484 
394 I 262086136 1484 
395 I 262087384 1484 
396 I 262583065 1484 
397 I 262584426 1484 
398 I 262585698 1484 
399 I 263068788 1484 
400 I 263949490 1484 
401 I 264436387 1484 
402 I 264437891 1484 
403 I 264916626 1484 
404 I 264918062 1484 
405 I 265403563 1484 
406 I 265404676 1484 
407 I 265886275 1484 
408 I 265887510 1484 
409 I 265888528 1484 
410 I 266360858 1484 
411 I 266361945 1484 
412 I 266510594 1484 
413 I 266994384 1484 
414 I 267360355 1484 
415 I 267477151 384 
416 I 269267351 1484 
417 I 269770123 1484 
418 I 269771551 1484 
419 I 270271923 1484 
420 I 270772577 244 
421 I 274984877 1484 
422 I 275488130 1484 
423 I 275490057 1484 
424 I 275974155 1484 
425 I 276469895 198 
