0 I 0 104 
1 I 200639 44 
2 I 676045 50 
3 I 1368187 275 
4 I 1938251 506 
5 I 4601103 737 
6 I 4805744 44 
7 I 5334852 56 
8 I 11044309 275 
9 I 11594171 506 
10 I 12143644 275 
11 I 12704033 275 
12 I 13244881 275 
13 I 15000823 506 
14 I 15565930 275 
15 I 16242970 275 
16 I 17603777 506 
17 I 18166513 56 
18 I 19718998 275 
19 I 20284393 506 
20 I 20856256 275 
21 I 21901434 506 
22 I 22556753 275 
23 I 23400573 275 
24 I 24099921 44 
25 I 24106990 275 
26 I 24677293 275 
27 I 24820377 275 
28 I 25398486 275 
29 I 25943291 275 
30 I 26492707 275 
31 I 27045681 275 
32 I 27700985 506 
33 I 29101119 506 
34 I 31901490 737 
35 I 32454272 275 
36 I 33013202 275 
37 I 33501191 506 
38 I 33700731 44 
39 I 34011361 275 
40 I 34209263 275 
41 I 34686056 275 
42 I 35001620 737 
43 I 35169700 275 
44 I 37101454 737 
45 I 37630739 275 
46 I 40800997 44 
47 I 41601590 737 
48 I 49602128 737 
49 I 50196824 275 
50 I 50885380 275 
51 I 51396760 275 
52 I 51909029 275 
53 I 52701602 506 
54 I 54301683 506 
55 I 66601049 44 
56 I 66601711 275 
57 I 67148958 506 
58 I 67802328 737 
59 I 68333738 56 
60 I 69601300 44 
61 I 69657203 275 
62 I 69684797 1366 
63 I 69684817 409 
64 I 70203154 1366 
65 I 70713151 1366 
66 I 70715463 1366 
67 I 71212151 56 
68 I 71214450 1366 
69 I 71704310 1366 
70 I 72702907 1366 
71 I 74702900 1366 
72 I 75231919 1366 
73 I 75233093 1366 
74 I 75500899 44 
75 I 75899975 1366 
76 I 76437510 1366 
77 I 76955262 1278 
78 I 77704098 1366 
79 I 78251164 1366 
80 I 78252738 1366 
81 I 86203081 1366 
82 I 102205287 1366 
83 I 124336093 1366 
84 I 124337416 1366 
85 I 156334089 1366 
