0 I 0 52 
1 I 610702 44 
2 I 1706542 44 
3 I 2334092 44 
4 I 2467910 44 
5 I 2946744 44 
6 I 3063099 52 
7 I 3065066 52 
8 I 3078277 44 
9 I 3084432 44 
10 I 3562591 44 
11 I 3679736 44 
12 I 3681085 44 
13 I 3682879 44 
14 I 3703758 44 
15 I 3887373 44 
16 I 4181397 44 
17 I 4310436 44 
18 I 4310772 44 
19 I 5109023 44 
20 I 11499271 44 
21 I 11504391 44 
22 I 11504392 44 
23 I 12093343 44 
24 I 12099673 44 
25 I 12099743 44 
26 I 19610134 44 
27 I 20624287 44 
28 I 23159542 44 
29 I 23160368 44 
30 I 27633285 44 
31 I 28663038 44 
32 I 92305367 52 
33 I 92848294 44 
34 I 93404076 44 
35 I 93962557 44 
36 I 94091355 44 
37 I 94106069 52 
38 I 94403953 52 
39 I 94675073 44 
40 I 94968166 44 
41 I 95312807 44 
42 I 95588219 56 
43 I 95588237 44 
44 I 95894815 44 
45 I 96455223 44 
46 I 97010882 44 
47 I 97201044 52 
48 I 97585165 44 
49 I 97755837 44 
50 I 97773319 44 
51 I 98321134 44 
52 I 110659685 44 
53 I 110962728 52 
54 I 111588520 44 
55 I 112213941 44 
56 I 112839556 44 
57 I 112946935 44 
58 I 113455309 44 
59 I 113455491 44 
60 I 113556142 44 
61 I 113646501 44 
62 I 113646541 44 
63 I 113751927 44 
64 I 114059780 44 
65 I 114154964 44 
66 I 114348769 44 
67 I 114648467 44 
68 I 114861764 44 
69 I 119998761 44 
70 I 119999269 44 
71 I 129663655 44 
72 I 130563522 44 
