0 I 0 52 
1 I 2061269 44 
2 I 6868134 44 
3 I 8023072 44 
4 I 8228445 44 
5 I 9502889 44 
6 I 9728695 44 
7 I 10329943 44 
8 I 11026529 44 
9 I 11061077 44 
10 I 11231054 44 
11 I 11327283 44 
12 I 12154072 44 
13 I 12964895 44 
14 I 12999893 44 
15 I 13716708 44 
16 I 13788147 44 
17 I 13935133 44 
18 I 15130788 44 
19 I 15167802 44 
20 I 15783593 44 
21 I 16000576 44 
22 I 16033263 44 
23 I 17109885 44 
24 I 17140965 44 
25 I 17996456 44 
26 I 18034526 44 
27 I 19297437 44 
28 I 19332289 44 
29 I 19403233 44 
30 I 19543001 44 
31 I 20148924 44 
32 I 20344117 44 
33 I 21204462 44 
34 I 21237315 44 
35 I 21311435 44 
36 I 21445321 44 
37 I 22170104 44 
38 I 22205442 44 
39 I 22347040 44 
40 I 23071340 44 
41 I 23104662 44 
42 I 23174769 44 
43 I 24168153 44 
44 I 24349099 44 
45 I 25138928 44 
46 I 25175096 44 
47 I 25350903 44 
48 I 26221174 44 
49 I 26291881 44 
50 I 26324388 44 
51 I 27266771 44 
52 I 27301159 44 
53 I 28452827 44 
54 I 28519958 44 
55 I 29093162 44 
56 I 29166094 44 
57 I 30489831 44 
58 I 31046268 44 
59 I 31077524 44 
60 I 31146760 44 
61 I 31182129 44 
62 I 33126215 44 
63 I 33161544 44 
64 I 33267801 44 
65 I 33303358 44 
66 I 33373976 44 
67 I 33562700 44 
68 I 35465182 44 
69 I 35639844 44 
70 I 35672768 44 
71 I 35741815 44 
72 I 35865769 44 
73 I 37488452 44 
74 I 37523226 44 
75 I 37668298 44 
76 I 37863332 44 
77 I 37901948 44 
78 I 37974898 44 
79 I 39484155 44 
80 I 39520465 44 
81 I 40254441 44 
82 I 40306919 44 
83 I 40379194 44 
84 I 40572923 44 
85 I 42320818 44 
86 I 43004583 44 
87 I 43043013 44 
88 I 44298336 44 
89 I 44333700 44 
90 I 46185889 44 
91 I 46220045 44 
92 I 46380415 44 
93 I 47746644 44 
94 I 48425883 44 
95 I 48461725 44 
96 I 49483102 44 
97 I 49519107 44 
98 I 50672669 44 
99 I 50707326 44 
100 I 51688019 44 
101 I 52072406 44 
102 I 56494941 44 
103 I 58130293 44 
104 I 58890242 44 
105 I 58924864 44 
106 I 62903373 44 
107 I 64304263 44 
108 I 64767537 44 
109 I 64803721 44 
110 I 66045493 44 
111 I 66081035 44 
112 I 67310185 44 
113 I 67345017 44 
114 I 68113896 44 
115 I 68452391 44 
116 I 68487945 44 
117 I 69312823 44 
118 I 69697846 44 
119 I 69731322 44 
120 I 70314001 44 
121 I 71015402 44 
122 I 71169647 44 
123 I 71205338 44 
124 I 71816807 44 
125 I 72208140 44 
126 I 72244637 44 
127 I 73035448 44 
128 I 73072150 44 
129 I 74260824 44 
130 I 76222783 44 
131 I 77424286 44 
132 I 78215273 44 
133 I 78248792 44 
134 I 78321225 44 
135 I 79527665 44 
136 I 80398345 44 
137 I 80433831 44 
138 I 80629622 44 
139 I 81131304 44 
140 I 81168395 44 
141 I 82246534 44 
142 I 82315778 44 
143 I 83346020 44 
144 I 84309597 44 
145 I 84343783 44 
146 I 84525913 44 
147 I 84560806 44 
148 I 85703077 44 
149 I 85739518 44 
150 I 88693396 44 
151 I 88728198 44 
152 I 90742845 44 
153 I 91166394 44 
154 I 91201616 44 
155 I 91744660 44 
156 I 92658878 44 
157 I 92693698 44 
158 I 93446744 44 
159 I 94222701 44 
160 I 94258143 44 
161 I 95249462 44 
162 I 95521001 44 
163 I 95555451 44 
164 I 96541931 44 
165 I 97398001 44 
166 I 97435582 44 
167 I 97853038 44 
168 I 98546267 44 
169 I 98579472 44 
170 I 99369459 44 
171 I 99402383 44 
172 I 99720510 44 
173 I 99757630 44 
174 I 101566141 44 
175 I 101599628 44 
176 I 101758504 44 
177 I 101889637 44 
178 I 101923170 44 
179 I 103781991 44 
180 I 103851453 44 
181 I 103886867 44 
182 I 104068508 44 
183 I 104103300 44 
184 I 106020652 44 
185 I 106248762 44 
186 I 106458475 44 
187 I 106665075 44 
188 I 108582204 44 
189 I 108619446 44 
190 I 108768451 44 
191 I 108983381 44 
192 I 109169454 44 
193 I 110590899 44 
194 I 110827183 44 
195 I 110862264 44 
196 I 110912700 44 
197 I 112713585 44 
198 I 112746717 44 
199 I 113081449 44 
200 I 113149901 44 
201 I 113374944 44 
202 I 114662992 44 
203 I 115064939 44 
204 I 115099535 44 
205 I 115278149 44 
206 I 116515146 44 
207 I 116550561 44 
208 I 116617875 44 
209 I 117335977 44 
210 I 117410010 44 
211 I 118607136 44 
212 I 118782904 44 
213 I 119514646 44 
214 I 119548054 44 
215 I 119683895 44 
216 I 120875898 44 
217 I 120911386 44 
218 I 120979448 44 
219 I 121958155 44 
220 I 121993170 44 
221 I 122187642 44 
222 I 123240091 44 
223 I 123276862 44 
224 I 123489394 44 
225 I 124406631 44 
226 I 124439901 44 
227 I 124590965 44 
228 I 125716787 44 
229 I 126593712 44 
230 I 127246295 44 
231 I 127280702 44 
232 I 127348054 44 
233 I 128396443 44 
234 I 129200765 44 
235 I 129232449 44 
236 I 129499542 44 
237 I 129649435 44 
238 I 129650371 44 
