0 I 0 44 
1 I 2716063 44 
2 I 5559797 44 
3 I 8293657 44 
4 I 11137887 44 
5 I 13434719 44 
6 I 16463985 44 
7 I 19279958 44 
8 I 22184377 44 
9 I 26341067 44 
10 I 27311054 44 
11 I 30504042 44 
12 I 34654195 44 
13 I 38918412 44 
14 I 42638581 44 
15 I 46793830 44 
16 I 51112057 44 
17 I 55224065 44 
18 I 59371198 44 
19 I 63541785 44 
20 I 67697466 44 
21 I 71967430 44 
22 I 75669419 44 
23 I 79824939 44 
24 I 84101145 44 
25 I 88246157 44 
26 I 92423678 44 
27 I 96630253 44 
28 I 100715327 44 
29 I 104990976 44 
30 I 108700283 44 
31 I 112908671 44 
32 I 117121093 44 
33 I 121277271 44 
34 I 124672675 44 
35 I 127000773 44 
36 I 130684737 44 
37 I 134869246 44 
38 I 138461504 44 
39 I 142715118 44 
40 I 147030313 44 
41 I 151137482 44 
42 I 155292833 44 
43 I 159455435 44 
44 I 163717155 44 
45 I 167871689 44 
46 I 171588920 44 
47 I 175752155 44 
48 I 180012930 44 
49 I 184168563 44 
50 I 188324387 44 
51 I 192480825 44 
52 I 196775264 44 
53 I 200943756 44 
54 I 204527376 44 
55 I 208891898 44 
56 I 213082080 44 
57 I 217198107 44 
58 I 221380484 44 
59 I 225511067 44 
60 I 229809160 44 
61 I 233933775 44 
62 I 237651624 44 
63 I 241915880 44 
64 I 246072756 44 
65 I 250230350 44 
66 I 254385112 44 
67 I 258650924 44 
68 I 262806679 44 
69 I 266982646 44 
70 I 270681582 44 
71 I 274973750 44 
72 I 279122985 44 
73 I 283261404 44 
74 I 287416099 44 
75 I 291701429 44 
76 I 295839768 44 
