0 I 0 52 
1 I 4491151 44 
2 I 6001942 52 
3 I 7099138 52 
4 I 8996809 44 
5 I 10102573 52 
6 I 14576967 44 
7 I 24459075 44 
8 I 24562029 44 
9 I 24564380 52 
10 I 26357579 44 
11 I 26374619 44 
12 I 27525890 52 
13 I 33534733 52 
14 I 34066086 44 
15 I 39375158 44 
16 I 39387285 44 
17 I 39389490 52 
18 I 42341109 44 
19 I 44870376 44 
20 I 45833717 44 
21 I 52380622 44 
22 I 52383741 52 
23 I 54663262 44 
24 I 64557459 44 
25 I 64560243 52 
26 I 66962112 44 
27 I 66965042 44 
28 I 67477991 52 
29 I 68313989 44 
30 I 68316221 44 
31 I 69703110 44 
32 I 71094824 44 
33 I 78313714 44 
34 I 78316702 52 
35 I 80668373 44 
36 I 89292728 44 
37 I 89310803 44 
38 I 89313210 52 
39 I 90958699 44 
40 I 93800833 44 
41 I 100955911 44 
42 I 100975907 52 
43 I 103024346 44 
44 I 103940842 52 
45 I 105027925 44 
46 I 108411215 44 
47 I 111304235 44 
48 I 111310155 44 
49 I 115032917 44 
50 I 115034944 52 
51 I 117933212 52 
52 I 121455271 44 
53 I 121635946 44 
54 I 121857630 44 
55 I 121859428 44 
56 I 121873396 44 
57 I 126224966 44 
58 I 131850155 44 
59 I 138067153 44 
60 I 150658533 44 
61 I 158186953 44 
62 I 175802513 44 
63 I 226170368 44 
64 I 231776633 44 
