0 I 0 52 
1 I 2928338 52 
2 I 3875234 44 
3 I 3882369 444 
4 I 9831563 444 
5 I 10794517 44 
6 I 11711557 44 
7 I 11825425 44 
8 I 12612499 56 
9 I 13504506 56 
10 I 13510764 56 
11 I 13516360 56 
12 I 14400212 56 
13 I 14409170 44 
14 I 14423940 44 
15 I 15318271 56 
16 I 18889437 44 
17 I 19759809 44 
18 I 20651146 44 
19 I 21544568 56 
20 I 31797177 44 
21 I 32698375 56 
22 I 46278270 44 
23 I 73574261 44 
24 I 74713821 44 
25 I 80586808 56 
26 I 81471675 56 
27 I 82344499 56 
28 I 83225628 56 
29 I 83232168 56 
30 I 89106459 64 
31 I 135704952 44 
32 I 136003274 52 
33 I 136681104 64 
34 I 136818126 44 
35 I 139016248 52 
36 I 139891033 44 
37 I 139897522 444 
38 I 140920118 44 
39 I 141919148 44 
40 I 142112825 44 
41 I 142885313 44 
42 I 143012405 44 
43 I 143069235 44 
44 I 143212249 44 
45 I 143872549 56 
46 I 144203590 56 
47 I 144209086 56 
48 I 144214413 56 
49 I 144219353 56 
50 I 144856643 56 
51 I 145189258 56 
52 I 149012017 56 
53 I 156270423 56 
54 I 157239190 44 
55 I 157244043 44 
56 I 158229903 44 
