0 I 0 52 
1 I 2940687 52 
2 I 6015782 44 
3 I 9016057 44 
4 I 11943665 44 
5 I 12056595 44 
6 I 14846468 44 
7 I 15137288 44 
8 I 17602611 56 
9 I 17712119 56 
10 I 17804673 56 
11 I 17920152 56 
12 I 18312202 56 
13 I 20581538 56 
14 I 20941993 44 
15 I 21054181 44 
16 I 21448475 44 
17 I 24477036 44 
18 I 24689443 44 
19 I 27221231 44 
20 I 27617115 44 
21 I 28829300 44 
22 I 29037446 44 
23 I 31388916 44 
24 I 31629909 44 
25 I 32123502 44 
26 I 34345745 56 
27 I 34841893 56 
28 I 37045201 56 
29 I 37560445 56 
30 I 39960479 56 
31 I 40438263 56 
32 I 46562445 56 
33 I 46654625 56 
34 I 47136742 56 
35 I 49339493 44 
36 I 49632037 44 
37 I 49927151 44 
38 I 50239781 44 
39 I 50312286 44 
40 I 50426371 44 
41 I 56677468 44 
42 I 56902124 44 
43 I 56918603 56 
44 I 57002402 44 
45 I 59746417 44 
46 I 60127826 44 
47 I 63315592 44 
48 I 63465732 44 
49 I 63854107 44 
50 I 64012819 44 
51 I 64262314 44 
52 I 66152136 44 
53 I 66662324 44 
54 I 66847586 44 
55 I 67199446 44 
56 I 67661720 44 
57 I 69877165 44 
58 I 71172662 44 
59 I 71365809 44 
60 I 71806402 44 
61 I 72378176 44 
62 I 73848976 44 
63 I 74863583 44 
64 I 75176336 44 
65 I 76131121 44 
66 I 76481899 44 
67 I 78061937 44 
68 I 78466403 44 
69 I 78864711 44 
70 I 79490853 44 
71 I 79971270 44 
72 I 81328917 44 
73 I 81336959 44 
74 I 81556462 52 
75 I 84365959 44 
76 I 87650915 44 
77 I 91323402 44 
78 I 91576717 44 
79 I 94975864 44 
80 I 95221261 56 
81 I 95354351 56 
82 I 102893270 56 
83 I 103005430 56 
84 I 103192425 56 
85 I 107138460 56 
86 I 107225505 56 
87 I 107337180 56 
88 I 109260642 56 
89 I 110138387 44 
90 I 110241709 44 
91 I 110626634 44 
92 I 112364646 44 
93 I 112446661 44 
94 I 113555925 44 
95 I 113674903 44 
96 I 113781048 56 
97 I 113863611 44 
98 I 116561535 44 
99 I 118135736 44 
100 I 118332289 44 
101 I 119460379 44 
102 I 121050338 44 
103 I 121063446 44 
104 I 121073872 52 
105 I 123867773 44 
106 I 126837370 44 
107 I 129795283 44 
108 I 130060576 44 
109 I 132703347 44 
110 I 132931871 56 
111 I 133037234 44 
112 I 136188771 44 
113 I 136429210 44 
114 I 136664805 44 
115 I 136955987 44 
116 I 137100639 44 
117 I 139163230 44 
118 I 139317525 56 
119 I 139440402 56 
120 I 139519609 56 
121 I 139668134 56 
122 I 139753722 56 
123 I 140038861 56 
124 I 140151040 56 
125 I 140256365 56 
126 I 140368827 56 
127 I 140484758 56 
128 I 143101994 56 
129 I 143218236 56 
130 I 143343637 56 
131 I 143553610 44 
132 I 143758035 44 
133 I 143987579 44 
134 I 144274533 44 
135 I 146435378 56 
136 I 146455594 56 
137 I 146808717 56 
138 I 146829756 44 
139 I 147211909 44 
140 I 147450901 44 
141 I 147545105 44 
142 I 147551058 44 
143 I 147953474 52 
144 I 150565536 44 
145 I 156597638 44 
146 I 159442425 44 
147 I 159616411 44 
148 I 162848199 44 
149 I 163084649 56 
150 I 163186495 56 
151 I 163295509 56 
152 I 165645345 56 
153 I 165755181 56 
154 I 165857077 56 
155 I 165972923 44 
156 I 166241177 44 
157 I 168525099 44 
158 I 168746128 44 
159 I 169141507 44 
