0 I 0 1458 
1 I 83163233 56 
2 I 84499179 44 
3 I 88810836 109 
4 I 91178297 44 
5 I 91322527 78 
6 I 93531269 44 
7 I 98177331 69 
8 I 99557710 44 
9 I 108835968 54 
10 I 110766550 44 
11 I 110793350 44 
12 I 115429136 44 
13 I 146929983 56 
14 I 149739363 56 
15 I 151755492 44 
16 I 159322007 110 
17 I 160819008 44 
18 I 163819647 50 
19 I 165867036 44 
20 I 166996423 586 
21 I 169160968 586 
22 I 171901462 1458 
23 I 171906362 257 
24 I 173938972 920 
25 I 173947201 586 
26 I 176128998 802 
27 I 178213205 1458 
28 I 178217245 271 
29 I 178691132 591 
30 I 185415653 1458 
31 I 185420062 283 
32 I 185740893 1458 
33 I 186532582 1458 
34 I 186540534 591 
35 I 187612132 1065 
36 I 200604073 1458 
37 I 202680334 1458 
38 I 202701226 1458 
