0 I 0 44 
1 I 1306402 44 
2 I 9630748 44 
3 I 10828322 44 
4 I 12042187 44 
5 I 13269314 56 
6 I 14492370 56 
7 I 15669910 44 
8 I 16919634 44 
9 I 20367085 44 
10 I 21611929 56 
11 I 22897952 56 
12 I 24169428 44 
13 I 25454693 44 
14 I 29366155 44 
15 I 30553214 56 
16 I 30558676 44 
17 I 31744549 44 
18 I 32887355 44 
19 I 34909118 44 
20 I 35979808 44 
21 I 37060965 44 
22 I 38325493 44 
23 I 39395401 56 
24 I 39399594 56 
25 I 40483057 56 
26 I 41612109 56 
27 I 41617620 56 
28 I 42538561 44 
29 I 42738049 44 
30 I 42747974 44 
31 I 43691343 44 
32 I 43881332 56 
33 I 44795778 56 
34 I 44975984 56 
35 I 45908146 44 
36 I 49157534 44 
37 I 50299835 44 
38 I 51380874 56 
39 I 51389639 56 
40 I 52531802 44 
41 I 54460958 44 
42 I 55612769 44 
43 I 56775830 56 
44 I 57939789 56 
45 I 58664700 44 
46 I 59112562 44 
47 I 59843733 56 
48 I 59849919 44 
49 I 60278435 44 
50 I 61198722 44 
51 I 62397942 56 
52 I 62409728 56 
53 I 63584141 56 
54 I 65539440 44 
55 I 66772245 44 
56 I 68000916 44 
57 I 71027448 44 
58 I 72334010 44 
59 I 73530804 56 
60 I 74728267 56 
61 I 76829995 44 
62 I 78009897 44 
63 I 79205441 44 
64 I 91001401 44 
65 I 92195451 44 
66 I 93417700 44 
67 I 96310743 44 
68 I 97509213 44 
69 I 98714157 44 
70 I 100253959 44 
71 I 103447072 44 
72 I 104616429 44 
73 I 105939610 44 
74 I 108949198 44 
75 I 113666283 44 
76 I 114842522 44 
77 I 115992348 44 
78 I 117511623 44 
79 I 118780673 44 
80 I 121829246 44 
81 I 123094998 44 
82 I 124298914 44 
83 I 129143694 56 
84 I 130211679 56 
85 I 131313381 56 
86 I 137177774 44 
87 I 138443978 44 
88 I 139538323 56 
89 I 145795625 44 
90 I 146889167 44 
91 I 147969627 44 
92 I 149023006 44 
93 I 150066250 44 
94 I 150181412 44 
95 I 151100462 44 
96 I 152155652 56 
97 I 152161134 56 
98 I 153184143 56 
99 I 154217592 56 
100 I 154222246 56 
101 I 155269561 56 
102 I 155274790 56 
103 I 166378962 44 
104 I 167469644 56 
105 I 185145191 44 
106 I 186280314 44 
107 I 221319248 44 
108 I 222350893 44 
109 I 223349283 44 
110 I 227474491 44 
111 I 228526879 44 
112 I 229597233 44 
113 I 233215392 52 
114 I 234853645 52 
115 I 240874886 52 
116 I 240885965 44 
117 I 241919863 44 
118 I 241941047 44 
119 I 241969686 449 
120 I 242995139 56 
121 I 243030054 44 
122 I 244000807 56 
123 I 244039982 44 
124 I 244185751 44 
125 I 245076479 56 
126 I 245081223 44 
127 I 246121477 56 
128 I 246126877 64 
129 I 246132056 64 
130 I 247202144 64 
131 I 247205553 56 
132 I 247210632 56 
133 I 247216461 44 
134 I 247395479 44 
135 I 248299790 44 
136 I 248599113 44 
137 I 249502110 44 
138 I 250532225 56 
139 I 250537848 56 
140 I 250543224 56 
141 I 251571848 44 
142 I 267184932 44 
143 I 268361072 44 
144 I 274411752 56 
145 I 275533967 56 
146 I 276649145 44 
147 I 296041216 44 
148 I 297163347 44 
149 I 297335080 44 
150 I 298286242 44 
