0 I 0 44 
1 I 388033 44 
2 I 1784131 84 
3 I 2009261 154 
4 I 2392070 44 
5 I 2786847 44 
6 I 3601438 84 
7 I 3942639 199 
8 I 4356246 158 
9 I 4910683 44 
10 I 4913006 84 
11 I 5240627 104 
12 I 34924607 84 
13 I 35347996 104 
14 I 47000605 44 
15 I 48075216 84 
16 I 48485870 191 
17 I 48866417 44 
18 I 49247168 44 
19 I 53851258 44 
20 I 54914970 84 
21 I 55303375 91 
22 I 58712191 84 
23 I 59136478 174 
24 I 60490280 84 
25 I 60823641 385 
26 I 61224305 364 
27 I 61451099 87 
28 I 61886715 44 
29 I 64869153 44 
30 I 64943733 84 
31 I 65346119 104 
32 I 65747633 84 
33 I 66138504 196 
34 I 66467033 44 
35 I 66866921 44 
36 I 67966962 84 
37 I 68360809 204 
38 I 68772133 44 
39 I 69170119 44 
40 I 70734189 84 
41 I 71175268 176 
42 I 72061894 84 
43 I 72483390 211 
44 I 72925106 44 
45 I 73294708 44 
46 I 75288812 84 
47 I 75676503 168 
48 I 76072521 84 
49 I 76477250 168 
50 I 79932855 84 
51 I 80286559 217 
52 I 80800850 44 
53 I 81186596 44 
54 I 86303911 84 
55 I 86721142 250 
56 I 86952139 44 
57 I 87292813 44 
58 I 88265632 84 
59 I 88623664 103 
60 I 89157625 84 
61 I 89542782 114 
62 I 89730543 84 
63 I 89934846 166 
64 I 90115206 83 
65 I 90678236 84 
66 I 90904257 103 
67 I 93776763 84 
68 I 94132732 109 
69 I 95947578 84 
70 I 96375518 104 
71 I 106818527 84 
72 I 107199990 85 
73 I 111832888 44 
74 I 118203501 84 
75 I 118603923 164 
76 I 118942419 44 
77 I 119333381 44 
78 I 120923177 84 
79 I 121317166 202 
80 I 121737264 44 
81 I 122136278 44 
82 I 124193710 86 
83 I 124533976 135 
84 I 124939988 44 
85 I 125342688 44 
86 I 125841152 44 
87 I 126938799 84 
88 I 127333691 104 
89 I 137900075 84 
90 I 138317884 108 
91 I 157927655 84 
92 I 158348728 104 
93 I 159886832 44 
94 I 160295611 44 
95 I 160826086 44 
96 I 161196771 44 
97 I 161616851 44 
98 I 161618613 84 
99 I 161944638 186 
100 I 162398048 152 
101 I 162757106 190 
102 I 165447285 84 
103 I 165869751 188 
104 I 166297470 44 
105 I 166703620 44 
106 I 177907410 44 
107 I 179237164 84 
108 I 179622939 98 
109 I 185901828 84 
110 I 186319125 214 
111 I 186720394 44 
112 I 186870666 84 
113 I 187154628 44 
114 I 187277819 127 
115 I 188879052 84 
116 I 189257919 104 
117 I 201110649 84 
118 I 201537553 239 
119 I 201946056 44 
120 I 202340393 44 
121 I 203996225 84 
122 I 204424605 202 
123 I 204868975 44 
124 I 205257730 44 
125 I 210931814 44 
126 I 211349333 44 
127 I 213427960 84 
128 I 213834739 135 
129 I 216453888 84 
130 I 216816272 202 
131 I 217256257 44 
132 I 217672734 44 
133 I 218057492 44 
134 I 219864230 84 
135 I 220309987 104 
136 I 224864913 44 
137 I 225319084 44 
138 I 225667348 44 
139 I 226157388 84 
140 I 226559925 141 
141 I 228931515 84 
142 I 229265364 90 
143 I 232875060 44 
144 I 233528349 84 
145 I 233877304 76 
146 I 234487114 84 
147 I 234878274 95 
148 I 250851909 84 
149 I 251299651 104 
150 I 256156690 84 
151 I 256601358 209 
152 I 257013114 44 
153 I 257447640 44 
154 I 265961538 44 
155 I 266458248 84 
156 I 266894797 101 
157 I 268921726 44 
158 I 269478083 84 
159 I 269917486 92 
160 I 279034178 44 
161 I 281842240 84 
162 I 282233270 104 
