0 I 0 52 
1 I 172124 44 
2 I 433964 56 
3 I 435483 44 
4 I 436728 44 
5 I 438020 44 
6 I 60609356 52 
7 I 60780206 44 
8 I 61039534 56 
9 I 61041000 44 
10 I 61042054 44 
11 I 61045764 44 
12 I 121149295 52 
13 I 121350464 44 
14 I 121544964 56 
15 I 121550610 56 
16 I 121554567 56 
17 I 121561220 44 
18 I 181773605 52 
19 I 181965660 44 
20 I 182179227 56 
21 I 182179733 56 
22 I 182181769 44 
23 I 182182669 44 
24 I 242362283 52 
25 I 242574325 44 
26 I 242779853 56 
27 I 242781037 56 
28 I 242783698 44 
29 I 242833634 44 
30 I 245234260 44 
