0 I 0 52 
1 I 1004710 44 
2 I 2171372 44 
3 I 3247187 44 
4 I 3247989 44 
5 I 4312936 44 
6 I 4317447 44 
7 I 4588489 44 
8 I 5367343 44 
9 I 5374915 44 
10 I 5377696 44 
11 I 5621608 44 
12 I 6424933 44 
13 I 6594837 44 
14 I 9453841 44 
15 I 14396292 44 
16 I 23146381 52 
17 I 23146812 52 
18 I 23147037 52 
19 I 23147183 44 
20 I 23342178 44 
21 I 23619821 52 
22 I 23622812 44 
23 I 24199186 44 
24 I 24199199 44 
25 I 24199211 44 
26 I 24205467 44 
27 I 24629273 44 
28 I 25219196 44 
29 I 25220647 44 
30 I 25311939 44 
31 I 25453789 44 
32 I 25464005 44 
33 I 26120959 44 
34 I 26122240 44 
35 I 26132096 44 
36 I 26219486 44 
37 I 26220563 44 
38 I 26366847 44 
39 I 26367014 44 
40 I 26381123 44 
41 I 26383448 44 
42 I 26884941 44 
43 I 27016119 44 
44 I 27027420 44 
45 I 27121950 44 
46 I 27125737 44 
47 I 27162431 44 
48 I 27262800 44 
49 I 27273021 44 
50 I 27275573 44 
51 I 27298840 44 
52 I 27300014 44 
53 I 27308259 44 
54 I 27563707 44 
55 I 27870287 44 
56 I 27871606 44 
57 I 27982684 44 
58 I 28008296 44 
59 I 28076314 44 
60 I 28078189 44 
61 I 28081827 44 
62 I 28087999 44 
63 I 28104084 44 
64 I 28195801 44 
65 I 28200120 44 
66 I 28202261 44 
67 I 28206486 44 
68 I 28230794 44 
69 I 28232040 44 
70 I 28234503 44 
71 I 28235438 44 
72 I 28238345 44 
73 I 28266339 44 
74 I 28366531 44 
75 I 28502733 44 
76 I 28667380 44 
77 I 28829620 44 
78 I 28830432 44 
79 I 28832597 44 
80 I 28938157 44 
81 I 28965862 44 
82 I 29036794 44 
83 I 29038108 44 
84 I 29043489 44 
85 I 29046940 44 
86 I 29049879 44 
87 I 29056025 44 
88 I 29072775 44 
89 I 29150380 56 
90 I 29154735 44 
91 I 29156225 44 
92 I 29161628 44 
93 I 29168310 44 
94 I 29169565 44 
95 I 29194919 44 
96 I 29198435 44 
97 I 29201576 44 
98 I 29202543 44 
99 I 29205107 44 
100 I 29208275 44 
101 I 29211444 44 
102 I 29329948 44 
103 I 29369667 44 
104 I 29452018 44 
105 I 29771052 44 
106 I 29786516 44 
107 I 29787650 44 
108 I 29796531 44 
109 I 29797381 44 
110 I 29799530 44 
111 I 29885268 44 
112 I 29912420 44 
113 I 29985118 56 
114 I 29986174 56 
115 I 29987645 56 
116 I 29996998 56 
117 I 29997958 56 
118 I 29999263 56 
119 I 30000376 56 
120 I 30002170 56 
121 I 30007510 56 
122 I 30009586 56 
123 I 30029437 44 
124 I 30030673 44 
125 I 30100775 44 
126 I 30101887 44 
127 I 30106742 44 
128 I 30114860 44 
129 I 30117595 44 
130 I 30154941 44 
131 I 30155685 44 
132 I 30184649 44 
133 I 30194502 44 
134 I 30194847 44 
135 I 30198705 44 
136 I 30199845 44 
137 I 30204269 44 
138 I 30301983 44 
139 I 30473297 44 
140 I 30573550 44 
141 I 30770235 44 
142 I 30772479 44 
143 I 30782979 44 
144 I 30787304 44 
145 I 30791079 44 
146 I 30792739 44 
147 I 30858468 44 
148 I 30874640 44 
149 I 30880652 44 
150 I 30971285 44 
151 I 31003303 44 
152 I 31009375 44 
153 I 31074056 44 
154 I 31078860 44 
155 I 31081060 44 
156 I 31088226 44 
157 I 31091864 44 
158 I 31128239 44 
159 I 31129661 44 
160 I 31149969 44 
161 I 31162321 44 
162 I 31164489 44 
163 I 31172878 44 
164 I 31188545 44 
165 I 31189004 44 
166 I 31276405 44 
167 I 31318274 44 
168 I 31677610 44 
169 I 31677614 44 
170 I 31758816 44 
171 I 31760239 44 
172 I 31762073 44 
173 I 31783001 44 
174 I 31843196 44 
175 I 31851200 44 
176 I 31855779 44 
177 I 31859681 44 
178 I 31898504 44 
179 I 31961218 44 
180 I 31973452 44 
181 I 31978246 44 
182 I 31978466 56 
183 I 32036896 44 
184 I 32046177 44 
185 I 32048187 44 
186 I 32059752 44 
187 I 32062635 44 
188 I 32089147 44 
189 I 32108112 44 
190 I 32121699 44 
191 I 32123399 44 
192 I 32133932 44 
193 I 32135634 44 
194 I 32163344 44 
195 I 32165247 44 
196 I 32264914 44 
197 I 32266803 44 
198 I 32623362 56 
199 I 32746923 44 
200 I 32749529 44 
201 I 32752335 44 
202 I 32766060 44 
203 I 32781020 44 
204 I 32823269 56 
205 I 32824528 56 
206 I 32831389 44 
207 I 32833861 44 
208 I 32840892 44 
209 I 32861864 56 
210 I 32862738 56 
211 I 32948819 44 
212 I 32950051 44 
213 I 32960532 56 
214 I 32981438 44 
215 I 33028619 44 
216 I 33042144 44 
217 I 33053870 44 
218 I 33067112 44 
219 I 33068540 44 
220 I 33083315 44 
221 I 33099475 44 
222 I 33109523 44 
223 I 33112417 44 
224 I 33123411 44 
225 I 33141180 44 
226 I 33146069 44 
227 I 33272632 44 
228 I 33274321 44 
229 I 33276547 44 
230 I 33383203 44 
231 I 33575872 44 
232 I 33688171 44 
233 I 33690890 44 
234 I 33692040 44 
235 I 33797192 56 
236 I 33810416 44 
237 I 33812477 44 
238 I 33815691 44 
239 I 33829802 56 
240 I 33884690 44 
241 I 33927151 44 
242 I 33932160 44 
243 I 33933391 44 
244 I 33945641 44 
245 I 33978748 44 
246 I 34004510 44 
247 I 34014839 44 
248 I 34019601 44 
249 I 34044072 44 
250 I 34047968 44 
251 I 34057049 44 
252 I 34062276 44 
253 I 34186083 44 
254 I 34226988 44 
255 I 34228633 44 
256 I 34230775 44 
257 I 34232957 44 
258 I 34386172 44 
259 I 34486433 44 
260 I 34538690 44 
261 I 34651683 44 
262 I 34655324 44 
263 I 34661028 44 
264 I 34827664 44 
265 I 34831507 44 
266 I 34837111 44 
267 I 34938884 44 
268 I 34940613 44 
269 I 34947000 44 
270 I 34949408 44 
271 I 34964858 44 
272 I 34988170 44 
273 I 34988393 44 
274 I 35000326 44 
275 I 35025957 44 
276 I 35037342 44 
277 I 35039630 44 
278 I 35050708 44 
279 I 35063033 44 
280 I 35066146 44 
281 I 35068296 44 
282 I 35233314 44 
283 I 35237798 44 
284 I 35239666 44 
285 I 35240407 44 
286 I 35364493 44 
287 I 35612328 44 
288 I 35615507 44 
289 I 35690545 44 
290 I 35690786 44 
291 I 35776453 44 
292 I 35776945 44 
293 I 35790355 44 
294 I 35791972 44 
295 I 35882221 44 
296 I 35883548 44 
297 I 35888840 44 
298 I 35892057 44 
299 I 35907696 44 
300 I 35935825 44 
301 I 35940629 44 
302 I 35970196 44 
303 I 35974955 44 
304 I 35986836 44 
305 I 35988435 44 
306 I 35995692 44 
307 I 36013402 44 
308 I 36019493 44 
309 I 36026461 44 
310 I 36252480 44 
311 I 36259359 44 
312 I 36260894 44 
313 I 36261846 44 
314 I 36392965 44 
315 I 36410356 44 
316 I 36594162 44 
317 I 36664066 44 
318 I 36665570 44 
319 I 36717430 44 
320 I 36793928 44 
321 I 36807220 44 
322 I 36818353 44 
323 I 36824174 44 
324 I 36894333 44 
325 I 36944338 44 
326 I 36954126 44 
327 I 36955666 44 
328 I 36959675 56 
329 I 36960874 56 
330 I 36968284 44 
331 I 36984884 44 
332 I 36989473 44 
333 I 36995316 44 
334 I 37020953 44 
335 I 37026049 44 
336 I 37034274 44 
337 I 37036815 44 
338 I 37077262 44 
339 I 37084268 44 
340 I 37093331 44 
341 I 37095612 44 
342 I 37281945 44 
343 I 37286285 44 
344 I 37395983 44 
345 I 37396252 44 
346 I 37417024 44 
347 I 37581144 44 
348 I 37689904 44 
349 I 37691466 44 
350 I 37727418 44 
351 I 37801624 44 
352 I 37802736 44 
353 I 37807093 44 
354 I 37812661 44 
355 I 37978976 56 
356 I 37980320 56 
357 I 37993368 56 
358 I 37994629 56 
359 I 37996637 56 
360 I 37997989 44 
361 I 38002582 56 
362 I 38003743 56 
363 I 38013871 44 
364 I 38015661 44 
365 I 38020604 44 
366 I 38021811 44 
367 I 38023205 44 
368 I 38038458 44 
369 I 38062112 44 
370 I 38063286 44 
371 I 38096118 56 
372 I 38103085 56 
373 I 38104249 56 
374 I 38113766 56 
375 I 38114645 56 
376 I 38120951 56 
377 I 38198574 44 
378 I 38287206 44 
379 I 38291533 56 
380 I 38292523 56 
381 I 38393508 56 
382 I 38418202 56 
383 I 38500146 44 
384 I 38562569 56 
385 I 38563786 56 
386 I 38715994 44 
387 I 38721424 44 
388 I 38743441 44 
389 I 38815535 44 
390 I 38816905 44 
391 I 38827603 44 
392 I 38829132 44 
393 I 39010420 44 
394 I 39021433 44 
395 I 39038380 44 
396 I 39039550 44 
397 I 39041747 44 
398 I 39044300 44 
399 I 39047933 44 
400 I 39086862 44 
401 I 39088503 44 
402 I 39095081 44 
403 I 39097980 44 
404 I 39125140 44 
405 I 39321096 44 
406 I 39503501 44 
407 I 39553023 44 
408 I 39710476 44 
409 I 39719400 44 
410 I 39740863 44 
411 I 39813863 44 
412 I 39815278 44 
413 I 39834927 44 
414 I 39843171 44 
415 I 40053544 44 
416 I 40064056 44 
417 I 40066996 44 
418 I 40075046 44 
419 I 40088805 44 
420 I 40090798 44 
421 I 40096281 44 
422 I 40146946 44 
423 I 40148684 44 
424 I 40153236 44 
425 I 40158178 44 
426 I 40205120 44 
427 I 40205468 44 
428 I 40258369 44 
429 I 40366523 44 
430 I 40406270 44 
431 I 40540855 44 
432 I 40670373 44 
433 I 40677329 44 
434 I 40745884 44 
435 I 40891179 44 
436 I 40892467 44 
437 I 40910606 44 
438 I 40912167 44 
439 I 41125240 44 
440 I 41130825 44 
441 I 41137138 56 
442 I 41144513 44 
443 I 41158805 44 
444 I 41165349 44 
445 I 41167424 44 
446 I 41216928 44 
447 I 41263580 44 
448 I 41409585 44 
449 I 41509468 44 
450 I 41609863 44 
451 I 41687615 44 
452 I 41710039 44 
453 I 41766030 44 
454 I 41811580 44 
455 I 41915790 44 
456 I 41938223 44 
457 I 41939040 44 
458 I 42111612 44 
459 I 42207061 56 
460 I 42208137 56 
461 I 42211673 56 
462 I 42213894 56 
463 I 42224791 56 
464 I 42231184 44 
465 I 42267257 44 
466 I 42271313 44 
467 I 42303747 44 
468 I 42353955 44 
469 I 42591447 44 
470 I 42613104 44 
471 I 42680453 44 
472 I 42714466 44 
473 I 42751238 44 
474 I 42813388 44 
475 I 42857636 44 
476 I 43006454 44 
477 I 43014767 44 
478 I 43023160 44 
479 I 43025154 44 
480 I 43182947 44 
481 I 43278897 44 
482 I 43291884 44 
483 I 43305518 44 
484 I 43379327 44 
485 I 43382280 44 
486 I 43385001 44 
487 I 43419429 44 
488 I 43501956 44 
489 I 43506324 44 
490 I 43506431 44 
491 I 43506886 44 
492 I 43616619 44 
493 I 43838859 44 
494 I 43876323 44 
495 I 43918104 44 
496 I 43927825 44 
497 I 44097737 44 
498 I 44103218 44 
499 I 44104240 44 
500 I 44105829 44 
501 I 44218989 44 
502 I 44418426 44 
503 I 44419744 44 
504 I 44473382 44 
505 I 44479196 44 
506 I 44483610 44 
507 I 44522184 44 
508 I 44593130 44 
509 I 44597493 44 
510 I 44600030 44 
511 I 44620258 44 
512 I 44820359 44 
513 I 44907617 44 
514 I 44929435 44 
515 I 44955621 44 
516 I 44957942 44 
517 I 45109421 44 
518 I 45111449 44 
519 I 45115367 44 
520 I 45117919 44 
521 I 45221724 44 
522 I 45221912 44 
523 I 45422243 44 
524 I 45481455 44 
525 I 45512075 44 
526 I 45523003 44 
527 I 45523840 44 
528 I 45559512 44 
529 I 45607355 44 
530 I 45630132 44 
531 I 45631842 44 
532 I 45631968 44 
533 I 45634067 44 
534 I 45723373 44 
535 I 45766897 44 
536 I 45833013 44 
537 I 45898396 44 
538 I 46024336 44 
539 I 46024614 44 
540 I 46035417 44 
541 I 46040343 44 
542 I 46044583 44 
543 I 46047112 44 
544 I 46325779 44 
545 I 46326045 44 
546 I 46394182 44 
547 I 46454528 44 
548 I 46505085 44 
549 I 46526136 44 
550 I 46526321 44 
551 I 46551782 44 
552 I 46582697 44 
553 I 46586301 44 
554 I 46588318 44 
555 I 46623358 44 
556 I 46724698 44 
557 I 46726478 44 
558 I 46811801 44 
559 I 46828342 44 
560 I 46883198 44 
561 I 46888228 44 
562 I 46994359 44 
563 I 47004865 44 
564 I 47006307 44 
565 I 47012258 44 
566 I 47016962 44 
567 I 47017993 44 
568 I 47020923 44 
569 I 47271488 44 
570 I 47331240 44 
571 I 47396025 44 
572 I 47429688 44 
573 I 47440614 44 
574 I 47459292 44 
575 I 47460437 44 
576 I 47522772 44 
577 I 47530117 44 
578 I 47572955 44 
579 I 47597819 44 
580 I 47629463 44 
581 I 47717026 44 
582 I 47830195 44 
583 I 47858560 44 
584 I 47951444 44 
585 I 47954776 44 
586 I 48031541 44 
587 I 48055632 44 
588 I 48063116 44 
589 I 48068453 44 
590 I 48073269 44 
591 I 48078682 44 
592 I 48090240 44 
593 I 48231505 44 
594 I 48337433 44 
595 I 48424228 44 
596 I 48500046 44 
597 I 48524177 44 
598 I 48531239 44 
599 I 48532656 44 
600 I 48554374 44 
601 I 48613359 44 
602 I 48616348 44 
603 I 48633012 44 
604 I 48664478 44 
605 I 48667116 44 
606 I 48686141 44 
607 I 48766679 44 
608 I 48767796 44 
609 I 48907109 44 
610 I 48907919 44 
611 I 48994818 44 
612 I 48998939 44 
613 I 49103718 44 
614 I 49110791 44 
615 I 49126964 44 
616 I 49133710 44 
617 I 49135522 44 
618 I 49143965 44 
619 I 49372012 44 
620 I 49435492 44 
621 I 49451673 44 
622 I 49539604 44 
623 I 49540697 44 
624 I 49636933 44 
625 I 49657415 44 
626 I 49698780 44 
627 I 49701353 44 
628 I 49711643 44 
629 I 49736381 44 
630 I 49795083 44 
631 I 49799490 44 
632 I 49801811 44 
633 I 49836765 44 
634 I 49896633 44 
635 I 50020929 44 
636 I 50021975 44 
637 I 50114217 44 
638 I 50115671 44 
639 I 50125687 44 
640 I 50138023 44 
641 I 50156238 44 
642 I 50339072 44 
643 I 50368641 44 
644 I 50423365 44 
645 I 50433584 44 
646 I 50583380 44 
647 I 50586454 44 
648 I 50678475 44 
649 I 50712954 44 
650 I 50715660 44 
651 I 50720117 44 
652 I 50841050 44 
653 I 50841362 44 
654 I 50843732 44 
655 I 50847625 44 
656 I 50849446 44 
657 I 50916569 44 
658 I 50918400 44 
659 I 51041056 44 
660 I 51053249 44 
661 I 51127832 44 
662 I 51129630 44 
663 I 51138671 44 
664 I 51144657 44 
665 I 51154726 44 
666 I 51342077 44 
667 I 51350342 44 
668 I 51377475 44 
669 I 51465005 44 
670 I 51473923 44 
671 I 51590359 44 
672 I 51592763 44 
673 I 51666055 44 
674 I 51724286 44 
675 I 51725784 44 
676 I 51729213 44 
677 I 51743310 44 
678 I 51846082 44 
679 I 51852079 44 
680 I 51856417 44 
681 I 51861099 44 
682 I 51863293 44 
683 I 51939044 44 
684 I 51942576 44 
685 I 52044068 44 
686 I 52082081 44 
687 I 52189191 44 
688 I 52191512 44 
689 I 52192818 44 
690 I 52196976 44 
691 I 52209314 44 
692 I 52219706 44 
693 I 52468305 44 
694 I 52497873 44 
695 I 52643469 44 
696 I 52646358 44 
697 I 52646582 44 
698 I 52687156 44 
699 I 52746387 44 
700 I 52791179 44 
701 I 52792663 44 
702 I 52793333 44 
703 I 52809888 44 
704 I 52887766 44 
705 I 52888691 44 
706 I 52947000 44 
707 I 52956711 44 
708 I 52961377 44 
709 I 53048116 44 
710 I 53224475 44 
711 I 53229731 44 
712 I 53232893 44 
713 I 53238788 44 
714 I 53241143 44 
715 I 53253486 44 
716 I 53448523 44 
717 I 53553055 44 
718 I 53567565 44 
719 I 53754302 44 
720 I 53765654 44 
721 I 53872201 44 
722 I 53875660 44 
723 I 53879107 44 
724 I 53880143 44 
725 I 53908183 44 
726 I 53967147 44 
727 I 53968417 44 
728 I 54021924 44 
729 I 54087550 44 
730 I 54151356 44 
731 I 54151358 44 
732 I 54243054 44 
733 I 54244264 44 
734 I 54248104 44 
735 I 54262366 44 
736 I 54451894 44 
737 I 54552261 44 
738 I 54556936 44 
739 I 54573699 44 
740 I 54775004 44 
741 I 54901992 44 
742 I 54916961 44 
743 I 54917992 44 
744 I 54919635 44 
745 I 54941632 44 
746 I 54944343 44 
747 I 54953862 44 
748 I 55030850 44 
749 I 55114754 44 
750 I 55224503 44 
751 I 55254616 44 
752 I 55254734 44 
753 I 55294018 44 
754 I 55297615 44 
755 I 55312564 44 
756 I 55318609 44 
757 I 55455372 44 
758 I 55555705 44 
759 I 55580665 44 
760 I 55584799 44 
761 I 55597126 44 
762 I 55789948 44 
763 I 55939988 44 
764 I 55949523 44 
765 I 55954467 44 
766 I 55961451 44 
767 I 55983499 44 
768 I 56002250 44 
769 I 56057162 44 
770 I 56116755 44 
771 I 56117670 44 
772 I 56157724 44 
773 I 56199802 44 
774 I 56312555 44 
775 I 56339548 44 
776 I 56362103 44 
777 I 56369125 44 
778 I 56459798 44 
779 I 56459952 44 
780 I 56460008 44 
781 I 56487943 44 
782 I 56561633 44 
783 I 56583197 44 
784 I 56594172 44 
785 I 56599061 44 
786 I 56759603 44 
787 I 56785731 44 
788 I 56952119 44 
789 I 56967040 44 
790 I 56969403 44 
791 I 56988626 44 
792 I 56989183 44 
793 I 57009944 44 
794 I 57060682 44 
795 I 57131704 44 
796 I 57132879 44 
797 I 57210846 44 
798 I 57261321 44 
799 I 57310702 44 
800 I 57332674 44 
801 I 57361596 44 
802 I 57385001 44 
803 I 57391292 44 
804 I 57464040 44 
805 I 57532944 44 
806 I 57585317 44 
807 I 57596873 44 
808 I 57597985 44 
809 I 57618642 44 
810 I 57638496 44 
811 I 57963564 44 
812 I 57963682 44 
813 I 58002254 44 
814 I 58014027 44 
815 I 58034992 44 
816 I 58045147 44 
817 I 58106128 44 
818 I 58164132 44 
819 I 58164305 44 
820 I 58179453 44 
821 I 58181328 44 
822 I 58259253 44 
823 I 58261951 44 
824 I 58317078 44 
825 I 58343663 44 
826 I 58383838 44 
827 I 58446468 44 
828 I 58452865 44 
829 I 58565858 44 
830 I 58565861 44 
831 I 58605678 44 
832 I 58665731 44 
833 I 58668945 44 
834 I 58682640 44 
835 I 58690017 44 
836 I 58699302 44 
837 I 58710166 44 
838 I 58866624 44 
839 I 58926043 44 
840 I 58980617 44 
841 I 58997096 44 
842 I 59006144 44 
843 I 59067066 44 
844 I 59078124 44 
845 I 59106654 44 
846 I 59108003 44 
847 I 59154250 44 
848 I 59155531 44 
849 I 59214510 44 
850 I 59215932 44 
851 I 59326021 44 
852 I 59338201 44 
853 I 59434374 44 
854 I 59437800 44 
855 I 59528495 44 
856 I 59530076 44 
857 I 59567014 44 
858 I 59633886 44 
859 I 59634933 44 
860 I 59647010 44 
861 I 59651838 44 
862 I 59659304 44 
863 I 59675777 44 
864 I 59925001 44 
865 I 59971879 44 
866 I 59983184 44 
867 I 59996110 44 
868 I 60091632 44 
869 I 60135600 44 
870 I 60138665 44 
871 I 60167633 44 
872 I 60171937 44 
873 I 60261237 44 
874 I 60264975 44 
875 I 60271046 44 
876 I 60271174 44 
877 I 60375246 44 
878 I 60376382 44 
879 I 60457580 44 
880 I 60459355 44 
881 I 60466210 44 
882 I 60572012 44 
883 I 60574779 44 
884 I 60597122 44 
885 I 60675995 44 
886 I 60684290 44 
887 I 60691863 44 
888 I 60701227 44 
889 I 60709191 44 
890 I 60726039 44 
891 I 60772808 44 
892 I 60983544 44 
893 I 60992619 44 
894 I 61008278 44 
895 I 61074031 44 
896 I 61109463 44 
897 I 61153252 44 
898 I 61157181 44 
899 I 61182357 44 
900 I 61184979 44 
901 I 61274319 44 
902 I 61274495 44 
903 I 61318173 44 
904 I 61327927 44 
905 I 61331174 44 
906 I 61402768 44 
907 I 61475212 44 
908 I 61475293 44 
909 I 61489983 44 
910 I 61492791 44 
911 I 61499030 44 
912 I 61575709 44 
913 I 61593772 44 
914 I 61595101 44 
915 I 61610084 44 
916 I 61661127 44 
917 I 61674666 44 
918 I 61678687 44 
919 I 61742695 44 
920 I 61749337 44 
921 I 61776416 44 
922 I 61817717 44 
923 I 61876304 44 
924 I 61876613 44 
925 I 61976873 44 
926 I 62013158 44 
927 I 62101240 44 
928 I 62138147 44 
929 I 62143757 44 
930 I 62183356 44 
931 I 62262813 44 
932 I 62277593 44 
933 I 62313990 44 
934 I 62324420 44 
935 I 62325740 44 
936 I 62378316 44 
937 I 62381666 44 
938 I 62384612 44 
939 I 62479027 44 
940 I 62511663 44 
941 I 62523050 44 
942 I 62528229 44 
943 I 62538655 44 
944 I 62612471 44 
945 I 62613348 44 
946 I 62672603 44 
947 I 62686029 44 
948 I 62688656 44 
949 I 62735156 44 
950 I 62739336 44 
951 I 62779690 44 
952 I 62787175 44 
953 I 62860904 44 
954 I 62973368 44 
955 I 62980073 44 
956 I 63045373 44 
957 I 63079677 44 
958 I 63080262 44 
959 I 63093994 44 
960 I 63117540 44 
961 I 63184827 44 
962 I 63247940 44 
963 I 63311276 44 
964 I 63313727 44 
965 I 63315851 44 
966 I 63320726 44 
967 I 63377614 44 
968 I 63470827 44 
969 I 63481640 44 
970 I 63494864 44 
971 I 63505790 44 
972 I 63577299 44 
973 I 63647772 44 
974 I 63659510 44 
975 I 63667157 44 
976 I 63668329 44 
977 I 63722627 44 
978 I 63783067 44 
979 I 63787980 44 
980 I 63872276 44 
981 I 63873326 44 
982 I 63983394 44 
983 I 63993115 44 
984 I 64035029 44 
985 I 64059854 44 
986 I 64077261 44 
987 I 64106870 44 
988 I 64184824 44 
989 I 64184907 44 
990 I 64185430 44 
991 I 64185676 44 
992 I 64254610 44 
993 I 64302480 44 
994 I 64305014 44 
995 I 64309006 44 
996 I 64310273 44 
997 I 64362925 44 
998 I 64460839 44 
999 I 64478994 44 
1000 I 64500488 44 
1001 I 64501778 44 
1002 I 64562225 56 
1003 I 64633084 44 
1004 I 64649790 44 
1005 I 64659595 44 
1006 I 64662265 44 
1007 I 64706682 44 
1008 I 64769584 44 
1009 I 64773592 44 
1010 I 64857681 44 
1011 I 64886509 44 
1012 I 64975582 56 
1013 I 64986618 44 
1014 I 65029708 44 
1015 I 65047139 56 
1016 I 65058130 56 
1017 I 65059603 56 
1018 I 65078620 44 
1019 I 65086858 44 
1020 I 65150561 44 
1021 I 65162061 56 
1022 I 65188304 44 
1023 I 65239659 44 
1024 I 65240076 44 
1025 I 65283108 44 
1026 I 65286437 44 
1027 I 65287524 44 
1028 I 65287646 44 
1029 I 65289812 44 
1030 I 65292876 56 
1031 I 65293428 56 
1032 I 65330899 44 
1033 I 65436439 56 
1034 I 65437354 56 
1035 I 65443545 44 
1036 I 65459422 44 
1037 I 65465101 44 
1038 I 65488483 44 
1039 I 65488527 44 
1040 I 65516772 56 
1041 I 65609408 44 
1042 I 65623809 44 
1043 I 65682519 44 
1044 I 65758444 44 
1045 I 65763519 44 
1046 I 65789240 44 
1047 I 65862300 44 
1048 I 65889964 44 
1049 I 65890106 44 
1050 I 65959548 44 
1051 I 65966660 44 
1052 I 65989695 44 
1053 I 66011194 44 
1054 I 66122332 44 
1055 I 66163437 44 
1056 I 66190490 44 
1057 I 66190616 44 
1058 I 66224293 44 
1059 I 66226172 44 
1060 I 66266374 44 
1061 I 66269930 44 
1062 I 66271187 44 
1063 I 66292745 44 
1064 I 66365327 44 
1065 I 66369131 44 
1066 I 66391057 44 
1067 I 66406757 44 
1068 I 66411033 44 
1069 I 66580553 44 
1070 I 66591775 44 
1071 I 66591871 44 
1072 I 66606319 44 
1073 I 66653590 44 
1074 I 66730052 44 
1075 I 66736874 44 
1076 I 66764807 44 
1077 I 66842244 44 
1078 I 66951830 44 
1079 I 66957179 44 
1080 I 66959572 44 
1081 I 66980860 44 
1082 I 66993034 44 
1083 I 67093554 44 
1084 I 67114465 44 
1085 I 67146070 44 
1086 I 67203849 44 
1087 I 67205378 44 
1088 I 67236558 44 
1089 I 67237967 44 
1090 I 67258866 44 
1091 I 67260154 44 
1092 I 67272599 44 
1093 I 67335930 44 
1094 I 67338262 44 
1095 I 67351503 44 
1096 I 67367763 44 
1097 I 67372512 44 
1098 I 67394710 44 
1099 I 67394915 44 
1100 I 67526817 44 
1101 I 67530790 44 
1102 I 67532862 44 
1103 I 67695441 44 
1104 I 67784556 44 
1105 I 67786474 44 
1106 I 67795821 44 
1107 I 67892964 44 
1108 I 67927415 44 
1109 I 67997165 44 
1110 I 68008906 44 
1111 I 68111544 44 
1112 I 68176788 44 
1113 I 68178204 44 
1114 I 68241255 44 
1115 I 68245880 44 
1116 I 68280498 44 
1117 I 68397903 44 
1118 I 68429837 44 
1119 I 68431464 44 
1120 I 68498863 44 
1121 I 68690342 44 
1122 I 68693133 44 
1123 I 68799181 44 
1124 I 68799307 44 
1125 I 68830322 44 
1126 I 68909381 44 
1127 I 69016533 44 
1128 I 69099320 44 
1129 I 69099980 44 
1130 I 69151264 44 
1131 I 69183795 44 
1132 I 69185755 44 
1133 I 69200464 44 
1134 I 69300774 44 
1135 I 69344592 44 
1136 I 69345387 44 
1137 I 69349806 44 
1138 I 69384841 44 
1139 I 69571988 44 
1140 I 69686242 44 
1141 I 69687982 44 
1142 I 69714928 44 
1143 I 69902988 44 
1144 I 70036087 44 
1145 I 70038414 44 
1146 I 70067480 44 
1147 I 70072255 44 
1148 I 70226567 44 
1149 I 70404384 44 
1150 I 70598093 44 
1151 I 70786872 44 
1152 I 70928222 44 
1153 I 70929282 44 
1154 I 70938196 44 
1155 I 70947539 44 
1156 I 70987113 44 
1157 I 70991803 44 
1158 I 71206016 44 
1159 I 71337073 44 
1160 I 71341860 44 
1161 I 71380725 44 
1162 I 71381874 44 
1163 I 71554901 44 
1164 I 71708517 44 
1165 I 71809038 44 
1166 I 71909832 44 
1167 I 71966777 44 
1168 I 71967976 44 
1169 I 71970294 44 
1170 I 71975329 44 
1171 I 71993017 44 
1172 I 72010642 44 
1173 I 72010818 44 
1174 I 72012636 44 
1175 I 72210142 44 
1176 I 72222614 44 
1177 I 72324950 44 
1178 I 72326911 44 
1179 I 72331938 44 
1180 I 72333043 44 
1181 I 72358443 44 
1182 I 72511654 44 
1183 I 72590811 44 
1184 I 72636563 44 
1185 I 72829703 44 
1186 I 72913218 44 
1187 I 72952256 44 
1188 I 72991077 44 
1189 I 72992131 44 
1190 I 72995334 44 
1191 I 72998301 44 
1192 I 73000566 44 
1193 I 73018019 44 
1194 I 73031941 44 
1195 I 73037666 44 
1196 I 73039888 44 
1197 I 73040980 44 
1198 I 73213860 44 
1199 I 73272538 44 
1200 I 73351002 44 
1201 I 73351857 44 
1202 I 73362136 44 
1203 I 73364129 44 
1204 I 73415242 44 
1205 I 73432725 44 
1206 I 73514792 44 
1207 I 73514851 44 
1208 I 73649506 44 
1209 I 73655096 44 
1210 I 73717442 44 
1211 I 73815955 44 
1212 I 73953735 44 
1213 I 74038384 44 
1214 I 74043918 44 
1215 I 74045184 44 
1216 I 74047589 44 
1217 I 74049055 44 
1218 I 74062006 44 
1219 I 74063959 44 
1220 I 74066335 44 
1221 I 74067763 44 
1222 I 74070493 44 
1223 I 74072757 44 
1224 I 74144111 44 
1225 I 74217345 44 
1226 I 74317440 44 
1227 I 74324485 44 
1228 I 74325398 44 
1229 I 74392785 44 
1230 I 74439491 44 
1231 I 74446843 44 
1232 I 74518421 44 
1233 I 74572656 44 
1234 I 74593556 44 
1235 I 74618274 44 
1236 I 74719088 44 
1237 I 74746328 44 
1238 I 74765011 44 
1239 I 74819174 44 
1240 I 75019827 44 
1241 I 75052105 44 
1242 I 75054278 44 
1243 I 75063247 44 
1244 I 75064365 44 
1245 I 75079740 56 
1246 I 75083453 56 
1247 I 75085035 44 
1248 I 75085929 44 
1249 I 75092118 44 
1250 I 75133943 56 
1251 I 75218445 44 
1252 I 75220081 44 
1253 I 75250331 44 
1254 I 75360579 44 
1255 I 75389991 44 
1256 I 75422557 44 
1257 I 75467801 44 
1258 I 75474977 44 
1259 I 75533582 56 
1260 I 75543318 56 
1261 I 75544521 56 
1262 I 75621517 44 
1263 I 75659460 44 
1264 I 75718003 44 
1265 I 75755255 44 
1266 I 76023118 44 
1267 I 76052151 56 
1268 I 76068899 44 
1269 I 76070628 44 
1270 I 76075380 44 
1271 I 76077259 44 
1272 I 76079969 44 
1273 I 76088178 56 
1274 I 76091833 56 
1275 I 76107973 44 
1276 I 76155275 44 
1277 I 76192791 44 
1278 I 76230181 44 
1279 I 76264361 44 
1280 I 76290468 44 
1281 I 76417394 44 
1282 I 76502173 44 
1283 I 76503498 44 
1284 I 76541093 44 
1285 I 76555851 44 
1286 I 76667880 44 
1287 I 76687382 44 
1288 I 76690293 44 
1289 I 76704875 44 
1290 I 76725250 44 
1291 I 76788410 44 
1292 I 76825722 44 
1293 I 76925738 44 
1294 I 77037293 44 
1295 I 77100692 44 
1296 I 77102103 44 
1297 I 77108481 44 
1298 I 77110105 44 
1299 I 77130509 44 
1300 I 77131218 44 
1301 I 77135795 44 
1302 I 77148963 44 
1303 I 77192700 44 
1304 I 77195015 44 
1305 I 77223723 44 
1306 I 77239018 44 
1307 I 77305821 44 
1308 I 77314950 44 
1309 I 77327601 44 
1310 I 77399575 44 
1311 I 77427424 44 
1312 I 77427486 44 
1313 I 77520025 44 
1314 I 77542516 44 
1315 I 77627980 44 
1316 I 77679852 44 
1317 I 77686625 44 
1318 I 77736795 44 
1319 I 77737881 44 
1320 I 77766606 44 
1321 I 77829102 44 
1322 I 77929054 44 
1323 I 78029398 44 
1324 I 78106642 44 
1325 I 78162123 44 
1326 I 78163450 44 
1327 I 78166146 44 
1328 I 78167697 44 
1329 I 78179273 44 
1330 I 78236543 44 
1331 I 78238092 44 
1332 I 78270442 44 
1333 I 78272046 44 
1334 I 78296522 44 
1335 I 78330435 44 
1336 I 78330437 44 
1337 I 78343778 44 
1338 I 78364285 44 
1339 I 78373745 44 
1340 I 78431624 44 
1341 I 78445182 44 
1342 I 78518010 44 
1343 I 78549056 44 
1344 I 78631431 44 
1345 I 78682483 44 
1346 I 78683459 44 
1347 I 78698880 44 
1348 I 78731844 44 
1349 I 78754346 44 
1350 I 78757323 44 
1351 I 78781314 44 
1352 I 78832257 44 
1353 I 78865421 44 
1354 I 78921968 44 
1355 I 78932659 44 
1356 I 79058863 44 
1357 I 79117368 44 
1358 I 79167985 44 
1359 I 79192744 44 
1360 I 79214330 44 
1361 I 79215407 44 
1362 I 79298136 44 
1363 I 79301992 44 
1364 I 79319697 44 
1365 I 79339612 44 
1366 I 79383300 44 
1367 I 79406943 44 
1368 I 79434021 44 
1369 I 79503632 44 
1370 I 79515521 44 
1371 I 79702297 44 
1372 I 79734969 44 
1373 I 79735186 44 
1374 I 79749041 44 
1375 I 79836036 44 
1376 I 79974756 44 
1377 I 80140903 44 
1378 I 80256899 44 
1379 I 80258004 44 
1380 I 80274069 44 
1381 I 80439467 44 
1382 I 80537735 44 
1383 I 80633001 44 
1384 I 80666373 44 
1385 I 80678560 44 
