0 I 0 52 
1 I 495257 44 
2 I 1017775 139 
3 I 3908552 44 
4 I 3984383 139 
5 I 4644365 44 
6 I 5045884 44 
7 I 5571288 56 
8 I 6088214 56 
9 I 6751951 56 
10 I 10250334 44 
11 I 10752439 56 
12 I 11260821 56 
13 I 29837999 44 
14 I 29871623 44 
15 I 30297227 44 
16 I 30307987 44 
17 I 55432353 52 
18 I 55889068 44 
19 I 59366850 142 
20 I 59885165 56 
21 I 64890067 56 
22 I 65945682 56 
23 I 65997253 44 
24 I 66422950 44 
25 I 79997525 52 
26 I 83013863 52 
27 I 83466988 44 
28 I 83931340 142 
29 I 84399998 56 
30 I 84406318 64 
31 I 84422525 56 
32 I 84432846 44 
33 I 84872275 56 
34 I 84879281 64 
35 I 84892855 56 
36 I 84905591 56 
37 I 84912705 56 
38 I 85524805 56 
39 I 92518596 44 
40 I 93165510 44 
41 I 93627578 56 
42 I 93639298 56 
43 I 94095913 56 
44 I 94101480 44 
45 I 94548576 56 
46 I 97185809 44 
47 I 97763369 44 
48 I 103195059 56 
49 I 113914884 56 
50 I 114249976 44 
51 I 114383867 44 
52 I 114396159 44 
