0 I 0 44 
1 I 237749 44 
2 I 499900 44 
3 I 736587 44 
4 I 998148 44 
5 I 1246106 44 
6 I 1497716 44 
7 I 1732385 44 
8 I 1867805 44 
9 I 2152159 44 
10 I 2296038 44 
11 I 3111923 56 
12 I 3638309 44 
13 I 3730599 44 
14 I 3999805 44 
15 I 4231966 44 
16 I 4523927 44 
17 I 4738108 44 
18 I 5000424 44 
19 I 5121417 44 
20 I 12014142 44 
21 I 12127891 44 
22 I 12389207 44 
23 I 12622964 44 
24 I 12871828 44 
25 I 13109248 44 
26 I 13137429 44 
27 I 14129382 56 
28 I 16125558 44 
29 I 16248906 44 
30 I 16510067 44 
31 I 16716720 44 
32 I 16874180 44 
33 I 17112809 44 
34 I 17387776 44 
35 I 17486558 44 
36 I 17762174 44 
37 I 17986682 44 
38 I 18248304 44 
39 I 18378123 44 
40 I 18651745 44 
41 I 18794811 44 
42 I 21003411 44 
43 I 21122440 44 
44 I 21184227 44 
45 I 21246944 44 
46 I 21386182 44 
47 I 21504418 44 
48 I 21668137 56 
49 I 21773943 56 
50 I 21878259 56 
51 I 21889588 56 
52 I 21933672 56 
53 I 21973822 44 
54 I 22061048 44 
55 I 22184940 44 
56 I 22321691 44 
57 I 22531607 44 
58 I 22535936 44 
59 I 22535970 44 
60 I 23205960 44 
61 I 23302590 44 
62 I 23605581 44 
63 I 23717150 44 
64 I 23988939 44 
65 I 24184993 44 
66 I 24379250 44 
67 I 25077161 44 
68 I 25079240 56 
69 I 25124127 44 
70 I 25339207 44 
71 I 25583686 44 
72 I 25612757 44 
73 I 25680651 44 
74 I 25738398 44 
75 I 25889797 56 
76 I 25960509 56 
77 I 25987955 56 
78 I 26093347 44 
79 I 26128601 44 
80 I 26238777 44 
81 I 26382277 44 
82 I 26486762 44 
83 I 26618815 44 
84 I 26754515 44 
85 I 26997085 44 
86 I 27218977 44 
87 I 27358350 44 
88 I 27665766 44 
89 I 27903715 44 
90 I 28157528 44 
91 I 28320536 44 
92 I 28509880 44 
93 I 28748134 44 
94 I 29005133 44 
95 I 29031767 56 
96 I 29138105 56 
97 I 29259310 44 
98 I 29392811 44 
99 I 29520699 44 
100 I 29779254 44 
101 I 29993675 56 
102 I 30124405 56 
103 I 30127904 56 
104 I 30212865 44 
105 I 30506923 44 
106 I 30627584 44 
107 I 30877587 44 
108 I 31127888 44 
109 I 31193064 44 
110 I 31249568 44 
111 I 31475368 44 
112 I 31701856 44 
113 I 31811342 44 
114 I 31966177 44 
115 I 32138507 44 
116 I 34244330 44 
117 I 34421134 44 
118 I 34620289 44 
119 I 34894049 44 
120 I 34993053 44 
121 I 35128346 44 
122 I 36109759 56 
123 I 37056652 44 
124 I 37169756 44 
125 I 37315849 44 
126 I 37539149 44 
127 I 37716721 44 
128 I 37816371 44 
129 I 38005859 44 
130 I 38117029 44 
131 I 38263928 44 
132 I 42381235 44 
133 I 42489441 44 
134 I 42748581 44 
135 I 42986661 44 
136 I 43245451 44 
137 I 43484536 44 
138 I 43750084 44 
139 I 43983090 44 
140 I 44250137 44 
141 I 44486713 44 
142 I 44717852 44 
143 I 44885092 44 
144 I 45134006 44 
145 I 45365883 44 
146 I 45600266 44 
147 I 45760965 44 
148 I 46049076 44 
149 I 46254437 44 
150 I 46266066 44 
151 I 46266186 56 
152 I 46488712 44 
153 I 46633204 44 
154 I 47297621 44 
155 I 47461808 44 
156 I 47577933 44 
157 I 47810451 44 
158 I 47933295 44 
159 I 49137900 44 
160 I 49242352 44 
161 I 49498186 44 
162 I 49737870 44 
163 I 49990670 44 
164 I 50244387 44 
165 I 50511694 44 
166 I 50515187 44 
167 I 50621780 44 
168 I 50881358 44 
169 I 51108058 44 
170 I 51376856 44 
171 I 51497891 44 
172 I 56512382 56 
173 I 57381184 44 
174 I 57483305 44 
175 I 57754363 44 
176 I 57985224 44 
177 I 58243227 44 
178 I 58488790 44 
179 I 58716558 44 
180 I 58868630 44 
181 I 58955013 44 
182 I 58990174 44 
183 I 59208567 44 
184 I 59446273 44 
185 I 59699112 44 
186 I 59983842 44 
187 I 60108018 44 
188 I 63310409 44 
189 I 63361833 44 
190 I 63599073 44 
191 I 63748580 44 
192 I 66603623 56 
193 I 70239005 63 
194 I 70239348 323 
195 I 70239678 323 
196 I 70345185 323 
197 I 70476529 388 
198 I 70595554 323 
199 I 70726718 323 
200 I 70844837 388 
201 I 70973290 323 
202 I 71092856 323 
203 I 71144331 44 
204 I 71230090 388 
205 I 71342751 323 
206 I 71472243 323 
207 I 71515351 44 
208 I 71594316 323 
209 I 71726723 388 
210 I 71845636 323 
211 I 71977399 323 
212 I 72099301 388 
213 I 72221245 323 
214 I 72351241 323 
215 I 72482320 388 
216 I 72599764 323 
217 I 72720837 44 
218 I 72742668 323 
219 I 72851078 388 
220 I 72971232 323 
221 I 72971246 63 
222 I 73011655 44 
223 I 75590942 44 
224 I 75703178 44 
225 I 75936067 44 
226 I 75967511 44 
227 I 76047499 44 
228 I 76184862 44 
229 I 76220234 44 
230 I 76317120 44 
231 I 76344714 63 
232 I 76345795 323 
233 I 76347512 323 
234 I 76483099 323 
235 I 76557145 44 
236 I 76593008 388 
237 I 76696800 44 
238 I 76703734 56 
239 I 76721316 323 
240 I 76805182 44 
241 I 76837681 44 
242 I 76850733 323 
243 I 76971716 388 
244 I 77113237 323 
245 I 77220264 323 
246 I 77350985 388 
247 I 77472785 323 
248 I 77599100 323 
249 I 77718670 323 
250 I 77864377 388 
251 I 77988707 323 
252 I 78100262 323 
253 I 78224583 388 
254 I 78357865 323 
255 I 78467471 323 
256 I 78602535 388 
257 I 78716759 323 
258 I 78868104 323 
259 I 78972353 388 
260 I 79100860 323 
261 I 79226449 323 
262 I 79345184 323 
263 I 79482107 63 
264 I 79482136 388 
265 I 84724592 44 
266 I 84803478 44 
267 I 85085638 44 
268 I 85168200 44 
269 I 85417127 44 
270 I 85513279 44 
271 I 87412546 56 
272 I 88297020 44 
273 I 88421259 44 
274 I 88621705 44 
275 I 88643398 44 
276 I 88748767 44 
277 I 88885694 44 
278 I 89007024 44 
279 I 89136140 44 
280 I 89272011 44 
281 I 89322436 44 
282 I 89497401 44 
283 I 89734913 44 
284 I 89995485 44 
285 I 90217276 44 
286 I 90391829 44 
287 I 90620091 44 
288 I 90878405 44 
289 I 90990969 44 
290 I 91232184 44 
291 I 91499876 44 
292 I 91619799 44 
293 I 93125625 44 
294 I 93259520 44 
295 I 93477172 63 
296 I 93478324 323 
297 I 93479344 323 
298 I 93612098 323 
299 I 93760056 44 
300 I 93760998 388 
301 I 93845195 323 
302 I 93898797 56 
303 I 93977539 323 
304 I 93999385 56 
305 I 94095610 388 
306 I 94130684 56 
307 I 94237446 323 
308 I 94238044 56 
309 I 94342686 323 
310 I 94386007 56 
311 I 94480092 388 
312 I 94529256 56 
313 I 94543709 44 
314 I 94592769 323 
315 I 94592771 63 
316 I 94762452 44 
317 I 95003610 44 
318 I 95248125 44 
319 I 95485788 44 
320 I 95758455 44 
321 I 96030363 44 
322 I 96198788 44 
323 I 96479949 44 
324 I 96674364 44 
325 I 96804905 56 
326 I 96868637 56 
327 I 97017579 44 
328 I 97154268 56 
329 I 97311988 56 
330 I 97371222 56 
331 I 97414545 44 
332 I 97610077 44 
333 I 97618858 56 
334 I 97879823 44 
335 I 97998720 44 
336 I 98248537 44 
337 I 98490679 44 
338 I 98745482 44 
339 I 98909964 44 
340 I 98938658 44 
341 I 99054024 44 
342 I 99165886 44 
343 I 99297165 44 
344 I 99443604 44 
345 I 99513253 44 
346 I 99612997 44 
347 I 99668125 44 
348 I 99870326 44 
349 I 100126861 44 
350 I 100365154 44 
351 I 100609126 44 
352 I 100725026 44 
353 I 100915139 44 
354 I 101135108 44 
355 I 101359100 44 
356 I 101591456 44 
357 I 101606730 44 
358 I 101727581 44 
359 I 101792041 44 
360 I 101924465 44 
361 I 102042337 56 
362 I 102150625 56 
363 I 102185655 56 
364 I 102244049 56 
365 I 102308047 44 
366 I 102388725 44 
367 I 102526853 44 
368 I 102765509 44 
369 I 102783105 44 
370 I 102970098 44 
371 I 103020620 56 
372 I 103048432 56 
373 I 103194650 56 
374 I 103194650 44 
375 I 103276288 44 
376 I 103397656 44 
377 I 103584951 44 
378 I 103645118 44 
379 I 103741527 44 
380 I 103946002 44 
381 I 104076653 56 
382 I 104076692 56 
383 I 104872954 44 
384 I 108167928 56 
385 I 110874817 44 
386 I 111003341 44 
387 I 111134404 44 
388 I 111412964 44 
389 I 111617451 44 
390 I 111901354 44 
391 I 112033225 56 
392 I 112156771 56 
393 I 112256615 56 
394 I 112282127 44 
395 I 112493896 44 
396 I 112758801 44 
397 I 113007957 44 
398 I 113306509 44 
399 I 113493711 56 
400 I 113499474 56 
401 I 113536345 56 
402 I 113643771 56 
403 I 113750202 56 
404 I 113887739 56 
405 I 114005840 44 
406 I 114121179 44 
407 I 114400575 44 
408 I 114411194 44 
409 I 117002984 44 
410 I 117119738 44 
411 I 117375142 44 
412 I 117645071 44 
413 I 117907083 44 
414 I 118202958 44 
415 I 118371942 44 
416 I 118375672 56 
417 I 118655766 44 
418 I 118730829 44 
419 I 119003378 44 
420 I 119242339 44 
421 I 119515937 44 
422 I 119764845 44 
423 I 120006606 44 
424 I 120255827 44 
425 I 120503301 44 
426 I 120513260 44 
427 I 128638108 56 
428 I 133048785 44 
429 I 133174817 44 
430 I 133311712 44 
431 I 133543041 44 
432 I 133670816 44 
433 I 134199536 44 
434 I 134325304 44 
435 I 134514252 44 
436 I 134680261 44 
437 I 134928596 44 
438 I 135059952 44 
439 I 136002621 44 
440 I 136138841 44 
441 I 136366792 44 
442 I 136655375 44 
443 I 136809959 44 
444 I 136994575 44 
445 I 137245829 44 
446 I 137503847 44 
447 I 137747853 44 
448 I 137887597 44 
449 I 138854618 56 
450 I 139819606 44 
451 I 139918711 44 
452 I 140208692 44 
453 I 140315899 44 
454 I 140567588 44 
455 I 140747624 44 
456 I 143884654 44 
457 I 144042903 44 
458 I 144254436 44 
459 I 144515372 44 
460 I 144760166 44 
461 I 145015140 44 
462 I 145130101 44 
463 I 145391162 44 
464 I 145624513 44 
465 I 145873341 44 
466 I 146107398 44 
467 I 146216175 44 
468 I 146383999 44 
469 I 146609758 44 
470 I 146869674 44 
471 I 147111332 44 
472 I 147309955 44 
473 I 147493394 44 
474 I 147748941 44 
475 I 147868731 44 
476 I 148108142 44 
477 I 148377505 44 
478 I 148513138 44 
479 I 148731864 44 
480 I 148876058 44 
481 I 148998040 44 
482 I 149000175 56 
483 I 149245606 44 
484 I 149497767 44 
485 I 149716131 44 
486 I 149874651 44 
487 I 150115060 44 
488 I 150372156 44 
489 I 150619917 44 
490 I 150815984 44 
491 I 150902853 44 
492 I 152515399 44 
493 I 152614662 44 
494 I 152873484 56 
495 I 153000689 56 
496 I 153090056 44 
497 I 153216538 44 
498 I 153377598 44 
499 I 153619797 44 
500 I 153872872 44 
501 I 154000161 44 
502 I 154233596 44 
503 I 154504765 44 
504 I 154745497 44 
505 I 154995657 44 
506 I 155234255 44 
507 I 155495021 44 
508 I 155745062 44 
509 I 155874183 44 
510 I 156440727 44 
511 I 156584864 44 
512 I 156717312 44 
513 I 156912141 44 
514 I 157164892 44 
515 I 157436692 44 
516 I 157667540 44 
517 I 157809991 44 
518 I 158035640 44 
519 I 158160622 44 
520 I 159153735 56 
521 I 159754797 44 
522 I 159864725 44 
523 I 160122005 44 
524 I 160364366 44 
525 I 160620243 44 
526 I 160764920 44 
527 I 165876748 44 
528 I 166028167 44 
529 I 166315648 44 
530 I 166570666 44 
531 I 166819288 44 
532 I 167076075 44 
533 I 167226827 44 
534 I 167434870 44 
535 I 167588486 44 
536 I 167819339 44 
537 I 168091371 44 
538 I 168198509 44 
539 I 168447151 44 
540 I 168693959 44 
541 I 168856670 44 
542 I 169683602 56 
543 I 169797107 44 
544 I 169909534 44 
545 I 170173369 44 
546 I 170482579 44 
547 I 170661592 44 
548 I 170925889 44 
549 I 171178743 44 
550 I 171475255 44 
551 I 171667307 44 
552 I 171809899 44 
553 I 172031089 44 
554 I 172203654 44 
555 I 172461268 44 
556 I 172684805 44 
557 I 172781842 44 
558 I 172946680 44 
559 I 176830955 44 
560 I 176949090 44 
561 I 177194429 44 
562 I 177452593 44 
563 I 177722655 44 
564 I 177841055 44 
565 I 178044746 44 
566 I 179812312 56 
567 I 179954711 44 
568 I 180016655 44 
569 I 180210537 44 
570 I 180439661 44 
571 I 180699772 44 
572 I 180941269 44 
573 I 181206110 44 
574 I 181435056 44 
575 I 181578577 44 
576 I 181828208 44 
577 I 182106745 44 
578 I 182309870 44 
579 I 182436459 44 
580 I 182696067 44 
581 I 182937081 44 
582 I 183202283 44 
583 I 183445561 44 
584 I 183736806 44 
585 I 183988052 44 
586 I 184129725 44 
587 I 184324320 44 
588 I 184573911 44 
589 I 184731504 44 
590 I 184900107 44 
591 I 184933289 44 
592 I 185028153 44 
593 I 185189432 44 
594 I 185276359 44 
595 I 185432662 44 
596 I 185553950 44 
597 I 185664234 44 
598 I 185822943 44 
599 I 185932444 44 
600 I 185964271 44 
601 I 186250487 44 
602 I 186491605 44 
603 I 186750318 44 
604 I 187016282 44 
605 I 187083202 56 
606 I 187199925 56 
607 I 187289309 44 
608 I 187440730 44 
609 I 187728475 44 
610 I 187985045 44 
611 I 188235740 44 
612 I 188348672 44 
613 I 188624466 44 
614 I 188823860 44 
615 I 188907766 44 
616 I 188952742 44 
617 I 189063815 44 
618 I 189254845 44 
619 I 189309833 44 
620 I 189432694 44 
621 I 189534118 44 
622 I 189657349 44 
623 I 189738438 44 
624 I 189969165 44 
625 I 189970634 44 
626 I 189972123 56 
627 I 190217968 44 
628 I 190454308 44 
629 I 190710900 44 
630 I 190857924 44 
631 I 192831331 44 
632 I 192958808 44 
633 I 193228218 44 
634 I 193466493 44 
635 I 193696883 44 
636 I 193987887 44 
637 I 194099039 44 
638 I 194734494 44 
639 I 194845778 44 
640 I 194965211 44 
641 I 199841995 44 
642 I 199988256 44 
643 I 200136046 44 
644 I 200152973 56 
645 I 200321345 44 
646 I 200581855 44 
647 I 200700846 44 
648 I 200949330 44 
649 I 201217919 44 
650 I 201458239 44 
651 I 201702688 44 
652 I 201996974 44 
653 I 202198136 44 
654 I 202355500 56 
655 I 203200774 44 
656 I 204346474 44 
657 I 204432851 44 
658 I 204675411 44 
659 I 204936602 44 
660 I 205169651 44 
661 I 205475210 44 
662 I 205655706 44 
663 I 205918151 44 
664 I 206155416 44 
665 I 206170855 44 
666 I 206602226 56 
667 I 206602238 56 
668 I 206725954 44 
669 I 206725956 56 
670 I 206953121 44 
671 I 207238770 44 
672 I 207473045 44 
673 I 207599925 44 
674 I 207826476 44 
675 I 208023204 44 
676 I 208316050 44 
677 I 208345613 44 
678 I 209606237 56 
679 I 209699813 56 
680 I 209839084 56 
681 I 209947245 56 
682 I 210092501 56 
683 I 210197268 44 
684 I 210314332 44 
685 I 210341077 44 
686 I 210341172 56 
687 I 210486898 44 
688 I 211621881 63 
689 I 211622164 323 
690 I 211622448 323 
691 I 211765715 323 
692 I 211856693 388 
693 I 211992369 323 
694 I 212099001 323 
695 I 212226587 388 
696 I 212352733 323 
697 I 212479942 323 
698 I 212605368 388 
699 I 212728117 323 
700 I 212728123 63 
701 I 212819727 44 
702 I 212926169 44 
703 I 213161280 44 
704 I 213168550 44 
705 I 215708292 44 
706 I 215826686 44 
707 I 216070805 44 
708 I 216215892 44 
709 I 216457434 44 
710 I 216587574 44 
711 I 216732699 44 
712 I 216949475 44 
713 I 217207793 44 
714 I 217210865 44 
715 I 217836105 44 
716 I 217952383 44 
717 I 218213407 44 
718 I 218446029 44 
719 I 218723158 44 
720 I 218952290 44 
721 I 219071246 44 
722 I 219329659 44 
723 I 219566107 44 
724 I 219826606 44 
725 I 220046137 44 
726 I 220722371 63 
727 I 220726129 323 
728 I 220726535 323 
729 I 220807480 56 
730 I 220846965 323 
731 I 220968052 388 
732 I 221098197 323 
733 I 221226210 323 
734 I 221346755 388 
735 I 221476094 323 
736 I 221595271 323 
737 I 221726900 63 
738 I 221726956 388 
739 I 223211012 44 
740 I 223323419 44 
741 I 223577582 44 
742 I 223699444 44 
743 I 224453382 44 
744 I 224551203 44 
745 I 224571641 44 
746 I 224654262 44 
747 I 224780252 44 
748 I 224928473 44 
749 I 225030021 44 
750 I 225163906 44 
751 I 225286169 44 
752 I 225443364 44 
753 I 225661601 44 
754 I 225909132 44 
755 I 226031084 44 
756 I 227291627 44 
757 I 227398915 44 
758 I 227656188 44 
759 I 227809597 44 
760 I 228028996 44 
761 I 228148592 44 
762 I 228405229 44 
763 I 228648393 44 
764 I 228903235 44 
765 I 229167249 44 
766 I 229406621 44 
767 I 229535105 44 
768 I 231530488 56 
769 I 233216973 44 
770 I 233321869 44 
771 I 233595681 44 
772 I 233720581 44 
773 I 233934585 44 
774 I 234085207 44 
775 I 234319798 44 
776 I 234573678 44 
777 I 234809635 44 
778 I 234943839 44 
779 I 235206116 44 
780 I 235442506 44 
781 I 235686929 44 
782 I 235818154 44 
783 I 236013731 44 
784 I 236205217 44 
785 I 236332762 44 
786 I 239822300 44 
787 I 239902995 44 
788 I 240154328 44 
789 I 240443754 44 
790 I 240647059 44 
791 I 240895267 44 
792 I 241150584 44 
793 I 241291150 44 
794 I 242275071 56 
795 I 243173583 44 
796 I 243280760 44 
797 I 243533174 44 
798 I 243778315 44 
799 I 243916263 44 
800 I 244158274 44 
801 I 244405687 44 
802 I 244652070 44 
803 I 244900512 44 
804 I 245147111 44 
805 I 245322817 44 
806 I 245537903 44 
807 I 245666813 44 
808 I 245781093 44 
809 I 245923836 44 
810 I 246180143 44 
811 I 246400770 44 
812 I 246647323 44 
813 I 246901329 44 
814 I 247159909 44 
815 I 247317939 44 
816 I 247356428 44 
817 I 247448783 44 
818 I 247589012 44 
819 I 247704700 44 
820 I 247827515 44 
821 I 247951157 44 
822 I 248094198 44 
823 I 248206993 44 
824 I 248328247 44 
825 I 248444353 44 
826 I 248577532 44 
827 I 248695597 44 
828 I 248778141 44 
829 I 249017296 44 
830 I 249284326 44 
831 I 249518981 44 
832 I 249784573 44 
833 I 250012676 44 
834 I 250153196 44 
835 I 250200736 44 
836 I 250282083 44 
837 I 250399332 44 
838 I 250536102 44 
839 I 250686382 44 
840 I 250789116 44 
841 I 250897378 44 
842 I 251032386 44 
843 I 251148202 44 
844 I 251215807 44 
845 I 251331033 44 
846 I 251409933 44 
847 I 251598365 44 
848 I 251815695 44 
849 I 252161445 44 
850 I 252202076 44 
851 I 252457030 44 
852 I 252459145 56 
853 I 252698465 44 
854 I 252959088 44 
855 I 253092891 44 
856 I 258043070 44 
857 I 258174786 44 
858 I 258397589 44 
859 I 258652949 44 
860 I 258785999 44 
861 I 259295132 44 
862 I 259405209 44 
863 I 259659950 44 
864 I 259856408 44 
865 I 260594071 44 
866 I 260691338 44 
867 I 260947119 44 
868 I 261147372 44 
869 I 261160999 44 
870 I 261269748 44 
871 I 261400871 44 
872 I 261525143 44 
873 I 261652919 44 
874 I 261708868 44 
875 I 261916546 44 
876 I 262029019 44 
877 I 262215565 44 
878 I 262323742 44 
879 I 262572751 44 
880 I 262574350 56 
881 I 262704039 44 
882 I 267512646 44 
883 I 267569787 44 
884 I 267777289 44 
885 I 268030267 44 
886 I 268277351 44 
887 I 268535983 44 
888 I 268715730 44 
889 I 273556964 56 
890 I 277726524 63 
891 I 277727256 323 
892 I 277727652 323 
893 I 277843287 323 
894 I 277973932 388 
895 I 278107412 323 
896 I 278230153 323 
897 I 278354891 388 
898 I 278471627 323 
899 I 278605007 323 
900 I 278721872 388 
901 I 278850736 323 
902 I 278975226 323 
903 I 279100650 323 
904 I 279220801 388 
905 I 279349273 323 
906 I 279470047 63 
907 I 279470051 323 
908 I 282435001 44 
909 I 282528518 44 
910 I 282717988 44 
911 I 282893675 44 
912 I 283153136 44 
913 I 283276076 44 
914 I 283483355 44 
915 I 284273189 56 
916 I 285598644 63 
917 I 285599828 323 
918 I 285605364 323 
919 I 285726426 323 
920 I 285846556 388 
921 I 285975046 323 
922 I 286095007 323 
923 I 286225805 388 
924 I 286345229 323 
925 I 286474323 323 
926 I 286596503 388 
927 I 286725487 323 
928 I 286843364 323 
929 I 286973596 63 
930 I 286973632 323 
931 I 291206383 44 
932 I 291324806 44 
933 I 291575139 44 
934 I 291699489 44 
935 I 291950992 44 
936 I 292201813 44 
937 I 292442090 44 
938 I 292700474 44 
939 I 292936461 44 
940 I 293107075 44 
941 I 294931627 56 
942 I 296095940 63 
943 I 296097172 323 
944 I 296097902 323 
945 I 296222927 323 
946 I 296343347 388 
947 I 296472266 323 
948 I 296591855 323 
949 I 296726077 388 
950 I 296851203 323 
951 I 296972639 323 
952 I 297103584 388 
953 I 297220379 323 
954 I 297356315 323 
955 I 297473929 323 
956 I 297600890 388 
957 I 297722446 323 
958 I 297722464 63 
