0 I 0 56 
1 I 1000107 111 
2 I 5062098 108 
3 I 8831838 168 
4 I 10786918 114 
5 I 12957030 125 
6 I 21677215 104 
7 I 24168999 104 
8 I 26366482 116 
9 I 38607265 132 
10 I 41438388 185 
11 I 46643034 161 
12 I 47214544 156 
13 I 60338083 56 
14 I 62138225 111 
15 I 69130958 119 
16 I 72519335 104 
17 I 74891904 142 
18 I 81167746 117 
19 I 88049568 118 
20 I 88277964 136 
21 I 95745550 135 
22 I 98332676 104 
23 I 102128282 104 
24 I 107086874 119 
25 I 109983416 154 
26 I 112644356 113 
27 I 113317926 156 
28 I 114419278 204 
29 I 116734367 132 
30 I 116978535 130 
31 I 118837999 113 
32 I 119956228 56 
33 I 121036558 111 
34 I 121572932 114 
35 I 126062814 135 
36 I 136663841 144 
37 I 139000217 147 
38 I 142102816 114 
39 I 147231037 116 
40 I 154225347 141 
41 I 167583255 153 
42 I 171454651 124 
43 I 175043007 156 
44 I 180164322 56 
45 I 180226826 159 
46 I 181234792 111 
47 I 181961314 124 
48 I 183055267 180 
49 I 190672802 146 
50 I 192691129 123 
51 I 199032671 165 
52 I 202976199 103 
53 I 205142180 115 
54 I 240272433 56 
55 I 240407907 139 
56 I 242422589 111 
57 I 249125198 139 
58 I 265578515 139 
59 I 277390466 163 
60 I 287872686 214 
61 I 288061715 116 
