0 I 0 48 
1 I 448582 44 
2 I 958804 44 
3 I 958940 44 
4 I 10884320 48 
5 I 11020921 44 
6 I 11121015 44 
7 I 11123178 44 
8 I 11526742 48 
9 I 11556856 48 
10 I 11605251 48 
11 I 11671432 44 
12 I 11715066 44 
13 I 11766669 44 
14 I 11841130 44 
15 I 11841267 44 
16 I 11880267 44 
17 I 11880400 44 
18 I 11906097 44 
19 I 11906219 44 
20 I 12902289 48 
21 I 13405753 44 
22 I 13958989 44 
23 I 13961207 44 
24 I 48073988 48 
25 I 48988591 44 
26 I 49557122 48 
27 I 49744763 44 
28 I 49744888 44 
29 I 50190817 44 
30 I 50828823 44 
31 I 50828824 44 
