0 I 0 44 
1 I 18530 44 
2 I 851684 44 
3 I 908615 44 
4 I 1045880 44 
5 I 1059042 44 
6 I 1798593 44 
7 I 1856804 44 
8 I 1940059 44 
9 I 2017507 44 
10 I 2949576 44 
11 I 3030156 44 
12 I 3095862 44 
13 I 3934638 44 
14 I 4050467 44 
15 I 4123414 44 
16 I 4937523 44 
17 I 5087059 44 
18 I 5204543 44 
19 I 6044088 44 
20 I 6156220 44 
21 I 6251643 44 
22 I 7076893 44 
23 I 7198405 44 
24 I 7282734 44 
25 I 8092202 44 
26 I 8204061 44 
27 I 8307169 44 
28 I 9172194 44 
29 I 9251060 44 
30 I 9318655 44 
31 I 10241722 44 
32 I 10327049 44 
33 I 10412881 44 
34 I 11304947 44 
35 I 11350797 44 
36 I 11439540 44 
37 I 12545836 44 
38 I 12617209 44 
39 I 12666082 44 
40 I 12668878 44 
41 I 13478661 56 
42 I 13850052 56 
43 I 13910747 56 
44 I 13925719 56 
45 I 13990194 56 
46 I 14414192 44 
47 I 14475748 44 
48 I 14515975 44 
49 I 14544833 44 
50 I 14589498 44 
51 I 14701607 44 
52 I 14786691 56 
53 I 15530341 44 
54 I 15573938 44 
55 I 15620217 44 
56 I 15644164 44 
57 I 15691406 44 
58 I 16400340 44 
59 I 17196857 44 
60 I 17295997 44 
61 I 17327621 44 
62 I 17401745 44 
63 I 17931089 44 
64 I 18037803 44 
65 I 18837756 44 
66 I 18857393 44 
67 I 18897822 44 
68 I 18987144 44 
69 I 19111962 44 
70 I 19538187 44 
71 I 20353842 44 
72 I 20441262 44 
73 I 20661217 44 
74 I 21500757 44 
75 I 21629163 44 
76 I 21646489 44 
77 I 22435727 44 
78 I 22527967 44 
79 I 22617064 44 
80 I 23407596 44 
81 I 23481232 44 
82 I 23499790 44 
83 I 24293985 44 
84 I 24353419 44 
85 I 24422951 44 
86 I 24478639 44 
87 I 25297476 44 
88 I 25336395 44 
89 I 25446733 44 
90 I 26227828 44 
91 I 26337125 44 
92 I 27247148 44 
93 I 27399546 44 
94 I 27479581 56 
95 I 29181737 44 
96 I 29934715 44 
97 I 29985434 44 
98 I 30006680 44 
99 I 30100901 44 
100 I 30713217 44 
101 I 30727154 44 
102 I 31577657 44 
103 I 31617228 44 
104 I 31617228 44 
105 I 31638292 44 
106 I 31671631 44 
107 I 31695987 44 
108 I 32453883 44 
109 I 32472934 44 
110 I 32494291 44 
111 I 32546953 44 
112 I 32557762 44 
113 I 33327567 44 
114 I 33395701 44 
115 I 33446257 44 
116 I 34334608 44 
117 I 34429635 44 
118 I 34510253 44 
119 I 35331700 44 
120 I 35355539 44 
121 I 35427916 44 
122 I 35438387 44 
123 I 36337783 44 
124 I 36410112 44 
125 I 36474715 44 
126 I 37348705 44 
127 I 37444053 44 
128 I 37500723 44 
129 I 38309737 44 
130 I 38387544 44 
131 I 38431941 44 
132 I 39266493 44 
133 I 39297006 44 
134 I 39364334 44 
135 I 39404723 44 
136 I 40214394 44 
137 I 40273806 44 
138 I 40344036 44 
139 I 41104013 44 
140 I 41166768 44 
141 I 41222443 44 
142 I 41961357 44 
143 I 42032721 44 
144 I 42068800 44 
145 I 42846819 44 
146 I 42888658 44 
147 I 42939426 44 
148 I 43703975 44 
149 I 43797235 44 
150 I 43875810 44 
151 I 43917303 44 
152 I 44672425 44 
153 I 44732363 44 
154 I 44782493 44 
155 I 44833098 52 
156 I 45535219 44 
157 I 45603035 44 
158 I 45644808 44 
159 I 46454750 44 
160 I 46549467 44 
161 I 46583080 44 
162 I 46598942 44 
163 I 46679677 44 
164 I 47368463 44 
165 I 47421476 44 
166 I 47507244 44 
167 I 47512346 44 
168 I 48290292 44 
169 I 48344299 44 
170 I 48376306 44 
171 I 48389555 44 
172 I 49152154 44 
173 I 49191435 44 
174 I 49262073 44 
175 I 50034301 44 
176 I 50060990 44 
177 I 50096859 44 
178 I 50100036 44 
179 I 50748105 44 
180 I 50763615 44 
181 I 50922712 44 
182 I 50953343 44 
183 I 50995922 44 
184 I 51004374 44 
185 I 51793716 44 
186 I 51827616 44 
187 I 51878967 44 
188 I 52679448 44 
189 I 52726291 44 
190 I 52809175 44 
191 I 53542716 44 
192 I 53583332 44 
193 I 53620989 44 
194 I 54435298 44 
195 I 54527300 44 
196 I 54616164 44 
197 I 54642838 44 
198 I 55427661 44 
199 I 55484394 44 
200 I 55509195 44 
201 I 56355273 44 
202 I 56424532 44 
203 I 56469559 44 
204 I 58325534 56 
205 I 59040740 44 
206 I 59094101 44 
207 I 59750125 44 
208 I 59783244 44 
209 I 59816487 44 
210 I 59855665 44 
211 I 60571489 44 
212 I 60600035 44 
213 I 60632226 44 
214 I 60660769 44 
215 I 60693464 44 
216 I 60696772 44 
217 I 61390873 44 
218 I 61418213 44 
219 I 61442176 44 
220 I 61469451 44 
221 I 61502751 44 
222 I 62236632 44 
223 I 62295682 44 
224 I 62356261 44 
225 I 62358048 44 
226 I 63156322 44 
227 I 63197832 44 
228 I 63221263 44 
229 I 64026987 44 
230 I 64065636 44 
231 I 64089235 44 
232 I 66037400 56 
233 I 66757439 44 
234 I 66797576 44 
235 I 67495157 44 
236 I 67544691 44 
237 I 67568141 44 
238 I 67591003 44 
239 I 68337372 44 
240 I 68369223 44 
241 I 68393237 44 
242 I 68404136 44 
243 I 68436144 44 
244 I 68446551 44 
245 I 69221296 44 
246 I 69248535 44 
247 I 69254537 44 
248 I 69265849 44 
249 I 69295123 44 
250 I 70067791 44 
251 I 70116425 44 
252 I 70166820 44 
253 I 70196422 44 
254 I 70973263 44 
255 I 71007835 44 
256 I 71057264 44 
257 I 71870056 44 
258 I 71930181 44 
259 I 71983266 44 
260 I 71983266 44 
261 I 72741061 44 
262 I 72792187 44 
263 I 72829858 44 
264 I 73575352 44 
265 I 73660704 44 
266 I 73683799 44 
267 I 74420709 44 
268 I 74471338 44 
269 I 74499559 44 
270 I 75257862 44 
271 I 75313143 44 
272 I 75375824 44 
273 I 76127620 44 
274 I 76251345 44 
275 I 76307599 44 
276 I 77051746 44 
277 I 77108071 44 
278 I 77173860 44 
279 I 77190838 44 
280 I 78937780 56 
281 I 79663375 44 
282 I 79692715 44 
283 I 80365126 44 
284 I 80392724 44 
285 I 80428757 44 
286 I 80438396 44 
287 I 81144555 44 
288 I 81172915 44 
289 I 81212277 44 
290 I 81229501 44 
291 I 81278992 44 
292 I 81286469 44 
293 I 82035280 44 
294 I 82069620 44 
295 I 82132234 44 
296 I 82146564 44 
297 I 82182103 44 
298 I 82943035 44 
299 I 83014605 44 
300 I 83057697 44 
301 I 83062599 44 
302 I 83805283 44 
303 I 83873429 44 
304 I 83916386 44 
305 I 84754325 44 
306 I 84795033 44 
307 I 85621673 44 
308 I 85684109 44 
309 I 85721533 44 
310 I 85731861 44 
311 I 86543297 44 
312 I 86568888 44 
313 I 86614931 44 
314 I 86626669 44 
315 I 87387088 44 
316 I 87472464 44 
317 I 87522962 44 
318 I 88288921 44 
319 I 88333275 44 
320 I 88368867 44 
321 I 89242577 44 
322 I 89307834 44 
323 I 89353651 44 
324 I 90139378 44 
325 I 90195414 44 
326 I 90225247 44 
327 I 91024856 44 
328 I 91087391 44 
329 I 91109887 44 
330 I 91916826 44 
331 I 91950412 44 
332 I 91993157 44 
333 I 92765851 44 
334 I 92844897 44 
335 I 92867932 44 
336 I 93735032 44 
337 I 93767770 44 
338 I 93836655 44 
339 I 93920851 44 
340 I 94717430 44 
341 I 94820614 44 
342 I 94864744 44 
343 I 94873682 44 
344 I 95819040 44 
345 I 95858836 44 
346 I 95914101 44 
347 I 96689838 44 
348 I 96726131 44 
349 I 96761305 44 
350 I 96819059 44 
351 I 97637627 44 
352 I 97691157 44 
353 I 97753117 44 
354 I 98585196 44 
355 I 98603527 44 
356 I 98649064 44 
357 I 99410232 44 
358 I 99480188 44 
359 I 99496693 44 
360 I 100242121 44 
361 I 100376891 44 
362 I 100428839 44 
363 I 101240449 44 
364 I 101329746 44 
365 I 101382217 44 
366 I 102185539 44 
367 I 102212392 44 
368 I 102251143 44 
369 I 104172699 56 
370 I 104913910 44 
371 I 104946003 44 
372 I 105013140 52 
373 I 105670075 44 
374 I 105727140 44 
375 I 105758086 44 
376 I 105762814 44 
377 I 106491555 44 
378 I 106521713 44 
379 I 106539669 44 
380 I 106566681 44 
381 I 106603828 44 
382 I 106654726 44 
383 I 107470497 44 
384 I 107493139 44 
385 I 107615926 44 
386 I 107635042 44 
387 I 107716915 44 
388 I 107812312 44 
389 I 107843072 44 
390 I 108569342 44 
391 I 108656460 44 
392 I 108715320 44 
393 I 109485963 44 
394 I 109573956 44 
395 I 109646704 44 
396 I 111594623 56 
397 I 111767896 44 
398 I 111769205 44 
399 I 112352682 44 
400 I 112401104 44 
401 I 113185397 44 
402 I 113219561 44 
403 I 113245256 44 
404 I 113264425 44 
405 I 114024640 44 
406 I 114069435 44 
407 I 114076521 44 
408 I 114133367 44 
409 I 114209487 44 
410 I 114737844 44 
411 I 115475384 44 
412 I 115525109 44 
413 I 115547233 44 
414 I 115574944 44 
415 I 115628094 44 
416 I 116383722 44 
417 I 116443063 44 
418 I 116480043 44 
419 I 117246381 44 
420 I 117342040 44 
421 I 117420288 44 
422 I 117428655 44 
423 I 118207512 44 
424 I 118276003 44 
425 I 118378101 44 
426 I 118394899 44 
427 I 119246303 44 
428 I 119280566 44 
429 I 119353220 44 
430 I 119358984 44 
431 I 120261013 44 
432 I 120311854 44 
433 I 120358456 44 
434 I 121168854 44 
435 I 121237396 44 
436 I 121297567 44 
437 I 122163917 44 
438 I 122243766 44 
439 I 122284754 44 
440 I 122296679 44 
441 I 123128230 44 
442 I 123235456 44 
443 I 123271076 44 
444 I 124095416 44 
445 I 124148319 44 
446 I 124224651 44 
447 I 125077165 44 
448 I 125086082 44 
449 I 125131269 44 
450 I 125145879 44 
451 I 125994646 44 
452 I 126072516 44 
453 I 126106223 44 
454 I 126140534 44 
455 I 126912429 44 
456 I 126990434 44 
457 I 127019888 44 
458 I 127792408 44 
459 I 127908790 44 
460 I 128017144 44 
461 I 128040002 44 
462 I 128890849 44 
463 I 128954987 44 
464 I 128997866 44 
465 I 129849944 44 
466 I 129936375 44 
467 I 130089771 44 
468 I 130147412 44 
469 I 130913855 44 
470 I 130980291 44 
471 I 131034861 44 
472 I 131866014 44 
473 I 131931237 44 
474 I 132038398 44 
475 I 132086301 44 
476 I 132931345 44 
477 I 133003144 44 
478 I 133031599 44 
479 I 133816466 44 
480 I 133940720 44 
481 I 133980071 44 
482 I 134021485 44 
483 I 134844299 44 
484 I 134966395 44 
485 I 135041873 44 
486 I 135955963 44 
487 I 135964147 44 
488 I 136121015 44 
489 I 136135122 44 
490 I 136951110 44 
491 I 137025602 44 
492 I 137142072 44 
493 I 137972842 44 
494 I 138027751 44 
495 I 138091087 44 
496 I 138931602 44 
497 I 138990584 44 
498 I 139041092 44 
499 I 139045647 44 
500 I 139976427 44 
501 I 140074825 44 
502 I 140153250 44 
503 I 140925432 44 
504 I 140993915 44 
505 I 141067755 44 
506 I 141936633 44 
507 I 142066612 44 
508 I 142109293 44 
509 I 142900053 44 
510 I 143009516 44 
511 I 143060806 44 
512 I 143832827 44 
513 I 143858709 44 
514 I 143922051 44 
515 I 144798260 44 
516 I 144889434 44 
517 I 144948528 44 
518 I 145782490 44 
519 I 145846989 44 
520 I 145896697 44 
521 I 145916844 44 
522 I 146725608 44 
523 I 146741688 44 
524 I 146888388 44 
525 I 146898615 44 
526 I 147766457 44 
527 I 147865359 44 
528 I 147994473 44 
529 I 148053783 44 
530 I 148873745 44 
531 I 148948943 44 
532 I 149117184 44 
533 I 149948386 44 
534 I 150059067 44 
535 I 150103661 44 
536 I 150976327 44 
537 I 151094428 44 
538 I 151147806 44 
539 I 152025326 44 
540 I 152083100 44 
541 I 152300411 44 
542 I 152351648 44 
543 I 153185770 44 
544 I 153277831 44 
545 I 153369331 44 
546 I 154290495 44 
547 I 154411131 44 
548 I 154476640 44 
549 I 155337073 44 
550 I 155429189 44 
551 I 155485647 44 
552 I 156501220 44 
553 I 156540579 44 
554 I 156581878 44 
555 I 157442326 44 
556 I 157483564 44 
557 I 157573782 44 
558 I 157595611 44 
559 I 158352410 44 
560 I 158427364 44 
561 I 158486910 44 
562 I 159313706 44 
563 I 159381295 44 
564 I 159473497 44 
565 I 160273706 44 
566 I 160345299 44 
567 I 160396399 44 
568 I 162582448 56 
569 I 163357380 44 
570 I 163394155 44 
571 I 164251887 44 
572 I 164296706 44 
573 I 164346399 44 
574 I 164351058 44 
575 I 165177720 44 
576 I 165199432 44 
577 I 165244671 44 
578 I 165269914 44 
579 I 165293522 44 
580 I 165307054 52 
581 I 165311589 44 
582 I 166087278 44 
583 I 166141599 44 
584 I 166151888 44 
585 I 166657953 44 
586 I 166814426 44 
587 I 167556314 44 
588 I 168620264 56 
589 I 169797047 44 
590 I 169798506 52 
591 I 170398650 44 
592 I 170400476 44 
593 I 171212295 44 
594 I 173247915 44 
595 I 173961259 44 
596 I 185298889 52 
597 I 186656031 44 
598 I 192575945 44 
599 I 193354229 44 
600 I 200803937 52 
601 I 201464545 64 
602 I 202876958 44 
603 I 205836629 44 
604 I 206601446 44 
605 I 209446616 44 
606 I 209447626 44 
607 I 210105945 44 
608 I 225295846 52 
609 I 226702357 44 
610 I 230559895 44 
611 I 230561240 44 
612 I 285386252 52 
613 I 286867385 44 
614 I 290733891 44 
615 I 290736789 44 
