0 I 0 68 
1 I 23140 56 
2 I 44627 861 
3 I 68022 348 
4 I 117971 44 
5 I 495497 68 
6 I 522698 56 
7 I 551744 840 
8 I 552029 1504 
9 I 575226 1504 
10 I 576117 1504 
11 I 3536452 68 
12 I 3560516 56 
13 I 3593333 861 
14 I 3616810 326 
15 I 3669463 68 
16 I 3692541 56 
17 I 3703515 44 
18 I 3751147 846 
19 I 3774728 293 
20 I 3791566 68 
21 I 3812069 44 
22 I 3815772 56 
23 I 3886768 422 
24 I 3909374 315 
25 I 3947236 44 
26 I 12121002 68 
27 I 12144529 56 
28 I 12172332 840 
29 I 12172549 1504 
30 I 12195496 1504 
31 I 12196646 1504 
32 I 12391816 68 
33 I 12415208 56 
34 I 12439817 847 
35 I 12440036 1504 
36 I 12463372 1504 
37 I 12463496 1504 
38 I 12565439 68 
39 I 12588868 56 
40 I 12610477 422 
41 I 12632518 315 
42 I 12747217 44 
43 I 12779850 44 
44 I 20015443 68 
45 I 20039085 56 
46 I 20129663 840 
47 I 20129881 1504 
48 I 20153670 1504 
49 I 20153923 1504 
50 I 20187993 68 
51 I 20210805 56 
52 I 20275766 44 
53 I 20298059 847 
54 I 20298281 1504 
55 I 20321531 1504 
56 I 20321650 1504 
57 I 20358761 68 
58 I 20383214 56 
59 I 20405410 422 
60 I 20428782 315 
61 I 20487050 44 
62 I 25059134 68 
63 I 25082365 68 
64 I 25082422 56 
65 I 25110319 422 
66 I 25133761 232 
67 I 25167439 44 
68 I 25266200 68 
69 I 25289874 68 
70 I 25289880 56 
71 I 25294757 68 
72 I 25318927 56 
73 I 25319807 861 
74 I 25343406 501 
75 I 25377517 44 
76 I 25382442 422 
77 I 25405259 331 
78 I 25483674 44 
79 I 28413841 68 
80 I 28437307 56 
81 I 28479946 422 
82 I 28500787 68 
83 I 28502407 315 
84 I 28523394 68 
85 I 28524633 56 
86 I 28547100 56 
87 I 28549727 861 
88 I 28569569 422 
89 I 28572692 326 
90 I 28593621 347 
91 I 28593667 68 
92 I 28617331 56 
93 I 28633833 44 
94 I 28634807 44 
95 I 28670582 407 
96 I 28694189 389 
97 I 28733604 44 
98 I 28798617 68 
99 I 28822519 56 
100 I 28852609 422 
101 I 28875459 331 
102 I 28917711 44 
103 I 35965851 68 
104 I 35989855 56 
105 I 36032700 422 
106 I 36055571 310 
107 I 36059344 68 
108 I 36084126 56 
109 I 36112832 407 
110 I 36135793 272 
111 I 36147412 68 
112 I 36156594 44 
113 I 36171706 56 
114 I 36172899 44 
115 I 36194116 422 
116 I 36217404 315 
117 I 36256613 44 
118 I 43199588 68 
119 I 43223507 56 
120 I 43262222 422 
121 I 43286017 440 
122 I 43461082 68 
123 I 43484197 56 
124 I 43547384 68 
125 I 43552177 44 
126 I 43556977 407 
127 I 43571154 56 
128 I 43581027 392 
129 I 43631625 422 
130 I 43655006 315 
131 I 43716574 44 
132 I 43729569 44 
133 I 49234830 68 
134 I 49259452 56 
135 I 49315841 422 
136 I 49339025 310 
137 I 49339064 68 
138 I 49363701 56 
139 I 49391150 407 
140 I 49414335 272 
141 I 49426235 68 
142 I 49430404 44 
143 I 49451698 44 
144 I 49453731 56 
145 I 49482277 422 
146 I 49505256 315 
147 I 49542205 44 
148 I 49658053 68 
149 I 49681091 56 
150 I 49713476 839 
151 I 49736396 221 
152 I 49783257 44 
153 I 57449590 68 
154 I 57472560 56 
155 I 57497418 861 
156 I 57519749 361 
157 I 57641274 44 
158 I 58311022 68 
159 I 58334603 56 
160 I 58367804 422 
161 I 58391309 437 
162 I 58507495 68 
163 I 58530910 56 
164 I 58706925 407 
165 I 58729203 392 
166 I 58769674 44 
167 I 58774374 68 
168 I 58797414 56 
169 I 58859118 422 
170 I 58882216 315 
171 I 58922320 44 
172 I 58934562 44 
173 I 60646416 68 
174 I 60670150 56 
175 I 60693139 861 
176 I 60716471 501 
177 I 60765030 44 
178 I 61336703 68 
179 I 61362964 56 
180 I 61426385 861 
181 I 61449164 348 
