0 I 0 64 
1 I 20544 56 
2 I 20756 581 
3 I 44669 56 
4 I 3834708 651 
5 I 3869936 56 
6 I 6886743 644 
7 I 6943489 56 
8 I 6943726 56 
9 I 6963730 56 
10 I 6963861 56 
11 I 6964099 56 
12 I 6983842 56 
13 I 6984088 56 
14 I 6984334 56 
15 I 6984584 56 
16 I 6999560 56 
17 I 7003783 56 
18 I 7004030 56 
19 I 7004285 56 
20 I 7004523 56 
21 I 7004811 56 
22 I 7005053 56 
23 I 7019527 56 
24 I 7023927 56 
25 I 7024175 56 
26 I 7024428 56 
27 I 7024786 56 
28 I 7025024 56 
29 I 7025263 56 
30 I 7025510 56 
31 I 7025756 56 
32 I 7026039 56 
33 I 7039702 56 
34 I 7043877 56 
35 I 7043894 56 
36 I 7059473 56 
37 I 51674494 56 
38 I 51675653 56 
