0 I 0 64 
1 I 20687 56 
2 I 40565 56 
3 I 40569 367 
4 I 40584 1504 
5 I 61600 56 
6 I 164223 64 
7 I 184850 56 
8 I 216197 1504 
9 I 216231 737 
10 I 216242 56 
11 I 237404 56 
12 I 80437908 64 
13 I 80459906 56 
14 I 80477573 1504 
15 I 80477611 56 
16 I 80477620 906 
17 I 80498500 56 
18 I 204625838 64 
19 I 204645949 56 
20 I 204673432 64 
21 I 204693273 56 
22 I 204720137 64 
23 I 204739654 1504 
24 I 204739696 56 
25 I 204739724 1050 
26 I 204739886 56 
27 I 204761577 56 
28 I 204767070 1504 
29 I 204767124 56 
30 I 204767155 1185 
31 I 204788133 56 
32 I 205220158 400 
33 I 205220169 1504 
34 I 205220244 56 
35 I 205241159 56 
