0 I 0 60 
1 I 102120 99 
2 I 226946 56 
3 I 226979 144 
4 I 354369 65 
5 I 354379 56 
6 I 447187 56 
7 I 17028379 60 
8 I 17127591 99 
9 I 17356490 56 
10 I 17357045 144 
11 I 17581033 65 
12 I 17581039 56 
13 I 17855737 56 
14 I 18929615 60 
15 I 19164026 99 
16 I 19282003 56 
17 I 19284373 144 
18 I 19680732 56 
19 I 21620602 205 
20 I 21801453 64 
21 I 22039475 65 
22 I 22039475 56 
23 I 22130521 56 
24 I 22245545 60 
25 I 22333778 99 
26 I 22485846 56 
27 I 22504219 144 
28 I 22607838 65 
29 I 22607881 56 
30 I 22847794 56 
31 I 23358349 60 
32 I 23465945 99 
33 I 23723004 56 
34 I 23725848 144 
35 I 24249978 56 
36 I 26210558 205 
37 I 26715712 64 
38 I 26892233 65 
39 I 26893310 56 
40 I 27192801 56 
41 I 28000405 60 
42 I 28243654 99 
43 I 28408370 56 
44 I 28408388 144 
45 I 28552499 65 
46 I 28552508 56 
47 I 28719567 56 
48 I 29884924 60 
49 I 29987227 99 
50 I 30209525 56 
51 I 30210810 144 
52 I 30545057 56 
53 I 32465263 205 
54 I 32586349 64 
55 I 32677402 65 
56 I 32678470 56 
57 I 32780191 56 
58 I 44738576 60 
59 I 44837429 99 
60 I 44974804 56 
61 I 44975645 144 
62 I 45223436 65 
63 I 45223443 56 
64 I 45526598 56 
65 I 50549923 60 
66 I 50653499 99 
67 I 50754920 56 
68 I 50755042 144 
69 I 50938768 65 
70 I 50938770 56 
71 I 51026741 56 
72 I 55222478 60 
73 I 55321410 99 
74 I 55447156 56 
75 I 55449363 144 
76 I 55552064 65 
77 I 55552080 56 
78 I 55663445 56 
79 I 56759589 60 
80 I 56854485 99 
81 I 56953667 56 
82 I 56956027 144 
83 I 57219513 56 
