0 I 0 44 
1 I 332937 44 
2 I 337355 48 
3 I 345211 48 
4 I 10091732 52 
5 I 10469547 44 
6 I 10815093 44 
7 I 11158533 44 
8 I 11163080 48 
9 I 11170947 48 
10 I 20537354 52 
11 I 20861428 44 
12 I 21339197 44 
13 I 21687224 44 
14 I 21688336 44 
15 I 21693630 48 
16 I 22023933 48 
17 I 22031902 48 
18 I 22039771 48 
19 I 30164113 52 
20 I 30189338 44 
21 I 30235427 44 
22 I 30273230 44 
23 I 30277687 48 
24 I 30285569 48 
25 I 40275987 52 
26 I 40301389 44 
27 I 40348417 44 
28 I 40387070 44 
29 I 40391670 48 
30 I 40399546 48 
31 I 50182415 52 
32 I 50209773 44 
33 I 50258603 44 
34 I 50300868 44 
35 I 50301200 48 
36 I 50315287 48 
37 I 60190093 52 
38 I 60215330 44 
39 I 60261526 44 
40 I 60299052 44 
41 I 60303319 48 
42 I 60311171 48 
43 I 70198443 52 
44 I 70223697 44 
45 I 70398495 44 
46 I 70435835 44 
47 I 70440255 48 
48 I 70448176 48 
49 I 80207093 52 
50 I 80232327 44 
51 I 80278859 44 
52 I 80316208 44 
53 I 80320675 48 
54 I 80328535 48 
55 I 90216408 52 
56 I 90245243 44 
57 I 90293247 44 
58 I 90330766 44 
59 I 90335030 48 
60 I 90342892 48 
61 I 100224292 52 
62 I 100249485 44 
63 I 100295050 44 
64 I 100332554 44 
65 I 100336854 48 
66 I 100344845 48 
67 I 110236189 52 
68 I 110261462 44 
69 I 110391681 44 
70 I 110433294 44 
71 I 110433494 48 
72 I 110441336 48 
73 I 120241581 52 
74 I 120281888 44 
75 I 123491026 44 
76 I 123534414 44 
77 I 123534738 44 
78 I 123540683 48 
79 I 123570690 48 
80 I 123578676 48 
81 I 123586535 48 
82 I 130251268 52 
83 I 130276492 44 
84 I 130328061 44 
85 I 130365255 44 
86 I 130369842 48 
87 I 130377705 48 
88 I 140266320 52 
89 I 140294295 44 
90 I 140450803 44 
91 I 140488111 44 
92 I 140492579 48 
93 I 140500569 48 
94 I 150267447 52 
95 I 150298872 44 
96 I 150344407 44 
97 I 150385049 44 
98 I 150389499 48 
99 I 150397384 48 
100 I 160276595 52 
101 I 160304734 44 
102 I 160350791 44 
103 I 160400783 44 
104 I 160405350 48 
105 I 160413194 48 
106 I 170285387 52 
107 I 170310610 44 
108 I 170356157 44 
109 I 170393347 44 
110 I 170397945 48 
111 I 170405810 48 
112 I 180293756 52 
113 I 180319003 44 
114 I 180364819 44 
115 I 180403197 44 
116 I 180410366 48 
117 I 180417583 48 
118 I 190302375 52 
119 I 190327606 44 
120 I 190372542 44 
121 I 190409732 44 
122 I 190414282 48 
123 I 190422149 48 
124 I 200310915 52 
125 I 200336285 44 
126 I 200383946 44 
127 I 200424427 44 
128 I 200428879 48 
129 I 200436754 48 
130 I 210374259 52 
131 I 210399368 44 
132 I 210450983 44 
133 I 210494028 44 
134 I 210494370 48 
135 I 210501567 48 
136 I 220383299 52 
137 I 220408489 44 
138 I 220454196 44 
139 I 220491547 44 
140 I 220495971 48 
141 I 220503842 48 
142 I 230391760 52 
143 I 230417471 44 
144 I 230463181 44 
145 I 230500374 44 
146 I 230504964 48 
147 I 230512824 48 
148 I 240400247 52 
149 I 240425483 44 
150 I 240471040 44 
151 I 240508217 44 
152 I 240512808 48 
153 I 240520668 48 
154 I 250409076 52 
155 I 250434302 44 
156 I 250487765 44 
157 I 250525233 44 
158 I 250529828 48 
159 I 250537707 48 
160 I 260417411 52 
161 I 260445752 44 
162 I 260498677 44 
163 I 260535911 44 
164 I 260540471 48 
165 I 260548357 48 
166 I 270422629 52 
167 I 270447735 44 
168 I 270493911 44 
169 I 270533755 44 
170 I 270535680 48 
171 I 270543747 48 
172 I 280436541 52 
173 I 280461804 44 
174 I 280509820 44 
175 I 280558106 44 
176 I 280562204 48 
177 I 280570103 48 
178 I 290444709 52 
179 I 290469977 44 
180 I 290516464 44 
181 I 290561524 44 
182 I 290566108 48 
183 I 290573973 48 
