0 I 0 52 
1 I 230011 44 
2 I 777206 44 
3 I 821902 52 
4 I 1045958 44 
5 I 1652933 44 
6 I 1744956 52 
7 I 1970015 44 
8 I 2525030 44 
9 I 2762614 52 
10 I 2975721 44 
11 I 3522867 44 
12 I 26125276 52 
13 I 26355179 44 
14 I 26832270 52 
15 I 26946412 44 
16 I 27048983 44 
17 I 27625818 44 
18 I 27847650 52 
19 I 28080830 44 
20 I 28680065 44 
21 I 29434049 52 
22 I 29678597 44 
23 I 30228185 44 
24 I 64504250 52 
25 I 64723147 44 
26 I 65204956 52 
27 I 65301360 44 
28 I 65447865 44 
29 I 66122673 44 
30 I 66247669 52 
31 I 66476428 44 
32 I 67086279 44 
33 I 67271044 52 
34 I 67496472 44 
35 I 68054511 44 
36 I 106104868 52 
37 I 106326197 44 
38 I 106908077 44 
39 I 106978641 52 
40 I 107205548 44 
41 I 107751371 44 
42 I 107787779 52 
43 I 108018501 44 
44 I 108633262 44 
45 I 108882019 52 
46 I 109102829 44 
47 I 109650971 44 
48 I 124024333 52 
49 I 124251341 44 
50 I 124853650 44 
51 I 124979164 52 
52 I 125197894 44 
53 I 125776188 44 
54 I 126337514 52 
55 I 126576615 44 
56 I 131088876 44 
57 I 132983962 52 
58 I 133206229 44 
59 I 133752481 44 
