0 I 0 64 
1 I 170003 56 
2 I 449320 274 
3 I 620986 56 
4 I 621397 56 
5 I 815561 64 
6 I 992269 56 
7 I 1067644 209 
8 I 1240847 56 
9 I 1240992 56 
10 I 1447118 64 
11 I 1615386 56 
12 I 1616775 209 
13 I 1783863 56 
14 I 1854447 56 
15 I 2044497 64 
16 I 2219851 56 
17 I 2221347 209 
18 I 2393557 56 
19 I 2402074 56 
20 I 2989162 64 
21 I 3187906 56 
22 I 3189311 209 
23 I 3356340 56 
24 I 3356465 56 
25 I 40955613 64 
26 I 41148261 56 
27 I 41151455 218 
28 I 160880538 56 
29 I 161022360 56 
