0 I 0 64 
1 I 77120 56 
2 I 77611 380 
3 I 154557 56 
4 I 155615 56 
5 I 155616 56 
6 I 232271 56 
7 I 232939 56 
8 I 233358 56 
9 I 233482 56 
10 I 308939 56 
11 I 309022 56 
12 I 309521 56 
13 I 309901 56 
14 I 309901 56 
15 I 3820710 64 
16 I 3897477 56 
17 I 3897707 388 
18 I 3976323 56 
19 I 4042776 56 
20 I 4055039 56 
21 I 4055350 56 
22 I 4055601 56 
23 I 4119943 56 
24 I 4120839 56 
25 I 4133561 56 
26 I 4134250 56 
27 I 4134318 56 
28 I 6820063 64 
29 I 6894105 56 
30 I 6898757 388 
31 I 6975644 56 
32 I 7041858 56 
33 I 7050606 56 
34 I 7051068 56 
35 I 7051210 56 
36 I 7116101 56 
37 I 7116390 56 
38 I 7126114 56 
39 I 7126735 56 
40 I 7126764 56 
41 I 9800501 64 
42 I 9876042 56 
43 I 9876345 381 
44 I 9952290 56 
45 I 9953193 56 
46 I 9953715 56 
47 I 10030227 56 
48 I 10030236 56 
49 I 10030658 56 
50 I 10030660 56 
51 I 10105177 56 
52 I 10106225 56 
53 I 10106307 56 
54 I 14409391 64 
55 I 14483894 56 
56 I 14484186 381 
57 I 14560576 56 
58 I 14561466 56 
59 I 14636806 56 
60 I 14636936 56 
61 I 14637003 56 
62 I 14637454 56 
63 I 14713684 56 
64 I 14714331 56 
65 I 14714338 56 
66 I 19010423 64 
67 I 19086989 56 
68 I 19087254 383 
69 I 19163095 56 
70 I 19164823 56 
71 I 19164832 56 
72 I 19240602 56 
73 I 19241580 56 
74 I 19241779 56 
75 I 19242116 56 
76 I 19319446 56 
77 I 19319778 56 
78 I 19319957 56 
79 I 22410041 64 
80 I 22488791 56 
81 I 22489112 383 
82 I 22564817 56 
83 I 22565546 56 
84 I 22565634 56 
85 I 22641996 56 
86 I 22642359 56 
87 I 22642720 56 
88 I 22643048 56 
89 I 22718460 56 
90 I 22719565 56 
91 I 22719635 56 
92 I 25808980 64 
93 I 25883560 56 
94 I 25885307 382 
95 I 25961783 56 
96 I 26036980 56 
97 I 26037612 56 
98 I 26038003 56 
99 I 26038533 56 
100 I 26110894 56 
101 I 26112040 56 
102 I 26112398 56 
103 I 26113147 56 
104 I 26113222 56 
105 I 28809370 64 
106 I 28886229 56 
107 I 28886590 382 
108 I 28963745 56 
109 I 28964388 56 
110 I 28964828 56 
111 I 29039233 56 
112 I 29040269 56 
113 I 29040286 56 
114 I 29040378 56 
115 I 29040751 56 
116 I 29041208 56 
117 I 29116616 56 
118 I 29117484 56 
119 I 29117491 56 
120 I 31808839 64 
121 I 31884478 56 
122 I 31885225 386 
123 I 31961909 56 
124 I 31963532 56 
125 I 31963787 56 
126 I 32042423 56 
127 I 32042634 56 
128 I 32043348 56 
129 I 32118530 56 
130 I 32119111 56 
131 I 32119336 56 
132 I 35602517 64 
133 I 35679210 56 
134 I 35679526 386 
135 I 35758737 56 
136 I 35759232 56 
137 I 35759458 56 
138 I 35837553 56 
139 I 35838193 56 
140 I 35838492 56 
141 I 35838499 56 
142 I 35839033 56 
143 I 35839232 56 
144 I 35914384 56 
145 I 35915104 56 
146 I 35915105 56 
147 I 39209976 64 
148 I 39287527 56 
149 I 39287707 383 
150 I 39365537 56 
151 I 39366717 56 
152 I 39367254 56 
153 I 39444579 56 
154 I 39445124 56 
155 I 39445744 56 
156 I 39521146 56 
157 I 39521873 56 
158 I 39521873 56 
159 I 39597944 56 
160 I 39598820 56 
161 I 39675547 44 
162 I 43808745 64 
163 I 43884509 56 
164 I 43884733 383 
165 I 43962387 56 
166 I 43963354 56 
167 I 43963355 56 
168 I 44039534 56 
169 I 44039807 56 
170 I 44040119 56 
171 I 44117626 56 
172 I 44118237 56 
173 I 44118396 56 
174 I 44118502 56 
175 I 48400583 64 
176 I 48477189 56 
177 I 48478145 380 
178 I 48554003 56 
179 I 48554833 56 
180 I 48555135 56 
181 I 48631036 56 
182 I 48631600 56 
183 I 48632264 56 
184 I 48632502 56 
185 I 48707056 56 
186 I 48707497 56 
187 I 48707498 56 
188 I 54608848 64 
189 I 54685297 56 
190 I 54685419 380 
191 I 54760899 56 
192 I 54761416 56 
193 I 54761790 56 
194 I 54835920 56 
195 I 54836284 56 
196 I 54836450 56 
197 I 54836457 56 
198 I 54836799 56 
199 I 54836971 56 
200 I 54910836 56 
201 I 54911619 56 
202 I 54911845 56 
203 I 58198268 64 
204 I 58273260 56 
205 I 58273387 388 
206 I 58350476 56 
207 I 58351369 56 
208 I 58351441 56 
209 I 58427698 56 
210 I 58428231 56 
211 I 58428449 56 
212 I 58428623 56 
213 I 58506023 56 
214 I 58506697 56 
215 I 58507170 56 
216 I 61219505 64 
217 I 61298820 56 
218 I 61299032 388 
219 I 61376950 56 
220 I 61377781 56 
221 I 61378080 56 
222 I 61455315 56 
223 I 61455686 56 
224 I 61455944 56 
225 I 61456403 56 
226 I 61532558 56 
227 I 61533307 56 
228 I 61533532 56 
229 I 64309986 64 
230 I 64387223 56 
231 I 64387447 381 
232 I 64465156 56 
233 I 64465884 56 
234 I 64465887 56 
235 I 64543419 56 
236 I 64543988 56 
237 I 64544153 56 
238 I 64544481 56 
239 I 64620615 56 
240 I 64621337 56 
241 I 64621410 56 
242 I 70218616 64 
243 I 70294301 56 
244 I 70294514 381 
245 I 70370488 56 
246 I 70371395 56 
247 I 70371681 56 
248 I 70447887 56 
249 I 70448542 56 
250 I 70448934 56 
251 I 70448936 56 
252 I 70449195 56 
253 I 70449412 56 
254 I 70524077 56 
255 I 70525094 56 
256 I 70525094 56 
257 I 76030364 64 
258 I 76107466 56 
259 I 76107500 383 
260 I 76184894 56 
261 I 76185793 56 
262 I 76186034 56 
263 I 76264435 56 
264 I 76264543 56 
265 I 76264582 56 
266 I 76264745 56 
267 I 76339922 56 
268 I 76340651 56 
269 I 76340656 56 
270 I 76340929 56 
271 I 76341399 56 
272 I 76418088 44 
273 I 80559085 64 
274 I 80636444 56 
275 I 80636631 383 
276 I 80714815 56 
277 I 80715440 56 
278 I 80715791 56 
279 I 80792673 56 
280 I 80793437 56 
281 I 80793744 56 
282 I 80793745 56 
283 I 80794092 56 
284 I 80794229 56 
285 I 80869757 56 
286 I 80870666 56 
287 I 80870688 56 
288 I 91117821 64 
289 I 91192532 56 
290 I 91193115 382 
291 I 91268340 56 
292 I 91269114 56 
293 I 91269428 56 
294 I 91344806 56 
295 I 91344969 56 
296 I 91345347 56 
297 I 91420997 56 
298 I 91421638 56 
299 I 91421855 56 
300 I 98968658 64 
301 I 99046759 56 
302 I 99046838 382 
303 I 99123211 56 
304 I 99123966 56 
305 I 99124431 56 
306 I 99201229 56 
307 I 99201933 56 
308 I 99202301 56 
309 I 99202318 56 
310 I 99202807 56 
311 I 99203065 56 
312 I 99279101 56 
313 I 99279987 56 
314 I 99279988 56 
315 I 110437678 64 
316 I 110512518 56 
317 I 110512593 386 
318 I 110589162 56 
319 I 110590012 56 
320 I 110590014 56 
321 I 110664571 56 
322 I 110665248 56 
323 I 110665420 56 
324 I 110665767 56 
325 I 110739129 56 
326 I 110739770 56 
327 I 110739828 56 
328 I 110739830 56 
329 I 118057141 64 
330 I 118131785 56 
331 I 118133293 386 
332 I 118210475 56 
333 I 118211234 56 
334 I 118211502 56 
335 I 118285742 56 
336 I 118286500 56 
337 I 118286718 56 
338 I 118286718 56 
339 I 118287361 56 
340 I 118287372 56 
341 I 118361248 56 
342 I 118361582 56 
343 I 118361791 56 
344 I 121856905 64 
345 I 121931515 56 
346 I 121931735 383 
347 I 122008239 56 
348 I 122009007 56 
349 I 122009621 56 
350 I 122083723 56 
351 I 122084170 56 
352 I 122084394 56 
353 I 122084420 56 
354 I 122085002 56 
355 I 122085003 56 
356 I 122158608 56 
357 I 122159301 56 
358 I 122159625 56 
359 I 126637024 64 
360 I 126711928 56 
361 I 126712294 383 
362 I 126791127 56 
363 I 126791509 56 
364 I 126867106 56 
365 I 126867966 56 
366 I 126868109 56 
367 I 126868109 56 
368 I 126868310 56 
369 I 126868482 56 
370 I 126943483 56 
371 I 126944174 56 
372 I 126944326 56 
373 I 131417913 64 
374 I 131494430 56 
375 I 131495218 380 
376 I 131573176 56 
377 I 131573851 56 
378 I 131573973 56 
379 I 131651539 56 
380 I 131651912 56 
381 I 131652070 56 
382 I 131652283 56 
383 I 131729224 56 
384 I 131729869 56 
385 I 131729910 56 
386 I 135236948 64 
387 I 135312352 56 
388 I 135312632 380 
389 I 135389040 56 
390 I 135389936 56 
391 I 135390357 56 
392 I 135465192 56 
393 I 135466165 56 
394 I 135466167 56 
395 I 135466167 56 
396 I 135466860 56 
397 I 135467078 56 
398 I 135542181 56 
399 I 139037997 64 
400 I 139115310 56 
401 I 139115872 388 
402 I 139194335 56 
403 I 139195064 56 
404 I 139195414 56 
405 I 139272331 56 
406 I 139273246 56 
407 I 139273547 56 
408 I 139273672 56 
409 I 139274222 56 
410 I 139349973 56 
411 I 139350650 56 
412 I 139350829 56 
413 I 142246169 64 
414 I 142321925 56 
415 I 142322089 388 
416 I 142398892 56 
417 I 142399487 56 
418 I 142400179 56 
419 I 142475804 56 
420 I 142476499 56 
421 I 142476626 56 
422 I 142476655 56 
423 I 142477062 56 
424 I 142477279 56 
425 I 142553262 56 
426 I 142554023 56 
427 I 142554346 56 
428 I 145247325 64 
429 I 145324374 56 
430 I 145324552 381 
431 I 145401587 56 
432 I 145402244 56 
433 I 145402670 56 
434 I 145478986 56 
435 I 145479730 56 
436 I 145479940 56 
437 I 145479942 56 
438 I 145480331 56 
439 I 145480338 56 
440 I 145557512 56 
441 I 145558379 56 
442 I 145558779 56 
443 I 149838588 64 
444 I 149920854 56 
445 I 149921178 381 
446 I 149998617 56 
447 I 149999242 56 
448 I 149999739 56 
449 I 150075678 56 
450 I 150076568 56 
451 I 150076568 56 
452 I 150076992 56 
453 I 150077588 56 
454 I 150085270 56 
455 I 150153383 56 
456 I 150153922 56 
457 I 150153922 56 
458 I 154511954 64 
459 I 154586259 56 
460 I 154586567 383 
461 I 154663288 56 
462 I 154663671 56 
463 I 154739146 56 
464 I 154739559 56 
465 I 154739781 56 
466 I 154739994 56 
467 I 154813188 56 
468 I 154813901 56 
469 I 154814039 56 
470 I 158037135 64 
471 I 158113147 56 
472 I 158115394 383 
473 I 158193933 56 
474 I 158194869 56 
475 I 158195045 56 
476 I 158274601 56 
477 I 158274647 56 
478 I 158275021 56 
479 I 158275120 56 
480 I 158352827 56 
481 I 158353699 56 
482 I 158353791 56 
483 I 158353998 56 
484 I 158353999 56 
485 I 158430035 44 
486 I 158430890 44 
487 I 161436539 64 
488 I 161510956 56 
489 I 161511275 382 
490 I 161586298 56 
491 I 161586923 56 
492 I 161587098 56 
493 I 161661114 56 
494 I 161661592 56 
495 I 161661978 56 
496 I 161662252 56 
497 I 161662918 56 
498 I 161736108 56 
499 I 161736932 56 
500 I 161736994 56 
501 I 164438072 64 
502 I 164514486 56 
503 I 164514867 382 
504 I 164591798 56 
505 I 164592068 56 
506 I 164592208 56 
507 I 164667870 56 
508 I 164668742 56 
509 I 164668748 56 
510 I 164668837 56 
511 I 164669216 56 
512 I 164669217 56 
513 I 164744824 56 
514 I 164745392 56 
515 I 164745467 56 
516 I 185835468 64 
517 I 185910292 56 
518 I 185910586 386 
519 I 185987294 56 
520 I 185988135 56 
521 I 185988474 56 
522 I 186063856 56 
523 I 186064511 56 
524 I 186064526 56 
525 I 186064794 56 
526 I 186065035 56 
527 I 186065259 56 
528 I 186140925 56 
529 I 186141675 56 
530 I 186141675 56 
531 I 189635604 64 
532 I 189711705 56 
533 I 189712034 386 
534 I 189788008 56 
535 I 189788694 56 
536 I 189789012 56 
537 I 189864011 56 
538 I 189864438 56 
539 I 189864711 56 
540 I 189864943 56 
541 I 189865355 56 
542 I 189866036 56 
543 I 189941424 56 
544 I 189942174 56 
545 I 189942175 56 
546 I 195236355 64 
547 I 195314183 56 
548 I 195316476 383 
549 I 195392964 56 
550 I 195393555 56 
551 I 195393783 56 
552 I 195469808 56 
553 I 195470102 56 
554 I 195470415 56 
555 I 195470654 56 
556 I 195545415 56 
557 I 195546123 56 
558 I 195546125 56 
559 I 199836586 64 
560 I 199912126 56 
561 I 199916933 383 
562 I 199991974 56 
563 I 199992712 56 
564 I 199993195 56 
565 I 200070378 56 
566 I 200070381 56 
567 I 200070695 56 
568 I 200071216 56 
569 I 200071217 56 
570 I 200145416 56 
571 I 200145429 56 
572 I 200146059 56 
573 I 200146144 56 
574 I 200146399 56 
575 I 200220676 44 
576 I 204425751 64 
577 I 204500449 56 
578 I 204500798 380 
579 I 204577364 56 
580 I 204578533 56 
581 I 204578533 56 
582 I 204652837 56 
583 I 204653505 56 
584 I 204653964 56 
585 I 204654016 56 
586 I 204727343 56 
587 I 204727468 56 
588 I 204728504 56 
589 I 204728504 56 
590 I 204728504 56 
591 I 208246133 64 
592 I 208322445 56 
593 I 208322693 380 
594 I 208400541 56 
595 I 208401370 56 
596 I 208401594 56 
597 I 208479480 56 
598 I 208479615 56 
599 I 208479919 56 
600 I 208480084 56 
601 I 208561099 56 
602 I 208562057 56 
603 I 208562058 56 
604 I 212046514 64 
605 I 212122520 56 
606 I 212122786 388 
607 I 212198891 56 
608 I 212199610 56 
609 I 212199864 56 
610 I 212276713 56 
611 I 212276982 56 
612 I 212277410 56 
613 I 212352641 56 
614 I 212353257 56 
615 I 212353260 56 
616 I 215435474 64 
617 I 215510690 56 
618 I 215519469 388 
619 I 215595456 56 
620 I 215596231 56 
621 I 215596534 56 
622 I 215671447 56 
623 I 215671448 56 
624 I 215671628 56 
625 I 215672137 56 
626 I 215747450 56 
627 I 215748088 56 
628 I 215748100 56 
629 I 218445965 64 
630 I 218523463 56 
631 I 218523688 381 
632 I 218601345 56 
633 I 218602092 56 
634 I 218602381 56 
635 I 218680198 56 
636 I 218680337 56 
637 I 218680426 56 
638 I 218680801 56 
639 I 218757386 56 
640 I 218757578 56 
641 I 218758230 56 
642 I 218758567 56 
643 I 218758568 56 
644 I 218836022 56 
645 I 218836982 44 
646 I 218914456 44 
647 I 223036329 64 
648 I 223111511 56 
649 I 223111769 381 
650 I 223190844 56 
651 I 223191362 56 
652 I 223191756 56 
653 I 223267983 56 
654 I 223268563 56 
655 I 223268837 56 
656 I 223269408 56 
657 I 223269669 56 
658 I 223344650 56 
659 I 223345277 56 
660 I 223345279 56 
661 I 227626017 64 
662 I 227702665 56 
663 I 227703336 383 
664 I 227779149 56 
665 I 227779710 56 
666 I 227780079 56 
667 I 227854741 56 
668 I 227855443 56 
669 I 227856031 56 
670 I 227856033 56 
671 I 227856491 56 
672 I 227937431 56 
673 I 227937699 56 
674 I 227937710 56 
675 I 231236107 64 
676 I 231311892 56 
677 I 231312158 383 
678 I 231390019 56 
679 I 231390127 56 
680 I 231390803 56 
681 I 231467598 56 
682 I 231468292 56 
683 I 231468449 56 
684 I 231468782 56 
685 I 231469082 56 
686 I 231545041 56 
687 I 231545707 56 
688 I 231545764 56 
689 I 234634828 64 
690 I 234710133 56 
691 I 234710366 382 
692 I 236162810 382 
693 I 236239861 56 
694 I 236240579 56 
695 I 236240924 56 
696 I 236316379 56 
697 I 236316830 56 
698 I 236317290 56 
699 I 236317292 56 
700 I 236318999 56 
701 I 236393159 56 
702 I 236394039 56 
703 I 236394043 56 
704 I 239254274 64 
705 I 239331069 56 
706 I 239331427 382 
707 I 239409168 56 
708 I 239410259 56 
709 I 239410607 56 
710 I 239487016 56 
711 I 239487872 56 
712 I 239488105 56 
713 I 239564303 56 
714 I 239564925 56 
715 I 239565254 56 
716 I 239566361 56 
717 I 239567068 56 
718 I 239567192 56 
