0 I 0 68 
1 I 20679 81 
2 I 22064 56 
3 I 22408 56 
4 I 22341735 68 
5 I 22384771 71 
6 I 22405688 56 
7 I 22406542 56 
8 I 22406685 332 
9 I 22407372 56 
10 I 60593596 68 
11 I 60614018 81 
12 I 60617844 56 
13 I 60618165 56 
14 I 82166103 68 
15 I 82206678 71 
16 I 82225559 56 
17 I 82226102 56 
18 I 82226655 332 
19 I 82227458 56 
20 I 120806377 68 
21 I 120826917 81 
22 I 120839178 56 
23 I 120839516 56 
24 I 145481415 68 
25 I 145524206 71 
26 I 145548351 56 
27 I 145548898 56 
28 I 145549370 332 
29 I 145550064 56 
30 I 181832799 68 
31 I 181853488 81 
32 I 181858190 56 
33 I 181858537 56 
34 I 205371018 68 
35 I 205410464 71 
36 I 205429218 56 
37 I 205429730 56 
38 I 205430144 332 
39 I 205430778 56 
40 I 242358845 68 
41 I 242379395 81 
42 I 242381269 56 
43 I 242381592 56 
44 I 265969451 68 
45 I 266009665 71 
46 I 266028494 56 
47 I 266029023 56 
48 I 266029416 332 
49 I 266030036 56 
