0 I 0 64 
1 I 19688 56 
2 I 21097 104 
3 I 41378 56 
4 I 44183 204 
5 I 68634 99 
6 I 88085 107 
7 I 107254 217 
8 I 132042 56 
9 I 132065 56 
10 I 133080 56 
11 I 19244467 64 
12 I 19264076 44 
13 I 19264517 44 
14 I 19283888 44 
15 I 60662911 64 
16 I 60682620 56 
17 I 60684332 104 
18 I 60704830 56 
19 I 60707737 204 
20 I 60736064 99 
21 I 60760943 107 
22 I 60780203 217 
23 I 60809883 56 
24 I 78968925 64 
25 I 78989508 44 
26 I 78991086 44 
27 I 79010529 44 
28 I 121369723 64 
29 I 121389350 56 
30 I 121391742 104 
31 I 121412061 56 
32 I 121415084 204 
33 I 121439345 99 
34 I 121465959 107 
35 I 121484981 217 
36 I 121512083 56 
37 I 121512133 56 
38 I 121513744 56 
39 I 139638961 64 
40 I 139658542 44 
41 I 139659004 44 
42 I 139679043 44 
43 I 180707600 64 
44 I 180727260 56 
45 I 180728999 104 
46 I 180749360 56 
47 I 180752203 204 
48 I 180776453 99 
49 I 180796465 107 
50 I 180815419 217 
51 I 180840990 56 
52 I 200147520 64 
53 I 200167085 44 
54 I 200167537 44 
55 I 200186811 44 
56 I 241585925 64 
57 I 241605544 56 
58 I 241608200 104 
59 I 241630120 56 
60 I 241632948 204 
61 I 241657130 99 
62 I 241676430 107 
63 I 241696702 217 
64 I 241722415 56 
65 I 259904140 64 
66 I 259924240 44 
67 I 259927564 44 
68 I 259947615 44 
