0 I 0 48 
1 I 772774 44 
2 I 777416 44 
3 I 1548041 44 
4 I 39310461 48 
5 I 45942211 44 
6 I 45948662 44 
7 I 49648272 44 
8 I 75149208 48 
9 I 75878277 44 
10 I 75884597 44 
11 I 76643451 44 
12 I 79678240 44 
13 I 112929713 48 
14 I 115807809 48 
15 I 116468212 44 
16 I 116474296 44 
17 I 117127855 44 
18 I 119991412 44 
19 I 154419655 48 
20 I 158216355 48 
21 I 164771727 44 
22 I 164778038 44 
23 I 165403492 44 
24 I 191950621 48 
25 I 192571622 44 
26 I 192577091 44 
27 I 193187929 44 
28 I 231226892 48 
29 I 231820862 44 
30 I 231826512 44 
31 I 232453616 44 
32 I 271423815 48 
33 I 271965181 44 
34 I 271971225 44 
35 I 275268770 44 
