0 I 0 52 
1 I 57939 44 
2 I 194839 56 
3 I 220058 44 
4 I 225666 44 
5 I 228450 44 
6 I 60254254 52 
7 I 60312106 44 
8 I 60442703 56 
9 I 60468884 44 
10 I 60471848 44 
11 I 60475996 44 
12 I 120507816 52 
13 I 120565307 44 
14 I 120706957 44 
15 I 120715078 44 
16 I 120720233 44 
17 I 180742292 52 
18 I 180801366 44 
19 I 180926115 56 
20 I 180953552 44 
21 I 180957620 44 
22 I 180960368 44 
23 I 241000781 52 
24 I 241058513 44 
25 I 241209071 56 
26 I 241234372 44 
27 I 241238212 44 
28 I 241242231 44 
