0 I 0 56 
1 I 19662 290 
2 I 18059080 56 
3 I 18061288 290 
4 I 36568285 56 
5 I 36581874 291 
6 I 67846650 290 
7 I 69835735 287 
8 I 72247609 290 
9 I 72324869 56 
10 I 72407003 290 
11 I 73399223 291 
12 I 73663912 291 
13 I 75684741 291 
14 I 76456099 291 
15 I 77782239 291 
16 I 78656875 291 
17 I 79498713 291 
18 I 80666024 56 
19 I 80677157 56 
20 I 80757505 291 
21 I 81211759 291 
22 I 82290675 291 
23 I 82796251 291 
24 I 83054066 291 
25 I 83861099 291 
26 I 84055863 56 
27 I 84087637 291 
28 I 84339283 292 
29 I 84677123 290 
30 I 88695626 56 
31 I 88714522 288 
32 I 91165516 56 
33 I 91173187 288 
34 I 96855339 56 
35 I 96860338 287 
36 I 105555056 56 
37 I 105588390 291 
38 I 116291669 290 
39 I 117692853 290 
40 I 119150590 292 
41 I 119435948 292 
42 I 120412790 291 
43 I 126974447 292 
44 I 127366984 292 
45 I 133643329 290 
46 I 141693016 56 
47 I 141708694 288 
48 I 142331032 1504 
49 I 142331175 1504 
50 I 142331208 801 
51 I 142752972 56 
52 I 143553183 56 
53 I 144613096 56 
54 I 144614759 1504 
55 I 144616400 1504 
56 I 144616528 1504 
57 I 144616694 1504 
58 I 144616870 1504 
59 I 144616919 868 
60 I 144617064 1504 
61 I 144617187 1504 
62 I 144617279 1224 
63 I 144698290 1504 
64 I 144698411 1504 
65 I 144698667 1504 
66 I 144698786 1504 
67 I 144699109 164 
68 I 144892982 56 
69 I 144945529 1504 
70 I 144945652 1504 
71 I 144945784 1504 
72 I 144945917 1504 
73 I 144946039 1504 
74 I 144946161 1504 
75 I 144946285 1504 
76 I 144946407 1504 
77 I 144946531 1504 
78 I 144946654 1504 
79 I 145033040 1504 
80 I 145033157 1469 
81 I 148334125 1504 
82 I 148334265 1504 
83 I 148334497 1504 
84 I 148334748 1504 
85 I 148334922 1504 
86 I 148335043 1504 
87 I 148335167 1504 
88 I 148335294 1504 
89 I 148335435 1504 
90 I 148335539 1504 
91 I 148420314 1504 
92 I 148420418 1504 
93 I 148420444 668 
94 I 150682595 56 
95 I 150698585 288 
96 I 153268879 68 
97 I 153268898 628 
98 I 167361762 56 
99 I 167426654 325 
100 I 178404399 1504 
101 I 178405084 1504 
102 I 178405099 450 
