0 I 0 1504 
1 I 294387 1504 
2 I 699855 1504 
3 I 699973 1504 
4 I 700104 1504 
5 I 1496255 1504 
6 I 1744529 1504 
7 I 1744611 1114 
8 I 2047605 1504 
9 I 2047743 1504 
10 I 3829728 1504 
11 I 4176641 56 
12 I 177687493 64 
13 I 180989000 64 
14 I 181305994 56 
15 I 181307154 1504 
16 I 181307278 1504 
17 I 181622738 1504 
18 I 181622863 1504 
19 I 181625673 1504 
20 I 181625811 1504 
21 I 181963915 1504 
22 I 181964153 1504 
23 I 181964300 1504 
24 I 181964363 1033 
25 I 182346317 56 
26 I 200597672 64 
27 I 203911346 56 
28 I 204327490 199 
29 I 204327491 56 
30 I 204803628 56 
