0 I 0 1504 
1 I 77 1104 
2 I 4542353 56 
3 I 4682719 1504 
4 I 4682912 1053 
5 I 7204448 253 
6 I 7515837 1504 
7 I 7515865 709 
8 I 7547236 1504 
9 I 7547251 601 
10 I 8777892 253 
11 I 9261802 56 
12 I 9591842 56 
13 I 10090084 1504 
14 I 10090247 812 
15 I 15778681 1504 
16 I 15778779 1050 
17 I 16403890 1504 
18 I 16403980 1226 
19 I 16543769 1504 
20 I 16543870 1301 
21 I 17374726 1504 
22 I 17374797 1117 
23 I 17562112 1504 
24 I 17562160 852 
25 I 18149373 1504 
26 I 18149383 567 
27 I 18262437 1504 
28 I 18262444 532 
29 I 18959916 1504 
30 I 18960011 654 
31 I 19087118 1504 
32 I 19087146 735 
33 I 19733198 1504 
34 I 19733227 718 
35 I 19917681 1504 
36 I 19917696 595 
37 I 22716674 1504 
38 I 22716771 1293 
39 I 23300274 56 
40 I 23300393 56 
41 I 23343629 1504 
42 I 23344354 1504 
43 I 23344599 1504 
44 I 23344843 1504 
45 I 23344968 1504 
46 I 23345012 856 
47 I 23345395 1504 
48 I 23345520 1504 
49 I 23345607 1224 
50 I 23345741 1504 
51 I 23345867 1504 
52 I 23345910 882 
53 I 23484683 1504 
54 I 23484731 880 
55 I 23750325 56 
56 I 23750328 56 
57 I 23930192 56 
58 I 23930206 56 
59 I 24110210 56 
60 I 24130169 56 
61 I 24150166 56 
62 I 24180213 56 
63 I 24180216 56 
64 I 24220201 56 
65 I 24220223 56 
66 I 24220229 56 
67 I 24220240 56 
68 I 24220248 56 
69 I 24220257 56 
70 I 24257868 1504 
71 I 24257938 1019 
72 I 24309280 56 
73 I 24309743 56 
74 I 26369980 56 
75 I 27140318 56 
76 I 27206480 1504 
77 I 27206680 1122 
78 I 30197980 1492 
79 I 30198438 1039 
80 I 30279545 56 
81 I 30585419 1504 
82 I 30585437 635 
83 I 30712824 1504 
84 I 30712880 946 
85 I 31120369 1504 
86 I 31120388 637 
87 I 31165199 1504 
88 I 31165254 946 
89 I 31619697 1504 
90 I 31619761 1002 
91 I 31664347 1504 
92 I 31664419 1060 
93 I 32619382 56 
94 I 33479156 56 
95 I 33865198 1504 
96 I 33865412 976 
97 I 33974429 1504 
98 I 33974495 993 
99 I 37658703 56 
100 I 41318326 56 
101 I 41331980 344 
102 I 45607433 1504 
103 I 45607585 719 
104 I 45711852 1504 
105 I 45712005 710 
106 I 46193259 1504 
107 I 46193285 710 
108 I 46200200 1504 
109 I 46201516 826 
110 I 46773149 1504 
111 I 46773340 1187 
112 I 46857264 450 
113 I 46857268 1504 
114 I 48437546 56 
115 I 52107221 56 
116 I 53629814 344 
117 I 53873480 68 
118 I 53881478 68 
119 I 53883279 253 
120 I 53906315 1504 
121 I 53906362 846 
122 I 54080048 68 
123 I 54200459 1504 
124 I 54200650 1055 
125 I 57026615 56 
126 I 57043120 1504 
127 I 57043134 640 
128 I 57226622 56 
129 I 57249458 1504 
130 I 57249501 891 
131 I 57315389 1504 
132 I 57315465 1113 
133 I 58286495 56 
134 I 58820382 496 
135 I 58820390 1504 
136 I 59594849 1504 
137 I 59594908 1049 
138 I 60164871 1504 
139 I 60164953 1108 
140 I 62419895 1504 
141 I 62419978 1072 
142 I 66022952 1504 
143 I 66023036 1167 
144 I 67656359 342 
145 I 70171704 1504 
146 I 70171790 1173 
147 I 70325298 56 
148 I 70340436 1504 
149 I 70340451 668 
150 I 70747033 1504 
151 I 70747152 547 
152 I 71225359 1504 
153 I 71225381 692 
154 I 71746559 345 
155 I 73601596 303 
156 I 73934781 56 
157 I 74475750 1504 
158 I 74475829 1113 
159 I 76648141 1504 
160 I 76648239 1214 
161 I 78043584 1504 
162 I 78043634 56 
163 I 78043641 945 
164 I 78234343 56 
165 I 78426696 56 
166 I 78735813 1504 
167 I 78735889 1113 
168 I 79291929 1504 
169 I 79291976 867 
170 I 79361921 1504 
171 I 79363322 1068 
172 I 79443752 1504 
173 I 79443959 1117 
174 I 80354139 56 
175 I 80552097 1504 
176 I 80552328 1113 
177 I 80644379 56 
178 I 80674072 56 
179 I 80771166 1504 
180 I 80771253 1113 
181 I 80992255 1504 
182 I 80992457 1132 
183 I 81003809 1504 
184 I 81003883 1087 
185 I 82603850 56 
186 I 82925392 1504 
187 I 82925531 1261 
188 I 83014065 1504 
189 I 83014134 1135 
190 I 83259196 1504 
191 I 83259392 1114 
192 I 87323587 56 
193 I 87666030 1504 
194 I 87666169 618 
195 I 91172970 56 
196 I 91802880 56 
197 I 91928721 1504 
198 I 91928893 1113 
199 I 93402680 56 
200 I 93502872 1492 
201 I 93504099 1504 
202 I 93504336 1504 
203 I 93515095 1504 
204 I 93515217 1504 
205 I 93515346 1504 
206 I 93515506 1504 
207 I 93515620 1504 
208 I 93526764 1504 
209 I 93527002 1504 
210 I 93527126 1504 
211 I 93527249 1504 
212 I 93527379 1504 
213 I 93527505 1504 
214 I 93538792 1504 
215 I 93538916 1504 
216 I 93539245 152 
217 I 93539266 1504 
218 I 93572769 56 
219 I 93590918 1504 
220 I 93591011 1117 
221 I 95432453 56 
222 I 96711150 1504 
223 I 96711227 1113 
224 I 96842154 1504 
225 I 96842177 664 
226 I 98532418 56 
227 I 98536010 1504 
228 I 98536032 658 
229 I 98882296 56 
230 I 99412063 56 
231 I 99589523 1504 
232 I 99589602 1117 
233 I 99803416 1504 
234 I 99803495 1113 
235 I 108147438 68 
236 I 108214957 1504 
237 I 108214995 822 
238 I 108466890 1504 
239 I 108466946 879 
240 I 129648836 56 
241 I 137347941 56 
242 I 144147318 56 
243 I 144487364 56 
244 I 144507199 56 
245 I 144527166 56 
246 I 144557175 56 
247 I 144557178 56 
248 I 144597258 56 
249 I 146927167 56 
250 I 151376469 56 
251 I 159975498 56 
252 I 168794557 56 
253 I 176883895 56 
254 I 203790803 56 
255 I 210360205 56 
256 I 211549966 56 
257 I 229198305 64 
258 I 229538822 68 
259 I 229547978 56 
260 I 229596190 1504 
261 I 229596231 897 
262 I 234907665 56 
263 I 234927385 56 
264 I 234983464 1504 
265 I 234983517 886 
266 I 235134031 1504 
267 I 235134104 1093 
268 I 235687906 56 
269 I 235717317 56 
270 I 235735417 1504 
271 I 235736231 1304 
272 I 235748020 1504 
273 I 235748060 834 
274 I 235757318 56 
275 I 235757966 1504 
276 I 235758060 1138 
277 I 235791951 1504 
278 I 235792002 883 
279 I 235850009 1504 
280 I 235850048 688 
281 I 236818260 68 
282 I 236829395 68 
283 I 236837190 56 
284 I 236837193 56 
285 I 237081318 1504 
286 I 237081541 1022 
287 I 237253963 1504 
288 I 237254006 859 
289 I 237493056 68 
290 I 237515088 68 
291 I 237538730 1504 
292 I 237538754 712 
293 I 237587774 68 
294 I 237611701 1504 
295 I 237611761 956 
296 I 237864830 68 
297 I 237957331 56 
298 I 237967128 56 
299 I 238131769 1504 
300 I 238131786 681 
301 I 238237058 56 
302 I 238238280 1504 
303 I 238238344 952 
304 I 238257087 56 
305 I 238580095 68 
306 I 238639091 1504 
307 I 238639307 164 
308 I 238639339 1504 
309 I 238686984 56 
310 I 238709362 1504 
311 I 238709413 901 
312 I 238871946 68 
313 I 239052639 1504 
314 I 239052713 1125 
315 I 239053472 1504 
316 I 239054163 179 
317 I 239054197 1504 
318 I 239079297 1504 
319 I 239079331 793 
320 I 239202918 1504 
321 I 239202954 761 
322 I 239246934 56 
323 I 239396911 56 
324 I 239446916 56 
325 I 239475093 1504 
326 I 239475142 907 
327 I 239512951 68 
328 I 239518702 1504 
329 I 239518905 1095 
330 I 239681796 1504 
331 I 239682240 1174 
332 I 239837857 68 
333 I 239854225 1504 
334 I 239854280 967 
335 I 239946994 56 
336 I 240046848 56 
337 I 240051399 68 
338 I 240057421 56 
339 I 240239789 1504 
340 I 240239833 757 
341 I 240336896 1492 
342 I 240338776 1272 
343 I 240338994 368 
344 I 240339008 1504 
345 I 240373912 1492 
346 I 240374526 1272 
347 I 240587724 68 
348 I 240708447 68 
349 I 240714361 68 
350 I 240854944 1504 
351 I 240855023 1080 
352 I 240855596 1504 
353 I 240855831 1332 
354 I 240856416 1504 
355 I 240856486 1023 
356 I 241001641 1504 
357 I 241001673 713 
358 I 241038572 1504 
359 I 241038633 980 
360 I 241044901 1504 
361 I 241045138 1336 
362 I 241205902 68 
363 I 241294992 1504 
364 I 241295088 1306 
365 I 241395226 68 
366 I 241398279 68 
367 I 241472389 1504 
368 I 241472602 1307 
369 I 241576679 56 
370 I 241599866 57 
371 I 241599906 1504 
372 I 241600386 1019 
373 I 241658841 1504 
374 I 241659187 1022 
375 I 241728963 1504 
376 I 241729179 1307 
377 I 241741427 1493 
378 I 241743386 1338 
379 I 241851163 1504 
380 I 241851360 1306 
381 I 241926643 56 
382 I 241945945 68 
383 I 241962119 1504 
384 I 241962174 928 
385 I 242005904 68 
386 I 242086966 68 
387 I 242124420 1504 
388 I 242124530 1307 
389 I 242143844 57 
390 I 242143883 1504 
391 I 242144579 759 
392 I 242186727 57 
393 I 242186764 1504 
394 I 242187704 958 
395 I 242216857 1504 
396 I 242216966 1307 
397 I 242356738 56 
398 I 242483320 68 
399 I 242495842 1504 
400 I 242495926 1104 
401 I 242526113 68 
402 I 242593128 1504 
403 I 242593238 763 
404 I 242595734 1504 
405 I 242595801 1056 
406 I 242618999 1504 
407 I 242619064 987 
408 I 242743449 1503 
409 I 242744683 934 
410 I 242922549 1504 
411 I 242922626 1100 
412 I 242932476 68 
413 I 242932904 68 
414 I 242991700 57 
415 I 242991737 1504 
416 I 242992025 1055 
417 I 243029441 1504 
418 I 243029549 312 
419 I 243029567 1504 
420 I 243252513 68 
421 I 243335880 68 
422 I 243386477 56 
423 I 243413201 57 
424 I 243413237 1504 
425 I 243413904 1055 
426 I 243426482 56 
427 I 243493433 1504 
428 I 243493514 1056 
429 I 243536491 56 
430 I 243566469 56 
431 I 243644840 1504 
432 I 243644912 1307 
433 I 243680496 1504 
434 I 243680568 1050 
435 I 243747673 1504 
436 I 243747708 759 
437 I 243795963 68 
438 I 243852805 1504 
439 I 243852849 827 
440 I 244156815 1504 
441 I 244156910 1307 
442 I 244267199 1504 
443 I 244267276 1102 
444 I 244496361 56 
445 I 244670967 1504 
446 I 244671068 1307 
447 I 244679132 1504 
448 I 244679144 523 
449 I 245088630 1504 
450 I 245089307 856 
451 I 245489398 1504 
452 I 245489602 1148 
453 I 245536251 56 
454 I 245876222 56 
455 I 246026140 253 
456 I 246067778 1504 
457 I 246068660 1294 
458 I 246283395 1504 
459 I 246283435 785 
460 I 246465314 1504 
461 I 246465340 725 
462 I 246854797 1504 
463 I 246854827 725 
464 I 247169679 1504 
465 I 247169702 663 
466 I 247296114 56 
467 I 247389012 1504 
468 I 247389042 708 
469 I 247794205 1504 
470 I 247794250 870 
471 I 247842039 1504 
472 I 247842074 834 
473 I 248600111 1504 
474 I 248600165 988 
475 I 248735909 56 
476 I 248746891 1504 
477 I 248746938 872 
478 I 249500122 1504 
479 I 249500178 988 
480 I 249585819 56 
481 I 249591917 1504 
482 I 249592104 988 
483 I 249975772 56 
484 I 250315733 56 
485 I 250416055 1504 
486 I 251128235 68 
487 I 251135708 56 
488 I 251390897 1504 
489 I 251391220 1069 
490 I 253105334 68 
491 I 253107458 252 
492 I 253201131 68 
493 I 253235121 1504 
494 I 253235159 854 
495 I 253728580 68 
496 I 254222350 1504 
497 I 254222841 950 
498 I 255485236 56 
499 I 256755079 56 
500 I 258145265 68 
501 I 258454867 56 
502 I 258644857 56 
503 I 258840699 1492 
504 I 258844193 1304 
505 I 259354958 56 
506 I 259447354 68 
507 I 259602974 1504 
508 I 259603024 897 
509 I 259624720 56 
510 I 259648942 1504 
511 I 259649066 484 
512 I 260094732 56 
513 I 260413743 1504 
514 I 260414348 822 
515 I 261149699 1504 
516 I 261149806 1150 
517 I 261174570 56 
518 I 261546877 1504 
519 I 261547090 1258 
520 I 264774318 56 
521 I 264794178 56 
522 I 264814174 56 
523 I 264844419 56 
524 I 269104106 56 
525 I 270773649 56 
526 I 275953085 56 
527 I 276873050 56 
528 I 283904960 1504 
529 I 283904993 695 
530 I 283965962 1504 
531 I 283966036 1055 
532 I 284656808 1504 
533 I 284656860 1015 
534 I 287201950 56 
535 I 287337820 1504 
536 I 287337881 998 
537 I 287339218 448 
538 I 287339222 1504 
539 I 289121576 56 
