0 I 0 64 
1 I 20170 56 
2 I 20226 57 
3 I 40471 123 
4 I 131480 56 
5 I 132763 57 
6 I 154381 57 
7 I 201511 56 
8 I 224339 57 
9 I 246055 56 
10 I 246131 56 
11 I 990237 64 
12 I 1010445 56 
13 I 1010497 57 
14 I 1030860 121 
15 I 1122413 56 
16 I 1123716 57 
17 I 1145346 57 
18 I 1172066 56 
19 I 1173430 56 
20 I 1202712 56 
21 I 1202774 56 
22 I 1202842 56 
23 I 1229311 56 
24 I 1234593 56 
25 I 1237161 56 
26 I 1237238 56 
27 I 1251544 56 
28 I 1255904 56 
29 I 1268844 56 
30 I 1268927 56 
31 I 1268979 56 
32 I 1269062 56 
33 I 1269135 56 
34 I 1277005 56 
35 I 1283341 56 
36 I 1295105 68 
37 I 1295190 68 
38 I 1295275 68 
39 I 1319420 56 
40 I 1319648 57 
41 I 1341614 56 
42 I 1341726 56 
43 I 17794932 64 
44 I 17816329 56 
45 I 17854742 60 
46 I 17876944 56 
47 I 17877018 56 
48 I 17880255 56 
49 I 19805864 64 
50 I 19826095 56 
51 I 19863648 60 
52 I 19884474 68 
53 I 19884545 56 
54 I 19887748 56 
55 I 261618915 64 
56 I 261639072 56 
57 I 261639131 60 
58 I 261666335 64 
59 I 261686530 62 
60 I 261725138 67 
61 I 261815957 56 
62 I 261816277 56 
63 I 261829259 56 
64 I 261829332 56 
65 I 261829546 56 
66 I 261838821 64 
67 I 261860187 56 
68 I 261860272 60 
69 I 261887336 64 
70 I 261908909 62 
71 I 261946430 95 
72 I 262038653 56 
73 I 262038979 56 
74 I 262156041 56 
75 I 262156231 56 
76 I 262157190 56 
77 I 263859418 64 
78 I 263879585 56 
79 I 263879790 56 
80 I 263900482 56 
