0 I 0 1504 
1 I 14659 1504 
2 I 693364 1504 
3 I 709395 1504 
4 I 1979341 1504 
5 I 2591197 1504 
6 I 2606648 1504 
7 I 5116643 1504 
8 I 5665403 1504 
9 I 5680292 1504 
10 I 6220434 1504 
11 I 6951570 1504 
12 I 7965439 1504 
13 I 7980703 1504 
14 I 8518702 1504 
15 I 9057330 1504 
16 I 14290851 1504 
17 I 15565776 1504 
18 I 15580964 1504 
19 I 16680925 1504 
20 I 16696239 1504 
21 I 17253267 1504 
22 I 17858168 1504 
23 I 18514173 1340 
24 I 19313736 1504 
25 I 19328790 1504 
26 I 20208157 1504 
27 I 20222680 1504 
28 I 20237986 1504 
29 I 20836275 1504 
30 I 21316635 1504 
31 I 21544367 1504 
32 I 21559744 1504 
33 I 22110181 1504 
34 I 22128142 1504 
35 I 24489044 1504 
36 I 29249101 1504 
37 I 30162390 1504 
38 I 30177591 1504 
39 I 31144810 1504 
40 I 31160580 1504 
41 I 31877009 1504 
42 I 31892233 1504 
43 I 33019008 1504 
44 I 33308533 1504 
45 I 34622106 1504 
46 I 34637607 1504 
47 I 34728529 1504 
48 I 35746318 1504 
49 I 37019155 1504 
50 I 37033403 1504 
51 I 37883567 1504 
52 I 38448825 1504 
53 I 38883633 1504 
54 I 39379220 1504 
55 I 39395861 1504 
56 I 39969011 1504 
57 I 39984115 1504 
58 I 40466656 1504 
59 I 40481320 1504 
60 I 40496388 1504 
61 I 41084941 1504 
62 I 41629930 1504 
63 I 41653562 1504 
64 I 42220237 1504 
65 I 42235147 1504 
66 I 42940182 1504 
67 I 44351580 1504 
68 I 45027449 1504 
69 I 45042978 1504 
70 I 45684953 1504 
71 I 45699557 1504 
72 I 46309721 1504 
73 I 46891895 1504 
74 I 47444754 1504 
75 I 48145004 1504 
76 I 48159908 1504 
77 I 48803538 1504 
78 I 49405413 1504 
79 I 49874628 1504 
80 I 50383985 1504 
81 I 50400030 1504 
82 I 50911583 1504 
83 I 50927319 1504 
84 I 50940440 1340 
85 I 52192746 1504 
86 I 52849911 1340 
87 I 55480102 1340 
88 I 56423925 1504 
89 I 56439472 1504 
90 I 57177543 1504 
91 I 57192605 1504 
92 I 57834485 1504 
93 I 58593463 1504 
94 I 58757562 1504 
95 I 60731894 1504 
96 I 61199540 1504 
97 I 61214264 1504 
98 I 61725736 1504 
99 I 61740543 1504 
100 I 62254097 1504 
101 I 62269486 1504 
102 I 62882365 1504 
103 I 62898320 1504 
104 I 62914960 1504 
105 I 63862185 1504 
106 I 65831594 1504 
107 I 66621334 1504 
108 I 66636000 1504 
109 I 67353899 1504 
110 I 71243436 1504 
111 I 71880640 1504 
112 I 71896195 1504 
113 I 72594899 1504 
114 I 73200354 1504 
115 I 73694529 1504 
116 I 74228068 1504 
117 I 74244084 1504 
118 I 74772528 1504 
119 I 74787329 1504 
120 I 75527063 1504 
121 I 75541969 1504 
122 I 75556532 1504 
123 I 76056527 1504 
124 I 76070860 1504 
125 I 76185622 1504 
126 I 76806621 1504 
127 I 76822855 1504 
128 I 76837262 1504 
129 I 76852172 1504 
130 I 77819041 1504 
131 I 78617707 1504 
132 I 78633552 1504 
133 I 79243190 1504 
134 I 79258402 1504 
135 I 79272626 1504 
136 I 79807449 1504 
137 I 79822315 1504 
138 I 80303227 1504 
139 I 80878905 1504 
140 I 81456443 1504 
141 I 83639228 1504 
142 I 84247980 1504 
143 I 84263772 1504 
144 I 88799140 1504 
145 I 89686207 1504 
146 I 89701120 1504 
147 I 90260466 1504 
148 I 90274763 1504 
149 I 90849477 1504 
150 I 90863214 1340 
151 I 92520128 1340 
152 I 93337258 1504 
153 I 93353223 1504 
154 I 93840530 1504 
155 I 93855083 1504 
156 I 94626294 1504 
157 I 95200346 1504 
158 I 95521162 1504 
159 I 96131674 1504 
160 I 96146262 1504 
161 I 98043541 1504 
162 I 102041577 1504 
163 I 110077056 1504 
164 I 126154339 1504 
165 I 127192321 1504 
166 I 127206706 1504 
167 I 159067528 1504 
168 I 190304215 52 
169 I 193273466 52 
170 I 193937881 44 
171 I 193939023 59 
172 I 196848882 44 
173 I 199927772 59 
174 I 211851692 59 
175 I 212582606 861 
176 I 212597862 1504 
177 I 213556196 1504 
178 I 214093854 1504 
179 I 214772360 1504 
180 I 215394726 1504 
181 I 215409721 1504 
182 I 215958530 1504 
183 I 215973929 1504 
184 I 216684923 1504 
185 I 216699255 1504 
186 I 219677804 1504 
187 I 220217370 1504 
188 I 220232510 1504 
189 I 226241907 1504 
190 I 226897202 1504 
191 I 226912448 1504 
192 I 227709375 1504 
193 I 228737376 1504 
194 I 239593717 1504 
195 I 240091789 1504 
196 I 240107387 1504 
197 I 240735066 1504 
198 I 240750177 1504 
199 I 241215530 1504 
200 I 241732097 1504 
201 I 242316287 1504 
202 I 242331129 1504 
203 I 245026618 1504 
204 I 245668853 1504 
205 I 245683682 1504 
206 I 246249436 1504 
207 I 246264976 1504 
208 I 246748291 1504 
209 I 246763336 1504 
210 I 247398960 1504 
211 I 247413466 1504 
212 I 247954445 1504 
213 I 247969046 1504 
214 I 248447543 1504 
215 I 248507995 1504 
216 I 248522308 1504 
217 I 249077057 1504 
218 I 249582518 1504 
219 I 250395943 1504 
220 I 251066806 1504 
221 I 251081710 1504 
222 I 251595935 1504 
223 I 251611454 1504 
224 I 253263276 1504 
225 I 254040011 1504 
226 I 254054639 1504 
227 I 254747079 1504 
228 I 254760653 1504 
229 I 255712311 1504 
230 I 256344124 1504 
231 I 257201956 1504 
232 I 258110004 1504 
233 I 258125579 1504 
234 I 259924711 1504 
235 I 260861321 1504 
236 I 260874475 1340 
237 I 261698519 1504 
238 I 261713482 1504 
239 I 262859369 1504 
240 I 262872596 1504 
241 I 263354680 1504 
242 I 263370289 1504 
243 I 263385498 1504 
244 I 263913813 1504 
245 I 263990069 1504 
246 I 265021465 1504 
247 I 265096592 1504 
248 I 265112622 1504 
249 I 265857822 1504 
250 I 266503870 1504 
251 I 267487063 1504 
252 I 268304314 1504 
253 I 268319045 1504 
254 I 269199295 1504 
255 I 269213783 1504 
256 I 270165518 1504 
257 I 270180211 1504 
258 I 270194551 1504 
259 I 271433376 1504 
260 I 271447907 1504 
261 I 271652684 1504 
262 I 272371192 1504 
263 I 272395619 1504 
264 I 272401620 1504 
265 I 272596822 1504 
266 I 273065935 1504 
267 I 274388258 1504 
268 I 277970267 1504 
269 I 285169009 1504 
270 I 286110939 1504 
271 I 286125843 1504 
272 I 286683003 1504 
273 I 287190332 1504 
