0 I 0 52 
1 I 180054 44 
2 I 4400674 260 
3 I 4582636 92 
4 I 4767540 44 
5 I 7045413 156 
6 I 7047134 44 
7 I 7230919 236 
8 I 7413434 44 
9 I 7594586 44 
10 I 27474533 52 
11 I 27670469 44 
12 I 27675511 260 
13 I 27985963 92 
14 I 28172228 156 
15 I 28357464 236 
16 I 28540405 44 
17 I 28719960 44 
18 I 38653853 52 
19 I 38833377 44 
20 I 43437623 260 
21 I 43620119 92 
22 I 43812629 44 
23 I 45005071 156 
24 I 45193131 236 
25 I 45377717 44 
26 I 45568501 44 
27 I 65409184 52 
28 I 65588659 44 
29 I 65593605 260 
30 I 65984014 92 
31 I 66171641 156 
32 I 66355113 236 
33 I 66563647 44 
34 I 66743487 44 
