0 I 0 44 
1 I 10899542 44 
2 I 18704934 44 
3 I 20223803 44 
4 I 22124974 44 
5 I 30965879 56 
6 I 32518171 64 
7 I 35056878 72 
8 I 35616590 64 
9 I 36530685 64 
10 I 36625627 72 
11 I 41904030 44 
12 I 45102529 44 
13 I 49072932 44 
14 I 60636767 56 
15 I 62653017 56 
16 I 64090295 44 
17 I 64105261 90 
18 I 64626822 44 
19 I 65691295 44 
20 I 77002188 56 
21 I 84210660 56 
22 I 85566530 56 
23 I 87872028 64 
24 I 88487823 56 
25 I 89915450 56 
26 I 92909808 56 
27 I 95087196 56 
28 I 95880849 56 
29 I 97282734 56 
30 I 97823467 56 
31 I 98186535 44 
32 I 98325980 44 
33 I 102853357 44 
34 I 103655179 44 
35 I 104838375 44 
36 I 111633665 44 
37 I 113438491 44 
38 I 118267532 44 
39 I 119452703 44 
40 I 119964016 44 
41 I 121049733 44 
42 I 125750593 44 
43 I 126821122 56 
44 I 126822202 56 
45 I 127567206 56 
46 I 129284032 56 
47 I 135145559 56 
48 I 137002462 56 
49 I 137140486 56 
50 I 140393585 44 
51 I 144179280 56 
52 I 144197785 56 
53 I 154784008 44 
54 I 160207604 44 
55 I 161004852 44 
56 I 169240299 44 
57 I 169363465 56 
58 I 170278726 44 
59 I 179226995 44 
60 I 181129360 44 
61 I 181800771 56 
62 I 189872051 64 
63 I 191666552 64 
64 I 192450294 64 
65 I 192494148 56 
66 I 198693111 44 
67 I 204553477 44 
68 I 204642836 44 
69 I 206462887 44 
70 I 209219322 44 
71 I 213083244 44 
72 I 214774305 44 
73 I 221747554 44 
74 I 224363195 56 
75 I 225606457 56 
76 I 228285976 44 
77 I 229900361 44 
78 I 231558524 44 
79 I 239461360 44 
80 I 240860343 56 
81 I 243492795 44 
82 I 249420926 44 
83 I 253443725 56 
84 I 264403737 64 
85 I 266165966 64 
86 I 267169340 56 
87 I 269411853 56 
88 I 269723055 56 
89 I 271690119 44 
90 I 274634639 44 
91 I 283185236 44 
92 I 284487613 44 
93 I 287475789 44 
94 I 289780073 44 
95 I 295908776 44 
96 I 297609996 44 
