0 I 0 1504 
1 I 1174 1504 
2 I 195410 44 
3 I 2853645 1504 
4 I 2854825 1504 
5 I 6133211 1504 
6 I 6138392 333 
7 I 8961686 1504 
8 I 8962096 813 
9 I 11869932 605 
10 I 15820541 1504 
11 I 18895263 605 
12 I 18896591 237 
13 I 18896609 1504 
14 I 18901088 225 
15 I 18901591 1504 
16 I 22158964 1504 
17 I 22166027 1504 
18 I 22172412 1504 
19 I 22177981 587 
20 I 25041039 1504 
21 I 25042041 1504 
22 I 25042160 446 
23 I 25047717 1504 
24 I 25048532 1380 
25 I 27843553 1504 
26 I 27937602 277 
27 I 27938725 291 
28 I 28094634 1182 
29 I 30980239 291 
30 I 30980507 1504 
31 I 31145581 270 
32 I 31146316 613 
33 I 38555056 1504 
34 I 41494320 1504 
35 I 41495424 1504 
36 I 44356864 1504 
37 I 44357679 1460 
38 I 47267977 1504 
39 I 47269166 1504 
40 I 50341363 1504 
41 I 50342250 1504 
42 I 50343546 1504 
43 I 53694415 1504 
44 I 53695767 1504 
45 I 57984242 1504 
46 I 61631292 1504 
47 I 64920755 1504 
48 I 68276373 1504 
49 I 71630419 51 
50 I 83362589 1504 
51 I 86429105 1504 
52 I 86430343 1504 
53 I 89612461 245 
54 I 89612485 1504 
55 I 90975246 242 
56 I 90975468 1504 
57 I 94137434 1504 
58 I 97340759 1504 
59 I 98111303 1504 
60 I 100195053 592 
61 I 101206435 1504 
62 I 101208184 1504 
63 I 103319490 1504 
64 I 104201228 1012 
65 I 106160367 252 
66 I 133585988 1504 
