0 I 0 52 
1 I 5128 52 
2 I 500394 44 
3 I 653048 44 
4 I 1983890 44 
5 I 2130279 44 
6 I 3057693 44 
7 I 3201343 44 
8 I 3456210 44 
9 I 3743648 44 
10 I 3912771 44 
11 I 3934851 52 
12 I 3938168 52 
13 I 3939468 44 
14 I 4023003 44 
15 I 4163799 44 
16 I 4313948 44 
17 I 4447698 44 
18 I 4487716 44 
19 I 4515460 44 
20 I 4625174 44 
21 I 4626648 44 
22 I 4637771 44 
23 I 4638645 44 
24 I 5073119 44 
25 I 5077431 44 
26 I 7440211 52 
27 I 10443917 44 
28 I 10444438 44 
29 I 11057856 44 
30 I 15091390 52 
31 I 15623463 44 
32 I 16375338 44 
33 I 16562577 44 
34 I 17163145 52 
35 I 17163795 44 
36 I 17359335 44 
37 I 17895665 44 
38 I 19124393 44 
39 I 22980268 44 
40 I 23630870 56 
41 I 23750075 44 
42 I 34114547 44 
43 I 34797406 44 
44 I 37165300 44 
45 I 40326067 44 
46 I 54630411 52 
47 I 54631931 52 
48 I 57279395 44 
49 I 57355204 44 
50 I 58299671 44 
51 I 58503425 44 
52 I 58590711 44 
53 I 59800315 44 
54 I 59951826 44 
55 I 60194811 44 
56 I 61004367 44 
57 I 61105860 44 
58 I 61395550 44 
59 I 61540802 44 
60 I 63282622 44 
61 I 63975382 44 
62 I 64307253 44 
63 I 64477463 44 
64 I 64822822 44 
65 I 65364810 44 
66 I 65432903 56 
67 I 65539863 44 
68 I 65762986 44 
69 I 66013434 44 
70 I 81468093 44 
71 I 83245682 44 
72 I 84843124 44 
73 I 84844036 44 
