0 I 0 52 
1 I 535161 44 
2 I 1336217 44 
3 I 2015009 56 
4 I 2117713 44 
5 I 2987513 52 
6 I 3495280 44 
7 I 4233392 44 
8 I 4798155 56 
9 I 4903319 44 
10 I 27335160 44 
11 I 27347701 44 
12 I 27356726 44 
13 I 27371728 44 
14 I 27382068 44 
15 I 27406962 44 
16 I 27428105 52 
17 I 28009452 44 
18 I 28207879 44 
19 I 28225728 44 
20 I 29069677 44 
21 I 30494438 44 
22 I 30733369 44 
23 I 31303678 44 
24 I 31509332 44 
25 I 31731076 44 
26 I 31960569 56 
27 I 32035067 56 
28 I 32131519 56 
29 I 32232745 56 
30 I 32352261 56 
31 I 32392064 56 
32 I 32773955 44 
33 I 43971775 44 
34 I 44233390 44 
35 I 77566979 52 
36 I 77587289 52 
37 I 78114614 44 
38 I 78274546 44 
39 I 78932554 44 
40 I 79091376 44 
41 I 79651015 44 
42 I 79929002 44 
43 I 80158260 44 
44 I 80731069 44 
45 I 80752535 44 
46 I 80805182 56 
47 I 80884240 44 
48 I 81318308 56 
49 I 81363148 44 
50 I 81962434 44 
51 I 82276730 44 
52 I 82520127 44 
53 I 82825424 44 
54 I 83358061 44 
55 I 83426827 44 
56 I 84119993 44 
57 I 84290876 44 
58 I 84640406 44 
59 I 85091791 44 
60 I 85304767 44 
61 I 85586412 44 
62 I 85599221 44 
63 I 85690742 44 
64 I 86531109 44 
65 I 86559141 56 
66 I 86674999 44 
67 I 86975131 44 
68 I 87183117 44 
69 I 87665793 44 
70 I 87876918 44 
71 I 88119430 44 
72 I 88237538 44 
73 I 89117787 44 
74 I 89316057 44 
75 I 89586738 44 
76 I 89598783 44 
77 I 89771062 44 
78 I 90185469 44 
79 I 90319246 44 
80 I 90626841 44 
81 I 90671095 56 
82 I 90741318 44 
83 I 91122121 44 
84 I 91332242 44 
85 I 91531052 44 
86 I 91757035 44 
87 I 91985302 44 
88 I 92372429 44 
89 I 92580203 44 
90 I 93201631 44 
91 I 93314198 44 
92 I 93518114 44 
93 I 93730620 44 
94 I 94006193 44 
95 I 94010292 44 
96 I 94052847 56 
97 I 94151349 44 
98 I 94958245 44 
99 I 95182877 44 
100 I 95693611 44 
101 I 97612442 44 
102 I 97895023 44 
103 I 103097652 44 
104 I 110226697 44 
105 I 110737877 44 
106 I 110750617 52 
107 I 110769335 52 
108 I 111254966 44 
109 I 111432048 44 
110 I 112091915 44 
111 I 129908191 44 
112 I 129923234 44 
113 I 130005490 44 
114 I 130047402 52 
115 I 130091382 44 
116 I 130185273 44 
117 I 130433279 44 
118 I 130611953 44 
119 I 130768188 44 
120 I 130994378 44 
121 I 131046083 44 
122 I 131705826 44 
123 I 131709061 44 
124 I 131766055 44 
125 I 132009113 44 
126 I 132019375 44 
127 I 132030713 44 
128 I 132048399 44 
129 I 132640990 44 
130 I 132923235 44 
131 I 133295659 44 
132 I 133317975 52 
133 I 133381226 44 
134 I 133590213 44 
135 I 133747152 52 
136 I 133764426 52 
137 I 134204495 44 
138 I 134622970 44 
139 I 134715428 44 
140 I 134731715 44 
141 I 134982546 44 
142 I 134994496 44 
143 I 135010252 44 
144 I 135027475 52 
145 I 135292360 44 
146 I 135472861 44 
147 I 136212673 44 
148 I 136646768 44 
149 I 136664394 44 
150 I 137231809 44 
151 I 137363936 44 
152 I 137499525 56 
153 I 137518026 44 
154 I 137713704 44 
155 I 137860826 44 
156 I 138094703 44 
157 I 139572448 44 
158 I 139637148 44 
159 I 139756058 44 
160 I 140452583 44 
161 I 140580792 44 
162 I 141277612 44 
163 I 141492256 44 
164 I 141970960 44 
165 I 150986179 44 
166 I 152983405 44 
167 I 153013265 44 
168 I 153022263 44 
169 I 153027881 44 
170 I 158502728 44 
171 I 158521114 44 
172 I 158539025 44 
