0 I 0 64 
1 I 181789 56 
2 I 394451 1504 
3 I 394583 1504 
4 I 576082 1504 
5 I 576198 1504 
6 I 576316 1504 
7 I 758122 1504 
8 I 758289 1504 
9 I 758428 1504 
10 I 758673 1504 
11 I 758768 1504 
12 I 939775 1504 
13 I 939884 1504 
14 I 939982 1504 
15 I 940163 1504 
16 I 940448 1504 
17 I 940774 1504 
18 I 940940 1504 
19 I 941022 1504 
20 I 1121294 1504 
21 I 1121459 1504 
22 I 1121545 1504 
23 I 1121629 1504 
24 I 1121677 1253 
25 I 1121933 1504 
26 I 1122221 1504 
27 I 1122359 1504 
28 I 1122535 1504 
29 I 1123283 1504 
30 I 1123396 1504 
31 I 1123467 1504 
32 I 1303268 1504 
33 I 1303393 1504 
34 I 1303527 1504 
35 I 1303637 1504 
36 I 1303761 1504 
37 I 1303900 1504 
38 I 1304036 1504 
39 I 1304151 1504 
40 I 1304393 1504 
41 I 1304550 1504 
42 I 1304660 1504 
43 I 1304733 1504 
44 I 1304884 1504 
45 I 1305012 1504 
46 I 1305337 1504 
47 I 1305371 968 
48 I 1305618 1504 
49 I 1305883 1504 
50 I 1307648 1504 
51 I 1484772 1504 
52 I 1484940 1504 
53 I 1485101 1504 
54 I 1485349 1504 
55 I 1485511 1504 
56 I 1485757 1504 
57 I 1485843 1504 
58 I 1485927 1504 
59 I 1486010 1504 
60 I 1486093 1504 
61 I 1486260 1504 
62 I 1486343 1504 
63 I 1486455 1504 
64 I 1486944 1504 
65 I 1487083 1504 
66 I 1487236 1504 
67 I 1487323 1504 
68 I 1487426 1504 
69 I 1487573 1504 
70 I 1487582 968 
71 I 1488021 1504 
72 I 1488104 1504 
73 I 1488230 1504 
74 I 1488397 1504 
75 I 1666614 1504 
76 I 1670198 1504 
77 I 1670368 1504 
78 I 1670513 1504 
79 I 1848283 1504 
80 I 2030053 1504 
81 I 2030250 1504 
82 I 2030305 1504 
83 I 2211830 1504 
84 I 2211944 1504 
85 I 2212065 1504 
86 I 2393244 1504 
87 I 2394049 1504 
88 I 2574673 1504 
89 I 2756730 1504 
90 I 2756942 1504 
91 I 2939053 1504 
92 I 2939184 1504 
93 I 2939349 1504 
94 I 2939432 1504 
95 I 3120739 1504 
96 I 3121180 1504 
97 I 3121265 1504 
98 I 3301970 1504 
99 I 3302088 1504 
100 I 3302213 1504 
101 I 3483305 1504 
102 I 3664984 1504 
103 I 3664992 968 
104 I 3665286 1504 
105 I 3665467 1504 
106 I 3665556 1504 
107 I 3665626 1504 
108 I 3666178 1504 
109 I 3666272 1504 
110 I 3846666 1504 
111 I 3846821 1504 
112 I 3846973 1504 
113 I 3847179 1504 
114 I 3847287 1504 
115 I 3848092 1504 
116 I 3848208 1504 
117 I 3848350 1504 
118 I 4028646 1504 
119 I 4028794 1504 
120 I 4028904 1504 
121 I 4029022 1504 
122 I 4029162 1504 
123 I 4029585 1504 
124 I 4029731 1504 
125 I 4029837 1504 
126 I 4029846 968 
127 I 4212282 1504 
128 I 4212366 1504 
129 I 4213189 1504 
130 I 4213371 1504 
131 I 4213527 1504 
132 I 4213698 1504 
133 I 4213782 1504 
134 I 4213865 1504 
135 I 4214133 1504 
136 I 4393836 1504 
137 I 4393994 1504 
138 I 4394707 1504 
139 I 4395305 1504 
140 I 4395498 1504 
141 I 4395691 1504 
142 I 4395737 887 
143 I 4395745 1504 
144 I 10555660 56 
145 I 10736226 56 
146 I 123278932 64 
147 I 123467258 56 
148 I 123467286 1504 
149 I 123467302 983 
150 I 123472619 64 
151 I 123648899 56 
152 I 123653814 56 
153 I 123669464 232 
154 I 124763970 1504 
155 I 124764050 1504 
156 I 124764191 1504 
157 I 124945567 1504 
158 I 124945698 1504 
159 I 124945879 1504 
160 I 124946015 1504 
161 I 124946088 1504 
162 I 124959956 64 
163 I 125127584 1504 
164 I 125127725 1504 
165 I 125127833 1504 
166 I 125128034 1504 
167 I 125128112 1504 
168 I 125128315 1504 
169 I 125128428 1504 
170 I 125128511 1504 
171 I 125141436 56 
172 I 125170167 1504 
173 I 125170249 1504 
174 I 125308998 1504 
175 I 125309119 1504 
176 I 125309237 1504 
177 I 125309381 1504 
178 I 125309495 1504 
179 I 125309625 1504 
180 I 125309751 1250 
181 I 125309956 1504 
182 I 125310082 1504 
183 I 125310251 1504 
184 I 125310423 1504 
185 I 125310825 1504 
186 I 125310974 1504 
187 I 125351739 1504 
188 I 125351849 1504 
189 I 125351970 1504 
190 I 125490663 1504 
191 I 125490727 783 
192 I 125490747 1504 
193 I 125534298 1504 
194 I 125534391 1504 
195 I 125534638 1504 
196 I 125534649 1005 
197 I 129961165 1504 
198 I 130235621 1005 
199 I 130235627 1504 
200 I 131675373 56 
201 I 131855551 56 
202 I 132125290 56 
203 I 132305478 56 
204 I 185432864 64 
205 I 185453926 64 
206 I 185455172 64 
207 I 185614122 56 
208 I 185628425 1504 
209 I 185628720 1504 
210 I 185637075 56 
211 I 185639029 56 
212 I 185650334 1504 
213 I 185650458 1504 
214 I 185654555 1504 
215 I 185654690 1504 
216 I 185832357 1504 
217 I 185832442 1504 
218 I 185832610 1504 
219 I 185836338 1504 
220 I 185836461 1504 
221 I 185836585 1504 
222 I 186014153 1504 
223 I 186014328 1504 
224 I 186014415 1504 
225 I 186014531 1504 
226 I 186014731 1504 
227 I 186018418 1504 
228 I 186018551 1504 
229 I 186018681 1504 
230 I 186018791 1504 
231 I 186018915 1504 
232 I 186196017 1504 
233 I 186196150 1504 
234 I 186196336 1504 
235 I 186196504 1504 
236 I 186196683 1504 
237 I 186196814 1504 
238 I 186200357 1504 
239 I 186200444 1504 
240 I 186200568 1504 
241 I 186200677 1504 
242 I 186200801 1504 
243 I 186200968 1504 
244 I 186201054 1504 
245 I 186201170 1504 
246 I 186295239 1504 
247 I 186295319 1504 
248 I 186377939 1504 
249 I 186378085 1504 
250 I 186378260 1504 
251 I 186378444 1504 
252 I 186378484 1253 
253 I 186378587 1504 
254 I 186378685 1504 
255 I 186378758 1504 
256 I 186381917 1504 
257 I 186382164 1504 
258 I 186382327 1504 
259 I 186382623 1504 
260 I 186382669 1253 
261 I 186382786 1504 
262 I 186382871 1504 
263 I 186383566 1504 
264 I 186383627 1504 
265 I 186383790 1504 
266 I 186383957 1504 
267 I 186384249 1504 
268 I 186384343 1504 
269 I 186478123 1504 
270 I 186478317 1504 
271 I 186478680 1504 
272 I 186478813 1504 
273 I 186478990 1504 
274 I 186559500 1504 
275 I 186559564 1504 
276 I 186560065 1504 
277 I 186560134 1504 
278 I 186560229 1504 
279 I 186560349 1504 
280 I 186560484 1504 
281 I 186560717 1504 
282 I 186560837 1504 
283 I 186560985 1504 
284 I 186561113 1504 
285 I 186561203 1504 
286 I 186565627 1504 
287 I 186655439 1504 
288 I 186655566 1504 
289 I 186659704 968 
290 I 186659924 1504 
291 I 186660136 1504 
292 I 186660556 1504 
293 I 186660824 1504 
294 I 186661195 1504 
295 I 186661314 1504 
296 I 186661498 1504 
297 I 186741335 1504 
298 I 186741431 1504 
299 I 186741555 1504 
300 I 186741955 1504 
301 I 186742120 1504 
302 I 186742236 1504 
303 I 186742330 1504 
304 I 186742445 1504 
305 I 186742607 1504 
306 I 186742695 1504 
307 I 186742809 1504 
308 I 186742951 1504 
309 I 186743204 1504 
310 I 186743302 1504 
311 I 186743405 1504 
312 I 186743440 968 
313 I 186743586 1504 
314 I 186743821 1504 
315 I 186743952 1504 
316 I 186747015 1504 
317 I 186837675 1504 
318 I 186837834 1504 
319 I 186837938 1504 
320 I 186841589 1504 
321 I 186841712 1504 
322 I 186841843 1504 
323 I 186841969 1504 
324 I 186842103 1504 
325 I 186843141 1504 
326 I 186843232 1504 
327 I 186843358 1504 
328 I 186923673 1504 
329 I 187023875 1504 
330 I 187023978 1504 
331 I 187024100 1504 
332 I 187024227 1504 
333 I 187024938 1504 
334 I 187025257 1504 
335 I 187025518 1504 
336 I 187105447 1504 
337 I 187286829 1504 
338 I 187468132 1504 
339 I 187650042 1504 
340 I 187831694 1504 
341 I 188013699 1504 
342 I 188195553 1504 
343 I 188377841 1504 
344 I 188377854 968 
345 I 188378124 1504 
346 I 188378337 1504 
347 I 188379590 1504 
348 I 188379776 1504 
349 I 188379952 1504 
350 I 188380043 1504 
351 I 188380123 1504 
352 I 188380219 1504 
353 I 188380316 1504 
354 I 188380464 1504 
355 I 188380556 1504 
356 I 188380725 1504 
357 I 188380807 1504 
358 I 188380894 1504 
359 I 188380991 1504 
360 I 188559400 1504 
361 I 188559559 1504 
362 I 188560044 1504 
363 I 188560109 1504 
364 I 188561013 1504 
365 I 188561137 1504 
366 I 188561502 1504 
367 I 188561821 968 
368 I 188562163 1504 
369 I 188562286 1504 
370 I 188562408 1504 
371 I 188563056 1504 
372 I 188563220 1504 
373 I 188563302 1504 
374 I 188563552 1504 
375 I 188563795 1504 
376 I 188564033 1504 
377 I 188569513 64 
378 I 188741452 1504 
379 I 188741664 1504 
380 I 188741743 1504 
381 I 188743937 1504 
382 I 188744052 1504 
383 I 188745051 1504 
384 I 188746248 1504 
385 I 188746434 1504 
386 I 188747915 1504 
387 I 188754312 1504 
388 I 188754436 1504 
389 I 188754563 1504 
390 I 188923190 1504 
391 I 188929480 1504 
392 I 188935614 1504 
393 I 188935755 1504 
394 I 188935907 1504 
395 I 188936240 1504 
396 I 188936388 1504 
397 I 188997134 1504 
398 I 189104792 1504 
399 I 189116924 1504 
400 I 189117060 1504 
401 I 189117173 1504 
402 I 189117394 1504 
403 I 189117521 1504 
404 I 189117681 1504 
405 I 189153441 1504 
406 I 189153526 1504 
407 I 189178468 1504 
408 I 189178582 1504 
409 I 189286466 1504 
410 I 189298775 1504 
411 I 189298913 1504 
412 I 189299050 1504 
413 I 189299153 1504 
414 I 189299344 1504 
415 I 189299431 1504 
416 I 189299596 1504 
417 I 189299676 1504 
418 I 189334622 1504 
419 I 189334819 1504 
420 I 189334882 1504 
421 I 189340113 1504 
422 I 189340256 1504 
423 I 189360606 1504 
424 I 189360833 1504 
425 I 189360998 1504 
426 I 189468142 1504 
427 I 189480182 1504 
428 I 189480273 1504 
429 I 189480385 1504 
430 I 189480562 1504 
431 I 189480652 1504 
432 I 189480996 1504 
433 I 189481623 1504 
434 I 189481792 1504 
435 I 189482035 1504 
436 I 189482171 1504 
437 I 189482278 1504 
438 I 189482337 1504 
439 I 189516184 1504 
440 I 189516286 1504 
441 I 189516375 1504 
442 I 189521216 1504 
443 I 189521316 1504 
444 I 189521466 1504 
445 I 189542383 1504 
446 I 189542522 1504 
447 I 189614984 1504 
448 I 189615063 1504 
449 I 189635165 1504 
450 I 189649782 1504 
451 I 189662203 1504 
452 I 189662313 1504 
453 I 189662434 1504 
454 I 189662632 1504 
455 I 189662779 1504 
456 I 189662863 1504 
457 I 189663282 1504 
458 I 189724070 1504 
459 I 189724225 1504 
460 I 189831440 1504 
461 I 189906355 1504 
462 I 189906553 1504 
463 I 189906611 1504 
464 I 189939506 1504 
465 I 190005376 1504 
466 I 190012855 1504 
467 I 190012979 1504 
468 I 190013095 1504 
469 I 190013126 968 
470 I 190013319 1504 
471 I 190013509 1504 
472 I 190013572 1504 
473 I 190013701 1504 
474 I 190013808 1504 
475 I 190087991 1504 
476 I 190088119 1504 
477 I 190120878 1504 
478 I 190121006 1504 
479 I 190185415 1504 
480 I 190192345 1504 
481 I 190194211 1504 
482 I 190194329 1504 
483 I 190194520 1504 
484 I 190194673 1504 
485 I 190194860 1504 
486 I 190194936 1504 
487 I 190195012 1504 
488 I 190195095 1504 
489 I 190195213 1504 
490 I 190195339 1504 
491 I 190195423 1504 
492 I 190195504 1504 
493 I 190195588 1504 
494 I 190195714 1504 
495 I 190195796 1504 
496 I 190195935 1504 
497 I 190196035 1504 
498 I 190196117 1504 
499 I 190196218 1504 
500 I 190196337 1504 
501 I 190196419 1504 
502 I 190196577 1504 
503 I 190196677 1504 
504 I 190196837 1504 
505 I 190197049 1504 
506 I 190197118 1504 
507 I 190197200 1504 
508 I 190197281 1504 
509 I 190197364 1504 
510 I 190197484 1504 
511 I 190197573 1504 
512 I 190197654 1504 
513 I 190197742 1504 
514 I 190197826 1504 
515 I 190197919 1504 
516 I 190198006 1504 
517 I 190198088 1504 
518 I 190207600 1504 
519 I 190269449 1504 
520 I 190269585 1504 
521 I 190269632 1253 
522 I 190302078 1504 
523 I 190302249 1504 
524 I 190302335 1504 
525 I 190302433 1504 
526 I 190373859 1504 
527 I 190374031 1504 
528 I 190375444 1504 
529 I 190375587 1504 
530 I 190375811 1504 
531 I 190376902 1504 
532 I 190377142 1504 
533 I 190377536 1504 
534 I 190380550 1504 
535 I 190382469 1504 
536 I 190382615 1504 
537 I 190450954 1504 
538 I 190451396 1504 
539 I 190451582 1504 
540 I 190483922 1504 
541 I 190484026 1504 
542 I 190484389 1504 
543 I 190484509 1504 
544 I 190484638 1504 
545 I 190484763 1504 
546 I 190484927 1504 
547 I 190555255 1504 
548 I 190556698 1504 
549 I 190556761 1504 
550 I 190557285 1504 
551 I 190557449 1504 
552 I 190558427 1504 
553 I 190632380 1504 
554 I 190632548 1504 
555 I 190633033 1504 
556 I 190633161 1504 
557 I 190633319 1504 
558 I 190738030 1504 
559 I 190738483 1504 
560 I 190739703 1504 
561 I 190813888 1504 
562 I 190814020 1504 
563 I 190814654 1504 
564 I 190815234 1504 
565 I 190815327 1504 
566 I 190815452 1504 
567 I 190919830 1504 
568 I 190921214 1504 
569 I 190921344 1504 
570 I 190996099 1504 
571 I 190996166 1504 
572 I 190996295 1504 
573 I 190996926 1504 
574 I 190997027 968 
575 I 190997035 1504 
576 I 190997202 1504 
577 I 191102686 1504 
578 I 191102814 1504 
579 I 191102938 1504 
580 I 191103128 1504 
581 I 191103139 968 
582 I 191103261 1504 
583 I 191103381 1504 
584 I 191178109 1504 
585 I 191178233 1504 
586 I 191178318 1504 
587 I 191178922 1504 
588 I 191179221 1504 
589 I 191179292 1504 
590 I 191180146 1504 
591 I 191285929 1504 
592 I 191286288 1504 
593 I 191286415 1504 
594 I 191286533 507 
595 I 191286556 1504 
596 I 191360470 1504 
597 I 191360640 1504 
598 I 191360797 1504 
599 I 191360979 1504 
600 I 191361903 1504 
601 I 191362133 1504 
602 I 191362242 1504 
603 I 191362314 1504 
604 I 191542076 1504 
605 I 191542435 1504 
606 I 191542549 1504 
607 I 191542801 1504 
608 I 191544931 1504 
609 I 191545053 1504 
610 I 191545503 968 
611 I 191635556 1504 
612 I 191734063 1504 
613 I 191815178 1504 
614 I 191815321 1504 
615 I 191899592 1504 
616 I 191915488 1504 
617 I 191915658 1504 
618 I 191916877 56 
619 I 191996668 1504 
620 I 192081116 1504 
621 I 192081204 1504 
622 I 192097190 1504 
623 I 192097294 1504 
624 I 192097420 1504 
625 I 192097540 1504 
626 I 192154759 1504 
627 I 192154947 1504 
628 I 192155107 1504 
629 I 192155319 1504 
630 I 192155404 1504 
631 I 192155495 1504 
632 I 192178524 1504 
633 I 192262452 1504 
634 I 192262584 1504 
635 I 192262765 1504 
636 I 192262871 1504 
637 I 192262980 1504 
638 I 192278290 1504 
639 I 192278455 1504 
640 I 192278592 1504 
641 I 192278738 1504 
642 I 192278874 1504 
643 I 192278963 1504 
644 I 192279073 1504 
645 I 192279198 1504 
646 I 192279325 1504 
647 I 192279452 1504 
648 I 192336443 1504 
649 I 192336727 1504 
650 I 192337205 1504 
651 I 192360001 1504 
652 I 192435256 1504 
653 I 192444297 1504 
654 I 192444422 1504 
655 I 192444557 1504 
656 I 192460144 1504 
657 I 192460303 1504 
658 I 192460788 1504 
659 I 192460904 1504 
660 I 192461074 1504 
661 I 192461242 1504 
662 I 192461329 1504 
663 I 192461411 1504 
664 I 192461555 1504 
665 I 192461673 1504 
666 I 192461776 1504 
667 I 192461959 1504 
668 I 192462042 1504 
669 I 192462153 1504 
670 I 192519254 1504 
671 I 192543005 1504 
672 I 192543106 1504 
673 I 192616940 1504 
674 I 192625774 1504 
675 I 192625883 1504 
676 I 192626094 1504 
677 I 192626546 968 
678 I 192641300 1504 
679 I 192641498 1504 
680 I 192641590 1504 
681 I 192641762 1504 
682 I 192641853 1504 
683 I 192642013 1504 
684 I 192642095 1504 
685 I 192642199 1504 
686 I 192643118 1504 
687 I 192643291 1504 
688 I 192644056 1504 
689 I 192644178 1504 
690 I 192644267 1504 
691 I 192644391 1504 
692 I 192700656 1504 
693 I 192725335 1504 
694 I 192725447 1504 
695 I 192807254 1504 
696 I 192807520 1504 
697 I 192808090 1504 
698 I 192808212 1504 
699 I 192829690 1504 
700 I 192829824 1504 
701 I 192829969 1504 
702 I 192830064 1504 
703 I 192830237 1504 
704 I 192830336 1504 
705 I 192830430 1504 
706 I 192830556 1504 
707 I 192830702 1504 
708 I 192830807 1504 
709 I 192882480 1504 
710 I 192882614 1504 
711 I 192882734 1504 
712 I 192882865 1504 
713 I 192907802 1504 
714 I 192908075 1504 
715 I 192989294 1504 
716 I 192989439 1504 
717 I 192989666 1504 
718 I 192989785 1504 
719 I 193011045 1504 
720 I 193011173 1504 
721 I 193012129 1504 
722 I 193012603 1504 
723 I 193012714 1504 
724 I 193012993 1504 
725 I 193063980 1504 
726 I 193064093 1504 
727 I 193064437 1504 
728 I 193064560 1504 
729 I 193085073 1504 
730 I 193090976 1504 
731 I 193091135 1504 
732 I 193091245 1504 
733 I 193091370 1504 
734 I 193170919 1504 
735 I 193171051 1504 
736 I 193171543 1504 
737 I 193171659 1504 
738 I 193185518 1504 
739 I 193192310 1504 
740 I 193192437 1504 
741 I 193194215 1504 
742 I 193194354 1504 
743 I 193194533 1504 
744 I 193194619 1504 
745 I 193245930 1504 
746 I 193246101 1504 
747 I 193246181 1504 
748 I 193246235 1251 
749 I 193273385 1504 
750 I 193273517 1504 
751 I 193273756 1504 
752 I 193352533 1504 
753 I 193352646 1504 
754 I 193353297 1504 
755 I 193353880 1504 
756 I 193353964 1504 
757 I 193354133 1504 
758 I 193365305 1504 
759 I 193374161 1504 
760 I 193374283 1504 
761 I 193376309 1504 
762 I 193376410 1504 
763 I 193376560 1504 
764 I 193427579 1504 
765 I 193427682 1504 
766 I 193427813 1504 
767 I 193427827 908 
768 I 193457283 1504 
769 I 193457383 1504 
770 I 193459688 1504 
771 I 193459912 1504 
772 I 193475180 1504 
773 I 193533835 1504 
774 I 193534971 1504 
775 I 193535101 1504 
776 I 193535232 968 
777 I 193535655 1504 
778 I 193535756 1504 
779 I 193546828 1504 
780 I 193547059 1504 
781 I 193556328 1504 
782 I 193556481 1504 
783 I 193556574 1504 
784 I 193558754 1504 
785 I 193638707 1504 
786 I 193640909 968 
787 I 193641152 1504 
788 I 193641665 1504 
789 I 193654912 1504 
790 I 193717168 1504 
791 I 193717250 1504 
792 I 193717558 1504 
793 I 193717730 1504 
794 I 193718773 1504 
795 I 193718977 1504 
796 I 193719069 1504 
797 I 193728478 1504 
798 I 193728651 1504 
799 I 193738084 1504 
800 I 193738845 1504 
801 I 193740810 1504 
802 I 193820446 1504 
803 I 193822644 1504 
804 I 193822788 1504 
805 I 193822943 1504 
806 I 193823312 1504 
807 I 193899036 1504 
808 I 193899151 1504 
809 I 193900114 1504 
810 I 193900740 1504 
811 I 193900868 1504 
812 I 193901012 1504 
813 I 193910633 1504 
814 I 193910762 1504 
815 I 193921966 1504 
816 I 193922109 1504 
817 I 193995242 1504 
818 I 194002228 1504 
819 I 194004117 1504 
820 I 194004340 1504 
821 I 194004590 1504 
822 I 194080612 1504 
823 I 194080728 1504 
824 I 194081705 1504 
825 I 194083438 1504 
826 I 194083560 1504 
827 I 194083685 1504 
828 I 194083691 968 
829 I 194091939 1504 
830 I 194092112 1504 
831 I 194092736 1504 
832 I 194103223 1504 
833 I 194103361 1504 
834 I 194103503 1504 
835 I 194185575 1504 
836 I 194185671 1504 
837 I 194185735 1504 
838 I 194185996 1504 
839 I 194186001 968 
840 I 194263978 1504 
841 I 194264090 1504 
842 I 194264203 1504 
843 I 194264753 1504 
844 I 194264925 1504 
845 I 194265267 1504 
846 I 194265941 1504 
847 I 194266037 1504 
848 I 194275032 1504 
849 I 194275131 1504 
850 I 194275283 1504 
851 I 194284789 1504 
852 I 194284871 1504 
853 I 194284985 1504 
854 I 194285114 1504 
855 I 194285380 1504 
856 I 194285869 1504 
857 I 194286101 1504 
858 I 194370630 1504 
859 I 194370714 1504 
860 I 194375402 1504 
861 I 194375502 1504 
862 I 194445641 1504 
863 I 194446096 1504 
864 I 194446336 1504 
865 I 194447106 1504 
866 I 194447267 1504 
867 I 194447356 1504 
868 I 194447571 1504 
869 I 194447943 1504 
870 I 194448100 1504 
871 I 194457200 1504 
872 I 194466481 1504 
873 I 194466565 1504 
874 I 194466870 1504 
875 I 194466992 1504 
876 I 194467288 1504 
877 I 194467379 1504 
878 I 194468192 1504 
879 I 194551975 1504 
880 I 194557418 1504 
881 I 194557706 1504 
882 I 194627072 1504 
883 I 194627924 1504 
884 I 194628053 1504 
885 I 194628544 1504 
886 I 194628998 1504 
887 I 194630927 968 
888 I 194631194 1504 
889 I 194631328 1504 
890 I 194631461 1504 
891 I 194639166 1504 
892 I 194639284 1504 
893 I 194647685 1504 
894 I 194647690 972 
895 I 194738666 1504 
896 I 194738948 1504 
897 I 194739407 1504 
898 I 194809147 1504 
899 I 194809284 1504 
900 I 194809948 1504 
901 I 194810075 1504 
902 I 194810472 1504 
903 I 194810629 1504 
904 I 194812982 1504 
905 I 194813107 1504 
906 I 194813239 1504 
907 I 194813356 1504 
908 I 194821206 1504 
909 I 194821339 1504 
910 I 194923761 1504 
911 I 194926551 1504 
912 I 194926737 1504 
913 I 194990718 1504 
914 I 194990871 1504 
915 I 194991403 1504 
916 I 194991529 1504 
917 I 194992084 1504 
918 I 194994499 1504 
919 I 194994652 1504 
920 I 194994862 1504 
921 I 194995060 1504 
922 I 195002871 1504 
923 I 195002951 1504 
924 I 195084902 968 
925 I 195095216 968 
926 I 195108262 1504 
927 I 195108491 1504 
928 I 195108567 1504 
929 I 195172466 1504 
930 I 195172545 1504 
931 I 195173309 1504 
932 I 195173322 1010 
933 I 195184666 1504 
934 I 195184829 1504 
935 I 195289891 1504 
936 I 195290028 1504 
937 I 195290147 1504 
938 I 195366108 1504 
939 I 195366277 1504 
940 I 195366490 1504 
941 I 195366749 1504 
942 I 195471461 1504 
943 I 195471626 1504 
944 I 195472182 1504 
945 I 195548833 1504 
946 I 195653038 1504 
947 I 195730521 1504 
948 I 195834494 1504 
949 I 195834613 1504 
950 I 195834803 1504 
951 I 196005048 1504 
952 I 196017334 1504 
953 I 196017340 968 
954 I 196017756 1504 
955 I 196198896 1504 
956 I 196199182 1504 
957 I 196199302 1504 
958 I 196199389 1504 
959 I 196199745 1504 
960 I 196380957 1504 
961 I 196381065 1504 
962 I 196381225 1504 
963 I 196381389 1504 
964 I 196475084 1504 
965 I 196563597 1504 
966 I 196563844 727 
967 I 196563866 1504 
968 I 199567755 56 
969 I 199747859 56 
970 I 199971536 56 
971 I 200152003 56 
972 I 201624232 56 
973 I 201804471 56 
974 I 202570700 56 
975 I 202751151 56 
