0 I 0 52 
1 I 181998 44 
2 I 376525 44 
3 I 568075 44 
4 I 710687 44 
5 I 759765 44 
6 I 898430 44 
7 I 947749 44 
8 I 960147 44 
9 I 1096242 44 
10 I 1145428 44 
11 I 1159422 56 
12 I 1166370 56 
13 I 1442706 52 
14 I 1551932 44 
15 I 1622534 44 
16 I 1732358 52 
17 I 1919811 44 
18 I 1921173 56 
19 I 1921464 56 
20 I 1945116 44 
21 I 1992541 52 
22 I 2131310 56 
23 I 2138660 56 
24 I 2174678 44 
25 I 2179273 44 
26 I 2224002 52 
27 I 2373030 56 
28 I 2379743 56 
29 I 2416045 44 
30 I 2422117 44 
31 I 2425876 52 
32 I 2601991 56 
33 I 2608606 56 
34 I 2616691 56 
35 I 2617079 44 
36 I 2898023 44 
37 I 2899952 52 
38 I 3091539 56 
39 I 3091824 56 
40 I 3098525 56 
41 I 3109371 44 
42 I 3133827 44 
43 I 3146825 52 
44 I 3331968 56 
45 I 3334028 56 
46 I 3340896 56 
47 I 3352119 44 
48 I 3353553 44 
49 I 3354670 52 
50 I 3594093 44 
51 I 3607037 56 
52 I 3609588 56 
53 I 3616329 56 
54 I 3629367 44 
55 I 3639761 52 
56 I 3782723 56 
57 I 3783297 56 
58 I 3790937 56 
59 I 3823004 44 
60 I 3826509 52 
61 I 3827024 44 
62 I 4012698 44 
63 I 4012904 56 
64 I 4013388 56 
65 I 4020755 56 
66 I 4351053 44 
67 I 4354255 52 
68 I 4476613 56 
69 I 4495607 56 
70 I 4512829 44 
71 I 4531999 44 
72 I 4533900 52 
73 I 4720434 44 
74 I 4722311 56 
75 I 4723059 56 
76 I 4726180 56 
77 I 4751832 44 
78 I 4753596 52 
79 I 4904424 56 
80 I 4910896 56 
81 I 4918640 56 
82 I 4942075 44 
83 I 4962577 44 
84 I 4964231 52 
85 I 5127504 56 
86 I 5127770 56 
87 I 5135397 56 
88 I 5146316 44 
89 I 5167737 44 
90 I 5171009 52 
91 I 5340302 56 
92 I 5340624 56 
93 I 5359434 44 
94 I 5738811 44 
95 I 5744934 52 
96 I 5960470 56 
97 I 5961506 56 
98 I 5968882 56 
99 I 5969361 44 
100 I 5988002 44 
101 I 5991477 52 
102 I 6198712 56 
103 I 6199106 56 
104 I 6207271 56 
105 I 6207578 44 
106 I 6215002 44 
107 I 6221828 52 
108 I 6441089 44 
109 I 6445672 56 
110 I 6446075 56 
111 I 6449080 56 
112 I 6459764 44 
113 I 6468887 52 
114 I 6767450 44 
115 I 6767909 44 
116 I 7170342 44 
117 I 7170850 52 
118 I 7397661 56 
119 I 7398193 56 
120 I 7405100 56 
121 I 7405476 44 
122 I 7466315 44 
123 I 7472421 52 
124 I 7692410 44 
125 I 7699021 44 
126 I 7725271 44 
127 I 7730581 52 
128 I 7923465 56 
129 I 7923651 56 
130 I 7931327 56 
131 I 7931652 44 
132 I 8052788 44 
133 I 8058584 52 
134 I 8145733 56 
135 I 8146184 56 
136 I 8151810 56 
137 I 8221277 44 
138 I 8661407 44 
139 I 8665086 52 
140 I 8827708 44 
141 I 8829208 56 
142 I 8829889 56 
143 I 8843927 56 
144 I 9005261 56 
145 I 9019362 56 
146 I 9163806 44 
147 I 9168244 44 
148 I 9172563 52 
149 I 9173087 52 
150 I 9335460 44 
151 I 9335622 44 
152 I 9501351 56 
153 I 9517664 56 
154 I 9518069 56 
155 I 9522699 56 
156 I 9524697 44 
157 I 9527076 52 
158 I 9556899 44 
159 I 9558775 52 
160 I 9698049 44 
161 I 9722555 44 
162 I 10340267 56 
163 I 10340353 56 
164 I 10353952 56 
165 I 10354243 56 
166 I 10360031 56 
167 I 10468339 44 
168 I 10479734 44 
169 I 10536260 52 
170 I 10551820 52 
171 I 10699482 44 
172 I 10715353 44 
173 I 10875243 56 
174 I 10889538 56 
175 I 10891163 56 
176 I 10905569 56 
177 I 10964935 44 
178 I 10981085 44 
179 I 10983109 52 
180 I 11004186 52 
181 I 11169769 44 
182 I 11170130 44 
183 I 11805190 44 
184 I 11805657 56 
185 I 11810774 56 
186 I 11873695 44 
187 I 11882241 44 
188 I 11889330 52 
189 I 11899686 52 
190 I 12051913 44 
191 I 12061430 44 
192 I 12231208 56 
193 I 12245833 56 
194 I 12256624 56 
195 I 12268744 56 
196 I 12342563 44 
197 I 12345852 44 
198 I 12351956 52 
199 I 12405213 52 
200 I 12515552 44 
201 I 12567430 44 
202 I 12681766 56 
203 I 12694594 56 
204 I 12733987 56 
205 I 12749584 56 
206 I 13099350 44 
207 I 13147751 44 
208 I 13156704 52 
209 I 13157469 52 
210 I 13252824 52 
211 I 13319186 44 
212 I 13319667 44 
213 I 13321766 44 
214 I 13322284 44 
215 I 13415595 44 
216 I 13483256 44 
217 I 13485215 44 
218 I 13603782 44 
219 I 13787878 44 
220 I 13965914 44 
221 I 13978282 44 
222 I 14151636 44 
223 I 14162622 44 
224 I 14175916 44 
225 I 14335842 44 
226 I 14348459 44 
227 I 14361075 44 
228 I 14523025 44 
229 I 14590385 44 
230 I 14774212 44 
231 I 14782977 56 
232 I 14790069 56 
233 I 14792278 44 
234 I 18040059 52 
235 I 18083418 52 
236 I 18203355 44 
237 I 18245412 44 
238 I 18371748 56 
239 I 18374053 56 
240 I 18387977 56 
241 I 18409180 44 
242 I 18411454 52 
243 I 18412093 56 
244 I 18425092 56 
245 I 18448255 44 
246 I 18476922 52 
247 I 18573896 44 
248 I 18639541 44 
249 I 18777259 56 
250 I 18791005 56 
251 I 18798527 44 
252 I 18800419 52 
253 I 18831527 56 
254 I 18844696 56 
255 I 18900814 44 
256 I 18902826 52 
257 I 18963336 44 
258 I 19065511 44 
259 I 19577543 56 
260 I 19588835 56 
261 I 19589097 56 
262 I 19589530 56 
263 I 19597632 56 
264 I 19661157 44 
265 I 19686831 44 
266 I 19689494 52 
267 I 19710798 52 
268 I 19798743 52 
269 I 19853274 44 
270 I 19853694 44 
271 I 19873377 44 
272 I 19873614 44 
273 I 19961331 44 
274 I 20017548 44 
275 I 20037259 44 
276 I 20166023 44 
277 I 20350269 44 
278 I 20499494 44 
279 I 20534282 44 
280 I 20678804 44 
281 I 20712231 44 
282 I 20723941 44 
283 I 20861803 44 
284 I 20895954 44 
285 I 20896316 44 
286 I 20896661 44 
287 I 20930004 44 
288 I 21080043 44 
289 I 21086746 56 
290 I 21095236 56 
291 I 21099919 44 
292 I 24036784 52 
293 I 24050034 52 
294 I 24252235 44 
295 I 24270933 44 
296 I 24513402 56 
297 I 24519846 56 
298 I 24531275 44 
299 I 24531719 44 
300 I 24533380 44 
301 I 24540363 52 
302 I 24541915 52 
303 I 24703385 44 
304 I 24707688 44 
305 I 24871298 56 
306 I 24872973 56 
307 I 24873400 44 
308 I 24968629 44 
309 I 24984318 44 
310 I 25423178 52 
311 I 25439552 52 
312 I 25587590 44 
313 I 25603277 44 
314 I 25788510 44 
315 I 25789045 56 
316 I 25790333 56 
317 I 26202774 44 
318 I 26204585 44 
319 I 26208096 52 
320 I 26210012 52 
321 I 26371328 44 
322 I 26371885 44 
323 I 26556346 44 
324 I 26556905 44 
325 I 26961795 44 
326 I 26963889 44 
327 I 26966536 52 
328 I 26968291 52 
329 I 27129327 44 
330 I 27133654 44 
331 I 27297393 56 
332 I 27298346 56 
333 I 27298962 44 
334 I 27314180 44 
335 I 27317312 44 
336 I 33658555 52 
337 I 33821335 44 
338 I 34011989 44 
339 I 34196075 44 
340 I 34326299 44 
341 I 34380231 44 
342 I 34424276 44 
343 I 34509829 44 
344 I 34563975 44 
345 I 34601633 44 
346 I 34693806 44 
347 I 34748244 44 
348 I 34785849 44 
349 I 34877845 44 
350 I 34916801 44 
351 I 34919395 44 
352 I 43531752 52 
353 I 43693352 44 
354 I 43899830 44 
355 I 44083848 44 
356 I 44206195 44 
357 I 44267922 44 
358 I 44413801 44 
359 I 44445653 44 
360 I 44458039 44 
361 I 44628300 44 
362 I 44629734 44 
363 I 44642043 44 
364 I 44811619 44 
365 I 44812978 44 
366 I 44928895 44 
367 I 44995858 44 
368 I 44996223 56 
369 I 45002262 56 
370 I 45004104 44 
371 I 53902590 52 
372 I 54065489 44 
373 I 54293815 44 
374 I 54477912 44 
375 I 54655614 44 
376 I 54668025 44 
377 I 54839785 44 
378 I 54852124 44 
379 I 54864480 44 
380 I 54994248 44 
381 I 54994494 44 
382 I 55023908 44 
383 I 55036316 44 
384 I 55056954 44 
385 I 55177990 44 
386 I 55209920 44 
387 I 55210126 44 
388 I 60926473 52 
389 I 61089258 44 
390 I 61279587 44 
391 I 61463977 44 
392 I 61581266 44 
393 I 61648215 44 
394 I 61759839 44 
395 I 61825626 44 
396 I 61838003 44 
397 I 61943887 44 
398 I 62009985 44 
399 I 62022398 44 
400 I 62112929 44 
401 I 62366853 44 
402 I 75880287 52 
403 I 76043438 44 
404 I 76245775 44 
405 I 76430039 44 
406 I 76595370 44 
407 I 76614043 44 
408 I 76773756 44 
409 I 76791856 44 
410 I 76804058 44 
411 I 76958499 44 
412 I 76976130 44 
413 I 76988135 44 
414 I 77141728 44 
415 I 77160019 44 
416 I 77161401 56 
417 I 77168886 56 
418 I 77270188 56 
419 I 77273103 44 
