0 I 0 52 
1 I 162323 44 
2 I 324774 44 
3 I 490936 44 
4 I 657227 44 
5 I 658060 44 
6 I 823724 44 
7 I 827453 44 
8 I 827453 44 
9 I 993769 44 
10 I 1001100 44 
11 I 1001100 44 
12 I 1155858 44 
13 I 1167569 44 
14 I 1167858 44 
15 I 1321932 44 
16 I 1336345 44 
17 I 1337727 44 
18 I 1483862 44 
19 I 1501231 44 
20 I 1502592 44 
21 I 1646958 44 
22 I 1664401 44 
23 I 1665837 44 
24 I 1810046 44 
25 I 1829615 44 
26 I 1831270 44 
27 I 1983791 44 
28 I 1999220 44 
29 I 2001940 44 
30 I 2145718 44 
31 I 2161818 44 
32 I 2166506 44 
33 I 2307476 44 
34 I 2324352 44 
35 I 2329468 44 
36 I 2469341 44 
37 I 2485926 44 
38 I 2498323 44 
39 I 2632136 44 
40 I 2652991 44 
41 I 2660429 44 
42 I 2793649 44 
43 I 2817522 44 
44 I 2823313 44 
45 I 2959048 44 
46 I 2982367 44 
47 I 2988538 44 
48 I 3121714 44 
49 I 3143905 44 
50 I 3150156 44 
51 I 3285231 44 
52 I 3310717 44 
53 I 3313838 44 
54 I 3448515 44 
55 I 3477065 44 
56 I 3478066 44 
57 I 3576533 44 
58 I 3611884 44 
59 I 3611907 44 
60 I 3641445 44 
61 I 3641446 44 
62 I 3644754 44 
63 I 3644937 44 
