0 I 0 52 
1 I 134137 44 
2 I 270379 44 
3 I 270687 44 
4 I 271641 44 
5 I 729977 52 
6 I 864320 44 
7 I 1024265 44 
8 I 1024298 44 
9 I 1024441 44 
10 I 1027550 44 
11 I 2915779 52 
12 I 3049978 44 
13 I 3210145 44 
14 I 3211055 44 
15 I 3347406 44 
16 I 3357935 44 
17 I 3483904 44 
18 I 3494417 44 
19 I 3508202 44 
20 I 3621073 44 
21 I 3630815 44 
22 I 3644575 44 
23 I 3645145 44 
24 I 3758389 44 
25 I 3767102 44 
26 I 3767217 44 
27 I 3767356 56 
28 I 3767784 44 
29 I 3768108 44 
30 I 3820048 52 
31 I 3954588 44 
32 I 4111795 44 
33 I 4112828 44 
34 I 4249347 44 
35 I 4249765 44 
36 I 4250277 44 
37 I 4250566 44 
38 I 5734042 52 
39 I 5868336 44 
40 I 6007188 44 
41 I 6008354 44 
42 I 6144161 56 
43 I 6144250 44 
44 I 6145048 44 
45 I 7351092 52 
46 I 7485242 44 
47 I 7634973 44 
48 I 7635949 44 
49 I 7789694 56 
50 I 7790044 44 
51 I 7790046 44 
52 I 9443887 52 
53 I 9577997 44 
54 I 9727131 44 
55 I 9727924 44 
56 I 9864403 44 
57 I 9864540 44 
58 I 9864715 44 
59 I 11019137 52 
60 I 11153254 44 
61 I 11299349 44 
62 I 11299355 44 
63 I 11300382 44 
64 I 11300868 44 
65 I 11346017 52 
66 I 11480099 44 
67 I 11616682 44 
68 I 11616722 44 
69 I 11617575 44 
70 I 12235969 52 
71 I 12370155 44 
72 I 12505582 44 
73 I 12505874 44 
74 I 12507286 44 
