0 I 0 48 
1 I 165337 44 
2 I 346034 44 
3 I 523278 44 
4 I 9167142 48 
5 I 9333898 44 
6 I 9745511 44 
7 I 9745511 44 
8 I 10242348 44 
9 I 10636641 44 
10 I 10636674 44 
11 I 10637157 44 
12 I 10732265 44 
13 I 11048116 44 
14 I 11048119 44 
15 I 11048666 44 
16 I 11049270 44 
17 I 11142462 44 
18 I 11213820 44 
19 I 11213850 44 
20 I 11214013 44 
21 I 11214021 44 
22 I 11214036 44 
23 I 11215021 44 
24 I 11308604 44 
25 I 11379208 44 
26 I 11379433 44 
27 I 11380485 44 
28 I 11380487 44 
29 I 11380490 44 
30 I 11840007 44 
31 I 11840008 44 
32 I 11840180 44 
33 I 11840192 44 
34 I 11841272 44 
35 I 11841648 44 
36 I 11841656 44 
37 I 11842007 44 
38 I 11842014 44 
39 I 11842014 44 
40 I 11842021 44 
41 I 11842448 44 
42 I 11842454 44 
43 I 11842703 44 
44 I 11843011 44 
45 I 12005917 44 
46 I 12005921 44 
47 I 12006577 44 
48 I 12006611 44 
49 I 12006744 44 
50 I 12007124 44 
51 I 12007607 44 
52 I 12007610 44 
53 I 12008935 44 
54 I 12008956 44 
55 I 12008959 44 
56 I 12008960 44 
57 I 12010278 44 
58 I 12010286 44 
59 I 12010350 44 
60 I 12010480 44 
61 I 12010500 44 
62 I 12010661 44 
63 I 12010866 44 
64 I 12103033 44 
65 I 12171781 44 
66 I 12171786 44 
67 I 12172451 44 
68 I 12172989 44 
69 I 12172995 44 
70 I 12173000 44 
71 I 12173070 44 
72 I 12173080 44 
73 I 12173085 44 
74 I 12173089 44 
75 I 12174195 44 
76 I 12174255 44 
77 I 12174257 44 
78 I 12175002 44 
79 I 12175982 44 
80 I 12175987 44 
81 I 12176002 44 
82 I 12176642 44 
83 I 12176823 44 
84 I 12176967 44 
85 I 12177605 44 
86 I 12177995 44 
87 I 12178313 44 
88 I 12178346 44 
89 I 12178352 44 
90 I 12178375 44 
91 I 12178476 44 
92 I 12178481 44 
93 I 12178482 44 
94 I 12268722 44 
95 I 12337823 44 
96 I 12337825 44 
97 I 12337883 44 
98 I 12338645 44 
99 I 12338674 44 
100 I 12339172 44 
101 I 12339175 44 
102 I 12340509 44 
103 I 12340540 44 
104 I 12341329 44 
105 I 12341336 44 
106 I 12341908 44 
107 I 12341915 44 
108 I 12341943 44 
109 I 12342112 44 
110 I 12343102 44 
111 I 12343106 44 
112 I 12343854 44 
113 I 12343857 44 
114 I 12343916 44 
115 I 12344756 44 
116 I 12344763 44 
117 I 12345682 44 
118 I 12345688 44 
119 I 12345721 44 
120 I 12345735 44 
121 I 12345736 44 
122 I 12345882 44 
123 I 14241619 44 
124 I 14241620 44 
125 I 14241682 44 
126 I 14241684 44 
127 I 14242154 44 
128 I 14242510 44 
129 I 14243142 44 
130 I 14243145 44 
131 I 14243308 44 
132 I 14244116 44 
133 I 14244313 44 
134 I 14244342 44 
135 I 14245060 44 
136 I 14245418 44 
137 I 14245429 44 
138 I 14246471 44 
139 I 14246640 44 
140 I 14246658 44 
141 I 14247556 44 
142 I 14247576 44 
143 I 14247579 44 
144 I 14247579 44 
145 I 14247682 44 
146 I 14248026 44 
147 I 14248047 44 
148 I 14248055 44 
149 I 14248055 44 
150 I 14248141 44 
151 I 14248319 44 
152 I 14248582 44 
153 I 14248591 44 
154 I 14248876 44 
155 I 14248877 44 
156 I 14248877 44 
157 I 14248880 44 
158 I 14249047 44 
159 I 14343038 44 
160 I 14407427 44 
161 I 14407752 44 
162 I 14407753 44 
163 I 14408154 44 
164 I 14408928 44 
165 I 14409602 44 
166 I 14409616 44 
167 I 14410337 44 
168 I 14410339 44 
169 I 14410341 44 
170 I 14410352 44 
171 I 14410873 44 
172 I 14411257 44 
173 I 14426256 44 
174 I 14427644 44 
175 I 14427645 44 
176 I 14428013 44 
177 I 14428019 44 
178 I 14428030 44 
179 I 14428042 44 
180 I 14428537 44 
181 I 14428538 44 
182 I 14428539 44 
183 I 14428960 44 
184 I 14523147 44 
185 I 14599854 44 
186 I 14599856 44 
187 I 14599857 44 
188 I 14599858 44 
189 I 14599860 44 
190 I 14601132 44 
191 I 14601139 44 
192 I 14601677 44 
193 I 14688967 44 
194 I 14765753 44 
195 I 14765933 44 
196 I 14766465 44 
197 I 14766467 44 
198 I 14767112 44 
199 I 14767224 44 
200 I 14767520 44 
201 I 14855187 44 
202 I 14932987 44 
203 I 14933805 44 
204 I 14934272 44 
205 I 14934473 44 
206 I 14934493 44 
207 I 14934493 44 
208 I 14934606 44 
209 I 14934609 44 
210 I 15021269 44 
211 I 15098778 44 
212 I 15114405 44 
213 I 15114464 44 
214 I 15115268 44 
215 I 15115276 44 
216 I 15115279 44 
217 I 15115724 44 
218 I 15116221 44 
219 I 15186985 44 
220 I 15264822 44 
221 I 15281064 44 
222 I 15281342 44 
223 I 15282344 44 
224 I 15282358 44 
225 I 15372857 44 
226 I 18723021 44 
227 I 22048132 44 
228 I 22048135 44 
229 I 22214083 44 
230 I 22214634 44 
231 I 22214635 44 
232 I 22214645 44 
233 I 31607627 44 
234 I 31607648 44 
235 I 31607649 44 
236 I 31608000 44 
237 I 34469453 44 
238 I 34469476 44 
239 I 34469479 44 
240 I 34469483 44 
