0 I 0 48 
1 I 552107 44 
2 I 1133608 44 
3 I 3039960 48 
4 I 3993516 44 
5 I 3994643 44 
6 I 4851259 44 
7 I 5152283 48 
8 I 5931257 48 
9 I 6026740 44 
10 I 6657430 44 
11 I 6937268 48 
12 I 10815855 44 
13 I 12971381 48 
14 I 15749819 48 
15 I 15914624 44 
16 I 16560677 44 
17 I 16565272 48 
18 I 16581751 44 
19 I 16703406 48 
20 I 18582888 48 
21 I 19251586 44 
22 I 19323117 48 
23 I 19762494 48 
24 I 19903907 44 
25 I 19952780 44 
26 I 20406412 44 
27 I 20800073 44 
28 I 23170360 44 
29 I 23691260 44 
