0 I 0 52 
1 I 392151 52 
2 I 856337 44 
3 I 1245572 44 
4 I 1884460 44 
5 I 2179517 44 
6 I 2276996 44 
7 I 16837836 44 
8 I 17500721 44 
9 I 17842048 44 
10 I 21697380 52 
11 I 21713601 52 
12 I 22555948 44 
13 I 22668425 44 
14 I 23716725 44 
15 I 23912949 44 
16 I 24320732 44 
17 I 24422048 44 
18 I 24623600 44 
19 I 24642520 52 
20 I 26281745 44 
21 I 26325917 44 
22 I 27372935 56 
23 I 27513730 44 
24 I 27556321 44 
25 I 27564174 52 
26 I 27582069 44 
27 I 27939917 44 
28 I 27941185 52 
29 I 27984581 52 
30 I 28358186 44 
31 I 28412357 44 
32 I 28440541 44 
33 I 28456301 44 
34 I 28753817 44 
35 I 28801939 44 
