0 I 0 52 
1 I 499164 44 
2 I 1234756 44 
3 I 1772322 44 
4 I 7367328 52 
5 I 7377236 52 
6 I 7875201 44 
7 I 7884137 44 
8 I 8404769 56 
9 I 8405596 44 
10 I 8410741 44 
11 I 8419171 52 
12 I 8429414 44 
13 I 8901967 44 
14 I 8905882 44 
15 I 8927482 52 
16 I 8934692 44 
17 I 8940290 44 
18 I 9449837 44 
19 I 9483030 44 
20 I 9489192 52 
21 I 9499358 44 
22 I 9758843 44 
23 I 9965637 44 
24 I 9972908 44 
25 I 9975392 44 
26 I 9986645 44 
27 I 9999420 44 
28 I 10009509 44 
29 I 10501550 44 
30 I 16844691 52 
31 I 17409302 44 
32 I 17932257 44 
33 I 17963301 44 
34 I 18443490 44 
35 I 18445133 44 
36 I 20113786 52 
37 I 20675618 44 
38 I 21225436 44 
39 I 21235395 56 
40 I 37006220 44 
41 I 41483351 44 
42 I 263620434 52 
43 I 266618864 52 
44 I 267137113 44 
45 I 267651935 44 
46 I 268210563 44 
47 I 268313150 44 
48 I 268810857 44 
49 I 268899090 56 
50 I 268904743 56 
51 I 269347010 56 
52 I 269363827 56 
53 I 269383530 56 
54 I 269912661 44 
55 I 270616576 44 
56 I 285913113 44 
57 I 286601354 44 
