0 I 0 44 
1 I 85948 44 
2 I 104548 44 
3 I 214035 44 
4 I 302780 44 
5 I 322226 44 
6 I 430463 44 
7 I 519832 44 
8 I 539877 44 
9 I 647830 44 
10 I 737093 44 
11 I 864580 44 
12 I 879903 44 
13 I 954472 44 
14 I 1077654 44 
15 I 1097014 44 
16 I 1172108 44 
17 I 1294982 44 
18 I 1315727 44 
19 I 1389908 44 
20 I 1512969 44 
21 I 1532873 44 
22 I 1607195 44 
23 I 1730461 44 
24 I 1754946 44 
25 I 1824976 44 
26 I 1947633 44 
27 I 1971541 44 
28 I 2043066 44 
29 I 2165658 44 
30 I 2188980 44 
31 I 2259755 44 
32 I 2383372 44 
33 I 2477750 44 
34 I 2493150 44 
35 I 2600475 44 
36 I 2694967 44 
37 I 2706183 44 
38 I 2817492 44 
39 I 2912225 44 
40 I 2927466 44 
41 I 3034654 44 
42 I 3129697 44 
43 I 3147355 44 
44 I 3251572 44 
45 I 3347489 44 
46 I 3375136 44 
47 I 3468673 44 
48 I 3592969 44 
49 I 3610663 44 
50 I 3686040 44 
51 I 3810574 44 
52 I 3828930 44 
53 I 3903828 44 
54 I 4027995 44 
55 I 4047916 44 
56 I 4120808 44 
57 I 4246160 44 
58 I 4264987 44 
59 I 4337993 44 
60 I 4459820 44 
61 I 4482645 44 
62 I 4554636 44 
63 I 4677728 44 
64 I 4700539 44 
65 I 4772133 44 
66 I 4894450 44 
67 I 4918304 44 
68 I 4990418 44 
69 I 5111825 44 
70 I 5135582 44 
71 I 5207673 44 
72 I 5325616 44 
73 I 5352236 44 
74 I 5425829 44 
75 I 5547107 44 
76 I 5569625 44 
77 I 5655042 44 
78 I 5658267 44 
79 I 21087260 52 
80 I 21287103 44 
81 I 22254134 44 
82 I 22417523 44 
83 I 22474273 44 
84 I 22616356 44 
85 I 22635075 44 
86 I 22691356 44 
87 I 22817187 44 
88 I 22845313 44 
89 I 22876630 44 
90 I 23093464 44 
91 I 23108695 44 
92 I 23123952 44 
93 I 23310819 44 
94 I 23324379 44 
95 I 23341796 44 
96 I 23461940 44 
97 I 23529685 44 
98 I 23672406 44 
99 I 23687343 44 
100 I 23746607 44 
101 I 23927564 44 
102 I 23964165 44 
103 I 24068485 44 
104 I 24146336 44 
105 I 24278573 56 
106 I 24296650 56 
107 I 24638595 44 
108 I 26576980 52 
109 I 26776420 44 
110 I 27712229 44 
111 I 27823720 44 
112 I 27965576 44 
113 I 28046022 44 
114 I 28182945 44 
115 I 28198446 44 
116 I 28285129 44 
117 I 28502260 44 
118 I 28517873 44 
119 I 28532595 44 
120 I 28720329 44 
121 I 28732812 44 
122 I 28750810 44 
123 I 28822201 44 
124 I 28938863 44 
125 I 28953988 44 
126 I 29040510 44 
127 I 29229924 44 
128 I 29493280 44 
129 I 48406996 52 
130 I 48606604 44 
131 I 49472330 44 
132 I 49637443 44 
133 I 49690671 44 
134 I 49836575 44 
135 I 49854791 44 
136 I 49908566 44 
137 I 50021382 44 
138 I 50066421 44 
139 I 50244966 44 
140 I 50253658 44 
141 I 50284865 44 
142 I 50462289 44 
143 I 50475203 44 
144 I 50502616 44 
145 I 50562940 44 
146 I 50780865 44 
147 I 50795062 44 
148 I 50810357 44 
149 I 50998349 44 
150 I 51016219 44 
151 I 51120224 44 
152 I 55135225 52 
153 I 55334838 44 
154 I 56420541 44 
155 I 56629591 44 
156 I 56638343 44 
157 I 56827184 44 
158 I 56851664 44 
159 I 56862376 44 
160 I 57026831 44 
161 I 57062180 44 
162 I 57076865 44 
163 I 57227055 44 
164 I 57272248 44 
165 I 57287664 44 
166 I 57333174 44 
167 I 57480543 44 
168 I 57544518 44 
169 I 57558925 44 
170 I 57698609 44 
171 I 57761802 44 
172 I 57777030 44 
173 I 57859101 44 
174 I 57916759 44 
175 I 58077157 44 
176 I 58099714 44 
177 I 58135608 44 
178 I 58294571 44 
179 I 58316750 44 
180 I 58350379 44 
181 I 58383175 44 
182 I 58434127 44 
183 I 74332125 52 
184 I 74531051 44 
185 I 75477093 44 
186 I 75633018 44 
187 I 75694226 44 
188 I 75833891 44 
189 I 75850191 44 
190 I 75913098 44 
191 I 76032962 44 
192 I 76059977 44 
193 I 76114547 44 
194 I 76130290 44 
195 I 76269635 44 
196 I 76324670 44 
197 I 76349623 44 
198 I 76484924 44 
199 I 76542495 44 
200 I 76566377 44 
201 I 76696753 44 
202 I 76914045 44 
203 I 76929493 44 
204 I 76949320 44 
205 I 77131137 44 
206 I 77147523 44 
207 I 77166543 44 
208 I 77348070 44 
209 I 77350004 44 
210 I 77831313 44 
211 I 82300261 52 
212 I 82499864 44 
213 I 83404751 44 
214 I 83527151 44 
215 I 83622769 44 
216 I 83737178 44 
217 I 83832629 44 
218 I 83849176 44 
219 I 83955081 44 
220 I 84050662 44 
221 I 84068485 44 
222 I 84166642 44 
223 I 84284753 44 
224 I 84299817 44 
225 I 84382956 44 
226 I 84502586 44 
227 I 84520522 44 
228 I 84603397 44 
229 I 84643896 44 
230 I 84864313 44 
231 I 84878850 44 
232 I 84893424 44 
233 I 85068353 56 
234 I 85083465 56 
235 I 85218096 44 
236 I 102174722 52 
237 I 102374270 44 
238 I 103266460 44 
239 I 103428748 44 
240 I 103483779 44 
241 I 103628380 44 
242 I 103649552 44 
243 I 103701609 44 
244 I 103798528 44 
245 I 103859416 44 
246 I 104015873 44 
247 I 104030959 44 
248 I 104078124 44 
249 I 104241935 44 
250 I 104250250 44 
251 I 104297718 44 
252 I 104335221 44 
253 I 104548095 44 
254 I 104561047 44 
255 I 104562774 56 
256 I 104577637 44 
257 I 104860558 44 
258 I 111184780 52 
259 I 111384796 44 
260 I 112473587 44 
261 I 112736996 44 
262 I 112954490 44 
263 I 112969558 44 
264 I 112989561 44 
265 I 113199977 44 
266 I 113215090 44 
267 I 113229272 44 
268 I 113418075 44 
269 I 113434186 44 
270 I 113447829 44 
271 I 113525531 44 
272 I 113700381 44 
273 I 113743585 44 
274 I 113758685 44 
275 I 113919785 44 
276 I 113994771 56 
277 I 113995869 56 
278 I 114133673 44 
279 I 129247715 52 
280 I 129445446 44 
281 I 130491065 44 
282 I 130626178 44 
283 I 130708608 44 
284 I 130826910 44 
285 I 130843258 44 
286 I 130925405 44 
287 I 131019100 44 
288 I 131055180 44 
289 I 131239675 44 
290 I 131251760 44 
291 I 131273201 44 
292 I 131457101 44 
293 I 131469902 44 
294 I 131490743 44 
295 I 131593361 44 
296 I 131675995 44 
297 I 132161949 44 
298 I 153960263 52 
299 I 154159637 44 
300 I 155214304 44 
301 I 155322755 44 
302 I 155432266 44 
303 I 155538907 44 
304 I 155610394 44 
305 I 155649222 44 
306 I 155749185 44 
307 I 155819822 44 
308 I 155868513 44 
309 I 155968143 44 
310 I 156041390 44 
311 I 156086469 44 
312 I 156144722 44 
313 I 156321996 44 
314 I 156361891 44 
315 I 156376899 44 
316 I 156522049 44 
317 I 156581918 44 
318 I 156594172 44 
319 I 156679498 44 
320 I 156794125 44 
321 I 157197952 44 
322 I 178674502 52 
323 I 178873253 44 
324 I 179785894 44 
325 I 179918364 44 
326 I 180003107 44 
327 I 180118444 44 
328 I 180137174 44 
329 I 180220139 44 
330 I 180320096 44 
331 I 180347017 44 
332 I 180537341 44 
333 I 180555248 44 
334 I 180566989 44 
335 I 180754192 44 
336 I 180770407 44 
337 I 180787962 44 
338 I 180867104 44 
339 I 181086671 44 
340 I 181101032 44 
341 I 181116887 44 
342 I 181304513 44 
343 I 181319869 44 
344 I 181337308 44 
345 I 181521834 44 
346 I 181537111 44 
347 I 181553957 44 
348 I 181748398 44 
349 I 181937387 44 
350 I 205936397 52 
351 I 206135977 44 
352 I 207160841 44 
353 I 207313506 44 
354 I 207377731 44 
355 I 207514583 44 
356 I 207530319 44 
357 I 207595626 44 
358 I 207713781 44 
359 I 207741679 44 
360 I 207806867 44 
361 I 207914094 44 
362 I 207951705 44 
363 I 208016659 44 
364 I 208039157 44 
365 I 208254475 44 
366 I 208269615 44 
367 I 208285193 44 
368 I 208471590 44 
369 I 208487016 44 
370 I 208502150 44 
371 I 208539052 44 
372 I 208689159 44 
373 I 208719516 44 
374 I 208756729 44 
375 I 208909888 44 
376 I 209046134 44 
377 I 211513368 44 
378 I 230145717 52 
379 I 230349366 44 
380 I 231314353 44 
381 I 231510154 44 
382 I 231531712 44 
383 I 231710674 44 
384 I 231733535 44 
385 I 231749573 44 
386 I 231910831 44 
387 I 231944742 44 
388 I 231963586 44 
389 I 232110410 44 
390 I 232158330 44 
391 I 232173722 44 
392 I 232310242 44 
393 I 232365484 44 
394 I 232382835 44 
395 I 232515177 44 
396 I 232551960 44 
397 I 285598309 52 
398 I 285797432 44 
399 I 286775444 44 
400 I 286901708 44 
401 I 286995965 44 
402 I 287103927 44 
403 I 287121954 44 
404 I 287206021 56 
405 I 287213384 56 
406 I 287220972 44 
407 I 287332161 44 
408 I 287378737 44 
409 I 287595873 44 
410 I 287611074 44 
411 I 287626686 44 
412 I 287815042 44 
413 I 287830555 44 
414 I 287843286 44 
415 I 287959914 44 
416 I 288032253 44 
417 I 288047398 44 
418 I 288176960 44 
419 I 288249609 44 
420 I 288264346 44 
421 I 288394514 44 
422 I 288466611 44 
423 I 288481722 44 
424 I 288513968 44 
425 I 288714260 56 
426 I 288737974 56 
427 I 289068230 44 
