0 I 0 1340 
1 I 507776 1504 
2 I 508807 1504 
3 I 811959 1504 
4 I 813014 1504 
5 I 814052 1504 
6 I 1115383 1504 
7 I 1116525 1504 
8 I 1117558 1504 
9 I 1270832 1504 
10 I 1271886 1504 
11 I 1418245 1504 
12 I 1419293 1504 
13 I 1572794 1504 
14 I 1574009 1504 
15 I 1708419 1504 
16 I 1721388 1504 
17 I 1722458 1504 
18 I 1877637 1504 
19 I 1878676 1504 
20 I 2026143 1504 
21 I 2027246 1504 
22 I 2180661 1504 
23 I 2181681 1504 
24 I 2329204 1504 
25 I 2485882 1504 
26 I 2631541 1504 
27 I 2790666 1504 
28 I 2791761 1504 
29 I 3239714 1504 
30 I 3542652 1504 
31 I 4206827 1504 
32 I 4509740 1504 
33 I 4510825 1504 
34 I 4812636 1504 
35 I 4989502 1504 
36 I 5291927 1504 
37 I 5293079 1504 
38 I 5294069 1504 
39 I 5595520 1504 
40 I 5596631 1504 
41 I 5755706 1504 
42 I 5908055 1504 
43 I 5909088 1504 
44 I 6193839 1504 
45 I 6810504 1504 
46 I 7286658 1504 
47 I 7287730 1504 
48 I 7592020 1504 
49 I 7593105 1504 
50 I 7594460 1504 
51 I 7894710 1504 
52 I 7895777 1340 
53 I 8202354 1504 
54 I 8203471 1504 
55 I 8204689 1504 
56 I 8506899 1504 
57 I 8507771 1504 
58 I 8810201 1504 
59 I 8811226 1504 
60 I 9118130 1504 
61 I 9119158 1504 
62 I 9422086 1504 
63 I 9423203 1504 
64 I 9726897 1504 
65 I 9727932 1504 
66 I 9729002 1504 
67 I 10031150 1504 
68 I 10032184 1504 
69 I 10239611 1504 
70 I 10334430 1504 
71 I 10335494 1504 
72 I 10336593 1504 
73 I 10636952 1504 
74 I 10638130 1504 
75 I 10639369 1504 
76 I 10640391 1504 
77 I 10941502 1504 
78 I 10942519 1504 
79 I 11114472 1504 
80 I 11243194 1504 
81 I 11245360 1504 
82 I 11416235 1504 
83 I 11546358 1504 
84 I 11850164 1504 
85 I 11851152 1504 
86 I 12154011 1504 
87 I 12457245 1504 
88 I 12758929 1504 
89 I 12760168 1504 
90 I 13062150 1504 
91 I 13063252 1504 
92 I 13366559 1504 
93 I 13367515 1504 
94 I 13669442 1504 
95 I 13670418 1504 
96 I 13671543 1504 
97 I 13972534 1504 
98 I 13973580 1504 
99 I 14178419 1504 
100 I 14279963 1340 
101 I 14582862 1504 
102 I 14583900 1504 
103 I 14584948 1504 
104 I 14586049 1504 
105 I 14887253 1504 
106 I 14888468 1504 
107 I 14890476 1504 
108 I 14891668 1504 
109 I 15190218 1504 
110 I 15191275 1504 
111 I 15193532 1504 
112 I 15194591 1504 
113 I 15195747 1504 
114 I 15494772 1504 
115 I 15495863 1504 
116 I 15498337 1504 
117 I 15499446 1504 
118 I 15708902 1504 
119 I 15805585 1504 
120 I 15806761 1504 
121 I 15808495 1504 
122 I 15809365 1504 
123 I 15810715 1504 
124 I 16108659 1504 
125 I 16109776 1504 
126 I 16113196 1504 
127 I 16114202 1504 
128 I 16115184 1504 
129 I 16116225 1504 
130 I 16413321 1504 
131 I 16414261 1504 
132 I 16417098 1504 
133 I 16418201 1504 
134 I 16419257 1504 
135 I 16420353 1504 
136 I 16421494 1504 
137 I 16717637 1504 
138 I 16718694 1504 
139 I 16721207 1504 
140 I 16722138 1504 
141 I 16726635 1504 
142 I 16727699 1504 
143 I 16912003 1504 
144 I 17022893 1504 
145 I 17023830 1340 
146 I 17030249 1504 
147 I 17031414 1504 
148 I 17335738 1504 
149 I 17336596 1504 
150 I 17337773 1504 
151 I 17641076 1504 
152 I 17642143 1504 
153 I 17945771 1504 
154 I 17946896 1504 
155 I 18248588 1504 
156 I 18249985 1504 
157 I 18552439 1504 
158 I 18553340 1504 
159 I 18856327 1504 
160 I 18857285 1504 
161 I 19159726 1504 
162 I 19160848 1504 
163 I 19161900 1504 
164 I 19463041 1504 
165 I 19464294 1504 
166 I 19646538 1504 
167 I 19769160 1504 
168 I 19770419 1504 
169 I 19771370 1504 
170 I 20071238 1504 
171 I 20072339 1504 
172 I 20073399 1504 
173 I 20074425 1504 
174 I 20375093 1504 
175 I 20375965 1504 
176 I 20376916 1504 
177 I 20377934 1504 
178 I 20378895 1504 
179 I 20679269 1504 
180 I 20680309 1504 
181 I 20681407 1504 
182 I 20682458 1504 
183 I 20850788 1504 
184 I 20982011 1504 
185 I 20983187 1504 
186 I 20984363 1504 
187 I 20985478 1504 
188 I 21288008 1504 
189 I 21289077 1504 
190 I 21290083 1504 
191 I 21292394 1504 
192 I 21590782 1504 
193 I 21592167 1504 
194 I 21592797 1340 
195 I 22052900 1504 
196 I 22053875 1504 
197 I 22055038 1504 
198 I 22356105 1504 
199 I 22357180 1504 
200 I 22489411 1504 
201 I 22490498 1504 
202 I 22660316 1504 
203 I 22661303 1504 
204 I 22794018 1504 
205 I 22795043 1504 
206 I 22963273 1504 
207 I 22964348 1504 
208 I 23097657 1504 
209 I 23098540 1504 
210 I 23099649 1504 
211 I 23266100 1504 
212 I 23267124 1504 
213 I 23400443 1504 
214 I 23401567 1504 
215 I 23569915 1504 
216 I 23571021 1504 
217 I 23693462 1504 
218 I 23704425 1504 
219 I 23705418 1504 
220 I 23873755 1504 
221 I 23874505 1504 
222 I 23875550 1504 
223 I 24007331 1504 
224 I 24008413 1504 
225 I 24130513 1504 
226 I 24178914 1504 
227 I 24309334 1504 
228 I 24322338 1504 
229 I 24433462 1504 
230 I 24481198 1504 
231 I 24616121 1504 
232 I 24784561 1504 
233 I 24785727 1504 
234 I 25089486 1504 
235 I 25090638 1504 
236 I 25392716 1504 
237 I 25393867 1504 
238 I 25697621 1504 
239 I 25698695 1504 
240 I 26002026 1504 
241 I 26002675 1340 
242 I 26314759 1504 
243 I 26315761 1504 
244 I 26316824 1504 
245 I 26618726 1504 
246 I 26619957 1504 
247 I 26756713 1504 
248 I 26924601 1504 
249 I 26925314 1504 
250 I 26926509 1504 
251 I 27192912 1504 
252 I 27227215 1504 
253 I 27228345 1504 
254 I 27411275 1504 
255 I 27530019 1504 
256 I 27531201 1504 
257 I 27722378 1504 
258 I 27723521 1504 
259 I 27724551 1504 
260 I 27833597 1504 
261 I 27834670 1504 
262 I 28025344 1504 
263 I 28026457 1504 
264 I 28140013 1504 
265 I 28140969 1504 
266 I 28287923 1504 
267 I 28329635 1504 
268 I 28330669 1504 
269 I 28331718 1504 
270 I 28444915 1504 
271 I 28445971 1504 
272 I 28632600 1504 
273 I 28633647 1504 
274 I 28638340 1504 
275 I 28639444 1504 
276 I 28748567 1504 
277 I 28749637 1504 
278 I 28936839 1504 
279 I 28937785 1504 
280 I 28942061 1504 
281 I 28943186 1504 
282 I 28944348 1504 
283 I 29060039 1504 
284 I 29061182 1504 
285 I 29240799 1504 
286 I 29241704 1340 
287 I 29544282 1504 
288 I 29545393 1504 
289 I 29546434 1504 
290 I 29547566 1504 
291 I 29548579 1504 
292 I 29549726 1504 
293 I 29550866 1504 
294 I 29847174 1504 
295 I 29848219 1504 
296 I 29850980 1504 
297 I 29852153 1504 
298 I 29853140 1504 
299 I 29854193 1504 
300 I 29855351 1504 
301 I 30043970 1504 
302 I 30150573 1504 
303 I 30151676 1504 
304 I 30154383 1504 
305 I 30155505 1504 
306 I 30156615 1504 
307 I 30157707 1504 
308 I 30255480 1504 
309 I 30461894 1504 
310 I 30463020 1504 
311 I 30464226 1504 
312 I 30465314 1504 
313 I 30466319 1504 
314 I 30467293 1504 
315 I 30468426 1504 
316 I 30557689 1504 
317 I 30558762 1504 
318 I 30766752 1504 
319 I 30767670 1504 
320 I 30770907 1504 
321 I 30772149 1504 
322 I 30773193 1504 
323 I 30774098 1504 
324 I 30861347 1504 
325 I 30862219 1504 
326 I 31021006 1504 
327 I 31070490 1504 
328 I 31071614 1504 
329 I 31075121 1504 
330 I 31076155 1504 
331 I 31077174 1340 
332 I 31568572 1504 
333 I 31569929 1504 
334 I 31570922 1504 
335 I 31571927 1504 
336 I 31572716 1504 
337 I 31573925 1504 
338 I 31574870 1504 
339 I 31575935 1504 
340 I 31577005 1504 
341 I 31578196 1504 
342 I 31871712 1504 
343 I 31872745 1504 
344 I 31874086 1504 
345 I 31875116 1504 
346 I 31876359 1504 
347 I 31877435 1504 
348 I 31878473 1504 
349 I 31879554 1504 
350 I 31883990 1504 
351 I 31884859 1504 
352 I 31885986 1504 
353 I 32176050 1504 
354 I 32177383 1504 
355 I 32178217 1504 
356 I 32179432 1504 
357 I 32183724 1504 
358 I 32184694 1504 
359 I 32185756 1504 
360 I 32186845 1504 
361 I 32188114 1504 
362 I 32189043 1504 
363 I 32333755 1504 
364 I 32479941 1504 
365 I 32481007 1504 
366 I 32482115 1504 
367 I 32483042 1504 
368 I 32495778 1504 
369 I 32496963 1504 
370 I 32498010 1504 
371 I 32499052 1504 
372 I 32555585 1504 
373 I 32635692 1504 
374 I 32783457 1504 
375 I 32784573 1504 
376 I 32786322 1504 
377 I 32787245 1340 
378 I 33209624 1504 
379 I 33210715 1504 
380 I 33211870 1504 
381 I 33212956 1504 
382 I 33214430 1504 
383 I 33215464 1504 
384 I 33513686 1504 
385 I 33514596 1504 
386 I 33515746 1504 
387 I 33517058 1504 
388 I 33518094 1504 
389 I 33519050 1504 
390 I 33818717 1504 
391 I 33819878 1504 
392 I 33821544 1504 
393 I 33822441 1504 
394 I 33823433 1504 
395 I 33824435 1504 
396 I 33825669 1504 
397 I 34123281 1504 
398 I 34124127 1504 
399 I 34125160 1504 
400 I 34126280 1504 
401 I 34127524 1504 
402 I 34128799 1504 
403 I 34302493 1504 
404 I 34425986 1504 
405 I 34427114 1504 
406 I 34432611 1504 
407 I 34433610 1504 
408 I 34434792 1504 
409 I 34435783 1504 
410 I 34605584 1504 
411 I 34728862 1504 
412 I 34729923 1504 
413 I 34735891 1504 
414 I 35030544 1504 
415 I 35032879 1504 
416 I 35033945 1504 
417 I 35035028 1504 
418 I 35038281 1504 
419 I 35332823 1504 
420 I 35340030 1504 
421 I 35636480 1504 
422 I 35642816 1504 
423 I 35941242 1504 
424 I 36051952 1504 
425 I 36354725 1504 
426 I 36355835 1504 
427 I 36356810 1340 
428 I 36820503 1504 
429 I 36821426 1504 
430 I 36822556 1504 
431 I 37134461 1504 
432 I 37256551 1504 
433 I 37257598 1504 
434 I 37560133 1504 
435 I 37560830 1504 
436 I 37862905 1504 
437 I 37863806 1504 
438 I 38166059 1504 
439 I 38349239 1504 
440 I 38653778 1504 
441 I 38654833 1504 
442 I 38655777 1504 
443 I 38956811 1504 
444 I 38957829 1504 
445 I 39114406 1504 
446 I 39260986 1504 
447 I 39261994 1504 
448 I 39552261 1504 
449 I 39553276 1504 
450 I 39566401 1504 
451 I 39567428 1504 
452 I 39857873 1504 
453 I 39859054 1504 
454 I 39869144 1504 
455 I 39870186 1504 
456 I 40161868 1504 
457 I 40162909 1504 
458 I 40164212 1504 
459 I 40173429 1504 
460 I 40174559 1504 
461 I 40465220 1504 
462 I 40466091 1504 
463 I 40476337 1504 
464 I 40477436 1504 
465 I 40645463 1504 
466 I 40768987 1504 
467 I 40770001 1504 
468 I 40780711 1504 
469 I 40782121 1504 
470 I 40783489 1504 
471 I 41072017 1504 
472 I 41072915 1340 
473 I 41376444 1504 
474 I 41377377 1504 
475 I 41378428 1504 
476 I 41379541 1504 
477 I 41380720 1504 
478 I 41381823 1504 
479 I 41679602 1504 
480 I 41680707 1504 
481 I 41681865 1504 
482 I 41682846 1504 
483 I 41683903 1504 
484 I 41684976 1504 
485 I 41686092 1504 
486 I 41985003 1504 
487 I 41986715 1504 
488 I 41987792 1504 
489 I 41988878 1504 
490 I 41989911 1504 
491 I 42292265 1504 
492 I 42293571 1504 
493 I 42294653 1504 
494 I 42596993 1504 
495 I 42597977 1504 
496 I 42598991 1504 
497 I 42724569 1504 
498 I 42900998 1504 
499 I 42902106 1504 
500 I 43028141 1504 
501 I 43029170 1504 
502 I 43206803 1504 
503 I 43207895 1504 
504 I 43208918 1504 
505 I 43332380 1504 
506 I 43333376 1504 
507 I 43509986 1504 
508 I 43510992 1504 
509 I 43635236 1504 
510 I 43636219 1504 
511 I 43927123 1504 
512 I 43928163 1504 
513 I 43929294 1504 
514 I 44146701 1504 
515 I 44229180 1504 
516 I 44231071 1504 
517 I 44448519 1504 
518 I 44532100 1504 
519 I 44752172 1504 
520 I 44835423 1504 
521 I 45053868 1340 
522 I 45569098 1504 
523 I 45570224 1504 
524 I 46666083 1504 
525 I 46969915 1504 
526 I 46970928 1504 
527 I 47274063 1504 
528 I 47275132 1504 
529 I 47578120 1504 
530 I 47579250 1504 
531 I 47882928 1504 
532 I 47884050 1504 
533 I 47885201 1504 
534 I 48187646 1504 
535 I 48188895 1504 
536 I 48302424 1504 
537 I 48491534 1504 
538 I 48492495 1504 
539 I 48493618 1504 
540 I 48739471 1504 
541 I 48794382 1504 
542 I 48795477 1504 
543 I 48849385 1504 
544 I 49097131 1504 
545 I 49098386 1504 
546 I 49153645 1504 
547 I 49154750 1504 
548 I 49155779 1504 
549 I 49400563 1504 
550 I 49401660 1504 
551 I 49457476 1504 
552 I 49458587 1504 
553 I 49614741 1504 
554 I 49703746 1504 
555 I 49704869 1504 
556 I 49761806 1504 
557 I 49762854 1504 
558 I 49763931 1504 
559 I 50006118 1504 
560 I 50007186 1504 
561 I 50051834 1504 
562 I 50065836 1504 
563 I 50066944 1504 
564 I 50271008 1504 
565 I 50309116 1504 
566 I 50310046 1504 
567 I 50367999 1340 
568 I 50670661 1504 
569 I 50671745 1504 
570 I 50672842 1504 
571 I 50673798 1504 
572 I 50674888 1504 
573 I 50676321 1504 
574 I 50677530 1504 
575 I 50974546 1504 
576 I 50975576 1504 
577 I 50976670 1504 
578 I 50977790 1504 
579 I 50978995 1504 
580 I 50980015 1504 
581 I 51145712 1504 
582 I 51278059 1504 
583 I 51279411 1504 
584 I 51280737 1504 
585 I 51283022 1504 
586 I 51284005 1504 
587 I 51286868 1504 
588 I 51287984 1504 
589 I 51581715 1504 
590 I 51582978 1504 
591 I 51584095 1504 
592 I 51585254 1504 
593 I 51586787 1504 
594 I 51587906 1504 
595 I 51590682 1504 
596 I 51591839 1504 
597 I 51886377 1504 
598 I 51887389 1504 
599 I 51888542 1504 
600 I 51889569 1504 
601 I 51890776 1504 
602 I 51891775 1504 
603 I 51892998 1504 
604 I 51896109 1504 
605 I 51897148 1504 
606 I 52192879 1504 
607 I 52193890 1504 
608 I 52194973 1504 
609 I 52196091 1504 
610 I 52197167 1504 
611 I 52198185 1504 
612 I 52199453 1504 
613 I 52200509 1504 
614 I 52497440 1504 
615 I 52499947 1340 
616 I 52803366 1504 
617 I 52804548 1504 
618 I 52805631 1504 
619 I 52806602 1504 
620 I 52807783 1504 
621 I 53107599 1504 
622 I 53108884 1504 
623 I 53109882 1504 
624 I 53110865 1504 
625 I 53224602 1504 
626 I 53411597 1504 
627 I 53412670 1504 
628 I 53413707 1504 
629 I 53526075 1504 
630 I 53715664 1504 
631 I 53828330 1504 
632 I 53829370 1504 
633 I 54131588 1504 
634 I 54132701 1504 
635 I 54317328 1504 
636 I 54435088 1504 
637 I 54436127 1504 
638 I 54437044 1504 
639 I 54738418 1504 
640 I 54739514 1504 
641 I 55041630 1504 
642 I 55042504 1504 
643 I 55043413 1504 
644 I 55344332 1504 
645 I 55346165 1504 
646 I 55648413 1504 
647 I 55649388 1504 
648 I 56067577 1504 
649 I 56068573 1504 
650 I 56370530 1504 
651 I 56373187 1504 
652 I 56675804 1504 
653 I 56676943 1504 
654 I 56980514 1504 
655 I 56981597 1504 
656 I 57283369 1504 
657 I 57284788 1504 
658 I 57586569 1504 
659 I 57587682 1504 
660 I 57588731 1504 
661 I 57889253 1504 
662 I 57890502 1504 
663 I 58036777 1504 
664 I 58197396 1340 
665 I 58695197 1504 
666 I 58696083 1504 
667 I 58697252 1504 
668 I 58698097 1504 
669 I 58998158 1504 
670 I 58999175 1504 
671 I 59000547 1504 
672 I 59001657 1504 
673 I 59302907 1504 
674 I 59303981 1504 
675 I 59305025 1504 
676 I 59311668 1504 
677 I 59312670 1504 
678 I 59606565 1504 
679 I 59607763 1504 
680 I 59614715 1504 
681 I 59615818 1504 
682 I 59786203 1504 
683 I 59910837 1504 
684 I 59911857 1504 
685 I 59912933 1504 
686 I 59921337 1504 
687 I 59922367 1504 
688 I 60216997 1504 
689 I 60218176 1504 
690 I 60223280 1504 
691 I 60225049 1504 
692 I 60226081 1504 
693 I 60518876 1504 
694 I 60522117 1504 
695 I 60525037 1504 
696 I 60824144 1504 
697 I 60825176 1504 
698 I 60989493 1504 
699 I 61127243 1504 
700 I 61128391 1504 
701 I 61129551 1504 
702 I 61427006 1504 
703 I 61431827 1504 
704 I 61433049 1504 
705 I 61645691 1504 
706 I 61733632 1504 
707 I 61734783 1504 
708 I 61755261 1504 
709 I 61756304 1504 
710 I 62037493 1504 
711 I 62038568 1340 
712 I 62342999 1504 
713 I 62344062 1504 
714 I 62345310 1504 
715 I 62346061 1504 
716 I 62347320 1504 
717 I 62647213 1504 
718 I 62648234 1504 
719 I 62649379 1504 
720 I 62650382 1504 
721 I 62651567 1504 
722 I 62848885 1504 
723 I 62950975 1504 
724 I 62952056 1504 
725 I 62953234 1504 
726 I 62954224 1504 
727 I 63067910 1504 
728 I 63254228 1504 
729 I 63255217 1504 
730 I 63256100 1504 
731 I 63260216 1504 
732 I 63261364 1504 
733 I 63370197 1504 
734 I 63371437 1504 
735 I 63561107 1504 
736 I 63562036 1504 
737 I 63563379 1504 
738 I 63564406 1504 
739 I 63672530 1504 
740 I 63673633 1504 
741 I 63838344 1504 
742 I 63867292 1504 
743 I 63868501 1504 
744 I 63869455 1504 
745 I 63870550 1504 
746 I 63871525 1504 
747 I 63975881 1504 
748 I 63977074 1504 
749 I 64169034 1504 
750 I 64170033 1504 
751 I 64171249 1504 
752 I 64172420 1504 
753 I 64175608 1504 
754 I 64176642 1504 
755 I 64281618 1504 
756 I 64282555 1340 
757 I 64583715 1504 
758 I 64887958 1504 
759 I 64889071 1504 
760 I 64890163 1504 
761 I 64891197 1504 
762 I 65191791 1504 
763 I 65192880 1504 
764 I 65193899 1504 
765 I 65194990 1504 
766 I 65495479 1504 
767 I 65496518 1504 
768 I 65497542 1504 
769 I 65498622 1504 
770 I 65499712 1504 
771 I 65798407 1504 
772 I 65799448 1504 
773 I 65801656 1504 
774 I 65802677 1504 
775 I 65911486 1504 
776 I 66101324 1504 
777 I 66102511 1504 
778 I 66103485 1504 
779 I 66104499 1504 
780 I 66105743 1504 
781 I 66348845 1504 
782 I 66404611 1504 
783 I 66405725 1504 
784 I 66407153 1504 
785 I 66408371 1504 
786 I 66567981 1504 
787 I 66706544 1504 
788 I 66707818 1504 
789 I 66709348 1504 
790 I 66710396 1504 
791 I 66711702 1504 
792 I 66870778 1504 
793 I 66871868 1504 
794 I 67010564 1504 
795 I 67011534 1504 
796 I 67013649 1504 
797 I 67014783 1504 
798 I 67172445 1504 
799 I 67173609 1504 
800 I 67314054 1504 
801 I 67314934 1504 
802 I 67322424 1340 
803 I 67771625 1504 
804 I 67772739 1504 
805 I 67773692 1504 
806 I 67774921 1504 
807 I 67775747 1504 
808 I 67776751 1504 
809 I 67777897 1504 
810 I 67779359 1504 
811 I 68075536 1504 
812 I 68076677 1504 
813 I 68077638 1504 
814 I 68078930 1504 
815 I 68079893 1504 
816 I 68080881 1504 
817 I 68082039 1504 
818 I 68083212 1504 
819 I 68380213 1504 
820 I 68381139 1504 
821 I 68382373 1504 
822 I 68383303 1504 
823 I 68384443 1504 
824 I 68385684 1504 
825 I 68386713 1504 
826 I 68387915 1504 
827 I 68388699 1504 
828 I 68691522 1504 
829 I 68692726 1504 
830 I 68693801 1504 
831 I 68694714 1504 
832 I 68697816 1504 
833 I 68698996 1504 
834 I 68699977 1504 
835 I 68701078 1504 
836 I 68994931 1504 
837 I 68996025 1504 
838 I 68997751 1504 
839 I 68998821 1504 
840 I 69000775 1504 
841 I 69001762 1504 
842 I 69002852 1504 
843 I 69301059 1504 
844 I 69302107 1504 
845 I 69304021 1504 
846 I 69305073 1504 
847 I 69520583 1504 
848 I 69606450 1340 
849 I 69607506 1504 
850 I 69910426 1504 
851 I 69911629 1504 
852 I 70214879 1504 
853 I 70215967 1504 
854 I 70217064 1504 
855 I 70518724 1504 
856 I 70519767 1504 
857 I 70723557 1504 
858 I 70944434 1504 
859 I 70945506 1504 
860 I 71025626 1504 
861 I 71249058 1504 
862 I 71250121 1504 
863 I 71328679 1504 
864 I 71631689 1504 
865 I 71632746 1504 
866 I 71935453 1504 
867 I 71936444 1504 
868 I 72239852 1504 
869 I 72240788 1504 
870 I 72241871 1504 
871 I 72543478 1504 
872 I 72544634 1504 
873 I 72694337 1504 
874 I 72847386 1504 
875 I 72848495 1504 
876 I 72849625 1504 
877 I 73130116 1504 
878 I 73151362 1504 
879 I 73152627 1504 
880 I 73350037 1504 
881 I 73454584 1504 
882 I 73455622 1504 
883 I 73456547 1504 
884 I 73567289 1504 
885 I 73757443 1504 
886 I 73758469 1504 
887 I 73759529 1504 
888 I 73760599 1504 
889 I 74005234 1504 
890 I 74062237 1504 
891 I 74307781 1504 
892 I 74364967 1504 
893 I 74365969 1504 
894 I 74609433 1504 
895 I 74667818 1504 
896 I 74971182 1504 
897 I 74971881 1340 
898 I 75275062 1504 
899 I 75276162 1504 
900 I 75277167 1504 
901 I 75578967 1504 
902 I 75580099 1504 
903 I 75754723 1504 
904 I 75755920 1504 
905 I 75884640 1504 
906 I 75885696 1504 
907 I 76059223 1504 
908 I 76060217 1504 
909 I 76188003 1504 
910 I 76189018 1504 
911 I 76362391 1504 
912 I 76363436 1504 
913 I 76364573 1504 
914 I 76491172 1504 
915 I 76491897 1504 
916 I 76666783 1504 
917 I 76667830 1504 
918 I 76793702 1504 
919 I 76794811 1504 
920 I 76848846 1504 
921 I 76971039 1504 
922 I 76972337 1504 
923 I 77096769 1504 
924 I 77097819 1504 
925 I 77098925 1504 
926 I 77273890 1504 
927 I 77274835 1504 
928 I 77395771 1504 
929 I 77399940 1504 
930 I 77401006 1504 
931 I 77576816 1504 
932 I 77577907 1504 
933 I 77697773 1504 
934 I 77698876 1504 
935 I 77702919 1504 
936 I 77704093 1504 
937 I 77705034 1504 
938 I 77879942 1504 
939 I 77880997 1504 
940 I 78006015 1504 
941 I 78007155 1504 
942 I 78011447 1340 
943 I 78490419 1504 
944 I 78491404 1504 
945 I 78492481 1504 
946 I 78493514 1504 
947 I 78494653 1504 
948 I 78495738 1504 
949 I 78496995 1504 
950 I 78795054 1504 
951 I 78796181 1504 
952 I 78797330 1504 
953 I 78798616 1504 
954 I 78799727 1504 
955 I 78800852 1504 
956 I 78801928 1504 
957 I 79097991 1504 
958 I 79099134 1504 
959 I 79100160 1504 
960 I 79101833 1504 
961 I 79102977 1504 
962 I 79104013 1504 
963 I 79405183 1504 
964 I 79406342 1504 
965 I 79407371 1504 
966 I 79408447 1504 
967 I 79710946 1504 
968 I 79712094 1504 
969 I 79713122 1504 
970 I 80013136 1504 
971 I 80014971 1504 
972 I 80015896 1504 
973 I 80318023 1504 
974 I 80319259 1504 
975 I 80622275 1504 
976 I 80623471 1504 
977 I 80624450 1504 
978 I 80925188 1504 
979 I 80926229 1504 
980 I 81114128 1504 
981 I 81229567 1504 
982 I 81230680 1504 
983 I 81231685 1504 
984 I 81533015 1504 
985 I 81534007 1504 
986 I 81536947 1504 
987 I 81538004 1504 
988 I 82514707 1504 
989 I 82974094 1340 
990 I 83414907 1504 
991 I 83415605 1504 
992 I 83416653 1504 
993 I 83718809 1504 
994 I 83719883 1504 
995 I 83849826 1504 
996 I 84023898 1504 
997 I 84024855 1504 
998 I 84287238 1504 
999 I 84288387 1504 
1000 I 84327047 1504 
1001 I 84328136 1504 
1002 I 84591125 1504 
1003 I 84591944 1504 
1004 I 84630897 1504 
1005 I 84631911 1504 
1006 I 84894098 1504 
1007 I 84895105 1504 
1008 I 84896169 1504 
1009 I 84934201 1504 
1010 I 84935369 1504 
1011 I 85197140 1504 
1012 I 85198216 1504 
1013 I 85236947 1504 
1014 I 85238130 1504 
1015 I 85380345 1504 
1016 I 85501761 1504 
1017 I 85502898 1504 
1018 I 85539944 1504 
1019 I 85540899 1504 
1020 I 85542052 1504 
1021 I 85804909 1504 
1022 I 85805977 1504 
1023 I 85842860 1504 
1024 I 85843849 1504 
1025 I 85851279 1504 
1026 I 85852503 1504 
1027 I 86109075 1504 
1028 I 86110101 1504 
1029 I 86147291 1504 
1030 I 86147943 1504 
1031 I 86157430 1504 
1032 I 86158554 1504 
1033 I 86159704 1504 
1034 I 86413952 1340 
1035 I 86911856 1504 
1036 I 86912902 1504 
1037 I 86914020 1504 
1038 I 86915135 1504 
1039 I 86916235 1504 
1040 I 86917332 1504 
1041 I 86918388 1504 
1042 I 87215077 1504 
1043 I 87216182 1504 
1044 I 87218189 1504 
1045 I 87219200 1504 
1046 I 87220476 1504 
1047 I 87221586 1504 
1048 I 87222572 1504 
1049 I 87348678 1504 
1050 I 87518455 1504 
1051 I 87519577 1504 
1052 I 87522594 1504 
1053 I 87523752 1504 
1054 I 87524796 1504 
1055 I 87525895 1504 
1056 I 87651532 1504 
1057 I 87652489 1504 
1058 I 87821991 1504 
1059 I 87823021 1504 
1060 I 87825657 1504 
1061 I 87826921 1504 
1062 I 87955048 1504 
1063 I 87956191 1504 
1064 I 87957298 1504 
1065 I 88123586 1504 
1066 I 88125823 1504 
1067 I 88127428 1504 
1068 I 88130046 1504 
1069 I 88257354 1504 
1070 I 88260989 1504 
1071 I 88262002 1504 
1072 I 88442012 1504 
1073 I 88564098 1504 
1074 I 88565220 1504 
1075 I 88566410 1504 
1076 I 88745274 1504 
1077 I 88746477 1504 
1078 I 88870602 1504 
1079 I 89047750 1504 
1080 I 89048913 1504 
1081 I 89050187 1504 
1082 I 89172368 1340 
1083 I 89475744 1504 
1084 I 89476970 1504 
1085 I 89477995 1504 
1086 I 89779764 1504 
1087 I 89780887 1504 
1088 I 89973764 1504 
1089 I 90084752 1504 
1090 I 90085795 1504 
1091 I 90388151 1504 
1092 I 90389233 1504 
1093 I 90390231 1504 
1094 I 90520810 1504 
1095 I 90691250 1504 
1096 I 90692055 1504 
1097 I 90823268 1504 
1098 I 90824333 1504 
1099 I 90995024 1504 
1100 I 90996304 1504 
1101 I 90997465 1504 
1102 I 91128162 1504 
1103 I 91129235 1504 
1104 I 91299667 1504 
1105 I 91300573 1504 
1106 I 91431017 1504 
1107 I 91431939 1504 
1108 I 91601391 1504 
1109 I 91602575 1504 
1110 I 91723571 1504 
1111 I 91733544 1504 
1112 I 91734712 1504 
1113 I 91735806 1504 
1114 I 91906915 1504 
1115 I 91908044 1504 
1116 I 92036981 1504 
1117 I 92038083 1504 
1118 I 92039155 1504 
1119 I 92040235 1504 
1120 I 92210891 1504 
1121 I 92211948 1504 
1122 I 92343316 1504 
1123 I 92344337 1504 
1124 I 92345380 1504 
1125 I 92346544 1504 
1126 I 92347542 1504 
1127 I 92513629 1340 
1128 I 92816120 1504 
1129 I 92817182 1504 
1130 I 92818135 1504 
1131 I 92819461 1504 
1132 I 92820545 1504 
1133 I 92821752 1504 
1134 I 92822409 1504 
1135 I 93120539 1504 
1136 I 93121627 1504 
1137 I 93122754 1504 
1138 I 93123749 1504 
1139 I 93124851 1504 
1140 I 93125926 1504 
1141 I 93127015 1504 
1142 I 93255331 1504 
1143 I 93426005 1504 
1144 I 93427051 1504 
1145 I 93428148 1504 
1146 I 93429203 1504 
1147 I 93430590 1504 
1148 I 93559477 1504 
1149 I 93737532 1504 
1150 I 93738832 1504 
1151 I 93739836 1504 
1152 I 94020671 1504 
1153 I 94041059 1504 
1154 I 94042084 1504 
1155 I 94239217 1504 
1156 I 94240535 1504 
1157 I 94344405 1504 
1158 I 94345430 1504 
1159 I 94348368 1504 
1160 I 94542823 1504 
1161 I 94543942 1504 
1162 I 94652222 1504 
1163 I 94653324 1504 
1164 I 94796576 1504 
1165 I 94847325 1504 
1166 I 94848312 1504 
1167 I 94849433 1504 
1168 I 94955832 1504 
1169 I 94956858 1504 
1170 I 95150540 1504 
1171 I 95151622 1504 
1172 I 95152693 1504 
1173 I 95452729 1504 
1174 I 95454642 1340 
1175 I 95754880 1504 
1176 I 95755914 1504 
1177 I 96058365 1504 
1178 I 96059392 1504 
1179 I 96362477 1504 
1180 I 96363611 1504 
1181 I 96668648 1504 
1182 I 96669754 1504 
1183 I 96972614 1504 
1184 I 96973668 1504 
1185 I 96974889 1504 
1186 I 97280370 1504 
1187 I 97281472 1504 
1188 I 97410994 1504 
1189 I 97583450 1504 
1190 I 97584409 1504 
1191 I 97585575 1504 
1192 I 97848905 1504 
1193 I 97891752 1504 
1194 I 97893238 1504 
1195 I 98043266 1504 
1196 I 98195068 1504 
1197 I 98196193 1504 
1198 I 98352771 1504 
1199 I 98353832 1504 
1200 I 98354990 1504 
1201 I 98499097 1504 
1202 I 98654647 1504 
1203 I 98664977 1504 
1204 I 98666266 1504 
1205 I 98809588 1504 
1206 I 98973802 1504 
1207 I 99250335 1504 
1208 I 99251424 1504 
1209 I 99455254 1504 
1210 I 99553435 1504 
1211 I 99554516 1504 
1212 I 99856979 1504 
1213 I 99858007 1504 
1214 I 99859145 1504 
1215 I 100165177 1504 
1216 I 100165982 1504 
1217 I 100167125 1504 
1218 I 100467598 1504 
1219 I 100658594 1504 
1220 I 100960275 1504 
1221 I 101161946 1504 
1222 I 101162982 1504 
1223 I 101466424 1340 
1224 I 101927900 1504 
1225 I 101928919 1504 
1226 I 101930021 1504 
1227 I 101931070 1504 
1228 I 102231068 1504 
1229 I 102232223 1504 
1230 I 102233240 1504 
1231 I 102234336 1504 
1232 I 102534265 1504 
1233 I 102535357 1504 
1234 I 102536568 1504 
1235 I 102537688 1504 
1236 I 102538724 1504 
1237 I 102838207 1504 
1238 I 102839198 1504 
1239 I 102840356 1504 
1240 I 102841499 1504 
1241 I 103020141 1504 
1242 I 103143228 1504 
1243 I 103144246 1504 
1244 I 103146671 1504 
1245 I 103147719 1504 
1246 I 103446036 1504 
1247 I 103446988 1504 
1248 I 103448121 1504 
1249 I 103452432 1504 
1250 I 103453412 1504 
1251 I 103567471 1504 
1252 I 103750685 1504 
1253 I 103751545 1504 
1254 I 103755273 1504 
1255 I 103756391 1504 
1256 I 103869088 1504 
1257 I 103870162 1504 
1258 I 104053677 1504 
1259 I 104054760 1504 
1260 I 104055810 1504 
1261 I 104059160 1504 
1262 I 104060171 1504 
1263 I 104173290 1504 
1264 I 104174411 1504 
1265 I 104356716 1504 
1266 I 104357962 1504 
1267 I 104361069 1504 
1268 I 104361905 1340 
1269 I 104666178 1504 
1270 I 104667321 1504 
1271 I 104668380 1504 
1272 I 104669526 1504 
1273 I 104670575 1504 
1274 I 104671752 1504 
1275 I 104672899 1504 
1276 I 104673800 1504 
1277 I 104972858 1504 
1278 I 104973916 1504 
1279 I 104975171 1504 
1280 I 104976309 1504 
1281 I 104978154 1504 
1282 I 104979268 1504 
1283 I 104982497 1504 
1284 I 104983528 1504 
1285 I 105276818 1504 
1286 I 105277862 1504 
1287 I 105279188 1504 
1288 I 105280245 1504 
1289 I 105284631 1504 
1290 I 105285775 1504 
1291 I 105286796 1504 
1292 I 105287846 1504 
1293 I 105289055 1504 
1294 I 105579841 1504 
1295 I 105580864 1504 
1296 I 105582128 1504 
1297 I 105583318 1504 
1298 I 105598326 1504 
1299 I 105599520 1504 
1300 I 105600296 1504 
1301 I 105882682 1504 
1302 I 105883700 1504 
1303 I 105885366 1504 
1304 I 105886529 1504 
1305 I 105900215 1504 
1306 I 105902239 1504 
1307 I 105903263 1504 
1308 I 106185949 1504 
1309 I 106205364 1504 
1310 I 106206373 1504 
1311 I 106207418 1504 
1312 I 106219828 1504 
1313 I 106509924 1504 
1314 I 106510818 1340 
1315 I 106521848 1504 
1316 I 106825765 1504 
1317 I 106826900 1504 
1318 I 107130766 1504 
1319 I 107131894 1504 
1320 I 107133039 1504 
1321 I 107434636 1504 
1322 I 107435833 1504 
1323 I 107614459 1504 
1324 I 107738922 1504 
1325 I 107740018 1504 
1326 I 107741251 1504 
1327 I 107942228 1504 
1328 I 108042392 1504 
1329 I 108043687 1504 
1330 I 108161926 1504 
1331 I 108344379 1504 
1332 I 108345363 1504 
1333 I 108465166 1504 
1334 I 108466314 1504 
1335 I 108467796 1504 
1336 I 108647377 1504 
1337 I 108648402 1504 
1338 I 108769882 1504 
1339 I 108771087 1504 
1340 I 108927293 1504 
1341 I 108952665 1504 
1342 I 108953885 1504 
1343 I 109145454 1504 
1344 I 109146563 1504 
1345 I 109229612 1504 
1346 I 109255816 1504 
1347 I 109256892 1504 
1348 I 109448160 1504 
1349 I 109449458 1504 
1350 I 109534070 1504 
1351 I 109752557 1504 
1352 I 109753490 1504 
1353 I 110054274 1504 
1354 I 110056590 1504 
1355 I 110356025 1504 
1356 I 110357113 1504 
1357 I 110659739 1504 
1358 I 110660865 1504 
1359 I 110964137 1504 
1360 I 110965287 1504 
1361 I 111267233 1504 
1362 I 111268359 1340 
1363 I 111570555 1504 
1364 I 111571609 1504 
1365 I 111572690 1504 
1366 I 111873912 1504 
1367 I 111875030 1504 
1368 I 111990223 1504 
1369 I 111991331 1504 
1370 I 112177266 1504 
1371 I 112178233 1504 
1372 I 112294341 1504 
1373 I 112295425 1504 
1374 I 112480386 1504 
1375 I 112481518 1504 
1376 I 112598512 1504 
1377 I 112599324 1504 
1378 I 112784652 1504 
1379 I 112785902 1504 
1380 I 112786899 1504 
1381 I 112908897 1504 
1382 I 112909650 1504 
1383 I 113088097 1504 
1384 I 113089193 1504 
1385 I 113212800 1504 
1386 I 113213915 1504 
1387 I 113389992 1504 
1388 I 113391039 1504 
1389 I 113516016 1504 
1390 I 113517169 1504 
1391 I 113518235 1504 
1392 I 113629753 1504 
1393 I 113694702 1504 
1394 I 113695671 1504 
1395 I 113820159 1504 
1396 I 113821175 1504 
1397 I 113957857 1504 
1398 I 113997507 1504 
1399 I 113998470 1504 
1400 I 114123479 1504 
1401 I 114124849 1504 
1402 I 114260910 1504 
1403 I 114300398 1504 
1404 I 114426967 1504 
1405 I 114602479 1504 
1406 I 114603685 1504 
1407 I 114912202 1504 
1408 I 114913057 1340 
1409 I 115217236 1504 
1410 I 115218315 1504 
1411 I 115219368 1504 
1412 I 115220619 1504 
1413 I 115520741 1504 
1414 I 115521626 1504 
1415 I 115524649 1504 
1416 I 115525806 1504 
1417 I 115526852 1504 
1418 I 115824313 1504 
1419 I 115825255 1504 
1420 I 115827624 1504 
1421 I 115828763 1504 
1422 I 116036765 1504 
1423 I 116127678 1504 
1424 I 116128869 1504 
1425 I 116339770 1504 
1426 I 116430886 1504 
1427 I 116431896 1504 
1428 I 116432951 1504 
1429 I 116642469 1504 
1430 I 116734910 1504 
1431 I 116735931 1504 
1432 I 117041210 1504 
1433 I 117042197 1504 
1434 I 117239097 1504 
1435 I 117345738 1504 
1436 I 117346816 1504 
1437 I 117347932 1504 
1438 I 117648381 1504 
1439 I 117649457 1504 
1440 I 117653276 1504 
1441 I 117654286 1504 
1442 I 117952316 1504 
1443 I 117953428 1504 
1444 I 117957276 1504 
1445 I 117958382 1504 
1446 I 117959435 1504 
1447 I 118255159 1504 
1448 I 118256337 1504 
1449 I 118261183 1504 
1450 I 118262136 1504 
1451 I 118442949 1504 
1452 I 118559345 1504 
1453 I 118560480 1504 
1454 I 118568257 1504 
1455 I 118569148 1340 
1456 I 118989565 1504 
1457 I 118990699 1504 
1458 I 118991756 1504 
1459 I 118992751 1504 
1460 I 118993818 1504 
1461 I 118994852 1504 
1462 I 119292927 1504 
1463 I 119294000 1504 
1464 I 119295214 1504 
1465 I 119296127 1504 
1466 I 119297185 1504 
1467 I 119298300 1504 
1468 I 119597284 1504 
1469 I 119598352 1504 
1470 I 119599425 1504 
1471 I 119600594 1504 
1472 I 119601658 1504 
1473 I 119602752 1504 
1474 I 119603835 1504 
1475 I 119901817 1504 
1476 I 119902832 1504 
1477 I 119904185 1504 
1478 I 119905132 1504 
1479 I 119906304 1504 
1480 I 119907443 1504 
1481 I 120082909 1504 
1482 I 120205952 1504 
1483 I 120207017 1504 
1484 I 120209356 1504 
1485 I 120210361 1504 
1486 I 120211474 1504 
1487 I 120212555 1504 
1488 I 120213636 1504 
1489 I 120511979 1504 
1490 I 120513104 1504 
1491 I 120514289 1504 
1492 I 120515579 1504 
1493 I 120516617 1504 
1494 I 120517428 1504 
1495 I 120518477 1504 
1496 I 120519536 1504 
1497 I 120816364 1504 
1498 I 120817497 1504 
1499 I 120819505 1504 
1500 I 120820321 1340 
1501 I 121128472 1504 
1502 I 121129466 1504 
1503 I 121130519 1504 
1504 I 121131681 1504 
1505 I 121132688 1504 
1506 I 121133952 1504 
1507 I 121432568 1504 
1508 I 121433720 1504 
1509 I 121434692 1504 
1510 I 121435836 1504 
1511 I 121436841 1504 
1512 I 121438044 1504 
1513 I 121735589 1504 
1514 I 121736604 1504 
1515 I 121737676 1504 
1516 I 121738932 1504 
1517 I 121739999 1504 
1518 I 121740918 1504 
1519 I 121741985 1504 
1520 I 121743034 1504 
1521 I 122037256 1504 
1522 I 122045334 1504 
1523 I 122046589 1504 
1524 I 122047632 1504 
1525 I 122161437 1504 
1526 I 122348325 1504 
1527 I 122349208 1504 
1528 I 122350379 1504 
1529 I 122351538 1504 
1530 I 122598424 1504 
1531 I 122599544 1504 
1532 I 122654915 1504 
1533 I 122656028 1504 
1534 I 122657076 1504 
1535 I 122658307 1504 
1536 I 122901328 1504 
1537 I 122902385 1504 
1538 I 122958232 1504 
1539 I 122959324 1504 
1540 I 122962753 1504 
1541 I 122963644 1504 
1542 I 123204917 1504 
1543 I 123205887 1504 
1544 I 123207043 1504 
1545 I 123261988 1340 
1546 I 123565113 1504 
1547 I 123566175 1504 
1548 I 123868942 1504 
1549 I 123869849 1504 
1550 I 123870915 1504 
1551 I 124173390 1504 
1552 I 124174654 1504 
1553 I 124476338 1504 
1554 I 124477394 1504 
1555 I 124781239 1504 
1556 I 124782315 1504 
1557 I 125085522 1504 
1558 I 125086560 1504 
1559 I 125388155 1504 
1560 I 125389242 1504 
1561 I 125390227 1504 
1562 I 125691288 1504 
1563 I 125692205 1504 
1564 I 125879979 1504 
1565 I 126001167 1504 
1566 I 126002203 1504 
1567 I 126003431 1504 
1568 I 126304536 1504 
1569 I 126305585 1504 
1570 I 126306737 1504 
1571 I 126307721 1504 
1572 I 126609101 1504 
1573 I 126610262 1504 
1574 I 126611320 1504 
1575 I 126612363 1504 
1576 I 126923289 1504 
1577 I 126924334 1504 
1578 I 127226100 1504 
1579 I 127529193 1504 
1580 I 127832469 1504 
1581 I 128135913 1504 
1582 I 128136983 1504 
1583 I 128438641 1504 
1584 I 128439724 1504 
1585 I 128741710 1504 
1586 I 128742800 1504 
1587 I 129044571 1504 
1588 I 129045556 1504 
1589 I 129046697 1504 
1590 I 129347321 1504 
1591 I 129348341 1504 
1592 I 129489468 1504 
1593 I 129651591 1504 
1594 I 129652827 1504 
1595 I 129653772 1340 
1596 I 130146249 1504 
1597 I 130147193 1504 
1598 I 130148421 1504 
1599 I 130149310 1504 
1600 I 130449534 1504 
1601 I 130450684 1504 
1602 I 130451604 1504 
1603 I 130452833 1504 
1604 I 130453773 1504 
1605 I 130753006 1504 
1606 I 130753927 1504 
1607 I 130754968 1504 
1608 I 130756046 1504 
1609 I 130911220 1504 
1610 I 131055692 1504 
1611 I 131056738 1504 
1612 I 131058812 1504 
1613 I 131059806 1504 
1614 I 131060904 1504 
1615 I 131239250 1504 
1616 I 131358591 1504 
1617 I 131359636 1504 
1618 I 131363298 1504 
1619 I 131364301 1504 
1620 I 131542252 1504 
1621 I 131543470 1504 
1622 I 131663012 1504 
1623 I 131664053 1504 
1624 I 131668200 1504 
1625 I 131669094 1504 
1626 I 131670214 1504 
1627 I 131846364 1504 
1628 I 131847523 1504 
1629 I 131966985 1504 
1630 I 131968279 1504 
1631 I 131972055 1504 
1632 I 131973222 1504 
1633 I 132115055 1504 
1634 I 132150553 1504 
1635 I 132151634 1504 
1636 I 132270387 1504 
1637 I 132271498 1504 
1638 I 132275147 1504 
1639 I 132276326 1504 
1640 I 132277425 1340 
1641 I 132578552 1504 
1642 I 132579557 1504 
1643 I 132882917 1504 
1644 I 132883935 1504 
1645 I 132884916 1504 
1646 I 132886156 1504 
1647 I 133188390 1504 
1648 I 133189457 1504 
1649 I 133190568 1504 
1650 I 133191671 1504 
1651 I 133492305 1504 
1652 I 133493387 1504 
1653 I 133495088 1504 
1654 I 133496332 1504 
1655 I 133497823 1504 
1656 I 133795598 1504 
1657 I 133796682 1504 
1658 I 133798024 1504 
1659 I 133798983 1504 
1660 I 133974384 1504 
1661 I 134100001 1504 
1662 I 134101234 1504 
1663 I 134103377 1504 
1664 I 134104251 1504 
1665 I 134401918 1504 
1666 I 134403009 1504 
1667 I 134404188 1504 
1668 I 134405508 1504 
1669 I 134406626 1504 
1670 I 134520405 1504 
1671 I 134706605 1504 
1672 I 134707647 1504 
1673 I 134708597 1504 
1674 I 134709789 1504 
1675 I 134739252 1504 
1676 I 134959938 1504 
1677 I 134961224 1504 
1678 I 135009442 1504 
1679 I 135010493 1504 
1680 I 135012663 1504 
1681 I 135013881 1504 
1682 I 135177396 1504 
1683 I 135264743 1504 
1684 I 135265541 1504 
1685 I 135313698 1504 
1686 I 135314820 1504 
1687 I 135316720 1340 
1688 I 135619634 1504 
1689 I 135620387 1504 
1690 I 135621406 1504 
1691 I 135622504 1504 
1692 I 135623640 1504 
1693 I 135624718 1504 
1694 I 135625720 1504 
1695 I 135626921 1504 
1696 I 135922029 1504 
1697 I 135923201 1504 
1698 I 135927662 1504 
1699 I 135928928 1504 
1700 I 135930020 1504 
1701 I 135931176 1504 
1702 I 135943725 1504 
1703 I 136224268 1504 
1704 I 136225941 1504 
1705 I 136230344 1504 
1706 I 136232884 1504 
1707 I 136234068 1504 
1708 I 136235109 1504 
1709 I 136246000 1504 
1710 I 136526596 1504 
1711 I 136537064 1504 
1712 I 136538135 1504 
1713 I 136709827 1504 
1714 I 136710870 1504 
1715 I 136840199 1504 
1716 I 136841321 1504 
1717 I 137012459 1504 
1718 I 137013606 1504 
1719 I 137142599 1504 
1720 I 137143598 1504 
1721 I 137145384 1504 
1722 I 137315985 1504 
1723 I 137317018 1504 
1724 I 137445756 1504 
1725 I 137446899 1504 
1726 I 137447953 1504 
1727 I 137583387 1504 
1728 I 137619912 1504 
1729 I 137620958 1504 
1730 I 137749403 1504 
1731 I 137750558 1504 
1732 I 137886164 1504 
1733 I 137887167 1340 
1734 I 138189690 1504 
1735 I 138190837 1504 
1736 I 138192055 1504 
1737 I 138193207 1504 
1738 I 138194099 1504 
1739 I 138195157 1504 
1740 I 138196269 1504 
1741 I 138494326 1504 
1742 I 138495935 1504 
1743 I 138497118 1504 
1744 I 138498239 1504 
1745 I 138499175 1504 
1746 I 138500374 1504 
1747 I 138797368 1504 
1748 I 138801906 1504 
1749 I 138803166 1504 
1750 I 139103127 1504 
1751 I 139104632 1504 
1752 I 139407703 1504 
1753 I 139408908 1504 
1754 I 139711234 1504 
1755 I 139712294 1504 
1756 I 140014524 1504 
1757 I 140015313 1504 
1758 I 140016479 1504 
1759 I 140319029 1504 
1760 I 140320266 1504 
1761 I 140535871 1504 
1762 I 140838224 1504 
1763 I 141196168 1504 
1764 I 141629546 1504 
1765 I 141630616 1504 
1766 I 141932750 1504 
1767 I 141933707 1504 
1768 I 141934755 1504 
1769 I 142238628 1504 
1770 I 142239653 1504 
1771 I 142240698 1504 
1772 I 142542498 1504 
1773 I 142543478 1504 
1774 I 142724205 1504 
1775 I 142846351 1504 
1776 I 142847410 1504 
1777 I 142848501 1504 
1778 I 143148365 1504 
1779 I 143149375 1504 
1780 I 143151163 1504 
1781 I 143152079 1504 
1782 I 143451945 1504 
1783 I 143452962 1504 
1784 I 143454177 1504 
1785 I 143455123 1340 
1786 I 143757612 1504 
1787 I 143758772 1504 
1788 I 143759817 1504 
1789 I 143760899 1504 
1790 I 143762028 1504 
1791 I 144062272 1504 
1792 I 144063406 1504 
1793 I 144064422 1504 
1794 I 144065640 1504 
1795 I 144145685 1504 
1796 I 144366016 1504 
1797 I 144367090 1504 
1798 I 144368155 1504 
1799 I 144369239 1504 
1800 I 144370352 1504 
1801 I 144582895 1504 
1802 I 144670038 1504 
1803 I 144671131 1504 
1804 I 144672400 1504 
1805 I 144673428 1504 
1806 I 144801401 1504 
1807 I 144972133 1504 
1808 I 144973319 1504 
1809 I 144974308 1504 
1810 I 144975227 1504 
1811 I 144976197 1504 
1812 I 145103496 1504 
1813 I 145104688 1504 
1814 I 145277713 1504 
1815 I 145278839 1504 
1816 I 145279916 1504 
1817 I 145280899 1504 
1818 I 145406390 1504 
1819 I 145407675 1504 
1820 I 145567623 1504 
1821 I 145580932 1504 
1822 I 145581977 1504 
1823 I 145583079 1504 
1824 I 145584112 1504 
1825 I 145585213 1504 
1826 I 145710250 1504 
1827 I 145711346 1504 
1828 I 145882892 1504 
1829 I 145883917 1504 
1830 I 145885037 1340 
1831 I 146333711 1504 
1832 I 146334715 1504 
1833 I 146336027 1504 
1834 I 146337008 1504 
1835 I 146337948 1504 
1836 I 146339058 1504 
1837 I 146340191 1504 
1838 I 146341251 1504 
1839 I 146638535 1504 
1840 I 146639686 1504 
1841 I 146640697 1504 
1842 I 146641740 1504 
1843 I 146642886 1504 
1844 I 146643881 1504 
1845 I 146645020 1504 
1846 I 146646232 1504 
1847 I 146647327 1504 
1848 I 146942574 1504 
1849 I 146943656 1504 
1850 I 146945115 1504 
1851 I 146946157 1504 
1852 I 146947319 1504 
1853 I 146948370 1504 
1854 I 146949411 1504 
1855 I 146950563 1504 
1856 I 147098675 1504 
1857 I 147246063 1504 
1858 I 147247102 1504 
1859 I 147249100 1504 
1860 I 147250231 1504 
1861 I 147251321 1504 
1862 I 147252678 1504 
1863 I 147253741 1504 
1864 I 147254895 1504 
1865 I 147255996 1504 
1866 I 147535909 1504 
1867 I 147550171 1504 
1868 I 147551097 1504 
1869 I 147553906 1504 
1870 I 147554939 1504 
1871 I 147558218 1504 
1872 I 147559329 1504 
1873 I 147560393 1504 
1874 I 147561489 1504 
1875 I 147645608 1340 
1876 I 148083543 1504 
1877 I 148084745 1504 
1878 I 148085831 1504 
1879 I 148086773 1504 
1880 I 148087914 1504 
1881 I 148088924 1504 
1882 I 148090048 1504 
1883 I 148091133 1504 
1884 I 148092229 1504 
1885 I 148093291 1504 
1886 I 148094340 1504 
1887 I 148388481 1504 
1888 I 148389534 1504 
1889 I 148390739 1504 
1890 I 148391766 1504 
1891 I 148395377 1504 
1892 I 148396382 1504 
1893 I 148397660 1504 
1894 I 148398743 1504 
1895 I 148399888 1504 
1896 I 148401080 1504 
1897 I 148495548 1504 
1898 I 148691511 1504 
1899 I 148692571 1504 
1900 I 148694052 1504 
1901 I 148695440 1504 
1902 I 148696028 1504 
1903 I 148698794 1504 
1904 I 148699924 1504 
1905 I 148702956 1504 
1906 I 148703984 1504 
1907 I 148705135 1504 
1908 I 148797426 1504 
1909 I 148994562 1504 
1910 I 148995696 1504 
1911 I 148997131 1504 
1912 I 148998181 1504 
1913 I 148999271 1504 
1914 I 149001408 1504 
1915 I 149003151 1504 
1916 I 149005217 1504 
1917 I 149007557 1504 
1918 I 149008444 1504 
1919 I 149304694 1504 
1920 I 149305696 1504 
1921 I 149307575 1340 
1922 I 149729910 1504 
1923 I 149730962 1504 
1924 I 149731979 1504 
1925 I 149733046 1504 
1926 I 149734223 1504 
1927 I 149735261 1504 
1928 I 150033174 1504 
1929 I 150034147 1504 
1930 I 150036599 1504 
1931 I 150038085 1504 
1932 I 150335953 1504 
1933 I 150336881 1504 
1934 I 150340442 1504 
1935 I 150341796 1504 
1936 I 150343075 1504 
1937 I 150644544 1504 
1938 I 150645650 1504 
1939 I 150646686 1504 
1940 I 150817276 1504 
1941 I 150948740 1504 
1942 I 150949838 1504 
1943 I 151120271 1504 
1944 I 151121363 1504 
1945 I 151251824 1504 
1946 I 151253105 1504 
1947 I 151254429 1504 
1948 I 151425149 1504 
1949 I 151426201 1504 
1950 I 151556629 1504 
1951 I 151557640 1504 
1952 I 151692577 1504 
1953 I 151728092 1504 
1954 I 151729102 1504 
1955 I 151860642 1504 
1956 I 151861556 1504 
1957 I 151862632 1504 
1958 I 152029946 1504 
1959 I 152031072 1504 
1960 I 152163936 1504 
1961 I 152164946 1504 
1962 I 152166205 1504 
1963 I 152167279 1504 
1964 I 152457809 1504 
1965 I 152465542 1504 
1966 I 152468243 1504 
1967 I 152469354 1504 
1968 I 152470229 1340 
1969 I 152773141 1504 
1970 I 153076467 1504 
1971 I 153077613 1504 
1972 I 153379618 1504 
1973 I 153380644 1504 
1974 I 153682645 1504 
1975 I 153683799 1504 
1976 I 153987123 1504 
1977 I 153988194 1504 
1978 I 153989365 1504 
1979 I 154290404 1504 
1980 I 154291222 1504 
1981 I 154427207 1504 
1982 I 154594120 1504 
1983 I 154595320 1504 
1984 I 154596262 1504 
1985 I 154864169 1504 
1986 I 154898448 1504 
1987 I 154899509 1504 
1988 I 155083381 1504 
1989 I 155200941 1504 
1990 I 155202014 1504 
1991 I 155385269 1504 
1992 I 155386391 1504 
1993 I 155387461 1504 
1994 I 155504404 1504 
1995 I 155505418 1504 
1996 I 155688235 1504 
1997 I 155689318 1504 
1998 I 155739319 1504 
1999 I 155808736 1504 
2000 I 155809794 1504 
2001 I 155991523 1504 
2002 I 155992655 1504 
2003 I 155993564 1504 
2004 I 156110521 1504 
2005 I 156111620 1504 
2006 I 156286211 1504 
2007 I 156413648 1504 
2008 I 156414832 1504 
2009 I 156587973 1504 
2010 I 156589174 1504 
2011 I 156716795 1504 
2012 I 156717990 1504 
2013 I 156892256 1504 
2014 I 157019805 1504 
2015 I 157020914 1504 
2016 I 157193806 1340 
2017 I 157218476 1504 
2018 I 157322657 1504 
2019 I 157323744 1504 
2020 I 157495882 1504 
2021 I 157523180 1504 
2022 I 157524261 1504 
2023 I 157525478 1504 
2024 I 157526488 1504 
2025 I 157527829 1504 
2026 I 157528717 1504 
2027 I 157625022 1504 
2028 I 157627537 1504 
2029 I 157797857 1504 
2030 I 157831720 1504 
2031 I 157936083 1504 
2032 I 158135831 1504 
2033 I 158136828 1504 
2034 I 158137994 1504 
2035 I 158364549 1504 
2036 I 158439150 1504 
2037 I 158440257 1504 
2038 I 158583063 1504 
2039 I 158741266 1504 
2040 I 158742527 1504 
2041 I 158743452 1504 
2042 I 158885073 1504 
2043 I 158886006 1504 
2044 I 159044196 1504 
2045 I 159045276 1504 
2046 I 159187333 1504 
2047 I 159188447 1504 
2048 I 159239362 1504 
2049 I 159347423 1504 
2050 I 159348463 1504 
2051 I 159349407 1504 
2052 I 159490144 1504 
2053 I 159491211 1504 
2054 I 159651178 1504 
2055 I 159652360 1504 
2056 I 159653549 1504 
2057 I 159654448 1504 
2058 I 159793377 1504 
2059 I 159794445 1504 
2060 I 159954635 1504 
2061 I 159955817 1504 
2062 I 159967174 1504 
2063 I 160097435 1504 
2064 I 160098402 1504 
2065 I 160099318 1340 
2066 I 160400866 1504 
2067 I 160401883 1504 
2068 I 160709068 1504 
2069 I 160709923 1504 
2070 I 160711120 1504 
2071 I 161011993 1504 
2072 I 161013132 1504 
2073 I 161014147 1504 
2074 I 161207845 1504 
2075 I 161315440 1504 
2076 I 161316406 1504 
2077 I 161427040 1504 
2078 I 161617349 1504 
2079 I 161618302 1504 
2080 I 161619614 1504 
2081 I 161649027 1504 
2082 I 161864189 1504 
2083 I 161920912 1504 
2084 I 161921918 1504 
2085 I 161951874 1504 
2086 I 161952946 1504 
2087 I 162223026 1504 
2088 I 162224124 1504 
2089 I 162262853 1504 
2090 I 162264085 1504 
2091 I 162411509 1504 
2092 I 162530795 1504 
2093 I 162531947 1504 
2094 I 162567738 1504 
2095 I 162568968 1504 
2096 I 162714468 1504 
2097 I 162833358 1504 
2098 I 162834455 1504 
2099 I 162872868 1504 
2100 I 163016728 1504 
2101 I 163142561 1504 
2102 I 163175156 1504 
2103 I 163319949 1504 
2104 I 163446113 1504 
2105 I 163749166 1504 
2106 I 163750073 1504 
2107 I 164053559 1504 
2108 I 164054745 1504 
2109 I 164358026 1504 
2110 I 164358961 1504 
2111 I 164359798 1504 
2112 I 164661305 1504 
2113 I 164662195 1340 
2114 I 164965064 1504 
2115 I 164966149 1504 
2116 I 164967251 1504 
2117 I 164968381 1504 
2118 I 165268217 1504 
2119 I 165269363 1504 
2120 I 165270562 1504 
2121 I 165271530 1504 
2122 I 165572449 1504 
2123 I 165573470 1504 
2124 I 165574614 1504 
2125 I 165575748 1504 
2126 I 165878103 1504 
2127 I 165879029 1504 
2128 I 165880125 1504 
2129 I 165881108 1504 
2130 I 165882210 1504 
2131 I 166182646 1504 
2132 I 166183673 1504 
2133 I 166184781 1504 
2134 I 166185769 1504 
2135 I 166246250 1504 
2136 I 166487816 1504 
2137 I 166488715 1504 
2138 I 166489820 1504 
2139 I 166490917 1504 
2140 I 166491762 1504 
2141 I 166676623 1504 
2142 I 166792075 1504 
2143 I 166793169 1504 
2144 I 166794267 1504 
2145 I 166795275 1504 
2146 I 166978463 1504 
2147 I 166979530 1504 
2148 I 167094995 1504 
2149 I 167096023 1504 
2150 I 167097084 1504 
2151 I 167098123 1504 
2152 I 167099197 1504 
2153 I 167281869 1504 
2154 I 167282902 1504 
2155 I 167399089 1504 
2156 I 167400078 1504 
2157 I 167402311 1504 
2158 I 167403216 1340 
2159 I 167712498 1504 
2160 I 167713634 1504 
2161 I 167714753 1504 
2162 I 167715733 1504 
2163 I 167716854 1504 
2164 I 167717894 1504 
2165 I 168015697 1504 
2166 I 168016774 1504 
2167 I 168021081 1504 
2168 I 168022098 1504 
2169 I 168023276 1504 
2170 I 168024313 1504 
2171 I 168318030 1504 
2172 I 168319508 1504 
2173 I 168320510 1504 
2174 I 168322791 1504 
2175 I 168324867 1504 
2176 I 168326041 1504 
2177 I 168329817 1504 
2178 I 168623682 1504 
2179 I 168629652 1504 
2180 I 168633437 1504 
2181 I 168634480 1504 
2182 I 168932170 1504 
2183 I 168932904 1504 
2184 I 168933819 1504 
2185 I 168937192 1504 
2186 I 168938360 1504 
2187 I 169236362 1504 
2188 I 169237356 1504 
2189 I 169240972 1504 
2190 I 169241807 1504 
2191 I 169411445 1504 
2192 I 169539312 1504 
2193 I 169540464 1504 
2194 I 169541522 1504 
2195 I 169545038 1504 
2196 I 169713581 1504 
2197 I 169842457 1504 
2198 I 169843410 1504 
2199 I 169844583 1504 
2200 I 169847711 1504 
2201 I 170145243 1504 
2202 I 170150771 1504 
2203 I 170151788 1504 
2204 I 170452668 1340 
2205 I 170942711 1504 
2206 I 170943819 1504 
2207 I 170944742 1504 
2208 I 170945838 1504 
2209 I 171247383 1504 
2210 I 171248443 1504 
2211 I 171249909 1504 
2212 I 171250908 1504 
2213 I 171550354 1504 
2214 I 171551537 1504 
2215 I 171552560 1504 
2216 I 171553574 1504 
2217 I 171554710 1504 
2218 I 171853629 1504 
2219 I 171854526 1504 
2220 I 171855612 1504 
2221 I 171856678 1504 
2222 I 172036049 1504 
2223 I 172157044 1504 
2224 I 172158089 1504 
2225 I 172159385 1504 
2226 I 172160479 1504 
2227 I 172161548 1504 
2228 I 172458891 1504 
2229 I 172459877 1504 
2230 I 172460980 1504 
2231 I 172462132 1504 
2232 I 172463537 1504 
2233 I 172464468 1504 
2234 I 172763303 1504 
2235 I 172764036 1504 
2236 I 172766910 1504 
2237 I 172768137 1504 
2238 I 172769148 1504 
2239 I 172770131 1504 
2240 I 172771224 1504 
2241 I 173070173 1504 
2242 I 173071251 1504 
2243 I 173072299 1504 
2244 I 173075681 1504 
2245 I 173076559 1504 
2246 I 173077637 1504 
2247 I 173372607 1504 
2248 I 173379049 1504 
2249 I 173382247 1504 
2250 I 173383445 1504 
2251 I 173681126 1340 
2252 I 174115043 1504 
2253 I 174116329 1504 
2254 I 174117325 1504 
2255 I 174118477 1504 
2256 I 174422569 1504 
2257 I 174423822 1504 
2258 I 174424830 1504 
2259 I 174425985 1504 
2260 I 174427234 1504 
2261 I 174727080 1504 
2262 I 174728033 1504 
2263 I 174729419 1504 
2264 I 174730432 1504 
2265 I 174879768 1504 
2266 I 175030825 1504 
2267 I 175031905 1504 
2268 I 175033668 1504 
2269 I 175034654 1504 
2270 I 175035742 1504 
2271 I 175334241 1504 
2272 I 175335393 1504 
2273 I 175336903 1504 
2274 I 175337823 1504 
2275 I 175338918 1504 
2276 I 175637117 1504 
2277 I 175639999 1504 
2278 I 175644782 1504 
2279 I 175941979 1504 
2280 I 175943033 1504 
2281 I 176082755 1504 
2282 I 176083898 1504 
2283 I 176245167 1504 
2284 I 176246152 1504 
2285 I 176386709 1504 
2286 I 176387774 1504 
2287 I 176549055 1504 
2288 I 176550471 1504 
2289 I 176739085 1504 
2290 I 176740028 1504 
2291 I 176851637 1504 
2292 I 176852746 1504 
2293 I 177043051 1504 
2294 I 177153950 1504 
2295 I 177345834 1504 
2296 I 177648698 1504 
2297 I 177649861 1504 
2298 I 177951662 1504 
2299 I 177952757 1504 
2300 I 178253814 1340 
2301 I 178709791 1504 
2302 I 178710849 1504 
2303 I 178711898 1504 
2304 I 179012655 1504 
2305 I 179013965 1504 
2306 I 179145614 1504 
2307 I 179146735 1504 
2308 I 179317156 1504 
2309 I 179318272 1504 
2310 I 179449585 1504 
2311 I 179450664 1504 
2312 I 179620912 1504 
2313 I 179622023 1504 
2314 I 179923889 1504 
2315 I 179924844 1504 
2316 I 179926045 1504 
2317 I 180227671 1504 
2318 I 180851346 1504 
2319 I 181332757 1504 
2320 I 181333772 1504 
2321 I 181636983 1504 
2322 I 181940106 1504 
2323 I 182243182 1504 
2324 I 182244521 1504 
2325 I 182547648 1504 
2326 I 182548522 1504 
2327 I 182852416 1504 
2328 I 182853334 1504 
2329 I 183156636 1504 
2330 I 183157670 1504 
2331 I 183158772 1504 
2332 I 183459816 1504 
2333 I 183461254 1504 
2334 I 183629490 1504 
2335 I 183764364 1504 
2336 I 183932207 1504 
2337 I 184066239 1504 
2338 I 184067356 1504 
2339 I 184369107 1504 
2340 I 184370193 1504 
2341 I 184673071 1504 
2342 I 184674168 1504 
2343 I 184977248 1504 
2344 I 184978424 1504 
2345 I 184979382 1504 
2346 I 185280653 1504 
2347 I 185281537 1504 
2348 I 185489242 1504 
2349 I 185584634 1504 
2350 I 185585766 1504 
2351 I 185586602 1340 
2352 I 185889403 1504 
2353 I 185890348 1504 
2354 I 185891356 1504 
2355 I 185892424 1504 
2356 I 186191984 1504 
2357 I 186193057 1504 
2358 I 186194416 1504 
2359 I 186195591 1504 
2360 I 186495243 1504 
2361 I 186496267 1504 
2362 I 186497372 1504 
2363 I 186498515 1504 
2364 I 186499541 1504 
2365 I 186798163 1504 
2366 I 186799222 1504 
2367 I 186800820 1504 
2368 I 186801849 1504 
2369 I 187022076 1504 
2370 I 187102255 1504 
2371 I 187103300 1504 
2372 I 187104456 1504 
2373 I 187105442 1504 
2374 I 187106487 1504 
2375 I 187406092 1504 
2376 I 187407362 1504 
2377 I 187409441 1504 
2378 I 187410510 1504 
2379 I 187411466 1504 
2380 I 187412570 1504 
2381 I 187709462 1504 
2382 I 187710527 1504 
2383 I 187712258 1504 
2384 I 187713306 1504 
2385 I 187714378 1504 
2386 I 187715490 1504 
2387 I 187716621 1504 
2388 I 188013687 1504 
2389 I 188014774 1504 
2390 I 188017950 1504 
2391 I 188019218 1504 
2392 I 188020101 1504 
2393 I 188021344 1504 
2394 I 188223586 1504 
2395 I 188317643 1504 
2396 I 188318619 1340 
2397 I 188773520 1504 
2398 I 188774549 1504 
2399 I 188775726 1504 
2400 I 188777112 1504 
2401 I 188778164 1504 
2402 I 188779224 1504 
2403 I 188780327 1504 
2404 I 188781345 1504 
2405 I 189077719 1504 
2406 I 189078850 1504 
2407 I 189080700 1504 
2408 I 189081827 1504 
2409 I 189087981 1504 
2410 I 189380832 1504 
2411 I 189381727 1504 
2412 I 189382721 1504 
2413 I 189383773 1504 
2414 I 189384870 1504 
2415 I 189391169 1504 
2416 I 189687913 1504 
2417 I 189688848 1504 
2418 I 189693328 1504 
2419 I 189990931 1504 
2420 I 189991789 1504 
2421 I 190294486 1504 
2422 I 190295528 1504 
2423 I 190597371 1504 
2424 I 190598369 1504 
2425 I 190599455 1504 
2426 I 191266764 1504 
2427 I 191723373 1504 
2428 I 191724451 1504 
2429 I 192026365 1504 
2430 I 192027566 1504 
2431 I 192332716 1504 
2432 I 192333994 1504 
2433 I 192636891 1504 
2434 I 192638053 1504 
2435 I 192639112 1504 
2436 I 192940855 1504 
2437 I 192941914 1504 
2438 I 193145223 1504 
2439 I 193243807 1504 
2440 I 193244862 1504 
2441 I 193246099 1504 
2442 I 193546663 1504 
2443 I 193547744 1504 
2444 I 193548883 1504 
2445 I 193549924 1504 
2446 I 193850794 1504 
2447 I 193851751 1340 
2448 I 194154813 1504 
2449 I 194155722 1504 
2450 I 194156789 1504 
2451 I 194157866 1504 
2452 I 194159016 1504 
2453 I 194458024 1504 
2454 I 194459238 1504 
2455 I 194463522 1504 
2456 I 194464454 1504 
2457 I 194676521 1504 
2458 I 194762334 1504 
2459 I 194763475 1504 
2460 I 194767845 1504 
2461 I 194768914 1504 
2462 I 194770084 1504 
2463 I 195065349 1504 
2464 I 195066399 1504 
2465 I 195072763 1504 
2466 I 195073890 1504 
2467 I 195075258 1504 
2468 I 195076363 1504 
2469 I 195369977 1504 
2470 I 195371015 1504 
2471 I 195376838 1504 
2472 I 195377908 1504 
2473 I 195379209 1504 
2474 I 195380253 1504 
2475 I 195381259 1504 
2476 I 195672898 1504 
2477 I 195673925 1504 
2478 I 195681247 1504 
2479 I 195682317 1504 
2480 I 195685493 1504 
2481 I 195686680 1504 
2482 I 195879336 1504 
2483 I 195977528 1504 
2484 I 195978503 1504 
2485 I 195986882 1504 
2486 I 195987991 1504 
2487 I 195992289 1504 
2488 I 195993518 1504 
2489 I 196279357 1504 
2490 I 196280417 1504 
2491 I 196281594 1504 
2492 I 196289013 1340 
2493 I 196593366 1504 
2494 I 196594488 1504 
2495 I 196595512 1504 
2496 I 196596545 1504 
2497 I 196597641 1504 
2498 I 196598849 1504 
2499 I 196599837 1504 
2500 I 196600974 1504 
2501 I 196897056 1504 
2502 I 196898252 1504 
2503 I 196899354 1504 
2504 I 196901186 1504 
2505 I 196902197 1504 
2506 I 196903319 1504 
2507 I 196904413 1504 
2508 I 197199003 1504 
2509 I 197214018 1504 
2510 I 197501825 1504 
2511 I 197516540 1504 
2512 I 197517643 1504 
2513 I 197805238 1504 
2514 I 197820544 1504 
2515 I 198123405 1504 
2516 I 198124439 1504 
2517 I 198427660 1504 
2518 I 198428701 1504 
2519 I 198429732 1504 
2520 I 198735279 1504 
2521 I 198736394 1504 
2522 I 198942050 1504 
2523 I 199160697 1504 
2524 I 199161750 1504 
2525 I 199245287 1504 
2526 I 199462443 1504 
2527 I 199464683 1504 
2528 I 199548606 1504 
2529 I 200578736 1504 
2530 I 202383551 1504 
2531 I 202880091 1504 
2532 I 202881179 1504 
2533 I 203184643 1504 
2534 I 203185654 1504 
2535 I 203488218 1504 
2536 I 203489067 1504 
2537 I 203792408 1504 
2538 I 203793598 1504 
2539 I 203794727 1504 
2540 I 204098205 1504 
2541 I 204400299 1504 
2542 I 204704038 1504 
2543 I 205007269 1504 
2544 I 205008443 1504 
2545 I 205310604 1340 
2546 I 205724211 1504 
2547 I 205725415 1504 
2548 I 206587917 1504 
2549 I 207035814 1504 
2550 I 207036891 1504 
2551 I 207342519 1504 
2552 I 207343472 1504 
2553 I 207646503 1504 
2554 I 207647430 1504 
2555 I 207949805 1504 
2556 I 207950737 1504 
2557 I 207951804 1504 
2558 I 208253693 1504 
2559 I 208254710 1504 
2560 I 208457744 1504 
2561 I 208557889 1504 
2562 I 208558973 1504 
2563 I 208560042 1504 
2564 I 208861556 1504 
2565 I 208863580 1504 
2566 I 209164972 1504 
2567 I 209166383 1504 
2568 I 209468165 1504 
2569 I 209663807 1504 
2570 I 209967071 1504 
2571 I 209968133 1504 
2572 I 209969282 1504 
2573 I 210271113 1504 
2574 I 210272191 1504 
2575 I 210426948 1504 
2576 I 210575082 1504 
2577 I 210576163 1504 
2578 I 210863912 1504 
2579 I 210864894 1504 
2580 I 210879255 1504 
2581 I 210880331 1504 
2582 I 211167690 1504 
2583 I 211168775 1504 
2584 I 211182797 1504 
2585 I 211183992 1504 
2586 I 211471443 1504 
2587 I 211472542 1504 
2588 I 211473790 1504 
2589 I 211486004 1504 
2590 I 211487023 1504 
2591 I 211774138 1504 
2592 I 211775212 1504 
2593 I 211789640 1340 
2594 I 212286133 1504 
2595 I 212287157 1504 
2596 I 212288226 1504 
2597 I 212289423 1504 
2598 I 212290482 1504 
2599 I 212291416 1504 
2600 I 212589064 1504 
2601 I 212590099 1504 
2602 I 212593221 1504 
2603 I 212594299 1504 
2604 I 212595510 1504 
2605 I 212596198 1504 
2606 I 212895244 1504 
2607 I 212897540 1504 
2608 I 212898570 1504 
2609 I 212899687 1504 
2610 I 213198003 1504 
2611 I 213203609 1504 
2612 I 213500826 1504 
2613 I 213505545 1504 
2614 I 213796828 1504 
2615 I 213802562 1504 
2616 I 213808747 1504 
2617 I 214100108 1504 
2618 I 214101283 1504 
2619 I 214102311 1504 
2620 I 214103293 1504 
2621 I 214104493 1504 
2622 I 214107667 1504 
2623 I 214116151 1504 
2624 I 214403589 1504 
2625 I 214404694 1504 
2626 I 214405724 1504 
2627 I 214406824 1504 
2628 I 214407876 1504 
2629 I 214409065 1504 
2630 I 214410069 1504 
2631 I 214411270 1504 
2632 I 214412333 1504 
2633 I 214419019 1504 
2634 I 214712788 1504 
2635 I 214721091 1504 
2636 I 214722235 1504 
2637 I 215024063 1504 
2638 I 215025323 1504 
2639 I 215239804 1504 
2640 I 215240855 1504 
2641 I 215328474 1504 
2642 I 215329419 1504 
2643 I 215632343 1504 
2644 I 215633374 1504 
2645 I 215634450 1504 
2646 I 215635586 1504 
2647 I 215935239 1504 
2648 I 215936388 1504 
2649 I 215937380 1504 
2650 I 215938411 1340 
2651 I 216240281 1504 
2652 I 216241538 1504 
2653 I 216545170 1504 
2654 I 216546264 1504 
2655 I 216849022 1504 
2656 I 216850110 1504 
2657 I 217152739 1504 
2658 I 217153955 1504 
2659 I 217155094 1504 
2660 I 217457311 1504 
2661 I 217458571 1504 
2662 I 217759792 1504 
2663 I 217760903 1504 
2664 I 218062828 1504 
2665 I 218063955 1504 
2666 I 218366035 1504 
2667 I 218367129 1504 
2668 I 218669198 1504 
2669 I 218670232 1504 
2670 I 218671332 1504 
2671 I 218972903 1504 
2672 I 218973973 1504 
2673 I 219176166 1504 
2674 I 219277877 1504 
2675 I 219278851 1504 
2676 I 219279821 1504 
2677 I 219580272 1504 
2678 I 219581387 1504 
2679 I 219582675 1504 
2680 I 219583484 1504 
2681 I 219891128 1504 
2682 I 219892223 1504 
2683 I 220192870 1504 
2684 I 220195182 1504 
2685 I 220497733 1504 
2686 I 220801164 1504 
2687 I 220807668 1504 
2688 I 221102833 1504 
2689 I 221111960 1504 
2690 I 221112783 1504 
2691 I 221113768 1504 
2692 I 221114638 1504 
2693 I 221408941 1504 
2694 I 221415750 1504 
2695 I 221417951 1504 
2696 I 221419035 1504 
2697 I 221718402 1504 
2698 I 221719649 1504 
2699 I 221722220 1504 
2700 I 221723260 1504 
2701 I 221724269 1340 
2702 I 222710536 1504 
2703 I 223013668 1504 
2704 I 223014570 1504 
2705 I 223318285 1504 
2706 I 223319293 1504 
2707 I 223320405 1504 
2708 I 223621932 1504 
2709 I 223623016 1504 
2710 I 223770439 1504 
2711 I 223926434 1504 
2712 I 223927509 1504 
2713 I 224207564 1504 
2714 I 224208694 1504 
2715 I 224230202 1504 
2716 I 224231320 1504 
2717 I 224510370 1504 
2718 I 224511318 1504 
2719 I 224534243 1504 
2720 I 224535314 1504 
2721 I 224813059 1504 
2722 I 224814051 1504 
2723 I 224815295 1504 
2724 I 224838341 1504 
2725 I 224839435 1504 
2726 I 225117359 1504 
2727 I 225118443 1504 
2728 I 225141607 1504 
2729 I 225142721 1504 
2730 I 225301185 1504 
2731 I 225420177 1504 
2732 I 225421268 1504 
2733 I 225444928 1504 
2734 I 225445998 1504 
2735 I 225447299 1504 
2736 I 225723339 1504 
2737 I 225724338 1504 
2738 I 225738728 1504 
2739 I 225748075 1504 
2740 I 225749123 1504 
2741 I 225957887 1504 
2742 I 226027476 1504 
2743 I 226028462 1504 
2744 I 226051437 1504 
2745 I 226052523 1504 
2746 I 226053549 1504 
2747 I 226176245 1340 
2748 I 226614435 1504 
2749 I 226615494 1504 
2750 I 226616648 1504 
2751 I 226617684 1504 
2752 I 226619242 1504 
2753 I 226620392 1504 
2754 I 226621343 1504 
2755 I 226918242 1504 
2756 I 226919281 1504 
2757 I 226926304 1504 
2758 I 226927542 1504 
2759 I 226928536 1504 
2760 I 226929732 1504 
2761 I 226930559 1504 
2762 I 226942142 1504 
2763 I 227221256 1504 
2764 I 227222504 1504 
2765 I 227230305 1504 
2766 I 227231250 1504 
2767 I 227232435 1504 
2768 I 227233525 1504 
2769 I 227243896 1504 
2770 I 227524506 1504 
2771 I 227525539 1504 
2772 I 227533068 1504 
2773 I 227707685 1504 
2774 I 227827559 1504 
2775 I 227828630 1504 
2776 I 228011985 1504 
2777 I 228013148 1504 
2778 I 228014474 1504 
2779 I 228132450 1504 
2780 I 228133654 1504 
2781 I 228316374 1504 
2782 I 228317413 1504 
2783 I 228436394 1504 
2784 I 228437499 1504 
2785 I 228582551 1504 
2786 I 228620610 1504 
2787 I 228621677 1504 
2788 I 228740386 1504 
2789 I 228741378 1504 
2790 I 228742435 1504 
2791 I 228926923 1504 
2792 I 228927673 1504 
2793 I 229043379 1340 
2794 I 229457982 1504 
2795 I 229459062 1504 
2796 I 229460229 1504 
2797 I 229461180 1504 
2798 I 229462477 1504 
2799 I 229463425 1504 
2800 I 229762029 1504 
2801 I 229763085 1504 
2802 I 229764244 1504 
2803 I 229766315 1504 
2804 I 229767516 1504 
2805 I 229768596 1504 
2806 I 229769544 1504 
2807 I 230066447 1504 
2808 I 230067580 1504 
2809 I 230069465 1504 
2810 I 230070600 1504 
2811 I 230071592 1504 
2812 I 230072768 1504 
2813 I 230223114 1504 
2814 I 230370736 1504 
2815 I 230371714 1504 
2816 I 230372812 1504 
2817 I 230374527 1504 
2818 I 230375724 1504 
2819 I 230376669 1504 
2820 I 230377758 1504 
2821 I 230660653 1504 
2822 I 230675520 1504 
2823 I 230676534 1504 
2824 I 230677697 1504 
2825 I 230678858 1504 
2826 I 230679747 1504 
2827 I 230681099 1504 
2828 I 230963400 1504 
2829 I 230980058 1504 
2830 I 230981213 1504 
2831 I 230982732 1504 
2832 I 230984131 1504 
2833 I 231265897 1504 
2834 I 231283194 1504 
2835 I 231284415 1504 
2836 I 231286133 1504 
2837 I 231588515 1504 
2838 I 231589625 1504 
2839 I 231892763 1504 
2840 I 231893718 1340 
2841 I 232196580 1504 
2842 I 232197652 1504 
2843 I 232198844 1504 
2844 I 232500474 1504 
2845 I 232501693 1504 
2846 I 232629200 1504 
2847 I 232630284 1504 
2848 I 232803526 1504 
2849 I 232804629 1504 
2850 I 232933308 1504 
2851 I 232934359 1504 
2852 I 233107861 1504 
2853 I 233108904 1504 
2854 I 233237036 1504 
2855 I 233238342 1504 
2856 I 233239352 1504 
2857 I 233410751 1504 
2858 I 233412023 1504 
2859 I 233540165 1504 
2860 I 233541351 1504 
2861 I 233712545 1504 
2862 I 233713817 1504 
2863 I 233832658 1504 
2864 I 233844112 1504 
2865 I 233845203 1504 
2866 I 234017181 1504 
2867 I 234018096 1504 
2868 I 234019109 1504 
2869 I 234147244 1504 
2870 I 234148192 1504 
2871 I 234269968 1504 
2872 I 234319911 1504 
2873 I 234321048 1504 
2874 I 234450786 1504 
2875 I 234451878 1504 
2876 I 234572592 1504 
2877 I 234573453 1504 
2878 I 234622763 1504 
2879 I 234623874 1504 
2880 I 234624957 1504 
2881 I 234753718 1504 
2882 I 234754786 1504 
2883 I 234875452 1504 
2884 I 234876507 1504 
2885 I 234928608 1340 
2886 I 235364383 1504 
2887 I 235365551 1504 
2888 I 235366363 1504 
2889 I 235367401 1504 
2890 I 235368608 1504 
2891 I 235369850 1504 
2892 I 235370927 1504 
2893 I 235672826 1504 
2894 I 235673853 1504 
2895 I 235674948 1504 
2896 I 235676007 1504 
2897 I 235677132 1504 
2898 I 235678284 1504 
2899 I 235679358 1504 
2900 I 235801602 1504 
2901 I 235977232 1504 
2902 I 235978399 1504 
2903 I 235979381 1504 
2904 I 235980450 1504 
2905 I 235981766 1504 
2906 I 235982809 1504 
2907 I 236105230 1504 
2908 I 236106274 1504 
2909 I 236280951 1504 
2910 I 236282083 1504 
2911 I 236283163 1504 
2912 I 236284292 1504 
2913 I 236285411 1504 
2914 I 236286596 1504 
2915 I 236287582 1504 
2916 I 236409495 1504 
2917 I 236410525 1504 
2918 I 236584339 1504 
2919 I 236585407 1504 
2920 I 236586477 1504 
2921 I 236587614 1504 
2922 I 236589287 1504 
2923 I 236590324 1504 
2924 I 236712668 1504 
2925 I 236713712 1504 
2926 I 236887594 1504 
2927 I 236888789 1504 
2928 I 236889785 1504 
2929 I 236890799 1504 
2930 I 236891726 1340 
2931 I 237333479 1504 
2932 I 237334522 1504 
2933 I 237335468 1504 
2934 I 237336712 1504 
2935 I 237337837 1504 
2936 I 237339149 1504 
2937 I 237340212 1504 
2938 I 237341321 1504 
2939 I 237342479 1504 
2940 I 237343880 1504 
2941 I 237636406 1504 
2942 I 237637112 1504 
2943 I 237639049 1504 
2944 I 237640109 1504 
2945 I 237641342 1504 
2946 I 237642411 1504 
2947 I 237643726 1504 
2948 I 237644840 1504 
2949 I 237645772 1504 
2950 I 237646917 1504 
2951 I 237648003 1504 
2952 I 237940304 1504 
2953 I 237941409 1504 
2954 I 237942795 1504 
2955 I 237943878 1504 
2956 I 237947077 1504 
2957 I 237948224 1504 
2958 I 237949261 1504 
2959 I 237950288 1504 
2960 I 237955754 1504 
2961 I 237956772 1504 
2962 I 237957857 1504 
2963 I 238245116 1504 
2964 I 238246093 1504 
2965 I 238248330 1504 
2966 I 238249358 1504 
2967 I 238251717 1504 
2968 I 238252827 1504 
2969 I 238253874 1504 
2970 I 238258993 1504 
2971 I 238259990 1504 
2972 I 238261258 1504 
2973 I 238547022 1504 
2974 I 238549457 1504 
2975 I 238551035 1504 
2976 I 238553642 1340 
2977 I 238856636 1504 
2978 I 238857642 1504 
2979 I 238858772 1504 
2980 I 238859883 1504 
2981 I 238860836 1504 
2982 I 238861971 1504 
2983 I 239159993 1504 
2984 I 239161054 1504 
2985 I 239162089 1504 
2986 I 239163028 1504 
2987 I 239164248 1504 
2988 I 239165534 1504 
2989 I 239166587 1504 
2990 I 239463018 1504 
2991 I 239464041 1504 
2992 I 239465672 1504 
2993 I 239466701 1504 
2994 I 239467761 1504 
2995 I 239468769 1504 
2996 I 239629328 1504 
2997 I 239765913 1504 
2998 I 239767047 1504 
2999 I 239770027 1504 
3000 I 239771079 1504 
3001 I 239774255 1504 
3002 I 239775636 1504 
3003 I 240067173 1504 
3004 I 240068284 1504 
3005 I 240070467 1504 
3006 I 240071575 1504 
3007 I 240074532 1504 
3008 I 240075480 1504 
3009 I 240079076 1504 
3010 I 240080097 1504 
3011 I 240370953 1504 
3012 I 240372028 1504 
3013 I 240374626 1504 
3014 I 240375648 1504 
3015 I 240383323 1504 
3016 I 240384430 1504 
3017 I 240386370 1504 
3018 I 240387471 1504 
3019 I 240674137 1504 
3020 I 240675226 1504 
3021 I 240676418 1340 
3022 I 240686567 1504 
3023 I 241738975 1340 
3024 I 242145666 1504 
3025 I 242146501 1504 
3026 I 242448215 1504 
3027 I 242449251 1504 
3028 I 242450347 1504 
3029 I 242751890 1504 
3030 I 242753201 1504 
3031 I 242910499 1504 
3032 I 243213575 1504 
3033 I 243516198 1504 
3034 I 243819142 1504 
3035 I 244121143 1504 
3036 I 244122191 1504 
3037 I 244424312 1504 
3038 I 244425508 1504 
3039 I 244727706 1504 
3040 I 244728626 1504 
3041 I 245032306 1504 
3042 I 245033556 1504 
3043 I 245034477 1504 
3044 I 245336227 1504 
3045 I 245337211 1504 
3046 I 245535696 1504 
3047 I 245640010 1504 
3048 I 245641138 1504 
3049 I 245642260 1504 
3050 I 245943346 1504 
3051 I 245944407 1504 
3052 I 246246430 1504 
3053 I 246247515 1504 
3054 I 246248646 1504 
3055 I 246549489 1504 
3056 I 246550531 1504 
3057 I 246852709 1504 
3058 I 246853789 1504 
3059 I 247155839 1504 
3060 I 247156946 1504 
3061 I 247158010 1504 
3062 I 247458711 1504 
3063 I 247459821 1504 
3064 I 247613828 1504 
3065 I 247763351 1504 
3066 I 247764227 1504 
3067 I 247941988 1504 
3068 I 247943013 1504 
3069 I 248073658 1504 
3070 I 248074752 1504 
3071 I 248244852 1340 
3072 I 248707819 1504 
3073 I 248708886 1504 
3074 I 248709980 1504 
3075 I 248711194 1504 
3076 I 248712140 1504 
3077 I 249010932 1504 
3078 I 249011836 1504 
3079 I 249014641 1504 
3080 I 249015662 1504 
3081 I 249146060 1504 
3082 I 249315280 1504 
3083 I 249316283 1504 
3084 I 249318624 1504 
3085 I 249319688 1504 
3086 I 249582646 1504 
3087 I 249583763 1504 
3088 I 249619311 1504 
3089 I 249620490 1504 
3090 I 249622458 1504 
3091 I 249623658 1504 
3092 I 249886470 1504 
3093 I 249887531 1504 
3094 I 249923744 1504 
3095 I 249925016 1504 
3096 I 249927153 1504 
3097 I 249928338 1504 
3098 I 250192436 1504 
3099 I 250193612 1504 
3100 I 250194617 1504 
3101 I 250227382 1504 
3102 I 250228236 1504 
3103 I 250231518 1504 
3104 I 250232593 1504 
3105 I 250497165 1504 
3106 I 250498314 1504 
3107 I 250530455 1504 
3108 I 250531574 1504 
3109 I 250535242 1504 
3110 I 250536324 1504 
3111 I 250676534 1504 
3112 I 250800703 1504 
3113 I 250801798 1504 
3114 I 250835284 1504 
3115 I 250836560 1504 
3116 I 250837475 1340 
3117 I 251103847 1504 
3118 I 251104973 1504 
3119 I 251407390 1504 
3120 I 251408534 1504 
3121 I 251409507 1504 
3122 I 251410492 1504 
3123 I 251710749 1504 
3124 I 251711776 1504 
3125 I 251712792 1504 
3126 I 251713907 1504 
3127 I 252015568 1504 
3128 I 252016707 1504 
3129 I 252017736 1504 
3130 I 252018849 1504 
3131 I 252320061 1504 
3132 I 252321295 1504 
3133 I 252322339 1504 
3134 I 252535495 1504 
3135 I 252623008 1504 
3136 I 252623986 1504 
3137 I 252624965 1504 
3138 I 252837613 1504 
3139 I 252925405 1504 
3140 I 252927555 1504 
3141 I 253301296 1504 
3142 I 253602941 1504 
3143 I 253906014 1504 
3144 I 253907089 1504 
3145 I 255055302 1504 
3146 I 255358228 1504 
3147 I 255359140 1504 
3148 I 255661748 1504 
3149 I 255662993 1504 
3150 I 255964900 1504 
3151 I 255966031 1504 
3152 I 256269395 1504 
3153 I 256270393 1504 
3154 I 256271828 1504 
3155 I 256572456 1504 
3156 I 256573844 1504 
3157 I 256691794 1504 
3158 I 257357534 1504 
3159 I 257661232 1504 
3160 I 257662364 1504 
3161 I 257965621 1504 
3162 I 257966617 1504 
3163 I 258269793 1504 
3164 I 258270765 1504 
3165 I 258574213 1504 
3166 I 258575324 1504 
3167 I 258576410 1504 
3168 I 258878659 1504 
3169 I 258879435 1340 
3170 I 259187644 44 
3171 I 260159627 44 
3172 I 260846912 44 
3173 I 261612337 52 
3174 I 261932993 1504 
3175 I 261934004 1504 
3176 I 262237490 1504 
3177 I 262238645 1504 
3178 I 262239854 1504 
3179 I 262541466 1504 
3180 I 262542637 1504 
3181 I 262543695 1504 
3182 I 262707321 1504 
3183 I 262708359 1504 
3184 I 262847385 1504 
3185 I 263010376 1504 
3186 I 263011559 1504 
3187 I 263012585 1504 
3188 I 263149953 1504 
3189 I 263314591 1504 
3190 I 263582421 1504 
3191 I 263583780 1504 
3192 I 263801016 1504 
3193 I 263885557 1504 
3194 I 263886554 1504 
3195 I 264188655 1504 
3196 I 264189789 1504 
3197 I 264190807 1504 
3198 I 264239450 1504 
3199 I 264492541 1504 
3200 I 264493667 1504 
3201 I 264542460 1504 
3202 I 264543586 1504 
3203 I 264796511 1504 
3204 I 264797649 1504 
3205 I 264845344 1504 
3206 I 264846314 1504 
3207 I 264847650 1504 
3208 I 265101031 1504 
3209 I 265102015 1504 
3210 I 265150701 1504 
3211 I 265151730 1504 
3212 I 265332406 1504 
3213 I 265403693 1504 
3214 I 265404732 1504 
3215 I 265453789 1504 
3216 I 265454860 1504 
3217 I 265455905 1504 
3218 I 265706597 1504 
3219 I 265707664 1504 
3220 I 265755495 1504 
3221 I 265755718 560 
3222 I 266059480 1504 
3223 I 266060795 1504 
3224 I 266061788 1504 
3225 I 266062700 1504 
3226 I 266063793 1504 
3227 I 266064839 1504 
3228 I 266364811 1504 
3229 I 266365867 1504 
3230 I 266366940 1504 
3231 I 266368087 1504 
3232 I 266369113 1504 
3233 I 266669070 1504 
3234 I 266671109 1504 
3235 I 266672051 1504 
3236 I 266973285 1504 
3237 I 266974291 1504 
3238 I 267191725 1504 
3239 I 267192887 1504 
3240 I 267277264 1504 
3241 I 267278778 1504 
3242 I 267494846 1504 
3243 I 267495871 1504 
3244 I 267581829 1504 
3245 I 267582905 1504 
3246 I 267798252 1504 
3247 I 267799289 1504 
3248 I 267800229 1504 
3249 I 267885771 1504 
3250 I 267887035 1504 
3251 I 268102744 1504 
3252 I 268103467 1504 
3253 I 268187651 1504 
3254 I 268188694 1504 
3255 I 268395054 1504 
3256 I 268405189 1504 
3257 I 268406368 1504 
3258 I 268407293 1504 
3259 I 268491587 1504 
3260 I 268492547 1504 
3261 I 268707935 1504 
3262 I 268708974 1504 
3263 I 268713326 1504 
3264 I 268714336 1504 
3265 I 268797417 1504 
3266 I 268798438 1504 
3267 I 269010787 1504 
3268 I 269011669 1340 
3269 I 269314905 1504 
3270 I 269315990 1504 
3271 I 269317229 1504 
3272 I 269318266 1504 
3273 I 269319383 1504 
3274 I 269320574 1504 
3275 I 269321331 1504 
3276 I 269617942 1504 
3277 I 269619056 1504 
3278 I 269620417 1504 
3279 I 269621530 1504 
3280 I 269622701 1504 
3281 I 269623746 1504 
3282 I 269817061 1504 
3283 I 269923666 1504 
3284 I 269924960 1504 
3285 I 269925913 1504 
3286 I 269926820 1504 
3287 I 269927958 1504 
3288 I 269929024 1504 
3289 I 269930127 1504 
3290 I 270154484 1504 
3291 I 270227922 1504 
3292 I 270228991 1504 
3293 I 270230132 1504 
3294 I 270231165 1504 
3295 I 270232268 1504 
3296 I 270233241 1504 
3297 I 270363807 1504 
3298 I 270530325 1504 
3299 I 270531466 1504 
3300 I 270532522 1504 
3301 I 270533591 1504 
3302 I 270534773 1504 
3303 I 270535805 1504 
3304 I 270536907 1504 
3305 I 270666905 1504 
3306 I 270668164 1504 
3307 I 270834795 1504 
3308 I 270835847 1504 
3309 I 270837231 1504 
3310 I 270838243 1504 
3311 I 270839201 1504 
3312 I 270840249 1504 
3313 I 270969901 1340 
3314 I 271457878 1504 
3315 I 271459038 1504 
3316 I 271460024 1504 
3317 I 271461170 1504 
3318 I 271462296 1504 
3319 I 271463296 1504 
3320 I 271464425 1504 
3321 I 271465560 1504 
3322 I 271466781 1504 
3323 I 271467645 1504 
3324 I 271760915 1504 
3325 I 271762032 1504 
3326 I 271763963 1504 
3327 I 271764908 1504 
3328 I 271766003 1504 
3329 I 271767047 1504 
3330 I 271773578 1504 
3331 I 271774636 1504 
3332 I 271775825 1504 
3333 I 271777012 1504 
3334 I 272064985 1504 
3335 I 272066034 1504 
3336 I 272067992 1504 
3337 I 272068997 1504 
3338 I 272070164 1504 
3339 I 272071440 1504 
3340 I 272076562 1504 
3341 I 272077742 1504 
3342 I 272079114 1504 
3343 I 272081151 1504 
3344 I 272082241 1504 
3345 I 272369368 1504 
3346 I 272370520 1504 
3347 I 272373688 1504 
3348 I 272374704 1504 
3349 I 272375765 1504 
3350 I 272376860 1504 
3351 I 272379696 1504 
3352 I 272380789 1504 
3353 I 272382840 1504 
3354 I 272383971 1504 
3355 I 272441534 1504 
3356 I 272675783 1504 
3357 I 272677201 1504 
3358 I 272678859 1340 
3359 I 273098450 1504 
3360 I 273099520 1504 
3361 I 273100678 1504 
3362 I 273101776 1504 
3363 I 273102754 1504 
3364 I 273103851 1504 
3365 I 273105066 1504 
3366 I 273106184 1504 
3367 I 273107148 1504 
3368 I 273108112 1504 
3369 I 273109210 1504 
3370 I 273110263 1504 
3371 I 273404272 1504 
3372 I 273405892 1504 
3373 I 273407317 1504 
3374 I 273408296 1504 
3375 I 273409352 1504 
3376 I 273410320 1504 
3377 I 273411287 1504 
3378 I 273412303 1504 
3379 I 273413356 1504 
3380 I 273414570 1504 
3381 I 273706989 1504 
3382 I 273707949 1504 
3383 I 273714768 1504 
3384 I 273715800 1504 
3385 I 273717411 1504 
3386 I 273718522 1504 
3387 I 274011072 1504 
3388 I 274012136 1504 
3389 I 274021560 1504 
3390 I 274022725 1504 
3391 I 274023749 1504 
3392 I 274024704 1504 
3393 I 274315250 1504 
3394 I 274316495 1504 
3395 I 274317809 1504 
3396 I 274325363 1504 
3397 I 274326421 1504 
3398 I 274327581 1504 
3399 I 274328776 1504 
3400 I 274619298 1504 
3401 I 274620333 1504 
3402 I 274628648 1504 
3403 I 274629597 1504 
3404 I 274630706 1504 
3405 I 274631536 1340 
3406 I 274934080 1504 
3407 I 274935198 1504 
3408 I 274936243 1504 
3409 I 274937350 1504 
3410 I 274938360 1504 
3411 I 274939538 1504 
3412 I 274940724 1504 
3413 I 274941626 1504 
3414 I 275237188 1504 
3415 I 275238398 1504 
3416 I 275240128 1504 
3417 I 275241231 1504 
3418 I 275242648 1504 
3419 I 275243539 1504 
3420 I 275244659 1504 
3421 I 275245760 1504 
3422 I 275540327 1504 
3423 I 275541602 1504 
3424 I 275543824 1504 
3425 I 275545173 1504 
3426 I 275546543 1504 
3427 I 275547526 1504 
3428 I 275548611 1504 
3429 I 275549810 1504 
3430 I 275550917 1504 
3431 I 275844903 1504 
3432 I 275845875 1504 
3433 I 275847999 1504 
3434 I 275849064 1504 
3435 I 275850478 1504 
3436 I 275851604 1504 
3437 I 275852693 1504 
3438 I 275853717 1504 
3439 I 275869839 1504 
3440 I 276148785 1504 
3441 I 276149833 1504 
3442 I 276151668 1504 
3443 I 276152711 1504 
3444 I 276155156 1504 
3445 I 276156295 1504 
3446 I 276157421 1504 
3447 I 276158332 1504 
3448 I 276159509 1504 
3449 I 276379293 1504 
3450 I 276452471 1340 
3451 I 276754923 1504 
3452 I 276756057 1504 
3453 I 276757103 1504 
3454 I 276758190 1504 
3455 I 276759485 1504 
3456 I 276760604 1504 
3457 I 276761559 1504 
3458 I 276762561 1504 
3459 I 276763725 1504 
3460 I 276764708 1504 
3461 I 277063457 1504 
3462 I 277064700 1504 
3463 I 277065629 1504 
3464 I 277066692 1504 
3465 I 277067725 1504 
3466 I 277068760 1504 
3467 I 277070060 1504 
3468 I 277071143 1504 
3469 I 277072274 1504 
3470 I 277073330 1504 
3471 I 277074500 1504 
3472 I 277366696 1504 
3473 I 277368628 1504 
3474 I 277369596 1504 
3475 I 277370897 1504 
3476 I 277372030 1504 
3477 I 277373292 1504 
3478 I 277374550 1504 
3479 I 277375685 1504 
3480 I 277377014 1504 
3481 I 277378084 1504 
3482 I 277668421 1504 
3483 I 277678906 1504 
3484 I 277681679 1504 
3485 I 277682697 1504 
3486 I 277683587 1504 
3487 I 277970274 1504 
3488 I 277981446 1504 
3489 I 277985902 1504 
3490 I 278283767 1504 
3491 I 278284981 1504 
3492 I 278457622 1504 
3493 I 278586679 1504 
3494 I 278587945 1504 
3495 I 278588838 1504 
3496 I 278891346 1504 
3497 I 278892283 1504 
3498 I 279194183 1504 
3499 I 279195303 1504 
3500 I 279497007 1340 
3501 I 279993145 1504 
3502 I 279994188 1504 
3503 I 279995366 1504 
3504 I 280296081 1504 
3505 I 280297176 1504 
3506 I 280426287 1504 
3507 I 280599101 1504 
3508 I 280600227 1504 
3509 I 280863744 1504 
3510 I 280864771 1504 
3511 I 280903315 1504 
3512 I 280904299 1504 
3513 I 281166559 1504 
3514 I 281167848 1504 
3515 I 281206442 1504 
3516 I 281207469 1504 
3517 I 281475281 1504 
3518 I 281476330 1504 
3519 I 281477383 1504 
3520 I 281510115 1504 
3521 I 281511191 1504 
3522 I 281778981 1504 
3523 I 281780066 1504 
3524 I 281813014 1504 
3525 I 281814083 1504 
3526 I 281959405 1504 
3527 I 282083125 1504 
3528 I 282084103 1504 
3529 I 282116486 1504 
3530 I 282117372 1504 
3531 I 282118493 1504 
3532 I 282385556 1504 
3533 I 282386609 1504 
3534 I 282418389 1504 
3535 I 282419626 1504 
3536 I 282421028 1504 
3537 I 282421999 1504 
3538 I 282689090 1504 
3539 I 282690271 1504 
3540 I 282721380 1504 
3541 I 282722670 1504 
3542 I 282725685 1504 
3543 I 282726784 1504 
3544 I 282727850 1504 
3545 I 282993687 1340 
3546 I 283492410 1504 
3547 I 283493501 1504 
3548 I 283494639 1504 
3549 I 283495862 1504 
3550 I 283496727 1504 
3551 I 283497839 1504 
3552 I 283498970 1504 
3553 I 283795336 1504 
3554 I 283796294 1504 
3555 I 283798684 1504 
3556 I 283799616 1504 
3557 I 283800750 1504 
3558 I 283801835 1504 
3559 I 283802976 1504 
3560 I 283925979 1504 
3561 I 284099453 1504 
3562 I 284100530 1504 
3563 I 284102984 1504 
3564 I 284104050 1504 
3565 I 284107246 1504 
3566 I 284108310 1504 
3567 I 284144960 1504 
3568 I 284363578 1504 
3569 I 284402282 1504 
3570 I 284403360 1504 
3571 I 284406702 1504 
3572 I 284407705 1504 
3573 I 284408806 1504 
3574 I 284410115 1504 
3575 I 284411139 1504 
3576 I 284582355 1504 
3577 I 284704368 1504 
3578 I 284705536 1504 
3579 I 284710189 1504 
3580 I 284712723 1504 
3581 I 284713886 1504 
3582 I 284714896 1504 
3583 I 284885526 1504 
3584 I 285006850 1504 
3585 I 285013232 1504 
3586 I 285014576 1504 
3587 I 285188900 1504 
3588 I 285310066 1504 
3589 I 285314777 1504 
3590 I 285317919 1504 
3591 I 285491537 1504 
3592 I 285619592 1504 
3593 I 285921347 1340 
3594 I 286442490 1504 
3595 I 286443932 1504 
3596 I 286445171 1504 
3597 I 286745554 1504 
3598 I 286746613 1504 
3599 I 286879501 1504 
3600 I 286880610 1504 
3601 I 287048480 1504 
3602 I 287049520 1504 
3603 I 287183594 1504 
3604 I 287184844 1504 
3605 I 287352328 1504 
3606 I 287353421 1504 
3607 I 287486882 1504 
3608 I 287487869 1504 
3609 I 287656505 1504 
3610 I 287657516 1504 
3611 I 287658568 1504 
3612 I 287790552 1504 
3613 I 287791927 1504 
3614 I 287960008 1504 
3615 I 287961031 1504 
3616 I 288083266 1504 
3617 I 288096271 1504 
3618 I 288097163 1504 
3619 I 288264312 1504 
3620 I 288265431 1504 
3621 I 288266440 1504 
3622 I 288401065 1504 
3623 I 288402137 1504 
3624 I 288519817 1504 
3625 I 288568196 1504 
3626 I 288569221 1504 
3627 I 288703136 1504 
3628 I 288704352 1504 
3629 I 288738428 1504 
3630 I 288870260 1504 
3631 I 288871596 1504 
3632 I 288872782 1504 
3633 I 289006304 1504 
3634 I 289007324 1504 
3635 I 289041113 1504 
3636 I 289042090 1504 
3637 I 289173165 1504 
3638 I 289174237 1340 
3639 I 289477831 1504 
3640 I 289479064 1504 
3641 I 289480017 1504 
3642 I 289481082 1504 
3643 I 289482200 1504 
3644 I 289483281 1504 
3645 I 289484386 1504 
3646 I 289782704 1504 
3647 I 289784003 1504 
3648 I 289785126 1504 
3649 I 289786035 1504 
3650 I 289786830 1504 
3651 I 289787823 1504 
3652 I 289788719 1504 
3653 I 289941560 1504 
3654 I 290086259 1504 
3655 I 290087306 1504 
3656 I 290088505 1504 
3657 I 290089599 1504 
3658 I 290091323 1504 
3659 I 290092255 1504 
3660 I 290244513 1504 
3661 I 290245718 1504 
3662 I 290390959 1504 
3663 I 290391944 1504 
3664 I 290393084 1504 
3665 I 290394153 1504 
3666 I 290395302 1504 
3667 I 290396387 1504 
3668 I 290397459 1504 
3669 I 290548550 1504 
3670 I 290693174 1504 
3671 I 290694576 1504 
3672 I 290696097 1504 
3673 I 290697391 1504 
3674 I 290698543 1504 
3675 I 290699872 1504 
3676 I 290701100 1504 
3677 I 290850079 1504 
3678 I 291001147 1504 
3679 I 291002108 1504 
3680 I 291004136 1504 
3681 I 291005136 1504 
3682 I 291303920 1504 
3683 I 291304945 1504 
3684 I 291306710 1340 
3685 I 291607097 1504 
3686 I 291911055 1504 
3687 I 291912161 1504 
3688 I 292214874 1504 
3689 I 292215702 1504 
3690 I 292216671 1504 
3691 I 292518977 1504 
3692 I 292519899 1504 
3693 I 292675955 1504 
3694 I 292829882 1504 
3695 I 292831081 1504 
3696 I 292832029 1504 
3697 I 293114089 1504 
3698 I 293332492 1504 
3699 I 293417043 1504 
3700 I 293635322 1504 
3701 I 293636381 1504 
3702 I 293720324 1504 
3703 I 293939091 1504 
3704 I 294207425 1504 
3705 I 294426002 1504 
3706 I 294427070 1504 
3707 I 294644682 1504 
3708 I 294729390 1504 
3709 I 294730440 1504 
3710 I 295031011 1504 
3711 I 295032036 1504 
3712 I 295191708 1504 
3713 I 295193053 1504 
3714 I 295335526 1504 
3715 I 295336555 1504 
3716 I 295494708 1504 
3717 I 295495669 1504 
3718 I 295640839 1504 
3719 I 295641987 1504 
3720 I 295798458 1504 
3721 I 295799508 1504 
3722 I 295800658 1504 
3723 I 295944173 1504 
3724 I 295945232 1504 
3725 I 296102534 1504 
3726 I 296103598 1504 
3727 I 296247386 1504 
3728 I 296248205 1504 
3729 I 296395159 1504 
3730 I 296406842 1504 
3731 I 296407907 1504 
3732 I 296408786 1340 
3733 I 296712348 1504 
3734 I 296713438 1504 
3735 I 296714510 1504 
3736 I 296715615 1504 
3737 I 296716633 1504 
3738 I 296717804 1504 
3739 I 297016557 1504 
3740 I 297017604 1504 
3741 I 297018615 1504 
3742 I 297019533 1504 
3743 I 297020618 1504 
3744 I 297021726 1504 
3745 I 297320475 1504 
3746 I 297321344 1504 
3747 I 297322439 1504 
3748 I 297323540 1504 
3749 I 297324607 1504 
3750 I 297325660 1504 
3751 I 297326709 1504 
3752 I 297623627 1504 
3753 I 297624864 1504 
3754 I 297627195 1504 
3755 I 297628356 1504 
3756 I 297629338 1504 
3757 I 297630410 1504 
3758 I 297816631 1504 
3759 I 297927838 1504 
3760 I 297928996 1504 
3761 I 297930055 1504 
3762 I 297931199 1504 
3763 I 297932326 1504 
3764 I 297933321 1504 
3765 I 297934488 1504 
3766 I 298146807 1504 
3767 I 298231750 1504 
3768 I 298232832 1504 
3769 I 298233920 1504 
3770 I 298235088 1504 
3771 I 298236261 1504 
3772 I 298237260 1504 
3773 I 298363766 1504 
3774 I 298534237 1504 
3775 I 298535249 1504 
3776 I 298537201 1504 
3777 I 298538087 1340 
3778 I 298840229 1504 
3779 I 298841286 1504 
3780 I 298842474 1504 
3781 I 298843491 1504 
3782 I 298844534 1504 
3783 I 298845596 1504 
3784 I 298846731 1504 
3785 I 298847961 1504 
3786 I 298849283 1504 
3787 I 299144303 1504 
3788 I 299145468 1504 
3789 I 299146725 1504 
3790 I 299147674 1504 
3791 I 299148738 1504 
3792 I 299149829 1504 
3793 I 299153071 1504 
3794 I 299154243 1504 
3795 I 299238430 1504 
3796 I 299239586 1504 
3797 I 299448220 1504 
3798 I 299449221 1504 
3799 I 299450840 1504 
3800 I 299451909 1504 
3801 I 299458665 1504 
3802 I 299459456 1504 
3803 I 299541417 1504 
3804 I 299542629 1504 
3805 I 299750930 1504 
3806 I 299751986 1504 
3807 I 299759533 1504 
3808 I 299760724 1504 
3809 I 299763887 1504 
3810 I 299765067 1504 
