0 I 0 48 
1 I 3311 48 
2 I 475937 44 
3 I 499003 44 
4 I 1206233 44 
5 I 1510951 44 
6 I 1589579 44 
7 I 1902324 44 
8 I 16735055 44 
9 I 16748887 44 
10 I 21551619 44 
11 I 21562964 44 
12 I 22505109 48 
13 I 22517777 48 
14 I 23013663 44 
15 I 23025634 44 
16 I 23605565 44 
17 I 24456433 44 
18 I 24459198 44 
19 I 24564141 44 
20 I 24858997 44 
21 I 24999497 44 
22 I 32854340 48 
23 I 32858588 48 
24 I 33315220 44 
25 I 33328346 44 
26 I 34112870 44 
27 I 34414826 44 
28 I 34419560 44 
29 I 34710205 44 
30 I 35008680 44 
31 I 35426919 44 
32 I 35641967 44 
33 I 35641992 44 
34 I 35647906 44 
35 I 35803368 44 
36 I 36091499 44 
37 I 36374194 44 
38 I 36671084 44 
39 I 36977072 44 
40 I 37251398 44 
41 I 37542262 44 
42 I 37763813 44 
43 I 97026855 48 
44 I 97475748 44 
45 I 98077844 44 
46 I 98244822 44 
47 I 98542320 44 
48 I 98559237 44 
49 I 137296755 48 
50 I 137300638 48 
51 I 137742634 44 
52 I 137790571 44 
53 I 138590876 44 
54 I 139121965 44 
55 I 139474043 44 
56 I 139761157 44 
57 I 140068561 44 
58 I 140564268 44 
59 I 140871954 44 
60 I 141412906 44 
61 I 141563967 44 
62 I 141867677 44 
63 I 156819573 44 
64 I 156827344 44 
65 I 158464560 44 
66 I 158471673 44 
67 I 203156591 48 
68 I 203611735 44 
69 I 204209661 44 
70 I 204377586 44 
71 I 204673214 44 
72 I 204676377 44 
73 I 227073100 48 
74 I 227089832 48 
75 I 227620454 44 
76 I 227641052 44 
77 I 228182469 44 
78 I 228331198 44 
79 I 228333729 48 
80 I 228388191 44 
81 I 229006092 48 
82 I 229012725 44 
83 I 229027329 44 
84 I 229030394 44 
85 I 229046849 44 
86 I 229475690 44 
87 I 229506321 44 
88 I 229607874 44 
89 I 229905993 44 
90 I 230046987 44 
91 I 230111726 44 
92 I 230427597 44 
93 I 230690685 44 
94 I 230712640 44 
