0 I 0 44 
1 I 435660 56 
2 I 436797 44 
3 I 466275 56 
4 I 468138 44 
5 I 540853 44 
6 I 568881 56 
7 I 569946 44 
8 I 997740 56 
9 I 999092 44 
10 I 1061313 56 
11 I 1062483 44 
12 I 1092305 56 
13 I 1093353 44 
14 I 1122858 56 
15 I 1123999 44 
16 I 1435067 56 
17 I 1436926 44 
18 I 1500510 44 
19 I 1539348 56 
20 I 1540467 44 
21 I 1560892 56 
22 I 1563045 44 
23 I 1936671 56 
24 I 1936919 44 
25 I 1998640 56 
26 I 1999836 44 
27 I 2034562 56 
28 I 2035784 44 
29 I 2060951 56 
30 I 2062093 44 
31 I 2356947 44 
32 I 2502769 56 
33 I 2505317 44 
34 I 2563139 44 
35 I 2592093 56 
36 I 2593212 44 
37 I 2622439 56 
38 I 2624131 44 
39 I 2957819 44 
40 I 3029548 56 
41 I 3030731 44 
42 I 3060663 56 
43 I 3061748 44 
44 I 3129481 44 
45 I 3155032 56 
46 I 3156202 44 
47 I 3498941 56 
48 I 3500133 44 
49 I 3539302 56 
50 I 3540474 44 
51 I 3565372 56 
52 I 3567426 44 
53 I 3935589 56 
54 I 3936929 44 
55 I 4006089 44 
56 I 4029011 56 
57 I 4030811 44 
58 I 4059642 90 
59 I 4060130 56 
60 I 4061968 44 
61 I 4359884 44 
62 I 4404338 56 
63 I 4405972 44 
64 I 4468474 44 
65 I 4499180 56 
66 I 4500195 44 
67 I 4538456 56 
68 I 4540269 44 
69 I 4838966 44 
70 I 4905674 56 
71 I 4905736 44 
72 I 4940524 56 
73 I 4942041 44 
74 I 4999853 44 
75 I 5029630 56 
76 I 5030862 44 
77 I 5261052 44 
78 I 5330165 44 
79 I 5404733 56 
80 I 5405946 44 
81 I 5441780 56 
82 I 5443645 44 
83 I 5499674 44 
84 I 5742935 44 
85 I 5873266 56 
86 I 5874433 44 
87 I 5937348 56 
88 I 5937358 44 
89 I 5972957 56 
90 I 5973993 44 
91 I 6059789 56 
92 I 6062018 44 
93 I 6462765 44 
94 I 6482564 56 
95 I 6483937 44 
96 I 6518089 56 
97 I 6519779 44 
98 I 6577798 44 
99 I 6819430 44 
100 I 6919673 56 
101 I 6921250 44 
102 I 6955658 56 
103 I 6957120 44 
104 I 7015144 44 
105 I 7046320 44 
106 I 7346253 44 
107 I 7419472 56 
108 I 7421143 44 
109 I 7450269 56 
110 I 7452093 44 
111 I 7515143 44 
112 I 7545321 56 
113 I 7546345 44 
114 I 7919925 56 
115 I 7921087 44 
116 I 7950516 56 
117 I 7952214 44 
118 I 8013869 56 
119 I 8014876 44 
120 I 8051104 56 
121 I 8052178 44 
122 I 8450859 56 
123 I 8452030 44 
124 I 8495105 56 
125 I 8497029 44 
126 I 8546676 44 
127 I 8576570 56 
128 I 8577673 44 
129 I 8794985 44 
130 I 8826822 56 
131 I 8827834 44 
132 I 8887727 56 
133 I 8889731 44 
134 I 8953458 44 
135 I 9325307 56 
136 I 9326986 44 
137 I 9361416 56 
138 I 9362999 44 
139 I 9421505 44 
140 I 9451141 56 
141 I 9452143 44 
142 I 9722396 44 
143 I 9826785 56 
144 I 9827635 44 
145 I 9857439 56 
146 I 9858547 44 
147 I 9888016 56 
148 I 9890111 44 
149 I 10167996 44 
150 I 10236246 56 
151 I 10238184 44 
152 I 10295062 56 
153 I 10296413 44 
154 I 10326302 56 
155 I 10327410 44 
156 I 10357072 56 
157 I 10358874 44 
158 I 10762777 56 
159 I 10764519 44 
160 I 10827614 44 
161 I 10857264 56 
162 I 10858452 44 
163 I 10892444 56 
164 I 10894348 44 
165 I 11169369 44 
166 I 11264070 56 
167 I 11264550 44 
168 I 11330904 56 
169 I 11332022 44 
170 I 11357489 56 
171 I 11358658 44 
172 I 11387736 56 
173 I 11389838 44 
174 I 11768328 56 
175 I 11769418 44 
176 I 11797633 56 
177 I 11798927 44 
178 I 11825950 56 
179 I 11827391 44 
180 I 11890065 44 
181 I 12170876 44 
182 I 12263856 56 
183 I 12265015 44 
184 I 12327914 56 
185 I 12327915 44 
186 I 12357122 56 
187 I 12358264 44 
188 I 12387730 56 
189 I 12389588 44 
190 I 12761528 56 
191 I 12762696 44 
192 I 12783554 56 
193 I 12784675 44 
194 I 12809493 56 
195 I 12811426 44 
196 I 12874513 44 
197 I 13111377 44 
198 I 13122577 56 
199 I 13124079 44 
200 I 13189342 56 
201 I 13191408 44 
202 I 13248357 56 
203 I 13249563 44 
204 I 13591994 56 
205 I 13627138 56 
206 I 13629232 44 
207 I 13686857 44 
208 I 13717921 56 
209 I 13717945 44 
210 I 14122292 56 
211 I 14124045 44 
212 I 14153750 56 
213 I 14155834 44 
214 I 14218347 44 
215 I 14247939 56 
216 I 14249043 44 
217 I 14574322 44 
218 I 14622853 56 
219 I 14623938 44 
220 I 14653748 56 
221 I 14655722 44 
222 I 14723695 44 
223 I 14748629 56 
224 I 14748923 44 
225 I 15139423 44 
226 I 15170029 56 
227 I 15170974 44 
228 I 15200046 56 
229 I 15201944 44 
230 I 15271664 44 
231 I 15286174 90 
232 I 15587046 44 
233 I 15639164 56 
234 I 15640245 44 
235 I 15669785 56 
236 I 15670925 44 
237 I 15705445 56 
238 I 15707107 44 
239 I 15765124 44 
240 I 16144237 44 
241 I 16169881 56 
242 I 16171243 44 
243 I 16200606 56 
244 I 16202280 44 
245 I 16265286 44 
246 I 16639352 44 
247 I 16669510 56 
248 I 16670660 44 
249 I 16700514 56 
250 I 16702370 44 
251 I 17001672 44 
252 I 17028409 56 
253 I 17030334 44 
254 I 17059139 56 
255 I 17061172 44 
256 I 17133351 44 
257 I 17155226 56 
258 I 17156322 44 
259 I 17456308 44 
260 I 17540235 44 
261 I 17565770 56 
262 I 17566934 44 
263 I 17591782 56 
264 I 17593574 44 
265 I 17878946 44 
266 I 17969312 44 
267 I 18029320 56 
268 I 18031779 44 
269 I 18060130 56 
270 I 18061329 44 
271 I 18091910 56 
272 I 18093054 44 
273 I 18387752 56 
274 I 18389572 44 
275 I 18452183 44 
276 I 18481983 56 
277 I 18483048 44 
278 I 18512794 56 
279 I 18514381 44 
280 I 18880376 44 
281 I 18919458 56 
282 I 18920630 44 
283 I 18953594 56 
284 I 18955789 44 
285 I 19014925 44 
286 I 19381073 44 
287 I 19424377 56 
288 I 19457439 56 
289 I 19458856 44 
290 I 19514970 44 
291 I 19544647 56 
292 I 19545796 44 
293 I 19919507 56 
294 I 19920616 44 
295 I 19949941 56 
296 I 19951747 44 
297 I 20014831 44 
298 I 20046381 44 
299 I 20046382 56 
300 I 20348350 44 
301 I 20357752 56 
302 I 20357795 44 
303 I 20422084 44 
304 I 20450740 56 
305 I 20451886 44 
306 I 20481047 56 
307 I 20482990 44 
308 I 20919409 56 
309 I 20920573 44 
310 I 20955626 56 
311 I 20956638 44 
312 I 20981201 56 
313 I 20983034 44 
314 I 21045044 56 
315 I 21046178 44 
316 I 21418582 56 
317 I 21420520 44 
318 I 21449878 56 
319 I 21451790 44 
320 I 21516287 44 
321 I 21684252 44 
322 I 21719939 56 
323 I 21950779 64 
324 I 21952608 56 
325 I 21986478 56 
326 I 22012289 64 
327 I 22014222 64 
328 I 22061117 64 
329 I 22061718 64 
330 I 22250828 72 
331 I 22251447 44 
332 I 22872614 56 
333 I 22873530 44 
334 I 22935543 56 
335 I 22936671 44 
336 I 22967918 56 
337 I 22969088 44 
338 I 22996455 56 
339 I 22998537 44 
340 I 23286511 44 
341 I 23309520 56 
342 I 23311254 44 
343 I 23341076 56 
344 I 23342689 44 
345 I 23405606 44 
346 I 23435007 56 
347 I 23435901 44 
348 I 23783742 56 
349 I 23784934 44 
350 I 23829653 56 
351 I 23830910 44 
352 I 23856427 56 
353 I 23858421 44 
354 I 23921269 44 
355 I 24293662 56 
356 I 24295639 44 
357 I 24358476 44 
358 I 24660852 44 
359 I 24732752 56 
360 I 24733738 44 
361 I 24796975 56 
362 I 24798063 44 
363 I 24825588 56 
364 I 24826657 44 
365 I 25089169 44 
366 I 25125640 44 
367 I 25230915 56 
368 I 25232651 44 
369 I 25263005 56 
370 I 25264038 44 
371 I 25293541 56 
372 I 25295675 44 
373 I 25358219 44 
374 I 25669252 56 
375 I 25671085 44 
376 I 25918947 56 
377 I 25920419 44 
378 I 26013123 56 
379 I 26014361 44 
380 I 26045177 56 
381 I 26046303 44 
382 I 26075292 56 
383 I 26077031 44 
384 I 26374952 44 
385 I 26481714 56 
386 I 26483971 44 
387 I 26512201 56 
388 I 26514011 44 
389 I 26577096 44 
390 I 26607049 56 
391 I 26609131 44 
392 I 26877312 44 
393 I 26950496 56 
394 I 26951693 44 
395 I 26983260 56 
396 I 26986079 44 
397 I 27012116 56 
398 I 27014179 44 
399 I 27081783 44 
400 I 27485315 56 
401 I 27487003 44 
402 I 27517828 56 
403 I 27519333 44 
404 I 27575801 56 
405 I 27576826 44 
406 I 27583050 90 
407 I 27608587 44 
408 I 27893117 44 
409 I 28012399 56 
410 I 28013950 44 
411 I 28043426 56 
412 I 28045241 44 
413 I 28109089 44 
414 I 28137828 56 
415 I 28138964 44 
416 I 28438616 44 
417 I 28514104 56 
418 I 28514282 44 
419 I 28544602 56 
420 I 28546090 44 
421 I 28611690 56 
422 I 28612867 44 
423 I 28638022 56 
424 I 28639129 44 
425 I 28894643 44 
426 I 28938257 44 
427 I 29048501 56 
428 I 29050246 44 
429 I 29074613 56 
430 I 29076507 44 
431 I 29139489 44 
432 I 29169275 56 
433 I 29170423 44 
434 I 29395319 44 
435 I 29544224 56 
436 I 29545549 44 
437 I 29575332 56 
438 I 29577075 44 
439 I 29639371 44 
440 I 29669187 56 
441 I 29670262 44 
442 I 29927147 56 
443 I 29930169 44 
444 I 29981002 56 
445 I 29982787 44 
446 I 30044536 56 
447 I 30045565 44 
448 I 30345440 44 
449 I 30387142 56 
450 I 30389080 44 
451 I 30425351 56 
452 I 30427067 44 
453 I 30483379 44 
454 I 30512924 56 
455 I 30514002 44 
456 I 30783201 44 
457 I 30857737 44 
458 I 30888150 56 
459 I 30890064 44 
460 I 30918447 56 
461 I 30920803 44 
462 I 31188978 44 
463 I 31263878 44 
464 I 31294075 56 
465 I 31295219 44 
466 I 31324493 56 
467 I 31326130 44 
468 I 31564292 44 
469 I 31624965 44 
470 I 31675001 56 
471 I 31676140 44 
472 I 31700736 56 
473 I 31701928 44 
474 I 31730676 56 
475 I 31732622 44 
476 I 31998843 44 
477 I 32111388 56 
478 I 32112644 44 
479 I 32137244 56 
480 I 32139082 44 
481 I 32201857 44 
482 I 32231861 56 
483 I 32232966 44 
484 I 32531905 44 
485 I 32577066 44 
486 I 32606723 56 
487 I 32607829 44 
488 I 32636872 56 
489 I 32638687 44 
490 I 32906690 44 
491 I 32949758 56 
492 I 32951499 44 
493 I 33015010 44 
494 I 33044205 56 
495 I 33045247 44 
496 I 33074940 56 
497 I 33076379 44 
498 I 33400954 44 
499 I 33423898 56 
500 I 33425053 44 
501 I 33449986 56 
502 I 33452075 44 
503 I 33512995 56 
504 I 33514175 44 
505 I 33544044 56 
506 I 33545243 44 
507 I 33904629 44 
508 I 33934425 56 
509 I 33936023 44 
510 I 33998695 44 
511 I 34029863 44 
512 I 34373005 56 
513 I 34374501 44 
514 I 34394869 90 
515 I 34434569 56 
516 I 34435724 44 
517 I 34466165 56 
518 I 34467360 44 
519 I 34496650 56 
520 I 34498541 44 
521 I 34809028 56 
522 I 34810859 44 
523 I 34873453 44 
524 I 34903480 56 
525 I 34904621 44 
526 I 34934678 56 
527 I 34936380 44 
528 I 35246307 56 
529 I 35248156 44 
530 I 35309489 56 
531 I 35310738 44 
532 I 35341401 56 
533 I 35342486 44 
534 I 35371268 56 
535 I 35373119 44 
536 I 35704152 44 
537 I 35720256 56 
538 I 35722261 44 
539 I 35784685 44 
540 I 35809544 56 
541 I 35810555 44 
542 I 35840458 56 
543 I 35842208 44 
544 I 36109823 44 
545 I 36157700 56 
546 I 36159389 44 
547 I 36216278 56 
548 I 36217439 44 
549 I 36247032 56 
550 I 36248115 44 
551 I 36595423 56 
552 I 36597054 44 
553 I 36655117 44 
554 I 36684659 56 
555 I 36685862 44 
556 I 36715643 56 
557 I 36717346 44 
558 I 37091726 44 
559 I 37130096 44 
560 I 37153069 56 
561 I 37155025 44 
562 I 37217623 44 
563 I 37506640 44 
564 I 37561874 44 
565 I 37591051 56 
566 I 37592177 44 
567 I 37621491 56 
568 I 37623074 44 
569 I 37691209 44 
570 I 37991244 44 
571 I 38030173 44 
572 I 38061057 44 
573 I 38090486 56 
574 I 38092038 44 
575 I 38155921 44 
576 I 38538283 56 
577 I 38539355 44 
578 I 38564915 56 
579 I 38566461 44 
580 I 38623558 44 
581 I 38967109 44 
582 I 39000890 56 
583 I 39002755 44 
584 I 39063666 56 
585 I 39064771 44 
586 I 39090890 56 
587 I 39091934 44 
588 I 39497325 56 
589 I 39498421 44 
590 I 39537744 56 
591 I 39538997 44 
592 I 39566173 56 
593 I 39568055 44 
594 I 39622129 56 
595 I 39623238 44 
596 I 39934232 56 
597 I 39935405 44 
598 I 39998835 44 
599 I 40028161 56 
600 I 40029349 44 
601 I 40059028 56 
602 I 40060336 44 
603 I 40466305 56 
604 I 40467327 44 
605 I 40497472 56 
606 I 40498639 44 
607 I 40537458 56 
608 I 40539084 44 
609 I 40591514 56 
610 I 40592608 44 
611 I 40892602 44 
612 I 40935413 56 
613 I 40936686 44 
614 I 40997169 56 
615 I 40998077 44 
616 I 41028998 56 
617 I 41030044 44 
618 I 41331297 44 
619 I 41340550 56 
620 I 41342255 44 
621 I 41409866 44 
622 I 41434366 56 
623 I 41435412 44 
624 I 41782254 56 
625 I 41784024 44 
626 I 41848380 44 
627 I 41873449 56 
628 I 41874594 44 
629 I 41902524 56 
630 I 41904558 44 
631 I 42283294 56 
632 I 42284476 44 
633 I 42341757 56 
634 I 42342865 44 
635 I 42373336 44 
636 I 42402749 56 
637 I 42714048 44 
638 I 42724115 56 
639 I 42725672 44 
640 I 42784533 44 
641 I 42811315 56 
642 I 42811315 44 
643 I 43247846 56 
644 I 43248961 44 
645 I 43282764 56 
646 I 43283880 44 
647 I 43308642 56 
648 I 43310348 44 
649 I 43684303 56 
650 I 43685327 44 
651 I 43715007 56 
652 I 43716891 44 
653 I 43784260 44 
654 I 44116215 44 
655 I 44184622 56 
656 I 44185717 44 
657 I 44215084 56 
658 I 44216684 44 
659 I 44284559 44 
660 I 44309448 56 
661 I 44310817 44 
662 I 44689352 56 
663 I 44690491 44 
664 I 44715072 56 
665 I 44716974 44 
666 I 44784220 44 
667 I 44809484 56 
668 I 44810637 44 
669 I 45084634 44 
670 I 45158113 44 
671 I 45178065 90 
672 I 45185914 44 
673 I 45215291 56 
674 I 45216998 44 
675 I 45284366 44 
676 I 45661109 44 
677 I 45684667 56 
678 I 45685838 44 
679 I 45715741 56 
680 I 45717640 44 
681 I 45784694 44 
682 I 46154276 44 
683 I 46185407 44 
684 I 46245656 56 
685 I 46247749 44 
686 I 46311617 44 
687 I 46685359 44 
688 I 46715573 56 
689 I 46717129 44 
690 I 46784321 44 
691 I 47015943 44 
692 I 47074770 56 
693 I 47075941 44 
694 I 47138975 44 
695 I 47168574 56 
696 I 47169671 44 
697 I 47204066 56 
698 I 47205733 44 
699 I 47643816 44 
700 I 47668635 56 
701 I 47669785 44 
702 I 47699749 56 
703 I 47701615 44 
704 I 48000194 44 
705 I 48106982 56 
706 I 48107422 44 
707 I 48137225 56 
708 I 48139232 44 
709 I 48205330 44 
710 I 48323965 56 
711 I 48325900 44 
712 I 48668081 56 
713 I 48669737 44 
714 I 48737439 44 
715 I 48762163 56 
716 I 48763389 44 
717 I 48795481 56 
718 I 48797127 44 
719 I 49038082 44 
720 I 49073798 56 
721 I 49075987 44 
722 I 49105361 56 
723 I 49107468 44 
724 I 49169202 44 
725 I 49174729 44 
726 I 49199732 56 
727 I 49200845 44 
728 I 49215420 44 
729 I 49638009 56 
730 I 49639120 44 
731 I 49668375 56 
732 I 49669964 44 
733 I 49732847 44 
734 I 49762805 56 
735 I 49763878 44 
736 I 49980535 56 
737 I 49982120 44 
738 I 50122182 56 
739 I 50123241 44 
740 I 50157891 56 
741 I 50159151 44 
742 I 50183192 56 
743 I 50184945 44 
744 I 50419880 44 
745 I 50574029 56 
746 I 50575974 44 
747 I 50642782 44 
748 I 50668850 56 
749 I 50669848 44 
750 I 50704406 56 
751 I 50705977 44 
752 I 51004098 44 
753 I 51075041 56 
754 I 51076079 44 
755 I 51149393 56 
756 I 51150527 44 
757 I 51168806 56 
758 I 51170099 44 
759 I 51199505 56 
760 I 51201183 44 
761 I 51543647 56 
762 I 51544875 44 
763 I 51581099 44 
764 I 51605498 56 
765 I 51607457 44 
766 I 51670040 44 
767 I 52024989 44 
768 I 52077387 44 
769 I 52105085 56 
770 I 52106942 44 
771 I 52168975 56 
772 I 52170105 44 
773 I 52199602 56 
774 I 52200853 44 
775 I 52544864 44 
776 I 52574771 56 
777 I 52575880 44 
778 I 52605671 56 
779 I 52607396 44 
780 I 52950933 56 
781 I 52952018 44 
782 I 52980893 56 
783 I 52981978 44 
784 I 53011395 56 
785 I 53013223 44 
786 I 53078940 56 
787 I 53080137 44 
788 I 53429515 44 
789 I 53452380 56 
790 I 53453537 44 
791 I 53480407 56 
792 I 53482095 44 
793 I 53549670 44 
794 I 53586275 56 
795 I 53587413 44 
796 I 53917562 56 
797 I 53919457 44 
798 I 53985837 56 
799 I 53986961 44 
800 I 54013685 56 
801 I 54013694 44 
802 I 54043728 56 
803 I 54044900 44 
804 I 54332224 44 
805 I 54449695 56 
806 I 54450732 44 
807 I 54480264 56 
808 I 54482027 44 
809 I 54545125 44 
810 I 54575032 56 
811 I 54576201 44 
812 I 54918540 56 
813 I 54919688 44 
814 I 54949071 56 
815 I 54950703 44 
816 I 55013499 44 
817 I 55043426 56 
818 I 55044569 44 
819 I 55355081 56 
820 I 55357614 44 
821 I 55418721 56 
822 I 55419847 44 
823 I 55449519 56 
824 I 55450696 44 
825 I 55481886 56 
826 I 55483133 44 
827 I 55795815 56 
828 I 55796513 44 
829 I 55887300 56 
830 I 55888524 44 
831 I 55919149 56 
832 I 55919427 44 
833 I 56293659 56 
834 I 56294778 44 
835 I 56357355 44 
836 I 56360004 90 
837 I 56392218 56 
838 I 56393406 44 
839 I 56417586 56 
840 I 56419303 44 
841 I 56761718 56 
842 I 56763281 44 
843 I 56831280 44 
844 I 56854902 56 
845 I 56856804 44 
846 I 56920254 44 
847 I 57241539 44 
848 I 57267235 56 
849 I 57268323 44 
850 I 57326053 44 
851 I 57356004 56 
852 I 57356925 44 
853 I 57386340 56 
854 I 57388167 44 
855 I 57855761 56 
856 I 57856997 44 
857 I 57886399 56 
858 I 57888105 44 
859 I 58262318 56 
860 I 58263422 44 
861 I 58292433 56 
862 I 58294317 44 
863 I 58362853 44 
864 I 58746352 44 
865 I 58801182 56 
866 I 58801338 44 
867 I 58823952 56 
868 I 58825681 44 
869 I 58888709 44 
870 I 58918422 56 
871 I 59294431 56 
872 I 59295694 44 
873 I 59323933 44 
874 I 59332842 44 
