0 I 0 44 
1 I 16643413 64 
2 I 17185294 56 
3 I 17185487 123 
4 I 17735990 116 
5 I 26645763 56 
6 I 40675889 44 
7 I 112220136 64 
8 I 112740229 56 
9 I 112741060 125 
10 I 113261911 116 
11 I 120888889 56 
12 I 120891790 56 
13 I 121372680 44 
14 I 121376692 44 
15 I 132352933 64 
16 I 132828865 56 
17 I 132829088 132 
18 I 133308111 122 
19 I 142353811 56 
20 I 142767342 44 
21 I 142818485 44 
22 I 148396120 64 
23 I 148826860 56 
24 I 148826878 127 
25 I 149260318 136 
26 I 156522761 64 
27 I 156985924 56 
28 I 156988701 117 
29 I 157438573 117 
30 I 158394056 56 
31 I 162536841 44 
32 I 166523905 56 
33 I 179093877 44 
34 I 202814578 64 
35 I 203233832 56 
36 I 203234052 127 
37 I 203659461 115 
38 I 212812987 56 
39 I 223462224 64 
40 I 223759607 44 
41 I 223884361 56 
42 I 223884442 120 
43 I 224299358 118 
44 I 233463377 56 
45 I 245223798 44 
46 I 276972455 64 
47 I 277407651 56 
48 I 277407872 120 
49 I 277843643 116 
50 I 286971366 56 
51 I 297185508 44 
