0 I 0 48 
1 I 222041 44 
2 I 618671 44 
3 I 871828 44 
4 I 923335 44 
5 I 1158647 44 
6 I 1205942 44 
7 I 1277362 44 
8 I 1429745 44 
9 I 1545827 44 
10 I 1626005 44 
11 I 1631592 44 
12 I 1728961 44 
13 I 1818246 44 
14 I 1902346 44 
15 I 1959771 44 
16 I 2078610 44 
17 I 2139506 44 
18 I 2227575 44 
19 I 2282867 44 
20 I 2374972 44 
21 I 2531784 44 
22 I 2556508 44 
23 I 2665756 44 
24 I 2736447 44 
25 I 2825582 44 
26 I 2856072 44 
27 I 3005976 44 
28 I 3051873 44 
29 I 3129968 44 
30 I 3276548 44 
31 I 3307959 44 
32 I 3376221 44 
33 I 3559781 44 
34 I 3583883 44 
35 I 3658700 44 
36 I 3826102 44 
37 I 3868475 44 
38 I 3948595 44 
39 I 4115984 44 
40 I 4150131 44 
41 I 4241845 44 
42 I 4389774 44 
43 I 4442039 44 
44 I 4525920 44 
45 I 4677313 44 
46 I 4726254 44 
47 I 4828792 44 
48 I 4943573 44 
49 I 4968422 44 
50 I 5091176 44 
51 I 5226306 44 
52 I 5254359 44 
53 I 5354621 44 
54 I 5515567 44 
55 I 5547850 44 
56 I 5638224 44 
57 I 5796181 44 
58 I 5858427 44 
59 I 5936560 44 
60 I 6065903 44 
61 I 6148838 44 
62 I 6222454 44 
63 I 6356784 44 
64 I 6384677 44 
65 I 6486517 44 
66 I 6625658 44 
67 I 6649997 44 
68 I 6766193 44 
69 I 6911593 44 
70 I 6932360 44 
71 I 7038561 44 
72 I 7177301 44 
73 I 7197708 44 
74 I 7313684 44 
75 I 7429490 44 
76 I 7453872 44 
77 I 7551029 44 
78 I 7713584 44 
79 I 7738507 44 
80 I 7818521 44 
81 I 7986815 44 
82 I 8014551 44 
83 I 8089842 44 
84 I 8245532 44 
85 I 8271474 44 
86 I 8346193 44 
87 I 8499836 44 
88 I 8523199 44 
89 I 8600501 44 
90 I 8755599 44 
91 I 8781181 44 
92 I 8852258 44 
93 I 9009791 44 
94 I 9040788 44 
95 I 9104234 44 
96 I 9266012 44 
97 I 9290499 44 
98 I 9350225 44 
99 I 9523569 44 
100 I 9550407 44 
101 I 9622562 44 
102 I 9791705 44 
103 I 9819931 44 
104 I 9874405 44 
105 I 10066005 44 
106 I 10102445 44 
107 I 10158352 44 
108 I 10429658 44 
109 I 10456522 44 
110 I 10514271 44 
111 I 10686998 44 
112 I 10717114 44 
113 I 10774806 44 
114 I 10947934 44 
115 I 10975231 44 
116 I 11029310 44 
117 I 11203651 44 
118 I 11229106 44 
119 I 11297168 44 
120 I 11496033 44 
121 I 11560528 44 
122 I 11624168 44 
123 I 11815588 44 
124 I 11840662 44 
125 I 11911415 44 
126 I 12146762 44 
127 I 12170595 44 
128 I 12263219 44 
129 I 12403647 44 
130 I 12427593 44 
131 I 12620971 44 
132 I 12794205 44 
133 I 12886111 44 
134 I 13011948 44 
135 I 13091574 44 
136 I 13118212 44 
137 I 13169062 44 
138 I 13294358 44 
139 I 13496889 44 
140 I 13747053 44 
141 I 14046225 44 
142 I 14296016 44 
143 I 14366322 44 
144 I 14566332 44 
145 I 14592941 44 
146 I 14821563 44 
147 I 14850215 44 
148 I 15051719 44 
149 I 15156363 44 
150 I 15277791 44 
151 I 15396401 44 
152 I 15536160 44 
153 I 15606294 44 
154 I 15696172 44 
155 I 16616250 44 
156 I 26566922 44 
157 I 26738881 44 
