0 I 0 52 
1 I 583621 52 
2 I 1185353 52 
3 I 40252775 52 
4 I 40814714 52 
5 I 41416289 52 
6 I 60320387 52 
7 I 60880012 52 
8 I 61481887 52 
9 I 100469307 52 
10 I 101010353 52 
11 I 101612587 52 
12 I 120596306 52 
13 I 121176038 52 
14 I 121778385 52 
15 I 160731825 52 
16 I 161306685 52 
17 I 161909025 52 
18 I 180813443 52 
19 I 181372038 52 
20 I 181974523 52 
21 I 220936446 52 
22 I 221502633 52 
23 I 222104606 52 
24 I 241124156 52 
25 I 241668962 52 
26 I 242270536 52 
27 I 281344223 52 
28 I 281900004 52 
29 I 282501386 52 
