0 I 0 64 
1 I 219550 56 
2 I 219735 379 
3 I 484825 56 
4 I 484962 56 
5 I 485073 56 
6 I 751139 56 
7 I 751520 56 
8 I 751700 56 
9 I 751823 56 
10 I 751996 56 
11 I 961433 56 
12 I 961435 56 
13 I 961451 56 
14 I 961654 56 
15 I 961670 56 
16 I 961811 56 
17 I 962363 56 
18 I 1197790 56 
19 I 1197894 56 
20 I 1198622 56 
21 I 1199451 56 
22 I 1458303 56 
23 I 1458304 56 
24 I 1458314 56 
25 I 1689079 56 
26 I 1689082 56 
27 I 1689123 56 
28 I 1913267 56 
29 I 1913888 56 
30 I 1938076 56 
31 I 2142273 56 
32 I 2142463 56 
33 I 2142474 56 
34 I 2142664 56 
35 I 2345264 56 
36 I 2345266 56 
37 I 2345531 56 
38 I 2345536 56 
39 I 2539983 56 
40 I 2540718 56 
41 I 2722969 56 
42 I 3285499 56 
43 I 3285561 56 
44 I 3285576 56 
45 I 3477528 56 
46 I 3539350 56 
47 I 3717116 56 
48 I 3717172 56 
49 I 3723571 56 
50 I 3725527 56 
51 I 3906173 56 
52 I 3907804 56 
53 I 3907946 56 
54 I 4347063 64 
55 I 4534092 56 
56 I 4534693 379 
57 I 4720385 56 
58 I 4723716 56 
59 I 4724081 56 
60 I 4900316 56 
61 I 4906615 56 
62 I 4906643 56 
63 I 4906767 56 
64 I 4907082 56 
65 I 5102338 56 
66 I 5102413 56 
67 I 5102451 56 
68 I 5102615 56 
69 I 5102615 56 
70 I 5102616 56 
71 I 5102642 56 
72 I 5102767 56 
73 I 5102887 56 
74 I 5283388 56 
75 I 5283664 56 
76 I 5285100 56 
77 I 5300533 56 
78 I 5300553 56 
79 I 5300553 56 
80 I 5300556 56 
81 I 5300684 56 
82 I 5300684 56 
83 I 5300803 56 
84 I 5300840 56 
85 I 5300911 56 
86 I 5479393 56 
87 I 5479395 56 
88 I 5479622 56 
89 I 5479858 56 
90 I 5479894 56 
91 I 5485769 56 
92 I 5488439 56 
93 I 5488699 56 
94 I 5488949 56 
95 I 5670783 56 
96 I 5676635 56 
97 I 5676688 56 
98 I 5676766 56 
99 I 5679237 56 
100 I 5684497 56 
101 I 5684632 56 
102 I 5692020 56 
103 I 5871786 56 
104 I 5873834 56 
105 I 5877228 56 
106 I 5914772 56 
107 I 5914855 56 
108 I 5914999 56 
109 I 6088269 56 
110 I 6127716 56 
111 I 6127863 56 
112 I 6128060 56 
113 I 6292046 56 
114 I 6294688 56 
115 I 6340847 56 
116 I 6341006 56 
117 I 6341273 56 
118 I 6503709 56 
