0 I 0 64 
1 I 966389 56 
2 I 970955 338 
3 I 971118 266 
4 I 1464102 44 
5 I 1844372 56 
6 I 4842659 64 
7 I 5636256 56 
8 I 5637030 338 
9 I 5637031 266 
10 I 6446922 56 
11 I 12990302 64 
12 I 13508904 64 
13 I 13850143 56 
14 I 13854430 338 
15 I 13854453 266 
16 I 14351141 56 
17 I 14351993 266 
18 I 14351995 338 
19 I 14827431 56 
20 I 15195621 56 
21 I 45567816 64 
22 I 46290088 56 
23 I 46290700 338 
24 I 46290707 266 
25 I 46693818 64 
26 I 47027253 56 
27 I 47443254 56 
28 I 47444078 338 
29 I 47444083 266 
30 I 48215108 56 
31 I 54766244 64 
32 I 55430993 64 
33 I 58915155 44 
34 I 62267662 64 
35 I 63019859 56 
36 I 63021073 338 
37 I 63021076 266 
38 I 63499361 56 
39 I 64473921 64 
40 I 64657316 64 
41 I 65228184 56 
42 I 65229087 338 
43 I 65229098 266 
44 I 65412920 56 
45 I 65413424 266 
46 I 65413425 338 
47 I 66014741 56 
48 I 66202735 56 
49 I 81641644 64 
50 I 82368162 64 
51 I 82396567 56 
52 I 82397317 338 
53 I 82397339 266 
54 I 83132596 56 
55 I 83133839 338 
56 I 83133891 266 
57 I 83142327 56 
58 I 83890716 56 
