0 I 0 48 
1 I 13881 48 
2 I 38430 48 
3 I 56800 48 
4 I 330672 44 
5 I 347507 44 
6 I 381536 44 
7 I 388270 44 
8 I 704125 44 
9 I 740886 44 
10 I 741014 44 
11 I 1058260 44 
12 I 1123306 44 
13 I 1133514 44 
14 I 1322095 44 
15 I 1456620 44 
16 I 1466035 44 
17 I 1476071 44 
18 I 1494391 44 
19 I 1833196 44 
20 I 1843897 44 
21 I 1854434 44 
22 I 1859354 44 
23 I 2133417 44 
24 I 2200056 44 
25 I 2213374 44 
26 I 2243481 44 
27 I 2507220 44 
28 I 2554555 44 
29 I 2713845 44 
30 I 10027546 44 
31 I 10366154 44 
32 I 10387319 44 
33 I 18051834 44 
34 I 18052667 44 
35 I 18053392 44 
36 I 18385682 44 
37 I 18387344 44 
38 I 18397892 44 
39 I 25041860 48 
40 I 25050726 44 
41 I 25696995 48 
42 I 26026701 44 
43 I 26387838 44 
44 I 26921829 48 
45 I 27259015 44 
46 I 27629354 44 
47 I 27991407 48 
48 I 28092389 44 
49 I 28327566 44 
50 I 28710194 44 
51 I 29191519 44 
52 I 29493430 44 
53 I 42052992 44 
54 I 43064175 44 
55 I 44050060 44 
56 I 61880373 44 
57 I 61881076 44 
58 I 61883347 44 
