0 I 0 1366 
1 I 19743 1366 
2 I 706247 1366 
3 I 877381 1366 
4 I 896926 1366 
5 I 1259186 1366 
6 I 1949547 1366 
7 I 2629708 1366 
8 I 2730496 1366 
9 I 3152401 151 
10 I 3179152 1366 
11 I 3199186 1366 
12 I 3650975 1366 
13 I 3670695 1366 
14 I 3684727 972 
15 I 4216307 1366 
16 I 4235951 1366 
17 I 4244983 590 
18 I 4671229 480 
19 I 5251543 1366 
20 I 5254640 200 
21 I 5514963 1317 
22 I 5701475 1366 
23 I 5704209 155 
24 I 5770867 1366 
25 I 5786522 1099 
26 I 6212078 1366 
27 I 6250504 1262 
28 I 6628265 627 
29 I 6693703 679 
30 I 7083133 1366 
31 I 7092482 627 
32 I 7236149 679 
33 I 7318174 679 
34 I 7704343 1366 
35 I 7722636 1292 
36 I 8151008 694 
37 I 8225549 1366 
38 I 8389426 1366 
39 I 8418957 679 
40 I 8704541 1366 
41 I 8721511 694 
42 I 8840229 1366 
43 I 8841937 66 
44 I 9045918 1366 
45 I 9054766 628 
46 I 9085653 529 
47 I 9525969 1366 
48 I 9605487 1366 
49 I 9791599 1366 
50 I 9811788 1366 
51 I 9871193 1366 
52 I 10241332 1366 
53 I 10496338 1366 
54 I 11215818 1366 
55 I 11362137 1366 
56 I 11860445 135 
57 I 12052803 1366 
58 I 12790601 1366 
59 I 12810656 1366 
60 I 13643769 1366 
61 I 13650611 430 
62 I 14516029 1366 
63 I 15046061 1366 
64 I 15648010 1366 
65 I 15660654 694 
66 I 16177691 1366 
67 I 16197415 1366 
68 I 16217728 1366 
69 I 17133048 1366 
70 I 17152653 1366 
71 I 17634078 1366 
72 I 17676605 82 
73 I 18234017 1366 
74 I 18309658 1366 
75 I 18790822 1366 
76 I 18929919 1366 
77 I 18940570 753 
78 I 19338868 1366 
79 I 19454680 1366 
80 I 20088811 1366 
81 I 20108741 1366 
82 I 20639890 1366 
83 I 20659830 1366 
84 I 20679539 1361 
85 I 21306358 1366 
86 I 21320469 965 
87 I 21480701 1366 
88 I 21500840 1358 
89 I 21994242 1366 
90 I 22014161 1366 
91 I 22211349 1170 
92 I 22306903 1366 
93 I 22317171 651 
94 I 22736002 1366 
95 I 23038090 1195 
96 I 23062543 50 
97 I 23176114 1366 
98 I 23178339 137 
99 I 23414770 1366 
100 I 23586322 1366 
101 I 23799151 1366 
102 I 23827590 651 
103 I 23951067 579 
104 I 24545422 1366 
105 I 24671931 1366 
106 I 25180381 637 
107 I 25288860 1366 
108 I 25297919 625 
109 I 25353472 1366 
110 I 25989348 1366 
111 I 26008978 1366 
112 I 26209704 1366 
113 I 26695188 1366 
114 I 26715071 1366 
115 I 26721697 417 
116 I 27018541 1366 
117 I 27548435 96 
118 I 27633243 1366 
119 I 27656143 1366 
120 I 27797776 1366 
121 I 28387390 1366 
122 I 28416966 1366 
123 I 28563199 525 
124 I 29169645 1366 
125 I 29189177 1366 
126 I 29203398 978 
127 I 29513677 1366 
128 I 29523153 641 
129 I 29579981 1366 
130 I 29874668 337 
131 I 29894345 1366 
132 I 30027476 1366 
133 I 30113722 1366 
134 I 30133601 1366 
135 I 30358265 1366 
136 I 30487968 1366 
137 I 30782220 1366 
138 I 30791154 600 
139 I 31222817 1366 
140 I 32158997 1366 
141 I 32730544 1366 
142 I 33355900 432 
143 I 34207554 1366 
144 I 34939986 1366 
145 I 34959992 1366 
146 I 35588581 1366 
147 I 35608804 1366 
148 I 36172694 1366 
149 I 36192531 1366 
150 I 36793847 1366 
151 I 36813659 1366 
152 I 37328481 1366 
153 I 37348505 1366 
154 I 37356626 543 
155 I 37637741 568 
156 I 37652394 669 
157 I 38378403 1366 
158 I 38430256 1366 
159 I 38450154 1366 
160 I 38773480 1366 
161 I 38793290 1366 
162 I 39403201 115 
163 I 39637205 1366 
164 I 40122858 1366 
165 I 40320956 67 
166 I 40907115 1366 
167 I 41789657 1366 
168 I 45738797 1366 
169 I 46609853 1366 
170 I 47587010 1366 
171 I 48439102 1366 
172 I 48994814 1366 
173 I 49014829 1366 
174 I 49654894 1366 
175 I 50566453 1366 
176 I 51321252 1366 
177 I 51341053 1366 
178 I 51964071 1366 
179 I 51983608 1366 
180 I 52620859 1366 
181 I 53285281 1366 
182 I 53315201 1366 
183 I 53829600 548 
184 I 53908553 1366 
185 I 53928511 1366 
186 I 54188238 1366 
187 I 54311196 1366 
188 I 54601327 1366 
189 I 54627330 420 
190 I 54928901 1366 
191 I 54945231 1082 
192 I 55205788 1366 
193 I 55234385 562 
194 I 55603499 1366 
195 I 55643046 1366 
196 I 56011780 1366 
197 I 56144087 1366 
198 I 56155833 798 
199 I 56706992 1366 
200 I 56715018 498 
201 I 56760908 1366 
202 I 57127042 1366 
203 I 57590709 1366 
204 I 57610901 1366 
205 I 57994615 1366 
206 I 58263405 1366 
207 I 58283100 1366 
208 I 58697493 1366 
209 I 58717151 1366 
210 I 58847621 1366 
211 I 58856377 543 
212 I 59380378 1366 
213 I 59492555 807 
214 I 59494452 62 
215 I 59913742 1366 
216 I 60127596 171 
217 I 60398018 1366 
218 I 60593247 1366 
219 I 60725870 424 
220 I 60973592 1366 
221 I 60994021 1366 
222 I 61063077 1366 
223 I 61299622 543 
224 I 61552775 1366 
225 I 61612558 1366 
226 I 61847986 626 
227 I 61907959 1366 
228 I 62016469 1366 
229 I 62036348 1366 
230 I 62436208 1366 
231 I 62439024 129 
232 I 62458947 1366 
233 I 62545870 1366 
234 I 63051217 1366 
235 I 63212815 1366 
236 I 63233113 1366 
237 I 63711136 1366 
238 I 63894960 1366 
239 I 64580830 1366 
240 I 64733227 1366 
241 I 64752785 1366 
242 I 65372483 1366 
243 I 65392663 1366 
244 I 65410594 1242 
245 I 66029138 1366 
246 I 66049205 1366 
247 I 66056051 476 
248 I 66297523 1366 
249 I 66316577 1366 
250 I 66770897 1366 
251 I 66782148 754 
252 I 67359280 1366 
253 I 67363379 227 
254 I 67450565 672 
255 I 67488654 694 
256 I 67888205 1366 
257 I 67898077 682 
258 I 68134018 1364 
259 I 68137905 239 
260 I 68713686 1366 
261 I 68852819 1366 
262 I 68884716 1366 
263 I 69287409 1366 
264 I 69572765 1366 
265 I 69592598 1366 
266 I 69899759 702 
267 I 70002171 1366 
268 I 70012695 697 
269 I 70095059 1366 
270 I 70390951 704 
271 I 70411109 1366 
272 I 70608338 1366 
273 I 70851632 663 
274 I 71741681 704 
275 I 72643097 1366 
276 I 73559112 1354 
277 I 74176050 1366 
278 I 74388891 1366 
279 I 75121785 1366 
280 I 75747168 1366 
281 I 75789075 1366 
282 I 76444111 1366 
283 I 76464052 1366 
284 I 76484033 1366 
285 I 76973607 1366 
286 I 77229596 1366 
287 I 77777548 1366 
288 I 77798594 1366 
289 I 78030340 1366 
290 I 78472296 1366 
291 I 78492116 1366 
292 I 78736441 1366 
293 I 78756322 1366 
294 I 79042100 1366 
295 I 79057690 1083 
296 I 79452864 1334 
297 I 79546725 617 
298 I 79969577 629 
299 I 80119866 1366 
300 I 80139974 1366 
301 I 80600711 1366 
302 I 80787205 1366 
303 I 80824249 592 
304 I 80848699 1366 
305 I 80868593 1366 
306 I 81184995 1366 
307 I 81475890 1366 
308 I 81500802 345 
309 I 81613050 1366 
310 I 81621716 621 
311 I 81693672 1366 
312 I 81703365 621 
313 I 81857907 1366 
314 I 81918978 1366 
315 I 82141191 509 
316 I 82166232 1366 
317 I 82246812 126 
318 I 82887711 272 
319 I 83011387 1366 
320 I 83020452 619 
321 I 83134993 1366 
322 I 83137906 125 
323 I 83207818 1366 
324 I 83215942 514 
325 I 83318349 1366 
326 I 83328129 639 
327 I 83680934 1322 
328 I 83770454 216 
329 I 83831858 1366 
330 I 83838804 467 
331 I 83851873 683 
332 I 84243754 1366 
333 I 84254004 645 
334 I 84476867 801 
335 I 84586869 1366 
336 I 84595512 545 
337 I 84615446 1366 
338 I 84625415 657 
339 I 84736868 1334 
340 I 85034625 632 
341 I 85057880 69 
342 I 85401873 689 
343 I 85432427 1366 
344 I 85441998 657 
345 I 85813512 1334 
346 I 85913394 1366 
347 I 85923213 657 
348 I 86035425 1334 
349 I 86049146 101 
350 I 90862395 1366 
351 I 91945467 1366 
352 I 91947817 117 
353 I 92511923 1366 
354 I 92522453 689 
355 I 93164928 1366 
356 I 93184293 1366 
357 I 93801854 1366 
358 I 93821708 1366 
359 I 94537884 1366 
360 I 94544907 463 
361 I 95152566 1366 
362 I 95225848 1366 
363 I 95424405 1366 
364 I 95496570 1366 
365 I 95508283 821 
366 I 95884043 1366 
367 I 95903851 1366 
368 I 96623094 1366 
369 I 96643320 1366 
370 I 97181641 1366 
371 I 97221034 1366 
372 I 97935136 1366 
373 I 98680191 1366 
374 I 99057700 1366 
375 I 99340678 428 
376 I 99756368 222 
377 I 100113269 1366 
378 I 100503334 306 
379 I 101324925 1366 
380 I 102172482 1366 
381 I 102192317 1366 
382 I 102903855 1366 
383 I 102923699 1366 
384 I 103585521 1366 
385 I 104176625 1366 
386 I 104469185 1366 
387 I 104998559 82 
388 I 105123199 1366 
389 I 105143124 1366 
390 I 105659359 1366 
391 I 105838129 1366 
392 I 105917552 1366 
393 I 106511192 1366 
394 I 106531034 1366 
395 I 106841839 1366 
396 I 107177271 1366 
397 I 107196679 1366 
398 I 107545192 1366 
399 I 107564462 1366 
400 I 107865378 1366 
401 I 107885301 1366 
402 I 108144199 1366 
403 I 108163879 1366 
404 I 108170731 444 
405 I 108508044 1366 
406 I 108525140 1214 
407 I 108950662 1366 
408 I 108970456 1366 
409 I 108978762 550 
410 I 109316728 1366 
411 I 109336730 1366 
412 I 109345608 550 
413 I 109660745 1366 
414 I 109678463 1242 
415 I 109889728 1366 
416 I 110025855 1366 
417 I 110034118 550 
418 I 110229313 1366 
419 I 110298125 620 
420 I 110434366 682 
421 I 110718770 636 
422 I 110778894 1366 
423 I 110788222 636 
424 I 111004782 1320 
425 I 111089109 1366 
426 I 111098174 618 
427 I 111236809 682 
428 I 111382468 682 
429 I 112282851 1366 
430 I 113053020 1366 
431 I 113072501 1366 
432 I 113784957 1366 
433 I 113804451 1366 
434 I 113940930 1200 
435 I 114652615 1366 
436 I 114815531 1366 
437 I 115486139 601 
438 I 116041326 1366 
439 I 116249274 1366 
440 I 116975521 681 
441 I 116995449 1366 
442 I 117004417 625 
443 I 117145028 1366 
444 I 117174550 646 
445 I 117989690 1366 
446 I 118009570 1366 
447 I 118021785 869 
448 I 118650805 1366 
449 I 118660005 632 
450 I 118680053 1366 
451 I 119265487 1366 
452 I 119394924 1366 
453 I 119446980 1366 
454 I 120062186 124 
455 I 120208469 1366 
456 I 120211584 180 
457 I 120968357 1366 
458 I 121036747 1366 
459 I 121247867 1366 
460 I 121729878 1366 
461 I 121739867 677 
462 I 122053842 1366 
463 I 122074211 1366 
464 I 122081621 535 
465 I 122577934 1366 
466 I 122587282 603 
467 I 122874608 1366 
468 I 123429580 1366 
469 I 123449126 1366 
470 I 123686396 1366 
471 I 124132319 1366 
472 I 124152489 1366 
473 I 124458464 1366 
474 I 124477993 1366 
475 I 124754428 1366 
476 I 124774264 1366 
477 I 125110427 1366 
478 I 125129846 1366 
479 I 125138053 507 
480 I 125327412 44 
481 I 125435918 1366 
482 I 125453939 1213 
483 I 125842265 1366 
484 I 125858044 1098 
485 I 126113722 1366 
486 I 126119238 305 
487 I 126151115 1366 
488 I 126160930 657 
489 I 126487067 1366 
490 I 126505863 1302 
491 I 126670972 1366 
492 I 126689378 1292 
493 I 126701521 722 
494 I 126763675 1366 
495 I 126773429 634 
496 I 127252045 1366 
497 I 127260093 521 
498 I 127297658 825 
499 I 127392451 657 
500 I 127402411 639 
501 I 127615787 819 
502 I 127823904 689 
503 I 127997266 700 
504 I 128225154 1243 
505 I 128454473 1366 
506 I 128515793 1366 
507 I 128535738 1366 
508 I 128598834 1366 
509 I 128767660 689 
510 I 129064553 1366 
511 I 129106884 1366 
512 I 129126839 1366 
513 I 129134531 524 
514 I 129138670 244 
515 I 129627743 1366 
516 I 129957006 1366 
517 I 129976653 1366 
518 I 130016063 1310 
519 I 130770147 1366 
520 I 130936857 1366 
521 I 130955901 1312 
522 I 131983578 44 
523 I 133179555 44 
