0 I 0 52 
1 I 1415236 104 
2 I 2820230 118 
3 I 7195898 118 
4 I 8913405 90 
5 I 10700903 44 
6 I 16908516 56 
7 I 17235865 56 
8 I 18692600 56 
9 I 28806078 44 
10 I 50693147 44 
11 I 52131931 44 
12 I 53685030 44 
13 I 54975333 56 
14 I 56240389 56 
15 I 57859949 56 
16 I 74233408 44 
17 I 75770952 56 
18 I 95576779 44 
19 I 97019532 44 
20 I 98302842 56 
21 I 99679986 56 
22 I 101286659 56 
23 I 107527314 44 
24 I 109090566 56 
25 I 109092986 44 
26 I 110600297 44 
27 I 112016739 44 
28 I 113503724 56 
29 I 114937356 56 
30 I 116450528 56 
31 I 130513681 56 
32 I 131898386 44 
33 I 133452114 44 
34 I 134887018 56 
35 I 139076921 44 
36 I 140483876 44 
37 I 142254063 44 
38 I 143696219 56 
39 I 145187060 56 
40 I 146691559 56 
41 I 150738458 44 
42 I 152224956 56 
43 I 152225073 44 
44 I 153851401 44 
45 I 165410124 44 
46 I 181024215 44 
47 I 182497501 44 
48 I 184012700 56 
49 I 185485693 56 
50 I 186950050 56 
51 I 213572114 44 
52 I 214890392 44 
53 I 216242425 44 
54 I 217657455 44 
55 I 219079045 56 
56 I 219093397 44 
57 I 220513093 44 
58 I 220691711 44 
59 I 221759109 44 
60 I 221953293 44 
61 I 222754720 44 
62 I 223083762 56 
63 I 223083790 44 
64 I 224360592 44 
65 I 224701630 44 
66 I 225564587 44 
67 I 226668795 44 
68 I 227793963 56 
69 I 227793997 56 
70 I 228894450 56 
71 I 228894469 56 
72 I 229284763 44 
73 I 230251024 44 
74 I 231695880 56 
75 I 234243809 56 
76 I 240840807 44 
77 I 242292590 56 
78 I 252537121 44 
