0 I 0 56 
1 I 149602 44 
2 I 312526 56 
3 I 312647 56 
4 I 312872 44 
5 I 415046 56 
6 I 564966 44 
7 I 824748 44 
8 I 974921 44 
9 I 1112924 44 
10 I 1125026 44 
11 I 1262918 44 
12 I 1275034 44 
13 I 1275283 44 
14 I 1413142 56 
15 I 1413261 44 
16 I 1414944 44 
17 I 3391457 56 
18 I 3541116 44 
19 I 3691886 44 
20 I 3841849 44 
21 I 3847479 44 
22 I 4417385 56 
23 I 4570478 44 
24 I 4721522 44 
25 I 4733066 44 
26 I 5059688 56 
27 I 5209327 44 
28 I 5360030 44 
29 I 5510233 44 
30 I 5660285 44 
31 I 5660481 44 
32 I 5810430 44 
33 I 5810642 44 
34 I 5810880 44 
35 I 5811165 44 
36 I 5811377 44 
37 I 5960592 44 
38 I 5960839 44 
39 I 5961059 44 
40 I 5961301 56 
41 I 5961414 44 
42 I 5961732 44 
43 I 5961983 44 
44 I 6110705 56 
45 I 6110838 56 
46 I 6112754 44 
47 I 7535590 56 
48 I 7685210 44 
49 I 7835843 56 
50 I 7835968 56 
51 I 7843209 44 
52 I 8095534 56 
53 I 8245388 44 
54 I 8402486 44 
55 I 8413390 44 
56 I 8755647 56 
57 I 8905306 44 
58 I 9055823 44 
59 I 9061516 44 
60 I 9596086 56 
61 I 9655386 56 
62 I 9715146 56 
63 I 9745700 44 
64 I 9805034 44 
65 I 9865394 44 
66 I 9896426 44 
67 I 9966943 44 
68 I 9988149 44 
69 I 10015680 44 
70 I 10020923 44 
71 I 10046390 56 
72 I 10046541 56 
73 I 10055446 44 
74 I 10393484 56 
75 I 10453268 56 
76 I 10512806 56 
77 I 10543125 44 
78 I 10573217 56 
79 I 10602895 44 
80 I 10633000 56 
81 I 10662530 44 
82 I 10692966 56 
83 I 10697317 44 
84 I 10722783 44 
85 I 10752941 56 
86 I 10754042 44 
87 I 10782704 44 
88 I 10797264 56 
89 I 10813044 44 
90 I 10827297 56 
91 I 10842599 44 
92 I 10848675 44 
93 I 10857981 56 
94 I 10873322 44 
95 I 10902579 44 
96 I 10903666 44 
97 I 10912752 44 
98 I 10933642 44 
99 I 10936718 44 
100 I 10946951 44 
101 I 10953287 56 
102 I 10963241 44 
103 I 10976991 44 
104 I 10992755 44 
105 I 10994777 44 
106 I 10998658 44 
107 I 10998939 44 
108 I 11007629 44 
109 I 11023996 56 
110 I 11024163 56 
111 I 11032725 44 
112 I 11052704 44 
113 I 11054866 44 
114 I 11101626 56 
115 I 11103020 44 
116 I 11103049 44 
117 I 11105080 44 
118 I 11113273 44 
119 I 11113501 44 
120 I 11127457 44 
121 I 11129371 44 
122 I 11150074 44 
123 I 11150094 44 
124 I 11150742 44 
125 I 11152320 44 
126 I 11157838 44 
127 I 11159844 44 
128 I 11251287 44 
129 I 11260351 44 
130 I 11262276 44 
131 I 11263136 56 
132 I 11263386 56 
133 I 11280501 44 
134 I 11401620 44 
135 I 11406341 44 
