0 I 0 56 
1 I 366 64 
2 I 2928300 64 
3 I 2994348 56 
4 I 9524307 56 
5 I 9524551 56 
6 I 9524559 310 
7 I 15467151 310 
8 I 16079205 56 
9 I 16079235 64 
10 I 16693322 56 
11 I 16693373 310 
12 I 16693636 56 
13 I 17305110 56 
14 I 17305240 64 
15 I 17917455 56 
16 I 17917472 310 
17 I 17917672 56 
18 I 18521174 56 
19 I 18522315 64 
20 I 19137456 56 
21 I 19137651 56 
22 I 19137660 310 
23 I 19758198 56 
24 I 20182434 56 
25 I 21486091 56 
26 I 28754630 64 
27 I 29370052 56 
28 I 29370111 56 
29 I 29370113 310 
30 I 32320384 310 
31 I 32891345 56 
32 I 32891535 64 
33 I 33452154 56 
34 I 33452396 56 
35 I 33452413 310 
36 I 34012905 56 
37 I 34013406 64 
38 I 34568240 56 
39 I 34568342 56 
40 I 34568354 310 
41 I 35119716 64 
42 I 35660734 56 
43 I 35661228 310 
44 I 35661322 56 
45 I 36193781 56 
46 I 37838508 56 
47 I 40405393 56 
48 I 45185130 64 
49 I 45748027 56 
50 I 45748492 310 
51 I 45748594 56 
52 I 46316103 56 
53 I 46316467 64 
54 I 49273829 64 
55 I 49315064 56 
