0 I 0 52 
1 I 1764603 52 
2 I 1862728 52 
3 I 3279545 52 
4 I 5023718 52 
5 I 5032416 52 
6 I 5135631 52 
7 I 8295302 52 
8 I 9838638 52 
9 I 10014703 52 
10 I 11584518 52 
11 I 11694659 52 
12 I 13222268 52 
13 I 14510297 52 
14 I 14858361 52 
15 I 16811820 52 
16 I 17702767 52 
17 I 17843239 52 
18 I 18811478 52 
19 I 19784797 52 
20 I 20010830 52 
21 I 21123685 52 
22 I 22080076 52 
23 I 24269955 52 
24 I 26573644 52 
25 I 27673099 52 
26 I 28644128 52 
27 I 242717415 52 
28 I 242733249 52 
29 I 245977459 52 
30 I 245982346 52 
31 I 250982764 52 
32 I 252549703 52 
33 I 252551305 52 
34 I 254175744 52 
35 I 260741115 52 
