0 I 0 64 
1 I 3000785 64 
2 I 9002068 64 
3 I 9549275 64 
4 I 10093331 64 
5 I 10640064 64 
6 I 11177942 64 
7 I 11727936 64 
8 I 12267695 64 
9 I 12793423 64 
10 I 13323228 64 
11 I 13849574 64 
12 I 14375793 64 
13 I 14894833 64 
14 I 15416343 64 
15 I 15927469 64 
16 I 16443352 64 
17 I 16951276 64 
18 I 17469339 64 
19 I 17972706 64 
20 I 18499734 64 
21 I 19000054 64 
22 I 19512434 64 
23 I 20026075 64 
24 I 23026036 64 
25 I 23553354 64 
26 I 26553153 64 
27 I 27101846 64 
28 I 27643117 64 
29 I 28178870 64 
30 I 28720429 64 
31 I 29271428 64 
32 I 29841119 64 
33 I 32841158 64 
34 I 33405557 64 
35 I 33958253 64 
36 I 34512497 64 
37 I 35064005 64 
