0 I 0 44 
1 I 10061184 44 
2 I 20092365 44 
3 I 30133670 44 
4 I 40174930 44 
5 I 50246154 44 
6 I 60267465 44 
7 I 70318758 44 
8 I 80360033 44 
9 I 90401363 44 
10 I 100412564 44 
11 I 110463891 44 
12 I 120545208 44 
13 I 130546405 44 
14 I 140587804 44 
15 I 150629046 44 
16 I 160670310 44 
17 I 170711645 44 
18 I 180752935 44 
19 I 190804203 44 
20 I 200845548 44 
21 I 210886800 44 
22 I 220928077 44 
23 I 230979274 44 
24 I 241020631 44 
25 I 251061782 44 
26 I 261103189 44 
27 I 271144509 44 
28 I 281185727 44 
29 I 291246996 44 
