0 I 0 44 
1 I 899842 44 
2 I 12197320 44 
3 I 13297562 44 
4 I 35252423 154 
5 I 43100795 44 
6 I 44200748 44 
7 I 53268970 69 
8 I 62995575 44 
9 I 63243724 159 
10 I 63995217 44 
11 I 64220918 159 
12 I 74295240 44 
13 I 75395765 44 
14 I 94301004 44 
15 I 94701179 44 
16 I 104800364 44 
17 I 105400641 44 
18 I 114267237 69 
19 I 123254905 170 
20 I 124226583 170 
21 I 135896423 44 
22 I 136696328 44 
23 I 137696857 44 
24 I 138497309 44 
25 I 141271905 72 
26 I 144303104 56 
27 I 144429242 44 
28 I 144598167 44 
29 I 144795181 44 
30 I 144924790 44 
31 I 145295205 44 
32 I 145352792 44 
33 I 145494327 44 
34 I 145611181 44 
35 I 145901263 196 
36 I 145994898 44 
37 I 146107141 56 
38 I 146222841 44 
39 I 146538632 179 
40 I 146575133 265 
41 I 146693425 44 
42 I 146724272 44 
43 I 147194857 44 
44 I 147254368 44 
45 I 147394235 44 
46 I 147766213 44 
47 I 147894190 44 
48 I 148030804 168 
49 I 148194353 44 
50 I 148493979 44 
51 I 148793807 44 
52 I 149201939 44 
53 I 149286388 44 
54 I 149892302 179 
55 I 149952270 265 
56 I 150378873 185 
57 I 150493986 44 
58 I 150635238 44 
59 I 150832447 44 
60 I 151193438 44 
61 I 151493778 44 
62 I 151893230 44 
63 I 151903957 56 
64 I 151976436 44 
65 I 152012438 164 
66 I 152213246 44 
67 I 152393758 44 
68 I 152440997 150 
69 I 152655909 270 
70 I 152688796 44 
71 I 152803031 44 
72 I 152923301 44 
73 I 152943823 44 
74 I 153294167 44 
75 I 153593716 44 
76 I 153894495 44 
77 I 154155169 44 
78 I 154185377 165 
79 I 154294499 44 
80 I 154427432 44 
81 I 154594745 44 
82 I 154745179 44 
83 I 154895081 44 
84 I 155194730 44 
85 I 155495367 44 
86 I 155695407 44 
87 I 155894856 44 
88 I 156266894 44 
89 I 156695368 44 
90 I 156994996 44 
91 I 157225991 44 
92 I 157395011 44 
93 I 157695276 44 
94 I 158056782 44 
95 I 158594747 44 
96 I 158800145 164 
97 I 158869979 44 
98 I 159112644 44 
99 I 159321891 164 
100 I 159387545 44 
101 I 159577695 44 
102 I 159792886 44 
103 I 159897378 44 
104 I 160117971 44 
105 I 160272221 56 
106 I 160396893 44 
107 I 160472870 56 
108 I 160597585 44 
109 I 160792472 44 
110 I 160887789 44 
111 I 161047370 56 
112 I 161156510 44 
113 I 161336997 44 
114 I 161592423 44 
115 I 161627520 44 
116 I 161792518 44 
117 I 161935458 156 
118 I 161953609 129 
119 I 162468680 44 
120 I 162592392 44 
121 I 162792522 44 
122 I 163218155 44 
123 I 163392577 44 
124 I 163592549 44 
125 I 163682414 44 
126 I 163892577 44 
127 I 164093611 44 
128 I 164153987 44 
129 I 164513505 168 
130 I 164520571 44 
131 I 164630531 56 
132 I 164741650 44 
133 I 164892009 44 
134 I 165019020 168 
135 I 165029357 44 
136 I 165120085 44 
137 I 165234478 44 
138 I 165392216 44 
139 I 165562118 56 
140 I 165683471 44 
141 I 165991911 44 
142 I 166210675 44 
143 I 166405874 44 
144 I 166598922 44 
145 I 166636443 56 
146 I 166755960 44 
147 I 166898892 44 
148 I 167038012 44 
149 I 167198552 44 
150 I 167305420 160 
151 I 167402933 44 
152 I 167495611 154 
153 I 167599188 44 
154 I 167777681 147 
155 I 168019533 44 
156 I 168051412 56 
157 I 168141211 44 
158 I 168524006 44 
159 I 168546660 44 
160 I 168832017 44 
161 I 168879559 241 
162 I 168977783 56 
163 I 169101631 44 
164 I 169381568 44 
165 I 169496486 44 
166 I 169537346 56 
167 I 169656705 44 
168 I 169685112 157 
169 I 170096271 44 
170 I 170223684 173 
171 I 170230439 44 
172 I 170536301 182 
173 I 170764674 171 
174 I 170897131 44 
175 I 170952145 44 
176 I 171170965 44 
177 I 171595846 44 
178 I 171896348 44 
179 I 172003312 44 
180 I 172161480 44 
181 I 172387535 56 
182 I 172508163 44 
183 I 172647130 44 
184 I 172667058 44 
185 I 172923137 44 
186 I 173096013 44 
187 I 173234182 44 
188 I 173395897 44 
189 I 173526768 44 
190 I 173557668 130 
191 I 173761828 272 
192 I 173862108 162 
193 I 174196367 44 
194 I 174398386 501 
195 I 174595919 44 
196 I 174995553 44 
197 I 176804389 44 
198 I 177595744 44 
199 I 178254213 44 
200 I 178495682 44 
201 I 179196089 44 
202 I 180096672 44 
203 I 182196717 44 
204 I 182910943 56 
205 I 183031010 44 
206 I 183888912 44 
207 I 184865874 177 
208 I 185774135 165 
209 I 188093848 44 
210 I 189193846 44 
211 I 190293792 44 
212 I 191493598 44 
213 I 193193192 44 
214 I 194393702 44 
215 I 195237626 161 
216 I 196395567 44 
217 I 197594227 44 
218 I 198794511 44 
219 I 200092464 44 
220 I 200892324 44 
221 I 206291392 44 
222 I 207191786 44 
223 I 215702385 44 
224 I 216492803 179 
225 I 218900541 44 
226 I 219899581 44 
227 I 221099658 44 
228 I 222099186 44 
229 I 223099852 44 
230 I 224199428 44 
231 I 225399498 44 
232 I 226399252 44 
233 I 229300406 44 
234 I 230000281 44 
235 I 235260210 69 
236 I 259999401 44 
237 I 260799406 44 
238 I 288239871 169 
239 I 290795684 44 
240 I 291495791 44 
241 I 292195034 44 
242 I 292695246 44 
243 I 295256631 69 
