0 I 0 56 
1 I 188289 56 
2 I 236321 56 
3 I 413741 44 
4 I 1875097 44 
5 I 2220593 44 
6 I 2600916 44 
7 I 2773726 44 
8 I 2958683 44 
9 I 3274836 44 
10 I 3377342 44 
11 I 3616906 44 
12 I 3973472 44 
13 I 4066474 56 
14 I 4090378 56 
15 I 4352908 56 
16 I 4520597 56 
17 I 4790485 44 
18 I 5215986 56 
19 I 5628638 44 
20 I 6173822 44 
21 I 6516418 44 
22 I 6995944 44 
23 I 7440623 56 
24 I 7748888 44 
25 I 9172956 44 
26 I 9597204 44 
27 I 9820684 44 
28 I 9972988 44 
29 I 10183707 44 
30 I 10419187 44 
31 I 10573290 44 
32 I 10678680 44 
33 I 10873602 44 
34 I 11026283 44 
35 I 11174093 44 
36 I 11457043 56 
37 I 11480385 56 
38 I 11550800 56 
39 I 11577473 56 
40 I 11821188 56 
41 I 12008548 44 
42 I 12368428 44 
43 I 12745335 44 
44 I 12873369 44 
45 I 13191985 44 
46 I 13473198 44 
47 I 13494754 44 
48 I 13672952 44 
49 I 13769938 44 
50 I 13953741 44 
51 I 14058602 44 
52 I 14305713 44 
53 I 14395078 44 
54 I 14572702 44 
55 I 14716309 44 
56 I 14993862 56 
57 I 15112366 56 
58 I 15139471 56 
59 I 15396039 56 
60 I 15522906 44 
61 I 15902302 44 
62 I 16314427 44 
63 I 16472827 44 
64 I 16784627 44 
65 I 17074183 44 
66 I 17192956 44 
67 I 17372842 44 
68 I 17644689 44 
69 I 17773127 44 
70 I 17972277 44 
71 I 18075520 44 
72 I 18188755 44 
73 I 18547122 44 
74 I 18617072 56 
75 I 18643460 56 
76 I 18957517 56 
77 I 18981215 56 
78 I 19302451 44 
79 I 19623053 56 
80 I 20016932 44 
81 I 20675177 44 
82 I 23973961 44 
83 I 24329596 44 
84 I 24749939 44 
85 I 24972223 44 
86 I 25372169 44 
87 I 25444879 56 
88 I 25823324 56 
89 I 26292866 44 
90 I 29881565 44 
91 I 35052286 44 
92 I 40742414 44 
93 I 71607796 52 
94 I 71828499 44 
95 I 72261509 44 
96 I 87993090 44 
97 I 89187023 44 
98 I 149723628 52 
99 I 150142670 44 
100 I 150717364 44 
101 I 167596037 44 
102 I 171471890 44 
