0 I 0 44 
1 I 2254881 44 
2 I 3695969 56 
3 I 5808859 44 
4 I 6960784 44 
5 I 8063588 44 
6 I 8923509 56 
7 I 11146852 56 
8 I 11517473 56 
9 I 12268826 56 
10 I 13339939 44 
11 I 20079227 44 
12 I 21181767 44 
13 I 22181869 44 
14 I 22272900 56 
15 I 23183831 56 
16 I 23615003 56 
17 I 24016059 56 
18 I 24515731 56 
19 I 24896812 56 
20 I 25757501 56 
21 I 26157558 56 
22 I 26599378 44 
23 I 26869584 44 
24 I 28392775 44 
25 I 32697710 44 
26 I 33499108 44 
27 I 34501346 44 
28 I 35201942 44 
29 I 35902271 44 
30 I 36705328 44 
31 I 37905604 44 
32 I 38807981 44 
33 I 39709789 44 
34 I 40508996 44 
35 I 42011365 44 
36 I 42411565 44 
37 I 42672052 44 
38 I 43214159 44 
39 I 43914021 44 
40 I 45316739 44 
41 I 45696535 44 
42 I 48221667 44 
43 I 48720264 44 
44 I 49121449 44 
45 I 49232086 44 
46 I 49423324 44 
47 I 50323558 44 
48 I 53428904 44 
49 I 54089622 56 
50 I 73240600 56 
51 I 73249692 44 
52 I 108366648 52 
53 I 111217801 44 
54 I 111223629 436 
55 I 114168768 436 
56 I 124036941 44 
57 I 125378830 44 
58 I 126679944 44 
59 I 130135395 44 
60 I 130555444 44 
61 I 131588590 44 
62 I 131989105 44 
63 I 134092900 44 
64 I 134321491 44 
65 I 135296892 44 
66 I 136494492 44 
67 I 137597726 44 
68 I 142803863 44 
69 I 143606927 44 
70 I 145106693 44 
71 I 145611000 44 
72 I 146510991 44 
73 I 150114733 44 
74 I 150916090 44 
75 I 151718748 44 
76 I 152622031 44 
77 I 153117991 44 
78 I 154219588 44 
79 I 155524700 44 
80 I 159127391 44 
81 I 160429149 44 
82 I 161631551 44 
83 I 163033180 44 
84 I 164334611 44 
85 I 165136049 44 
86 I 166337967 44 
87 I 166738480 44 
88 I 176154111 44 
89 I 176955950 44 
90 I 178457642 44 
91 I 179259473 44 
92 I 180061506 44 
93 I 180858595 44 
94 I 182162281 44 
95 I 183944788 56 
96 I 185185311 56 
97 I 185616073 44 
98 I 186197042 56 
99 I 187067809 56 
100 I 187989702 56 
101 I 188530131 56 
102 I 188752586 44 
103 I 189530050 52 
104 I 192476853 52 
105 I 192906421 44 
106 I 193300119 44 
107 I 193780599 44 
108 I 193787058 438 
109 I 196682024 44 
110 I 197022291 44 
111 I 197582788 44 
112 I 198886264 44 
113 I 199687121 44 
114 I 200789207 44 
115 I 201590048 44 
116 I 203192716 44 
117 I 203451994 56 
118 I 204298875 56 
119 I 204584109 56 
120 I 205296913 56 
121 I 205568281 56 
122 I 206387742 44 
123 I 207196689 44 
124 I 208599604 44 
125 I 210105889 44 
126 I 210383254 56 
127 I 211103031 56 
128 I 211302822 56 
129 I 212309004 56 
130 I 212525244 56 
131 I 213507890 56 
132 I 213738627 56 
133 I 214709069 56 
134 I 214968166 44 
135 I 215509084 44 
136 I 216512736 44 
137 I 217612070 44 
138 I 219119777 44 
139 I 220316871 44 
140 I 220947836 56 
141 I 221521204 56 
142 I 222189019 56 
143 I 222720721 56 
144 I 223422033 56 
145 I 223872098 44 
146 I 224825032 44 
147 I 226025885 44 
148 I 226726596 44 
149 I 227530262 44 
150 I 228427662 44 
151 I 229228877 44 
152 I 229629621 44 
153 I 230733640 44 
154 I 231735789 44 
155 I 233035121 44 
156 I 234040836 44 
157 I 236542921 44 
158 I 237745098 44 
159 I 238746825 44 
160 I 239849082 44 
161 I 241147488 44 
162 I 242048105 44 
163 I 242291441 56 
164 I 242671917 56 
165 I 243253610 56 
166 I 243901273 56 
167 I 244453402 56 
168 I 245132712 56 
169 I 245859107 56 
170 I 246556185 56 
171 I 247857024 56 
172 I 248246694 56 
173 I 248862769 56 
174 I 249108140 56 
175 I 249760302 56 
176 I 250069161 56 
177 I 250762900 56 
178 I 251041037 56 
179 I 251561272 56 
180 I 251862057 56 
181 I 252564574 56 
182 I 252805822 56 
183 I 253369116 56 
184 I 253625077 56 
185 I 254166547 56 
186 I 254436206 56 
187 I 255267264 56 
188 I 255547615 56 
189 I 256069235 56 
190 I 256307875 56 
191 I 256869770 56 
192 I 257131193 56 
193 I 257670172 56 
194 I 257931144 56 
195 I 258472195 56 
196 I 258742226 56 
197 I 259276180 56 
198 I 259533387 56 
199 I 260177248 56 
200 I 260394321 56 
201 I 260816172 56 
202 I 261375361 56 
203 I 261796664 56 
204 I 262378090 56 
205 I 262568255 56 
206 I 262987992 56 
207 I 263579727 56 
208 I 263820558 56 
209 I 264259721 56 
210 I 264780956 56 
211 I 265041164 56 
212 I 265492003 56 
213 I 266083952 56 
214 I 266305923 56 
215 I 266713163 56 
216 I 267288510 56 
217 I 267515837 56 
218 I 267915435 56 
219 I 268487033 56 
220 I 268886520 56 
221 I 269109578 56 
222 I 269530271 56 
223 I 270088198 56 
224 I 270331771 56 
225 I 270759811 56 
226 I 271290202 56 
227 I 271573178 56 
228 I 271991410 56 
229 I 272492442 56 
230 I 272805481 56 
231 I 273243418 56 
232 I 273794399 56 
233 I 274076066 56 
234 I 275000329 56 
235 I 275297290 56 
236 I 276569041 56 
237 I 276949093 56 
238 I 277759747 56 
239 I 278192471 56 
240 I 279101822 56 
241 I 279382163 56 
242 I 280304235 56 
243 I 280593603 56 
244 I 280994989 56 
245 I 281509460 56 
246 I 281816997 56 
247 I 282195975 56 
248 I 282617415 44 
249 I 283028199 44 
250 I 283418179 44 
251 I 283842265 44 
252 I 284229366 44 
253 I 284649985 44 
254 I 285101130 44 
255 I 285491042 44 
256 I 286372465 44 
257 I 286793229 44 
258 I 287803784 44 
259 I 288716761 44 
260 I 290269203 44 
261 I 291589677 44 
262 I 292591050 44 
263 I 293943331 44 
264 I 294784789 44 
265 I 295204795 44 
266 I 296316757 44 
267 I 297208082 44 
268 I 297588886 44 
269 I 298019817 44 
270 I 298650712 44 
271 I 299030449 44 
272 I 299471149 44 
273 I 299912161 44 
