0 I 0 68 
1 I 531932 56 
2 I 533151 425 
3 I 1176644 374 
4 I 1743124 68 
5 I 2293654 68 
6 I 2834044 56 
7 I 3371542 56 
8 I 3917521 56 
9 I 4615665 56 
10 I 5166935 68 
11 I 5715058 68 
12 I 6255808 68 
13 I 6807367 68 
14 I 8852061 56 
15 I 16334326 56 
16 I 16890723 56 
17 I 17440345 56 
18 I 17981218 56 
19 I 18518164 56 
20 I 18637262 56 
21 I 19196400 68 
22 I 19739204 68 
23 I 20284596 56 
24 I 20821025 56 
25 I 21354679 68 
26 I 22715958 56 
27 I 23263635 56 
28 I 23802173 56 
29 I 24335463 68 
30 I 24866673 68 
31 I 25411804 56 
32 I 26149292 56 
33 I 26694718 68 
34 I 27231205 68 
35 I 27786389 56 
36 I 28369506 56 
37 I 30256138 56 
38 I 93495384 44 
