0 I 0 64 
1 I 156074 56 
2 I 160523 405 
3 I 167900 859 
4 I 349241 56 
5 I 350122 68 
6 I 351664 68 
7 I 361714 56 
8 I 362599 56 
9 I 60548488 64 
10 I 60747706 56 
11 I 60752434 405 
12 I 60761833 859 
13 I 60979071 56 
14 I 60991282 56 
15 I 60991695 56 
16 I 121188787 64 
17 I 121422290 56 
18 I 121426330 405 
19 I 121434700 859 
20 I 121715615 56 
21 I 121718130 68 
22 I 121729087 56 
23 I 121729255 56 
24 I 181916780 64 
25 I 182075394 56 
26 I 182079492 405 
27 I 182086594 859 
28 I 182302169 56 
29 I 182302551 68 
30 I 182302554 68 
31 I 182307248 56 
32 I 182307712 56 
33 I 242489950 64 
34 I 242644885 56 
35 I 242648071 405 
36 I 242655549 859 
37 I 242832297 56 
38 I 242834608 68 
39 I 242836956 68 
40 I 242865384 56 
41 I 242866359 56 
42 I 243008985 56 
