0 I 0 52 
1 I 2987963 52 
2 I 3258911 44 
3 I 3579805 96 
4 I 9526134 180 
5 I 13650153 108 
6 I 14413180 73 
7 I 14971573 50 
8 I 15661432 44 
9 I 15880949 1214 
10 I 15881223 1504 
11 I 15881470 1184 
12 I 18579648 1504 
13 I 19337076 1504 
14 I 19337316 1504 
15 I 19915158 1504 
16 I 19915472 1504 
17 I 22502766 1504 
18 I 23092924 1504 
19 I 23093197 1504 
20 I 23820934 1504 
21 I 28738016 774 
22 I 28940232 1504 
23 I 39400740 1504 
24 I 39995186 1504 
25 I 39995274 1504 
26 I 60724827 1504 
27 I 102267008 1504 
28 I 115605776 44 
29 I 122388522 44 
