0 I 0 52 
1 I 802361 44 
2 I 802387 125 
3 I 3733036 125 
4 I 9730055 125 
5 I 21744611 125 
6 I 22431409 104 
7 I 23147770 50 
8 I 25959749 44 
9 I 32738355 50 
10 I 33641787 44 
11 I 33833169 170 
12 I 33836291 1504 
13 I 33836667 1184 
14 I 34511795 1504 
15 I 37555872 1504 
16 I 38358888 1504 
17 I 38359306 1504 
18 I 39000879 1504 
19 I 39001241 1504 
20 I 39649809 1504 
21 I 39650250 1504 
22 I 40256725 1504 
23 I 40897119 384 
24 I 43754530 1504 
25 I 44408289 1504 
26 I 44408431 1504 
27 I 50151500 1504 
28 I 51043117 1504 
29 I 51043632 1504 
30 I 51787229 1504 
31 I 62554051 1504 
32 I 63265219 1504 
33 I 63265316 1504 
34 I 63981088 1504 
35 I 63981598 1504 
36 I 66656228 1504 
37 I 72050975 1504 
38 I 82855989 1504 
39 I 104475181 1504 
40 I 147729817 1504 
41 I 172828985 44 
