0 I 0 48 
1 I 1041372 44 
2 I 2656958 44 
3 I 3703597 44 
4 I 4420617 44 
5 I 6571182 48 
6 I 7619338 44 
7 I 8679812 44 
8 I 9787734 44 
9 I 9790131 44 
10 I 9791333 48 
11 I 11034643 44 
12 I 12634388 44 
13 I 12969477 48 
14 I 13352313 48 
15 I 13572501 44 
16 I 13574103 44 
17 I 13887353 44 
18 I 14269749 44 
19 I 14885339 44 
20 I 15264034 44 
21 I 15422082 48 
22 I 15827694 44 
23 I 15829194 44 
24 I 16250037 44 
25 I 16258473 44 
26 I 16259359 48 
27 I 16336762 44 
28 I 17151565 44 
29 I 17318489 44 
30 I 18084537 48 
31 I 18302848 44 
32 I 18302947 44 
33 I 18309085 44 
34 I 19400283 44 
35 I 19400502 44 
36 I 20444409 44 
37 I 20453905 44 
38 I 21234802 48 
39 I 21612378 44 
40 I 21614435 44 
41 I 21614994 48 
42 I 22166825 44 
43 I 22542799 44 
44 I 23159569 44 
45 I 23534612 44 
46 I 23712592 48 
47 I 24061307 48 
48 I 24094004 44 
49 I 24095517 44 
50 I 24483344 44 
51 I 24484743 44 
52 I 24634196 44 
53 I 24990633 44 
54 I 25685421 44 
55 I 26005710 44 
56 I 26122261 44 
57 I 26451217 44 
58 I 26741649 44 
59 I 26967695 44 
