0 I 0 56 
1 I 1004264 64 
2 I 1184550 56 
3 I 1184585 366 
4 I 1370944 56 
5 I 1552235 56 
6 I 1715796 56 
7 I 1732409 56 
8 I 1896312 56 
9 I 1912336 56 
10 I 1912555 56 
11 I 2077737 56 
12 I 2092676 56 
13 I 2093483 56 
14 I 2093653 56 
15 I 2115220 56 
16 I 2258588 56 
17 I 2273572 56 
18 I 2274045 56 
19 I 2274232 56 
20 I 2274560 56 
21 I 2275146 56 
22 I 2295698 56 
23 I 2439197 56 
24 I 2453798 56 
25 I 2454043 56 
26 I 2454291 56 
27 I 2456001 56 
28 I 2456232 56 
29 I 2456430 56 
30 I 2456686 56 
31 I 2456883 56 
32 I 2472770 56 
33 I 2476341 56 
34 I 2477204 56 
35 I 2621433 56 
36 I 2621737 56 
37 I 2636146 56 
38 I 2636599 56 
39 I 2636752 56 
40 I 2637093 56 
41 I 2637227 56 
42 I 2637477 56 
43 I 2637768 56 
44 I 2637993 56 
45 I 2638180 56 
46 I 2638621 56 
47 I 2638863 56 
48 I 2639533 56 
49 I 2640029 56 
50 I 2653821 56 
51 I 2653955 56 
52 I 2654188 56 
53 I 2657397 56 
54 I 2657835 56 
55 I 2658426 56 
56 I 2715408 56 
57 I 2802378 56 
58 I 2802568 56 
59 I 2817925 56 
60 I 2818166 56 
61 I 2819148 56 
62 I 2819679 56 
63 I 2820558 56 
64 I 2820841 56 
65 I 2821185 56 
66 I 2821487 56 
67 I 2821680 56 
68 I 2821957 56 
69 I 2822700 56 
70 I 2822994 56 
71 I 2823194 56 
72 I 2823468 56 
73 I 2823738 56 
74 I 2823914 56 
75 I 2839547 56 
76 I 2839768 56 
77 I 2840442 56 
78 I 2896046 56 
79 I 2915242 56 
80 I 2915607 56 
81 I 2982718 56 
82 I 2998242 56 
83 I 2998511 56 
84 I 3001288 56 
85 I 3001553 56 
86 I 3001934 56 
87 I 3002190 56 
88 I 3003639 56 
89 I 3003953 56 
90 I 3004073 56 
91 I 3004304 56 
92 I 3005368 56 
93 I 3005819 56 
94 I 3006154 56 
95 I 3006602 56 
96 I 3006850 56 
97 I 3845183 56 
98 I 4899682 56 
99 I 4899749 56 
100 I 4932047 56 
101 I 4945340 56 
102 I 4955291 56 
103 I 4955412 56 
104 I 4955487 56 
105 I 4955573 56 
106 I 5081102 56 
107 I 5081433 56 
108 I 5081743 56 
109 I 5082277 56 
110 I 5082715 56 
111 I 5084543 56 
112 I 5090023 56 
113 I 5112615 56 
114 I 5112823 56 
115 I 5113370 56 
116 I 5125886 56 
117 I 5126285 56 
118 I 5126462 56 
119 I 5136646 56 
120 I 5137226 56 
121 I 5137750 56 
122 I 5138010 56 
123 I 5138176 56 
124 I 5138427 56 
125 I 5138752 56 
126 I 5138966 56 
127 I 5139253 56 
128 I 5139545 56 
129 I 5139937 56 
130 I 5161197 64 
131 I 5265321 56 
132 I 5265581 56 
133 I 5265778 56 
134 I 5271452 56 
135 I 5271464 56 
136 I 5315352 56 
137 I 5341125 56 
138 I 5341381 347 
139 I 5486001 56 
140 I 5514903 56 
141 I 5692140 207 
142 I 5694916 56 
143 I 5695540 56 
144 I 5695579 56 
145 I 5883267 56 
146 I 6580196 56 
147 I 8221519 56 
148 I 8908994 56 
149 I 9090375 56 
150 I 9090635 56 
151 I 9090780 56 
152 I 9090836 56 
153 I 10079865 56 
154 I 10715214 56 
155 I 11436354 56 
156 I 11939231 56 
157 I 12367535 56 
158 I 12548122 56 
159 I 12548340 56 
160 I 12548493 56 
161 I 12548614 56 
162 I 12639460 56 
163 I 13360975 56 
164 I 14782989 56 
165 I 14936979 56 
166 I 15200969 56 
167 I 15381962 56 
168 I 15382243 56 
169 I 15382300 56 
170 I 15382369 56 
171 I 16094958 56 
172 I 17298463 56 
173 I 18579789 56 
174 I 18760846 56 
175 I 18761023 56 
176 I 18761386 56 
177 I 18761568 56 
178 I 18761624 56 
179 I 19420680 56 
180 I 19486029 56 
181 I 20689155 56 
182 I 21702619 56 
183 I 21885304 56 
184 I 21885305 56 
185 I 21885541 56 
186 I 21885773 56 
187 I 21885783 56 
188 I 22548513 56 
189 I 23751852 56 
190 I 25129329 56 
191 I 25310666 56 
192 I 25311079 56 
193 I 25311294 56 
194 I 26048789 56 
195 I 27470730 56 
196 I 28279685 56 
197 I 28491176 56 
198 I 28671841 56 
199 I 28672503 56 
200 I 28672594 56 
201 I 28672746 56 
202 I 29329520 56 
203 I 30532843 56 
204 I 31664400 56 
205 I 31846741 56 
206 I 31846995 56 
207 I 31847012 56 
208 I 31847014 56 
209 I 32611294 56 
210 I 32801082 64 
211 I 32981332 56 
212 I 32981419 350 
213 I 33365482 1220 
214 I 34032430 56 
215 I 34173474 56 
216 I 35067517 56 
217 I 35248684 56 
218 I 35248964 56 
219 I 35249253 56 
220 I 35782662 56 
221 I 36767087 56 
222 I 38628085 56 
223 I 38646398 56 
224 I 38827316 56 
225 I 38827553 56 
226 I 38827665 56 
227 I 38827791 56 
228 I 39502127 56 
229 I 40704864 56 
230 I 41896735 56 
231 I 42078305 56 
232 I 42078422 56 
233 I 42078484 56 
234 I 45386725 56 
235 I 45889846 56 
236 I 47002648 56 
237 I 50701196 56 
238 I 54463602 56 
239 I 55905935 56 
240 I 55913643 56 
241 I 55928515 56 
242 I 55928610 56 
243 I 55928700 56 
244 I 55928789 56 
245 I 55937090 56 
246 I 55937090 56 
247 I 56086276 56 
248 I 56086488 56 
249 I 56092723 56 
250 I 56094515 56 
251 I 56095910 56 
252 I 56110449 56 
253 I 56110606 56 
254 I 56111011 56 
255 I 56111257 56 
256 I 56111476 56 
257 I 56111754 56 
258 I 56112354 56 
259 I 56112577 56 
260 I 56112959 56 
261 I 56113186 56 
262 I 56113324 56 
263 I 56114494 56 
264 I 56118397 56 
265 I 56118702 56 
266 I 56118939 56 
267 I 56119404 56 
268 I 56119563 56 
269 I 56119917 56 
270 I 57522749 56 
271 I 59947647 56 
272 I 59955992 56 
273 I 59969351 56 
274 I 59969453 56 
275 I 59969454 56 
276 I 59969544 56 
277 I 59969603 56 
278 I 59969736 56 
279 I 60128241 56 
280 I 60128326 56 
281 I 60137068 56 
282 I 60137282 56 
283 I 60137555 56 
284 I 60149481 56 
285 I 60149616 56 
286 I 60149961 56 
287 I 60151066 56 
288 I 60151231 56 
289 I 60151514 56 
290 I 60151731 56 
291 I 60152019 56 
292 I 60152424 56 
293 I 60152733 56 
294 I 60152895 56 
295 I 60153109 56 
296 I 60153426 56 
297 I 60154021 56 
298 I 60154240 56 
299 I 60154523 56 
300 I 60155237 56 
301 I 60315602 56 
302 I 60514829 56 
303 I 61220962 56 
304 I 61420591 56 
305 I 62590746 64 
306 I 62768841 56 
307 I 62768871 350 
308 I 63062210 56 
309 I 63114843 1190 
310 I 63335189 56 
311 I 63915475 56 
312 I 63927696 56 
313 I 63938640 56 
314 I 63938998 56 
315 I 63946485 56 
316 I 63946643 56 
317 I 63946750 56 
318 I 63946894 56 
319 I 64055275 56 
320 I 64096150 56 
321 I 64096376 56 
322 I 64096384 56 
323 I 64096385 56 
324 I 68522218 56 
325 I 71939330 56 
326 I 71947491 56 
327 I 73325671 56 
328 I 78458998 64 
329 I 78639838 56 
330 I 78640049 348 
331 I 78974494 1188 
332 I 79243943 56 
333 I 79743532 64 
334 I 79923413 56 
335 I 79923496 575 
336 I 79951010 64 
337 I 80131736 56 
338 I 80131872 347 
339 I 80166870 56 
340 I 80167102 56 
341 I 80452350 210 
342 I 80637586 56 
343 I 80637586 56 
344 I 80637664 56 
345 I 82386820 64 
346 I 82567058 56 
347 I 82567122 533 
348 I 82763578 56 
349 I 83197454 64 
350 I 83377810 56 
351 I 83377988 497 
352 I 83570760 56 
353 I 84015318 64 
354 I 84193384 56 
355 I 84194282 500 
356 I 84391853 56 
357 I 102753741 64 
358 I 102932055 56 
359 I 102932243 347 
360 I 103254320 283 
361 I 103447230 56 
362 I 103447295 56 
363 I 103447307 56 
364 I 118284040 64 
365 I 118462827 56 
366 I 118467809 374 
367 I 118646516 56 
368 I 118646959 56 
369 I 118825244 56 
370 I 118825915 56 
371 I 118826213 56 
372 I 118826402 56 
373 I 118826805 56 
374 I 118827009 56 
375 I 119006470 56 
376 I 119006807 56 
377 I 119006812 56 
378 I 119006852 56 
379 I 119006925 56 
380 I 119007210 56 
381 I 119007271 56 
382 I 119007449 56 
383 I 119007557 56 
384 I 119007707 56 
385 I 119187464 56 
386 I 119187464 56 
387 I 119187526 56 
388 I 119187618 56 
389 I 119187619 56 
390 I 119187770 56 
391 I 119188000 56 
392 I 119188086 56 
393 I 119188233 56 
394 I 119188442 56 
395 I 119188688 56 
396 I 119188937 56 
397 I 119188965 56 
398 I 119189269 56 
399 I 119366883 56 
400 I 119366884 56 
401 I 119366988 56 
402 I 119367154 56 
403 I 119367155 56 
404 I 119367255 56 
405 I 119367259 56 
406 I 119367354 56 
407 I 119367462 56 
408 I 119367706 56 
409 I 119367873 56 
410 I 119368147 56 
411 I 119368590 56 
412 I 119368591 56 
413 I 119368822 56 
414 I 119368916 56 
415 I 119369019 56 
416 I 119369020 56 
417 I 119369202 56 
418 I 119369260 56 
419 I 119369373 56 
420 I 119369519 56 
421 I 119369694 56 
422 I 119369948 56 
423 I 119370324 56 
424 I 119370577 56 
425 I 119370781 56 
426 I 119370852 56 
427 I 119370953 56 
428 I 119371004 56 
429 I 119546209 56 
430 I 119546499 56 
431 I 119546704 56 
432 I 119546705 56 
433 I 119546790 56 
434 I 119547350 56 
435 I 119547351 56 
436 I 119550030 56 
437 I 119550224 56 
438 I 119550798 56 
439 I 119550799 56 
440 I 119550800 56 
441 I 119550802 56 
442 I 119550895 56 
443 I 119550895 56 
444 I 119550898 56 
445 I 119551153 56 
446 I 119551280 56 
447 I 119551322 56 
448 I 119725520 56 
449 I 119726140 56 
450 I 119729875 56 
451 I 119730090 56 
452 I 119730263 56 
453 I 119730323 56 
454 I 119730395 56 
455 I 119730478 56 
456 I 119730588 56 
457 I 119730909 56 
458 I 119730914 56 
459 I 119904862 56 
460 I 119905630 56 
461 I 119909644 56 
462 I 119909815 56 
463 I 119909985 56 
464 I 119910093 56 
465 I 119910270 56 
466 I 120089805 56 
467 I 120089980 56 
468 I 120090410 56 
469 I 120090464 56 
470 I 120269879 56 
471 I 120270792 56 
472 I 120271258 56 
473 I 120973904 56 
474 I 121112556 56 
475 I 121152494 56 
476 I 121152868 56 
477 I 121153146 56 
478 I 121312289 56 
479 I 121332151 56 
480 I 121332815 56 
481 I 121373911 56 
482 I 121552966 56 
483 I 121553106 56 
484 I 121553227 56 
485 I 121731727 56 
486 I 121732088 56 
487 I 122450438 56 
488 I 123654201 56 
489 I 124390235 64 
490 I 124569727 56 
491 I 124569901 536 
492 I 124630883 64 
493 I 124754819 56 
494 I 124810038 56 
495 I 124810156 349 
496 I 125083785 64 
497 I 125187355 1091 
498 I 125263993 56 
499 I 125268703 499 
500 I 125429261 56 
501 I 125455103 56 
502 I 125546193 64 
503 I 125725965 56 
504 I 125726123 502 
505 I 125924230 56 
506 I 125950193 56 
507 I 127474555 56 
508 I 127653144 56 
509 I 127653186 56 
510 I 127653337 56 
511 I 127653785 56 
512 I 127831775 56 
513 I 127831932 56 
514 I 128011140 56 
515 I 128011759 56 
516 I 128794245 56 
517 I 129049755 64 
518 I 129229743 56 
519 I 129229826 347 
520 I 129625579 205 
521 I 129818602 56 
522 I 130163013 64 
523 I 130216436 56 
524 I 130342615 56 
525 I 130343027 347 
526 I 130708567 210 
527 I 130893470 56 
528 I 132951480 56 
529 I 138309911 56 
530 I 142925083 56 
531 I 143103836 56 
532 I 143104174 56 
533 I 143283101 56 
534 I 143283483 56 
535 I 143283484 56 
536 I 143997198 56 
537 I 145200457 56 
538 I 147496746 56 
539 I 148847979 56 
540 I 149028949 56 
541 I 149029096 56 
542 I 149029236 56 
543 I 149029285 56 
544 I 149208214 56 
545 I 149208217 56 
546 I 149208308 56 
547 I 149386781 56 
548 I 149387236 56 
549 I 150231877 56 
550 I 151872612 56 
551 I 152323366 56 
552 I 152502342 56 
553 I 152502562 56 
554 I 152502590 56 
555 I 152680983 56 
556 I 152681094 56 
557 I 152912052 56 
558 I 153622291 56 
559 I 154826174 56 
560 I 155668689 56 
561 I 155847488 56 
562 I 155847535 56 
563 I 156029337 56 
564 I 156029337 56 
565 I 156029459 56 
566 I 156796124 56 
567 I 158216698 56 
568 I 159495504 56 
569 I 159674787 56 
570 I 159711863 56 
571 I 159857506 56 
572 I 159857691 56 
573 I 159858250 56 
574 I 159911771 56 
575 I 160623685 56 
576 I 161825615 56 
577 I 163405058 64 
578 I 163586696 56 
579 I 163586827 511 
580 I 163781450 56 
581 I 164125234 56 
582 I 168606904 56 
583 I 169152183 64 
584 I 169331746 56 
585 I 169331869 511 
586 I 169516746 56 
587 I 172817259 64 
588 I 172995226 56 
589 I 172995406 514 
590 I 173178133 56 
591 I 175875859 56 
592 I 176055529 56 
593 I 176055665 56 
594 I 176233567 56 
595 I 176233785 56 
596 I 176234100 56 
597 I 177138815 56 
598 I 178778856 56 
599 I 181951029 56 
600 I 188185245 56 
601 I 200544443 56 
602 I 208678142 64 
603 I 208858136 56 
604 I 208858166 367 
605 I 209252727 1100 
606 I 209486705 56 
607 I 213949627 56 
608 I 214128484 56 
609 I 214128587 56 
610 I 214312129 56 
611 I 214312130 56 
612 I 214312130 56 
613 I 214982149 56 
614 I 216184860 56 
615 I 218481323 56 
616 I 222965548 56 
617 I 231825684 56 
618 I 236752024 64 
619 I 236931285 56 
620 I 236931404 592 
621 I 237117872 56 
622 I 282366673 64 
623 I 282547809 56 
624 I 282548095 506 
625 I 282741772 56 
626 I 282774999 64 
627 I 282954304 56 
628 I 282954427 472 
629 I 283138469 56 
630 I 283186472 64 
631 I 283366920 56 
632 I 283367094 475 
633 I 283551316 56 
634 I 283551345 56 
635 I 283552368 56 
