0 I 0 44 
1 I 35 44 
2 I 896 52 
3 I 880261 44 
4 I 1712890 56 
5 I 1713122 56 
6 I 1713592 44 
7 I 1714361 52 
8 I 2560186 44 
9 I 3445209 56 
10 I 3445209 56 
11 I 3445211 44 
12 I 3446692 52 
13 I 4331082 44 
14 I 5209056 56 
15 I 5209057 56 
16 I 5209090 44 
17 I 5209937 52 
18 I 6093762 44 
19 I 6945470 56 
20 I 6945472 56 
21 I 6945626 44 
22 I 6946916 52 
23 I 7836748 44 
24 I 8681256 44 
25 I 8682093 44 
26 I 8683523 52 
27 I 9569697 44 
28 I 10447035 56 
29 I 10447035 56 
30 I 10447315 44 
31 I 10450147 52 
32 I 11343045 44 
33 I 12230406 56 
34 I 15402521 56 
35 I 15402976 44 
36 I 15405354 52 
37 I 16257960 44 
38 I 17124797 44 
39 I 17125961 44 
40 I 17127151 52 
41 I 17991681 44 
42 I 18937837 56 
43 I 18937837 56 
44 I 18937974 44 
45 I 18937976 52 
46 I 19831957 44 
47 I 20728429 44 
48 I 20729607 44 
49 I 20731303 52 
50 I 21620357 44 
51 I 22511996 44 
52 I 22512082 44 
53 I 22512288 52 
54 I 23417024 44 
55 I 24289222 44 
56 I 24289382 44 
57 I 24289846 52 
58 I 25181214 44 
59 I 26082105 44 
60 I 26082443 44 
61 I 26083741 52 
62 I 26954364 44 
63 I 27853454 44 
64 I 27853595 44 
65 I 27854983 52 
66 I 28714897 44 
67 I 29638450 44 
68 I 29639219 44 
69 I 29640735 52 
70 I 30619124 44 
71 I 31457203 56 
72 I 31457607 56 
73 I 31458179 44 
74 I 31459881 52 
75 I 32291823 44 
76 I 33166151 56 
77 I 33166151 56 
78 I 33166257 44 
79 I 33167763 52 
80 I 34003465 44 
81 I 34833632 44 
82 I 34833731 44 
83 I 34835057 52 
84 I 35661652 44 
85 I 36450794 44 
86 I 36451448 52 
87 I 36463264 44 
88 I 37268328 44 
89 I 38072916 44 
90 I 38073661 44 
91 I 38074982 52 
92 I 38930611 44 
93 I 39814300 56 
94 I 39814301 56 
95 I 39814302 44 
96 I 39815018 52 
97 I 43856019 44 
98 I 44488796 56 
99 I 44488811 56 
100 I 44489212 44 
101 I 44490247 52 
102 I 45283731 44 
103 I 45285246 44 
104 I 46117196 44 
105 I 46118403 44 
106 I 46119958 52 
107 I 46954951 44 
108 I 47775620 56 
109 I 47775621 56 
110 I 47777210 44 
111 I 47778245 52 
112 I 48579301 44 
113 I 49396740 44 
114 I 49397254 44 
