0 I 0 44 
1 I 293591 44 
2 I 443341 44 
3 I 624135 44 
4 I 807665 44 
5 I 1169708 44 
6 I 1349471 44 
7 I 1575615 44 
8 I 1757960 44 
9 I 2591960 44 
10 I 3287701 44 
11 I 3435774 44 
12 I 3621588 44 
13 I 3864072 44 
14 I 4013698 44 
15 I 4051689 44 
16 I 4200061 44 
17 I 4237456 44 
18 I 4386010 44 
19 I 4561764 44 
20 I 4669815 44 
21 I 4999416 44 
22 I 5093513 44 
23 I 5325458 44 
24 I 5507956 44 
25 I 5687766 44 
26 I 5873869 44 
27 I 6283341 44 
28 I 6463524 44 
29 I 6645787 44 
30 I 6966192 44 
31 I 7075552 44 
32 I 7295648 44 
33 I 7479854 44 
34 I 7659284 44 
35 I 7839599 44 
36 I 8169183 44 
37 I 8423990 44 
38 I 8430114 44 
39 I 8764070 44 
40 I 8943956 44 
41 I 9263912 44 
42 I 9373837 44 
43 I 9592569 44 
44 I 9775300 44 
45 I 9955765 44 
46 I 10135814 44 
47 I 10467704 44 
48 I 10575706 44 
49 I 10803932 44 
50 I 10985811 44 
51 I 11669221 44 
52 I 12347698 44 
53 I 12795781 44 
54 I 12997663 44 
55 I 13185688 44 
56 I 13309907 44 
57 I 13373453 44 
58 I 13495866 44 
59 I 13559773 44 
60 I 13677815 56 
61 I 13681712 44 
62 I 14004125 44 
63 I 14403616 44 
64 I 14583311 44 
65 I 14763325 44 
66 I 15059554 44 
67 I 15275210 44 
68 I 15387390 44 
69 I 15503403 44 
70 I 15715620 44 
71 I 15899681 44 
72 I 16263955 44 
73 I 16417868 44 
74 I 16592028 44 
75 I 16775649 44 
76 I 17063939 44 
77 I 17357631 44 
78 I 17563528 44 
79 I 17903563 44 
80 I 18033316 44 
81 I 18184075 44 
82 I 18365523 44 
83 I 18703950 44 
84 I 18887598 44 
85 I 19163652 44 
86 I 19546123 44 
87 I 19713442 44 
88 I 19873830 44 
89 I 20059540 44 
90 I 20420082 44 
91 I 21295788 44 
92 I 22129676 44 
93 I 22169319 44 
94 I 22357675 44 
95 I 22545872 44 
96 I 22715601 44 
97 I 22734100 44 
98 I 22901958 44 
99 I 22919867 44 
100 I 23045890 44 
101 I 23089812 44 
102 I 23277893 44 
103 I 23457321 44 
104 I 23773818 44 
105 I 23953597 44 
106 I 24247728 44 
107 I 24417892 44 
108 I 24575526 44 
109 I 24757739 44 
110 I 24937349 44 
111 I 25117479 44 
112 I 25553612 44 
113 I 25669408 44 
114 I 25733657 44 
115 I 26074017 44 
116 I 26353784 44 
117 I 26533909 44 
118 I 26874033 44 
119 I 27055439 44 
120 I 27237835 44 
121 I 27418107 44 
122 I 27597976 44 
123 I 27967751 44 
124 I 28075658 44 
125 I 28295569 44 
126 I 28478146 44 
127 I 28658075 44 
128 I 29035643 44 
129 I 29201863 44 
130 I 29389501 44 
131 I 29553475 44 
132 I 29717997 44 
133 I 29874169 44 
134 I 30123605 44 
135 I 31029724 44 
136 I 31513720 44 
137 I 31701573 44 
138 I 31890165 44 
139 I 32013913 44 
140 I 32080089 44 
141 I 32199564 44 
142 I 32265913 44 
143 I 32411514 44 
144 I 32595738 44 
145 I 32997742 44 
146 I 33181632 44 
147 I 33549689 44 
148 I 33656139 44 
149 I 33873934 44 
150 I 34053422 44 
151 I 34233621 44 
152 I 34413783 44 
153 I 34755698 44 
154 I 35055632 44 
155 I 35375777 44 
156 I 35695766 44 
157 I 35876215 44 
158 I 36055407 44 
159 I 36235592 44 
160 I 36575590 44 
161 I 36755786 44 
162 I 37155854 44 
163 I 37337391 44 
164 I 37655512 44 
165 I 37965322 44 
166 I 38358473 44 
167 I 38561568 44 
168 I 38763309 44 
169 I 38949907 56 
170 I 38951916 44 
171 I 39342290 44 
172 I 40405383 44 
173 I 40873871 44 
174 I 41061850 44 
175 I 41249585 44 
176 I 41419564 44 
177 I 41553592 44 
178 I 41605772 44 
179 I 41739604 44 
180 I 41791484 44 
181 I 41965739 44 
182 I 42295774 44 
183 I 42479762 44 
184 I 42691721 44 
185 I 43061726 44 
186 I 43169330 44 
187 I 43389820 44 
188 I 43571603 44 
189 I 43829925 44 
190 I 44046220 44 
191 I 44146032 44 
192 I 44325524 44 
193 I 44701624 44 
194 I 44971427 44 
195 I 45045857 44 
196 I 45357800 44 
197 I 45540083 44 
198 I 45885664 44 
199 I 46119612 44 
200 I 46426042 44 
201 I 46669468 44 
202 I 46849957 44 
203 I 47255914 44 
204 I 47436486 44 
205 I 47919498 44 
206 I 48108160 44 
207 I 48405938 44 
208 I 48529960 44 
209 I 49542126 44 
210 I 50247856 44 
211 I 50350001 44 
212 I 50433974 44 
213 I 50691466 44 
214 I 50825976 44 
215 I 50879911 44 
216 I 51011601 44 
217 I 51065803 44 
218 I 51071681 44 
219 I 51199876 44 
220 I 51246004 56 
221 I 51252180 44 
222 I 51591835 44 
223 I 51827951 44 
224 I 52012056 44 
225 I 52345736 44 
226 I 52575828 44 
227 I 52965858 44 
228 I 53096082 44 
229 I 53341715 44 
230 I 53523837 44 
231 I 53669985 44 
232 I 53889867 44 
233 I 54116020 44 
234 I 54226018 44 
235 I 54545867 44 
236 I 54665557 44 
237 I 54845950 44 
238 I 55251507 44 
239 I 55434345 44 
240 I 55613861 44 
241 I 55794093 44 
242 I 56075454 44 
243 I 56255616 44 
244 I 56623779 44 
245 I 57296168 44 
246 I 57535813 44 
247 I 57718417 44 
248 I 57723909 44 
249 I 57907414 44 
250 I 57914258 44 
251 I 58045915 44 
252 I 58089732 56 
253 I 58093614 44 
254 I 58273832 44 
255 I 58677776 44 
256 I 58859500 44 
257 I 59185919 44 
258 I 59367753 44 
259 I 59547795 44 
260 I 59897332 44 
261 I 60225998 44 
262 I 60545436 44 
263 I 60961583 44 
264 I 61075765 44 
265 I 61326341 44 
266 I 61505642 44 
267 I 61685725 44 
268 I 61873561 44 
269 I 62258446 44 
270 I 62437736 56 
271 I 62443924 44 
272 I 62623876 44 
273 I 62804130 44 
274 I 63075681 44 
275 I 63255758 44 
276 I 63588349 44 
277 I 63877960 44 
278 I 64057995 44 
279 I 64237913 44 
280 I 64577548 44 
281 I 64936349 44 
282 I 65118007 44 
283 I 65263714 44 
284 I 65531876 44 
285 I 66468002 44 
286 I 66671766 44 
287 I 66673003 44 
288 I 66859708 44 
289 I 67047971 44 
290 I 67233612 44 
291 I 67239906 44 
292 I 67419764 56 
293 I 67423541 44 
294 I 67670108 44 
295 I 67851594 44 
296 I 68118056 44 
297 I 68298011 44 
298 I 68637974 44 
299 I 68958158 44 
300 I 69139840 44 
301 I 69319734 44 
302 I 69639779 44 
303 I 69757355 44 
304 I 69941799 44 
305 I 70295607 44 
306 I 70478306 44 
307 I 70659931 44 
308 I 70839680 44 
309 I 71240523 44 
310 I 71357440 44 
311 I 71608323 44 
312 I 71787592 44 
313 I 71935910 44 
314 I 72118179 44 
315 I 72387795 44 
316 I 72570031 44 
317 I 72878352 44 
318 I 73057432 44 
319 I 73357789 44 
320 I 73539920 44 
321 I 73720114 44 
322 I 74013646 44 
323 I 74195786 44 
324 I 74487651 44 
325 I 75328095 44 
326 I 75968332 44 
327 I 75999875 44 
328 I 76021676 44 
329 I 76154313 44 
330 I 76343695 44 
331 I 76530473 44 
332 I 76535827 44 
333 I 76719868 44 
334 I 76723803 44 
335 I 76955741 44 
336 I 77295733 44 
337 I 77475773 44 
338 I 77623627 44 
339 I 77842331 44 
340 I 78093845 44 
341 I 78157900 44 
342 I 78500031 44 
343 I 78683352 44 
344 I 78863758 44 
345 I 79240187 44 
346 I 79419705 44 
347 I 79599657 44 
348 I 79921824 44 
349 I 80098032 44 
350 I 80249622 44 
351 I 80431710 44 
352 I 80795639 44 
353 I 80957832 44 
354 I 81123932 44 
355 I 81305850 44 
356 I 81523466 44 
357 I 81671999 44 
358 I 81890121 44 
359 I 82071700 44 
360 I 82253694 44 
361 I 82661782 44 
362 I 82777701 44 
363 I 82873756 44 
364 I 83060050 44 
365 I 83377863 44 
366 I 83557713 44 
367 I 83967681 44 
368 I 84952023 44 
369 I 85357604 44 
370 I 85543723 44 
371 I 85732062 44 
372 I 85917945 44 
373 I 85923998 44 
374 I 86106364 44 
375 I 86110065 56 
376 I 86114166 44 
377 I 86293554 44 
378 I 86591667 44 
379 I 86773998 44 
380 I 86954058 44 
381 I 87235658 44 
382 I 87417859 44 
383 I 87747615 44 
384 I 88067571 44 
385 I 88248037 56 
386 I 88370302 44 
387 I 88550100 44 
388 I 88857761 44 
389 I 89180142 44 
390 I 89516341 44 
391 I 89695552 44 
392 I 90069920 44 
393 I 90388210 44 
394 I 90659742 44 
395 I 90839773 44 
396 I 91019975 44 
397 I 91406404 44 
398 I 91589766 44 
399 I 91800034 44 
400 I 91979871 44 
401 I 92172172 44 
402 I 92349776 44 
403 I 92500127 44 
404 I 92680275 44 
405 I 92968035 44 
406 I 93812109 44 
407 I 94511923 44 
408 I 94702161 44 
409 I 94704049 44 
410 I 94889592 44 
411 I 95077901 44 
412 I 95234054 44 
413 I 95266170 44 
414 I 95419951 44 
415 I 95452150 44 
416 I 95601695 56 
417 I 95605835 44 
418 I 95959766 44 
419 I 96367975 44 
420 I 96459764 44 
421 I 96657926 44 
422 I 96873726 44 
423 I 97056738 44 
424 I 97236056 44 
425 I 97511856 44 
426 I 97694351 44 
427 I 97874109 44 
428 I 98077553 44 
429 I 98406142 44 
430 I 98652429 44 
431 I 98656257 44 
432 I 98836073 44 
433 I 99015521 44 
434 I 99390322 44 
435 I 99794262 44 
436 I 99888338 44 
437 I 100155861 44 
438 I 100338411 44 
439 I 100701668 44 
440 I 100937810 44 
441 I 100941719 44 
442 I 101249678 44 
443 I 101432384 44 
444 I 101759959 44 
445 I 102124067 44 
446 I 102344207 44 
447 I 103219913 44 
448 I 103952488 44 
449 I 104078657 44 
450 I 104079638 44 
451 I 104368062 44 
452 I 104556075 44 
453 I 104741551 44 
454 I 104747435 44 
455 I 104929974 44 
456 I 104936070 44 
457 I 105078126 44 
458 I 105119822 44 
459 I 105296244 44 
460 I 105510079 44 
461 I 105691725 44 
462 I 105871886 44 
463 I 106052207 44 
464 I 106390097 44 
465 I 106645595 44 
466 I 106749628 44 
467 I 106930037 44 
468 I 107109999 44 
469 I 107289785 44 
470 I 107593866 44 
471 I 107793845 44 
472 I 107973986 44 
473 I 108154061 44 
474 I 108333954 44 
475 I 108578047 44 
476 I 108761974 44 
477 I 109124104 44 
478 I 109305694 44 
479 I 109487714 44 
480 I 109889836 44 
481 I 110078038 44 
482 I 110257634 44 
483 I 110600206 44 
484 I 110873878 44 
485 I 111055843 44 
486 I 111389855 44 
487 I 112357930 44 
488 I 113133628 44 
489 I 113499973 44 
490 I 113501195 44 
491 I 113686094 44 
492 I 113873804 44 
493 I 114045863 44 
494 I 114061893 44 
495 I 114231985 44 
496 I 114247749 44 
497 I 114373855 44 
498 I 114420410 44 
499 I 114436072 44 
500 I 114646223 44 
501 I 115000033 44 
502 I 115182213 44 
503 I 115362225 44 
504 I 115578269 44 
505 I 115786378 44 
506 I 115965966 44 
507 I 116279928 44 
508 I 116460005 44 
509 I 116672863 44 
510 I 117071948 44 
511 I 117251637 44 
512 I 117545724 44 
513 I 117730098 44 
514 I 118072128 44 
515 I 118421782 44 
516 I 118606035 44 
517 I 118892104 44 
518 I 119072079 44 
519 I 119406428 44 
520 I 119569753 44 
521 I 119734136 44 
522 I 119917747 44 
523 I 120097761 44 
524 I 120470283 44 
525 I 120608012 44 
526 I 120828105 44 
527 I 121010289 56 
528 I 121014253 44 
529 I 121922061 44 
530 I 122638038 44 
531 I 122779641 44 
532 I 122965941 44 
533 I 123153872 44 
534 I 123340158 44 
535 I 123346164 44 
536 I 123530556 44 
537 I 123536318 44 
538 I 123778377 44 
539 I 123862114 44 
540 I 124107794 44 
541 I 124290177 44 
542 I 124561717 44 
543 I 124918236 44 
544 I 125093536 44 
545 I 125201725 44 
546 I 125532022 44 
547 I 125672225 44 
548 I 125860125 44 
549 I 126063601 44 
550 I 126244199 44 
551 I 126424180 44 
552 I 126734142 44 
553 I 126916133 44 
554 I 127282162 44 
555 I 127462260 56 
556 I 127468257 44 
557 I 127742247 44 
558 I 128045864 44 
559 I 128226565 44 
560 I 128501772 44 
561 I 128681775 44 
562 I 129031840 44 
563 I 129162300 44 
564 I 129358316 44 
565 I 129578113 44 
566 I 129828118 44 
567 I 130014222 56 
568 I 130020126 44 
569 I 130202410 44 
570 I 131000143 44 
571 I 131777805 44 
572 I 132155977 44 
573 I 132344447 44 
574 I 132534446 44 
575 I 132719886 44 
576 I 132725592 44 
577 I 132925866 44 
578 I 132928278 44 
579 I 133078105 44 
580 I 133108301 56 
581 I 133111911 44 
582 I 133292230 44 
583 I 133472242 44 
584 I 133801760 44 
585 I 134061997 44 
586 I 134389982 44 
587 I 134562163 44 
588 I 134717902 44 
589 I 134900203 44 
590 I 135081303 44 
591 I 135373660 44 
592 I 135552049 44 
593 I 135732145 56 
594 I 135738037 44 
595 I 136032366 44 
596 I 136214337 44 
597 I 136360238 44 
598 I 136541678 44 
599 I 136721867 44 
600 I 136902252 44 
601 I 137171961 44 
602 I 137488090 44 
603 I 137672001 44 
604 I 137854222 44 
605 I 138091876 44 
606 I 138402533 44 
607 I 139203798 44 
608 I 139205115 44 
609 I 139390220 44 
610 I 139580689 44 
611 I 139768309 44 
612 I 139774407 56 
613 I 139776339 44 
614 I 140078273 44 
615 I 140259501 44 
616 I 140624278 44 
617 I 140910241 44 
618 I 140942455 44 
619 I 141171977 44 
620 I 141354261 44 
621 I 141717935 44 
622 I 141862389 44 
623 I 142053718 44 
624 I 142236139 44 
625 I 142524242 44 
626 I 142703679 44 
627 I 143032048 44 
628 I 143212205 44 
629 I 143360236 44 
630 I 143542160 44 
631 I 143722125 44 
632 I 143902165 44 
633 I 144171900 44 
634 I 144351905 44 
635 I 144672145 44 
636 I 144854424 44 
637 I 145033811 44 
638 I 145328093 44 
639 I 145511837 44 
640 I 145692220 44 
641 I 146062027 44 
642 I 146391967 44 
643 I 146625745 44 
644 I 146808256 44 
645 I 147078236 44 
646 I 147261614 44 
647 I 147624957 44 
648 I 147806115 44 
649 I 148563382 44 
650 I 148750108 44 
651 I 148937720 44 
652 I 149124072 44 
653 I 149125460 56 
654 I 149127989 44 
655 I 149373812 44 
656 I 149555876 44 
657 I 149922299 44 
658 I 150101916 56 
659 I 150107834 44 
660 I 150288106 44 
661 I 150578456 44 
662 I 150757684 44 
663 I 150939900 44 
664 I 151271833 44 
665 I 151454296 44 
666 I 151672070 44 
667 I 151854134 44 
668 I 152034065 44 
669 I 152332334 44 
670 I 152516230 44 
671 I 152851935 44 
672 I 153034054 44 
673 I 153474459 44 
674 I 153572043 44 
675 I 153752422 44 
676 I 154064029 44 
677 I 154353723 44 
678 I 154694114 44 
679 I 154973992 44 
680 I 155172758 44 
681 I 155356183 44 
682 I 155760425 44 
683 I 155937869 44 
684 I 155939739 56 
685 I 155946042 44 
686 I 156125934 44 
687 I 156375803 44 
688 I 156556156 44 
689 I 156736367 44 
690 I 157032312 44 
691 I 157876263 44 
692 I 157906278 44 
693 I 158062083 44 
694 I 158234321 44 
695 I 158252258 44 
696 I 158420617 44 
697 I 158432140 44 
698 I 158671972 44 
699 I 158854312 44 
700 I 159218084 44 
701 I 159374474 44 
702 I 159547713 44 
703 I 159730056 44 
704 I 159875513 44 
705 I 160094179 44 
706 I 160332202 44 
707 I 160594253 44 
708 I 160773964 44 
709 I 161078330 44 
710 I 161258302 44 
711 I 161472202 44 
712 I 161814043 44 
713 I 161995826 44 
714 I 162389933 44 
715 I 162615690 44 
716 I 162893983 44 
717 I 163266003 44 
718 I 163376000 44 
719 I 163573763 44 
720 I 163756170 56 
721 I 163758032 44 
722 I 164093987 44 
723 I 164273970 44 
724 I 164564529 44 
725 I 164900440 44 
726 I 165234169 44 
727 I 165420124 44 
728 I 165671934 44 
729 I 165852251 44 
730 I 166042579 44 
731 I 166875752 44 
732 I 167266184 44 
733 I 167281721 44 
734 I 167452211 44 
735 I 167640343 44 
736 I 167825733 44 
737 I 167832417 44 
738 I 168006343 56 
739 I 168014327 44 
740 I 168194171 44 
741 I 168374282 44 
742 I 168734160 44 
743 I 168918261 44 
744 I 169171849 44 
745 I 169464585 44 
746 I 169610199 44 
747 I 169792221 44 
748 I 170094288 44 
749 I 170274271 44 
750 I 170454250 44 
751 I 170812547 44 
752 I 170993765 44 
753 I 171174203 44 
754 I 171354180 44 
755 I 171578354 44 
756 I 171758453 44 
757 I 172113914 44 
758 I 172294344 44 
759 I 172664659 44 
760 I 172896159 44 
761 I 173217867 44 
762 I 173398047 44 
763 I 173580442 44 
764 I 173876245 44 
765 I 174038026 44 
766 I 174164060 44 
767 I 174524365 44 
768 I 174703902 44 
769 I 175023929 44 
770 I 175406506 44 
771 I 176172152 44 
772 I 176609882 44 
773 I 176642372 44 
774 I 176796186 44 
775 I 176985834 44 
776 I 177156051 44 
777 I 177174383 44 
778 I 177462780 44 
779 I 177467752 56 
780 I 177469805 44 
781 I 177650048 44 
782 I 178032416 44 
783 I 178215675 44 
784 I 178360490 44 
785 I 178602050 44 
786 I 178656504 44 
787 I 179016029 44 
788 I 179198317 44 
789 I 179380196 44 
790 I 179742964 44 
791 I 179891868 44 
792 I 180109849 44 
793 I 180293892 44 
794 I 180476268 44 
795 I 180884797 44 
796 I 181053994 44 
797 I 181205099 44 
798 I 181385910 44 
799 I 181686079 44 
800 I 181866096 44 
801 I 182046107 44 
802 I 182406171 44 
803 I 182590152 44 
804 I 182865872 44 
805 I 183046141 56 
806 I 183170214 44 
807 I 183351975 44 
808 I 185577988 44 
809 I 185760745 44 
810 I 185944079 44 
811 I 185984579 44 
812 I 186126105 44 
813 I 186308333 44 
814 I 186596353 44 
815 I 186600501 44 
816 I 186784054 44 
817 I 186968397 44 
818 I 187148471 44 
819 I 187332187 44 
820 I 187512547 44 
821 I 187737887 44 
822 I 187743835 44 
823 I 187876208 44 
824 I 188006344 44 
825 I 188246103 44 
826 I 188426338 44 
827 I 188608132 44 
828 I 188984356 44 
829 I 189166332 44 
830 I 189345814 44 
831 I 189686395 44 
832 I 190026043 44 
833 I 190206259 44 
834 I 190385806 44 
835 I 190719963 44 
836 I 190902267 44 
837 I 191170322 44 
838 I 191352042 44 
839 I 191532321 44 
840 I 191866786 44 
841 I 192307771 44 
842 I 192470185 44 
843 I 192490089 56 
844 I 192494017 44 
845 I 192766372 44 
846 I 193016474 44 
847 I 193198239 44 
848 I 193563987 44 
849 I 193671709 44 
850 I 193744425 44 
851 I 193924233 44 
852 I 194766562 44 
853 I 195344176 44 
854 I 195470230 44 
855 I 195530492 44 
856 I 195740385 44 
857 I 195860209 44 
858 I 195928389 44 
859 I 196046302 44 
860 I 196078048 44 
861 I 196110399 56 
862 I 196113888 44 
863 I 196294143 44 
864 I 196576721 44 
865 I 197035989 44 
866 I 197171888 44 
867 I 197376369 44 
868 I 197696055 44 
869 I 198048401 44 
870 I 198176428 44 
871 I 198376563 44 
872 I 198560167 44 
873 I 198876193 44 
874 I 199256238 44 
875 I 199436471 44 
876 I 199616082 44 
877 I 199996200 44 
878 I 200306784 44 
879 I 200616665 44 
880 I 200795820 56 
881 I 200802360 44 
882 I 201109905 44 
883 I 201292149 44 
884 I 201657871 44 
885 I 201838351 56 
886 I 201841877 44 
887 I 202024422 44 
888 I 202376184 44 
889 I 202592012 56 
890 I 202593882 44 
891 I 202778151 44 
892 I 203078746 44 
893 I 203298338 44 
894 I 204172351 44 
895 I 204688043 44 
896 I 204876136 44 
897 I 205064238 44 
898 I 205250219 44 
899 I 205256354 44 
900 I 205438044 44 
901 I 205443869 44 
902 I 205622236 44 
903 I 206014280 44 
904 I 206199898 44 
905 I 206577983 44 
906 I 206908620 44 
907 I 208656699 44 
908 I 208778285 44 
909 I 208876851 44 
910 I 209058083 44 
911 I 209204321 44 
912 I 209440365 44 
913 I 209444175 44 
914 I 209626309 44 
915 I 209796170 44 
916 I 209938350 44 
917 I 210078115 44 
918 I 210138347 44 
919 I 210317692 44 
920 I 210584515 44 
921 I 210735863 44 
922 I 210768373 44 
923 I 210948092 44 
924 I 211130193 44 
925 I 211312414 44 
926 I 211722630 44 
927 I 211736626 44 
928 I 211926059 44 
929 I 212048434 44 
930 I 212106338 56 
931 I 212112166 44 
932 I 212292380 44 
933 I 212594317 44 
934 I 213470372 44 
935 I 214066337 44 
936 I 214149999 44 
937 I 214251891 44 
938 I 214440441 44 
939 I 214563973 44 
940 I 214630092 44 
941 I 214672017 44 
942 I 214752219 44 
943 I 214818330 44 
944 I 214998134 44 
945 I 215177995 44 
946 I 215548350 44 
947 I 215731847 44 
948 I 215910203 44 
949 I 216294342 44 
950 I 216473991 44 
951 I 216654088 44 
952 I 216970255 44 
953 I 217078133 44 
954 I 217150386 44 
955 I 217437773 44 
956 I 217736120 44 
957 I 217838042 44 
958 I 218063826 44 
959 I 218171664 44 
960 I 218391780 44 
961 I 218579833 44 
962 I 218720554 44 
963 I 218901911 44 
964 I 219080393 44 
965 I 219260263 44 
966 I 219594557 44 
967 I 219738443 44 
968 I 219922073 44 
969 I 220104670 44 
970 I 220284035 44 
971 I 221094028 44 
972 I 221110474 44 
973 I 221278329 44 
974 I 221466244 44 
975 I 221646210 56 
976 I 221652175 44 
977 I 222002483 44 
978 I 222058109 44 
979 I 222330531 44 
980 I 222511882 44 
981 I 222691977 44 
982 I 222876397 44 
983 I 223188711 44 
984 I 223367932 44 
985 I 223718560 44 
986 I 224080095 44 
987 I 224292094 44 
988 I 224474625 44 
989 I 224818050 44 
990 I 225171895 44 
991 I 225428262 44 
992 I 225458139 44 
993 I 225709709 44 
994 I 226048486 44 
995 I 226138354 44 
996 I 226376565 44 
997 I 226576434 44 
998 I 226704268 44 
999 I 226888542 44 
1000 I 227238667 44 
1001 I 227580561 44 
1002 I 227766215 44 
1003 I 227908098 44 
1004 I 228091811 44 
1005 I 228428281 44 
1006 I 228671944 44 
1007 I 228938480 44 
1008 I 229330981 44 
1009 I 229418814 44 
1010 I 229658817 44 
1011 I 230438245 44 
1012 I 230471868 44 
1013 I 230624864 44 
1014 I 230751219 44 
1015 I 230814511 44 
1016 I 230932456 56 
1017 I 230936451 44 
1018 I 231280232 44 
1019 I 231460407 44 
1020 I 231837925 44 
1021 I 232282257 44 
1022 I 232398493 44 
1023 I 232568389 44 
1024 I 232748422 44 
1025 I 233048461 44 
1026 I 233231798 44 
1027 I 233558844 44 
1028 I 233737932 44 
1029 I 234032677 44 
1030 I 234212753 44 
1031 I 234392182 44 
1032 I 234798031 44 
1033 I 234968488 44 
1034 I 235125978 44 
1035 I 235308256 44 
1036 I 235489343 44 
1037 I 235877950 44 
1038 I 236058217 56 
1039 I 236064153 44 
1040 I 236438642 44 
1041 I 236622381 44 
1042 I 236856690 44 
1043 I 237148195 44 
1044 I 237388651 44 
1045 I 237567987 44 
1046 I 237868075 44 
1047 I 238080906 44 
1048 I 238262208 44 
1049 I 238442926 44 
1050 I 238843829 44 
1051 I 239720369 44 
1052 I 239798496 44 
1053 I 239814579 44 
1054 I 239984779 44 
1055 I 240284287 44 
1056 I 240376626 44 
1057 I 240472774 44 
1058 I 240562554 56 
1059 I 240564571 44 
1060 I 240924531 44 
1061 I 241108453 44 
1062 I 241288515 44 
1063 I 241468895 44 
1064 I 241740433 44 
1065 I 241919795 44 
1066 I 242235987 44 
1067 I 242418206 44 
1068 I 242598490 44 
1069 I 242892571 44 
1070 I 243078168 44 
1071 I 243430369 44 
1072 I 243730808 44 
1073 I 244094076 44 
1074 I 244274699 56 
1075 I 244278960 44 
1076 I 244642633 44 
1077 I 244850281 44 
1078 I 245030491 44 
1079 I 245350622 44 
1080 I 245531073 44 
1081 I 245843811 44 
1082 I 246026212 44 
1083 I 246392876 44 
1084 I 246572353 44 
1085 I 246754335 44 
1086 I 247132572 44 
1087 I 247268454 44 
1088 I 247312263 44 
1089 I 247590547 44 
1090 I 247770982 44 
1091 I 248142128 44 
1092 I 249018061 44 
1093 I 249174210 44 
1094 I 249420865 44 
1095 I 249610398 44 
1096 I 249674561 44 
1097 I 249798427 44 
1098 I 249857958 56 
1099 I 249862285 44 
1100 I 250044365 44 
1101 I 250558665 44 
1102 I 250562171 44 
1103 I 250716567 44 
1104 I 250744260 44 
1105 I 250746543 44 
1106 I 250876530 44 
1107 I 251056404 44 
1108 I 251238376 44 
1109 I 251418461 44 
1110 I 251760082 44 
1111 I 251940214 44 
1112 I 252240542 44 
1113 I 252509942 44 
1114 I 252690265 56 
1115 I 252694189 44 
1116 I 252874643 44 
1117 I 253053854 44 
1118 I 253392399 44 
1119 I 253576073 44 
1120 I 253983962 44 
1121 I 254050691 44 
1122 I 254376601 44 
1123 I 254560354 44 
1124 I 254704460 44 
1125 I 254886811 44 
1126 I 255130161 44 
1127 I 255310951 44 
1128 I 255579935 44 
1129 I 255758629 44 
1130 I 255938528 44 
1131 I 256270755 44 
1132 I 256450645 44 
1133 I 256564422 44 
1134 I 256746060 44 
1135 I 257080394 44 
1136 I 257876503 44 
1137 I 258552565 44 
1138 I 258574652 44 
1139 I 258738479 44 
1140 I 258926428 44 
1141 I 259080235 44 
1142 I 259114500 44 
1143 I 259264677 44 
1144 I 259302384 44 
1145 I 259482255 44 
1146 I 259700232 44 
1147 I 259880393 44 
1148 I 260174500 44 
1149 I 260356063 44 
1150 I 260538594 44 
1151 I 260940246 44 
1152 I 261268716 44 
1153 I 261376581 44 
1154 I 261596246 44 
1155 I 261780584 44 
1156 I 262140385 44 
1157 I 262470222 44 
1158 I 262580557 44 
1159 I 262798141 44 
1160 I 262980315 44 
1161 I 263126451 44 
1162 I 263308413 44 
1163 I 263488543 44 
1164 I 263674484 44 
1165 I 264002475 44 
1166 I 264264254 44 
1167 I 264350360 44 
1168 I 264640550 44 
1169 I 264819996 44 
1170 I 265150636 44 
1171 I 265414346 44 
1172 I 265594564 44 
1173 I 265774408 44 
1174 I 266080176 44 
1175 I 266407951 44 
1176 I 266626666 44 
1177 I 267502752 44 
1178 I 267891912 44 
1179 I 268080482 44 
1180 I 268268368 44 
1181 I 268376728 44 
1182 I 268456407 44 
1183 I 268562651 44 
1184 I 268645207 56 
1185 I 268647590 44 
1186 I 268842312 44 
1187 I 269142069 44 
1188 I 269324224 44 
1189 I 269580083 44 
1190 I 269760735 44 
1191 I 269982274 44 
1192 I 270165032 44 
1193 I 270344947 44 
1194 I 270674485 44 
1195 I 270856175 44 
1196 I 271118476 44 
1197 I 271330207 44 
1198 I 271490405 44 
1199 I 271658386 44 
1200 I 271838434 44 
1201 I 272020112 44 
1202 I 272280886 44 
1203 I 272570483 44 
1204 I 272752104 44 
1205 I 273079885 44 
1206 I 273260288 44 
1207 I 273442828 44 
1208 I 273736516 44 
1209 I 273919995 44 
1210 I 274175313 44 
1211 I 274354030 44 
1212 I 274550153 44 
1213 I 274842523 44 
1214 I 274924788 44 
1215 I 275142588 44 
1216 I 275376318 44 
1217 I 275556579 44 
1218 I 275736139 56 
1219 I 275743117 44 
1220 I 276060596 44 
1221 I 277018921 44 
1222 I 277252671 44 
1223 I 277440558 44 
1224 I 277630024 44 
1225 I 277674626 44 
1226 I 277818344 44 
1227 I 277974671 44 
1228 I 278102607 44 
1229 I 278330749 44 
1230 I 278462479 44 
1231 I 278658155 44 
1232 I 278840831 44 
1233 I 279114020 44 
1234 I 279202154 44 
1235 I 279382531 44 
1236 I 279562768 44 
1237 I 279742145 44 
1238 I 280079980 44 
1239 I 280260447 44 
1240 I 280440700 44 
1241 I 280736591 44 
1242 I 280917944 44 
1243 I 281174803 44 
1244 I 281398003 44 
1245 I 281582436 44 
1246 I 281764249 44 
1247 I 282062304 44 
1248 I 282376236 44 
1249 I 282558487 44 
1250 I 282738580 44 
1251 I 283034153 44 
1252 I 283216348 44 
1253 I 283396682 44 
1254 I 283798538 44 
1255 I 283952415 44 
1256 I 284126704 44 
1257 I 284285182 44 
1258 I 284472530 56 
1259 I 284476385 44 
1260 I 284674502 44 
1261 I 285002572 44 
1262 I 285172094 44 
1263 I 285330683 44 
1264 I 286204211 44 
1265 I 286596454 44 
1266 I 286784463 44 
1267 I 286972127 44 
1268 I 287108930 44 
1269 I 287161057 44 
1270 I 287294464 44 
1271 I 287342404 56 
1272 I 287346457 44 
1273 I 287528518 44 
1274 I 287708480 44 
1275 I 287888307 44 
1276 I 288253132 44 
1277 I 288392789 44 
1278 I 288562068 44 
1279 I 288842751 44 
1280 I 289142461 44 
1281 I 289482339 44 
1282 I 289812423 44 
1283 I 289992443 44 
1284 I 290172576 44 
1285 I 290562445 44 
1286 I 290892306 44 
1287 I 291070709 44 
1288 I 291250962 44 
1289 I 291677010 44 
1290 I 291742100 44 
1291 I 292002347 44 
1292 I 292184530 44 
1293 I 292364269 44 
1294 I 292544467 44 
1295 I 292878584 44 
1296 I 293058456 44 
1297 I 293628030 44 
1298 I 293809001 44 
1299 I 293999002 44 
1300 I 294080581 44 
1301 I 294187065 56 
1302 I 294188624 44 
1303 I 294518599 44 
1304 I 295392354 44 
1305 I 295971622 44 
1306 I 296096708 44 
1307 I 296250437 44 
1308 I 296438723 44 
1309 I 296596270 44 
1310 I 296626805 44 
1311 I 296782326 44 
1312 I 296812062 44 
1313 I 296964925 56 
1314 I 296968911 44 
1315 I 297142243 44 
1316 I 297388583 44 
1317 I 297570041 44 
1318 I 297750435 44 
1319 I 297932769 44 
1320 I 298232638 44 
1321 I 298634600 44 
1322 I 298814592 44 
1323 I 299094761 44 
1324 I 299274562 44 
1325 I 299454361 44 
1326 I 299794213 44 
