0 I 0 56 
1 I 794679 56 
2 I 806859 56 
3 I 806980 56 
4 I 1607798 56 
5 I 1618957 56 
6 I 53674537 56 
7 I 54515844 56 
8 I 54523969 56 
9 I 54531944 56 
10 I 55376956 56 
11 I 100518208 56 
12 I 101282096 56 
13 I 101290879 56 
14 I 101298946 56 
15 I 206065819 56 
16 I 206785837 56 
17 I 206799792 56 
18 I 207487019 56 
19 I 207499814 56 
20 I 207500094 56 
21 I 208145058 56 
22 I 208156546 56 
23 I 208801541 56 
24 I 226178029 56 
25 I 226848284 56 
26 I 226858277 56 
27 I 242227186 56 
28 I 242941096 56 
