0 I 0 52 
1 I 1184241 44 
2 I 1897585 44 
3 I 2896892 44 
4 I 3120675 44 
5 I 14770754 44 
6 I 15019861 44 
7 I 15444422 44 
8 I 18205764 44 
9 I 18699131 44 
10 I 20728757 44 
11 I 21125866 44 
12 I 21249573 44 
13 I 22923977 44 
14 I 24219930 44 
15 I 26421166 44 
16 I 40222120 44 
17 I 40621789 44 
18 I 41246776 44 
19 I 44221890 44 
20 I 44722814 44 
21 I 45022305 44 
22 I 45320766 44 
23 I 46723053 44 
24 I 46997575 44 
25 I 47448693 44 
26 I 47723763 44 
27 I 47897390 44 
28 I 48124630 44 
29 I 49124530 44 
30 I 49272887 44 
31 I 49522112 44 
32 I 50025410 44 
33 I 50422252 44 
34 I 50597392 44 
35 I 51271816 44 
36 I 51822726 44 
37 I 52099090 44 
38 I 52322890 44 
39 I 52625320 44 
40 I 53026304 44 
41 I 53422372 44 
