0 I 0 44 
1 I 534010 44 
2 I 678660 44 
3 I 1073093 56 
4 I 1194223 56 
5 I 1765976 44 
6 I 1982022 44 
7 I 2041510 56 
8 I 2294203 56 
9 I 2446536 56 
10 I 3268839 56 
11 I 3648547 56 
12 I 4552344 56 
13 I 4981526 56 
14 I 5491370 44 
15 I 5861241 44 
16 I 6251607 44 
17 I 6942632 44 
18 I 7074739 44 
19 I 7639363 44 
20 I 12215100 44 
21 I 13323896 44 
22 I 14423345 44 
23 I 15747507 44 
24 I 16961553 44 
25 I 18015050 56 
26 I 19025818 64 
27 I 20005770 56 
28 I 21000670 44 
29 I 21006900 44 
30 I 22297889 56 
31 I 25450731 44 
32 I 26668605 44 
33 I 27891535 56 
34 I 29121079 56 
35 I 29698029 44 
36 I 30866892 44 
37 I 32032103 56 
38 I 33158789 56 
39 I 33780342 44 
40 I 34225818 44 
41 I 34857940 44 
42 I 35267344 44 
43 I 35987482 44 
44 I 36388272 44 
45 I 37143011 44 
46 I 37332880 56 
47 I 38101334 56 
48 I 38288513 56 
49 I 39051425 44 
50 I 39283446 44 
51 I 40401135 44 
52 I 43410539 44 
53 I 44714764 44 
54 I 45830922 56 
55 I 49482633 44 
56 I 50471686 44 
57 I 51377336 56 
58 I 52221504 56 
59 I 59046275 44 
60 I 60207627 44 
61 I 61353645 44 
62 I 62484530 44 
63 I 63481255 44 
64 I 63487130 44 
65 I 64582705 56 
66 I 64588050 56 
67 I 65652724 56 
68 I 65658153 44 
69 I 66862453 44 
70 I 68171810 44 
71 I 69671591 44 
72 I 70842420 56 
73 I 70859981 56 
74 I 72005106 56 
75 I 72094296 44 
76 I 73302587 44 
77 I 73505266 44 
78 I 74808931 44 
79 I 78418599 44 
80 I 79498300 44 
81 I 80727425 44 
82 I 83837439 44 
83 I 84907516 44 
84 I 86010785 44 
85 I 87104798 56 
86 I 88244244 56 
87 I 88973299 44 
88 I 90065966 56 
89 I 91086121 56 
90 I 103561480 44 
91 I 104696863 44 
92 I 105904155 44 
93 I 108712659 44 
94 I 109809535 44 
95 I 110991655 56 
96 I 112136732 56 
97 I 112623463 44 
98 I 113289165 44 
99 I 113677724 44 
100 I 114531728 44 
101 I 114931741 44 
102 I 115734278 44 
103 I 116708185 56 
104 I 116714103 56 
105 I 117645345 56 
106 I 117650663 44 
107 I 118574715 44 
108 I 119647340 44 
109 I 120625106 56 
110 I 122353105 44 
111 I 123263692 44 
112 I 124261344 44 
113 I 125130962 56 
114 I 125968148 56 
115 I 126791091 44 
116 I 127655091 56 
117 I 128555289 56 
118 I 129349405 44 
119 I 129449391 44 
120 I 130343752 56 
121 I 131242799 44 
122 I 132286451 44 
123 I 133157012 56 
124 I 133944454 56 
125 I 134860645 44 
126 I 135784930 44 
127 I 136694093 56 
128 I 137707232 56 
129 I 138568765 44 
130 I 139544477 44 
131 I 140427718 44 
132 I 141183676 44 
133 I 141988287 44 
134 I 141995465 44 
135 I 142929848 56 
136 I 143805261 56 
137 I 144647793 44 
138 I 145629505 44 
139 I 146482561 56 
140 I 147362299 56 
141 I 151757459 44 
142 I 152560422 44 
143 I 153552580 44 
144 I 154273136 56 
145 I 154278721 56 
146 I 155051530 56 
147 I 155058085 44 
148 I 155911588 44 
149 I 156676427 44 
150 I 157451587 44 
151 I 158339014 56 
152 I 158345116 56 
153 I 159238026 56 
154 I 160031804 56 
155 I 160038249 56 
156 I 160736198 44 
157 I 160917771 44 
158 I 160924130 44 
159 I 161535646 44 
160 I 161541423 44 
161 I 161756564 44 
162 I 162325091 56 
163 I 162559780 56 
164 I 163189879 44 
165 I 163424194 44 
166 I 163430635 44 
167 I 164497519 44 
168 I 165302379 56 
169 I 167005928 44 
170 I 167899435 44 
171 I 168827784 56 
172 I 169815336 56 
173 I 173963849 44 
174 I 174740176 44 
175 I 175508838 56 
176 I 176372044 56 
177 I 177261807 44 
178 I 178328567 44 
179 I 179351025 56 
180 I 180387437 56 
181 I 180830395 44 
182 I 181300884 44 
183 I 181758118 44 
184 I 182217253 44 
185 I 182842861 44 
186 I 183244178 44 
187 I 183946469 44 
188 I 184141421 56 
189 I 184942021 56 
190 I 185113366 56 
191 I 186126682 56 
192 I 187577938 44 
193 I 188546520 44 
194 I 188553056 44 
195 I 189511874 44 
196 I 189530853 44 
197 I 190545156 56 
198 I 190551443 56 
199 I 190557464 56 
200 I 191501225 56 
201 I 192435946 64 
202 I 192963014 56 
203 I 193798782 56 
204 I 193804765 56 
205 I 194650422 44 
206 I 195519854 56 
207 I 196365742 56 
208 I 219633583 44 
209 I 220574124 44 
210 I 221612011 44 
211 I 222667202 44 
212 I 223554476 56 
213 I 223560386 56 
214 I 224490421 56 
215 I 225399297 56 
216 I 225673545 44 
217 I 226596211 56 
218 I 226601646 56 
219 I 227585092 56 
220 I 227622762 44 
221 I 228685487 44 
222 I 231092736 44 
223 I 232195951 44 
224 I 233142981 56 
225 I 234271175 56 
226 I 235246504 44 
227 I 236263550 44 
228 I 237285201 56 
229 I 238234212 56 
230 I 238442615 44 
231 I 239128417 44 
232 I 239369314 44 
233 I 240343116 56 
234 I 241242414 56 
235 I 241521015 44 
236 I 242167891 44 
237 I 242629062 44 
238 I 243061202 56 
239 I 243845944 56 
240 I 244667137 44 
241 I 245524747 56 
242 I 246440923 56 
243 I 247030187 44 
244 I 247382492 44 
245 I 247940039 44 
246 I 253363380 44 
247 I 254261520 44 
248 I 255152758 44 
249 I 256371581 44 
250 I 257421502 56 
251 I 257453090 56 
252 I 258407279 56 
253 I 258476004 44 
254 I 259583209 44 
255 I 260637983 56 
256 I 261686770 56 
257 I 262154381 44 
258 I 262767890 44 
259 I 263186068 44 
260 I 263894650 44 
261 I 264917103 56 
262 I 265940226 56 
263 I 266401739 44 
264 I 266954917 44 
265 I 267436115 56 
266 I 268011883 56 
267 I 268446213 44 
268 I 268980132 44 
269 I 268994732 44 
270 I 269846228 44 
271 I 270777452 44 
272 I 270815688 44 
273 I 271698735 56 
274 I 272573198 56 
275 I 273431241 64 
276 I 273867386 56 
277 I 274237735 56 
278 I 274637339 44 
279 I 274641792 44 
280 I 275024253 44 
281 I 275350405 44 
282 I 276235397 44 
283 I 286265266 44 
284 I 287071308 44 
285 I 287884105 44 
286 I 288712059 44 
287 I 289440080 44 
288 I 289451831 44 
289 I 290311702 44 
290 I 290319548 44 
291 I 291086233 56 
292 I 291095322 56 
293 I 291865327 64 
294 I 291871358 56 
295 I 293994942 44 
296 I 295003911 44 
297 I 297301341 44 
298 I 298099280 56 
299 I 298841856 56 
300 I 299642917 44 
