0 I 0 52 
1 I 200670 44 
2 I 202503 1504 
3 I 202625 1504 
4 I 396982 71 
5 I 16706967 44 
6 I 17007168 44 
7 I 17843622 44 
8 I 18502457 44 
9 I 19105674 44 
10 I 26160425 52 
11 I 26355620 44 
12 I 26358289 163 
13 I 26358400 1504 
14 I 42625987 44 
15 I 46940699 44 
16 I 47721613 52 
17 I 47927687 44 
18 I 47930608 1504 
19 I 47930683 1504 
20 I 48125375 71 
21 I 61254293 162 
22 I 61254406 1504 
23 I 77624968 44 
24 I 80490210 44 
25 I 80902706 52 
26 I 81100612 44 
27 I 81102487 1504 
28 I 81102639 1504 
29 I 81299294 71 
30 I 93645120 1504 
31 I 93645207 1504 
32 I 93840623 70 
33 I 104677681 162 
34 I 104677755 1504 
35 I 121623609 44 
36 I 122488136 44 
37 I 122695240 52 
38 I 122897871 44 
39 I 122898289 673 
40 I 123122109 1504 
41 I 123122183 1504 
42 I 123320745 1504 
43 I 123320981 1504 
44 I 123321087 1504 
45 I 123516503 1504 
46 I 123516649 1504 
47 I 123517581 1504 
48 I 123517723 1504 
49 I 123517851 1504 
50 I 123713329 1504 
51 I 123713431 1504 
52 I 123713559 1504 
53 I 123715151 1504 
54 I 123715170 974 
55 I 124077244 1504 
56 I 124077368 1504 
57 I 124077422 1292 
58 I 124122775 1097 
59 I 124317039 1504 
60 I 124669879 1504 
61 I 124971137 1292 
62 I 140623092 44 
63 I 175131058 52 
64 I 175325274 44 
65 I 175325737 673 
66 I 175558104 1504 
67 I 175558248 1504 
68 I 175754500 1504 
69 I 175754597 1504 
70 I 175754745 1504 
71 I 175952917 1504 
72 I 175953081 1504 
73 I 175954416 1504 
74 I 175954581 1504 
75 I 175954680 1504 
76 I 176151291 1504 
77 I 176151455 1504 
78 I 176151531 1504 
79 I 176152947 1504 
80 I 176153069 1504 
81 I 176153209 1504 
82 I 176284990 1504 
83 I 176285094 1504 
84 I 176352741 1504 
85 I 176352873 1504 
86 I 176353012 1504 
87 I 176356137 398 
88 I 176356239 1504 
89 I 179041872 234 
90 I 181001718 44 
91 I 181021787 1504 
92 I 181021958 1504 
93 I 181218119 1504 
94 I 181218238 1504 
95 I 181218367 1504 
96 I 181415687 1504 
97 I 181415856 1504 
98 I 181417952 1504 
99 I 181418130 1504 
100 I 181418230 1504 
101 I 216227520 52 
102 I 216440183 44 
103 I 216442063 1504 
104 I 216442178 1504 
105 I 216639480 71 
106 I 232620154 44 
