0 I 0 64 
1 I 176555 56 
2 I 176750 539 
3 I 359863 56 
4 I 360190 56 
5 I 360307 56 
6 I 362430 64 
7 I 537420 56 
8 I 537734 56 
9 I 537851 56 
10 I 540208 56 
11 I 540259 219 
12 I 720200 56 
13 I 1294199 64 
14 I 1472223 56 
15 I 1472434 374 
16 I 1651208 56 
17 I 1709036 64 
18 I 1885653 56 
19 I 1885728 388 
20 I 2063112 56 
21 I 2063932 56 
22 I 2064103 56 
23 I 2241081 56 
24 I 2241360 56 
25 I 2241534 56 
26 I 2241618 56 
27 I 2783517 64 
28 I 2828478 64 
29 I 2960011 56 
30 I 2960137 381 
31 I 3004909 56 
32 I 3005078 385 
33 I 3137963 56 
34 I 3138157 56 
35 I 3183352 56 
36 I 3183811 56 
37 I 3183920 56 
38 I 3315185 56 
39 I 3361097 56 
40 I 3361407 56 
41 I 3361634 56 
42 I 3361635 56 
43 I 3361788 56 
44 I 3361882 56 
45 I 3539043 56 
46 I 3539103 56 
47 I 7926780 64 
48 I 8104589 56 
49 I 8104716 386 
50 I 8282994 56 
51 I 13926999 64 
52 I 14104961 56 
53 I 14105186 394 
54 I 14285735 56 
55 I 14286041 56 
56 I 14286125 56 
57 I 14464712 56 
58 I 15063249 64 
59 I 15241305 56 
60 I 15241442 390 
61 I 15419761 56 
62 I 15516025 64 
63 I 15693896 56 
64 I 15694061 404 
65 I 15875197 56 
66 I 22221249 64 
67 I 22399141 56 
68 I 22399710 550 
69 I 22584635 56 
70 I 22585469 56 
71 I 22585575 56 
72 I 22586798 64 
73 I 22763917 56 
74 I 22764150 56 
75 I 22764558 56 
76 I 22764724 235 
77 I 22764800 64 
78 I 22765138 64 
79 I 22765180 56 
80 I 22765238 64 
81 I 22765513 64 
82 I 22765618 64 
83 I 22941571 56 
84 I 22941669 244 
85 I 22941669 56 
86 I 22941670 56 
87 I 22941827 231 
88 I 22941827 245 
89 I 22941986 56 
90 I 22942105 56 
91 I 22942114 246 
92 I 22942339 247 
93 I 22944483 56 
94 I 22945179 56 
95 I 22945179 56 
96 I 22945365 44 
97 I 23118815 56 
98 I 23118957 56 
99 I 23118958 56 
100 I 23119294 56 
101 I 23122868 44 
102 I 23123549 44 
103 I 23124135 44 
104 I 23840830 64 
105 I 23918657 64 
106 I 24018622 56 
107 I 24018805 403 
108 I 24096393 56 
109 I 24096601 390 
110 I 24197273 56 
111 I 24274739 56 
112 I 24338854 247 
113 I 24515881 56 
114 I 25055494 64 
115 I 25118424 64 
116 I 25232217 56 
117 I 25232405 404 
118 I 25294895 56 
119 I 25295039 405 
120 I 25410600 56 
121 I 25472181 56 
122 I 51107732 64 
123 I 51284311 56 
124 I 51284408 396 
125 I 51461920 56 
126 I 51462133 56 
127 I 51462480 56 
128 I 51639437 56 
129 I 51639849 56 
130 I 51639934 56 
131 I 51639955 56 
132 I 51640616 56 
133 I 51640759 56 
134 I 51817142 56 
135 I 51817435 56 
136 I 51817435 56 
137 I 51817724 56 
138 I 51994665 56 
139 I 51994672 56 
140 I 51994821 56 
141 I 51995077 56 
142 I 51995077 56 
143 I 51995180 56 
144 I 51995199 56 
145 I 53374575 56 
146 I 53374998 56 
147 I 53552144 56 
148 I 53552678 56 
149 I 53552775 56 
150 I 53552777 56 
151 I 53730090 56 
152 I 53730255 56 
153 I 53730434 56 
154 I 53907184 56 
155 I 53907520 56 
156 I 53907523 56 
157 I 53907732 56 
158 I 53907862 56 
159 I 53907862 56 
160 I 53908349 56 
161 I 54084671 56 
162 I 54084801 56 
163 I 54085052 56 
164 I 54085206 56 
165 I 54085226 56 
166 I 54085440 56 
167 I 54085820 56 
168 I 54085982 56 
169 I 54262628 56 
170 I 54262781 56 
171 I 54905910 56 
172 I 54906237 56 
173 I 55083246 56 
174 I 55083246 56 
