0 I 0 48 
1 I 510174 44 
2 I 3215268 44 
3 I 3215624 44 
4 I 30588140 48 
5 I 31093882 44 
6 I 32460823 48 
7 I 32710098 44 
8 I 32710423 44 
9 I 32766593 48 
10 I 32780059 48 
11 I 32980877 44 
12 I 33202403 48 
13 I 33293218 44 
14 I 33714720 44 
15 I 33809554 44 
16 I 33809828 44 
17 I 33811241 44 
18 I 34040952 48 
19 I 34223292 44 
20 I 34223778 44 
21 I 34549354 44 
22 I 34691207 44 
23 I 34691536 44 
24 I 34815216 44 
25 I 34906047 48 
26 I 35072399 44 
27 I 35072706 44 
28 I 35412330 44 
29 I 35931092 44 
30 I 35931092 44 
31 I 36227020 48 
32 I 36415586 48 
33 I 36494061 48 
34 I 36738782 44 
35 I 36935145 44 
36 I 37003718 44 
37 I 37253346 44 
38 I 37253348 44 
39 I 37447059 44 
40 I 37448514 44 
41 I 37541345 48 
42 I 37727512 48 
43 I 37744017 44 
44 I 38039720 44 
45 I 38228170 44 
46 I 38527123 44 
47 I 38527472 44 
48 I 38583949 44 
49 I 38584039 44 
50 I 39075570 48 
51 I 39221273 44 
52 I 39221273 44 
53 I 39411703 44 
54 I 39412068 44 
55 I 39577962 44 
56 I 39710507 48 
57 I 40211657 44 
58 I 41284832 44 
59 I 41284942 44 
60 I 41948289 44 
61 I 41948416 44 
62 I 42232531 44 
63 I 60308829 48 
64 I 60820162 44 
65 I 61319780 44 
66 I 61319790 44 
67 I 85225339 48 
68 I 85676430 44 
69 I 86783646 48 
70 I 87247479 44 
71 I 87295247 44 
72 I 87295379 44 
73 I 89923547 44 
74 I 93298269 44 
75 I 93298805 44 
76 I 114291840 48 
77 I 114748129 44 
78 I 116129012 44 
79 I 116129198 44 
80 I 126203727 48 
81 I 126290357 48 
82 I 126327756 48 
83 I 126698589 44 
84 I 126797925 44 
85 I 126853270 44 
86 I 128234429 44 
87 I 128234590 44 
88 I 128533221 48 
89 I 128854427 44 
90 I 128854428 44 
91 I 129029223 44 
92 I 129274690 48 
93 I 129753037 44 
94 I 130993597 44 
95 I 130993598 44 
96 I 130993688 44 
97 I 130993695 44 
98 I 131373977 48 
99 I 131381563 44 
100 I 131411757 48 
101 I 131477473 44 
102 I 131853652 44 
103 I 131897857 44 
104 I 132688756 44 
105 I 132689016 44 
106 I 132948861 48 
107 I 133029240 48 
108 I 133399000 44 
109 I 133401261 48 
110 I 133475283 44 
111 I 133480461 44 
112 I 133480463 44 
113 I 133834293 48 
114 I 133856408 44 
115 I 133935827 44 
116 I 134288747 44 
117 I 134371474 44 
118 I 134394974 44 
119 I 134395596 44 
120 I 134994324 44 
121 I 134994798 44 
122 I 135705318 44 
123 I 135705361 44 
124 I 135705389 44 
125 I 135705841 44 
126 I 135755270 44 
127 I 136139281 44 
128 I 136140188 44 
