0 I 0 1504 
1 I 1057 80 
2 I 1126 1504 
3 I 3178702 68 
4 I 3178740 1504 
5 I 3870986 56 
6 I 3900307 68 
7 I 4545992 1504 
8 I 4547178 80 
9 I 4547248 1504 
10 I 5182905 56 
11 I 5185510 68 
12 I 5819767 1504 
13 I 5820877 80 
14 I 5820948 1504 
15 I 6438935 56 
16 I 6442367 68 
17 I 6442414 1015 
18 I 7067160 1504 
19 I 7068096 80 
20 I 7068167 1504 
21 I 7720975 68 
22 I 8341750 1504 
23 I 8347743 80 
24 I 8347824 1504 
25 I 8961989 56 
26 I 9002619 1015 
27 I 9003794 68 
28 I 12985072 1504 
29 I 12986619 80 
30 I 12986693 1504 
31 I 16197630 68 
32 I 16197697 1504 
33 I 16902293 68 
34 I 16902299 56 
35 I 16919454 68 
36 I 16919504 1039 
37 I 28353358 1504 
38 I 28355639 1504 
39 I 28355664 80 
40 I 29011960 68 
41 I 29012032 1504 
42 I 29651604 56 
43 I 29653931 68 
44 I 29653979 1015 
45 I 32650801 56 
46 I 32928807 68 
47 I 33513284 1504 
48 I 33515175 80 
49 I 33515245 1504 
50 I 34155488 56 
51 I 37105845 68 
52 I 37675707 1504 
53 I 37677217 80 
54 I 37677288 1504 
55 I 38257255 56 
56 I 38262274 68 
57 I 38262327 1015 
58 I 38847623 1504 
59 I 38848742 80 
60 I 38848811 1504 
61 I 39410862 56 
62 I 39413237 68 
63 I 39413284 1015 
64 I 39992937 80 
65 I 39993006 1504 
66 I 40637366 1504 
67 I 43596465 68 
68 I 44196375 1504 
69 I 44197521 80 
70 I 44197589 1504 
71 I 47370432 68 
72 I 47370504 1504 
73 I 47991476 68 
74 I 47991538 1504 
75 I 47992871 56 
76 I 47992942 1504 
77 I 48002793 1027 
78 I 48002911 68 
79 I 51052450 56 
80 I 57753788 68 
81 I 58446115 1504 
82 I 58447564 80 
83 I 58447633 1504 
84 I 59058881 56 
85 I 59062919 68 
86 I 59062969 1015 
87 I 59737515 80 
88 I 59737585 1504 
89 I 60391154 68 
90 I 63553249 68 
91 I 63553320 1504 
92 I 64185702 1015 
93 I 67196083 68 
94 I 67826946 80 
95 I 71101882 68 
96 I 71101954 1504 
97 I 71709245 1504 
98 I 71712595 1027 
99 I 71715128 68 
100 I 72307922 1504 
101 I 72309107 80 
102 I 72309174 1504 
103 I 72959011 56 
104 I 81903970 56 
105 I 82704633 68 
106 I 117899678 68 
107 I 121091240 68 
108 I 121675639 1504 
109 I 121677563 80 
110 I 121677632 1504 
111 I 122258786 56 
112 I 122261513 1015 
113 I 122263883 68 
114 I 122845311 1504 
115 I 122846802 1504 
116 I 122847000 80 
117 I 123405377 68 
118 I 123968893 1504 
119 I 123970057 80 
120 I 123970127 1504 
121 I 124540482 68 
122 I 124540551 1504 
123 I 125136756 56 
124 I 125136804 1015 
125 I 125144927 68 
126 I 125719798 1504 
127 I 125721191 80 
128 I 125721261 1504 
129 I 126267896 56 
130 I 126269951 1015 
131 I 126269957 68 
132 I 126822707 1504 
133 I 126823769 80 
134 I 126823839 1504 
135 I 127390876 1015 
136 I 130374656 68 
137 I 133548958 68 
138 I 134110708 1504 
139 I 134113209 80 
140 I 134113280 1504 
141 I 140661604 68 
142 I 140661658 1504 
143 I 141217549 68 
144 I 141217550 56 
145 I 141217621 1504 
146 I 141218839 68 
147 I 141218885 1039 
148 I 141773042 1504 
149 I 141774325 80 
150 I 141774396 1504 
151 I 142328860 56 
152 I 142334103 1015 
153 I 142336524 68 
154 I 163754801 1504 
155 I 163756296 80 
156 I 163756365 1504 
157 I 164330463 68 
158 I 164330534 1504 
159 I 164917007 56 
160 I 164922937 1015 
161 I 164927119 68 
162 I 165502412 1504 
163 I 165504170 80 
164 I 165504240 1504 
165 I 166081246 68 
166 I 166671728 1504 
167 I 166672021 80 
168 I 166672090 1504 
169 I 167263174 1015 
170 I 176257433 68 
171 I 176835064 1504 
172 I 176837209 80 
173 I 176837283 1504 
174 I 180037902 68 
175 I 180037974 1504 
176 I 180601694 1504 
177 I 180601762 68 
178 I 180630587 56 
179 I 180633696 1015 
180 I 180703194 68 
181 I 183861932 68 
182 I 190424620 68 
