0 I 0 64 
1 I 184893 56 
2 I 185208 463 
3 I 370744 56 
4 I 371998 56 
5 I 24790296 64 
6 I 24974652 56 
7 I 24974751 463 
8 I 25178946 56 
9 I 25362623 56 
10 I 25362625 56 
11 I 25362628 56 
12 I 25362783 56 
13 I 25546312 56 
14 I 25546318 56 
15 I 25546732 56 
16 I 25547293 56 
17 I 25548022 56 
18 I 25548162 56 
19 I 25548605 56 
20 I 25730664 56 
21 I 25731036 56 
22 I 25731553 56 
23 I 25731553 56 
24 I 25731968 56 
25 I 25732026 56 
26 I 25732569 56 
27 I 25732695 56 
28 I 25733347 56 
29 I 25733348 56 
30 I 25733383 56 
31 I 25733477 56 
32 I 25734242 56 
33 I 25734296 56 
34 I 25734300 56 
35 I 25914335 56 
36 I 25914455 56 
37 I 25914721 56 
38 I 25914722 56 
39 I 25915071 56 
40 I 25915088 56 
41 I 25915265 56 
42 I 25915265 56 
43 I 25915268 56 
44 I 25915702 56 
45 I 25915703 56 
46 I 25916869 56 
47 I 25916999 56 
48 I 25917000 56 
49 I 25917003 56 
50 I 25917330 56 
51 I 25917563 56 
52 I 26097221 56 
53 I 26097768 56 
54 I 26098078 56 
55 I 26098085 56 
56 I 26098390 56 
57 I 26098870 56 
58 I 26098932 56 
59 I 26099628 56 
60 I 26282162 56 
61 I 26282680 56 
62 I 26282767 56 
63 I 26282875 56 
64 I 26283275 56 
65 I 26464530 56 
66 I 26465006 56 
67 I 26465006 56 
68 I 26465535 56 
69 I 26465535 56 
70 I 26466157 56 
71 I 26466159 56 
72 I 26466517 56 
73 I 26467024 56 
74 I 26647495 56 
75 I 26647853 56 
76 I 26648601 56 
77 I 26648603 56 
78 I 26649258 56 
79 I 26649619 56 
80 I 26830795 56 
81 I 26830813 56 
82 I 26830923 56 
83 I 26830926 56 
84 I 26831713 56 
85 I 26977022 56 
86 I 27012564 56 
87 I 27013652 56 
88 I 27014111 56 
89 I 27176705 56 
90 I 27205411 56 
91 I 27376696 56 
92 I 27390238 56 
93 I 27574885 56 
94 I 27575263 56 
95 I 28188725 64 
96 I 28373527 56 
97 I 28373779 463 
98 I 28568030 56 
99 I 28751241 56 
100 I 28751243 56 
101 I 28751618 56 
102 I 28752129 56 
103 I 28941655 56 
104 I 28941703 56 
105 I 28942389 56 
106 I 28942547 56 
107 I 28942561 56 
108 I 28943140 56 
109 I 28943481 56 
110 I 28943654 56 
111 I 28943696 56 
112 I 28944142 56 
113 I 29131098 56 
114 I 29131336 56 
115 I 29131336 56 
116 I 29131797 56 
117 I 29131797 56 
118 I 29131798 56 
119 I 29131916 56 
120 I 29132156 56 
121 I 29132763 56 
122 I 29132899 56 
123 I 29133301 56 
124 I 29133302 56 
125 I 29133484 56 
126 I 29133879 56 
127 I 29133880 56 
128 I 29133903 56 
129 I 29134423 56 
130 I 29134555 56 
131 I 29134700 56 
132 I 29313864 56 
133 I 29313923 56 
134 I 29314340 56 
135 I 29314343 56 
136 I 29315515 56 
137 I 29315573 56 
138 I 29315578 56 
139 I 29315604 56 
140 I 29315651 56 
141 I 29315700 56 
142 I 29316019 56 
143 I 29316020 56 
144 I 29316356 56 
145 I 29316443 56 
146 I 29316459 56 
147 I 29316462 56 
148 I 29316464 56 
149 I 29316526 56 
150 I 29316727 56 
151 I 29316864 56 
152 I 29317408 56 
153 I 29499118 56 
154 I 29499143 56 
155 I 29499159 56 
156 I 29499606 56 
157 I 29499619 56 
158 I 29500177 56 
159 I 29501049 56 
160 I 29575939 56 
161 I 29682934 56 
162 I 29685000 56 
163 I 29685611 56 
164 I 29686246 56 
165 I 29763247 56 
166 I 29763933 56 
167 I 29872228 56 
168 I 29872623 56 
169 I 29872774 56 
170 I 29874525 56 
171 I 29875020 56 
172 I 29875438 56 
173 I 29875612 56 
174 I 29951862 56 
175 I 29952716 56 
176 I 30061334 56 
177 I 30061760 56 
178 I 30062000 56 
179 I 30068842 56 
180 I 30069662 56 
181 I 30070783 56 
182 I 30070894 56 
183 I 30145245 56 
184 I 31788896 64 
185 I 31974882 56 
186 I 31975075 459 
187 I 32157167 56 
188 I 32157712 56 
189 I 32157875 56 
190 I 32338362 56 
191 I 32339331 56 
192 I 32339333 56 
193 I 32339460 56 
194 I 32376100 56 
195 I 32520740 56 
196 I 32520847 56 
197 I 32520847 56 
198 I 32521019 44 
199 I 32521140 44 
200 I 32521150 44 
201 I 32521273 44 
202 I 32521279 44 
203 I 32522241 44 
204 I 32559461 44 
205 I 32560276 44 
206 I 32587551 64 
207 I 32710333 44 
208 I 32710338 44 
209 I 32710439 44 
210 I 32710439 44 
211 I 32710442 44 
212 I 32772998 56 
213 I 32773112 463 
214 I 32956081 56 
215 I 32956994 56 
216 I 32957300 56 
217 I 33141073 56 
218 I 33142381 56 
219 I 33143295 56 
220 I 33143816 56 
221 I 33323848 56 
222 I 33324346 56 
223 I 33324457 56 
224 I 33324459 56 
225 I 33324774 56 
226 I 33325619 56 
227 I 33326560 56 
228 I 33326698 56 
229 I 33326701 56 
230 I 33326954 56 
231 I 33327266 56 
232 I 33506293 56 
233 I 33507263 56 
234 I 33507602 56 
235 I 33507985 56 
236 I 33508223 56 
237 I 33508224 56 
238 I 33508479 56 
239 I 33508565 56 
240 I 33691634 44 
241 I 33987486 64 
242 I 34169854 56 
243 I 34169881 463 
244 I 34354828 56 
245 I 34355266 56 
246 I 34355294 56 
247 I 34537673 56 
248 I 34538034 56 
249 I 34538035 56 
250 I 34538038 56 
251 I 34538434 56 
252 I 34722708 56 
253 I 34722896 56 
254 I 34722988 56 
255 I 34722992 56 
256 I 34723269 56 
257 I 34723271 56 
258 I 34723272 56 
259 I 34723427 56 
260 I 34724131 56 
261 I 34724255 56 
262 I 34724376 56 
263 I 34904276 56 
264 I 34904800 56 
265 I 34905065 56 
266 I 34905957 56 
267 I 34906000 56 
268 I 34906001 56 
269 I 34906003 56 
270 I 34906004 56 
271 I 34906109 56 
272 I 34906410 56 
273 I 34907112 56 
274 I 34907881 56 
275 I 34907882 56 
276 I 34908019 56 
277 I 34908253 56 
278 I 34908391 56 
279 I 34909110 56 
280 I 34909310 56 
281 I 34909644 56 
282 I 34909647 56 
283 I 35088952 56 
284 I 35089011 56 
285 I 35089020 56 
286 I 35089719 56 
287 I 35090801 56 
288 I 35090801 56 
289 I 35091107 56 
290 I 35091379 56 
291 I 35091415 56 
292 I 35091773 56 
293 I 35092234 56 
294 I 35092250 56 
295 I 35092250 56 
296 I 35092251 56 
297 I 35092253 56 
298 I 35092257 56 
299 I 35092259 56 
300 I 35092280 56 
301 I 35092573 56 
302 I 35092574 56 
303 I 35092659 56 
304 I 35092759 56 
305 I 35092937 56 
306 I 35094296 56 
307 I 35094297 56 
308 I 35094556 56 
309 I 35094560 56 
310 I 35094712 56 
311 I 35094713 56 
312 I 35094731 56 
313 I 35094794 56 
314 I 35094800 56 
315 I 35095356 56 
316 I 35095357 56 
317 I 35095707 56 
318 I 35095990 56 
319 I 35096119 56 
320 I 35096877 56 
321 I 35273071 56 
322 I 35273075 56 
323 I 35273806 56 
324 I 35273808 56 
325 I 35273810 56 
326 I 35273813 56 
327 I 35275703 56 
328 I 35279794 56 
329 I 35280440 56 
330 I 66990861 56 
331 I 98977250 64 
332 I 99173454 56 
333 I 99173730 456 
334 I 99363405 56 
335 I 99363641 56 
336 I 99363689 56 
337 I 99559201 56 
338 I 99559352 56 
339 I 99559640 56 
340 I 99559711 56 
341 I 99757003 56 
342 I 99757003 56 
343 I 99757505 56 
344 I 99757505 56 
345 I 99757736 56 
346 I 99757854 56 
347 I 99757855 56 
348 I 99757866 56 
349 I 99758209 56 
350 I 99758282 56 
351 I 99959761 56 
352 I 99959995 56 
353 I 99959996 56 
354 I 99960221 56 
355 I 99960671 56 
356 I 99960672 56 
357 I 103183325 64 
358 I 103387328 56 
359 I 103387722 456 
360 I 103592724 56 
361 I 103592726 56 
362 I 103592726 56 
363 I 103788694 56 
364 I 103789002 56 
365 I 103789208 56 
366 I 103789209 56 
367 I 103789725 56 
368 I 103979773 56 
369 I 103980130 56 
370 I 103980631 56 
371 I 103981389 56 
372 I 103981955 56 
373 I 103981956 56 
374 I 103981994 56 
375 I 103981995 56 
376 I 103982003 56 
377 I 103982621 56 
378 I 104167452 56 
379 I 104167457 56 
380 I 104167604 56 
381 I 104167801 56 
382 I 104168077 56 
383 I 104168080 56 
384 I 104168124 56 
385 I 104168342 56 
386 I 104168342 56 
387 I 104168345 56 
388 I 104168715 56 
389 I 104169084 56 
390 I 104169085 56 
391 I 104169240 56 
392 I 104169241 56 
393 I 104169242 56 
394 I 104169467 56 
395 I 104169781 56 
396 I 104169936 56 
397 I 104169938 56 
398 I 104170195 56 
399 I 104170239 56 
400 I 104354232 56 
401 I 104355085 56 
402 I 104355085 56 
403 I 104355459 56 
404 I 104355461 56 
405 I 104355465 56 
406 I 104355609 56 
407 I 104355615 56 
408 I 104355749 56 
409 I 104355897 56 
410 I 104356613 56 
411 I 104356615 56 
412 I 104356652 56 
413 I 104356658 56 
414 I 104362504 56 
415 I 104362758 56 
416 I 104538377 56 
417 I 104538940 56 
418 I 104539241 56 
419 I 104539445 56 
420 I 104539818 56 
421 I 104539822 56 
422 I 104540377 56 
423 I 104540381 56 
424 I 104562579 56 
425 I 104725269 56 
426 I 104726132 56 
427 I 104726710 56 
428 I 104727102 56 
429 I 104727102 56 
430 I 104744654 56 
431 I 104744924 56 
432 I 104909914 56 
433 I 104911220 56 
434 I 104911366 56 
435 I 104912034 56 
436 I 104925588 56 
437 I 104926546 56 
438 I 105098465 56 
439 I 105099250 56 
440 I 105102706 56 
441 I 105103218 56 
442 I 105105314 56 
443 I 105122807 56 
444 I 105287804 56 
445 I 105287916 56 
446 I 105293672 56 
447 I 105294015 56 
448 I 129015092 64 
449 I 129205690 56 
450 I 129205910 454 
451 I 129395985 56 
452 I 129396319 56 
453 I 129396474 56 
454 I 129583535 56 
455 I 129583535 56 
456 I 129583536 56 
457 I 129583552 56 
458 I 129583819 56 
459 I 129778262 56 
460 I 129779294 56 
461 I 129779895 56 
462 I 129780349 56 
463 I 129780355 56 
464 I 129963535 56 
465 I 129964827 56 
466 I 129967208 56 
467 I 129967210 56 
468 I 129967647 56 
469 I 129967649 56 
470 I 130163725 56 
471 I 130164361 56 
472 I 130164363 56 
473 I 130164727 56 
474 I 130164728 56 
475 I 130165018 56 
476 I 130347831 56 
477 I 130347944 56 
478 I 130348204 56 
479 I 130348208 56 
480 I 130348304 56 
481 I 130348411 56 
482 I 130539402 56 
483 I 130539796 56 
484 I 130540139 56 
485 I 130731057 56 
486 I 130731065 56 
487 I 130731069 56 
488 I 130918601 56 
489 I 130918817 56 
490 I 130918876 56 
491 I 130918882 56 
492 I 130919197 56 
493 I 131102400 56 
494 I 131103144 56 
495 I 131103285 56 
496 I 131103785 56 
497 I 131103971 56 
498 I 131156539 56 
499 I 131287571 56 
500 I 131287865 56 
501 I 131288454 56 
502 I 131289501 56 
503 I 131356464 56 
504 I 131475462 56 
505 I 131556655 56 
506 I 131661027 56 
507 I 131662046 56 
508 I 131746489 56 
509 I 131846382 56 
510 I 131847024 56 
511 I 131847400 56 
512 I 131847842 56 
513 I 131931951 56 
514 I 132038272 56 
515 I 132157015 56 
516 I 132228983 56 
517 I 132356624 56 
518 I 132422711 56 
519 I 132556188 56 
520 I 132606898 56 
521 I 132755930 56 
522 I 132793424 56 
523 I 132955926 56 
524 I 132976322 56 
525 I 133156613 56 
526 I 133157993 56 
527 I 133159131 56 
528 I 133347231 56 
529 I 133356181 56 
530 I 133529897 56 
531 I 133556282 56 
532 I 133645164 56 
533 I 133645178 56 
534 I 133714062 56 
535 I 133756083 56 
536 I 133902108 56 
537 I 133902451 56 
