0 I 0 44 
1 I 848595 44 
2 I 17650885 44 
3 I 18615020 44 
4 I 19575481 44 
5 I 20546438 44 
6 I 21793256 44 
7 I 21794981 44 
8 I 22771844 44 
9 I 23729157 44 
10 I 24685378 44 
11 I 25604929 44 
12 I 25608407 44 
13 I 26674603 44 
14 I 27597528 44 
15 I 27599074 44 
16 I 27775993 44 
17 I 28476894 44 
18 I 29335853 44 
19 I 29338424 44 
20 I 29478280 44 
21 I 30190406 44 
22 I 31015748 44 
23 I 31016569 44 
24 I 31018528 44 
25 I 31019385 44 
26 I 33158221 44 
27 I 33928491 44 
28 I 34677170 44 
29 I 34678565 44 
30 I 35587646 44 
31 I 36852769 44 
32 I 37637095 44 
33 I 40616071 44 
34 I 41431100 44 
35 I 42236507 44 
36 I 43015703 44 
37 I 44439467 44 
38 I 45278444 44 
39 I 46099019 44 
40 I 47367831 44 
41 I 50008153 44 
42 I 55238033 44 
43 I 65685949 44 
44 I 66599693 44 
45 I 87391809 44 
46 I 129212155 44 
47 I 147197394 44 
48 I 147933462 44 
49 I 148651230 44 
50 I 149365216 44 
51 I 150086432 44 
52 I 151617271 44 
53 I 154830117 44 
54 I 155565039 44 
55 I 156305240 44 
56 I 157858873 44 
57 I 158621442 44 
58 I 161806911 44 
59 I 162623275 44 
60 I 168947453 44 
61 I 169749659 44 
62 I 170527675 44 
63 I 171321493 44 
64 I 172284958 44 
65 I 173090149 44 
66 I 173891375 44 
67 I 174689414 44 
68 I 175479853 44 
69 I 175481545 44 
70 I 176268111 44 
71 I 178279562 44 
72 I 180921187 44 
73 I 181717083 44 
74 I 182528699 44 
75 I 183642871 44 
76 I 184445086 44 
77 I 185239404 44 
78 I 186046908 44 
79 I 186861350 44 
80 I 187640546 44 
81 I 187641760 44 
82 I 188412805 44 
83 I 188413338 44 
84 I 190249106 44 
85 I 192476683 44 
86 I 193246304 44 
87 I 194009323 44 
88 I 194771961 44 
89 I 195515760 44 
90 I 195516578 44 
91 I 196556744 44 
92 I 198782845 44 
93 I 199459883 44 
94 I 200325596 44 
95 I 201003604 44 
96 I 201703811 44 
97 I 201705253 44 
98 I 202886244 44 
99 I 203730698 44 
100 I 204412988 44 
101 I 205107343 44 
102 I 205791594 44 
103 I 206489727 44 
104 I 206491675 44 
105 I 207192594 44 
106 I 207194669 44 
107 I 207904512 44 
108 I 207905633 44 
109 I 208036755 44 
110 I 208714655 44 
111 I 209417576 44 
112 I 209420902 44 
113 I 209538884 44 
114 I 210123277 44 
115 I 210827275 44 
116 I 210827913 44 
117 I 210832825 44 
118 I 210833105 44 
119 I 211515224 44 
120 I 211516946 44 
121 I 211521383 44 
122 I 211521752 44 
123 I 212213483 44 
124 I 212214396 44 
125 I 212217977 44 
126 I 212218070 44 
127 I 212848014 44 
128 I 212911652 44 
129 I 212912430 44 
130 I 212915687 44 
131 I 212916009 44 
132 I 213534815 44 
133 I 213606996 44 
134 I 213607273 44 
135 I 213609111 44 
136 I 213609572 44 
137 I 214193424 44 
138 I 214822912 44 
139 I 215235652 44 
140 I 215472524 44 
141 I 215472944 44 
142 I 215903293 44 
143 I 216591129 44 
144 I 216594137 44 
145 I 216865274 44 
146 I 217450179 44 
147 I 217650582 44 
148 I 218272513 44 
149 I 218325487 44 
150 I 218975031 44 
151 I 219024780 44 
152 I 219690246 44 
153 I 219692377 44 
154 I 219738738 44 
155 I 220605204 44 
156 I 221004632 44 
157 I 221456603 44 
158 I 222162486 44 
159 I 222867827 44 
160 I 223550488 44 
161 I 223614534 44 
162 I 224224335 44 
163 I 224225077 44 
164 I 224299654 44 
165 I 224918475 44 
166 I 224919010 44 
167 I 224991126 44 
168 I 225635941 44 
169 I 225637134 44 
170 I 225762491 44 
171 I 226239667 44 
172 I 226341049 44 
173 I 226924399 44 
174 I 227022863 44 
175 I 227023692 44 
176 I 227026644 44 
177 I 227623456 44 
178 I 227866460 44 
179 I 228328147 44 
180 I 228585905 44 
181 I 228587576 44 
182 I 228589360 44 
183 I 228589610 44 
184 I 229342828 44 
185 I 230468669 44 
186 I 231631914 44 
187 I 232405131 44 
188 I 232891188 44 
189 I 233165014 44 
190 I 234094707 44 
191 I 234840186 44 
192 I 235548372 44 
193 I 236240701 44 
194 I 236945666 44 
195 I 236947113 44 
196 I 237737607 44 
197 I 237880556 44 
198 I 238608329 44 
199 I 238611393 44 
200 I 239320901 44 
201 I 240036208 44 
202 I 240754998 44 
203 I 240756095 44 
204 I 241453754 44 
205 I 241453979 44 
206 I 242415373 44 
207 I 243106923 44 
208 I 243802540 44 
209 I 244745188 44 
210 I 245479403 44 
211 I 246196560 44 
212 I 246901913 44 
213 I 247331776 44 
214 I 247819609 44 
215 I 249839559 44 
216 I 250494140 44 
217 I 251241770 44 
218 I 251988071 44 
219 I 252906742 44 
220 I 253657816 44 
221 I 255620370 44 
222 I 256355546 44 
223 I 257085736 44 
224 I 257802365 44 
225 I 258513177 44 
226 I 258514113 44 
227 I 259266195 44 
228 I 260212345 44 
229 I 260969686 44 
230 I 260970528 44 
231 I 261113619 44 
232 I 261717871 44 
233 I 262443767 44 
234 I 262444875 44 
235 I 262615998 44 
236 I 263149916 44 
237 I 263880888 44 
238 I 263881760 44 
239 I 263885960 44 
240 I 264718734 44 
241 I 265414406 44 
242 I 265417979 44 
243 I 265420857 44 
244 I 266644789 44 
245 I 267310203 44 
246 I 267322465 44 
247 I 267968385 44 
248 I 268615207 44 
249 I 268616137 44 
250 I 269425681 44 
251 I 270111737 44 
252 I 270112702 44 
253 I 270226754 44 
254 I 270802155 44 
255 I 271876218 44 
256 I 272561987 44 
257 I 273260050 44 
258 I 273261178 44 
259 I 274132480 44 
260 I 274806757 44 
261 I 274807609 44 
262 I 275482753 44 
263 I 275482978 44 
264 I 277318244 44 
265 I 279734863 44 
266 I 284577126 44 
267 I 285320232 44 
268 I 294944585 44 
