0 I 0 68 
1 I 577683 310 
2 I 577849 56 
3 I 1165110 56 
4 I 1165382 68 
5 I 1861076 310 
6 I 1861233 56 
7 I 2440394 68 
8 I 2463689 56 
9 I 5852135 310 
10 I 5852613 56 
11 I 6395476 56 
12 I 6399472 68 
13 I 6960005 310 
14 I 6960053 56 
15 I 7529112 56 
16 I 7529365 68 
17 I 8179380 310 
18 I 8181205 56 
19 I 8745526 68 
20 I 8767497 56 
21 I 9151245 56 
22 I 9341904 310 
23 I 9342106 56 
24 I 10009317 44 
25 I 11973439 56 
26 I 12519357 310 
27 I 13056876 68 
28 I 13592679 310 
29 I 13592905 56 
30 I 14121859 68 
31 I 15879451 56 
32 I 16925091 56 
33 I 17104586 68 
34 I 17136687 56 
35 I 17622396 310 
36 I 17622852 56 
37 I 17802803 56 
38 I 18135417 68 
39 I 18869610 310 
40 I 18871671 56 
41 I 19402896 68 
42 I 19405930 56 
43 I 19997011 310 
44 I 19999020 56 
45 I 20525592 68 
46 I 20659158 56 
47 I 20804500 56 
48 I 21167671 310 
49 I 21169486 56 
50 I 22624486 56 
51 I 24646673 56 
52 I 24691440 68 
53 I 25286143 310 
54 I 25288160 56 
55 I 25848794 56 
56 I 28169014 310 
57 I 28693379 68 
58 I 29875242 56 
59 I 31683205 68 
60 I 32416193 310 
61 I 32418210 56 
62 I 32674334 56 
63 I 33081053 44 
64 I 34340071 310 
65 I 37584333 56 
66 I 38222441 310 
67 I 38741846 56 
68 I 38742481 68 
69 I 41740022 56 
70 I 41745605 68 
71 I 42260119 310 
72 I 42260663 56 
73 I 42338625 44 
74 I 45370193 56 
75 I 54014392 56 
76 I 63767497 68 
77 I 101008304 44 
