0 I 0 52 
1 I 839400 44 
2 I 1661758 44 
3 I 1972128 52 
4 I 2474438 44 
5 I 2672771 44 
6 I 2796911 44 
7 I 3291083 56 
8 I 3504091 64 
9 I 3504091 64 
10 I 3626969 56 
11 I 4112616 64 
12 I 4320760 56 
13 I 4435400 56 
14 I 4932622 44 
15 I 5243913 56 
16 I 5845663 44 
17 I 6669341 44 
18 I 7461483 56 
19 I 8243694 56 
20 I 9126275 56 
21 I 9897354 44 
22 I 12962399 44 
23 I 13730157 44 
24 I 14483628 44 
25 I 14596807 44 
26 I 15045613 44 
27 I 15254032 44 
28 I 15879042 44 
29 I 16061030 56 
30 I 16061040 56 
31 I 16653104 44 
32 I 16782337 44 
33 I 16835742 56 
34 I 16835779 56 
35 I 17435140 44 
36 I 17614550 44 
37 I 17767284 44 
38 I 18243498 44 
39 I 18532468 44 
40 I 18536435 44 
41 I 19024281 56 
42 I 19024448 44 
43 I 19304613 44 
44 I 19306367 44 
45 I 19784909 44 
46 I 20086863 44 
47 I 20087715 44 
48 I 20283843 44 
49 I 20565184 44 
50 I 20719596 44 
51 I 20875387 44 
52 I 21048645 44 
53 I 21266672 44 
54 I 21352579 56 
55 I 21659440 44 
56 I 21828061 64 
57 I 22045545 44 
58 I 22429110 44 
59 I 22579702 44 
60 I 22602941 56 
61 I 23016380 44 
62 I 23220293 56 
63 I 23362315 56 
64 I 23817307 56 
65 I 23817307 56 
66 I 24008886 56 
67 I 24605756 44 
68 I 25206028 56 
69 I 25385922 44 
70 I 25981562 44 
71 I 26168038 44 
72 I 26188742 44 
73 I 26297867 44 
74 I 26950968 44 
75 I 26953868 44 
76 I 27282240 44 
77 I 27741140 44 
78 I 27743723 56 
79 I 27958084 44 
80 I 28773329 56 
81 I 29688594 56 
82 I 30701693 56 
83 I 31491381 44 
84 I 33735904 44 
85 I 34548039 44 
86 I 39642336 56 
87 I 39969591 44 
88 I 40455173 44 
89 I 40455429 44 
90 I 44672561 44 
91 I 45003386 44 
92 I 45475262 44 
93 I 45475319 44 
94 I 58584865 52 
95 I 59397732 44 
96 I 63375755 44 
97 I 64172584 44 
98 I 71141326 44 
99 I 71943997 44 
100 I 72746574 44 
101 I 72891490 44 
102 I 73537313 44 
103 I 73879892 44 
104 I 74705668 56 
105 I 75504668 64 
106 I 76500840 64 
107 I 84623474 56 
108 I 85439224 44 
109 I 85579490 44 
110 I 86265301 44 
111 I 86563652 44 
112 I 87078185 44 
113 I 87548021 44 
114 I 87906618 44 
115 I 88359190 56 
116 I 88706574 56 
117 I 88706583 56 
118 I 89517983 44 
119 I 92470378 44 
120 I 93237517 44 
121 I 94003170 44 
122 I 94220169 44 
123 I 94875741 44 
124 I 94979471 56 
125 I 95641564 56 
126 I 95744493 56 
127 I 96423389 56 
128 I 96528114 44 
129 I 97508972 44 
130 I 98276814 44 
131 I 99031246 44 
132 I 99145088 44 
133 I 99807723 56 
134 I 99902558 56 
135 I 100558714 56 
136 I 100659493 56 
137 I 101295426 44 
138 I 102204413 44 
139 I 102953813 44 
140 I 103685891 44 
141 I 103846147 44 
142 I 104427263 44 
143 I 105172035 56 
144 I 105172158 56 
145 I 105935287 44 
146 I 106797648 44 
147 I 107545589 44 
148 I 108301034 56 
149 I 109071786 56 
150 I 109071816 56 
151 I 109825955 44 
152 I 111829977 44 
153 I 146609857 44 
154 I 146939641 44 
155 I 147366838 44 
156 I 147367613 44 
