0 I 0 48 
1 I 630954 44 
2 I 633553 44 
3 I 1641577 44 
4 I 1747236 44 
5 I 12874732 48 
6 I 13547755 44 
7 I 13548340 44 
8 I 14456982 44 
9 I 14666392 44 
10 I 15172334 48 
11 I 15820098 44 
12 I 15821194 44 
13 I 16766943 48 
14 I 16816915 48 
15 I 16829811 44 
16 I 16914221 48 
17 I 16934726 44 
18 I 17403635 44 
19 I 17405324 44 
20 I 17452552 44 
21 I 17455180 44 
22 I 17546730 44 
23 I 17549635 44 
24 I 18403163 44 
25 I 18502622 44 
26 I 18518806 44 
27 I 18574893 44 
28 I 18666905 44 
29 I 18722935 44 
30 I 19132875 44 
31 I 49432561 48 
32 I 50078726 44 
33 I 50079622 44 
34 I 50084971 44 
35 I 51288481 44 
