0 I 0 48 
1 I 90035 44 
2 I 894240 48 
3 I 905867 48 
4 I 917978 48 
5 I 1026146 44 
6 I 1079915 44 
7 I 1134290 44 
8 I 1146319 44 
9 I 1157951 48 
10 I 1217891 44 
11 I 1241950 48 
12 I 1304834 44 
13 I 1328096 44 
14 I 1334111 48 
15 I 1388723 44 
16 I 1407413 48 
17 I 1462835 44 
18 I 1484836 44 
19 I 1491229 44 
20 I 1515203 48 
21 I 1536870 44 
22 I 1582719 44 
23 I 1611845 48 
24 I 1633044 44 
25 I 1766712 44 
26 I 1782724 48 
27 I 1821164 44 
28 I 1853254 44 
29 I 1864663 44 
30 I 1886411 48 
31 I 1945313 44 
32 I 1946159 44 
33 I 1970100 48 
34 I 1997352 44 
35 I 2123202 44 
36 I 2147299 48 
37 I 2183467 44 
38 I 2195525 44 
39 I 2207089 48 
40 I 2236537 44 
41 I 2267219 44 
42 I 2294303 44 
43 I 2300147 44 
44 I 2312179 48 
45 I 2477354 44 
46 I 2501113 48 
47 I 2552187 44 
48 I 2570526 48 
49 I 2634275 44 
50 I 2646894 44 
51 I 2661040 44 
52 I 2726112 44 
53 I 2744422 48 
54 I 2870122 44 
55 I 2899390 48 
56 I 2935375 44 
57 I 3001714 44 
58 I 3055509 44 
59 I 3127747 44 
60 I 3385186 44 
61 I 3439510 44 
62 I 4267410 48 
63 I 4351654 44 
64 I 4453717 44 
