0 I 0 60 
1 I 36585 56 
2 I 37140 1504 
3 I 37264 1504 
4 I 74188 1504 
5 I 74311 1504 
6 I 74423 1434 
7 I 111300 56 
8 I 1089782 60 
9 I 1128305 56 
10 I 1128783 1504 
11 I 1128905 1504 
12 I 1143446 60 
13 I 1165780 1504 
14 I 1165899 1504 
15 I 1166021 1504 
16 I 1180401 56 
17 I 1181097 1504 
18 I 1181220 1504 
19 I 1202764 1504 
20 I 1202813 913 
21 I 1218312 1504 
22 I 1218441 1504 
23 I 1218558 1504 
24 I 1218675 1436 
25 I 1239620 56 
26 I 1255909 56 
27 I 1505694 60 
28 I 1506599 60 
29 I 1507380 60 
30 I 1526690 60 
31 I 1542546 56 
32 I 1542824 1504 
33 I 1542950 1504 
34 I 1543206 56 
35 I 1543760 1504 
36 I 1543887 1504 
37 I 1544037 56 
38 I 1544553 1504 
39 I 1544672 1504 
40 I 1563428 56 
41 I 1563996 1504 
42 I 1564121 1504 
43 I 1579805 1504 
44 I 1579928 1504 
45 I 1580022 1287 
46 I 1580678 1504 
47 I 1580795 1504 
48 I 1580922 1504 
49 I 1581494 1504 
50 I 1581618 1504 
51 I 1581746 1504 
52 I 1601023 1504 
53 I 1601146 1504 
54 I 1601269 1504 
55 I 1601274 594 
56 I 1616938 56 
57 I 1617607 1504 
58 I 1617664 1028 
59 I 1618460 1504 
60 I 1618539 1152 
61 I 1638030 56 
62 I 1654852 56 
63 I 1655343 56 
64 I 2652411 60 
65 I 2664983 60 
66 I 2689062 56 
67 I 2689539 1504 
68 I 2689662 1504 
69 I 2702070 56 
70 I 2702240 1504 
71 I 2702363 1504 
72 I 2718632 60 
73 I 2720437 60 
74 I 2726478 1504 
75 I 2726603 1504 
76 I 2726724 1504 
77 I 2739385 1504 
78 I 2739506 1504 
79 I 2739572 1091 
80 I 2755493 56 
81 I 2755759 1504 
82 I 2755879 1504 
83 I 2757113 56 
84 I 2757567 1504 
85 I 2757687 1504 
86 I 2763413 1504 
87 I 2763430 598 
88 I 2776579 56 
89 I 2792768 1504 
90 I 2792887 1504 
91 I 2793011 1504 
92 I 2793083 1136 
93 I 2794544 1504 
94 I 2794668 1504 
95 I 2794791 1504 
96 I 2800238 56 
97 I 2801012 60 
98 I 2829962 56 
99 I 2831517 1504 
100 I 2831620 1380 
101 I 2837637 56 
102 I 2838685 1504 
103 I 2838804 1504 
104 I 2861925 60 
105 I 2868836 56 
106 I 2875801 1504 
107 I 2875924 1504 
108 I 2876021 116 
109 I 2876047 1504 
110 I 2898663 56 
111 I 2898955 1504 
112 I 2899069 1504 
113 I 2901418 60 
114 I 2912102 60 
115 I 2912957 56 
116 I 2935908 1504 
117 I 2936027 1504 
118 I 2936151 1504 
119 I 2938168 56 
120 I 2938633 1504 
121 I 2938764 1504 
122 I 2948875 56 
123 I 2949358 1504 
124 I 2949479 1504 
125 I 2972827 1504 
126 I 2972910 1213 
127 I 2975573 1504 
128 I 2975703 1504 
129 I 2975826 1504 
130 I 2975893 1126 
131 I 2986674 1504 
132 I 2986797 1504 
133 I 2986921 1504 
134 I 3009910 56 
135 I 3012731 56 
136 I 3023745 1504 
137 I 3023803 1035 
138 I 3061366 56 
139 I 3165946 60 
140 I 3202563 56 
141 I 3202989 1504 
142 I 3203113 1504 
143 I 3239945 1504 
144 I 3240064 1504 
145 I 3240186 1504 
146 I 3240221 833 
147 I 3261616 60 
148 I 3263227 60 
149 I 3278951 56 
150 I 3298619 56 
151 I 3298787 1504 
152 I 3298908 1504 
153 I 3299949 56 
154 I 3300478 1504 
155 I 3300603 1504 
156 I 3310137 60 
157 I 3335974 1504 
158 I 3336092 1504 
159 I 3336215 1504 
160 I 3337754 1504 
161 I 3337872 1504 
162 I 3337994 1504 
163 I 3338101 1376 
164 I 3346816 56 
165 I 3347281 1504 
166 I 3347405 1504 
167 I 3373919 1504 
168 I 3373994 1167 
169 I 3375171 56 
170 I 3384690 1504 
171 I 3384809 1504 
172 I 3384936 1504 
173 I 3413857 56 
174 I 3422881 159 
175 I 3422907 1504 
176 I 3459917 56 
