0 I 0 48 
1 I 134137 44 
2 I 556019 44 
3 I 584238 48 
4 I 588141 48 
5 I 791408 44 
6 I 792064 44 
7 I 806264 44 
8 I 1011575 44 
9 I 1016742 48 
10 I 1149511 44 
11 I 1536393 44 
12 I 1564707 48 
13 I 1720607 44 
14 I 2462359 44 
15 I 2489706 48 
16 I 2643124 44 
17 I 3216043 44 
18 I 3235900 48 
19 I 3368679 44 
20 I 3371532 44 
21 I 3375396 48 
22 I 3611554 44 
23 I 3832410 44 
24 I 3848751 48 
25 I 3972175 44 
26 I 4168318 44 
27 I 4180300 48 
28 I 4303103 44 
29 I 4504656 44 
30 I 4524571 48 
31 I 4652677 44 
32 I 4860491 44 
33 I 4872151 48 
34 I 4997087 44 
35 I 5178591 44 
36 I 5188332 48 
37 I 5314483 44 
38 I 5479989 44 
39 I 5497100 48 
40 I 5627919 44 
41 I 5797324 44 
42 I 5804979 48 
43 I 5933440 44 
44 I 6119350 44 
45 I 6136801 48 
46 I 6262257 44 
47 I 6893120 44 
48 I 6902904 48 
49 I 7156651 44 
50 I 7177887 44 
51 I 7180419 48 
52 I 7411823 44 
53 I 7644920 44 
54 I 7651438 48 
55 I 7787958 44 
56 I 7993147 44 
57 I 8001080 48 
58 I 8128861 44 
59 I 8280985 44 
60 I 8287491 48 
61 I 8412095 44 
62 I 8601614 44 
63 I 8610999 48 
64 I 8735723 44 
65 I 8911848 44 
66 I 8920649 48 
67 I 9047952 44 
68 I 9239788 44 
69 I 9248214 48 
70 I 9371143 44 
71 I 9556116 44 
72 I 10356361 44 
