0 I 0 44 
1 I 539101 44 
2 I 559052 52 
3 I 1849796 44 
4 I 3689240 44 
5 I 3689446 52 
6 I 5010274 44 
7 I 7349842 44 
8 I 7370362 52 
9 I 8260520 44 
10 I 12759944 44 
11 I 12760176 52 
12 I 13189330 44 
13 I 13189714 52 
14 I 13599509 44 
15 I 13929964 44 
16 I 21329844 44 
17 I 21330014 52 
18 I 22350384 44 
19 I 22369469 52 
20 I 23750703 44 
21 I 24130442 44 
22 I 34119759 44 
23 I 34119771 52 
24 I 37059011 52 
25 I 37160179 44 
26 I 37179156 52 
27 I 37778306 52 
28 I 38379671 44 
29 I 38549761 44 
30 I 40079369 52 
31 I 40750852 44 
32 I 50419600 44 
33 I 50420122 52 
34 I 52299594 44 
35 I 52300096 52 
36 I 53379400 52 
37 I 53630165 44 
38 I 54240456 44 
39 I 65010005 44 
40 I 65010365 52 
41 I 66209644 44 
42 I 66209825 52 
43 I 67760591 44 
44 I 67859924 44 
45 I 80400213 44 
46 I 80480652 52 
47 I 81519752 44 
48 I 81539498 52 
49 I 83471469 52 
50 I 84169701 44 
51 I 84173906 52 
52 I 84470368 52 
53 I 84630325 44 
54 I 84780482 44 
55 I 94240734 44 
56 I 94241093 52 
57 I 95280060 44 
58 I 95280314 52 
59 I 97190003 52 
60 I 97930350 44 
61 I 98040189 44 
62 I 110561241 44 
63 I 110561424 52 
64 I 113459737 52 
65 I 113770371 44 
66 I 114370415 52 
67 I 114930283 44 
68 I 116920258 44 
69 I 116920676 52 
70 I 119940790 44 
71 I 119940792 52 
72 I 120141179 44 
73 I 124319783 52 
74 I 127260477 52 
75 I 127969055 52 
76 I 128810286 44 
77 I 284991676 44 
