0 I 0 48 
1 I 47540 44 
2 I 110245 44 
3 I 124321 48 
4 I 130378 48 
5 I 183657 44 
6 I 184178 44 
7 I 189479 44 
8 I 250944 44 
9 I 257129 48 
10 I 269543 44 
11 I 283208 48 
12 I 324268 44 
13 I 336251 44 
14 I 458309 44 
15 I 464093 48 
16 I 470431 44 
17 I 476709 48 
18 I 555768 44 
19 I 561654 44 
20 I 666758 44 
21 I 671845 48 
22 I 689377 44 
23 I 714916 48 
24 I 727479 44 
25 I 727704 44 
26 I 782795 44 
27 I 806239 44 
28 I 847307 48 
29 I 864290 44 
30 I 870327 48 
31 I 896914 44 
32 I 917844 44 
33 I 1017630 44 
34 I 1023963 48 
35 I 1087891 44 
36 I 1100624 44 
37 I 1170992 44 
