0 I 0 52 
1 I 264699 44 
2 I 601663 56 
3 I 724217 56 
4 I 725873 44 
5 I 884222 52 
6 I 1126025 44 
7 I 2236695 44 
8 I 2660459 52 
9 I 2791652 44 
10 I 2949596 44 
11 I 2986867 44 
12 I 3316647 44 
13 I 3405429 44 
14 I 3715157 44 
15 I 3759932 56 
16 I 3915172 56 
17 I 3917310 44 
18 I 4152996 44 
19 I 4179247 44 
20 I 4462273 44 
21 I 4679314 44 
22 I 4835470 44 
23 I 5147754 44 
24 I 5342084 44 
25 I 5342999 44 
26 I 16156882 52 
27 I 19041349 52 
28 I 19154144 44 
29 I 19242960 44 
30 I 19848821 44 
31 I 20038716 44 
32 I 20405239 44 
33 I 20654998 44 
34 I 20837753 44 
35 I 20948984 44 
36 I 21286884 44 
37 I 21462456 44 
38 I 21615445 44 
39 I 21924862 44 
40 I 22389431 44 
41 I 22623801 44 
42 I 22854033 44 
43 I 22903459 44 
44 I 23107919 56 
45 I 23259402 56 
46 I 23261729 44 
47 I 65720904 52 
48 I 65979080 44 
49 I 66254107 56 
50 I 66375863 56 
51 I 66379006 44 
52 I 103301781 52 
53 I 103545593 44 
54 I 104233522 44 
55 I 104441942 44 
56 I 104805155 44 
57 I 104822752 52 
58 I 105058147 44 
59 I 105237306 44 
60 I 105361348 44 
61 I 105533994 44 
62 I 105683962 44 
63 I 105853502 44 
64 I 105934569 44 
65 I 105936971 44 
66 I 106024083 44 
67 I 106187910 44 
68 I 106319780 44 
69 I 106345947 44 
70 I 106348111 44 
71 I 106428744 44 
72 I 106583172 44 
73 I 106701455 44 
