0 I 0 52 
1 I 222570 44 
2 I 1143342 44 
3 I 1422438 44 
4 I 1608485 44 
5 I 1806759 44 
6 I 2015596 44 
7 I 2239456 44 
8 I 2420039 44 
9 I 62661462 44 
10 I 181328128 52 
11 I 181610406 44 
12 I 182585794 44 
13 I 182849071 44 
14 I 183107496 44 
15 I 183281702 44 
16 I 183506596 44 
17 I 183740604 44 
18 I 183948845 44 
19 I 184174233 44 
20 I 184369776 44 
21 I 184498342 44 
22 I 184716125 44 
23 I 184929026 44 
24 I 185138884 44 
25 I 185347372 44 
26 I 185442543 44 
27 I 185683442 44 
28 I 185885197 44 
29 I 186085421 44 
30 I 186291519 44 
31 I 186419278 44 
32 I 186628325 44 
33 I 186851521 44 
34 I 187087877 44 
35 I 187284392 44 
36 I 187396410 44 
37 I 187615940 44 
38 I 187824485 44 
39 I 188020137 44 
40 I 188244533 44 
41 I 188356564 44 
42 I 188578705 44 
43 I 188772460 44 
44 I 188901450 44 
45 I 188997621 44 
46 I 189058151 44 
47 I 250021718 44 
