0 I 0 52 
1 I 659036 44 
2 I 1297788 44 
3 I 1300193 52 
4 I 1926893 44 
5 I 2562465 44 
6 I 4957371 44 
7 I 5555096 44 
8 I 6151068 44 
9 I 6265988 44 
10 I 6739138 44 
11 I 13148612 44 
12 I 13725682 44 
13 I 14289692 44 
14 I 14434434 44 
15 I 14871368 44 
16 I 15022860 44 
17 I 15467763 44 
18 I 18095382 44 
19 I 18175759 44 
20 I 18796913 44 
21 I 20151457 44 
22 I 21745685 52 
23 I 22416605 44 
24 I 23096423 52 
25 I 23711723 44 
26 I 23744533 44 
27 I 24390951 44 
28 I 26769498 52 
29 I 27417181 44 
30 I 28093918 52 
31 I 28737222 44 
32 I 35862632 44 
33 I 40584660 44 
34 I 42647446 44 
35 I 43297166 44 
36 I 43941110 44 
37 I 45490524 44 
38 I 46848557 44 
39 I 47385861 44 
40 I 49690524 44 
41 I 54778396 44 
42 I 58511416 44 
43 I 87602490 44 
44 I 89359668 44 
45 I 92444577 44 
46 I 94780332 44 
47 I 97706236 44 
48 I 98020067 44 
49 I 98619805 44 
50 I 99201570 44 
51 I 99803080 44 
52 I 101859622 44 
53 I 102434238 44 
54 I 102999510 44 
55 I 103061505 44 
56 I 105343254 44 
57 I 105929525 44 
58 I 107575646 44 
59 I 108101123 44 
60 I 108631015 44 
61 I 109161887 44 
62 I 109166497 44 
63 I 109695398 52 
64 I 110239595 44 
65 I 113249588 44 
66 I 113859318 44 
67 I 114126379 44 
68 I 114127353 52 
69 I 114466352 44 
70 I 117575813 44 
71 I 141184613 44 
72 I 141781372 44 
73 I 142375596 44 
74 I 142970858 44 
75 I 143561318 44 
76 I 144161117 44 
77 I 144764557 44 
78 I 147446052 44 
79 I 147786950 44 
80 I 148392206 44 
81 I 148997680 44 
82 I 149586177 44 
83 I 150180128 44 
84 I 150777074 44 
85 I 150781168 44 
86 I 151384998 52 
87 I 151982949 44 
