0 I 0 60 
1 I 22792 1422 
2 I 47314 99 
3 I 66641 56 
4 I 66977 99 
5 I 89414 56 
6 I 139852 1050 
7 I 143975 56 
8 I 164003 56 
9 I 36705502 48 
10 I 36724876 44 
11 I 60673918 60 
12 I 60698840 1422 
13 I 60723743 99 
14 I 60742892 56 
15 I 60743066 99 
16 I 60762739 56 
17 I 60807257 1050 
18 I 60812042 56 
19 I 60832521 56 
20 I 96969369 48 
21 I 96992184 44 
22 I 121054927 60 
23 I 121079850 1422 
24 I 121104415 99 
25 I 121123617 56 
26 I 121123747 99 
27 I 121145857 56 
28 I 121188765 1050 
29 I 121192231 56 
30 I 121212254 56 
31 I 157524213 48 
32 I 157548135 44 
33 I 180806300 60 
34 I 180828615 1422 
35 I 180853328 99 
36 I 180872818 56 
37 I 180872990 99 
38 I 180892315 56 
39 I 180913621 56 
40 I 180936374 1050 
41 I 180939173 56 
42 I 180959338 56 
43 I 218420179 48 
44 I 218439408 44 
45 I 241327722 60 
46 I 241350026 1422 
47 I 241376070 99 
48 I 241399812 56 
49 I 241399996 99 
50 I 241419513 56 
51 I 241470732 1050 
52 I 241507128 56 
53 I 241527444 56 
54 I 278270672 48 
55 I 278289679 44 
