0 I 0 52 
1 I 528324 44 
2 I 850364 44 
3 I 853504 44 
4 I 938914 52 
5 I 976002 52 
6 I 1177393 44 
7 I 1265421 44 
8 I 1537550 56 
9 I 1701140 56 
10 I 1702995 56 
11 I 1705092 44 
12 I 1718952 52 
13 I 1742751 56 
14 I 1754249 44 
15 I 2397386 44 
16 I 3318772 44 
17 I 3630844 44 
18 I 4434917 44 
19 I 4721884 44 
20 I 5028572 44 
21 I 5404600 44 
22 I 5955828 44 
23 I 6237622 44 
24 I 6522163 44 
25 I 6656835 44 
26 I 6658939 44 
27 I 15567985 52 
28 I 16275846 44 
29 I 17122661 56 
30 I 17206850 56 
31 I 17210301 44 
32 I 17252583 52 
33 I 18107357 44 
34 I 18398620 52 
35 I 18591495 56 
36 I 18676464 56 
37 I 18679176 44 
38 I 18699606 52 
39 I 18721561 44 
40 I 19439744 44 
41 I 19535196 56 
42 I 19566238 56 
43 I 19585225 44 
44 I 21239631 44 
45 I 21525825 44 
46 I 25039634 44 
47 I 25357164 44 
48 I 25743633 44 
49 I 26053252 44 
50 I 30098719 44 
51 I 30358443 44 
52 I 30447336 44 
53 I 30449017 44 
