0 I 0 52 
1 I 45236 44 
2 I 284992 52 
3 I 364566 44 
4 I 368350 52 
5 I 417468 44 
6 I 510115 52 
7 I 554582 44 
8 I 783001 52 
9 I 827424 44 
10 I 955075 52 
11 I 999639 44 
12 I 1689335 52 
13 I 1736621 44 
14 I 1873274 52 
15 I 1955597 44 
16 I 3218531 52 
17 I 3271793 44 
18 I 4801552 52 
19 I 4806845 52 
20 I 4861423 44 
21 I 4866583 44 
22 I 5513010 52 
23 I 5558931 44 
24 I 17262940 44 
25 I 40263192 44 
26 I 121843972 52 
27 I 121889305 44 
28 I 122703494 52 
29 I 122764255 44 
30 I 123773771 44 
31 I 123970831 44 
32 I 124363032 52 
33 I 124411256 44 
34 I 131533837 44 
35 I 132203833 44 
36 I 133523845 44 
