0 I 0 68 
1 I 19946 56 
2 I 20023 661 
3 I 84990 56 
4 I 106136 56 
5 I 126775 56 
6 I 126902 56 
7 I 127098 56 
8 I 147629 56 
9 I 147714 56 
10 I 147948 56 
11 I 148116 56 
12 I 148219 56 
13 I 168071 56 
14 I 3604246 56 
15 I 3604248 56 
16 I 3624444 44 
17 I 7322649 68 
18 I 7342361 56 
19 I 7342496 661 
20 I 7375056 56 
21 I 7395816 56 
22 I 7416406 56 
23 I 7416553 56 
24 I 7416663 56 
25 I 7437090 56 
26 I 7437222 56 
27 I 7437518 56 
28 I 7437622 56 
29 I 7437810 56 
30 I 7457610 68 
31 I 7457710 56 
