0 I 0 48 
1 I 96052 44 
2 I 300490 44 
3 I 311931 48 
4 I 323939 48 
5 I 420249 44 
6 I 468070 44 
7 I 647998 44 
8 I 659934 44 
9 I 672289 48 
10 I 684527 48 
11 I 768084 44 
12 I 775698 44 
13 I 828104 44 
14 I 923032 44 
15 I 991678 48 
16 I 1099989 44 
17 I 1124220 44 
18 I 1129685 48 
19 I 1196261 44 
20 I 1213758 44 
21 I 1219745 48 
22 I 1294954 44 
23 I 1865521 44 
24 I 1901466 44 
25 I 1913681 48 
26 I 1925508 48 
27 I 2159579 44 
28 I 2207602 44 
29 I 3771561 44 
30 I 3783431 48 
31 I 3795409 44 
32 I 3807565 48 
33 I 3909544 44 
34 I 3957583 44 
35 I 4539521 44 
36 I 4544138 44 
37 I 4557471 48 
38 I 4654830 44 
39 I 4689481 44 
40 I 4701482 48 
41 I 4798276 44 
42 I 5187558 44 
43 I 5211646 48 
44 I 5331896 44 
45 I 5343408 48 
46 I 5445590 44 
47 I 5493636 44 
48 I 7254986 44 
49 I 7266963 48 
50 I 7279149 44 
51 I 7290956 48 
52 I 7363026 44 
53 I 7423034 44 
54 I 7957094 44 
55 I 7968894 44 
56 I 8011357 48 
57 I 8023273 48 
58 I 8119220 44 
59 I 8167047 44 
60 I 8682973 44 
61 I 8700887 48 
62 I 8713220 44 
63 I 8725238 48 
64 I 8797485 44 
65 I 8856990 44 
66 I 9618883 44 
67 I 9636970 44 
68 I 9648979 48 
69 I 9666870 48 
70 I 9745074 44 
71 I 9804997 44 
72 I 10290863 44 
73 I 10302895 44 
74 I 10315234 48 
75 I 10411064 44 
76 I 10507021 44 
