0 I 0 52 
1 I 613504 44 
2 I 1637914 52 
3 I 1639559 52 
4 I 1642873 52 
5 I 2249232 44 
6 I 2249626 44 
7 I 2253002 44 
8 I 2253302 44 
9 I 2259645 44 
10 I 2260120 44 
11 I 2881458 44 
12 I 2881937 52 
13 I 2886166 44 
14 I 2887145 52 
15 I 2916808 44 
16 I 2918241 52 
17 I 3517310 44 
18 I 3517752 44 
19 I 3520158 44 
20 I 3520403 44 
21 I 3563998 44 
22 I 3564559 44 
23 I 4154665 44 
24 I 4155227 52 
25 I 4160610 44 
26 I 4200356 44 
27 I 4779964 44 
28 I 4780430 44 
29 I 5414031 44 
30 I 5696052 52 
31 I 5697449 52 
32 I 5698926 52 
33 I 5716242 44 
34 I 5719022 52 
35 I 6319964 44 
36 I 6320691 44 
37 I 6322872 44 
38 I 6323246 44 
39 I 6326114 44 
40 I 6326423 44 
41 I 6330525 44 
42 I 6330840 44 
43 I 6934097 44 
44 I 6939193 44 
45 I 6944308 44 
46 I 6950370 44 
47 I 81747930 52 
48 I 82361531 44 
49 I 83114918 52 
50 I 83115692 52 
51 I 83117318 52 
52 I 83744194 44 
53 I 83744670 44 
54 I 83746918 44 
55 I 83747209 44 
56 I 83750778 44 
57 I 83751061 44 
58 I 84379636 44 
59 I 84380609 52 
60 I 84384151 44 
61 I 84384905 52 
62 I 84391034 44 
63 I 84392342 52 
64 I 85022822 44 
65 I 85024129 52 
66 I 85029884 44 
67 I 85033971 44 
68 I 85037619 44 
69 I 85038561 44 
70 I 85038673 44 
71 I 85038725 44 
72 I 85636350 44 
73 I 85636836 44 
74 I 85643071 44 
75 I 85646488 52 
76 I 85648345 44 
77 I 85654056 44 
78 I 86249694 44 
79 I 86259155 44 
80 I 86260014 44 
81 I 86907705 44 
82 I 86946288 52 
83 I 87561370 44 
84 I 87561829 44 
85 I 88175245 44 
86 I 107109142 52 
87 I 107110390 52 
88 I 107110751 52 
89 I 107111208 52 
90 I 107720835 44 
91 I 107721226 44 
92 I 107724901 44 
93 I 107725268 44 
94 I 107729055 44 
95 I 107729472 44 
96 I 107732927 44 
97 I 107733272 44 
98 I 108334359 44 
99 I 108339623 52 
100 I 108342066 44 
101 I 108342097 52 
102 I 108345914 44 
103 I 108347028 52 
104 I 108351277 44 
105 I 108505105 52 
