0 I 0 64 
1 I 89870 56 
2 I 90863 1504 
3 I 90989 1504 
4 I 91214 1270 
5 I 360493 64 
6 I 386289 64 
7 I 408042 64 
8 I 420225 64 
9 I 491875 56 
10 I 492763 1504 
11 I 492885 1504 
12 I 594804 56 
13 I 595302 1504 
14 I 595426 1504 
15 I 665894 56 
16 I 666310 1504 
17 I 666484 1504 
18 I 725934 56 
19 I 726560 1504 
20 I 726684 1504 
21 I 726866 1175 
22 I 737991 1504 
23 I 738112 1504 
24 I 738237 1504 
25 I 745782 1504 
26 I 745904 1504 
27 I 746028 1504 
28 I 781769 348 
29 I 781790 1504 
30 I 787901 1504 
31 I 788025 1504 
32 I 788149 1504 
33 I 788271 584 
34 I 788273 1504 
35 I 853839 1504 
36 I 853959 1504 
37 I 853964 588 
38 I 895621 64 
39 I 915139 64 
40 I 951146 64 
41 I 971276 56 
42 I 972059 1504 
43 I 972426 1504 
44 I 972435 1149 
45 I 995435 56 
46 I 995992 1504 
47 I 996113 1504 
48 I 1041686 56 
49 I 1042074 1504 
50 I 1042176 333 
51 I 1042199 1504 
52 I 1054200 1504 
53 I 1054205 588 
54 I 1057173 64 
55 I 1129475 56 
56 I 1130287 1504 
57 I 1130408 1504 
58 I 1130462 910 
59 I 1163257 64 
60 I 1203187 64 
61 I 1224145 56 
62 I 1224710 1504 
63 I 1224835 1504 
64 I 1225425 372 
65 I 1227203 64 
66 I 1269547 56 
67 I 1269914 1504 
68 I 1270038 1504 
69 I 1270085 930 
70 I 1289242 64 
71 I 1319294 56 
72 I 1319725 1504 
73 I 1319849 1504 
74 I 1319945 1270 
75 I 1353827 56 
76 I 1353992 1504 
77 I 1354114 1504 
78 I 1354311 1118 
79 I 1391161 64 
80 I 1433466 64 
81 I 1453276 56 
82 I 1453740 1504 
83 I 1453864 1504 
84 I 1454039 885 
85 I 1457182 64 
86 I 1509268 56 
87 I 1509985 1504 
88 I 1510105 1504 
89 I 1510196 1198 
90 I 1521123 64 
91 I 1541297 56 
92 I 1541857 1504 
93 I 1541981 1504 
94 I 1542083 1300 
95 I 1603296 56 
96 I 1603827 1504 
97 I 1603961 1504 
98 I 1604003 977 
99 I 1649122 64 
100 I 1705268 56 
101 I 1706027 1504 
102 I 1706147 1504 
103 I 1706254 1380 
