0 I 0 52 
1 I 142929 44 
2 I 314583 44 
3 I 360729 44 
4 I 6542081 52 
5 I 6639339 44 
6 I 6783219 44 
7 I 6824649 44 
8 I 60602705 52 
9 I 60726136 44 
10 I 60879133 44 
11 I 60925431 44 
12 I 66960916 52 
13 I 67069996 44 
14 I 67209484 44 
15 I 67254414 44 
16 I 121178985 52 
17 I 121281965 44 
18 I 121423017 44 
19 I 121468196 44 
20 I 127350321 52 
21 I 127470006 44 
22 I 127603288 44 
23 I 127645707 44 
24 I 181734420 52 
25 I 181832685 44 
26 I 181973890 44 
27 I 182020838 44 
28 I 187804983 52 
29 I 187925136 44 
30 I 188058008 44 
31 I 188100926 44 
