0 I 0 48 
1 I 94189 44 
2 I 95998 44 
3 I 206405 44 
4 I 206914 44 
5 I 318333 44 
6 I 318957 44 
7 I 486276 44 
8 I 17099375 48 
9 I 17193316 44 
10 I 20165861 44 
11 I 20165862 44 
12 I 61333561 48 
13 I 61426585 44 
14 I 64380183 44 
15 I 64380183 44 
16 I 75346020 48 
17 I 75445921 44 
18 I 78398504 44 
19 I 78398504 44 
20 I 95600863 48 
21 I 95696834 44 
22 I 95697780 44 
23 I 96451873 48 
24 I 96484584 48 
25 I 96552303 44 
26 I 96691192 44 
27 I 96691790 44 
28 I 96926161 44 
29 I 98829347 44 
30 I 98838598 48 
31 I 98934903 44 
32 I 99534797 44 
33 I 99534799 44 
34 I 101856750 44 
35 I 101856752 44 
36 I 115742674 48 
37 I 115836406 44 
38 I 118740190 44 
39 I 118740192 44 
40 I 151013512 48 
41 I 151109989 44 
42 I 151110941 44 
43 I 151220677 44 
44 I 151222025 44 
45 I 151335427 44 
46 I 151336332 44 
47 I 151509992 44 
