0 I 0 85 
1 I 3286715 85 
2 I 30709888 209 
3 I 30710065 1504 
4 I 30710102 1504 
5 I 33488619 1222 
6 I 33488644 1120 
7 I 33488709 1504 
8 I 33488738 1504 
9 I 33488779 1504 
10 I 33488804 1504 
11 I 85853357 1222 
12 I 85853382 1120 
13 I 85853431 1504 
14 I 85853464 1504 
15 I 85853502 1504 
16 I 85853539 1504 
17 I 85874656 68 
18 I 85874865 1504 
19 I 91128227 85 
20 I 94700591 85 
21 I 158751523 85 
22 I 174162078 209 
23 I 174162280 1504 
24 I 174162310 1504 
25 I 175859632 824 
26 I 179175702 85 
27 I 182150333 85 
28 I 185977975 85 
