0 I 0 44 
1 I 10460977 44 
2 I 20923641 44 
3 I 30975749 44 
4 I 41030528 44 
5 I 51188034 44 
6 I 61647651 44 
7 I 71195211 44 
8 I 80842863 44 
9 I 90592930 44 
10 I 100140538 44 
11 I 110194086 44 
12 I 120045845 44 
13 I 130201884 44 
14 I 140460319 44 
15 I 150514276 44 
16 I 160467208 44 
17 I 170929130 44 
18 I 180982661 44 
19 I 191341837 44 
20 I 201193840 44 
21 I 211857490 44 
22 I 222216929 44 
23 I 231865723 44 
24 I 241716534 44 
25 I 252178008 44 
26 I 262537027 44 
27 I 272591665 44 
28 I 283053494 44 
