0 I 0 48 
1 I 540654 44 
2 I 541094 44 
3 I 2028935 48 
4 I 2050120 48 
5 I 2071565 44 
6 I 2086925 48 
7 I 2591124 44 
8 I 2592039 44 
9 I 2622143 44 
10 I 2858364 44 
11 I 2859191 44 
12 I 2878604 44 
13 I 3109469 44 
14 I 3110515 44 
15 I 3130021 44 
16 I 3476495 44 
17 I 3585912 48 
18 I 4268135 44 
19 I 4269362 44 
20 I 4316115 44 
21 I 4372758 48 
22 I 4388214 44 
23 I 5180901 44 
24 I 5181067 44 
25 I 5212036 44 
26 I 5418993 44 
27 I 5515595 48 
28 I 5929342 48 
29 I 5946149 48 
30 I 5966688 48 
31 I 6056141 44 
32 I 6076575 48 
33 I 6092587 44 
34 I 6386194 44 
35 I 6422630 48 
36 I 6837028 44 
37 I 6837818 44 
38 I 6868211 44 
39 I 7042910 44 
40 I 7099492 44 
41 I 7100585 44 
42 I 7130354 44 
43 I 7329452 44 
44 I 7382547 44 
45 I 7383077 44 
46 I 7408587 44 
47 I 7588698 44 
48 I 7671847 44 
49 I 7672526 44 
50 I 7701747 44 
51 I 7892629 44 
52 I 7912370 44 
53 I 7913307 44 
54 I 8147772 44 
55 I 8149728 44 
56 I 8168704 44 
57 I 8195821 48 
58 I 8210553 48 
59 I 8262660 44 
60 I 8545657 48 
61 I 8582454 44 
62 I 8598519 48 
63 I 8635798 44 
64 I 8656478 48 
65 I 8840157 44 
66 I 8855797 44 
67 I 8871280 48 
68 I 9232935 44 
69 I 9233878 44 
70 I 9259658 44 
71 I 9432799 44 
72 I 9490473 44 
73 I 9516581 44 
74 I 9746942 44 
75 I 9749471 44 
76 I 9999687 44 
77 I 10019657 44 
78 I 10272225 44 
79 I 10292597 44 
80 I 10522628 44 
81 I 10523342 44 
82 I 10569615 44 
83 I 10622161 48 
84 I 10675604 44 
85 I 11949461 44 
86 I 11969573 44 
87 I 12546515 44 
88 I 15377765 44 
89 I 15876291 48 
90 I 15891997 48 
91 I 16106784 44 
92 I 16143752 44 
93 I 16152603 44 
94 I 17033956 48 
95 I 17045451 44 
96 I 18056807 44 
97 I 18786352 48 
98 I 18806578 48 
99 I 19179507 44 
100 I 19766503 44 
101 I 19766853 44 
102 I 19808753 44 
103 I 20022888 44 
104 I 20051273 44 
105 I 20073846 44 
106 I 20185752 48 
107 I 20211975 44 
108 I 20227382 48 
109 I 20625641 44 
110 I 20672744 44 
111 I 20829979 44 
112 I 21066501 44 
113 I 21098111 44 
114 I 21175796 44 
115 I 22879756 48 
116 I 23031907 48 
117 I 23048331 44 
118 I 23142213 44 
119 I 23886830 44 
120 I 24657665 44 
121 I 24955961 44 
122 I 24972186 44 
123 I 25208198 44 
124 I 25208707 44 
125 I 25249869 44 
126 I 25423244 44 
127 I 25983593 48 
128 I 26556567 44 
129 I 27357628 44 
130 I 27619693 44 
131 I 28065794 44 
132 I 28312817 44 
133 I 28313461 44 
134 I 28348746 44 
135 I 28516478 44 
136 I 28936146 44 
137 I 29061894 44 
138 I 29102780 44 
139 I 29260878 44 
140 I 29864671 44 
141 I 29901383 44 
142 I 29906887 44 
143 I 31048534 44 
144 I 31205815 44 
145 I 31262946 44 
146 I 31406552 44 
147 I 31757011 44 
148 I 31977386 44 
149 I 31977511 44 
150 I 32023819 44 
151 I 32306301 44 
152 I 32327792 48 
153 I 32397091 44 
154 I 32699813 44 
155 I 32805242 44 
156 I 32882947 44 
157 I 33162088 44 
158 I 33204496 44 
159 I 35552293 44 
160 I 35553263 44 
161 I 35593984 44 
162 I 41571462 44 
163 I 41572397 44 
164 I 41614536 44 
165 I 41807182 44 
166 I 42446419 48 
167 I 42467722 48 
168 I 42488281 48 
169 I 42504137 48 
170 I 42526465 48 
171 I 42546427 48 
172 I 42567416 48 
173 I 42598596 48 
174 I 72876752 44 
175 I 72877612 44 
176 I 72913355 44 
177 I 73108625 44 
178 I 73110839 44 
179 I 73117535 44 
180 I 73144279 44 
181 I 73316355 44 
182 I 73343150 44 
183 I 73343907 44 
184 I 73386816 44 
185 I 73400764 44 
186 I 73416924 44 
187 I 73431914 48 
188 I 73453210 48 
189 I 73468955 48 
190 I 73484458 48 
191 I 73505639 48 
192 I 73559590 44 
193 I 73706342 44 
194 I 73899582 44 
195 I 74104463 44 
196 I 74113548 44 
197 I 74333545 44 
198 I 74344185 48 
199 I 74370935 48 
200 I 74381070 48 
201 I 74401780 48 
202 I 74417396 48 
203 I 74623521 44 
204 I 74822130 44 
205 I 75016276 44 
206 I 75031171 44 
207 I 75047508 44 
208 I 75262243 48 
209 I 75282590 48 
210 I 75303999 48 
211 I 75319474 48 
212 I 75335106 48 
213 I 75534729 44 
214 I 75739701 44 
215 I 75934309 44 
216 I 75954185 48 
217 I 75969553 48 
218 I 75985656 44 
219 I 76001326 48 
220 I 76021693 48 
221 I 76037991 44 
222 I 76326467 44 
223 I 76357395 44 
224 I 76432014 44 
225 I 76462855 44 
226 I 76489105 44 
227 I 76535739 44 
228 I 76557326 44 
229 I 76598284 44 
230 I 76619664 48 
231 I 76641530 48 
232 I 76651296 44 
233 I 76671601 44 
234 I 76682607 44 
235 I 76699098 44 
236 I 76720234 44 
237 I 76766811 44 
238 I 76776967 44 
239 I 76793204 44 
240 I 76808636 44 
241 I 76824559 44 
242 I 76845617 44 
243 I 76856534 44 
244 I 76876650 44 
245 I 77087020 44 
246 I 77118089 44 
247 I 77333484 44 
248 I 77334713 44 
249 I 77359688 44 
250 I 77406172 44 
251 I 79576995 44 
252 I 79603196 48 
253 I 79954631 48 
254 I 80457949 44 
255 I 80458502 44 
256 I 80494541 44 
257 I 80709544 44 
258 I 80710357 44 
259 I 80746493 44 
260 I 80925916 44 
261 I 81532671 44 
262 I 81547915 48 
263 I 81637409 44 
264 I 82109530 44 
265 I 82110645 44 
266 I 82156605 44 
267 I 82748781 48 
268 I 83667276 44 
269 I 83667965 44 
270 I 83698655 44 
271 I 83881451 44 
272 I 84537140 44 
273 I 84537803 44 
274 I 84568490 44 
275 I 86057558 44 
276 I 86886354 44 
277 I 86906191 48 
278 I 86923177 44 
279 I 87462195 44 
280 I 87462749 44 
281 I 89218352 44 
282 I 97874192 44 
283 I 97874208 44 
284 I 97890535 44 
285 I 97973979 44 
286 I 97984473 44 
287 I 97984473 44 
288 I 97999890 44 
289 I 114499902 48 
290 I 114520158 48 
291 I 114536300 48 
292 I 114557880 48 
293 I 114573457 48 
294 I 114593926 48 
295 I 114610243 48 
296 I 114625345 48 
297 I 115139653 44 
298 I 115140154 44 
299 I 115186631 44 
300 I 115363065 44 
301 I 115402071 44 
302 I 115402726 44 
303 I 115449303 44 
304 I 115624939 44 
305 I 115663836 44 
306 I 115665290 44 
307 I 115712811 44 
308 I 115913951 44 
309 I 115926171 44 
310 I 115927504 44 
311 I 115972892 44 
312 I 116151870 44 
313 I 116188609 44 
314 I 116189479 44 
315 I 116236679 44 
316 I 116411741 44 
317 I 116445933 44 
318 I 116446359 44 
319 I 116492264 44 
320 I 116661299 44 
321 I 116723043 44 
322 I 116723771 44 
323 I 116770359 44 
324 I 116943500 44 
325 I 116969613 44 
326 I 116970157 44 
327 I 117016374 44 
328 I 117201360 44 
329 I 117232584 44 
330 I 117283800 44 
331 I 117293946 44 
332 I 117315769 48 
333 I 117515635 44 
334 I 117561501 44 
335 I 117577843 44 
336 I 117598450 48 
337 I 117799089 44 
338 I 117844954 44 
339 I 117860429 44 
340 I 117876666 48 
341 I 118076433 44 
342 I 118122432 44 
343 I 118138409 44 
344 I 118159145 48 
345 I 118353881 44 
346 I 118400590 44 
347 I 118415697 44 
348 I 118437254 48 
349 I 118632028 44 
350 I 118677814 44 
351 I 118694155 44 
352 I 118714318 48 
353 I 118915182 44 
354 I 118961793 44 
355 I 118977302 44 
356 I 118998400 48 
357 I 119192743 44 
358 I 119238866 44 
359 I 119254617 44 
360 I 119276197 48 
361 I 119486836 44 
362 I 119487600 44 
363 I 119538888 44 
364 I 119721823 44 
365 I 119769503 44 
366 I 119769940 44 
367 I 119816032 44 
368 I 119989871 44 
369 I 120026706 44 
370 I 120027839 44 
371 I 120072923 44 
372 I 120248683 44 
373 I 120288434 44 
374 I 120289186 44 
375 I 120336170 44 
376 I 120511961 44 
377 I 120550287 44 
378 I 120551512 44 
379 I 120597405 44 
380 I 120772125 44 
381 I 120817896 44 
382 I 120818705 44 
383 I 120865612 44 
384 I 121048238 44 
385 I 121074689 44 
386 I 121075379 44 
387 I 121122085 44 
388 I 121308595 44 
389 I 121337034 44 
390 I 121337575 44 
391 I 121384259 44 
392 I 121554386 44 
393 I 121583648 44 
394 I 121635856 44 
395 I 121645970 44 
396 I 121666571 48 
397 I 121866563 44 
398 I 121913538 44 
399 I 121928697 44 
400 I 121944457 48 
401 I 122144649 44 
402 I 122191160 44 
403 I 122211937 44 
404 I 122228036 48 
405 I 122428219 44 
406 I 122458000 44 
407 I 122474739 44 
408 I 122489994 48 
409 I 122689576 44 
410 I 122725591 44 
411 I 122741850 44 
412 I 122762595 48 
413 I 122962903 44 
414 I 123003418 44 
415 I 123019347 44 
416 I 123035593 48 
417 I 123235096 44 
418 I 123275888 44 
419 I 123292071 44 
420 I 123312606 48 
421 I 123513427 44 
422 I 123553965 44 
423 I 123564465 44 
424 I 123585952 48 
425 I 123796651 44 
426 I 123797508 44 
427 I 123847986 44 
428 I 124040470 44 
429 I 124063214 44 
430 I 124064230 44 
431 I 124109896 44 
432 I 124301505 44 
433 I 124325737 44 
434 I 124327004 44 
435 I 124378010 44 
436 I 124550216 44 
437 I 124592629 44 
438 I 124593029 44 
439 I 124634609 44 
440 I 124808013 44 
441 I 124850132 44 
442 I 124850609 44 
443 I 124902839 44 
444 I 125068582 44 
445 I 125111987 44 
446 I 125112811 44 
447 I 125163955 44 
448 I 125341229 44 
449 I 125374161 44 
450 I 125374598 44 
451 I 125426671 44 
452 I 125595669 44 
453 I 125636379 44 
454 I 125637181 44 
455 I 125683099 44 
456 I 125856531 44 
457 I 125882390 44 
458 I 125923928 44 
459 I 125939953 44 
460 I 125955472 48 
461 I 126155556 44 
462 I 126196516 44 
463 I 126217653 44 
464 I 126233364 48 
465 I 126428433 44 
466 I 126468746 44 
467 I 126484894 44 
468 I 126506383 48 
469 I 126700984 44 
470 I 126741942 44 
471 I 126757942 44 
472 I 126772891 48 
473 I 126973319 44 
474 I 127014710 44 
475 I 127030506 44 
476 I 127046148 48 
477 I 127246591 44 
478 I 127287275 44 
479 I 127302636 44 
480 I 127317875 48 
481 I 127519082 44 
482 I 127559488 44 
483 I 127576173 44 
484 I 127591794 48 
485 I 127796706 44 
486 I 127837878 44 
487 I 127848029 44 
488 I 127868922 48 
489 I 128079031 44 
490 I 128080239 44 
491 I 128126572 44 
492 I 128303171 44 
493 I 128342710 44 
494 I 128343261 44 
495 I 128388566 44 
496 I 128567590 44 
497 I 128603643 44 
498 I 128604320 44 
499 I 128650674 44 
500 I 128827139 44 
501 I 128866153 44 
502 I 128867017 44 
503 I 128912496 44 
504 I 129083919 44 
505 I 129128113 44 
506 I 129128268 44 
507 I 129174867 44 
508 I 129359100 44 
509 I 129390188 44 
510 I 129390825 44 
511 I 129436763 44 
512 I 129612208 44 
513 I 129652228 44 
514 I 129652810 44 
515 I 129698806 44 
516 I 129864411 44 
517 I 129914594 44 
518 I 129914920 44 
519 I 129946387 44 
520 I 130140334 44 
521 I 130186204 44 
522 I 130196355 44 
523 I 130217590 48 
524 I 130418797 44 
525 I 130453828 44 
526 I 130469265 44 
527 I 130490636 48 
528 I 130690777 44 
529 I 130731402 44 
530 I 130747622 44 
531 I 130763318 48 
532 I 130963077 44 
533 I 131004455 44 
534 I 131014669 44 
535 I 131035975 48 
536 I 131236904 44 
537 I 131276652 44 
538 I 131292879 44 
539 I 131313797 48 
540 I 131509354 44 
541 I 131549364 44 
542 I 131570396 44 
543 I 131585878 48 
544 I 131786840 44 
545 I 131828281 44 
546 I 131843071 44 
547 I 131859416 48 
548 I 131927372 48 
549 I 132158496 44 
550 I 132194511 44 
551 I 132394200 44 
552 I 132436334 44 
553 I 132446857 44 
554 I 132661704 44 
555 I 132689411 44 
556 I 132923534 44 
557 I 132960217 44 
558 I 133175641 44 
559 I 133217240 44 
560 I 133426726 44 
561 I 133468579 44 
562 I 133689308 44 
563 I 133694835 44 
564 I 133941511 44 
565 I 133977576 44 
566 I 135346923 44 
567 I 135582490 44 
568 I 143629054 48 
569 I 143639548 44 
570 I 144594300 48 
571 I 144605162 44 
572 I 145432910 44 
573 I 146114975 44 
574 I 146122228 44 
575 I 146544082 48 
576 I 146748724 48 
577 I 146764247 44 
578 I 147546603 48 
579 I 147566248 48 
580 I 147577866 44 
581 I 147692608 44 
582 I 148211551 44 
583 I 148336890 44 
584 I 149538504 44 
585 I 149742725 48 
586 I 149789695 48 
587 I 149806191 44 
588 I 150334788 44 
589 I 150455548 44 
590 I 150539035 48 
591 I 151242111 44 
592 I 151498642 44 
593 I 151656117 44 
594 I 151834754 44 
595 I 152247983 44 
596 I 152269405 48 
597 I 152286283 44 
598 I 152416386 44 
599 I 152494329 44 
600 I 152542310 48 
601 I 152657355 44 
602 I 152741622 48 
603 I 152836208 44 
604 I 153019211 44 
605 I 153234504 44 
606 I 153276809 44 
607 I 153291791 44 
608 I 153307143 44 
609 I 153669803 44 
610 I 153712291 44 
611 I 153832384 44 
612 I 154015909 44 
613 I 154193735 44 
614 I 154376748 44 
615 I 154513214 44 
616 I 154539574 44 
617 I 154697204 44 
618 I 155016997 44 
619 I 155258332 44 
620 I 155294616 44 
621 I 155331541 48 
622 I 155378911 44 
623 I 155472647 44 
624 I 155709430 44 
625 I 155746656 44 
626 I 156118119 48 
627 I 156133676 44 
628 I 156274627 44 
629 I 156432028 44 
630 I 156673953 44 
631 I 156716463 44 
632 I 156725719 44 
633 I 157057329 44 
634 I 157098184 44 
635 I 157272355 44 
636 I 157717185 44 
637 I 157759340 44 
638 I 157815935 44 
639 I 159043286 48 
640 I 159321586 44 
641 I 160649528 44 
642 I 160689646 44 
643 I 160852374 44 
644 I 161397790 44 
645 I 161439778 44 
646 I 162016515 44 
647 I 162064180 44 
648 I 167931151 44 
649 I 172025213 44 
650 I 172067946 44 
651 I 172685761 48 
652 I 172701959 44 
653 I 175653120 48 
654 I 176202944 48 
655 I 176219003 44 
656 I 178410799 44 
657 I 178515448 48 
658 I 178526341 44 
659 I 178661921 44 
660 I 178840372 44 
661 I 179154798 48 
662 I 179355079 44 
663 I 179926591 44 
664 I 179969596 44 
665 I 179983558 44 
666 I 179998788 44 
667 I 180046042 44 
668 I 181288897 44 
669 I 181504162 44 
670 I 181522487 44 
671 I 181562215 48 
672 I 182431723 44 
673 I 182752347 44 
674 I 182772985 44 
675 I 183212611 44 
676 I 183249349 44 
677 I 183433316 44 
678 I 183611117 44 
679 I 183690272 44 
680 I 184085949 44 
681 I 184127544 44 
682 I 184855842 48 
683 I 184866717 44 
684 I 185973529 44 
685 I 186010248 44 
686 I 186225073 44 
687 I 186266946 44 
688 I 187446683 44 
689 I 187755872 48 
690 I 189369907 44 
691 I 190057637 44 
692 I 190979508 44 
693 I 191420066 44 
694 I 191577213 44 
695 I 191793163 44 
696 I 191823578 44 
697 I 192034378 44 
698 I 193995050 44 
699 I 194036745 44 
700 I 198021602 48 
701 I 198037218 44 
702 I 198656826 44 
703 I 198662917 44 
704 I 199222299 48 
705 I 199232679 44 
706 I 200160144 44 
707 I 200962102 48 
708 I 202167975 48 
709 I 203169231 48 
710 I 203185612 44 
711 I 204537724 44 
712 I 205056496 44 
713 I 205219341 44 
714 I 205439757 44 
715 I 205602882 44 
716 I 205823238 44 
717 I 205864373 44 
718 I 206063143 48 
719 I 206267876 44 
720 I 206797182 44 
721 I 206868605 44 
722 I 207022666 44 
723 I 207254335 44 
724 I 207268600 44 
725 I 209125374 44 
726 I 209786919 44 
727 I 210520700 44 
728 I 210529637 44 
729 I 211107548 44 
730 I 211108474 44 
731 I 211165416 44 
732 I 211758454 44 
733 I 213153195 44 
734 I 213786922 44 
735 I 215071203 44 
736 I 215800318 44 
