0 I 0 48 
1 I 339641 44 
2 I 450238 44 
3 I 697475 44 
4 I 1229292 48 
5 I 1501023 44 
6 I 1751434 44 
7 I 2189533 48 
8 I 3199293 44 
9 I 3553732 44 
10 I 6048761 48 
11 I 6310147 44 
12 I 6381350 48 
13 I 6561245 44 
14 I 6649244 44 
15 I 6688674 48 
16 I 6899668 44 
17 I 6946251 44 
18 I 7198941 44 
19 I 45720204 48 
20 I 47171155 44 
21 I 49403802 48 
22 I 49436059 48 
23 I 49655128 44 
24 I 49688420 44 
25 I 49911729 44 
26 I 49937544 44 
27 I 51764821 48 
28 I 53044712 44 
29 I 55406530 48 
30 I 55529239 48 
31 I 55660494 44 
32 I 55784702 44 
33 I 55911818 44 
34 I 56037038 44 
35 I 61848764 48 
36 I 63137407 44 
37 I 72511114 48 
38 I 72764864 44 
39 I 73017305 44 
40 I 75025002 48 
41 I 75154712 48 
42 I 75407102 48 
43 I 76418324 44 
44 I 76674758 44 
45 I 79409312 48 
46 I 79662214 44 
47 I 79746138 48 
48 I 79917919 44 
49 I 79999812 44 
50 I 80251789 44 
51 I 110598096 48 
52 I 111601187 44 
53 I 119293610 48 
54 I 120294846 44 
55 I 121166567 48 
56 I 121371321 48 
57 I 121488568 48 
58 I 121609515 48 
59 I 123656817 44 
60 I 123656944 44 
61 I 123657161 44 
62 I 123657168 44 
63 I 123670967 44 
64 I 123671088 44 
65 I 140026899 44 
66 I 140273457 44 
