0 I 0 52 
1 I 54223 44 
2 I 8500210 52 
3 I 8632480 44 
4 I 8776838 44 
5 I 12189798 52 
6 I 12286036 44 
7 I 12358240 44 
8 I 12603871 52 
9 I 12694022 44 
10 I 14022030 44 
11 I 14682093 44 
12 I 15004792 52 
13 I 15107206 44 
14 I 15148730 52 
15 I 15269056 44 
16 I 31408407 44 
17 I 84201851 47 
18 I 175333839 52 
19 I 175466077 44 
20 I 176119861 44 
21 I 176941892 52 
22 I 177043951 44 
23 I 177100919 44 
24 I 177344461 52 
25 I 177434978 44 
26 I 178740602 44 
27 I 203620274 52 
28 I 203800669 44 
29 I 204118203 44 
30 I 204862411 52 
31 I 204958375 44 
32 I 205013784 44 
33 I 205258302 52 
34 I 205348486 44 
35 I 206781363 44 
36 I 207347957 52 
37 I 207450011 44 
38 I 209688008 44 
