0 I 0 64 
1 I 22991 56 
2 I 515608 56 
3 I 515736 80 
4 I 538729 104 
5 I 567066 94 
6 I 2219471 1504 
7 I 2219594 1504 
8 I 2250873 427 
9 I 2321168 56 
10 I 2899260 62 
11 I 2923525 56 
12 I 2923608 56 
13 I 10463695 64 
14 I 10486713 56 
15 I 10511241 56 
16 I 10545686 80 
17 I 10568559 56 
18 I 10568720 104 
19 I 10595825 94 
20 I 11723568 1504 
21 I 11723689 1504 
22 I 11748674 1504 
23 I 11748774 1295 
24 I 11952735 56 
25 I 12946426 62 
26 I 12969961 56 
27 I 12970077 56 
28 I 98972595 64 
29 I 98995865 56 
30 I 99021658 56 
31 I 99053926 80 
32 I 99076822 104 
33 I 99107931 94 
