0 I 0 48 
1 I 786522 48 
2 I 1358728 44 
3 I 1359138 44 
4 I 1561868 44 
5 I 2422993 48 
6 I 2506545 48 
7 I 2773520 48 
8 I 2884531 44 
9 I 2885169 44 
10 I 2957036 48 
11 I 2978873 44 
12 I 2978982 44 
13 I 3059977 44 
14 I 3159935 44 
15 I 3183745 44 
16 I 3184268 44 
17 I 3354608 44 
18 I 3388418 44 
19 I 3388422 44 
20 I 3565614 48 
21 I 3570735 44 
22 I 3743298 48 
23 I 3901044 48 
24 I 3969508 44 
25 I 4029852 44 
26 I 4126253 48 
27 I 4206228 44 
28 I 4300179 44 
29 I 5013399 48 
30 I 7036261 48 
31 I 9809663 48 
32 I 12625040 48 
33 I 15310373 48 
34 I 18309136 48 
35 I 21307332 48 
36 I 21553990 44 
37 I 24375694 44 
38 I 24610885 48 
39 I 25496567 48 
40 I 27530606 48 
41 I 30310217 48 
42 I 32910402 48 
43 I 35809123 48 
44 I 38813140 48 
45 I 41813099 48 
46 I 44811680 48 
47 I 45594046 44 
48 I 45594521 44 
49 I 45766793 44 
50 I 48394222 44 
51 I 50054805 48 
52 I 50941038 48 
53 I 53835587 44 
54 I 54915144 48 
55 I 57819369 48 
56 I 57841343 48 
57 I 60362494 48 
58 I 62186337 48 
59 I 64823890 48 
60 I 67681813 44 
61 I 67683273 44 
62 I 67854072 44 
63 I 69715780 48 
64 I 70078158 44 
65 I 75608433 48 
66 I 75987523 44 
67 I 122089095 44 
68 I 122091887 44 
69 I 122496483 44 
70 I 124210779 48 
71 I 124583747 44 
72 I 124584247 44 
73 I 124758152 44 
74 I 135755619 48 
75 I 135881568 48 
76 I 136118001 44 
77 I 136118907 44 
78 I 136264795 44 
79 I 136264990 44 
80 I 136294927 44 
81 I 141156161 48 
82 I 141518158 44 
83 I 141518687 44 
84 I 141706365 44 
85 I 143064887 44 
86 I 143069712 44 
87 I 143310835 48 
88 I 143673273 44 
89 I 143673996 44 
90 I 144073587 44 
91 I 145643797 48 
92 I 146353110 44 
93 I 146354068 44 
94 I 148307890 48 
95 I 148543377 48 
96 I 148707243 44 
97 I 148707634 44 
98 I 148869555 44 
99 I 148958619 44 
100 I 148959333 44 
101 I 149130595 44 
102 I 149355633 48 
103 I 149540015 48 
104 I 149865028 44 
105 I 149873130 44 
106 I 149964352 44 
107 I 151143979 44 
108 I 151144269 44 
109 I 151309865 44 
110 I 152019177 48 
111 I 152664728 44 
112 I 152665439 44 
113 I 153333187 44 
114 I 156271350 48 
115 I 156649336 44 
116 I 156650220 44 
117 I 157285572 44 
118 I 158191011 48 
119 I 159071660 44 
120 I 159072850 44 
121 I 159235544 44 
122 I 159617286 44 
123 I 159648618 48 
124 I 160047276 44 
125 I 170433089 48 
126 I 170988996 44 
127 I 170989359 44 
128 I 171164425 44 
129 I 172152675 48 
130 I 172619110 44 
131 I 172620227 44 
132 I 172792258 44 
133 I 173526932 44 
