0 I 0 64 
1 I 24954 963 
2 I 65990 99 
3 I 84874 99 
4 I 219734 56 
5 I 243360 299 
6 I 243399 56 
7 I 263611 56 
8 I 11568534 64 
9 I 11736842 56 
10 I 11760746 276 
11 I 11760789 56 
12 I 11779760 56 
13 I 60959015 64 
14 I 60980645 963 
15 I 61020322 99 
16 I 61039269 99 
17 I 61210237 56 
18 I 61234737 299 
19 I 61234798 56 
20 I 61258146 56 
21 I 72182123 64 
22 I 72326691 56 
23 I 72350490 276 
24 I 72350532 56 
25 I 72369466 56 
26 I 121154636 64 
27 I 121176123 963 
28 I 121215821 99 
29 I 121234751 99 
30 I 121399473 56 
31 I 121424114 299 
32 I 121424154 56 
33 I 121444090 56 
34 I 131418063 64 
35 I 131614633 56 
36 I 131638272 276 
37 I 131638321 56 
38 I 131657106 56 
39 I 180739441 64 
40 I 180761107 963 
41 I 180801997 99 
42 I 180820853 99 
43 I 180987889 56 
44 I 181012328 299 
45 I 181012396 56 
46 I 181032211 56 
47 I 192233950 64 
48 I 192404794 56 
49 I 192428536 276 
50 I 192428580 56 
51 I 192447959 56 
52 I 240670111 64 
53 I 240706720 963 
54 I 240751655 99 
55 I 240770492 99 
56 I 240976874 56 
57 I 241001588 299 
58 I 241001633 56 
59 I 241021458 56 
60 I 251603453 64 
61 I 251792885 56 
62 I 251815506 276 
63 I 251815553 56 
64 I 251834427 56 
