0 I 0 44 
1 I 22115 44 
2 I 400729 44 
3 I 424939 44 
4 I 2515531 48 
5 I 19478654 44 
6 I 19500752 44 
7 I 22911195 48 
8 I 24517179 48 
9 I 39173638 44 
10 I 39195962 44 
11 I 39196558 48 
12 I 40634426 44 
13 I 40658152 44 
14 I 55502877 44 
15 I 55526186 44 
16 I 55715556 48 
17 I 71634645 44 
18 I 71672424 44 
19 I 71672860 48 
20 I 72689579 48 
21 I 88694906 44 
22 I 88716513 44 
23 I 88733389 48 
24 I 89707954 44 
25 I 89742264 44 
26 I 89743059 48 
27 I 94578562 48 
28 I 105912196 44 
29 I 105934412 44 
30 I 106454059 44 
31 I 106476128 44 
32 I 108422943 48 
33 I 111156528 44 
34 I 111183685 44 
35 I 113415437 48 
36 I 125162844 44 
37 I 125185811 44 
38 I 130355669 44 
39 I 130378201 44 
40 I 130378215 44 
41 I 156572549 48 
42 I 167580463 48 
43 I 172880143 44 
44 I 172901831 44 
45 I 172902465 48 
46 I 180272849 48 
47 I 184060199 44 
48 I 184091273 44 
49 I 186758675 48 
50 I 189276727 44 
51 I 189298985 44 
52 I 197242356 44 
53 I 197264349 44 
54 I 197265411 48 
55 I 203911461 44 
56 I 203997655 44 
57 I 214282253 44 
58 I 219051695 44 
59 I 223097019 48 
