0 I 0 1504 
1 I 189433 1504 
2 I 189558 1504 
3 I 260703 1504 
4 I 260825 1504 
5 I 334511 1504 
6 I 334632 1504 
7 I 417301 1504 
8 I 417424 1504 
9 I 417550 1504 
10 I 496341 1504 
11 I 496462 1504 
12 I 561115 1504 
13 I 561237 1504 
14 I 623348 1504 
15 I 623471 1504 
16 I 623595 1504 
17 I 685575 1504 
18 I 685698 1504 
19 I 713876 1504 
20 I 714008 1504 
21 I 760067 1504 
22 I 760190 1504 
23 I 784947 1504 
24 I 785065 1504 
25 I 785188 1504 
26 I 834808 1504 
27 I 834932 1504 
28 I 870089 1504 
29 I 870212 1504 
30 I 901692 1504 
31 I 901816 1504 
32 I 932394 1504 
33 I 932517 1504 
34 I 963799 1504 
35 I 963924 1504 
36 I 995173 1504 
37 I 995293 1504 
38 I 995416 1504 
39 I 1025900 1504 
40 I 1026024 1504 
41 I 1058137 1504 
42 I 1058261 1504 
43 I 1077311 1504 
44 I 1077433 1504 
45 I 1104656 1504 
46 I 1104778 1504 
47 I 1135777 1504 
48 I 1135892 1504 
49 I 1152713 1504 
50 I 1152837 1504 
51 I 1152959 1504 
52 I 1176554 1504 
53 I 1176678 1504 
54 I 1209865 1504 
55 I 1209990 1504 
56 I 1229382 1504 
57 I 1229508 1504 
58 I 1245313 1504 
59 I 1245437 1504 
60 I 1271795 1504 
61 I 1271916 1504 
62 I 1293582 1504 
63 I 1293704 1504 
64 I 1311642 1504 
65 I 1311765 1504 
66 I 1311888 1504 
67 I 1334145 1504 
68 I 1334271 1504 
69 I 1356343 1504 
70 I 1356466 1504 
71 I 1377076 1504 
72 I 1377187 412 
73 I 1377199 1504 
74 I 1481156 1504 
75 I 1481279 1504 
76 I 1481400 1504 
77 I 1481525 1504 
78 I 1481648 1504 
79 I 1481773 1504 
80 I 1481896 1504 
81 I 1482017 1504 
82 I 1557757 1504 
83 I 1557878 1504 
84 I 1558002 1504 
85 I 1569089 1504 
86 I 1569204 1504 
87 I 1589403 1504 
88 I 1589527 1504 
89 I 1604948 1504 
90 I 1605072 1504 
91 I 1636170 1504 
92 I 1636288 1504 
93 I 1653828 1504 
94 I 1653951 1504 
95 I 1670664 1504 
96 I 1670788 1504 
97 I 1689137 1504 
98 I 1689261 1504 
99 I 1730834 1504 
100 I 1730960 1504 
101 I 1745424 1504 
102 I 1745544 1504 
103 I 1745666 1504 
104 I 1745791 1504 
105 I 1745913 1504 
106 I 1762526 1504 
107 I 1762647 1504 
108 I 1796011 1504 
109 I 1796142 1504 
110 I 1823740 1504 
111 I 1823858 1504 
112 I 1839797 1504 
113 I 1839919 1504 
114 I 1858430 1504 
115 I 1858552 1504 
116 I 1874986 1504 
117 I 1875109 1504 
118 I 1888748 1504 
119 I 1888871 1504 
120 I 1906969 1504 
121 I 1907078 1504 
122 I 1924874 1504 
123 I 1924997 1504 
124 I 1925120 1504 
125 I 1942541 1504 
126 I 1942666 1504 
127 I 1964967 507 
128 I 1964970 1504 
129 I 2032182 1504 
130 I 2032308 1504 
131 I 2032426 1504 
132 I 2032550 1504 
133 I 2032682 1504 
134 I 2032802 1504 
135 I 2032919 1504 
136 I 2033746 1504 
137 I 2033866 1504 
138 I 2048078 1504 
139 I 2051356 1504 
140 I 2110331 1504 
141 I 2110451 1504 
142 I 2128390 1504 
143 I 2128512 1504 
144 I 2145441 1504 
145 I 2145569 1504 
146 I 2162881 1504 
147 I 2163003 1504 
148 I 2163131 1504 
149 I 2181208 1504 
150 I 2181331 1504 
151 I 2199069 1504 
152 I 2199190 1504 
153 I 2215861 1504 
154 I 2215984 1504 
155 I 2233247 1504 
156 I 2233372 1504 
157 I 2260728 1504 
158 I 2260850 1504 
159 I 2277756 1504 
160 I 2277880 1504 
161 I 2292538 1504 
162 I 2292671 1504 
163 I 2307944 1504 
164 I 2308062 1504 
165 I 2323429 1504 
166 I 2323554 1504 
167 I 2339231 1504 
168 I 2339364 1504 
169 I 2357484 1504 
170 I 2357600 1504 
171 I 2374881 1504 
172 I 2374999 1504 
173 I 2375123 1504 
174 I 2392591 1504 
175 I 2392712 1504 
176 I 2418024 1504 
177 I 2418145 1504 
178 I 2433669 1504 
179 I 2433793 1504 
180 I 2448592 1504 
181 I 2448714 1504 
182 I 2465284 1504 
183 I 2465407 1504 
184 I 2480957 1504 
185 I 2481070 1504 
186 I 2498189 1504 
187 I 2498314 1504 
188 I 2526466 1504 
189 I 2526591 1504 
190 I 2541965 1504 
191 I 2542078 1504 
192 I 2558125 1504 
193 I 2558246 1504 
194 I 2575351 1504 
195 I 2575473 1504 
196 I 2590833 1504 
197 I 2590956 1504 
198 I 2605487 1504 
199 I 2605590 174 
200 I 2605610 1504 
201 I 2721628 1504 
202 I 2721751 1504 
203 I 2721866 1504 
204 I 2721985 1504 
205 I 2722104 1504 
206 I 2722227 1504 
207 I 2722350 1504 
208 I 2722473 1504 
209 I 2722607 1504 
210 I 2722739 1504 
211 I 2722844 1504 
212 I 2722974 1504 
213 I 2723088 1504 
214 I 2723212 1504 
215 I 2793050 1504 
216 I 2793174 1504 
217 I 2810450 1504 
218 I 2810567 1504 
219 I 2828987 1504 
220 I 2829112 1504 
221 I 2846102 1504 
222 I 2846225 1504 
223 I 2863415 1504 
224 I 2863538 1504 
225 I 2881621 1504 
226 I 2881744 1504 
227 I 2899101 1504 
228 I 2899222 1504 
229 I 2916620 1504 
230 I 2916743 1504 
231 I 2916865 1504 
232 I 2934928 1504 
233 I 2935053 1504 
234 I 2952139 1504 
235 I 2952264 1504 
236 I 2969530 1504 
237 I 2969654 1504 
238 I 2987962 1504 
239 I 2988086 1504 
240 I 3005409 1504 
241 I 3005534 1504 
242 I 3023282 1504 
243 I 3023403 1504 
244 I 3040778 1504 
245 I 3040899 1504 
246 I 3058091 1504 
247 I 3058213 1504 
248 I 3075670 1504 
249 I 3075794 1504 
250 I 3095741 1504 
251 I 3095869 1504 
252 I 3111103 1504 
253 I 3111226 1504 
254 I 3128530 1504 
255 I 3128648 1504 
256 I 3147174 1504 
257 I 3147295 1504 
258 I 3164644 1504 
259 I 3164769 1504 
260 I 3183013 1504 
261 I 3183136 1504 
262 I 3183267 1504 
263 I 3199776 1504 
264 I 3199900 1504 
265 I 3217066 1504 
266 I 3217177 1504 
267 I 3235312 1504 
268 I 3235424 1504 
269 I 3253270 1504 
270 I 3253393 1504 
271 I 3270114 1194 
272 I 3601029 1504 
273 I 3601146 1504 
274 I 3601269 1504 
275 I 3601390 1504 
276 I 3601515 1504 
277 I 3601634 1504 
278 I 3601758 1504 
279 I 3601885 1504 
280 I 3602006 1504 
281 I 3602127 1504 
282 I 3602251 1504 
283 I 3602383 1504 
284 I 3602497 1504 
285 I 3602618 1504 
286 I 3602747 1504 
287 I 3602883 1504 
288 I 3676745 1504 
289 I 3676867 1504 
290 I 3694409 1504 
291 I 3694528 1504 
292 I 3711525 1504 
293 I 3711650 1504 
294 I 3711771 1504 
295 I 3729919 1504 
296 I 3730042 1504 
297 I 3747160 1504 
298 I 3747285 1504 
299 I 3764615 1504 
300 I 3764739 1504 
301 I 3782737 1504 
302 I 3782847 1504 
303 I 3800279 1504 
304 I 3800396 1504 
305 I 3817653 1504 
306 I 3817718 1032 
307 I 4080983 1504 
308 I 4081106 1504 
309 I 4081229 1504 
310 I 4081351 1504 
311 I 4081477 1504 
312 I 4081607 1504 
313 I 4081722 1504 
314 I 4081845 1504 
315 I 4081968 1504 
316 I 4082090 1504 
317 I 4082215 1504 
318 I 4082337 1504 
319 I 4082461 1504 
320 I 4082583 1504 
321 I 4082708 1504 
322 I 4082831 1504 
323 I 4082952 1504 
324 I 4152549 1504 
325 I 4152672 1504 
326 I 4170491 1504 
327 I 4170615 1504 
328 I 4170743 1504 
329 I 4187564 1320 
330 I 4984803 1504 
331 I 4984937 1504 
332 I 4985059 1504 
333 I 4985177 1504 
334 I 4985297 1504 
335 I 4985423 1504 
336 I 4985541 1504 
337 I 4985666 1504 
338 I 4985794 1504 
339 I 4985916 1504 
340 I 4986039 1504 
341 I 4986160 1504 
342 I 4986279 1504 
343 I 4986402 1504 
344 I 4986525 1504 
345 I 4986649 1504 
346 I 4986774 1504 
347 I 4986897 1504 
348 I 5059667 1504 
349 I 5059788 1504 
350 I 5078038 1504 
351 I 5078161 1504 
352 I 5095338 1504 
353 I 5095419 97 
354 I 5095455 1504 
355 I 5890999 1504 
356 I 5891120 1504 
357 I 5891245 1504 
358 I 5891374 1504 
359 I 5891505 1504 
360 I 5891613 1504 
361 I 5891739 1504 
362 I 5891859 1504 
363 I 5891985 1504 
364 I 5892107 1504 
365 I 5892229 1504 
366 I 5892351 1504 
367 I 5892478 1504 
368 I 5892597 1504 
369 I 5892720 1504 
370 I 5892843 1504 
371 I 5892967 1504 
372 I 5893095 1504 
373 I 5893220 1504 
374 I 5968088 1504 
375 I 5968212 1504 
376 I 5985567 1504 
377 I 5985677 1504 
378 I 6003689 98 
379 I 6003723 1504 
380 I 6781630 1504 
381 I 6781749 1504 
382 I 6781867 1504 
383 I 6781990 1504 
384 I 6782136 1504 
385 I 6782246 1504 
386 I 6782361 1504 
387 I 6782483 1504 
388 I 6782605 1504 
389 I 6782731 1504 
390 I 6782851 1504 
391 I 6782975 1504 
392 I 6783099 1504 
393 I 6783222 1504 
394 I 6783343 1504 
395 I 6783470 1504 
396 I 6783590 1504 
397 I 6783716 1504 
398 I 6783836 1504 
399 I 6860089 1504 
400 I 6860212 1504 
401 I 6877545 1504 
402 I 6877667 1504 
403 I 6877812 1504 
404 I 6894771 1012 
405 I 7781589 1504 
406 I 7781709 1504 
407 I 7781834 1504 
408 I 7781962 1504 
409 I 7782078 1504 
410 I 7782202 1504 
411 I 7782326 1504 
412 I 7782448 1504 
413 I 7782576 1504 
414 I 7782695 1504 
415 I 7782818 1504 
416 I 7782940 1504 
417 I 7783065 1504 
418 I 7783187 1504 
419 I 7783309 1504 
420 I 7783433 1504 
421 I 7783556 1504 
422 I 7783679 1504 
423 I 7783804 1504 
424 I 7783929 1504 
425 I 7854735 1504 
426 I 7854859 1504 
427 I 7871038 1504 
428 I 7871114 97 
429 I 7871150 1504 
430 I 8687840 1504 
431 I 8687964 1504 
432 I 8688084 1504 
433 I 8688208 1504 
434 I 8688334 1504 
435 I 8688460 1504 
436 I 8688580 1504 
437 I 8688701 1504 
438 I 8688825 1504 
439 I 8688955 1504 
440 I 8689087 1504 
441 I 8689230 1504 
442 I 8689346 1504 
443 I 8689457 1504 
444 I 8689571 1504 
445 I 8689686 1504 
446 I 8689835 1504 
447 I 8689941 1504 
448 I 8690055 1504 
449 I 8690177 1504 
450 I 8690300 1504 
451 I 8761198 1504 
452 I 8761320 1504 
453 I 8778341 97 
454 I 8778376 1504 
455 I 9579830 1504 
456 I 9579955 1504 
457 I 9580076 1504 
458 I 9580200 1504 
459 I 9580330 1504 
460 I 9580453 1504 
461 I 9580569 1504 
462 I 9580699 1504 
463 I 9580816 1504 
464 I 9580942 1504 
465 I 9581062 1504 
466 I 9581185 1504 
467 I 9581307 1504 
468 I 9581432 1504 
469 I 9581553 1504 
470 I 9581677 1504 
471 I 9581800 1504 
472 I 9581944 1504 
473 I 9582052 1504 
474 I 9582170 1504 
475 I 9582296 1504 
476 I 9651674 1504 
477 I 9651800 1504 
478 I 9668951 97 
479 I 9668983 1504 
480 I 10484421 1504 
481 I 10484544 1504 
482 I 10484686 1504 
483 I 10484783 1504 
484 I 10484928 1504 
485 I 10485029 1504 
486 I 10485154 1504 
487 I 10485237 70 
488 I 10485277 1504 
489 I 10781450 1504 
490 I 10781572 1504 
491 I 10781695 1504 
492 I 10781836 1504 
493 I 10781950 1504 
494 I 10782080 1504 
495 I 10782197 1504 
496 I 10782312 1504 
497 I 10782440 1504 
498 I 10782556 1504 
499 I 10782696 1504 
500 I 10782810 1504 
501 I 10782927 1504 
502 I 10783056 1504 
503 I 10783173 1504 
504 I 10783297 1504 
505 I 10783421 1504 
506 I 10783546 1504 
507 I 10783684 1504 
508 I 10783805 1504 
509 I 10783922 1504 
510 I 10784034 1504 
511 I 10852790 1504 
512 I 10852866 970 
513 I 11687716 1504 
514 I 11687840 1504 
515 I 11687965 1504 
516 I 11688077 1504 
517 I 11688199 1504 
518 I 11688322 1504 
519 I 11688445 1504 
520 I 11688570 1504 
521 I 11688691 1504 
522 I 11688814 1504 
523 I 11688937 1504 
524 I 11689061 1504 
525 I 11689184 1504 
526 I 11689309 1504 
527 I 11689431 1504 
528 I 11689560 1504 
529 I 11689683 1504 
530 I 11689806 1504 
531 I 11689936 1504 
532 I 11690049 1504 
533 I 11690168 1504 
534 I 11690291 1504 
535 I 11690390 1272 
536 I 12578786 1504 
537 I 12578908 1504 
538 I 12579036 1504 
539 I 12579155 1504 
540 I 12579279 1504 
541 I 12579404 1504 
542 I 12579524 1504 
543 I 12579650 1504 
544 I 12579775 1504 
545 I 12579899 1504 
546 I 12580019 1504 
547 I 12580140 1504 
548 I 12580263 1504 
549 I 12580391 1504 
550 I 12580512 1504 
551 I 12580632 1504 
552 I 12580770 1504 
553 I 12580878 1504 
554 I 12581001 1504 
555 I 12581124 1504 
556 I 12581247 1504 
557 I 12581375 1504 
558 I 12581505 1504 
559 I 12651968 1371 
560 I 13484671 1504 
561 I 13484796 1504 
562 I 13484917 1504 
563 I 13485054 1504 
564 I 13485165 1504 
565 I 13485287 1504 
566 I 13485412 1504 
567 I 13485538 1504 
568 I 13485663 1504 
569 I 13485780 1504 
570 I 13485914 1504 
571 I 13486051 1504 
572 I 13486176 1504 
573 I 13486283 1504 
574 I 13486395 1504 
575 I 13486518 1504 
576 I 13486641 1504 
577 I 13486784 1504 
578 I 13486887 1504 
579 I 13487011 1504 
580 I 13487135 1504 
581 I 13487257 1504 
582 I 13487382 1504 
583 I 13487494 1267 
584 I 14390806 1504 
585 I 14390924 1504 
586 I 14391047 1504 
587 I 14391169 1504 
588 I 14391301 1504 
589 I 14391417 1504 
590 I 14391541 1504 
591 I 14391663 1504 
592 I 14391788 1504 
593 I 14391915 1504 
594 I 14392031 1504 
595 I 14392154 1504 
596 I 14392277 1504 
597 I 14392402 1504 
598 I 14392524 1504 
599 I 14392646 1504 
600 I 14392771 1504 
601 I 14392894 1504 
602 I 14393018 1504 
603 I 14393139 1504 
604 I 14393272 1504 
605 I 14393390 1504 
606 I 14393509 1504 
607 I 14393596 97 
608 I 14393632 1504 
609 I 15281460 1504 
610 I 15281583 1504 
611 I 15281702 1504 
612 I 15281829 1504 
613 I 15281949 1504 
614 I 15282081 1504 
615 I 15282194 1504 
616 I 15282331 1504 
617 I 15282450 1504 
618 I 15282571 1504 
619 I 15282692 1504 
620 I 15282814 1504 
621 I 15282933 1504 
622 I 15283055 1504 
623 I 15283182 1504 
624 I 15283302 1504 
625 I 15283426 1504 
626 I 15283551 1504 
627 I 15283672 1504 
628 I 15283794 1504 
629 I 15283922 1504 
630 I 15284049 1504 
631 I 15284164 1504 
632 I 15284253 98 
633 I 15284289 1504 
634 I 16187758 1504 
635 I 16187882 1504 
636 I 16188005 1504 
637 I 16188129 1504 
638 I 16188251 1504 
639 I 16188373 1504 
640 I 16188496 1504 
641 I 16188620 1504 
642 I 16188742 1504 
643 I 16188864 1504 
644 I 16188989 1504 
645 I 16189112 1504 
646 I 16189234 1504 
647 I 16189359 1504 
648 I 16189482 1504 
649 I 16189604 1504 
650 I 16189727 1504 
651 I 16189850 1504 
652 I 16189983 1504 
653 I 16190097 1504 
654 I 16190221 1504 
655 I 16190343 1504 
656 I 16190466 1504 
657 I 16190591 1504 
658 I 16190653 883 
659 I 17190324 1504 
660 I 17190446 1504 
661 I 17190569 1504 
662 I 17190694 1504 
663 I 17190815 1504 
664 I 17190937 1504 
665 I 17191063 1504 
666 I 17191109 699 
667 I 17485006 1504 
668 I 17485130 1504 
669 I 17485255 1504 
670 I 17485379 1504 
671 I 17485498 1504 
672 I 17485621 1504 
673 I 17485743 1504 
674 I 17485868 1504 
675 I 17485993 1504 
676 I 17486113 1504 
677 I 17486237 1504 
678 I 17486359 1504 
679 I 17486484 1504 
680 I 17486610 1504 
681 I 17486732 1504 
682 I 17486853 1504 
683 I 17486974 1504 
684 I 17487097 1504 
685 I 17487221 1504 
686 I 17487344 1504 
687 I 17487466 1504 
688 I 17487590 1504 
689 I 17487713 1504 
690 I 17487800 96 
691 I 17487836 1504 
692 I 18390839 1504 
693 I 18390945 1504 
694 I 18391077 1504 
695 I 18391196 1504 
696 I 18391311 1504 
697 I 18391435 1504 
698 I 18391557 1504 
699 I 18391682 1504 
700 I 18391805 1504 
701 I 18391928 1504 
702 I 18392054 1504 
703 I 18392174 1504 
704 I 18392297 1504 
705 I 18392421 1504 
706 I 18392543 1504 
707 I 18392666 1504 
708 I 18392789 1504 
709 I 18392912 1504 
710 I 18393036 1504 
711 I 18393158 1504 
712 I 18393284 1504 
713 I 18393408 1504 
714 I 18393528 1504 
715 I 18393628 96 
716 I 18393655 1504 
717 I 19282016 1504 
718 I 19282140 1504 
719 I 19282263 1504 
720 I 19282385 1504 
721 I 19282509 1504 
722 I 19282634 1504 
723 I 19282758 1504 
724 I 19282881 1504 
725 I 19283006 1504 
726 I 19283146 1504 
727 I 19283251 1504 
728 I 19283371 1504 
729 I 19283494 1504 
730 I 19283616 1504 
731 I 19283739 1504 
732 I 19283864 1504 
733 I 19283991 1504 
734 I 19284110 1504 
735 I 19284231 1504 
736 I 19284353 1504 
737 I 19284481 1504 
738 I 19284610 1504 
739 I 19284735 1504 
740 I 19284828 98 
741 I 19284854 1504 
742 I 20187688 1504 
743 I 20187811 1504 
744 I 20187933 1504 
745 I 20188059 1504 
746 I 20188179 1504 
747 I 20188302 1504 
748 I 20188425 1504 
749 I 20188549 1504 
750 I 20188679 1504 
751 I 20188801 1504 
752 I 20188918 1504 
753 I 20189041 1504 
754 I 20189166 1504 
755 I 20189286 1504 
756 I 20189410 1504 
757 I 20189535 1504 
758 I 20189656 1504 
759 I 20189779 1504 
760 I 20189915 1504 
761 I 20190038 1504 
762 I 20190153 1504 
763 I 20190283 1504 
764 I 20190395 1504 
765 I 20190530 1504 
766 I 20190565 819 
767 I 21187569 1504 
768 I 21187707 1504 
769 I 21187818 1504 
770 I 21187941 1504 
771 I 21188062 1504 
772 I 21188184 1504 
773 I 21188307 1504 
774 I 21188433 1504 
775 I 21188555 1504 
776 I 21188679 1504 
777 I 21188800 1504 
778 I 21188946 1504 
779 I 21189063 1504 
780 I 21189190 1504 
781 I 21189298 1504 
782 I 21189424 1504 
783 I 21189540 1504 
784 I 21189664 1504 
785 I 21189789 1504 
786 I 21189908 1504 
787 I 21190032 1504 
788 I 21190153 1504 
789 I 21190280 1504 
790 I 21190341 1016 
791 I 22081583 1504 
792 I 22081705 1504 
793 I 22081828 1504 
794 I 22081952 1504 
795 I 22082075 1504 
796 I 22082199 1504 
797 I 22082327 1504 
798 I 22082456 1504 
799 I 22082567 1504 
800 I 22082689 1504 
801 I 22082827 1504 
802 I 22082935 1504 
803 I 22083060 1504 
804 I 22083183 1504 
805 I 22083305 1504 
806 I 22083427 1504 
807 I 22083552 1504 
808 I 22083674 1504 
809 I 22083797 1504 
810 I 22083920 1504 
811 I 22084045 1504 
812 I 22084167 1504 
813 I 22084289 1504 
814 I 22084389 97 
815 I 22084413 1504 
816 I 22984655 1504 
817 I 22984779 1504 
818 I 22984901 1504 
819 I 22985030 1504 
820 I 22985148 1504 
821 I 22985272 1504 
822 I 22985404 1504 
823 I 22985515 1504 
824 I 22985640 1504 
825 I 22985764 1504 
826 I 22985897 1504 
827 I 22986019 1504 
828 I 22986134 1504 
829 I 22986269 1504 
830 I 22986379 1504 
831 I 22986501 1504 
832 I 22986627 1504 
833 I 22986750 1504 
834 I 22986871 1504 
835 I 22986996 1504 
836 I 22987118 1504 
837 I 22987239 1504 
838 I 22987363 1504 
839 I 22987450 87 
840 I 22987488 1504 
841 I 23890460 1504 
842 I 23890595 1504 
843 I 23890716 1504 
844 I 23890829 1504 
845 I 23890952 1504 
846 I 23891073 1504 
847 I 23891196 1504 
848 I 23891281 70 
849 I 23891318 1504 
850 I 24187544 1504 
851 I 24187666 1504 
852 I 24187789 1504 
853 I 24187911 1504 
854 I 24188034 1504 
855 I 24188158 1504 
856 I 24188280 1504 
857 I 24188404 1504 
858 I 24188527 1504 
859 I 24188662 1504 
860 I 24188773 1504 
861 I 24188896 1504 
862 I 24189019 1504 
863 I 24189150 1504 
864 I 24189266 1504 
865 I 24189388 1504 
866 I 24189516 1504 
867 I 24189636 1504 
868 I 24189757 1504 
869 I 24189880 1504 
870 I 24190006 1504 
871 I 24190127 1504 
872 I 24190250 1504 
873 I 24190373 1504 
874 I 24190472 178 
875 I 24190498 1504 
876 I 25187944 1504 
877 I 25188061 1504 
878 I 25188185 1504 
879 I 25188311 1504 
880 I 25188431 1504 
881 I 25188552 1504 
882 I 25188677 1504 
883 I 25188800 1504 
884 I 25188930 1504 
885 I 25189046 1504 
886 I 25189170 1504 
887 I 25189302 1504 
888 I 25189423 1504 
889 I 25189539 1504 
890 I 25189666 1504 
891 I 25189798 1504 
892 I 25189914 1504 
893 I 25190039 1504 
894 I 25190156 1504 
895 I 25190277 1504 
896 I 25190412 1504 
897 I 25190525 1504 
898 I 25190648 1504 
899 I 25190705 960 
900 I 26078242 1504 
901 I 26078364 1504 
902 I 26078490 1504 
903 I 26078610 1504 
904 I 26078734 1504 
905 I 26078857 1504 
906 I 26078980 1504 
907 I 26079103 1504 
908 I 26079227 1504 
909 I 26079349 1504 
910 I 26079485 1504 
911 I 26079595 1504 
912 I 26079730 1504 
913 I 26079857 1504 
914 I 26079978 1504 
915 I 26080088 1504 
916 I 26080211 1504 
917 I 26080333 1504 
918 I 26080456 1504 
919 I 26080579 1504 
920 I 26080713 1504 
921 I 26080827 1504 
922 I 26080955 1504 
923 I 26081043 1251 
924 I 26984471 1504 
925 I 26984584 1504 
926 I 26984707 1504 
927 I 26984829 1504 
928 I 26984952 1504 
929 I 26985077 1504 
930 I 26985198 1504 
931 I 26985321 1504 
932 I 26985444 1504 
933 I 26985568 1504 
934 I 26985690 1504 
935 I 26985813 1504 
936 I 26985938 1504 
937 I 26986061 1504 
938 I 26986181 1504 
939 I 26986305 1504 
940 I 26986433 1504 
941 I 26986552 1504 
942 I 26986682 1504 
943 I 26986806 1504 
944 I 26986931 1504 
945 I 26987043 1504 
946 I 26987167 1504 
947 I 26987246 1127 
948 I 27890719 1504 
949 I 27890843 1504 
950 I 27890967 1504 
951 I 27891088 1504 
952 I 27891212 1504 
953 I 27891336 1504 
954 I 27891457 1504 
955 I 27891582 1504 
956 I 27891704 1504 
957 I 27891827 1504 
958 I 27891951 1504 
959 I 27892083 1504 
960 I 27892206 1504 
961 I 27892322 1504 
962 I 27892443 1504 
963 I 27892566 1504 
964 I 27892689 1504 
965 I 27892812 1504 
966 I 27892935 1504 
967 I 27893058 1504 
968 I 27893179 1504 
969 I 27893306 1504 
970 I 27893428 1504 
971 I 27893514 97 
972 I 27893549 1504 
973 I 28783681 1504 
974 I 28783799 1504 
975 I 28783922 1504 
976 I 28784049 1504 
977 I 28784168 1504 
978 I 28784291 1504 
979 I 28784416 1504 
980 I 28784539 1504 
981 I 28784662 1504 
982 I 28784789 1504 
983 I 28784908 1504 
984 I 28785032 1504 
985 I 28785157 1504 
986 I 28785278 1504 
987 I 28785400 1504 
988 I 28785523 1504 
989 I 28785646 1504 
990 I 28785769 1504 
991 I 28785891 1504 
992 I 28786015 1504 
993 I 28786137 1504 
994 I 28786261 1504 
995 I 28786385 1504 
996 I 28786470 97 
997 I 28786507 1504 
998 I 29688352 1504 
999 I 29688480 1504 
1000 I 29688604 1504 
1001 I 29688728 1504 
1002 I 29688865 1504 
1003 I 29688974 1504 
1004 I 29689090 1504 
1005 I 29689212 1504 
1006 I 29689335 1504 
1007 I 29689457 1504 
1008 I 29689582 1504 
1009 I 29689706 1504 
1010 I 29689827 1504 
1011 I 29689950 1504 
1012 I 29690075 1504 
1013 I 29690197 1504 
1014 I 29690320 1504 
1015 I 29690443 1504 
1016 I 29690570 1504 
1017 I 29690695 1504 
1018 I 29690812 1504 
1019 I 29690938 1504 
1020 I 29691065 1504 
1021 I 29691160 96 
1022 I 29691190 1504 
1023 I 30578100 1504 
1024 I 30578221 1504 
1025 I 30578341 1504 
1026 I 30578466 1504 
1027 I 30578589 1504 
1028 I 30578712 1504 
1029 I 30578836 1504 
1030 I 30578922 70 
1031 I 30578958 1504 
1032 I 30893184 1504 
1033 I 30893306 1504 
1034 I 30893429 1504 
1035 I 30893554 1504 
1036 I 30893676 1504 
1037 I 30893798 1504 
1038 I 30893924 1504 
1039 I 30894047 1504 
1040 I 30894168 1504 
1041 I 30894291 1504 
1042 I 30894415 1504 
1043 I 30894538 1504 
1044 I 30894663 1504 
1045 I 30894795 1504 
1046 I 30894915 1504 
1047 I 30895037 1504 
1048 I 30895158 1504 
1049 I 30895274 1504 
1050 I 30895399 1504 
1051 I 30895524 1504 
1052 I 30895644 1504 
1053 I 30895768 1504 
1054 I 30895890 1504 
1055 I 30895980 97 
1056 I 30896014 1504 
1057 I 31781903 1504 
1058 I 31782027 1504 
1059 I 31782155 1504 
1060 I 31782297 1504 
1061 I 31782393 1504 
1062 I 31782517 1504 
1063 I 31782641 1504 
1064 I 31782769 1504 
1065 I 31782898 1504 
1066 I 31783019 1504 
1067 I 31783141 1504 
1068 I 31783279 1504 
1069 I 31783411 1504 
1070 I 31783533 1504 
1071 I 31783657 1504 
1072 I 31783756 1504 
1073 I 31783871 1504 
1074 I 31783996 1504 
1075 I 31784120 1504 
1076 I 31784241 1504 
1077 I 31784365 1504 
1078 I 31784489 1504 
1079 I 31784613 1504 
1080 I 31784709 98 
1081 I 31784735 1504 
1082 I 32687460 1504 
1083 I 32687583 1504 
1084 I 32687705 1504 
1085 I 32687828 1504 
1086 I 32687952 1504 
1087 I 32688075 1504 
1088 I 32688197 1504 
1089 I 32688329 1504 
1090 I 32688446 1504 
1091 I 32688568 1504 
1092 I 32688695 1504 
1093 I 32688813 1504 
1094 I 32688938 1504 
1095 I 32689063 1504 
1096 I 32689182 1504 
1097 I 32689309 1504 
1098 I 32689437 1504 
1099 I 32689551 1504 
1100 I 32689675 1504 
1101 I 32689799 1504 
1102 I 32689933 1504 
1103 I 32690057 1504 
1104 I 32690177 1504 
1105 I 32690290 1504 
1106 I 32690382 249 
1107 I 32690415 1504 
1108 I 33687815 1504 
1109 I 33687937 1504 
1110 I 33688059 1504 
1111 I 33688193 1504 
1112 I 33688312 1504 
1113 I 33688447 1504 
1114 I 33688554 1504 
1115 I 33688677 1504 
1116 I 33688798 1504 
1117 I 33688922 1504 
1118 I 33689047 1504 
1119 I 33689170 1504 
1120 I 33689292 1504 
1121 I 33689414 1504 
1122 I 33689537 1504 
1123 I 33689660 1504 
1124 I 33689783 1504 
1125 I 33689909 1504 
1126 I 33690031 1504 
1127 I 33690153 1504 
1128 I 33690278 1504 
1129 I 33690402 1504 
1130 I 33690511 1404 
1131 I 34578022 1504 
1132 I 34578150 1504 
1133 I 34578269 1504 
1134 I 34578401 1504 
1135 I 34578517 1504 
1136 I 34578637 1504 
1137 I 34578761 1504 
1138 I 34578883 1504 
1139 I 34579008 1504 
1140 I 34579128 1504 
1141 I 34579254 1504 
1142 I 34579379 1504 
1143 I 34579499 1504 
1144 I 34579623 1504 
1145 I 34579751 1504 
1146 I 34579867 1504 
1147 I 34579990 1504 
1148 I 34580113 1504 
1149 I 34580243 1504 
1150 I 34580360 1504 
1151 I 34580485 1504 
1152 I 34580612 1504 
1153 I 34580734 1504 
1154 I 34580854 1504 
1155 I 34580904 917 
1156 I 35578415 1504 
1157 I 35578533 1504 
1158 I 35578656 1504 
1159 I 35578779 1504 
1160 I 35578904 1504 
1161 I 35579025 1504 
1162 I 35579147 1504 
1163 I 35579272 1504 
1164 I 35579395 1504 
1165 I 35579519 1504 
1166 I 35579640 1504 
1167 I 35579764 1504 
1168 I 35579890 1504 
1169 I 35580008 1504 
1170 I 35580138 1504 
1171 I 35580258 1504 
1172 I 35580379 1504 
1173 I 35580503 1504 
1174 I 35580626 1504 
1175 I 35580748 1504 
1176 I 35580870 1504 
1177 I 35580994 1504 
1178 I 35581128 1504 
1179 I 35581205 98 
1180 I 35581242 1504 
1181 I 36484300 1504 
1182 I 36484423 1504 
1183 I 36484552 1504 
1184 I 36484667 1504 
1185 I 36484792 1504 
1186 I 36484924 1504 
1187 I 36485047 1504 
1188 I 36485161 1504 
1189 I 36485284 1504 
1190 I 36485412 1504 
1191 I 36485531 1504 
1192 I 36485654 1504 
1193 I 36485778 1504 
1194 I 36485899 1504 
1195 I 36486023 1504 
1196 I 36486146 1504 
1197 I 36486268 1504 
1198 I 36486392 1504 
1199 I 36486516 1504 
1200 I 36486637 1504 
1201 I 36486766 1504 
1202 I 36486886 1504 
1203 I 36487008 1504 
1204 I 36487095 96 
1205 I 36487134 1504 
1206 I 37390167 1504 
1207 I 37390291 1504 
1208 I 37390415 1504 
1209 I 37390553 1504 
1210 I 37390669 1504 
1211 I 37390689 548 
1212 I 37578701 1504 
1213 I 37578817 1504 
1214 I 37578935 1504 
1215 I 37579059 1504 
1216 I 37579184 1504 
1217 I 37579314 1504 
1218 I 37579438 1504 
1219 I 37579561 1504 
1220 I 37579677 1504 
1221 I 37579797 1504 
1222 I 37579920 1504 
1223 I 37580047 1504 
1224 I 37580166 1504 
1225 I 37580289 1504 
1226 I 37580417 1504 
1227 I 37580536 1504 
1228 I 37580661 1504 
1229 I 37580782 1504 
1230 I 37580904 1504 
1231 I 37581027 1504 
1232 I 37581153 1504 
1233 I 37581289 1504 
1234 I 37581398 1504 
1235 I 37581485 98 
1236 I 37581522 1504 
1237 I 38484332 1504 
1238 I 38484451 1504 
1239 I 38484574 1504 
1240 I 38484697 1504 
1241 I 38484820 1504 
1242 I 38484945 1504 
1243 I 38485065 1504 
1244 I 38485189 1504 
1245 I 38485326 1504 
1246 I 38485435 1504 
1247 I 38485557 1504 
1248 I 38485690 1504 
1249 I 38485804 1504 
1250 I 38485930 1504 
1251 I 38486050 1504 
1252 I 38486173 1504 
1253 I 38486297 1504 
1254 I 38486420 1504 
1255 I 38486543 1504 
1256 I 38486666 1504 
1257 I 38486789 1504 
1258 I 38486913 1504 
1259 I 38487035 1504 
1260 I 38487134 98 
1261 I 38487169 1504 
1262 I 39390436 1504 
1263 I 39390563 1504 
1264 I 39390686 1504 
1265 I 39390810 1504 
1266 I 39390929 1504 
1267 I 39391051 1504 
1268 I 39391173 1504 
1269 I 39391301 1504 
1270 I 39391430 1504 
1271 I 39391545 1504 
1272 I 39391680 1504 
1273 I 39391791 1504 
1274 I 39391912 1504 
1275 I 39392036 1504 
1276 I 39392164 1504 
1277 I 39392287 1504 
1278 I 39392405 1504 
1279 I 39392528 1504 
1280 I 39392659 1504 
1281 I 39392784 1504 
1282 I 39392898 1504 
1283 I 39393026 1504 
1284 I 39393146 1504 
1285 I 39393198 933 
1286 I 40281077 1504 
1287 I 40281203 1504 
1288 I 40281325 1504 
1289 I 40281448 1504 
1290 I 40281572 1504 
1291 I 40281693 1504 
1292 I 40281816 1504 
1293 I 40281938 1504 
1294 I 40282061 1504 
1295 I 40282205 1504 
1296 I 40282311 1504 
1297 I 40282432 1504 
1298 I 40282555 1504 
1299 I 40282682 1504 
1300 I 40282800 1504 
1301 I 40282925 1504 
1302 I 40283062 1504 
1303 I 40283172 1504 
1304 I 40283293 1504 
1305 I 40283418 1504 
1306 I 40283538 1504 
1307 I 40283662 1504 
1308 I 40283787 1504 
1309 I 40283822 788 
1310 I 41187306 1504 
1311 I 41187437 1504 
1312 I 41187557 1504 
1313 I 41187675 1504 
1314 I 41187800 1504 
1315 I 41187926 1504 
1316 I 41188051 1504 
1317 I 41188171 1504 
1318 I 41188292 1504 
1319 I 41188413 1504 
1320 I 41188536 1504 
1321 I 41188660 1504 
1322 I 41188788 1504 
1323 I 41188905 1504 
1324 I 41189030 1504 
1325 I 41189152 1504 
1326 I 41189277 1504 
1327 I 41189400 1504 
1328 I 41189521 1504 
1329 I 41189648 1504 
1330 I 41189766 1504 
1331 I 41189889 1504 
1332 I 41190019 1504 
1333 I 41190114 97 
1334 I 41190136 1504 
1335 I 42077886 1504 
1336 I 42078012 1504 
1337 I 42078134 1504 
1338 I 42078256 1504 
1339 I 42078379 1504 
1340 I 42078503 1504 
1341 I 42078624 1504 
1342 I 42078748 1504 
1343 I 42078872 1504 
1344 I 42079003 1504 
1345 I 42079119 1504 
1346 I 42079240 1504 
1347 I 42079365 1504 
1348 I 42079491 1504 
1349 I 42079610 1504 
1350 I 42079733 1504 
1351 I 42079858 1504 
1352 I 42079978 1504 
1353 I 42080110 1504 
1354 I 42080235 1504 
1355 I 42080348 1504 
1356 I 42080472 1504 
1357 I 42080599 1504 
1358 I 42080709 1304 
1359 I 42984202 1504 
1360 I 42984324 1504 
1361 I 42984447 1504 
1362 I 42984571 1504 
1363 I 42984698 1504 
1364 I 42984821 1504 
1365 I 42984945 1504 
1366 I 42985077 1504 
1367 I 42985190 1504 
1368 I 42985311 1504 
1369 I 42985432 1504 
1370 I 42985564 1504 
1371 I 42985686 1504 
1372 I 42985800 1504 
1373 I 42985926 1504 
1374 I 42986047 1504 
1375 I 42986171 1504 
1376 I 42986293 1504 
1377 I 42986418 1504 
1378 I 42986540 1504 
1379 I 42986663 1504 
1380 I 42986787 1504 
1381 I 42986909 1504 
1382 I 42987037 1483 
1383 I 43890233 1504 
1384 I 43890350 1504 
1385 I 43890473 1504 
1386 I 43890597 1504 
1387 I 43890719 1504 
1388 I 43890842 1504 
1389 I 43890965 1504 
1390 I 43891103 1504 
1391 I 43891221 1504 
1392 I 43891346 1504 
1393 I 43891401 1040 
1394 I 44281047 1504 
1395 I 44281169 1504 
1396 I 44281293 1504 
1397 I 44281418 1504 
1398 I 44281541 1504 
1399 I 44281663 1504 
1400 I 44281795 1504 
1401 I 44281915 1504 
1402 I 44282031 1504 
1403 I 44282152 1504 
1404 I 44282279 1504 
1405 I 44282399 1504 
1406 I 44282524 1504 
1407 I 44282646 1504 
1408 I 44282770 1504 
1409 I 44282899 1504 
1410 I 44283034 1504 
1411 I 44283156 1504 
1412 I 44283261 1504 
1413 I 44283385 1504 
1414 I 44283507 1504 
1415 I 44283631 1504 
1416 I 44283754 1504 
1417 I 44283877 1504 
1418 I 44283943 989 
1419 I 45281083 1504 
1420 I 45281207 1504 
1421 I 45281331 1504 
1422 I 45281454 1504 
1423 I 45281580 1504 
1424 I 45281699 1504 
1425 I 45281822 1504 
1426 I 45281944 1504 
1427 I 45282068 1504 
1428 I 45282192 1504 
1429 I 45282316 1504 
1430 I 45282441 1504 
1431 I 45282569 1504 
1432 I 45282692 1504 
1433 I 45282807 1504 
1434 I 45282931 1504 
1435 I 45283053 1504 
1436 I 45283176 1504 
1437 I 45283298 1504 
1438 I 45283421 1504 
1439 I 45283553 1504 
1440 I 45283685 1504 
1441 I 45283792 1504 
1442 I 45283831 716 
1443 I 46187245 1504 
1444 I 46187354 1504 
1445 I 46187477 1504 
1446 I 46187599 1504 
1447 I 46187726 1504 
1448 I 46187845 1504 
1449 I 46187969 1504 
1450 I 46188093 1504 
1451 I 46188216 1504 
1452 I 46188338 1504 
1453 I 46188462 1504 
1454 I 46188593 1504 
1455 I 46188709 1504 
1456 I 46188830 1504 
1457 I 46188953 1504 
1458 I 46189075 1504 
1459 I 46189200 1504 
1460 I 46189323 1504 
1461 I 46189445 1504 
1462 I 46189569 1504 
1463 I 46189692 1504 
1464 I 46189814 1504 
1465 I 46189938 1504 
1466 I 46190031 91 
1467 I 46190064 1504 
1468 I 47077835 1504 
1469 I 47077956 1504 
1470 I 47078082 1504 
1471 I 47078212 1504 
1472 I 47078327 1504 
1473 I 47078449 1504 
1474 I 47078573 1504 
1475 I 47078697 1504 
1476 I 47078819 1504 
1477 I 47078944 1504 
1478 I 47079068 1504 
1479 I 47079187 1504 
1480 I 47079312 1504 
1481 I 47079433 1504 
1482 I 47079557 1504 
1483 I 47079687 1504 
1484 I 47079805 1504 
1485 I 47079925 1504 
1486 I 47080050 1504 
1487 I 47080172 1504 
1488 I 47080296 1504 
1489 I 47080421 1504 
1490 I 47080544 1504 
1491 I 47080630 97 
1492 I 47080666 1504 
1493 I 47984113 1504 
1494 I 47984235 1504 
1495 I 47984359 1504 
1496 I 47984481 1504 
1497 I 47984604 1504 
1498 I 47984727 1504 
1499 I 47984852 1504 
1500 I 47984982 1504 
1501 I 47985104 1504 
1502 I 47985223 1504 
1503 I 47985346 1504 
1504 I 47985469 1504 
1505 I 47985592 1504 
1506 I 47985724 1504 
1507 I 47985850 1504 
1508 I 47985959 1504 
1509 I 47986088 1504 
1510 I 47986205 1504 
1511 I 47986326 1504 
1512 I 47986450 1504 
1513 I 47986574 1504 
1514 I 47986696 1504 
1515 I 47986826 1504 
1516 I 47986906 97 
1517 I 47986942 1504 
1518 I 48890704 1504 
1519 I 48890820 1504 
1520 I 48890943 1504 
1521 I 48891064 1504 
1522 I 48891184 1504 
1523 I 48891307 1504 
1524 I 48891434 1504 
1525 I 48891553 1504 
1526 I 48891677 1504 
1527 I 48891800 1504 
1528 I 48891925 1504 
1529 I 48892046 1504 
1530 I 48892169 1504 
1531 I 48892291 1504 
1532 I 48892415 1504 
1533 I 48892537 1504 
1534 I 48892661 1504 
1535 I 48892784 1504 
1536 I 48892917 1504 
1537 I 48893052 1504 
1538 I 48893169 1504 
1539 I 48893277 1504 
1540 I 48893398 1504 
1541 I 48893438 782 
1542 I 49781209 1504 
1543 I 49781325 1504 
1544 I 49781451 1504 
1545 I 49781569 1504 
1546 I 49781694 1504 
1547 I 49781819 1504 
1548 I 49781941 1504 
1549 I 49782073 1504 
1550 I 49782188 1504 
1551 I 49782309 1504 
1552 I 49782433 1504 
1553 I 49782554 1504 
1554 I 49782677 1504 
1555 I 49782810 1504 
1556 I 49782927 1504 
1557 I 49783047 1504 
1558 I 49783170 1504 
1559 I 49783294 1504 
1560 I 49783416 1504 
1561 I 49783538 1504 
1562 I 49783662 1504 
1563 I 49783785 1504 
1564 I 49783923 1504 
1565 I 49783939 723 
1566 I 50688508 1504 
1567 I 50688631 1504 
1568 I 50688759 1504 
1569 I 50688877 1504 
1570 I 50689000 1504 
1571 I 50689122 1504 
1572 I 50689245 1504 
1573 I 50689332 70 
1574 I 50689371 1504 
1575 I 50984089 1504 
1576 I 50984211 1504 
1577 I 50984333 1504 
1578 I 50984455 1504 
1579 I 50984579 1504 
1580 I 50984704 1504 
1581 I 50984829 1504 
1582 I 50984948 1504 
1583 I 50985071 1504 
1584 I 50985193 1504 
1585 I 50985317 1504 
1586 I 50985441 1504 
1587 I 50985564 1504 
1588 I 50985687 1504 
1589 I 50985824 1504 
1590 I 50985938 1504 
1591 I 50986063 1504 
1592 I 50986186 1504 
1593 I 50986310 1504 
1594 I 50986430 1504 
1595 I 50986549 1504 
1596 I 50986672 1504 
1597 I 50986795 1504 
1598 I 50986883 98 
1599 I 50986925 1504 
1600 I 51890254 1504 
1601 I 51890376 1504 
1602 I 51890509 1504 
1603 I 51890626 1504 
1604 I 51890744 1504 
1605 I 51890869 1504 
1606 I 51890990 1504 
1607 I 51891115 1504 
1608 I 51891243 1504 
1609 I 51891360 1504 
1610 I 51891484 1504 
1611 I 51891607 1504 
1612 I 51891730 1504 
1613 I 51891857 1504 
1614 I 51891977 1504 
1615 I 51892100 1504 
1616 I 51892223 1504 
1617 I 51892348 1504 
1618 I 51892472 1504 
1619 I 51892592 1504 
1620 I 51892714 1504 
1621 I 51892837 1504 
1622 I 51892965 1504 
1623 I 51893047 97 
1624 I 51893085 1504 
1625 I 52780871 1504 
1626 I 52780991 1504 
1627 I 52781114 1504 
1628 I 52781237 1504 
1629 I 52781360 1504 
1630 I 52781485 1504 
1631 I 52781608 1504 
1632 I 52781731 1504 
1633 I 52781863 1504 
1634 I 52781986 1504 
1635 I 52782110 1504 
1636 I 52782223 1504 
1637 I 52782352 1504 
1638 I 52782469 1504 
1639 I 52782592 1504 
1640 I 52782728 1504 
1641 I 52782837 1504 
1642 I 52782969 1504 
1643 I 52783090 1504 
1644 I 52783210 1504 
1645 I 52783332 1504 
1646 I 52783454 1504 
1647 I 52783576 1504 
1648 I 52783663 97 
1649 I 52783700 1504 
1650 I 53687428 1504 
1651 I 53687553 1504 
1652 I 53687674 1504 
1653 I 53687810 1504 
1654 I 53687922 1504 
1655 I 53688052 1504 
1656 I 53688166 1504 
1657 I 53688289 1504 
1658 I 53688413 1504 
1659 I 53688536 1504 
1660 I 53688660 1504 
1661 I 53688782 1504 
1662 I 53688909 1504 
1663 I 53689029 1504 
1664 I 53689150 1504 
1665 I 53689275 1504 
1666 I 53689403 1504 
1667 I 53689520 1504 
1668 I 53689644 1504 
1669 I 53689770 1504 
1670 I 53689892 1504 
1671 I 53690017 1504 
1672 I 53690146 1504 
1673 I 53690248 97 
1674 I 53690281 1504 
1675 I 54577764 1504 
1676 I 54577887 1504 
1677 I 54578010 1504 
1678 I 54578134 1504 
1679 I 54578267 1504 
1680 I 54578379 1504 
1681 I 54578507 1504 
1682 I 54578624 1504 
1683 I 54578747 1504 
1684 I 54578871 1504 
1685 I 54579000 1504 
1686 I 54579118 1504 
1687 I 54579241 1504 
1688 I 54579370 1504 
1689 I 54579496 1504 
1690 I 54579618 1504 
1691 I 54579734 1504 
1692 I 54579857 1504 
1693 I 54579980 1504 
1694 I 54580103 1504 
1695 I 54580225 1504 
1696 I 54580360 1504 
1697 I 54580482 1504 
1698 I 54580559 98 
1699 I 54580598 1504 
1700 I 55484532 1504 
1701 I 55484663 1504 
1702 I 55484785 1504 
1703 I 55484892 1504 
1704 I 55485017 1504 
1705 I 55485139 1504 
1706 I 55485269 1504 
1707 I 55485383 1504 
1708 I 55485510 1504 
1709 I 55485631 1504 
1710 I 55485753 1504 
1711 I 55485875 1504 
1712 I 55486012 1504 
1713 I 55486133 1504 
1714 I 55486248 1504 
1715 I 55486376 1504 
1716 I 55486492 1504 
1717 I 55486617 1504 
1718 I 55486737 1504 
1719 I 55486869 1504 
1720 I 55486985 1504 
1721 I 55487106 1504 
1722 I 55487234 1504 
1723 I 55487318 98 
1724 I 55487353 1504 
1725 I 56390586 1504 
1726 I 56390706 1504 
1727 I 56390829 1504 
1728 I 56390952 1504 
1729 I 56391076 1504 
1730 I 56391205 1504 
1731 I 56391337 1504 
1732 I 56391460 1504 
1733 I 56391569 1504 
1734 I 56391692 1504 
1735 I 56391828 1504 
1736 I 56391949 1504 
1737 I 56392083 1504 
1738 I 56392195 1504 
1739 I 56392320 1504 
1740 I 56392442 1504 
1741 I 56392564 1504 
1742 I 56392687 1504 
1743 I 56392810 1504 
1744 I 56392933 1504 
1745 I 56393046 1504 
1746 I 56393171 1504 
1747 I 56393293 1504 
1748 I 56393399 1269 
1749 I 57280719 1504 
1750 I 57280841 1504 
1751 I 57280967 1504 
1752 I 57281086 1504 
1753 I 57281215 1504 
1754 I 57281336 1504 
1755 I 57281458 1504 
1756 I 57281587 1504 
1757 I 57281705 1504 
1758 I 57281798 1272 
1759 I 57687130 1504 
1760 I 57687253 1504 
1761 I 57687375 1504 
1762 I 57687500 1504 
1763 I 57687622 1504 
1764 I 57687745 1504 
1765 I 57687880 1504 
1766 I 57688002 1504 
1767 I 57688116 1504 
1768 I 57688238 1504 
1769 I 57688365 1504 
1770 I 57688482 1504 
1771 I 57688606 1504 
1772 I 57688729 1504 
1773 I 57688852 1504 
1774 I 57688980 1504 
1775 I 57689099 1504 
1776 I 57689221 1504 
1777 I 57689345 1504 
1778 I 57689478 1504 
1779 I 57689595 1504 
1780 I 57689714 1504 
1781 I 57689842 1504 
1782 I 57689961 1504 
1783 I 57690011 784 
1784 I 58687139 1504 
1785 I 58687263 1504 
1786 I 58687390 1504 
1787 I 58687508 1504 
1788 I 58687631 1504 
1789 I 58687763 1504 
1790 I 58687891 1504 
1791 I 58688012 1504 
1792 I 58688124 1504 
1793 I 58688244 1504 
1794 I 58688380 1504 
1795 I 58688503 1504 
1796 I 58688615 1504 
1797 I 58688739 1504 
1798 I 58688862 1504 
1799 I 58688986 1504 
1800 I 58689108 1504 
1801 I 58689232 1504 
1802 I 58689355 1504 
1803 I 58689480 1504 
1804 I 58689601 1504 
1805 I 58689724 1504 
1806 I 58689847 1504 
1807 I 58689870 622 
1808 I 59577938 1504 
1809 I 59578063 1504 
1810 I 59578188 1504 
1811 I 59578306 1504 
1812 I 59578430 1504 
1813 I 59578554 1504 
1814 I 59578684 1504 
1815 I 59578801 1504 
1816 I 59578924 1504 
1817 I 59579046 1504 
1818 I 59579169 1504 
1819 I 59579292 1504 
1820 I 59579416 1504 
1821 I 59579539 1504 
1822 I 59579663 1504 
1823 I 59579784 1504 
1824 I 59579908 1504 
1825 I 59580049 1504 
1826 I 59580173 1504 
1827 I 59580288 1504 
1828 I 59580413 1504 
1829 I 59580535 1504 
1830 I 59580645 1504 
1831 I 59580734 98 
1832 I 59580773 1504 
1833 I 60484616 1504 
1834 I 60484736 1504 
1835 I 60484860 1504 
1836 I 60484984 1504 
1837 I 60485107 1504 
1838 I 60485229 1504 
1839 I 60485353 1504 
1840 I 60485479 1504 
1841 I 60485598 1504 
1842 I 60485726 1504 
1843 I 60485845 1504 
1844 I 60485969 1504 
1845 I 60486091 1504 
1846 I 60486224 1504 
1847 I 60486338 1504 
1848 I 60486480 1504 
1849 I 60486587 1504 
1850 I 60486712 1504 
1851 I 60486830 1504 
1852 I 60486954 1504 
1853 I 60487076 1504 
1854 I 60487199 1504 
1855 I 60487325 1504 
1856 I 60487415 97 
1857 I 60487446 1504 
1858 I 61390179 1504 
1859 I 61390300 1504 
1860 I 61390424 1504 
1861 I 61390558 1504 
1862 I 61390672 1504 
1863 I 61390798 1504 
1864 I 61390918 1504 
1865 I 61391041 1504 
1866 I 61391166 1504 
1867 I 61391287 1504 
1868 I 61391411 1504 
1869 I 61391534 1504 
1870 I 61391657 1504 
1871 I 61391780 1504 
1872 I 61391903 1504 
1873 I 61392040 1504 
1874 I 61392163 1504 
1875 I 61392301 1504 
1876 I 61392442 1504 
1877 I 61392528 1504 
1878 I 61392641 1504 
1879 I 61392765 1504 
1880 I 61392889 1504 
1881 I 61392974 98 
1882 I 61393012 1504 
1883 I 62281488 1504 
1884 I 62281619 1504 
1885 I 62281735 1504 
1886 I 62281858 1504 
1887 I 62281981 1504 
1888 I 62282108 1504 
1889 I 62282226 1504 
1890 I 62282348 1504 
1891 I 62282472 1504 
1892 I 62282596 1504 
1893 I 62282718 1504 
1894 I 62282842 1504 
1895 I 62282965 1504 
1896 I 62283089 1504 
1897 I 62283210 1504 
1898 I 62283334 1504 
1899 I 62283457 1504 
1900 I 62283581 1504 
1901 I 62283707 1504 
1902 I 62283827 1504 
1903 I 62283949 1504 
1904 I 62284082 1504 
1905 I 62284196 1504 
1906 I 62284289 98 
1907 I 62284328 1504 
1908 I 63187047 1504 
1909 I 63187188 1504 
1910 I 63187301 1504 
1911 I 63187416 1504 
1912 I 63187542 1504 
1913 I 63187663 1504 
1914 I 63187789 1504 
1915 I 63187909 1504 
1916 I 63188033 1504 
1917 I 63188156 1504 
1918 I 63188286 1504 
1919 I 63188412 1504 
1920 I 63188536 1504 
1921 I 63188657 1504 
1922 I 63188784 1504 
1923 I 63188895 1504 
1924 I 63189017 1504 
1925 I 63189142 1504 
1926 I 63189267 1504 
1927 I 63189395 1504 
1928 I 63189517 1504 
1929 I 63189642 1504 
1930 I 63189755 1504 
1931 I 63189842 98 
1932 I 63189878 1504 
1933 I 64077386 1504 
1934 I 64077506 1504 
1935 I 64077631 1504 
1936 I 64077754 1504 
1937 I 64077879 1504 
1938 I 64078005 1504 
1939 I 64078123 1504 
1940 I 64078209 70 
1941 I 64078246 1504 
1942 I 64390187 1504 
1943 I 64390310 1504 
1944 I 64390434 1504 
1945 I 64390556 1504 
1946 I 64390680 1504 
1947 I 64390804 1504 
1948 I 64390931 1504 
1949 I 64391049 1504 
1950 I 64391172 1504 
1951 I 64391298 1504 
1952 I 64391418 1504 
1953 I 64391544 1504 
1954 I 64391667 1504 
1955 I 64391788 1504 
1956 I 64391910 1504 
1957 I 64392033 1504 
1958 I 64392156 1504 
1959 I 64392280 1504 
1960 I 64392403 1504 
1961 I 64392525 1504 
1962 I 64392650 1504 
1963 I 64392772 1504 
1964 I 64392895 1504 
1965 I 64392994 98 
1966 I 64393018 1504 
1967 I 65280781 1504 
1968 I 65280905 1504 
1969 I 65281028 1504 
1970 I 65281150 1504 
1971 I 65281276 1504 
1972 I 65281398 1504 
1973 I 65281523 1504 
1974 I 65281645 1504 
1975 I 65281766 1504 
1976 I 65281901 1504 
1977 I 65282023 1504 
1978 I 65282139 1504 
1979 I 65282260 1504 
1980 I 65282382 1504 
1981 I 65282505 1504 
1982 I 65282630 1504 
1983 I 65282751 1504 
1984 I 65282874 1504 
1985 I 65282999 1504 
1986 I 65283122 1504 
1987 I 65283243 1504 
1988 I 65283367 1504 
1989 I 65283491 1504 
1990 I 65283576 92 
1991 I 65283613 1504 
1992 I 66187036 1504 
1993 I 66187160 1504 
1994 I 66187280 1504 
1995 I 66187420 1504 
1996 I 66187540 1504 
1997 I 66187670 1504 
1998 I 66187781 1504 
1999 I 66187905 1504 
2000 I 66188021 1504 
2001 I 66188142 1504 
2002 I 66188267 1504 
2003 I 66188390 1504 
2004 I 66188514 1504 
2005 I 66188639 1504 
2006 I 66188759 1504 
2007 I 66188885 1504 
2008 I 66189005 1504 
2009 I 66189128 1504 
2010 I 66189250 1504 
2011 I 66189375 1504 
2012 I 66189498 1504 
2013 I 66189631 1504 
2014 I 66189744 1504 
2015 I 66189831 97 
2016 I 66189866 1504 
2017 I 67077808 1504 
2018 I 67077935 1504 
2019 I 67078053 1504 
2020 I 67078177 1504 
2021 I 67078298 1504 
2022 I 67078423 1504 
2023 I 67078544 1504 
2024 I 67078668 1504 
2025 I 67078790 1504 
2026 I 67078913 1504 
2027 I 67079037 1504 
2028 I 67079172 1504 
2029 I 67079288 1504 
2030 I 67079406 1504 
2031 I 67079529 1504 
2032 I 67079659 1504 
2033 I 67079696 64 
2034 I 67079724 1047 
2035 I 67079868 1504 
2036 I 67079993 1504 
2037 I 67080075 1160 
2038 I 67080211 1504 
2039 I 67080335 1504 
2040 I 67080418 1160 
2041 I 67291605 56 
2042 I 67291943 56 
2043 I 67354849 68 
2044 I 67380653 382 
2045 I 67380839 56 
2046 I 67403632 56 
2047 I 67701888 56 
