0 I 0 56 
1 I 659910 56 
2 I 951159 320 
3 I 951358 1504 
4 I 951477 1504 
5 I 999338 1504 
6 I 999456 1504 
7 I 999572 1504 
8 I 1047320 1504 
9 I 1047438 1504 
10 I 1047577 1504 
11 I 1059117 1504 
12 I 1059190 1504 
13 I 1059328 1504 
14 I 1095196 1504 
15 I 1095313 1504 
16 I 1095425 1504 
17 I 1107298 1504 
18 I 1107430 1504 
19 I 1107539 1504 
20 I 1119419 1504 
21 I 1119538 1504 
22 I 1119658 1504 
23 I 1143520 1504 
24 I 1143642 1504 
25 I 1700398 704 
26 I 2249897 56 
27 I 2601202 856 
28 I 2709452 1504 
29 I 2709576 1504 
30 I 2709690 1504 
31 I 2769306 1504 
32 I 2769423 1504 
33 I 2769540 1504 
34 I 2817417 1504 
35 I 2817536 1504 
36 I 2817654 1504 
37 I 2829282 1504 
38 I 2829403 1504 
39 I 2829509 1504 
40 I 2865434 1504 
41 I 2865529 1504 
42 I 2865745 1504 
43 I 2877161 1504 
44 I 2877291 1504 
45 I 2877370 1504 
46 I 2889477 1504 
47 I 2889588 1504 
48 I 2889707 1504 
49 I 2919212 1504 
50 I 3280079 168 
51 I 3799935 56 
52 I 12804720 1128 
53 I 14380698 1392 
54 I 14617192 1504 
55 I 14617317 1504 
56 I 14671264 1504 
57 I 14671392 1504 
58 I 14671519 1504 
59 I 14725304 1504 
60 I 14725414 1504 
61 I 14773268 1504 
62 I 14773371 1504 
63 I 14821227 1504 
64 I 14821320 1504 
65 I 14869185 1504 
66 I 14869285 1504 
67 I 14869412 1504 
68 I 14917257 1504 
69 I 14917361 1504 
70 I 14929463 1504 
71 I 14929578 1504 
72 I 14965120 1504 
73 I 14965242 1504 
74 I 14989326 1504 
75 I 14989450 1504 
76 I 15025321 1504 
77 I 15025460 1504 
78 I 15025557 1504 
79 I 15049067 1504 
80 I 15049188 1504 
81 I 15079194 1504 
82 I 15079280 1504 
83 I 15097040 1504 
84 I 15097158 1504 
85 I 15127672 1504 
86 I 15127779 1504 
87 I 15145030 1504 
88 I 15145150 1504 
89 I 15175378 1504 
90 I 15175497 1504 
91 I 15175594 1504 
92 I 15193359 1504 
93 I 15193478 1504 
94 I 15223251 1504 
95 I 15223360 1504 
96 I 15235090 1504 
97 I 15235209 1504 
98 I 15247208 1504 
99 I 15247328 1504 
100 I 15271101 1504 
101 I 15271216 1504 
102 I 15283334 1504 
103 I 15283456 1504 
104 I 15301196 1504 
105 I 15301320 1504 
106 I 15301442 1504 
107 I 15319066 1504 
108 I 15319186 1504 
109 I 15331531 1504 
110 I 15331648 1504 
111 I 15349168 1504 
112 I 15349289 1504 
113 I 15367158 1504 
114 I 15367389 1504 
115 I 15379290 1504 
116 I 15379404 1504 
117 I 15391143 1504 
118 I 15403157 1504 
119 I 15403279 1504 
120 I 15415416 1504 
121 I 15415520 1504 
122 I 15415639 1504 
123 I 15433375 1504 
124 I 15433489 1504 
125 I 15451136 1504 
126 I 15451247 1504 
127 I 15463147 1504 
128 I 15463258 1504 
129 I 15475269 1504 
130 I 15475363 1504 
131 I 15487227 1504 
132 I 15487346 1504 
133 I 15500664 1504 
134 I 15500768 1504 
135 I 15511462 1504 
136 I 15511574 1504 
137 I 15529489 1504 
138 I 15529596 1504 
139 I 15541465 1504 
140 I 15541581 1504 
141 I 15541694 1504 
142 I 15565333 1504 
143 I 15565429 1504 
144 I 15577090 1504 
145 I 15577191 1504 
146 I 15590755 1504 
147 I 15590838 1504 
148 I 15601203 1504 
149 I 15601322 1504 
150 I 15613103 1504 
151 I 15613232 1504 
152 I 15625200 1504 
153 I 15625314 1504 
154 I 15643180 1504 
155 I 15643333 1504 
156 I 15655063 1504 
157 I 15655182 1504 
158 I 15667442 1504 
159 I 15667555 1504 
160 I 15679773 1504 
161 I 15679870 1504 
162 I 15679998 1504 
163 I 15691160 1504 
164 I 15691279 1504 
165 I 15703396 1504 
166 I 15703514 1504 
167 I 15715162 1504 
168 I 15715376 1504 
169 I 15727496 1504 
170 I 15727593 1504 
171 I 15745339 1504 
172 I 15745461 1504 
173 I 15757100 1504 
174 I 15757244 1504 
175 I 15769346 1504 
176 I 15769475 1504 
177 I 15781188 1504 
178 I 15781327 1504 
179 I 15793200 1504 
180 I 15793306 1504 
181 I 15937222 1504 
182 I 15937339 1504 
183 I 15937446 1504 
184 I 15937576 1504 
185 I 15937691 1504 
186 I 15937797 1504 
187 I 15937938 1504 
188 I 15938049 1504 
189 I 15938169 1504 
190 I 15938292 1504 
191 I 15985206 1504 
192 I 15985312 1504 
193 I 15985438 1504 
194 I 15997078 1504 
195 I 15997195 1504 
196 I 16009065 1504 
197 I 16009176 1504 
198 I 16290675 1504 
199 I 16513104 1504 
200 I 16513226 1504 
201 I 16567070 1504 
202 I 16567190 1504 
203 I 16567305 1504 
204 I 16615184 1504 
205 I 16615302 1504 
206 I 16615423 1504 
207 I 16675158 1504 
208 I 16675274 1504 
209 I 17260690 968 
210 I 17599013 592 
211 I 17719150 1504 
212 I 17719235 1504 
213 I 17719352 1504 
214 I 17767104 1504 
215 I 17767246 1504 
216 I 17767355 1504 
217 I 17815180 1504 
218 I 17815301 1504 
219 I 17815420 1504 
220 I 17826964 1504 
221 I 17827091 1504 
222 I 17827294 1504 
223 I 17863291 1504 
224 I 17863425 1504 
225 I 17875518 1504 
226 I 17875638 1504 
227 I 17887254 1504 
228 I 17887370 1504 
229 I 17911477 1504 
230 I 17911617 1504 
231 I 17923140 1504 
232 I 17923254 1504 
233 I 18270835 432 
234 I 18740526 56 
235 I 19400591 56 
236 I 19585052 1128 
237 I 19699192 1504 
238 I 19699302 1504 
239 I 19699417 1504 
240 I 19747285 1504 
241 I 19747360 1504 
242 I 19747489 1504 
243 I 19795550 1504 
244 I 19795669 1504 
245 I 19795787 1504 
246 I 19807202 1504 
247 I 19807308 1504 
248 I 19807421 1504 
249 I 19858430 1504 
250 I 19858529 1504 
251 I 19858627 1504 
252 I 19861306 1504 
253 I 19861424 1504 
254 I 19873298 1504 
255 I 19873418 1504 
256 I 19903173 1504 
257 I 19903292 1504 
258 I 20450802 1344 
259 I 20990674 56 
260 I 21672912 216 
261 I 21787278 1504 
262 I 21787392 1504 
263 I 21787508 1504 
264 I 21835161 1504 
265 I 21835253 1504 
266 I 21835373 1504 
267 I 21883111 1504 
268 I 21883210 1504 
269 I 21883341 1504 
270 I 21895345 1504 
271 I 21895464 1504 
272 I 21895570 1504 
273 I 21931207 1504 
274 I 21931299 1504 
275 I 21943217 1504 
276 I 21943275 1504 
277 I 21955281 1504 
278 I 21955397 1504 
279 I 21955517 1504 
280 I 21979502 1504 
281 I 21979619 1504 
282 I 21991035 1504 
283 I 22341070 808 
284 I 22840926 56 
285 I 23398325 276 
286 I 23500672 56 
287 I 23653145 752 
288 I 23767222 1504 
289 I 23767375 1504 
290 I 23767480 1504 
291 I 23821085 1504 
292 I 23821222 1504 
293 I 23821320 1504 
294 I 23869086 1504 
295 I 23869297 1504 
296 I 23869405 1504 
297 I 23881273 1504 
298 I 23881391 1504 
299 I 23881526 1504 
300 I 23929114 1504 
301 I 23929233 1504 
302 I 23947227 1504 
303 I 23947330 1504 
304 I 23959353 1504 
305 I 23959473 1504 
306 I 23977069 1504 
307 I 23977196 1504 
308 I 23995209 1504 
309 I 23995306 1504 
310 I 24340906 272 
311 I 24840866 56 
312 I 25500789 56 
313 I 25747321 1288 
314 I 25759447 1504 
315 I 25759565 1504 
316 I 25807291 1504 
317 I 25807400 1504 
318 I 25807526 1504 
319 I 25855119 1504 
320 I 25855238 1504 
321 I 25855378 1504 
322 I 25867359 1504 
323 I 25867508 1504 
324 I 25867620 1504 
325 I 25909568 1504 
326 I 25909674 1504 
327 I 25921546 1504 
328 I 25921664 1504 
329 I 25933209 1504 
330 I 25933321 1504 
331 I 25957291 1504 
332 I 25957429 1504 
333 I 25969164 1504 
334 I 25969286 1504 
335 I 26310967 1184 
336 I 26840970 56 
337 I 27500989 56 
338 I 27726992 376 
339 I 27835101 1504 
340 I 27835221 1504 
341 I 27835332 1504 
342 I 27883167 1504 
343 I 27883270 1504 
344 I 27883393 1504 
345 I 27931099 1504 
346 I 27931225 1504 
347 I 27931341 1504 
348 I 27943090 1504 
349 I 27943205 1504 
350 I 27943326 1504 
351 I 27979203 1504 
352 I 27979313 1504 
353 I 27979428 1504 
354 I 27991050 1504 
355 I 27991169 1504 
356 I 28003180 1504 
357 I 28003292 1504 
358 I 28027164 1504 
359 I 28027285 1504 
360 I 28045108 1504 
361 I 28391058 648 
362 I 28950974 56 
363 I 29631011 56 
364 I 29710763 912 
365 I 29812899 1504 
366 I 29813008 1504 
367 I 29813129 1504 
368 I 29870970 1504 
369 I 29871087 1504 
370 I 29871210 1504 
371 I 29914762 1504 
372 I 29914882 1504 
373 I 29914987 1504 
374 I 29926625 1504 
375 I 29926747 1504 
376 I 29926834 1504 
377 I 29974907 1504 
378 I 29975055 1504 
379 I 29986554 1504 
380 I 29986665 1504 
381 I 29998777 1504 
382 I 29998897 1504 
383 I 29999016 1504 
384 I 30023108 1504 
385 I 30023234 1504 
386 I 30040861 1504 
387 I 30391168 112 
388 I 30950987 56 
389 I 31631053 56 
390 I 31805260 1448 
391 I 31907253 1504 
392 I 31907372 1504 
393 I 31907503 1504 
394 I 31955219 1504 
395 I 31955335 1504 
396 I 31955487 1504 
397 I 32003327 1504 
398 I 32003458 1504 
399 I 32003567 1504 
400 I 32015205 1504 
401 I 32015347 1504 
402 I 32015473 1504 
403 I 32057081 1504 
404 I 32057209 1504 
405 I 32069423 1504 
406 I 32069538 1504 
407 I 32081177 1504 
408 I 32081293 1504 
409 I 32105181 1504 
410 I 32105284 1504 
411 I 32117281 1504 
412 I 32651273 1024 
413 I 33191047 56 
414 I 33772917 536 
415 I 33881334 1504 
416 I 33881469 1504 
417 I 33881584 1504 
418 I 33935483 1504 
419 I 33935604 1504 
420 I 33935700 1504 
421 I 33983150 1504 
422 I 33983263 1504 
423 I 33983371 1504 
424 I 33995368 1504 
425 I 33995480 1504 
426 I 33995606 1504 
427 I 34037274 1504 
428 I 34037386 1504 
429 I 34049148 1504 
430 I 34049260 1504 
431 I 34061133 1504 
432 I 34061254 1504 
433 I 34106904 1504 
434 I 34107013 1504 
435 I 34108663 1504 
436 I 34108779 1504 
437 I 34471180 488 
438 I 34941268 56 
439 I 35601204 56 
440 I 35657193 1072 
441 I 35669096 1504 
442 I 35669210 1504 
443 I 35717066 1504 
444 I 35717192 1504 
445 I 35717311 1504 
446 I 35765303 1504 
447 I 35765428 1504 
448 I 35765522 1504 
449 I 35777169 1504 
450 I 35777288 1504 
451 I 35777403 1504 
452 I 35813034 1504 
453 I 35813150 1504 
454 I 35813269 1504 
455 I 35825121 1504 
456 I 35825239 1504 
457 I 35837377 1504 
458 I 35837491 1504 
459 I 35867228 1504 
460 I 35867347 1504 
461 I 35879580 1504 
462 I 36221390 1400 
463 I 36731164 56 
464 I 37391386 56 
465 I 37511081 160 
466 I 37523575 1504 
467 I 37523698 1504 
468 I 37571339 1504 
469 I 37571470 1504 
470 I 37571556 1504 
471 I 37619061 1504 
472 I 37619309 1504 
473 I 37619348 1504 
474 I 37631284 1504 
475 I 37631407 1504 
476 I 37631524 1504 
477 I 37667037 1504 
478 I 37667164 1504 
479 I 37679162 1504 
480 I 37679301 1504 
481 I 37691289 1504 
482 I 37691414 1504 
483 I 37691534 1504 
484 I 37721432 1504 
485 I 37721531 1504 
486 I 37733184 1504 
487 I 37733299 1504 
488 I 38241407 864 
489 I 38751347 56 
490 I 39275022 696 
491 I 39383219 1504 
492 I 39383328 1504 
493 I 39383449 1504 
494 I 39437121 1504 
495 I 39437330 1504 
496 I 39437459 1504 
497 I 39485151 1504 
498 I 39485263 1504 
499 I 39485382 1504 
500 I 39497738 1504 
501 I 39497889 1504 
502 I 39498000 1504 
503 I 39539267 1504 
504 I 39539398 1504 
505 I 39551504 1504 
506 I 39551608 1504 
507 I 39563353 1504 
508 I 39563471 1504 
509 I 39587592 1504 
510 I 39587713 1504 
511 I 39587831 1504 
512 I 39599263 1504 
513 I 39941592 328 
514 I 40441382 56 
515 I 41091416 56 
516 I 41147093 1232 
517 I 41255399 1504 
518 I 41255533 1504 
519 I 41255651 1504 
520 I 41303231 1504 
521 I 41303348 1504 
522 I 41303468 1504 
523 I 41351084 1504 
524 I 41351322 1504 
525 I 41351346 1504 
526 I 41363438 1504 
527 I 41363554 1504 
528 I 41363685 1504 
529 I 41399402 1504 
530 I 41399517 1504 
531 I 41411376 1504 
532 I 41411499 1504 
533 I 41423260 1504 
534 I 41423369 1504 
535 I 41447249 1504 
536 I 41447357 1504 
537 I 41465212 1504 
538 I 41941648 1240 
539 I 42451465 56 
540 I 43012839 320 
541 I 43025506 1504 
542 I 43025616 1504 
543 I 43073462 1504 
544 I 43073603 1504 
545 I 43073806 1504 
546 I 43121591 1504 
547 I 43121700 1504 
548 I 43121824 1504 
549 I 43133107 1504 
550 I 43133346 1504 
551 I 43133453 1504 
552 I 43169274 1504 
553 I 43169362 1504 
554 I 43169466 1504 
555 I 43181127 1504 
556 I 43181328 1504 
557 I 43193350 1504 
558 I 43193447 1504 
559 I 43223407 1504 
560 I 43223527 1504 
561 I 43235404 1504 
562 I 43235502 1504 
563 I 43751557 704 
564 I 44251444 56 
565 I 44885066 856 
566 I 44897264 1504 
567 I 44897482 1504 
568 I 44945347 1504 
569 I 44945479 1504 
570 I 44945587 1504 
571 I 44993177 1504 
572 I 44993294 1504 
573 I 44993415 1504 
574 I 45005289 1504 
575 I 45005405 1504 
576 I 45005540 1504 
577 I 45041209 1504 
578 I 45041329 1504 
579 I 45053448 1504 
580 I 45053558 1504 
581 I 45053674 1504 
582 I 45065189 1504 
583 I 45065309 1504 
584 I 45090168 1504 
585 I 45090416 1504 
586 I 45101218 1504 
587 I 45101335 1504 
588 I 45641635 168 
589 I 46201647 56 
590 I 46643332 1392 
591 I 46751112 1504 
592 I 46751254 1504 
593 I 46751413 1504 
594 I 46799177 1504 
595 I 46799287 1504 
596 I 46799410 1504 
597 I 46847114 1504 
598 I 46847251 1504 
599 I 46847373 1504 
600 I 46859240 1504 
601 I 46859354 1504 
602 I 46859469 1504 
603 I 46895461 1504 
604 I 46895587 1504 
605 I 46907114 1504 
606 I 46907247 1504 
607 I 46918979 1504 
608 I 46919093 1504 
609 I 46919217 1504 
610 I 46943189 1504 
611 I 46943330 1504 
612 I 47431818 1080 
613 I 48001702 56 
614 I 48406880 480 
615 I 48509277 1504 
616 I 48509384 1504 
617 I 48509499 1504 
618 I 48557115 1504 
619 I 48557227 1504 
620 I 48557349 1504 
621 I 48605201 1504 
622 I 48605319 1504 
623 I 48605437 1504 
624 I 48617212 1504 
625 I 48617323 1504 
626 I 48617440 1504 
627 I 48653068 1504 
628 I 48653186 1504 
629 I 48671198 1504 
630 I 48671295 1504 
631 I 48683066 1504 
632 I 48683191 1504 
633 I 48701202 1504 
634 I 48701297 1504 
635 I 48719269 1504 
636 I 48719386 1504 
637 I 49051831 544 
638 I 49531943 56 
639 I 50181737 56 
640 I 50382187 1016 
641 I 50490211 1504 
642 I 50490326 1504 
643 I 50490443 1504 
644 I 50538162 1504 
645 I 50538297 1504 
646 I 50538441 1504 
647 I 50586289 1504 
648 I 50586422 1504 
649 I 50586530 1504 
650 I 50598877 1504 
651 I 50598959 1504 
652 I 50599080 1504 
653 I 50634623 1504 
654 I 50634756 1504 
655 I 50646356 1504 
656 I 50646481 1504 
657 I 50658350 1504 
658 I 50658463 1504 
659 I 50682110 1504 
660 I 50682220 1504 
661 I 50694453 1504 
662 I 51252031 1456 
663 I 51811996 56 
664 I 52140450 104 
665 I 52254122 1504 
666 I 52254366 1504 
667 I 52254481 1504 
668 I 52302201 1504 
669 I 52302315 1504 
670 I 52302457 1504 
671 I 52350389 1504 
672 I 52350512 1504 
673 I 52350618 1504 
674 I 52362506 1504 
675 I 52362624 1504 
676 I 52362743 1504 
677 I 52398243 1504 
678 I 52398364 1504 
679 I 52410249 1504 
680 I 52410364 1504 
681 I 52410476 1504 
682 I 52422227 1504 
683 I 52422341 1504 
684 I 52452325 1504 
685 I 52452448 1504 
686 I 52464472 1504 
687 I 52812013 920 
688 I 53341808 56 
689 I 54012060 56 
690 I 54024220 640 
691 I 54024334 1504 
692 I 54024459 1504 
693 I 54072298 1504 
694 I 54072424 1504 
695 I 54072535 1504 
696 I 54120242 1504 
697 I 54120370 1504 
698 I 54120478 1504 
699 I 54132231 1504 
700 I 54132341 1504 
701 I 54132466 1504 
702 I 54168239 1504 
703 I 54168344 1504 
704 I 54180091 1504 
705 I 54180208 1504 
706 I 54192196 1504 
707 I 54192312 1504 
708 I 54216308 1504 
709 I 54216428 1504 
710 I 54216548 1504 
711 I 54228058 1504 
712 I 54228176 1504 
713 I 54742054 384 
714 I 55281845 56 
715 I 55885626 1176 
716 I 56403414 396 
717 I 56656650 56 
718 I 57091994 56 
719 I 57642045 1164 
720 I 57642186 1504 
721 I 57642300 1504 
722 I 57690403 1504 
723 I 57690520 1504 
724 I 57690620 1504 
725 I 57738243 1504 
726 I 57738372 1504 
727 I 57738496 1504 
728 I 57750357 1504 
729 I 57750482 1504 
730 I 57750590 1504 
731 I 57798079 1504 
732 I 57798189 1504 
733 I 57810320 1504 
734 I 57810438 1504 
735 I 57823137 1504 
736 I 57823251 1504 
737 I 57846275 1504 
738 I 57846398 1504 
739 I 57858275 1504 
740 I 57858380 1504 
741 I 57858506 1504 
742 I 58342308 1320 
743 I 58892109 56 
744 I 59514166 240 
745 I 59514315 1504 
746 I 59514526 1504 
747 I 59562865 1504 
748 I 59562904 1504 
749 I 59562984 1504 
750 I 59610286 1504 
751 I 59610422 1504 
752 I 59610521 1504 
753 I 59622271 1504 
754 I 59622388 1504 
755 I 59622530 1504 
756 I 59658137 1504 
757 I 59658234 1504 
758 I 59670233 1504 
759 I 59670347 1504 
760 I 59682695 1504 
761 I 59682812 1504 
762 I 59712186 1504 
763 I 59712327 1504 
764 I 59724178 1504 
765 I 59724296 1504 
766 I 59736303 1504 
767 I 59736423 1504 
768 I 60060286 1504 
769 I 60060404 1504 
770 I 60060522 1504 
771 I 60108403 1504 
772 I 60452293 968 
773 I 60932159 56 
774 I 61583787 56 
775 I 61608624 592 
776 I 61608760 1504 
777 I 61608862 1504 
778 I 61656247 1504 
779 I 61656370 1504 
780 I 61656491 1504 
781 I 61704251 1504 
782 I 61704372 1504 
783 I 61704487 1504 
784 I 61716031 1504 
785 I 61716150 1504 
786 I 61716278 1504 
787 I 61758216 1504 
788 I 61758355 1504 
789 I 61770349 1504 
790 I 61770457 1504 
791 I 61782215 1504 
792 I 61782321 1504 
793 I 61806326 1504 
794 I 61806437 1504 
795 I 61818492 1504 
796 I 61818595 1504 
797 I 61836217 1504 
798 I 61932156 1504 
799 I 62432231 444 
800 I 63002139 56 
801 I 63474090 1116 
802 I 63474238 1504 
803 I 63474356 1504 
804 I 63522330 1504 
805 I 63522441 1504 
806 I 63522570 1504 
807 I 63570316 1504 
808 I 63570452 1504 
809 I 63570571 1504 
810 I 63582345 1504 
811 I 63582444 1504 
812 I 63582571 1504 
813 I 63618198 1504 
814 I 63618328 1504 
815 I 63618429 1504 
816 I 63630302 1504 
817 I 63630416 1504 
818 I 63642407 1504 
819 I 63642534 1504 
820 I 63666201 1504 
821 I 63666301 1504 
822 I 63804251 1504 
823 I 63804382 1504 
824 I 63804501 1504 
825 I 64382385 1004 
826 I 64892307 56 
827 I 65286774 1128 
828 I 65662540 56 
829 I 65705539 556 
830 I 65705735 1504 
831 I 65705845 1504 
832 I 65753917 1504 
833 I 65754046 1504 
834 I 65754163 1504 
835 I 65801777 1504 
836 I 65802030 1504 
837 I 65802128 1504 
838 I 65813644 1504 
839 I 65813762 1504 
840 I 65813880 1504 
841 I 65849868 1504 
842 I 65849981 1504 
843 I 65861740 1504 
844 I 65861847 1504 
845 I 65873773 1504 
846 I 65873896 1504 
847 I 65874001 1504 
848 I 65903716 1504 
849 I 65903937 1504 
850 I 65915836 1504 
851 I 65915936 1504 
852 I 65927735 1504 
853 I 66272453 480 
854 I 66732361 56 
855 I 67319695 1080 
856 I 67319848 1504 
857 I 67319973 1504 
858 I 67367700 1504 
859 I 67367862 1504 
860 I 67367944 1504 
861 I 67415669 1504 
862 I 67415786 1504 
863 I 67415895 1504 
864 I 67427757 1504 
865 I 67427880 1504 
866 I 67428113 1504 
867 I 67465741 1504 
868 I 67465880 1504 
869 I 67475855 1504 
870 I 67475972 1504 
871 I 67487605 1504 
872 I 67487731 1504 
873 I 67511701 1504 
874 I 67511816 1504 
875 I 67511933 1504 
876 I 67523853 1504 
877 I 67763623 1504 
878 I 68222599 1404 
879 I 68651564 156 
880 I 68651728 1504 
881 I 68651846 1504 
882 I 68699637 1504 
883 I 68699762 1504 
884 I 68699878 1504 
885 I 68747711 1504 
886 I 68747844 1504 
887 I 68747947 1504 
888 I 68759715 1504 
889 I 68759823 1504 
890 I 68760054 1504 
891 I 68795639 1504 
892 I 68795759 1504 
893 I 68807634 1504 
894 I 68807870 1504 
895 I 68819963 1504 
896 I 68820076 1504 
897 I 68843915 1504 
898 I 68844033 1504 
899 I 68863080 1504 
900 I 69342588 968 
901 I 69635453 592 
902 I 69635654 1504 
903 I 69635756 1504 
904 I 70222711 1004 
905 I 70882428 56 
906 I 71393499 556 
907 I 71393649 1504 
908 I 71393767 1504 
909 I 71441622 1504 
910 I 71441728 1504 
911 I 71441843 1504 
912 I 71489598 1504 
913 I 71489727 1504 
914 I 71489851 1504 
915 I 71501699 1504 
916 I 71501820 1504 
917 I 71501958 1504 
918 I 71538242 1504 
919 I 71538355 1504 
920 I 71538480 1504 
921 I 71549766 1504 
922 I 71549892 1504 
923 I 71561900 1504 
924 I 71562020 1504 
925 I 71585750 1504 
926 I 71585853 1504 
927 I 71597833 1504 
928 I 71597946 1504 
929 I 71621701 1504 
930 I 72142603 480 
931 I 72712504 56 
932 I 73265537 1080 
933 I 73265686 1504 
934 I 73265800 1504 
935 I 73313639 1504 
936 I 73313761 1504 
937 I 73313895 1504 
938 I 73361733 1504 
939 I 73361851 1504 
940 I 73361970 1504 
941 I 73378704 1504 
942 I 73378816 1504 
943 I 73378911 1504 
944 I 73420142 1504 
945 I 73420261 1504 
946 I 73433198 1504 
947 I 73433309 1504 
948 I 73433436 1504 
949 I 73439907 1504 
950 I 73440027 1504 
951 I 73469682 1504 
952 I 73469789 1504 
953 I 73481718 1504 
954 I 73595577 1504 
955 I 74142888 1404 
956 I 74702880 56 
957 I 74921452 156 
958 I 74921598 1504 
959 I 74921716 1504 
960 I 74969668 1504 
961 I 74969916 1504 
962 I 74970030 1504 
963 I 75017731 1504 
964 I 75017864 1504 
965 I 75018083 1504 
966 I 75029716 1504 
967 I 75029833 1504 
968 I 75029953 1504 
969 I 75065582 1504 
970 I 75065674 1504 
971 I 75077771 1504 
972 I 75077891 1504 
973 I 75089661 1504 
974 I 75089784 1504 
975 I 75120450 1504 
976 I 75120592 1504 
977 I 75120689 1504 
978 I 75353652 1504 
979 I 75353767 1504 
980 I 75353887 1504 
981 I 75912837 1004 
982 I 76572734 56 
983 I 77117554 556 
984 I 77117742 1504 
985 I 77117852 1504 
986 I 77165684 1504 
987 I 77165930 1504 
988 I 77166041 1504 
989 I 77213683 1504 
990 I 77213753 1504 
991 I 77213931 1504 
992 I 77225631 1504 
993 I 77225746 1504 
994 I 77225864 1504 
995 I 77261799 1504 
996 I 77261918 1504 
997 I 77273566 1504 
998 I 77273684 1504 
999 I 77285707 1504 
1000 I 77285816 1504 
1001 I 77309924 1504 
1002 I 77310059 1504 
1003 I 77321667 1504 
1004 I 77321787 1504 
1005 I 77339686 1504 
1006 I 77339809 1504 
1007 I 77852893 480 
1008 I 78372782 56 
1009 I 78983885 1080 
1010 I 78984025 1504 
1011 I 78984142 1504 
1012 I 79032108 1504 
1013 I 79032226 1504 
1014 I 79032343 1504 
1015 I 79079721 1504 
1016 I 79079868 1504 
1017 I 79079993 1504 
1018 I 79091617 1504 
1019 I 79091736 1504 
1020 I 79091847 1504 
1021 I 79127964 1504 
1022 I 79128047 1504 
1023 I 79139796 1504 
1024 I 79139908 1504 
1025 I 79151679 1504 
1026 I 79151803 1504 
1027 I 79175875 1504 
1028 I 79175994 1504 
1029 I 79187754 1504 
1030 I 79187889 1504 
1031 I 79313651 1504 
1032 I 79863050 1404 
1033 I 80412898 56 
1034 I 80531516 156 
1035 I 80531837 1504 
1036 I 80531942 1504 
1037 I 80579781 1504 
1038 I 80579895 1504 
1039 I 80580013 1504 
1040 I 80627629 1504 
1041 I 80627725 1504 
1042 I 80627845 1504 
1043 I 80639730 1504 
1044 I 80639851 1504 
1045 I 80639966 1504 
1046 I 80675928 1504 
1047 I 80676049 1504 
1048 I 80688180 1504 
1049 I 80688283 1504 
1050 I 80700374 1504 
1051 I 80700497 1504 
1052 I 80724138 1504 
1053 I 80724250 1504 
1054 I 80741682 1504 
1055 I 81191731 1504 
1056 I 81191859 1504 
1057 I 81191993 1504 
1058 I 81853068 1004 
1059 I 82462862 56 
1060 I 82949460 556 
1061 I 82949724 1504 
1062 I 82949834 1504 
1063 I 82997643 1504 
1064 I 82997758 1504 
1065 I 82997876 1504 
1066 I 83045937 1504 
1067 I 83046059 1504 
1068 I 83046174 1504 
1069 I 83057724 1504 
1070 I 83057817 1504 
1071 I 83057954 1504 
1072 I 83093586 1504 
1073 I 83093701 1504 
1074 I 83105693 1504 
1075 I 83105811 1504 
1076 I 83105921 1504 
1077 I 83117695 1504 
1078 I 83117822 1504 
1079 I 83141676 1504 
1080 I 83141792 1504 
1081 I 83159651 1504 
1082 I 83159759 1504 
1083 I 83183616 1504 
1084 I 83643075 480 
1085 I 84153427 56 
1086 I 84821511 1080 
1087 I 84821655 1504 
1088 I 84821777 1504 
1089 I 84869953 1504 
1090 I 84870071 1504 
1091 I 84870294 1504 
1092 I 84917576 1504 
1093 I 84917707 1504 
1094 I 84917824 1504 
1095 I 84930039 1504 
1096 I 84930156 1504 
1097 I 84930290 1504 
1098 I 84966590 1504 
1099 I 84966823 1504 
1100 I 84977627 1504 
1101 I 84977747 1504 
1102 I 84989614 1504 
1103 I 84989730 1504 
1104 I 84989857 1504 
1105 I 85013639 1504 
1106 I 85013771 1504 
1107 I 85031848 1504 
1108 I 85043608 1504 
1109 I 85413510 1404 
1110 I 85952975 56 
1111 I 86471677 156 
1112 I 86471944 1504 
1113 I 86472063 1504 
1114 I 86519664 1504 
1115 I 86519801 1504 
1116 I 86519930 1504 
1117 I 86567996 1504 
1118 I 86568131 1504 
1119 I 86568252 1504 
1120 I 86580240 1504 
1121 I 86580359 1504 
1122 I 86580481 1504 
1123 I 86616182 1504 
1124 I 86616316 1504 
1125 I 86628063 1504 
1126 I 86628215 1504 
1127 I 86639815 1504 
1128 I 86639926 1504 
1129 I 86663906 1504 
1130 I 86664017 1504 
1131 I 86681665 1504 
1132 I 86681757 1504 
1133 I 86681866 1504 
1134 I 87023769 1504 
1135 I 87593224 880 
1136 I 88103414 56 
1137 I 88241794 680 
1138 I 88242081 1504 
1139 I 88242186 1504 
1140 I 88289749 1504 
1141 I 88289823 1504 
1142 I 88289930 1504 
1143 I 88337769 1504 
1144 I 88337893 1504 
1145 I 88338108 1504 
1146 I 88349728 1504 
1147 I 88349849 1504 
1148 I 88349971 1504 
1149 I 88385688 1504 
1150 I 88385806 1504 
1151 I 88397597 1504 
1152 I 88397700 1504 
1153 I 88409550 1504 
1154 I 88409789 1504 
1155 I 88434610 1504 
1156 I 88434722 1504 
1157 I 88445776 1504 
1158 I 88896040 1504 
1159 I 88896169 1504 
1160 I 88896278 1504 
1161 I 89553338 1004 
1162 I 90163405 56 
1163 I 90654541 556 
1164 I 90654675 1504 
1165 I 90654800 1504 
1166 I 90702754 1504 
1167 I 90702871 1504 
1168 I 90702990 1504 
1169 I 90750619 1504 
1170 I 90750849 1504 
1171 I 90750981 1504 
1172 I 90762838 1504 
1173 I 90762958 1504 
1174 I 90763077 1504 
1175 I 90798917 1504 
1176 I 90799046 1504 
1177 I 90799173 1504 
1178 I 90810663 1504 
1179 I 90810803 1504 
1180 I 90822644 1504 
1181 I 90822765 1504 
1182 I 90846973 1504 
1183 I 90847086 1504 
1184 I 90858625 1504 
1185 I 90858747 1504 
1186 I 90882710 1504 
1187 I 91353400 480 
1188 I 91873254 56 
1189 I 92527369 1080 
1190 I 92527479 1504 
1191 I 92527591 1504 
1192 I 92574955 1504 
1193 I 92575066 1504 
1194 I 92575177 1504 
1195 I 92622912 1504 
1196 I 92623053 1504 
1197 I 92623142 1504 
1198 I 92635381 1504 
1199 I 92635511 1504 
1200 I 92635635 1504 
1201 I 92670763 1504 
1202 I 92670923 1504 
1203 I 92683136 1504 
1204 I 92683249 1504 
1205 I 92683346 1504 
1206 I 92694867 1504 
1207 I 92694982 1504 
1208 I 92718959 1504 
1209 I 92719074 1504 
1210 I 92731134 1504 
1211 I 92856713 1504 
1212 I 93343695 1404 
1213 I 93893374 56 
1214 I 94228165 56 
1215 I 94296606 156 
1216 I 94296770 1504 
1217 I 94296885 1504 
1218 I 94344743 1504 
1219 I 94344984 1504 
1220 I 94345102 1504 
1221 I 94392695 1504 
1222 I 94392813 1504 
1223 I 94392932 1504 
1224 I 94404692 1504 
1225 I 94404810 1504 
1226 I 94404929 1504 
1227 I 94440791 1504 
1228 I 94440908 1504 
1229 I 94452682 1504 
1230 I 94452799 1504 
1231 I 94464938 1504 
1232 I 94465065 1504 
1233 I 94488644 1504 
1234 I 94488761 1504 
1235 I 94488880 1504 
1236 I 94728563 1504 
1237 I 94728680 1504 
1238 I 94728811 1504 
1239 I 95323659 1004 
1240 I 96003433 56 
1241 I 96486571 556 
1242 I 96486706 1504 
1243 I 96486839 1504 
1244 I 96534790 1504 
1245 I 96534875 1504 
1246 I 96535119 1504 
1247 I 96583187 1504 
1248 I 96583301 1504 
1249 I 96583429 1504 
1250 I 96594984 1504 
1251 I 96595121 1504 
1252 I 96595228 1504 
1253 I 96630703 1504 
1254 I 96630849 1504 
1255 I 96643625 1504 
1256 I 96643752 1504 
1257 I 96654657 1504 
1258 I 96654777 1504 
1259 I 96678872 1504 
1260 I 96678984 1504 
1261 I 96690636 1504 
1262 I 96690752 1504 
1263 I 96702752 1504 
1264 I 96714997 1504 
1265 I 97043522 480 
1266 I 97553566 56 
1267 I 98213553 56 
1268 I 98274625 1080 
1269 I 98274778 1504 
1270 I 98274894 1504 
1271 I 98323674 1504 
1272 I 98323789 1504 
1273 I 98323909 1504 
1274 I 98380241 1504 
1275 I 98380394 1504 
1276 I 98380511 1504 
1277 I 98382716 1504 
1278 I 98382839 1504 
1279 I 98382959 1504 
1280 I 98437024 1504 
1281 I 98437146 1504 
1282 I 98449064 1504 
1283 I 98449165 1504 
1284 I 98460922 1504 
1285 I 98461043 1504 
1286 I 98484777 1504 
1287 I 98484907 1504 
1288 I 98496999 1504 
1289 I 98497104 1504 
1290 I 98581776 1504 
1291 I 99053952 1404 
1292 I 99583685 56 
1293 I 100020459 156 
1294 I 100020681 1504 
1295 I 100020794 1504 
1296 I 100068741 1504 
1297 I 100068860 1504 
1298 I 100068979 1504 
1299 I 100116687 1504 
1300 I 100116808 1504 
1301 I 100117044 1504 
1302 I 100128686 1504 
1303 I 100128931 1504 
1304 I 100129032 1504 
1305 I 100164754 1504 
1306 I 100164884 1504 
1307 I 100165005 1504 
1308 I 100176652 1504 
1309 I 100176764 1504 
1310 I 100188859 1504 
1311 I 100188979 1504 
1312 I 100212768 1504 
1313 I 100212873 1504 
1314 I 100464650 1504 
1315 I 100464870 1504 
1316 I 100464987 1504 
1317 I 101013859 1004 
1318 I 101763912 56 
1319 I 102211001 556 
1320 I 102211189 1504 
1321 I 102211322 1504 
1322 I 102259619 1504 
1323 I 102259743 1504 
1324 I 102259859 1504 
1325 I 102307512 1504 
1326 I 102307615 1504 
1327 I 102307732 1504 
1328 I 102319612 1504 
1329 I 102319727 1504 
1330 I 102319844 1504 
1331 I 102355363 1504 
1332 I 102355482 1504 
1333 I 102367274 1504 
1334 I 102367395 1504 
1335 I 102379467 1504 
1336 I 102379585 1504 
1337 I 102379702 1504 
1338 I 102403461 1504 
1339 I 102403577 1504 
1340 I 102415238 1504 
1341 I 102415462 1504 
1342 I 102439458 1504 
1343 I 102964003 480 
1344 I 103513677 56 
1345 I 104293786 56 
1346 I 105813854 56 
1347 I 108833899 56 
1348 I 114390895 1080 
1349 I 114391172 1504 
1350 I 114391294 1504 
1351 I 114439627 1504 
1352 I 114439766 1504 
1353 I 114439842 1504 
1354 I 114486999 1504 
1355 I 114487122 1504 
1356 I 114487242 1504 
1357 I 114498895 1504 
1358 I 114499008 1504 
1359 I 114499144 1504 
1360 I 114534990 1504 
1361 I 114535125 1504 
1362 I 114546860 1504 
1363 I 114546978 1504 
1364 I 114559100 1504 
1365 I 114559214 1504 
1366 I 114582827 1504 
1367 I 114582955 1504 
1368 I 114583058 1504 
1369 I 114594825 1504 
1370 I 114804758 1504 
1371 I 115244527 1404 
1372 I 115784208 56 
1373 I 116136953 156 
1374 I 116137140 1504 
1375 I 116137266 1504 
1376 I 116185383 1504 
1377 I 116185502 1504 
1378 I 116185616 1504 
1379 I 116232745 1504 
1380 I 116232775 1504 
1381 I 116232976 1504 
1382 I 116244741 1504 
1383 I 116244845 1504 
1384 I 116244978 1504 
1385 I 116280696 1504 
1386 I 116280819 1504 
1387 I 116292940 1504 
1388 I 116293056 1504 
1389 I 116304699 1504 
1390 I 116304815 1504 
1391 I 116329053 1504 
1392 I 116329134 1504 
1393 I 116341010 1504 
1394 I 116568756 1504 
1395 I 116568882 1504 
1396 I 116568989 1504 
1397 I 117124428 1004 
1398 I 117356414 64 
1399 I 117377738 56 
1400 I 117395029 1418 
1401 I 117395042 56 
1402 I 117416667 56 
1403 I 117834388 56 
1404 I 118024222 56 
1405 I 118183603 64 
1406 I 118204868 56 
1407 I 118275921 914 
1408 I 118276646 61 
1409 I 118399634 56 
1410 I 118422655 1504 
1411 I 118422789 1504 
1412 I 118422973 1504 
1413 I 118483170 1504 
1414 I 118483248 1504 
1415 I 118483355 1504 
1416 I 118483565 1504 
1417 I 118531227 1504 
1418 I 118531367 1504 
1419 I 118531443 1504 
1420 I 118542731 1504 
1421 I 118542936 1504 
1422 I 118543056 1504 
1423 I 118579030 1504 
1424 I 118579159 1504 
1425 I 118579326 1504 
1426 I 118590736 1504 
1427 I 118590852 1504 
1428 I 118590977 1504 
1429 I 118603016 1504 
1430 I 118814501 56 
1431 I 119027115 236 
1432 I 119577143 56 
1433 I 120267172 56 
1434 I 120694428 56 
1435 I 121617085 56 
1436 I 123177269 56 
1437 I 124287247 56 
1438 I 124454500 56 
1439 I 127228634 64 
1440 I 127249864 56 
1441 I 127302574 914 
1442 I 127302969 61 
1443 I 129567488 56 
1444 I 131974946 56 
1445 I 140128052 56 
1446 I 143405189 276 
1447 I 144048504 56 
1448 I 144069782 56 
1449 I 147015311 56 
1450 I 151379688 56 
1451 I 157335627 64 
1452 I 157357030 56 
1453 I 157358250 287 
1454 I 157415266 285 
1455 I 157493181 286 
1456 I 157566581 287 
1457 I 157618612 286 
1458 I 157668162 286 
1459 I 157707254 286 
1460 I 157740632 287 
1461 I 157780412 286 
1462 I 157817556 286 
1463 I 159602296 56 
1464 I 159617529 1504 
1465 I 159617651 1504 
1466 I 159745754 1504 
1467 I 159745873 1504 
1468 I 159789394 436 
1469 I 159789419 1504 
1470 I 159844187 56 
1471 I 160012393 64 
1472 I 160033738 56 
1473 I 160034429 288 
1474 I 160230664 287 
1475 I 160275861 287 
1476 I 160346949 287 
1477 I 160372463 287 
1478 I 160402174 286 
1479 I 160456535 287 
1480 I 160486989 288 
1481 I 160515678 286 
1482 I 160568318 286 
1483 I 160596783 288 
1484 I 160624260 287 
1485 I 160674572 286 
1486 I 160688212 64 
1487 I 160709583 56 
1488 I 160710449 285 
1489 I 160718357 288 
1490 I 160747611 288 
1491 I 160765466 284 
1492 I 160784151 286 
1493 I 160813896 287 
1494 I 160826604 284 
1495 I 160841967 287 
1496 I 160869877 286 
1497 I 160882028 284 
1498 I 160932120 285 
1499 I 160961411 285 
1500 I 161248836 56 
1501 I 168414449 1504 
1502 I 168414641 1504 
1503 I 168536398 1504 
1504 I 168536537 1504 
1505 I 168584320 1504 
1506 I 168584461 1504 
1507 I 168584557 1504 
1508 I 168632264 1504 
1509 I 168632480 114 
1510 I 168632513 1504 
1511 I 168730499 286 
1512 I 168814492 287 
1513 I 168920168 56 
1514 I 169030719 287 
1515 I 169080491 287 
1516 I 169158606 287 
1517 I 169186765 287 
1518 I 169214466 287 
1519 I 169293363 287 
1520 I 169297593 64 
1521 I 169318843 56 
1522 I 169322023 288 
1523 I 169326850 287 
1524 I 169382389 287 
1525 I 169411001 287 
1526 I 169439316 287 
1527 I 169494434 287 
1528 I 169522975 287 
1529 I 169551842 287 
1530 I 169606377 287 
1531 I 169633768 287 
1532 I 169654913 286 
1533 I 169675824 287 
1534 I 169696875 286 
1535 I 169717486 287 
1536 I 169760369 287 
1537 I 169801893 287 
1538 I 169811298 56 
1539 I 169811439 286 
1540 I 169842645 56 
1541 I 169945276 286 
1542 I 170019575 56 
1543 I 170032670 286 
1544 I 170033964 287 
1545 I 170076842 287 
1546 I 170098331 286 
1547 I 170118088 287 
1548 I 170160315 287 
1549 I 170181491 286 
1550 I 170202363 287 
1551 I 170241617 287 
1552 I 170250716 1128 
1553 I 170275952 287 
1554 I 170291103 56 
1555 I 170487183 286 
1556 I 174371055 56 
1557 I 174374837 1504 
1558 I 174374899 1504 
1559 I 174496561 1504 
1560 I 174496787 1504 
1561 I 174544267 1504 
1562 I 174544343 1504 
1563 I 174544424 1504 
1564 I 174591974 1504 
1565 I 174592109 1504 
1566 I 174592289 1504 
1567 I 174592586 159 
1568 I 174651726 56 
1569 I 174791776 287 
1570 I 175029372 56 
1571 I 175066150 913 
1572 I 175066477 61 
1573 I 175210515 56 
1574 I 175228502 1504 
1575 I 175228615 1504 
1576 I 175228757 1504 
1577 I 175287955 1504 
1578 I 175288074 1504 
1579 I 175288193 1504 
1580 I 175288335 1504 
1581 I 175336078 1504 
1582 I 175336200 1504 
1583 I 175336335 1504 
1584 I 175353932 1504 
1585 I 175354056 1504 
1586 I 175354167 1504 
1587 I 175389773 1504 
1588 I 175389905 1504 
1589 I 175390005 1504 
1590 I 175431870 1504 
1591 I 175431966 1504 
1592 I 175432084 1504 
1593 I 175443997 1504 
1594 I 175545880 1504 
1595 I 175546005 1504 
1596 I 175546115 1504 
1597 I 175546234 1504 
1598 I 175546352 1504 
1599 I 175546456 1504 
1600 I 175546588 1504 
1601 I 175546699 1504 
1602 I 175546805 1504 
1603 I 175655166 64 
1604 I 175676482 56 
1605 I 175681291 1504 
1606 I 175681403 1504 
1607 I 175774670 64 
1608 I 175795978 56 
1609 I 175797468 287 
1610 I 175806630 1504 
1611 I 175806743 1504 
1612 I 175839116 286 
1613 I 175849517 1504 
1614 I 175849729 1504 
1615 I 175855048 1504 
1616 I 175855267 1504 
1617 I 175855407 1504 
1618 I 175885803 1504 
1619 I 175885921 1504 
1620 I 175890372 1504 
1621 I 175890452 1504 
1622 I 175890562 1504 
1623 I 175894029 1504 
1624 I 175894159 1504 
1625 I 175894281 1504 
1626 I 175925762 1504 
1627 I 175925946 1504 
1628 I 175926082 1504 
1629 I 175929778 1504 
1630 I 175929920 1504 
1631 I 175930157 1504 
1632 I 175934200 1504 
1633 I 175934343 1504 
1634 I 175938114 1504 
1635 I 175938238 1504 
1636 I 175938267 1504 
1637 I 175961983 1504 
1638 I 175962134 1504 
1639 I 175962215 1504 
1640 I 175966205 1504 
1641 I 175966361 1504 
1642 I 175966456 1504 
1643 I 175969829 1504 
1644 I 175970024 1504 
1645 I 175970127 1504 
1646 I 175973994 1504 
1647 I 175974108 1504 
1648 I 175974203 1504 
1649 I 175978131 1504 
1650 I 175978321 1504 
1651 I 175978452 1504 
1652 I 175979208 1504 
1653 I 175981771 1504 
1654 I 175981816 1504 
1655 I 175981958 1504 
1656 I 175997790 1504 
1657 I 175997936 1504 
1658 I 175998187 1504 
1659 I 176001810 1504 
1660 I 176002001 1504 
1661 I 176002039 1504 
1662 I 176008189 1504 
1663 I 176008416 1504 
1664 I 176008550 1504 
1665 I 176014103 1504 
1666 I 176014326 1504 
1667 I 176014541 1504 
1668 I 176027838 1504 
1669 I 176028052 1504 
1670 I 176306055 1504 
1671 I 176344269 1504 
1672 I 176344408 1504 
1673 I 176381981 1504 
1674 I 176382083 1504 
1675 I 176382204 1504 
1676 I 176419920 1504 
1677 I 176420026 1504 
1678 I 176420180 1504 
1679 I 176455920 1504 
1680 I 176456046 1504 
1681 I 176456157 1504 
1682 I 176490172 1504 
1683 I 176490385 1504 
1684 I 176490434 1504 
1685 I 176494126 1504 
1686 I 176494267 1504 
1687 I 176525752 1504 
1688 I 176525868 1504 
1689 I 176525980 1504 
1690 I 176529741 1504 
1691 I 176529919 1504 
1692 I 176530016 1504 
1693 I 176533877 1504 
1694 I 176533995 1504 
1695 I 176534108 1504 
1696 I 176561808 1504 
1697 I 176561952 1504 
1698 I 176562039 1504 
1699 I 176565939 1504 
1700 I 176566060 1504 
1701 I 176566177 1504 
1702 I 176570141 1504 
1703 I 176570251 1504 
1704 I 176570382 1504 
1705 I 176573986 1504 
1706 I 176574094 1504 
1707 I 176598319 1504 
1708 I 176598423 1504 
1709 I 176601779 1504 
1710 I 176601947 1504 
1711 I 176606185 1504 
1712 I 176606312 1504 
1713 I 176612140 1504 
1714 I 176612237 1504 
1715 I 176615967 1504 
1716 I 176616083 1504 
1717 I 176619856 1504 
1718 I 176620042 1504 
1719 I 176635808 1504 
1720 I 176635914 1504 
1721 I 176643953 1504 
1722 I 176644037 1504 
1723 I 176647805 1504 
1724 I 176647927 1504 
1725 I 176656048 1504 
1726 I 176788570 1504 
1727 I 176788707 1504 
1728 I 176788807 1504 
1729 I 176788860 1504 
1730 I 176789110 1504 
1731 I 176789229 1504 
1732 I 176789346 1504 
1733 I 176789481 1504 
1734 I 176789622 1504 
1735 I 176789727 1504 
1736 I 176789810 1504 
1737 I 176789953 1504 
1738 I 176827668 1504 
1739 I 176827813 1504 
1740 I 176833758 1504 
1741 I 176833903 1504 
1742 I 176834087 1504 
1743 I 176839535 1504 
1744 I 176839677 1504 
1745 I 176859261 1504 
1746 I 177096565 56 
1747 I 177116123 1504 
1748 I 177281037 1504 
1749 I 177281180 1504 
1750 I 177328821 1504 
1751 I 177328938 1504 
1752 I 177329116 1504 
1753 I 177377171 1504 
1754 I 177377281 1504 
1755 I 177377406 1504 
1756 I 177389050 1504 
1757 I 177389161 1504 
1758 I 177389274 1504 
1759 I 177876342 968 
1760 I 178445748 56 
1761 I 178504852 592 
1762 I 178619232 1504 
1763 I 178630866 1504 
1764 I 178630940 1504 
1765 I 178631095 1504 
1766 I 178678880 1504 
1767 I 178679041 1504 
1768 I 178679196 1504 
1769 I 178726794 1504 
1770 I 178726934 1504 
1771 I 178727045 1504 
1772 I 178738846 1504 
1773 I 178738928 1504 
1774 I 178739112 1504 
1775 I 178774973 1504 
1776 I 178775149 1504 
1777 I 178775253 1504 
1778 I 178787994 1504 
1779 I 178788122 1504 
1780 I 178798997 1504 
1781 I 178799079 1504 
1782 I 178822988 1504 
1783 I 178823111 1504 
1784 I 178834856 1504 
1785 I 179175837 432 
1786 I 179685800 56 
1787 I 180268939 1128 
1788 I 180382880 1504 
1789 I 180383008 1504 
1790 I 180383237 1504 
1791 I 180436894 1504 
1792 I 180437102 1504 
1793 I 180437212 1504 
1794 I 180485099 1504 
1795 I 180485217 1504 
1796 I 180485318 1504 
1797 I 180496836 1504 
1798 I 180496988 1504 
1799 I 180497119 1504 
1800 I 180533019 1504 
1801 I 180533150 1504 
1802 I 180533329 1504 
1803 I 180544883 1504 
1804 I 180545001 1504 
1805 I 180558143 1504 
1806 I 180558226 1504 
1807 I 180580793 1504 
1808 I 180580935 1504 
1809 I 181096168 1344 
1810 I 181616119 56 
1811 I 182139452 1504 
1812 I 182249241 216 
1813 I 182263733 1504 
1814 I 182263862 1504 
1815 I 182309378 1504 
1816 I 182309489 1504 
1817 I 182309623 1504 
1818 I 182358002 1504 
1819 I 182358086 1504 
1820 I 182358225 1504 
1821 I 182369704 1504 
1822 I 182369829 1504 
1823 I 182369943 1504 
1824 I 182405439 1504 
1825 I 182405669 1504 
1826 I 182405762 1504 
1827 I 182417494 1504 
1828 I 182417657 1504 
1829 I 182429978 1504 
1830 I 182430110 1504 
1831 I 182453457 1504 
1832 I 182453580 1504 
1833 I 182465537 1504 
1834 I 182465609 1504 
1835 I 182995972 808 
1836 I 183526027 56 
1837 I 184007572 752 
1838 I 184133453 1504 
1839 I 184133547 1504 
1840 I 184133680 1504 
1841 I 184181510 1504 
1842 I 184181648 1504 
1843 I 184181782 1504 
1844 I 184229428 1504 
1845 I 184229540 1504 
1846 I 184229688 1504 
1847 I 184247389 1504 
1848 I 184247515 1504 
1849 I 184247725 1504 
1850 I 184283005 1504 
1851 I 184283123 1504 
1852 I 184283210 1504 
1853 I 184295429 1504 
1854 I 184295550 1504 
1855 I 184307323 1504 
1856 I 184307439 1504 
1857 I 184331197 1504 
1858 I 184331337 1504 
1859 I 184331497 1504 
1860 I 184686012 272 
1861 I 185196350 56 
1862 I 185771168 1288 
1863 I 185879440 1504 
1864 I 185879549 1504 
1865 I 185879735 1504 
1866 I 185927165 1504 
1867 I 185927311 1504 
1868 I 185927417 1504 
1869 I 185975214 1504 
1870 I 185975390 1504 
1871 I 185975536 1504 
1872 I 185987260 1504 
1873 I 185987344 1504 
1874 I 185987474 1504 
1875 I 186029267 1504 
1876 I 186029350 1504 
1877 I 186029475 1504 
1878 I 186041314 1504 
1879 I 186041433 1504 
1880 I 186053192 1504 
1881 I 186053313 1504 
1882 I 186077371 1504 
1883 I 186077511 1504 
1884 I 186596206 1184 
1885 I 187106037 56 
1886 I 187779547 376 
1887 I 187791387 1504 
1888 I 187791517 1504 
1889 I 187839273 1504 
1890 I 187839370 1504 
1891 I 187839536 1504 
1892 I 187887252 1504 
1893 I 187887385 1504 
1894 I 187887443 1504 
1895 I 187899478 1504 
1896 I 187899580 1504 
1897 I 187899665 1504 
1898 I 187935402 1504 
1899 I 187935491 1504 
1900 I 187935640 1504 
1901 I 187947215 1504 
1902 I 187947336 1504 
1903 I 187959612 1504 
1904 I 187959679 1504 
1905 I 187983619 1504 
1906 I 187983724 1504 
1907 I 187983798 1504 
1908 I 187995615 1504 
1909 I 188496205 648 
1910 I 189006073 56 
1911 I 189179695 1504 
1912 I 189507036 912 
1913 I 189621443 1504 
1914 I 189621605 1504 
1915 I 189621676 1504 
1916 I 189669627 1504 
1917 I 189669719 1504 
1918 I 189669844 1504 
1919 I 189717363 1504 
1920 I 189717519 1504 
1921 I 189717636 1504 
1922 I 189729238 1504 
1923 I 189729357 1504 
1924 I 189729504 1504 
1925 I 189765349 1504 
1926 I 189765473 1504 
1927 I 189765641 1504 
1928 I 189777337 1504 
1929 I 189777479 1504 
1930 I 189789199 1504 
1931 I 189789338 1504 
1932 I 189813449 1504 
1933 I 189813575 1504 
1934 I 189825251 1504 
1935 I 190166092 112 
1936 I 190696160 56 
1937 I 191376150 56 
1938 I 191379218 1448 
1939 I 191391263 1504 
1940 I 191391384 1504 
1941 I 191439984 1504 
1942 I 191440087 1504 
1943 I 191440223 1504 
1944 I 191487774 1504 
1945 I 191487861 1504 
1946 I 191487999 1504 
1947 I 191499582 1504 
1948 I 191499680 1504 
1949 I 191499860 1504 
1950 I 191535445 1504 
1951 I 191535583 1504 
1952 I 191535700 1504 
1953 I 191547280 1504 
1954 I 191547387 1504 
1955 I 191559368 1504 
1956 I 191559480 1504 
1957 I 191583359 1504 
1958 I 191583452 1504 
1959 I 191583571 1504 
1960 I 191936347 1024 
1961 I 192352155 56 
1962 I 192373290 56 
1963 I 192386538 56 
1964 I 193046268 56 
1965 I 193245501 536 
1966 I 193257173 1504 
1967 I 193257277 1504 
1968 I 193305491 1504 
1969 I 193305605 1504 
1970 I 193305739 1504 
1971 I 193353804 1504 
1972 I 193353922 1504 
1973 I 193354062 1504 
1974 I 193365208 1504 
1975 I 193365342 1504 
1976 I 193365447 1504 
1977 I 193401630 1504 
1978 I 193401781 1504 
1979 I 193401863 1504 
1980 I 193413296 1504 
1981 I 193413400 1504 
1982 I 193425479 1504 
1983 I 193425594 1504 
1984 I 193455423 1504 
1985 I 193455608 1504 
1986 I 193467502 1504 
1987 I 193467621 1504 
1988 I 193986225 488 
1989 I 194536196 56 
1990 I 195009652 1072 
1991 I 195117848 1504 
1992 I 195117968 1504 
1993 I 195118067 1504 
1994 I 195165404 1504 
1995 I 195165489 1504 
1996 I 195165718 1504 
1997 I 195213501 1504 
1998 I 195213628 1504 
1999 I 195213763 1504 
2000 I 195225416 1504 
2001 I 195225516 1504 
2002 I 195225631 1504 
2003 I 195261656 1504 
2004 I 195261784 1504 
2005 I 195261878 1504 
2006 I 195273284 1504 
2007 I 195273376 1504 
2008 I 195285645 1504 
2009 I 195285768 1504 
2010 I 195285874 1504 
2011 I 195309455 1504 
2012 I 195786609 1400 
2013 I 196316306 56 
2014 I 196875276 160 
2015 I 196989229 1504 
2016 I 196989473 1504 
2017 I 196989577 1504 
2018 I 197037366 1504 
2019 I 197037469 1504 
2020 I 197037613 1504 
2021 I 197085260 1504 
2022 I 197085386 1504 
2023 I 197085498 1504 
2024 I 197098122 1504 
2025 I 197098223 1504 
2026 I 197098344 1504 
2027 I 197133355 1504 
2028 I 197133516 1504 
2029 I 197133605 1504 
2030 I 197145605 1504 
2031 I 197145739 1504 
2032 I 197157645 1504 
2033 I 197157688 1504 
2034 I 197181470 1504 
2035 I 197181629 1504 
2036 I 197193496 1504 
2037 I 197536502 864 
2038 I 197986344 56 
2039 I 198646488 56 
2040 I 198747480 696 
2041 I 198760255 1504 
2042 I 198760389 1504 
2043 I 198807652 1504 
2044 I 198807789 1504 
2045 I 198807904 1504 
2046 I 198855470 1504 
2047 I 198855584 1504 
2048 I 198855708 1504 
2049 I 198867582 1504 
2050 I 198867699 1504 
2051 I 198867867 1504 
2052 I 198903295 1504 
2053 I 198903428 1504 
2054 I 198903535 1504 
2055 I 198915549 1504 
2056 I 198915656 1504 
2057 I 198927399 1504 
2058 I 198927507 1504 
2059 I 198951581 1504 
2060 I 198951672 1504 
2061 I 198951788 1504 
2062 I 198963687 1504 
2063 I 199486394 328 
2064 I 200056530 56 
2065 I 200619121 1232 
2066 I 200631306 1504 
2067 I 200631455 1504 
2068 I 200679439 1504 
2069 I 200679556 1504 
2070 I 200679680 1504 
2071 I 200728230 1504 
2072 I 200728316 1504 
2073 I 200728411 1504 
2074 I 200739461 1504 
2075 I 200739610 1504 
2076 I 200739730 1504 
2077 I 200775703 1504 
2078 I 200775807 1504 
2079 I 200775983 1504 
2080 I 200787764 1504 
2081 I 200787880 1504 
2082 I 200799409 1504 
2083 I 200799516 1504 
2084 I 200823417 1504 
2085 I 200823545 1504 
2086 I 200835544 1504 
2087 I 201177473 1240 
2088 I 201696642 56 
2089 I 202376490 56 
2090 I 202377736 320 
2091 I 202485470 1504 
2092 I 202485578 1504 
2093 I 202485707 1504 
2094 I 202533209 1504 
2095 I 202533453 1504 
2096 I 202533542 1504 
2097 I 202581308 1504 
2098 I 202581445 1504 
2099 I 202581632 1504 
2100 I 202593396 1504 
2101 I 202593567 1504 
2102 I 202593695 1504 
2103 I 202629349 1504 
2104 I 202629473 1504 
2105 I 202629584 1504 
2106 I 202641840 1504 
2107 I 202641977 1504 
2108 I 202653368 1504 
2109 I 202653460 1504 
2110 I 202683240 1504 
2111 I 202683352 1504 
2112 I 202683534 1504 
2113 I 203036632 704 
2114 I 203260305 1504 
2115 I 203490611 56 
2116 I 203596483 56 
2117 I 204243636 856 
2118 I 204255263 1504 
2119 I 204255413 1504 
2120 I 204303247 1504 
2121 I 204303379 1504 
2122 I 204303491 1504 
2123 I 204351316 1504 
2124 I 204351445 1504 
2125 I 204351569 1504 
2126 I 204363642 1504 
2127 I 204363752 1504 
2128 I 204363845 1504 
2129 I 204399229 1504 
2130 I 204399406 1504 
2131 I 204399543 1504 
2132 I 204411964 1504 
2133 I 204412054 1504 
2134 I 204423335 1504 
2135 I 204423463 1504 
2136 I 204447193 1504 
2137 I 204447288 1504 
2138 I 204459876 1504 
2139 I 204459994 1504 
2140 I 204997212 168 
2141 I 205526775 56 
2142 I 206115356 1392 
2143 I 206235315 1504 
2144 I 206235446 1504 
2145 I 206235607 1504 
2146 I 206283181 1504 
2147 I 206283295 1504 
2148 I 206283438 1504 
2149 I 206331293 1504 
2150 I 206331417 1504 
2151 I 206331533 1504 
2152 I 206343639 1504 
2153 I 206343741 1504 
2154 I 206343808 1504 
2155 I 206379429 1504 
2156 I 206379568 1504 
2157 I 206379649 1504 
2158 I 206391267 1504 
2159 I 206391389 1504 
2160 I 206403434 1504 
2161 I 206403554 1504 
2162 I 206403659 1504 
2163 I 206427413 1504 
2164 I 206886699 1080 
2165 I 207396731 56 
2166 I 207873155 480 
2167 I 207987343 1504 
2168 I 207987434 1504 
2169 I 207987590 1504 
2170 I 208035095 1504 
2171 I 208035365 1504 
2172 I 208035471 1504 
2173 I 208083312 1504 
2174 I 208083459 1504 
2175 I 208083583 1504 
2176 I 208103079 1504 
2177 I 208103255 1504 
2178 I 208103325 1504 
2179 I 208131120 1504 
2180 I 208131239 1504 
2181 I 208131356 1504 
2182 I 208149374 1504 
2183 I 208149475 1504 
2184 I 208163110 1504 
2185 I 208163235 1504 
2186 I 208180069 1504 
2187 I 208180226 1504 
2188 I 208197290 1504 
2189 I 208536694 544 
2190 I 209096553 56 
2191 I 209746102 1016 
2192 I 209758232 1504 
2193 I 209758345 1504 
2194 I 209806597 1504 
2195 I 209806725 1504 
2196 I 209806877 1504 
2197 I 209854354 1504 
2198 I 209854486 1504 
2199 I 209854621 1504 
2200 I 209866597 1504 
2201 I 209866746 1504 
2202 I 209866856 1504 
2203 I 209902638 1504 
2204 I 209902730 1504 
2205 I 209902853 1504 
2206 I 209914329 1504 
2207 I 209914460 1504 
2208 I 209926290 1504 
2209 I 209926375 1504 
2210 I 209950336 1504 
2211 I 209950493 1504 
2212 I 209950603 1504 
2213 I 210306958 1456 
2214 I 210786734 56 
2215 I 211436797 56 
2216 I 211612118 104 
2217 I 211732424 1504 
2218 I 211732482 1504 
2219 I 211732566 1504 
2220 I 211780370 1504 
2221 I 211780481 1504 
2222 I 211780617 1504 
2223 I 211828944 1504 
2224 I 211829064 1504 
2225 I 211829213 1504 
2226 I 211840194 1504 
2227 I 211840320 1504 
2228 I 211840552 1504 
2229 I 211876445 1504 
2230 I 211876518 1504 
2231 I 211876633 1504 
2232 I 211888255 1504 
2233 I 211888367 1504 
2234 I 211900438 1504 
2235 I 211900493 1504 
2236 I 211924310 1504 
2237 I 211924500 1504 
2238 I 211936374 1504 
2239 I 212276879 920 
2240 I 212776959 56 
2241 I 213484442 640 
2242 I 213484618 1504 
2243 I 213484733 1504 
2244 I 213532570 1504 
2245 I 213532804 1504 
2246 I 213532935 1504 
2247 I 213580357 1504 
2248 I 213580447 1504 
2249 I 213580587 1504 
2250 I 213592464 1504 
2251 I 213592547 1504 
2252 I 213592633 1504 
2253 I 213628524 1504 
2254 I 213628582 1504 
2255 I 213628693 1504 
2256 I 213640339 1504 
2257 I 213640470 1504 
2258 I 213652493 1504 
2259 I 213652596 1504 
2260 I 213676319 1504 
2261 I 213676429 1504 
2262 I 213676550 1504 
2263 I 213688465 1504 
2264 I 214186967 384 
2265 I 214716906 56 
2266 I 215242319 1176 
2267 I 215907662 396 
2268 I 216516745 56 
2269 I 217114561 1164 
2270 I 217114713 1504 
2271 I 217114845 1504 
2272 I 217162391 1504 
2273 I 217162541 1504 
2274 I 217162651 1504 
2275 I 217210405 1504 
2276 I 217210498 1504 
2277 I 217210571 1504 
2278 I 217222344 1504 
2279 I 217222452 1504 
2280 I 217222541 1504 
2281 I 217258487 1504 
2282 I 217258620 1504 
2283 I 217258738 1504 
2284 I 217270370 1504 
2285 I 217270529 1504 
2286 I 217282531 1504 
2287 I 217282646 1504 
2288 I 217306486 1504 
2289 I 217306579 1504 
2290 I 217318365 1504 
2291 I 217318568 1504 
2292 I 217787077 1320 
2293 I 218326799 56 
2294 I 218986266 240 
2295 I 218986526 1504 
2296 I 218986630 1504 
2297 I 219034431 1504 
2298 I 219034605 1504 
2299 I 219034668 1504 
2300 I 219082338 1504 
2301 I 219082463 1504 
2302 I 219082619 1504 
2303 I 219094922 1504 
2304 I 219095110 1504 
2305 I 219095237 1504 
2306 I 219130421 1504 
2307 I 219130553 1504 
2308 I 219130680 1504 
2309 I 219142525 1504 
2310 I 219142687 1504 
2311 I 219154456 1504 
2312 I 219154612 1504 
2313 I 219154688 1504 
2314 I 219178355 1504 
2315 I 219178566 1504 
2316 I 219190365 1504 
2317 I 219190531 1504 
2318 I 219527057 796 
2319 I 219532313 764 
2320 I 219532443 1504 
2321 I 219532650 1504 
2322 I 219574380 1504 
2323 I 220087089 968 
2324 I 220627052 56 
2325 I 220966294 592 
2326 I 220966498 1504 
2327 I 220966612 1504 
2328 I 221014391 1504 
2329 I 221014543 1504 
2330 I 221014678 1504 
2331 I 221062379 1504 
2332 I 221062504 1504 
2333 I 221062600 1504 
2334 I 221074257 1504 
2335 I 221074419 1504 
2336 I 221074554 1504 
2337 I 221110289 1504 
2338 I 221110436 1504 
2339 I 221110582 1504 
2340 I 221122566 1504 
2341 I 221122643 1504 
2342 I 221134414 1504 
2343 I 221134565 1504 
2344 I 221163358 1504 
2345 I 221163501 1504 
2346 I 221188469 1504 
2347 I 221188661 1504 
2348 I 221404701 1504 
2349 I 221907099 444 
2350 I 222407348 56 
2351 I 222832453 1116 
2352 I 222832612 1504 
2353 I 222832731 1504 
2354 I 222880372 1504 
2355 I 222880495 1504 
2356 I 222880621 1504 
2357 I 222928514 1504 
2358 I 222928662 1504 
2359 I 222928812 1504 
2360 I 222940782 1504 
2361 I 222940929 1504 
2362 I 222941085 1504 
2363 I 222976461 1504 
2364 I 222976581 1504 
2365 I 222976693 1504 
2366 I 222988519 1504 
2367 I 222988600 1504 
2368 I 223000323 1504 
2369 I 223000427 1504 
2370 I 223024444 1504 
2371 I 223024587 1504 
2372 I 223162351 1504 
2373 I 223162465 1504 
2374 I 223162580 1504 
2375 I 223737300 1004 
2376 I 224427163 56 
2377 I 225034439 556 
2378 I 225034578 1504 
2379 I 225034701 1504 
2380 I 225082436 1504 
2381 I 225082569 1504 
2382 I 225082722 1504 
2383 I 225130242 1504 
2384 I 225130318 1504 
2385 I 225130461 1504 
2386 I 225142373 1504 
2387 I 225142514 1504 
2388 I 225142675 1504 
2389 I 225178559 1504 
2390 I 225178677 1504 
2391 I 225178775 1504 
2392 I 225190452 1504 
2393 I 225190571 1504 
2394 I 225202486 1504 
2395 I 225202630 1504 
2396 I 225226339 1504 
2397 I 225226481 1504 
2398 I 225238656 1504 
2399 I 225238784 1504 
2400 I 225262339 1504 
2401 I 225807204 480 
2402 I 226307128 56 
2403 I 226792336 1080 
2404 I 226792564 1504 
2405 I 226792676 1504 
2406 I 226840366 1504 
2407 I 226840482 1504 
2408 I 226840629 1504 
2409 I 226888393 1504 
2410 I 226888587 1504 
2411 I 226888766 1504 
2412 I 226900674 1504 
2413 I 226900798 1504 
2414 I 226900972 1504 
2415 I 226936424 1504 
2416 I 226936566 1504 
2417 I 226936744 1504 
2418 I 226948273 1504 
2419 I 226948407 1504 
2420 I 226960384 1504 
2421 I 226960550 1504 
2422 I 226984748 1504 
2423 I 226984862 1504 
2424 I 226996397 1504 
2425 I 227236554 1504 
2426 I 227787393 1404 
2427 I 228337297 56 
2428 I 228562232 156 
2429 I 228562397 1504 
2430 I 228562486 1504 
2431 I 228610224 1504 
2432 I 228610309 1504 
2433 I 228610459 1504 
2434 I 228658502 1504 
2435 I 228658614 1504 
2436 I 228658768 1504 
2437 I 228670726 1504 
2438 I 228670852 1504 
2439 I 228670917 1504 
2440 I 228706944 1504 
2441 I 228707016 1504 
2442 I 228707125 1504 
2443 I 228719030 1504 
2444 I 228719151 1504 
2445 I 228730409 1504 
2446 I 228730581 1504 
2447 I 228754705 1504 
2448 I 228754791 1504 
2449 I 228994412 1504 
2450 I 228994476 1504 
2451 I 228994604 1504 
2452 I 229537534 1004 
2453 I 230277244 56 
2454 I 230753749 556 
2455 I 230753954 1504 
2456 I 230754038 1504 
2457 I 230801926 1504 
2458 I 230802046 1504 
2459 I 230802177 1504 
2460 I 230849774 1504 
2461 I 230849895 1504 
2462 I 230850041 1504 
2463 I 230861906 1504 
2464 I 230862008 1504 
2465 I 230862277 1504 
2466 I 230897724 1504 
2467 I 230897881 1504 
2468 I 230897967 1504 
2469 I 230909846 1504 
2470 I 230909936 1504 
2471 I 230922600 1504 
2472 I 230922783 1504 
2473 I 230945819 1504 
2474 I 230945938 1504 
2475 I 230957788 1504 
2476 I 230957953 1504 
2477 I 231083944 1504 
2478 I 231421664 1504 
2479 I 231587386 480 
2480 I 232157246 56 
2481 I 232625692 1080 
2482 I 232625875 1504 
2483 I 232626097 1504 
2484 I 232674252 1504 
2485 I 232674370 1504 
2486 I 232674502 1504 
2487 I 232721783 1504 
2488 I 232721893 1504 
2489 I 232722038 1504 
2490 I 232734375 1504 
2491 I 232734521 1504 
2492 I 232734656 1504 
2493 I 232769891 1504 
2494 I 232770035 1504 
2495 I 232770156 1504 
2496 I 232781920 1504 
2497 I 232782077 1504 
2498 I 232793799 1504 
2499 I 232793887 1504 
2500 I 232817983 1504 
2501 I 232818140 1504 
2502 I 232853807 1504 
2503 I 232853947 1504 
2504 I 232854161 1504 
2505 I 233387819 1004 
2506 I 233967320 56 
2507 I 234713697 556 
2508 I 234713969 1504 
2509 I 234714081 1504 
2510 I 234761845 1504 
2511 I 234762054 1504 
2512 I 234762200 1504 
2513 I 234809967 1504 
2514 I 234810076 1504 
2515 I 234810178 1504 
2516 I 234822251 1504 
2517 I 234822328 1504 
2518 I 234822480 1504 
2519 I 234858041 1504 
2520 I 234858192 1504 
2521 I 234858308 1504 
2522 I 234870034 1504 
2523 I 234870186 1504 
2524 I 234882021 1504 
2525 I 234882144 1504 
2526 I 234911924 1504 
2527 I 234912039 1504 
2528 I 234924193 1504 
2529 I 234924312 1504 
2530 I 235043932 1504 
2531 I 235627552 480 
2532 I 236117493 56 
2533 I 236255825 1080 
2534 I 236256035 1504 
2535 I 236256107 1504 
2536 I 236303956 1504 
2537 I 236304125 1504 
2538 I 236304248 1504 
2539 I 236351970 1504 
2540 I 236352062 1504 
2541 I 236352273 1504 
2542 I 236363965 1504 
2543 I 236364095 1504 
2544 I 236364205 1504 
2545 I 236399922 1504 
2546 I 236400095 1504 
2547 I 236400251 1504 
2548 I 236411873 1504 
2549 I 236412042 1504 
2550 I 236423897 1504 
2551 I 236424045 1504 
2552 I 236447933 1504 
2553 I 236448007 1504 
2554 I 236801908 1504 
2555 I 236802028 1504 
2556 I 236802158 1504 
