0 I 0 44 
1 I 191440 44 
2 I 12174195 44 
3 I 12174281 44 
4 I 30805753 52 
5 I 31061499 44 
6 I 31204088 556 
7 I 31204446 1261 
8 I 32003033 1504 
9 I 32384987 1504 
10 I 32556774 1504 
11 I 33416890 1504 
12 I 34123386 1504 
13 I 34623879 1504 
14 I 34699403 1504 
15 I 35263443 1504 
16 I 35811960 1504 
17 I 35952424 1504 
18 I 36151248 44 
19 I 44514380 44 
20 I 44679299 44 
21 I 52786100 44 
22 I 52786230 44 
23 I 66910706 52 
24 I 67154471 44 
25 I 67352534 556 
26 I 67352693 1261 
27 I 68049436 1504 
28 I 68713794 1504 
29 I 68950805 1504 
30 I 69620359 1504 
31 I 70085362 1504 
32 I 70594816 1504 
33 I 70764572 1504 
34 I 70936418 1504 
35 I 71124072 1504 
36 I 71311466 1504 
37 I 71623942 1504 
38 I 71811301 1504 
39 I 71999417 1504 
40 I 72186476 1504 
41 I 72373987 1504 
42 I 72545754 1504 
43 I 72717613 1504 
44 I 72794065 1504 
45 I 72905306 1504 
46 I 73045685 1504 
47 I 73218727 1504 
48 I 73405020 1504 
49 I 73592570 1504 
50 I 73764865 1504 
51 I 74061302 1504 
52 I 74236208 1504 
53 I 74420786 1504 
54 I 74592180 1504 
55 I 74655897 1504 
56 I 75702096 1504 
57 I 75889190 1504 
58 I 75983675 1504 
59 I 76170646 1504 
60 I 76358132 1504 
61 I 76545641 1504 
62 I 76717651 1504 
63 I 76904973 1504 
64 I 77079301 1504 
65 I 77264224 1504 
66 I 77389465 1504 
67 I 77547508 1504 
68 I 77827023 1504 
69 I 78045632 1504 
70 I 78748788 1504 
71 I 78935816 1504 
72 I 78952674 1504 
73 I 79123626 1504 
74 I 79311123 1504 
75 I 79491540 1504 
76 I 79842582 1504 
77 I 80203716 1504 
78 I 80358102 1504 
79 I 80530067 1504 
80 I 80670795 1504 
81 I 80717473 1504 
82 I 80904876 1504 
83 I 81076834 1504 
84 I 81264375 1504 
85 I 81436181 1504 
86 I 81436923 1504 
87 I 81519508 1504 
88 I 81623539 1504 
89 I 81764346 1504 
90 I 81951727 1504 
91 I 82295549 1504 
92 I 82482897 1504 
93 I 82654944 1504 
94 I 82842415 1504 
95 I 83029754 1504 
96 I 83170521 1504 
97 I 83529985 1504 
98 I 83717414 1504 
99 I 83905506 1504 
100 I 84092369 1504 
101 I 84267520 1504 
102 I 84607127 1504 
103 I 84764174 1504 
104 I 84951657 1504 
105 I 85123962 1504 
106 I 85311162 1504 
107 I 85498519 1504 
108 I 85686343 1504 
109 I 85857770 1504 
110 I 85986601 1504 
111 I 86186151 1504 
112 I 86343715 1504 
113 I 86515849 1504 
114 I 86701644 1504 
115 I 86904731 1504 
116 I 87273567 1504 
117 I 87404855 1504 
118 I 87480520 1504 
119 I 87576625 1504 
120 I 87765316 1504 
121 I 87936110 1504 
122 I 88124123 1504 
123 I 88311064 1504 
124 I 88482887 1504 
125 I 88654998 1504 
126 I 88795794 1504 
127 I 88982917 1504 
128 I 89154868 1504 
129 I 89342494 1504 
130 I 89430502 1504 
131 I 89463804 1045 
132 I 89545366 1504 
133 I 89709517 1504 
134 I 89889154 1504 
135 I 90076494 1504 
136 I 90186048 1504 
137 I 90258695 1504 
138 I 90561039 1504 
139 I 90748616 1504 
140 I 90935994 1504 
141 I 91116534 1504 
142 I 91299547 1504 
143 I 91482690 1504 
144 I 91592273 1504 
145 I 91951654 1504 
146 I 92139080 1504 
147 I 92328577 1504 
148 I 92514078 1504 
149 I 92649756 1110 
150 I 92686016 1504 
151 I 92875883 1504 
152 I 93170261 1504 
153 I 93342203 1504 
154 I 93545248 1504 
155 I 93716882 1504 
156 I 93951456 1504 
157 I 94138951 1504 
158 I 94310910 1504 
159 I 94560957 1504 
160 I 94732741 1504 
161 I 94920290 1504 
162 I 95092475 1504 
163 I 95279550 1504 
164 I 95451707 1504 
165 I 95571531 1504 
166 I 95654673 1504 
167 I 95826390 1504 
168 I 95967134 1504 
169 I 96126808 1504 
170 I 96311092 1504 
171 I 96498491 1504 
172 I 96685940 1504 
173 I 96873453 1504 
174 I 97060751 1504 
175 I 97248144 1504 
176 I 97342188 1504 
177 I 97529547 1504 
178 I 97717265 1504 
179 I 97836635 1504 
180 I 97904623 1504 
181 I 98076450 1504 
182 I 98264205 1504 
183 I 98451495 1504 
184 I 98623098 1504 
185 I 98748275 1504 
186 I 98935809 1504 
187 I 99092071 1504 
188 I 99295076 1504 
189 I 99467070 1504 
190 I 99654880 1504 
191 I 99826377 1504 
192 I 100013835 1504 
193 I 100154526 1504 
194 I 100341934 1504 
195 I 100514687 1504 
196 I 100763952 1504 
197 I 100935763 1504 
198 I 101123598 1504 
199 I 101467233 1504 
200 I 101568817 1504 
201 I 101654543 1504 
202 I 101904665 1504 
203 I 102252559 1504 
204 I 102264436 1504 
205 I 102452004 1504 
206 I 102623589 1504 
207 I 102810854 1504 
208 I 102998461 1504 
209 I 103482656 1504 
210 I 103670066 1504 
211 I 103842081 1504 
212 I 104029452 1504 
213 I 104164010 1504 
214 I 104217779 1504 
215 I 104717452 1504 
216 I 104820021 1504 
217 I 104904393 1504 
218 I 105060741 1504 
219 I 105263940 1504 
220 I 105436270 1504 
221 I 105623555 1504 
222 I 105810659 1504 
223 I 105951384 1504 
224 I 106041384 1504 
225 I 106154557 1504 
226 I 106515325 1504 
227 I 106618031 1504 
228 I 106701300 1504 
229 I 107451163 1504 
230 I 107654443 1504 
231 I 107852288 1504 
232 I 108014234 1504 
233 I 108185610 1504 
234 I 108373215 1504 
235 I 108545070 1504 
236 I 108743424 1504 
237 I 109161965 1504 
238 I 109248094 1504 
239 I 109435665 1504 
240 I 109611013 1504 
241 I 109782645 1504 
242 I 110091985 1504 
243 I 110136861 1504 
244 I 110263390 1504 
245 I 110279703 1504 
246 I 110466876 1504 
247 I 110638661 1504 
248 I 110881641 44 
249 I 111122367 44 
