0 I 0 52 
1 I 44381 44 
2 I 45165 44 
3 I 80757 44 
4 I 81578 52 
5 I 115593 44 
6 I 325744 44 
7 I 326085 44 
8 I 416793 52 
9 I 451705 44 
10 I 486409 44 
11 I 486765 44 
12 I 502506 52 
13 I 542397 44 
14 I 543206 44 
15 I 578028 44 
16 I 578827 52 
17 I 613029 44 
18 I 1896241 44 
19 I 1896504 44 
20 I 1919201 52 
21 I 1965053 44 
22 I 1966308 44 
23 I 2000616 44 
24 I 2001447 52 
25 I 2035313 44 
26 I 2240396 44 
27 I 2240755 44 
28 I 2261769 52 
29 I 2296668 44 
30 I 2299230 44 
31 I 2333580 44 
32 I 2334437 52 
33 I 2368610 44 
34 I 21695058 44 
35 I 21695241 44 
36 I 21937813 52 
37 I 21973822 44 
38 I 22008195 44 
39 I 22008673 44 
40 I 22029338 52 
41 I 22064044 44 
42 I 22066988 44 
43 I 22101631 44 
44 I 22102435 52 
45 I 22136721 44 
46 I 28359286 44 
47 I 28359685 44 
