0 I 0 44 
1 I 803387 44 
2 I 1001610 44 
3 I 3910208 44 
4 I 4104761 44 
5 I 4860907 44 
6 I 5848772 67 
7 I 6004539 44 
8 I 6307556 44 
9 I 6910713 44 
10 I 7206399 44 
11 I 8018989 44 
12 I 8208629 44 
13 I 8917530 44 
14 I 9315688 44 
15 I 9544476 44 
16 I 10013003 44 
17 I 10210687 44 
18 I 10757650 44 
19 I 11312234 44 
20 I 12016551 44 
21 I 14422319 44 
22 I 15119633 44 
23 I 15320405 44 
24 I 15849061 67 
25 I 16018964 44 
26 I 16226190 44 
27 I 17125020 44 
28 I 17321096 44 
29 I 18027607 44 
30 I 18325596 44 
31 I 19125104 44 
32 I 19339069 44 
33 I 20125605 44 
34 I 23431142 44 
35 I 24031841 44 
36 I 24237664 44 
37 I 25433703 44 
38 I 25863596 67 
39 I 26181333 44 
40 I 26435432 44 
41 I 27235467 44 
42 I 30341654 44 
43 I 30540668 44 
44 I 31344431 44 
45 I 31546150 44 
46 I 32344413 44 
47 I 32543310 44 
48 I 33349638 44 
49 I 33646856 44 
50 I 34351433 44 
51 I 34547918 44 
52 I 35350419 44 
53 I 35648135 44 
54 I 35882247 67 
55 I 36255676 44 
56 I 36659635 44 
57 I 37453343 44 
58 I 37654434 44 
59 I 38452283 44 
60 I 38656344 44 
61 I 38852726 44 
62 I 39153294 44 
63 I 39344246 44 
64 I 42559103 44 
65 I 43359256 44 
66 I 43563703 44 
67 I 43762760 44 
68 I 44467964 44 
69 I 45469379 44 
70 I 45873788 44 
71 I 45902348 67 
72 I 46374338 44 
73 I 46569340 44 
74 I 46870556 44 
75 I 50473424 44 
76 I 51084388 44 
77 I 51274733 44 
78 I 52883935 44 
79 I 53983763 44 
80 I 55912944 67 
81 I 56382798 44 
82 I 57987604 44 
83 I 59108626 44 
84 I 60988638 44 
85 I 62088660 44 
86 I 62388617 44 
87 I 63088660 44 
88 I 65097479 44 
89 I 65926803 67 
90 I 66199439 44 
91 I 66403070 44 
92 I 67198428 44 
93 I 67901242 44 
94 I 68202840 44 
95 I 68906360 44 
96 I 69933522 44 
97 I 71004916 44 
98 I 71207142 44 
99 I 72109815 44 
100 I 73006394 44 
101 I 74006498 44 
102 I 75206511 44 
103 I 75945778 67 
104 I 76277695 44 
105 I 77012710 44 
106 I 77323474 44 
107 I 78111470 44 
108 I 78311133 44 
109 I 79113343 44 
110 I 79316746 44 
111 I 80115741 44 
112 I 81115251 44 
113 I 81417150 44 
114 I 81622302 44 
115 I 82122104 44 
116 I 85954824 67 
117 I 86223052 44 
118 I 86432117 44 
119 I 88326346 44 
120 I 89236355 44 
121 I 90230103 44 
122 I 91237257 44 
123 I 93342151 44 
124 I 94334727 44 
125 I 95351626 44 
126 I 95973518 67 
127 I 96347378 44 
128 I 97352871 44 
129 I 99466954 44 
130 I 100454752 44 
131 I 100858442 44 
132 I 101457650 44 
133 I 103461687 44 
134 I 103764012 44 
135 I 104460463 44 
136 I 104761090 44 
137 I 105563820 44 
138 I 105881442 44 
139 I 106006509 67 
140 I 106464033 44 
141 I 106763749 44 
142 I 107571796 44 
143 I 107766979 44 
144 I 108568169 44 
145 I 108766570 44 
146 I 109167794 44 
147 I 109768382 44 
148 I 110368913 44 
149 I 110870119 44 
150 I 111972226 44 
151 I 112676369 44 
152 I 112875098 44 
153 I 113575625 44 
154 I 114777799 44 
155 I 114982923 44 
156 I 115676640 44 
157 I 115977539 44 
158 I 115997871 67 
159 I 116480197 44 
160 I 116680528 44 
161 I 119984836 44 
162 I 122094068 44 
163 I 122788369 44 
164 I 122990261 44 
165 I 123790421 44 
166 I 124090662 44 
167 I 124891300 44 
168 I 125091438 44 
169 I 125899892 44 
170 I 126013140 67 
171 I 126498100 44 
172 I 126895295 44 
173 I 127212902 44 
174 I 128917277 44 
175 I 129212022 44 
176 I 129603278 44 
177 I 129900558 44 
178 I 130198774 44 
179 I 131213227 44 
180 I 132001085 44 
181 I 132200440 44 
182 I 133001847 44 
183 I 133202936 44 
184 I 134021623 44 
185 I 134207782 44 
186 I 136027530 67 
187 I 136306591 44 
188 I 136508884 44 
189 I 137009141 44 
190 I 137308262 44 
191 I 138312542 44 
192 I 139013405 44 
193 I 139312564 44 
194 I 140315071 44 
195 I 141117579 44 
196 I 141414887 44 
197 I 142116616 44 
198 I 142416873 44 
199 I 143118641 44 
200 I 143419120 44 
201 I 144118336 44 
202 I 144426410 44 
203 I 145235743 44 
204 I 145438048 44 
205 I 146045354 67 
206 I 146223173 44 
207 I 146426414 44 
208 I 146725683 44 
209 I 146871155 44 
210 I 147223811 44 
211 I 147532615 44 
212 I 148227606 44 
213 I 148430427 44 
214 I 148929025 44 
215 I 149228269 44 
216 I 149527986 44 
217 I 150327963 44 
218 I 150535352 44 
219 I 151229350 44 
220 I 151429838 44 
221 I 152332821 44 
222 I 152634857 44 
223 I 153335326 44 
224 I 153535720 44 
225 I 154341198 44 
226 I 154634012 44 
227 I 155334935 44 
228 I 155549650 44 
229 I 156058345 67 
230 I 156325961 44 
231 I 157338883 44 
232 I 157638591 44 
233 I 158339915 44 
234 I 158542703 44 
235 I 159441200 44 
236 I 160442436 44 
237 I 161544160 44 
238 I 162351876 44 
239 I 162750804 44 
240 I 163550389 44 
241 I 163747529 44 
242 I 164449522 44 
243 I 164749552 44 
244 I 165550806 44 
245 I 165749972 44 
246 I 166076348 67 
247 I 166452364 44 
248 I 166755607 44 
249 I 167556181 44 
250 I 168055167 44 
251 I 168859235 44 
252 I 169856846 44 
253 I 170268723 44 
254 I 170769100 44 
255 I 171869995 44 
256 I 172871924 44 
257 I 173171716 44 
258 I 173775445 44 
259 I 174874040 44 
260 I 175976674 44 
261 I 176090039 67 
262 I 176577949 44 
263 I 177578163 44 
264 I 177982178 44 
265 I 178983834 44 
266 I 179687304 44 
267 I 180095896 44 
268 I 181083324 44 
269 I 182384601 44 
270 I 182669700 44 
271 I 183988077 44 
272 I 185088971 44 
273 I 186090978 44 
274 I 186100437 67 
275 I 186595233 44 
276 I 187018838 44 
277 I 188199019 44 
278 I 189196312 44 
279 I 189897002 44 
280 I 190898385 44 
281 I 191199079 44 
282 I 192001983 44 
283 I 192199262 44 
284 I 193000683 44 
285 I 194002313 44 
286 I 194204315 44 
287 I 195011325 44 
288 I 195808603 44 
289 I 196006202 44 
290 I 196119025 67 
291 I 196311073 44 
292 I 196614304 44 
293 I 196809372 44 
294 I 197006608 44 
295 I 197308310 44 
296 I 198010712 44 
297 I 198308206 44 
298 I 199011413 44 
299 I 199310458 44 
300 I 200018387 44 
301 I 200312357 44 
302 I 201114306 44 
303 I 201313895 44 
304 I 202016010 44 
305 I 202414742 44 
306 I 203115836 44 
307 I 204017653 44 
308 I 205121697 44 
309 I 206129955 67 
310 I 206449688 44 
311 I 214232439 44 
312 I 215334210 44 
313 I 216035682 44 
314 I 216146089 67 
315 I 216639758 44 
316 I 217337214 44 
317 I 218438603 44 
318 I 219440553 44 
319 I 220441231 44 
320 I 221452360 44 
321 I 222547941 44 
322 I 223447573 44 
323 I 223748515 44 
324 I 224615267 44 
325 I 225449934 44 
326 I 225660431 44 
327 I 225856398 44 
328 I 226165152 67 
329 I 226499304 44 
330 I 226780867 44 
331 I 227558594 44 
332 I 227851931 44 
333 I 228557217 44 
334 I 228860142 44 
335 I 229556115 44 
336 I 229755658 44 
337 I 230556624 44 
338 I 230756228 44 
339 I 231560487 44 
340 I 231960620 44 
341 I 232254688 44 
342 I 232458580 44 
343 I 232859307 44 
344 I 235265503 44 
345 I 236174188 67 
346 I 236665970 44 
347 I 236867427 44 
348 I 237666356 44 
349 I 237967274 44 
350 I 238768498 44 
351 I 239970329 44 
352 I 240772654 44 
353 I 240971314 44 
354 I 241772332 44 
355 I 242075813 44 
356 I 243776390 44 
357 I 244077161 44 
358 I 244779371 44 
359 I 245078445 44 
360 I 246078857 44 
361 I 246190516 67 
362 I 246586994 44 
363 I 246886621 44 
364 I 247081940 44 
365 I 247864083 44 
366 I 248184597 44 
367 I 248384766 44 
368 I 248884593 44 
369 I 250184763 44 
370 I 250886751 44 
371 I 252289853 44 
372 I 252989599 44 
373 I 253292393 44 
374 I 253991164 44 
375 I 254391960 44 
376 I 254992070 44 
377 I 255894214 44 
378 I 256209570 67 
379 I 256696695 44 
380 I 256995393 44 
381 I 257997020 44 
382 I 258207154 44 
383 I 259002463 44 
384 I 259298273 44 
385 I 260110283 44 
386 I 261102899 44 
387 I 261303495 44 
388 I 262104573 44 
389 I 262249326 44 
390 I 262489479 44 
391 I 262811359 44 
392 I 263078117 44 
393 I 264105620 44 
394 I 266222656 67 
395 I 266710728 44 
396 I 267210166 44 
397 I 267410633 44 
398 I 269414462 44 
399 I 270014492 44 
400 I 270291850 44 
401 I 270615652 44 
402 I 271319228 44 
403 I 272217374 44 
404 I 272519157 44 
405 I 273220107 44 
406 I 273521143 44 
407 I 275323807 44 
408 I 275622751 44 
409 I 276240309 67 
410 I 276425147 44 
411 I 276724949 44 
412 I 277405672 44 
413 I 278328185 44 
414 I 278527842 44 
415 I 281437814 44 
416 I 281732044 44 
417 I 282434870 44 
418 I 283239953 44 
419 I 286250012 67 
420 I 286511696 44 
421 I 287555560 44 
422 I 287740657 44 
423 I 288543365 44 
424 I 288745646 44 
425 I 289643394 44 
426 I 290745495 44 
427 I 291846425 44 
428 I 292701717 44 
429 I 294851727 44 
430 I 295854166 44 
431 I 296268612 67 
432 I 296757198 44 
433 I 296954947 44 
434 I 298658394 44 
