0 I 0 52 
1 I 312008 44 
2 I 623903 44 
3 I 9134406 44 
4 I 9699935 44 
5 I 10527870 44 
6 I 25714993 44 
7 I 29730267 44 
8 I 39747453 44 
9 I 44753985 44 
10 I 46007147 44 
11 I 46007230 44 
12 I 46332705 44 
13 I 49762589 44 
14 I 54769232 44 
15 I 59779804 44 
16 I 64786417 44 
17 I 69793011 44 
18 I 74802608 44 
19 I 78015146 44 
20 I 92435050 44 
21 I 104850092 44 
22 I 109857698 44 
23 I 114870944 44 
24 I 119872932 44 
25 I 124881282 44 
26 I 127027866 44 
27 I 128047095 44 
28 I 138439740 44 
29 I 139902114 44 
30 I 140869837 44 
