0 I 0 52 
1 I 1122258 44 
2 I 1128698 44 
3 I 1861983 44 
4 I 6134686 52 
5 I 8914981 44 
6 I 9407349 52 
7 I 10089942 44 
8 I 10096580 44 
9 I 10844718 44 
10 I 10851763 52 
11 I 11566941 44 
12 I 12380076 52 
13 I 13024297 44 
14 I 14330131 44 
15 I 22730087 44 
16 I 22732600 52 
17 I 23291266 44 
18 I 29872004 44 
19 I 30095780 52 
20 I 34884757 44 
21 I 35561608 44 
22 I 35570308 52 
23 I 36323562 44 
24 I 37028610 44 
25 I 37033369 52 
26 I 37612738 44 
27 I 38334918 44 
28 I 38338234 52 
29 I 38990155 44 
30 I 39636947 44 
31 I 39638061 52 
32 I 40287900 44 
33 I 40823821 52 
34 I 41360701 44 
35 I 41360830 44 
