0 I 0 68 
1 I 520738 56 
2 I 540926 1504 
3 I 540982 80 
4 I 541035 1504 
5 I 1061665 1504 
6 I 1061727 68 
7 I 1061794 1504 
8 I 1062680 1504 
9 I 1062774 92 
10 I 1062834 1504 
11 I 1593189 1504 
12 I 1593254 68 
13 I 1593312 1504 
14 I 1593463 1504 
15 I 1594243 1504 
16 I 2128929 1504 
17 I 2129004 1394 
18 I 2130284 1504 
19 I 2664393 1504 
20 I 2664540 1394 
21 I 2665840 1504 
22 I 3195691 1504 
23 I 3195847 1394 
24 I 3197494 1504 
25 I 3266655 68 
26 I 3721776 1504 
27 I 3721886 1394 
28 I 3723506 1504 
29 I 3793913 56 
30 I 3797630 369 
31 I 3797631 56 
32 I 3797668 1504 
33 I 4253620 1504 
34 I 4253715 1394 
35 I 4293172 1504 
36 I 4329411 1504 
37 I 4332188 56 
38 I 4788948 1504 
39 I 4789041 1394 
40 I 4898058 1504 
41 I 5331298 1504 
42 I 5331363 1394 
43 I 5531594 1504 
44 I 5872114 1504 
45 I 5872189 1394 
46 I 6181888 1504 
47 I 6414426 1504 
48 I 6414519 1394 
49 I 6837672 1504 
50 I 6949074 1504 
51 I 6949136 1394 
52 I 7491105 686 
53 I 7491129 1504 
54 I 8042299 56 
55 I 27606242 68 
56 I 28076588 56 
57 I 28076828 56 
58 I 28078681 382 
59 I 28078808 56 
60 I 28551687 56 
61 I 182241878 68 
62 I 182713982 56 
63 I 182714541 1504 
64 I 182714605 80 
65 I 182714666 1504 
66 I 183187584 1410 
67 I 183661253 56 
