0 I 0 44 
1 I 135029 44 
2 I 6660259 44 
3 I 16190363 44 
4 I 26520256 44 
5 I 36945424 44 
6 I 47740517 44 
7 I 47750455 44 
8 I 57133260 44 
9 I 66358233 44 
10 I 76583363 44 
11 I 86715865 44 
12 I 96676164 44 
13 I 108276161 44 
14 I 108500722 44 
15 I 118672144 44 
16 I 127181465 44 
17 I 137416538 44 
18 I 147349162 44 
19 I 157384226 44 
20 I 167509319 44 
21 I 177046940 44 
22 I 187232027 44 
23 I 197562292 44 
24 I 207589821 44 
25 I 217630067 44 
26 I 227054991 44 
27 I 236687584 44 
28 I 247017691 44 
29 I 257477750 44 
30 I 257482788 44 
31 I 266332933 44 
32 I 275913151 44 
33 I 285543127 44 
