0 I 0 48 
1 I 524522 44 
2 I 530190 44 
3 I 1052088 44 
4 I 3312996 48 
5 I 3897585 44 
6 I 3903596 44 
7 I 4208876 44 
8 I 4501978 44 
9 I 4506606 48 
10 I 7467878 44 
11 I 7699680 48 
12 I 10552706 44 
13 I 13448065 44 
14 I 23240544 44 
15 I 25466211 48 
16 I 26005178 44 
17 I 50755703 48 
18 I 51283774 44 
19 I 80773537 44 
20 I 80811828 48 
21 I 81297832 44 
22 I 89508262 44 
23 I 89879158 48 
24 I 92486381 44 
25 I 93029686 44 
26 I 93031486 48 
27 I 93571193 44 
28 I 94089731 44 
29 I 94091346 48 
30 I 94605220 44 
31 I 95114358 44 
32 I 95116173 48 
33 I 95633859 44 
34 I 99448098 44 
35 I 99450812 48 
36 I 102407519 44 
37 I 102648633 48 
38 I 108415891 44 
39 I 120431421 48 
40 I 120948441 44 
41 I 124694106 48 
42 I 124694108 44 
43 I 125029515 48 
44 I 125032519 48 
