0 I 0 52 
1 I 526601 44 
2 I 4284187 44 
3 I 8103381 52 
4 I 8593407 44 
5 I 9534284 52 
6 I 10013390 44 
7 I 13743140 44 
8 I 13760435 52 
9 I 14219612 44 
10 I 19037958 44 
11 I 19067013 52 
12 I 19524969 44 
13 I 19981865 44 
14 I 19982683 52 
15 I 20442237 44 
16 I 21794984 44 
17 I 21884045 44 
18 I 21884284 52 
19 I 22353576 44 
20 I 24937715 44 
21 I 27422953 44 
22 I 27513194 44 
23 I 27514560 52 
24 I 30440948 44 
25 I 30706804 52 
26 I 31061273 44 
27 I 31176415 44 
28 I 34265159 44 
29 I 34564610 52 
30 I 35015768 44 
31 I 35461649 44 
32 I 35465764 52 
33 I 35911402 44 
34 I 36352374 44 
35 I 36354888 52 
36 I 36799963 44 
37 I 38689743 44 
38 I 40550165 52 
39 I 40550213 44 
40 I 40982309 44 
41 I 41415743 44 
42 I 41421028 52 
43 I 41867683 44 
44 I 42318244 52 
45 I 43216215 44 
46 I 44924695 44 
47 I 45327354 44 
48 I 45498644 52 
49 I 45987837 44 
50 I 54339814 44 
51 I 54339846 52 
52 I 54829188 44 
53 I 55306624 44 
54 I 55307438 52 
55 I 55783595 44 
56 I 59932062 44 
57 I 59937146 52 
58 I 63166883 44 
59 I 63223676 52 
60 I 63717087 44 
61 I 64196887 44 
62 I 64199101 52 
63 I 64672317 44 
64 I 65148035 44 
65 I 65149492 52 
66 I 65627352 44 
67 I 66099735 44 
68 I 66101751 52 
69 I 66574277 44 
70 I 68307894 44 
71 I 72261815 44 
72 I 73666728 44 
73 I 110856669 44 
