0 I 0 68 
1 I 559881 56 
2 I 563742 503 
3 I 563756 56 
4 I 1185071 56 
5 I 1592879 68 
6 I 2123732 56 
7 I 2126677 56 
8 I 2126713 928 
9 I 2663620 56 
10 I 4120468 68 
11 I 4668831 56 
12 I 4672048 56 
13 I 4672083 920 
14 I 5207712 56 
15 I 5705868 68 
16 I 6253877 56 
17 I 6255286 56 
18 I 6258101 56 
19 I 6258126 626 
20 I 6806743 56 
21 I 7363510 68 
22 I 7902629 56 
23 I 7906286 56 
24 I 7906289 625 
25 I 8447493 56 
26 I 8718642 68 
27 I 9262014 56 
28 I 9263930 455 
29 I 9264104 56 
30 I 9798837 56 
31 I 9970676 68 
32 I 10505535 56 
33 I 10511718 56 
34 I 10511751 912 
35 I 11030965 56 
36 I 12442095 68 
37 I 12971746 56 
38 I 12977888 56 
39 I 12977921 832 
40 I 13016315 56 
41 I 13450424 68 
42 I 13977774 56 
43 I 13978068 56 
44 I 13980474 56 
45 I 13980502 687 
46 I 14500385 56 
47 I 14972837 68 
48 I 15521951 56 
49 I 15526377 56 
50 I 15526394 625 
51 I 16063883 56 
52 I 16253960 68 
53 I 16787924 56 
54 I 16789880 455 
55 I 16790063 56 
56 I 17319855 56 
57 I 17519296 68 
58 I 18068182 56 
59 I 18074134 56 
60 I 18074168 912 
61 I 18628626 56 
62 I 19461216 68 
63 I 20001298 56 
64 I 20007924 56 
65 I 20007953 832 
66 I 20274068 44 
67 I 20540884 56 
68 I 21375772 68 
69 I 21906891 56 
70 I 21910504 56 
71 I 21910532 687 
72 I 22444234 56 
73 I 22920978 68 
74 I 23447386 56 
75 I 23452337 625 
76 I 23452400 56 
77 I 23990067 56 
78 I 24946370 68 
79 I 25491070 56 
80 I 25493256 455 
81 I 25493321 56 
82 I 26026470 56 
83 I 26221359 68 
84 I 26755720 56 
85 I 26760951 56 
86 I 26760987 912 
87 I 27299396 56 
88 I 28841406 68 
89 I 29358861 56 
90 I 29364611 56 
91 I 29364645 832 
92 I 29979057 56 
93 I 30183414 68 
94 I 30713401 56 
95 I 30734260 1504 
96 I 30734340 80 
97 I 30734400 1504 
98 I 31270534 1504 
99 I 31270749 68 
100 I 31270805 1504 
101 I 31271297 1504 
102 I 31271356 92 
103 I 31271414 1504 
104 I 31812600 1504 
105 I 31812689 774 
106 I 31812692 1504 
107 I 31813167 68 
108 I 31813227 1504 
109 I 31813381 80 
110 I 31813442 1504 
111 I 32352879 774 
112 I 32353323 1504 
113 I 32353376 80 
114 I 32353435 1504 
115 I 32354103 68 
116 I 32888244 1504 
117 I 32888313 786 
118 I 32888635 68 
119 I 32888697 1504 
120 I 32889156 68 
121 I 33422201 1504 
122 I 33422205 786 
123 I 33422315 68 
124 I 33422376 1504 
125 I 33422532 68 
126 I 33962947 786 
127 I 33962963 1504 
128 I 33963133 68 
129 I 33963198 1504 
130 I 33963292 68 
131 I 34494086 1504 
132 I 34494165 80 
133 I 34494223 1504 
134 I 34494371 1504 
135 I 35017512 1504 
136 I 35017626 810 
137 I 35017639 1504 
138 I 35545454 1504 
139 I 35545696 68 
140 I 35545757 1504 
141 I 35545925 798 
142 I 36079279 1504 
143 I 36079351 68 
144 I 36079402 1504 
145 I 36079545 798 
146 I 36613018 1504 
147 I 36613068 68 
148 I 36613131 1504 
149 I 36613793 798 
150 I 37045952 56 
151 I 37178619 68 
152 I 37422033 68 
153 I 37422096 1504 
154 I 37715441 56 
155 I 37733806 1504 
156 I 37733887 80 
157 I 37733940 1504 
158 I 38260171 1504 
159 I 38260972 1504 
160 I 38261067 1504 
161 I 38261109 104 
162 I 38261166 1504 
163 I 38797238 1504 
164 I 38797357 1504 
165 I 38797422 80 
166 I 38797481 1504 
167 I 38797556 68 
168 I 38797616 1504 
169 I 38798111 1420 
170 I 39341614 1504 
171 I 39341987 1504 
172 I 39345125 810 
173 I 39929862 1504 
174 I 39929989 1504 
175 I 39930005 810 
176 I 40469941 1504 
177 I 40470046 810 
178 I 40470063 1504 
179 I 41000510 1504 
180 I 41000660 810 
181 I 41000676 1504 
182 I 41531057 1504 
183 I 41531325 810 
184 I 41531342 1504 
185 I 42070570 1504 
186 I 42070774 1504 
187 I 42070779 810 
188 I 42613078 1504 
189 I 42613366 68 
190 I 42613387 1504 
191 I 42613741 798 
192 I 43161213 68 
193 I 43161272 1504 
194 I 43161796 798 
195 I 43161812 1504 
196 I 43703766 68 
197 I 43703825 1504 
198 I 43703971 798 
199 I 43703990 1504 
200 I 44249254 68 
201 I 44249318 1504 
202 I 44249580 68 
203 I 44249638 1504 
204 I 44249736 786 
205 I 44796913 1504 
206 I 44797020 80 
207 I 44797081 1504 
208 I 44797120 786 
209 I 45347380 68 
210 I 45347439 1504 
211 I 45348329 798 
212 I 45348331 1504 
213 I 45890460 1310 
214 I 46429837 56 
215 I 49003084 68 
216 I 49563041 56 
217 I 49564868 1504 
218 I 49564904 80 
219 I 49564965 1504 
220 I 50116398 1410 
221 I 50832419 56 
222 I 92504919 68 
223 I 92960441 56 
224 I 92978763 1504 
225 I 92978863 80 
226 I 92978905 1504 
227 I 93370985 56 
228 I 116198884 68 
229 I 116695634 56 
230 I 116699753 369 
231 I 116699754 56 
232 I 116699797 1504 
233 I 117197445 1504 
234 I 117199433 56 
235 I 117600122 68 
236 I 118094197 56 
237 I 118098293 56 
238 I 118098306 369 
239 I 118098347 1504 
240 I 118590272 1504 
241 I 118593017 56 
242 I 143213761 68 
243 I 143647598 56 
244 I 143665742 1504 
245 I 143665794 80 
246 I 143665851 1504 
247 I 144107704 1504 
248 I 144107749 68 
249 I 144107809 1504 
250 I 144107934 1504 
251 I 144108010 92 
252 I 144108068 1504 
253 I 144552612 1504 
254 I 144552709 774 
255 I 144552726 1504 
256 I 144552947 68 
257 I 144553002 1504 
258 I 144553725 80 
259 I 144553785 1504 
260 I 145000474 786 
261 I 145000488 1504 
262 I 145000609 68 
263 I 145000670 1504 
264 I 145001463 1504 
265 I 145448322 1504 
266 I 145448430 1504 
267 I 145449200 810 
268 I 145900934 1504 
269 I 145901054 1504 
270 I 145901316 810 
271 I 146344373 1504 
272 I 146344778 810 
273 I 146344796 1504 
274 I 146784370 1504 
275 I 146784417 68 
276 I 146784460 798 
277 I 146784478 1504 
278 I 147231747 68 
279 I 147231806 1504 
280 I 147232796 1504 
281 I 147232995 798 
282 I 147684782 68 
283 I 147684844 1504 
284 I 147685638 798 
285 I 147685657 1504 
286 I 148137950 68 
287 I 148138012 1504 
288 I 148139101 68 
289 I 148139161 1504 
290 I 148139623 786 
291 I 148593459 68 
292 I 148593519 1504 
293 I 148595442 68 
294 I 148595503 1504 
295 I 148595508 786 
296 I 149050730 68 
297 I 149050791 1504 
298 I 149053137 68 
299 I 149053196 1504 
300 I 149053448 68 
301 I 149053509 1504 
302 I 149505133 1504 
303 I 149508699 1504 
304 I 149508819 1504 
305 I 149950411 721 
306 I 150406414 56 
307 I 151815609 44 
