0 I 0 66 
1 I 130614 64 
2 I 1913347 64 
3 I 1919972 64 
4 I 1919977 64 
5 I 1920327 64 
6 I 1920634 64 
7 I 2044355 64 
8 I 2051154 64 
9 I 2072224 66 
10 I 2202869 64 
11 I 2308211 64 
12 I 2509418 64 
13 I 17209350 64 
14 I 17369418 64 
15 I 18660663 64 
16 I 18660672 64 
17 I 21447531 66 
18 I 21578085 64 
19 I 23281433 64 
20 I 23288851 64 
21 I 23288993 64 
22 I 23289383 64 
23 I 23412133 64 
24 I 23419708 64 
25 I 23733796 64 
26 I 38775606 64 
27 I 38775972 64 
28 I 38906475 64 
29 I 38907031 64 
30 I 38907194 64 
31 I 54312439 64 
32 I 54312549 64 
33 I 54312704 64 
34 I 54443701 64 
35 I 54443706 64 
36 I 54443711 64 
37 I 69399549 64 
38 I 69443092 64 
39 I 78788181 66 
40 I 78918598 64 
41 I 80904587 64 
42 I 81035517 64 
43 I 81035770 64 
44 I 81166611 64 
45 I 81166869 64 
46 I 95989494 64 
47 I 96166453 64 
48 I 117932534 66 
49 I 118063134 64 
50 I 120408983 64 
51 I 120539810 64 
52 I 120540018 64 
53 I 120670951 64 
54 I 120671073 64 
55 I 135479742 64 
56 I 135669733 64 
57 I 139811892 66 
58 I 139942547 64 
59 I 142262919 64 
60 I 142393682 64 
61 I 142393809 64 
62 I 142524678 64 
63 I 142525122 64 
64 I 157339630 64 
65 I 157524870 64 
66 I 168131817 66 
67 I 168262452 64 
68 I 170149991 64 
69 I 170280771 64 
70 I 170280973 64 
71 I 170411739 64 
72 I 170411828 64 
73 I 170412003 64 
74 I 185219612 64 
75 I 185411239 64 
76 I 187164691 66 
77 I 187295328 64 
78 I 189033109 64 
79 I 189165191 64 
80 I 189165473 64 
81 I 189296420 64 
82 I 189296463 64 
83 I 204119855 64 
84 I 204295814 64 
85 I 267803975 66 
86 I 267934851 64 
87 I 269921589 64 
88 I 270052527 64 
89 I 270183511 64 
90 I 270183515 64 
91 I 284999445 64 
92 I 285182287 64 
93 I 285396132 66 
94 I 285526603 64 
95 I 287517306 64 
96 I 287648174 64 
97 I 287648347 64 
98 I 287779235 64 
99 I 287779429 64 
100 I 302599323 64 
101 I 302778824 64 
102 I 311451634 66 
103 I 311582151 64 
104 I 313491533 64 
105 I 313622319 64 
106 I 313622375 64 
107 I 313753209 64 
108 I 313753529 64 
