0 I 0 52 
1 I 2954571 44 
2 I 3238461 52 
3 I 3815867 44 
4 I 3822124 44 
5 I 4434710 44 
6 I 19410713 52 
7 I 19977030 44 
8 I 19983590 44 
9 I 23720978 44 
10 I 23737373 52 
11 I 24269417 44 
12 I 25342812 52 
13 I 26587996 44 
14 I 28290401 44 
15 I 28514082 52 
16 I 29048052 44 
17 I 38795264 44 
18 I 38797828 44 
19 I 38802229 52 
20 I 41706902 44 
21 I 42071201 52 
22 I 42606014 44 
23 I 47843237 44 
24 I 48033538 52 
25 I 50720065 44 
26 I 51022103 44 
27 I 51311705 52 
28 I 51816054 44 
29 I 52313047 44 
30 I 52317569 52 
31 I 52827803 44 
32 I 53335373 44 
33 I 53337413 52 
34 I 53843853 44 
35 I 54318702 44 
36 I 54336069 52 
37 I 54837219 44 
38 I 55027676 44 
39 I 55337500 44 
40 I 55339877 52 
41 I 55853754 44 
42 I 56366534 44 
43 I 56367804 52 
44 I 59333212 44 
45 I 59619726 52 
46 I 60145578 44 
47 I 80300745 44 
48 I 80301692 52 
49 I 80838240 44 
50 I 81375908 44 
51 I 81378240 52 
52 I 81905387 44 
53 I 82437731 44 
54 I 82440733 52 
55 I 82992266 44 
56 I 83166484 44 
57 I 83545181 44 
58 I 83547531 52 
59 I 84110886 44 
60 I 84650214 44 
61 I 84655454 52 
62 I 86269926 44 
63 I 87570101 44 
64 I 87839117 52 
65 I 88390123 44 
66 I 88971353 44 
67 I 88973821 52 
68 I 91877961 44 
69 I 92257887 52 
70 I 92799963 44 
71 I 98700077 44 
72 I 100496763 44 
73 I 100499717 52 
74 I 101005267 44 
75 I 101504116 44 
76 I 101505708 52 
77 I 102007127 44 
78 I 106787142 44 
79 I 106792662 52 
80 I 109701348 44 
81 I 109989069 52 
82 I 110498084 44 
83 I 112020521 44 
84 I 112023126 52 
85 I 115011426 44 
86 I 115242009 52 
87 I 118520524 44 
88 I 121016192 44 
