0 I 0 44 
1 I 139966 44 
2 I 16276780 52 
3 I 16314961 52 
4 I 16438366 44 
5 I 16512979 44 
6 I 17199031 44 
7 I 17560789 44 
8 I 17699902 44 
9 I 17715947 52 
10 I 17863071 44 
11 I 29144230 44 
12 I 29682445 44 
13 I 30306993 44 
14 I 30322675 52 
15 I 30431788 44 
16 I 30901115 44 
17 I 30913037 52 
18 I 30962350 44 
19 I 31072452 44 
20 I 31242071 44 
21 I 31292158 44 
22 I 31344589 44 
23 I 31584001 44 
24 I 34019265 44 
25 I 34022541 52 
26 I 34090871 44 
27 I 45690726 44 
28 I 46143372 44 
29 I 61650440 52 
30 I 61766104 44 
31 I 62251242 44 
32 I 62477869 52 
33 I 62522719 44 
34 I 62532006 52 
35 I 62611352 44 
36 I 62682945 44 
37 I 71174944 44 
38 I 71432950 44 
39 I 71439188 44 
40 I 71451015 52 
41 I 71554682 44 
42 I 71693148 44 
43 I 71824689 44 
44 I 71974439 44 
45 I 72068876 44 
46 I 72135169 44 
47 I 84694103 44 
48 I 84694113 44 
49 I 161146819 52 
50 I 161251344 44 
51 I 161917297 44 
52 I 161936141 52 
53 I 162049191 44 
54 I 162421276 44 
55 I 162481391 44 
56 I 162837270 44 
57 I 171957902 44 
58 I 172485632 44 
59 I 172548174 44 
60 I 172962523 44 
61 I 173025114 44 
62 I 173284016 44 
63 I 173625261 44 
64 I 184693416 44 
65 I 184693605 44 
66 I 220895511 52 
67 I 220999220 44 
68 I 222319334 44 
69 I 222335208 52 
70 I 222494934 44 
71 I 222736245 44 
72 I 223087516 44 
73 I 224328926 44 
74 I 224377259 44 
75 I 224596033 44 
76 I 224862774 44 
77 I 236698460 44 
78 I 236698675 44 
