0 I 0 56 
1 I 20747 1504 
2 I 20812 80 
3 I 20870 1504 
4 I 534270 1504 
5 I 534346 1504 
6 I 534493 1504 
7 I 534538 104 
8 I 534595 1504 
9 I 1044892 68 
10 I 1044953 1504 
11 I 1045075 1504 
12 I 1045221 798 
13 I 1045238 1504 
14 I 4076750 68 
15 I 4076812 1504 
16 I 4612796 1504 
17 I 4612931 810 
18 I 4612951 1504 
19 I 5154848 1504 
20 I 5155900 810 
21 I 5155917 1504 
22 I 5694374 1504 
23 I 5694482 68 
24 I 5694543 1504 
25 I 5694981 810 
26 I 5694998 1504 
27 I 5697814 64 
28 I 6223778 640 
29 I 6223808 1504 
30 I 6223937 226 
31 I 6223986 1504 
32 I 6615993 56 
33 I 6743527 1504 
34 I 6747024 810 
35 I 6747043 1504 
36 I 7267875 1504 
37 I 7268041 1504 
38 I 7615328 56 
39 I 8614738 56 
40 I 8779692 68 
41 I 8779698 1504 
42 I 8973078 64 
43 I 9294352 1504 
44 I 9294475 1504 
45 I 9294485 810 
46 I 9481588 56 
47 I 9485242 56 
48 I 9485259 371 
49 I 9485300 1504 
50 I 9806026 1504 
51 I 9806148 1504 
52 I 9806263 1394 
53 I 9997619 68 
54 I 9997679 1504 
55 I 9998292 56 
56 I 9998558 64 
57 I 10318387 1504 
58 I 10318490 559 
59 I 10318517 1504 
60 I 10511077 44 
61 I 10513427 56 
62 I 10516606 395 
63 I 10516644 1504 
64 I 10517060 56 
65 I 10517070 369 
66 I 10517116 1504 
67 I 10824977 68 
68 I 10825030 1504 
69 I 11026604 68 
70 I 11026663 1504 
71 I 11335027 1504 
72 I 11335154 1504 
73 I 11335165 810 
74 I 11554036 56 
75 I 11859654 1504 
76 I 11859781 1504 
77 I 11859860 449 
78 I 11859898 1504 
79 I 12376621 505 
80 I 12376657 1504 
81 I 12618544 44 
82 I 13373678 68 
83 I 13373737 1504 
84 I 13913815 68 
85 I 13913874 1504 
86 I 13914266 1504 
87 I 13914367 810 
88 I 13914384 1504 
89 I 14450185 68 
90 I 14450223 1504 
91 I 14450286 798 
92 I 14450304 1504 
93 I 14981421 68 
94 I 14981480 1504 
95 I 14981735 56 
96 I 15505070 44 
97 I 31115427 56 
98 I 31529161 64 
99 I 32043524 56 
100 I 32043969 355 
101 I 32044028 56 
102 I 32561645 56 
103 I 32561845 64 
104 I 32562175 64 
105 I 33063135 56 
106 I 33063138 56 
107 I 33063661 355 
108 I 33063663 56 
109 I 33065555 632 
110 I 33065572 56 
111 I 33553116 56 
112 I 33554018 56 
113 I 33557073 64 
114 I 33631071 56 
115 I 34115309 56 
116 I 34115802 56 
117 I 35116452 56 
118 I 35594803 56 
119 I 36114527 56 
120 I 36795965 64 
121 I 48101150 68 
122 I 48101172 580 
123 I 60627236 64 
124 I 61151211 56 
125 I 61153934 632 
126 I 61154054 56 
127 I 61686302 56 
128 I 61694436 64 
129 I 62233817 56 
130 I 62236080 56 
131 I 62236095 436 
132 I 62766091 56 
133 I 64367253 64 
134 I 64894438 56 
135 I 64900675 912 
136 I 64900880 56 
137 I 65432479 56 
138 I 65432538 64 
139 I 65957960 56 
140 I 65964133 912 
141 I 65964137 56 
142 I 66476081 56 
143 I 66615259 44 
144 I 67279328 64 
145 I 67809284 56 
146 I 67815942 832 
147 I 67815983 56 
148 I 71014841 832 
149 I 71526888 56 
150 I 71527444 64 
151 I 72114781 56 
152 I 73117106 56 
153 I 74115071 56 
154 I 74788452 64 
155 I 75288780 56 
156 I 75295544 912 
157 I 75295572 56 
158 I 77322241 64 
159 I 78115671 56 
160 I 79115781 56 
161 I 80115044 56 
162 I 80547053 64 
163 I 81069890 56 
164 I 81070402 56 
165 I 81070416 363 
166 I 81790930 912 
167 I 82306005 64 
168 I 82306217 56 
169 I 83114275 56 
170 I 84116434 56 
171 I 85115569 56 
172 I 85578641 64 
173 I 86103449 56 
174 I 86122599 1504 
175 I 86122635 80 
176 I 86122696 1504 
177 I 86647681 1504 
178 I 86647805 1504 
179 I 86647933 1504 
180 I 86647987 104 
181 I 86647988 56 
182 I 86648046 1504 
183 I 87549841 363 
184 I 88060573 56 
185 I 88061228 64 
186 I 88061600 64 
187 I 88413878 64 
188 I 88577231 56 
189 I 88577572 56 
190 I 88577798 363 
191 I 88577837 56 
192 I 88584741 939 
193 I 88585162 56 
194 I 88927189 56 
195 I 88942826 1504 
196 I 88942898 80 
197 I 88942962 1504 
198 I 89091346 56 
199 I 89456879 1504 
200 I 89456942 68 
201 I 89457003 1504 
202 I 89457131 1504 
203 I 89457192 92 
204 I 89457252 1504 
205 I 89457461 64 
206 I 89963556 1504 
207 I 89963651 1504 
208 I 89963806 1504 
209 I 89963904 1504 
210 I 89964018 1504 
211 I 89964093 104 
212 I 89964095 56 
213 I 89964151 1504 
214 I 90115453 56 
215 I 91115633 56 
216 I 91794414 939 
217 I 92114249 56 
218 I 92305897 56 
219 I 92306127 64 
220 I 92668930 64 
221 I 92828730 56 
222 I 92844215 1504 
223 I 92844274 80 
224 I 92844334 1504 
225 I 93362705 1504 
226 I 93362867 1504 
227 I 93362920 68 
228 I 93362979 1504 
229 I 93393666 64 
230 I 93618942 44 
231 I 93882138 1504 
232 I 93882196 68 
233 I 93882257 1504 
234 I 93911511 56 
235 I 93921089 56 
236 I 93921147 1472 
237 I 94436818 56 
238 I 95625394 44 
239 I 96402596 64 
240 I 96882810 68 
241 I 96882870 1504 
242 I 96910609 56 
243 I 96919905 56 
244 I 96919969 1472 
245 I 97396800 1504 
246 I 97396926 1504 
247 I 97397030 578 
248 I 97397065 1504 
249 I 97435412 56 
250 I 97911480 1504 
251 I 97911600 1504 
252 I 97911689 92 
253 I 97911706 1504 
254 I 97911834 890 
255 I 97911843 1504 
256 I 97913459 64 
257 I 98426452 375 
258 I 98426494 1504 
259 I 98426670 1504 
260 I 98426737 361 
261 I 98426779 1504 
262 I 98427938 56 
263 I 98431896 56 
264 I 98431899 371 
265 I 98431940 1504 
266 I 98614782 44 
267 I 98938164 1504 
268 I 98938560 68 
269 I 98938616 1504 
270 I 101257897 68 
271 I 101257958 1504 
272 I 101695346 68 
273 I 101695405 1504 
274 I 101780997 1504 
275 I 101781112 1504 
276 I 101781224 1504 
277 I 101781349 1504 
278 I 101781464 1502 
279 I 102207705 68 
280 I 102207763 1504 
281 I 102208442 359 
282 I 102291086 1504 
283 I 102291192 1504 
284 I 102291317 1504 
285 I 102291462 1504 
286 I 102291577 1502 
287 I 102292227 68 
288 I 102292281 1504 
289 I 102718805 56 
290 I 102803079 1504 
291 I 102803215 1504 
292 I 102803291 1368 
293 I 103515477 562 
294 I 103515512 1504 
295 I 105416379 68 
296 I 105416439 1504 
297 I 105940885 1504 
298 I 105941002 1504 
299 I 105941046 798 
300 I 106470913 68 
301 I 106470974 1504 
302 I 106994810 1504 
303 I 106994851 1504 
304 I 106994875 810 
305 I 107512816 640 
306 I 107512830 1504 
307 I 109025420 68 
308 I 109025483 1504 
309 I 109561074 68 
310 I 109561133 1504 
311 I 109561760 1504 
312 I 109561866 810 
313 I 109561875 1504 
314 I 110098125 68 
315 I 110098182 1504 
316 I 110099185 1504 
317 I 110099261 810 
318 I 110099279 1504 
319 I 110634466 68 
320 I 110634526 1504 
321 I 110640642 1504 
322 I 110640704 810 
323 I 110640721 1504 
324 I 111170612 1504 
325 I 111170792 1504 
326 I 112197073 68 
327 I 112197114 1504 
328 I 112727365 68 
329 I 112727425 1504 
330 I 112727587 1504 
331 I 112727700 810 
332 I 112727719 1504 
333 I 113252438 68 
334 I 113252497 1504 
335 I 114273735 68 
336 I 114273794 1504 
337 I 114796342 1504 
338 I 114796483 1504 
339 I 114796562 578 
340 I 114796588 1504 
341 I 115319249 1504 
342 I 115319377 1504 
343 I 115319405 810 
344 I 115843833 68 
345 I 115843891 1504 
346 I 116364498 1504 
347 I 116364619 810 
348 I 116364641 1504 
349 I 116626332 64 
350 I 116886461 1504 
351 I 116886594 1504 
352 I 116886691 449 
353 I 116886726 1504 
354 I 117395228 505 
355 I 117395263 1504 
356 I 117396090 1504 
357 I 117396202 1504 
358 I 117396251 1240 
359 I 117889528 861 
360 I 117889531 1504 
361 I 117890406 392 
362 I 117890450 1504 
363 I 118384365 68 
364 I 118384426 1504 
365 I 119851804 68 
366 I 119851864 1504 
367 I 119905480 64 
368 I 120328160 1504 
369 I 120328174 80 
370 I 120328227 1504 
371 I 120803536 1504 
372 I 120803634 786 
373 I 120803646 1504 
374 I 121288284 68 
375 I 121288345 1504 
376 I 121776946 1504 
377 I 121777029 810 
378 I 121777047 1504 
379 I 122262561 640 
380 I 122262587 1504 
381 I 122263025 1504 
382 I 122263066 1313 
383 I 122748033 1504 
384 I 122748038 1089 
385 I 122748189 182 
386 I 122748240 1504 
387 I 123229475 68 
388 I 123229535 1504 
389 I 123230081 56 
390 I 128619757 64 
391 I 129078030 56 
392 I 129098880 1504 
393 I 129098944 80 
394 I 129099008 1504 
395 I 129548803 68 
396 I 129548864 1504 
397 I 129999392 1504 
398 I 129999528 810 
399 I 129999545 1504 
400 I 130453452 1504 
401 I 130453701 810 
402 I 130453721 1504 
403 I 132922434 68 
404 I 132922495 1504 
405 I 133382499 68 
406 I 133382555 1504 
407 I 133382674 1504 
408 I 133382828 1504 
409 I 133382852 810 
410 I 133849413 68 
411 I 133849474 1504 
412 I 133849609 1504 
413 I 133850112 810 
414 I 133850130 1504 
415 I 134319455 1504 
416 I 134319527 640 
417 I 134319555 1504 
418 I 134801063 68 
419 I 134801122 1504 
420 I 134801233 1504 
421 I 134801313 226 
422 I 134801362 1504 
423 I 135276346 640 
424 I 135276374 1504 
425 I 135276835 810 
426 I 135276851 1504 
427 I 135279190 64 
428 I 135741966 1504 
429 I 135742011 1143 
430 I 135744196 56 
431 I 135744509 1504 
432 I 135744589 80 
433 I 135744648 1504 
434 I 136208529 1410 
435 I 136968453 68 
436 I 136968494 1504 
437 I 137436733 68 
438 I 137436797 1504 
439 I 137437613 1504 
440 I 137437730 810 
441 I 137437747 1504 
442 I 137909958 68 
443 I 137910019 1504 
444 I 137910138 1504 
445 I 137910281 1504 
446 I 137910289 810 
447 I 138374674 1504 
448 I 138374740 68 
449 I 138374800 1504 
450 I 138835806 1504 
451 I 138835930 810 
452 I 138835938 1504 
453 I 139299034 1504 
454 I 139299173 1504 
455 I 139299242 449 
456 I 139299279 1504 
457 I 139373086 1434 
458 I 139763129 505 
459 I 139763163 1504 
460 I 139764516 68 
461 I 139764577 1504 
462 I 139841843 56 
463 I 140237829 1504 
464 I 140237903 361 
465 I 140237945 1504 
466 I 140707866 68 
467 I 140707928 1504 
468 I 141175571 1504 
469 I 141175693 1504 
470 I 141175698 810 
471 I 141630464 1504 
472 I 141630587 1504 
473 I 141630704 449 
474 I 141630740 1504 
475 I 142092718 696 
476 I 142766024 68 
477 I 142766084 1504 
478 I 143235796 56 
479 I 171411937 64 
480 I 171884986 56 
481 I 171888363 56 
482 I 171888395 722 
483 I 172353730 56 
484 I 172353933 64 
485 I 173115887 56 
486 I 174114860 56 
487 I 175125119 56 
488 I 175578280 64 
489 I 176058406 56 
490 I 176068087 1504 
491 I 176068152 80 
492 I 176068209 1504 
493 I 176548900 1504 
494 I 176548947 68 
495 I 176549007 1504 
496 I 176549164 1504 
497 I 176549222 92 
498 I 176549278 1504 
499 I 177027321 68 
500 I 177027380 1504 
501 I 177503362 115 
502 I 179953767 68 
503 I 179953830 1504 
504 I 183630893 64 
505 I 184106470 56 
506 I 184114652 1504 
507 I 184114697 80 
508 I 184114757 1504 
509 I 184714577 1504 
510 I 184714680 68 
511 I 184714741 1504 
512 I 184984917 68 
513 I 184984941 580 
514 I 185192508 68 
515 I 185192568 1504 
516 I 185462775 580 
517 I 185462787 80 
518 I 185462807 580 
519 I 185668491 1504 
520 I 185941237 115 
521 I 186413052 56 
522 I 188704488 68 
523 I 188704551 1504 
524 I 189185341 1504 
525 I 189185427 164 
526 I 189185482 1504 
527 I 191985186 164 
528 I 192444277 56 
529 I 193626376 44 
530 I 206935685 64 
531 I 207370235 56 
532 I 207388830 1504 
533 I 207388930 80 
534 I 207388992 1504 
535 I 207813890 68 
536 I 207813950 1504 
537 I 211064253 68 
538 I 211064314 1504 
539 I 217639680 68 
540 I 217639702 580 
541 I 218132559 64 
542 I 218555872 56 
543 I 218558905 56 
544 I 218558926 722 
545 I 218986214 56 
546 I 218986559 64 
547 I 219407904 56 
548 I 219416709 1504 
549 I 219416748 80 
550 I 219416808 1504 
551 I 219832756 68 
552 I 219832792 1504 
553 I 220247477 1504 
554 I 220247566 810 
555 I 220247582 1504 
556 I 220671952 1504 
557 I 220671976 858 
558 I 223097664 68 
559 I 223097723 1504 
560 I 223527061 56 
561 I 228160337 56 
562 I 230751290 68 
563 I 230751313 580 
564 I 257001628 68 
565 I 257001636 580 
566 I 290368714 64 
567 I 291114737 56 
568 I 292115398 56 
569 I 293114421 56 
570 I 293649872 64 
