0 I 0 48 
1 I 535727 44 
2 I 1064666 44 
3 I 68101080 48 
4 I 68650584 44 
5 I 85855724 48 
6 I 86406319 44 
7 I 86848716 48 
8 I 86970086 44 
9 I 87364974 44 
10 I 107892358 48 
11 I 108360444 44 
12 I 108360455 44 
13 I 111323880 48 
14 I 111819010 44 
15 I 113995858 48 
16 I 114464462 44 
17 I 114464497 44 
18 I 138387162 48 
19 I 139061884 44 
20 I 143689776 48 
21 I 144232128 44 
22 I 145209584 44 
23 I 170113995 48 
24 I 173294866 48 
25 I 173729018 44 
26 I 173729128 44 
27 I 209828432 48 
28 I 210363360 44 
29 I 210890840 44 
