0 I 0 52 
1 I 492593 44 
2 I 1475595 52 
3 I 1479695 52 
4 I 1959904 44 
5 I 1960151 44 
6 I 2424083 44 
7 I 4465553 44 
8 I 4667147 52 
9 I 5121378 44 
10 I 5121941 44 
11 I 5580362 44 
12 I 5635237 52 
13 I 5641188 52 
14 I 5670083 52 
15 I 5683845 52 
16 I 5699730 52 
17 I 5705533 52 
18 I 5729592 52 
19 I 5746540 52 
20 I 5791035 52 
21 I 5799986 52 
22 I 5805246 52 
23 I 5818457 52 
24 I 5824921 52 
25 I 5829632 52 
26 I 5846730 52 
27 I 5855168 52 
28 I 5857964 52 
29 I 5865692 52 
30 I 5870792 52 
31 I 5883830 52 
32 I 5890254 52 
33 I 5890359 52 
34 I 6066574 52 
35 I 6068452 52 
36 I 6075341 52 
37 I 6096669 44 
38 I 6097089 44 
39 I 6101080 44 
40 I 6101319 44 
41 I 6147788 44 
42 I 6148087 44 
43 I 6164587 44 
44 I 6164912 44 
45 I 6171817 44 
46 I 6172288 44 
47 I 6188466 44 
48 I 6188933 44 
49 I 6209177 44 
50 I 6209644 44 
51 I 6254772 44 
52 I 6268340 44 
53 I 6268605 44 
54 I 6280507 44 
55 I 6280879 44 
56 I 6284287 44 
57 I 6284653 44 
58 I 6304715 44 
59 I 6305043 44 
60 I 6315726 44 
61 I 6316233 44 
62 I 6318948 44 
63 I 6319171 44 
64 I 6326253 44 
65 I 6326552 44 
66 I 6335573 44 
67 I 6337031 44 
68 I 6345461 44 
69 I 6345741 44 
70 I 6356444 44 
71 I 6356685 44 
72 I 6537522 44 
73 I 6537990 44 
74 I 6538101 44 
75 I 6538452 44 
76 I 6541450 52 
77 I 6584469 44 
78 I 6587130 44 
79 I 6608645 44 
80 I 6641675 44 
81 I 6649487 44 
82 I 6675452 44 
83 I 6729428 44 
84 I 6744906 44 
85 I 6745116 44 
86 I 6762896 44 
87 I 6778191 44 
88 I 6802249 44 
89 I 6814611 44 
90 I 7006261 44 
91 I 7186216 44 
92 I 8577726 44 
93 I 8880771 52 
94 I 9017016 52 
95 I 9044326 52 
96 I 9152590 52 
97 I 9263340 52 
98 I 9506564 44 
99 I 9580790 44 
100 I 9698502 44 
101 I 9700328 44 
