0 I 0 44 
1 I 26650842 52 
2 I 26954168 44 
3 I 26954492 44 
4 I 27259553 44 
5 I 29441284 52 
6 I 29498721 52 
7 I 29744734 44 
8 I 29745277 44 
9 I 29803152 44 
10 I 29803743 44 
11 I 30048273 44 
12 I 30068379 52 
13 I 30112633 44 
14 I 30123986 52 
15 I 30373272 44 
16 I 30373743 44 
17 I 30425491 44 
18 I 30674601 44 
19 I 30677150 52 
20 I 30978800 44 
21 I 30979234 44 
22 I 31036277 44 
23 I 31044884 52 
24 I 31321192 44 
25 I 31322447 52 
26 I 31349001 44 
27 I 31349215 44 
28 I 31626451 44 
29 I 31649339 44 
30 I 31658653 52 
31 I 31964315 44 
32 I 31964657 44 
33 I 32044664 44 
34 I 32052518 52 
35 I 35070247 44 
36 I 35070718 44 
37 I 35071272 44 
38 I 35316986 52 
39 I 35522020 44 
40 I 35618592 44 
41 I 35618892 44 
42 I 35923749 44 
43 I 36283612 52 
44 I 36286104 52 
45 I 36586205 44 
46 I 36586507 44 
47 I 36588072 44 
48 I 36588492 44 
49 I 36890329 44 
50 I 36894123 52 
51 I 36895032 44 
52 I 36898919 52 
53 I 37196794 44 
54 I 37197030 44 
55 I 37199664 44 
56 I 37199967 44 
57 I 37499288 44 
58 I 37501062 44 
59 I 41538931 52 
60 I 41540521 52 
61 I 41841976 44 
62 I 41842380 44 
63 I 41845427 44 
64 I 41845934 44 
65 I 42143511 44 
66 I 42147188 44 
