0 I 0 52 
1 I 494918 44 
2 I 4124240 52 
3 I 4466643 44 
4 I 4601127 44 
5 I 8514139 44 
6 I 8800434 52 
7 I 9259971 44 
8 I 9260271 44 
9 I 9730495 44 
10 I 11970469 52 
11 I 12181029 52 
12 I 12224576 52 
13 I 12287455 52 
14 I 12505107 44 
15 I 12505458 44 
16 I 12657628 44 
17 I 12733874 44 
18 I 12983699 44 
19 I 12991407 52 
20 I 13621518 44 
21 I 13628848 52 
22 I 14107527 44 
23 I 14107997 44 
24 I 14570737 44 
25 I 14576755 52 
26 I 15046113 44 
27 I 15046379 44 
28 I 15156042 44 
29 I 15257372 44 
30 I 15413020 52 
31 I 15516799 44 
32 I 15521464 52 
33 I 15540705 52 
34 I 15759353 44 
35 I 15893542 44 
36 I 15893805 44 
37 I 15961173 44 
38 I 16010533 44 
39 I 16010995 44 
40 I 16023892 44 
41 I 16212605 52 
42 I 16372472 44 
43 I 16375246 52 
44 I 16517976 44 
45 I 16530118 52 
46 I 16685277 44 
47 I 16685575 44 
48 I 17161966 44 
49 I 17162414 52 
50 I 17632243 44 
51 I 17632758 44 
52 I 18102338 44 
53 I 18105897 52 
54 I 18577561 44 
55 I 18577937 44 
56 I 18858973 44 
57 I 19051568 44 
58 I 19355881 44 
59 I 19459979 44 
60 I 19583605 52 
61 I 19741135 52 
62 I 19749281 44 
63 I 20051652 44 
64 I 20051925 44 
65 I 20142122 44 
66 I 20206193 44 
67 I 20206580 44 
68 I 20520765 44 
69 I 20674176 44 
70 I 23456691 44 
71 I 115097523 52 
72 I 115577889 44 
73 I 116872022 52 
74 I 117072998 44 
75 I 117348964 44 
76 I 117830351 44 
77 I 118049699 52 
78 I 118564325 52 
79 I 119007759 44 
80 I 119446892 44 
81 I 121022615 44 
82 I 121321443 52 
83 I 121787553 44 
84 I 122703508 44 
85 I 122765886 52 
86 I 122767856 52 
87 I 123217069 44 
88 I 123219310 44 
89 I 124598127 44 
90 I 124607129 52 
91 I 125044746 44 
92 I 125939811 44 
93 I 125945862 52 
94 I 126379975 44 
95 I 127449950 44 
96 I 127456410 52 
97 I 127894824 44 
98 I 128375373 44 
99 I 128378084 52 
100 I 128845808 44 
101 I 130151917 44 
102 I 130157315 52 
103 I 130242932 44 
104 I 132950045 44 
105 I 132954071 52 
106 I 133151365 44 
107 I 133373709 44 
108 I 133375519 52 
109 I 133790814 44 
110 I 133813445 44 
111 I 133816805 52 
112 I 134231266 44 
113 I 134727175 44 
114 I 134731225 52 
115 I 135207989 44 
116 I 135648418 44 
117 I 135652349 52 
118 I 135671229 44 
119 I 135674288 52 
120 I 136114344 44 
121 I 136135555 44 
122 I 136609706 44 
123 I 136625269 52 
124 I 137083196 44 
125 I 137083206 44 
126 I 137091967 52 
127 I 137445786 44 
128 I 137553937 44 
129 I 137553939 44 
130 I 137569104 52 
131 I 138048084 44 
132 I 138054430 44 
133 I 138054789 52 
134 I 138514056 44 
135 I 140656449 44 
136 I 141054524 44 
137 I 141157794 44 
138 I 141241818 52 
139 I 141683511 44 
140 I 142145680 44 
