0 I 0 44 
1 I 4619 52 
2 I 3037460 44 
3 I 3197789 52 
4 I 3757376 44 
5 I 3757770 44 
6 I 4317677 44 
7 I 4324921 52 
8 I 7187290 44 
9 I 7556929 52 
10 I 13213120 44 
11 I 25259437 52 
12 I 28195286 44 
13 I 28503099 52 
14 I 34221760 44 
15 I 67256866 52 
16 I 67805803 44 
17 I 68340836 44 
18 I 68383294 52 
19 I 68923318 44 
20 I 68923680 44 
21 I 69461201 44 
22 I 69483880 52 
23 I 71200636 44 
24 I 72386905 44 
25 I 72743335 52 
26 I 73271715 44 
27 I 73402877 44 
28 I 73456910 52 
29 I 73457257 52 
30 I 73989378 44 
31 I 73989528 44 
32 I 73992276 44 
33 I 73992280 44 
34 I 77808221 52 
35 I 78325675 44 
36 I 78326135 44 
37 I 78883442 44 
38 I 78897086 52 
39 I 79434957 44 
40 I 81128691 52 
41 I 81658800 44 
42 I 81659154 44 
43 I 81677585 44 
44 I 82000900 44 
45 I 85394122 52 
46 I 85401900 44 
47 I 85942147 44 
48 I 86486048 44 
49 I 86508107 52 
50 I 87039638 44 
51 I 88076784 44 
52 I 88105130 52 
53 I 88642892 44 
54 I 89700667 44 
55 I 89724450 52 
56 I 92606347 44 
57 I 92606490 44 
58 I 92979856 52 
59 I 93515570 44 
60 I 94068541 44 
61 I 94105349 52 
62 I 94643020 44 
63 I 95197825 44 
64 I 95230462 52 
65 I 97973661 44 
66 I 98153805 56 
67 I 98386401 52 
68 I 98391861 52 
69 I 98735891 56 
70 I 98913592 44 
71 I 98914882 44 
72 I 99446705 44 
73 I 99474073 52 
74 I 100005668 44 
75 I 100006091 44 
76 I 100562706 44 
77 I 100564628 52 
78 I 101035056 44 
79 I 101107088 44 
80 I 101366262 44 
81 I 101634556 52 
82 I 102162599 44 
83 I 102162937 44 
84 I 102177623 44 
85 I 102200154 52 
86 I 102703596 44 
87 I 102718157 52 
88 I 102732229 44 
89 I 103550306 44 
90 I 103775968 44 
91 I 103837836 44 
92 I 103852344 52 
93 I 105740527 44 
94 I 105903373 52 
95 I 106447278 44 
96 I 106448447 44 
97 I 110665145 44 
98 I 113279241 44 
99 I 113279561 44 
100 I 113480442 44 
101 I 113492902 52 
102 I 113849069 44 
103 I 113850871 52 
104 I 114032080 44 
105 I 114032356 44 
106 I 114577230 52 
107 I 114579452 44 
108 I 115118061 44 
109 I 115118158 44 
110 I 115660254 44 
111 I 115679676 52 
112 I 116789699 44 
113 I 117124528 52 
114 I 117634803 44 
115 I 117635153 44 
116 I 118166586 44 
117 I 118172687 52 
118 I 118649514 44 
119 I 118845319 52 
120 I 119081325 44 
121 I 119081799 44 
122 I 121160518 44 
123 I 121391508 52 
124 I 127199252 44 
125 I 137932270 52 
126 I 137932397 52 
127 I 138409616 44 
128 I 138409751 44 
129 I 138849112 52 
130 I 139332176 44 
131 I 140957768 44 
132 I 141187092 52 
133 I 141664913 44 
134 I 141664920 44 
135 I 143925110 44 
136 I 144050630 52 
137 I 144084309 52 
138 I 147313506 52 
139 I 147364485 52 
140 I 147517394 44 
141 I 148199150 44 
142 I 152551968 44 
143 I 152634572 52 
144 I 153044304 44 
145 I 153095295 44 
146 I 153994879 44 
147 I 154001991 52 
148 I 154478688 44 
149 I 159439466 52 
150 I 159628105 52 
151 I 160093104 44 
152 I 160093596 44 
153 I 161023436 52 
154 I 161496800 44 
155 I 161959369 44 
156 I 162460318 44 
157 I 162685763 52 
158 I 163178606 44 
159 I 163178772 44 
160 I 163445153 44 
161 I 163557304 52 
162 I 164052294 44 
163 I 164052513 44 
164 I 164054262 44 
