0 I 0 64 
1 I 163570 56 
2 I 168523 284 
3 I 169034 1504 
4 I 169139 1456 
5 I 765388 284 
6 I 765875 852 
7 I 765878 1504 
8 I 769361 64 
9 I 933503 56 
10 I 938628 284 
11 I 938886 1504 
12 I 939008 1504 
13 I 977262 176 
14 I 977314 56 
15 I 1103546 1504 
16 I 1103649 1504 
17 I 1103672 1073 
18 I 1141041 56 
19 I 1200988 64 
20 I 1364467 56 
21 I 1369643 285 
22 I 1369912 1504 
23 I 1370160 1504 
24 I 1533970 1504 
25 I 1534090 1504 
26 I 1534201 1504 
27 I 1534611 1504 
28 I 1534746 1504 
29 I 1537405 284 
30 I 1537730 1504 
31 I 1537735 882 
32 I 1697795 58 
33 I 2188718 284 
34 I 2189162 1504 
35 I 2189299 1504 
36 I 2189442 1504 
37 I 2189543 1504 
38 I 2189552 970 
39 I 2239940 56 
40 I 2239940 176 
41 I 2411989 56 
42 I 2596996 176 
43 I 2597103 56 
44 I 2659390 64 
45 I 2760060 56 
46 I 2812299 64 
47 I 2823249 56 
48 I 2829308 176 
49 I 2829621 56 
50 I 2977087 56 
51 I 2984365 56 
52 I 2984371 176 
53 I 2993849 56 
54 I 3147631 56 
