0 I 0 52 
1 I 112832 44 
2 I 623782 44 
3 I 800757 44 
4 I 800757 44 
5 I 934632 44 
6 I 948740 44 
7 I 948740 44 
8 I 1034582 44 
9 I 1074245 44 
10 I 1074456 44 
11 I 1075267 44 
12 I 1076410 44 
13 I 1076535 44 
14 I 19671185 52 
15 I 19777711 44 
16 I 19953339 44 
17 I 20133266 44 
18 I 20133268 44 
19 I 20250403 44 
20 I 20251494 44 
21 I 20251496 44 
22 I 20360781 44 
23 I 20360984 44 
24 I 20360985 44 
25 I 20362190 44 
26 I 20363091 44 
27 I 20363091 44 
28 I 20546025 52 
29 I 20546026 44 
30 I 20546028 44 
31 I 20642335 44 
32 I 20670664 44 
33 I 20796437 44 
34 I 20913672 44 
35 I 20913672 44 
36 I 21067341 44 
37 I 21067341 44 
38 I 21073140 52 
39 I 21075538 52 
40 I 21077387 52 
41 I 21217327 44 
42 I 21226787 44 
43 I 21231860 44 
44 I 21497775 44 
45 I 21497780 44 
46 I 21502604 44 
47 I 21502606 44 
48 I 21503423 44 
49 I 21597758 44 
50 I 21597758 44 
51 I 21635654 44 
52 I 21635923 44 
53 I 21672245 44 
54 I 21672246 44 
55 I 21766525 44 
56 I 21766526 44 
57 I 21767133 44 
58 I 21878176 44 
59 I 21878176 44 
60 I 21914066 44 
61 I 21914083 44 
62 I 22182269 44 
63 I 22182270 44 
64 I 22354514 44 
65 I 28289884 44 
66 I 28289884 44 
67 I 28290871 44 
68 I 28290871 44 
69 I 31942319 44 
70 I 31943428 44 
71 I 31943432 44 
72 I 31944364 44 
73 I 49821598 52 
74 I 49924659 44 
75 I 50098152 44 
76 I 50197482 44 
77 I 50255265 44 
78 I 50352247 44 
79 I 50388963 44 
80 I 50388963 44 
81 I 50470124 44 
82 I 50470124 44 
83 I 50470129 44 
84 I 82490352 52 
85 I 82582864 44 
86 I 83102176 44 
87 I 83199754 44 
88 I 83230908 44 
89 I 83303467 44 
90 I 83357051 44 
91 I 83357057 44 
92 I 83446613 44 
93 I 83446616 44 
94 I 83446617 44 
