0 I 0 52 
1 I 84962 52 
2 I 89883 52 
3 I 1755063 44 
4 I 1764970 44 
5 I 1912125 44 
6 I 2620059 44 
7 I 2674979 44 
8 I 2735121 44 
9 I 10790190 44 
10 I 10810196 44 
11 I 10830201 44 
12 I 16290349 44 
13 I 16300520 44 
14 I 16310402 44 
15 I 20325488 52 
16 I 20520410 44 
17 I 21935550 44 
18 I 22148982 44 
19 I 22530573 44 
20 I 22840558 44 
21 I 23040635 44 
22 I 23185628 44 
23 I 23535555 44 
24 I 24035666 44 
25 I 24340530 44 
26 I 24490607 44 
27 I 24745556 44 
28 I 24765690 44 
29 I 24775517 44 
30 I 27210639 52 
31 I 27220704 52 
32 I 27270736 52 
33 I 27430806 44 
34 I 27435672 44 
35 I 27655701 44 
36 I 27950796 44 
37 I 28200785 52 
38 I 28206047 44 
39 I 28245881 44 
40 I 28420671 44 
41 I 28545866 44 
42 I 29030830 44 
43 I 29775784 52 
44 I 30625806 44 
45 I 30725896 44 
46 I 30730713 44 
47 I 30735873 44 
48 I 32150832 44 
49 I 33190894 44 
50 I 39371026 44 
51 I 39400998 44 
52 I 39431144 44 
53 I 40611143 44 
54 I 40636032 44 
55 I 40661120 44 
56 I 40761087 44 
57 I 40766233 44 
58 I 42936217 44 
59 I 42951159 44 
60 I 42961175 44 
61 I 42976069 44 
62 I 43101043 44 
63 I 43106289 44 
