0 I 0 82 
1 I 62192 70 
2 I 69436 70 
3 I 121994 70 
4 I 4812993 82 
5 I 4875423 70 
6 I 4883045 70 
7 I 4936090 70 
8 I 4937811 82 
9 I 4997225 70 
10 I 5004367 70 
11 I 5056321 70 
12 I 5074592 82 
13 I 5133992 70 
14 I 5297266 70 
15 I 5348493 70 
16 I 5350271 82 
17 I 5410242 70 
18 I 6157011 79 
19 I 6220965 82 
20 I 6222420 82 
21 I 6224259 82 
22 I 6267163 70 
23 I 6281853 70 
24 I 6294433 70 
25 I 6306230 70 
26 I 6319669 70 
27 I 6459584 70 
28 I 6515576 70 
29 I 6516600 70 
30 I 6601950 90 
31 I 6613379 90 
32 I 6670894 90 
33 I 6725367 90 
34 I 6725760 90 
35 I 6737296 90 
36 I 6737690 90 
37 I 6741487 82 
38 I 6741880 90 
39 I 6742277 90 
40 I 6780749 90 
41 I 6781141 90 
42 I 6795332 90 
43 I 6800484 90 
44 I 6807095 90 
45 I 6808197 90 
46 I 6810114 90 
47 I 6843054 70 
48 I 6857796 90 
49 I 6858204 90 
50 I 6915436 70 
51 I 6972640 70 
52 I 7000112 70 
53 I 7019718 70 
54 I 7103262 82 
55 I 7104754 82 
56 I 7106437 82 
57 I 7107936 82 
58 I 7163385 70 
59 I 7175204 70 
60 I 7187819 70 
61 I 7200405 70 
62 I 7340088 70 
63 I 7393479 70 
64 I 7394665 70 
65 I 7399957 70 
66 I 7409565 82 
67 I 7421872 90 
68 I 7441485 70 
69 I 7446680 82 
70 I 7448164 70 
71 I 7451940 70 
72 I 7469684 70 
73 I 7489394 70 
74 I 7493537 82 
75 I 7505118 70 
76 I 7506068 70 
77 I 7553887 70 
78 I 7558189 90 
79 I 7591419 70 
80 I 7619180 70 
81 I 7639100 70 
82 I 7655346 82 
83 I 7673584 70 
84 I 7714064 70 
85 I 7716089 70 
86 I 7716943 70 
87 I 7720959 82 
88 I 7723307 70 
89 I 7761686 70 
90 I 7763386 82 
91 I 7765112 70 
92 I 7779104 70 
93 I 7782267 70 
94 I 7821710 70 
95 I 7826032 70 
96 I 8047333 70 
97 I 8047341 70 
98 I 8106850 70 
99 I 8108083 70 
100 I 8114856 70 
101 I 8155999 70 
102 I 8157713 70 
103 I 8203885 70 
104 I 9762492 82 
105 I 9822619 70 
106 I 9981329 70 
107 I 10031485 70 
108 I 10032508 70 
109 I 11830217 82 
110 I 11890129 70 
111 I 12572999 70 
112 I 12582588 82 
113 I 12626950 70 
114 I 12640712 70 
115 I 12877196 70 
116 I 12892163 70 
117 I 12914418 82 
118 I 12928655 70 
119 I 12974858 70 
120 I 13199996 70 
121 I 13253838 70 
122 I 15902321 82 
123 I 15961666 70 
124 I 22655453 82 
125 I 22724824 70 
126 I 22773996 70 
127 I 22829483 70 
128 I 22909671 70 
129 I 22963254 70 
130 I 22964391 70 
131 I 22980275 82 
132 I 23040254 70 
133 I 23179244 70 
134 I 23229085 70 
135 I 23230078 70 
