0 I 0 1504 
1 I 197 1504 
2 I 275 1256 
3 I 115037 1504 
4 I 115155 1504 
5 I 115233 1256 
6 I 1201107 1504 
7 I 1201282 1504 
8 I 1201363 1256 
9 I 1321686 1504 
10 I 1321853 1504 
11 I 1322000 1256 
12 I 2414502 1504 
13 I 2414596 1504 
14 I 2414826 1256 
15 I 2584374 1504 
16 I 2584775 1504 
17 I 2584838 1256 
18 I 3767381 1504 
19 I 3767509 1504 
20 I 3767584 1256 
21 I 3959581 1504 
22 I 3959844 1504 
23 I 3959904 1256 
24 I 5082683 1504 
25 I 5082822 1504 
26 I 5082906 1256 
27 I 5260017 1504 
28 I 5260156 1504 
29 I 5260235 1256 
30 I 6335403 1504 
31 I 6335612 1504 
32 I 6335687 1256 
33 I 6496616 1504 
34 I 6496939 1504 
35 I 6497101 1256 
36 I 7585421 1504 
37 I 7585566 1504 
38 I 7585640 1256 
39 I 7840199 1504 
40 I 7840539 1504 
41 I 7840619 1256 
42 I 8848731 1504 
43 I 8848914 1504 
44 I 8849020 1256 
45 I 9104295 1504 
46 I 9104476 1504 
47 I 9104898 1256 
48 I 10095816 1504 
49 I 10096008 1504 
50 I 10096150 1256 
51 I 10334940 1504 
52 I 10335188 1504 
53 I 10335293 1256 
54 I 11348050 1504 
55 I 11348234 1504 
56 I 11348311 1256 
57 I 11609292 1504 
58 I 11609416 1504 
59 I 11609487 1256 
60 I 12607931 1504 
61 I 12608094 1504 
62 I 12608180 1256 
63 I 12865181 1504 
64 I 12865369 1504 
65 I 12865546 1256 
66 I 13929084 1504 
67 I 13929335 1504 
68 I 13929408 1256 
69 I 14175747 1504 
70 I 14175965 1504 
71 I 14176026 1256 
72 I 15236332 1504 
73 I 15236448 1504 
74 I 15236683 1256 
75 I 15473350 1504 
76 I 15473469 1504 
77 I 15473621 1256 
78 I 16557347 1504 
79 I 16557435 1504 
80 I 16557506 1256 
81 I 16801618 1504 
82 I 16801802 1504 
83 I 16801885 1256 
84 I 17882653 1504 
85 I 17882748 1504 
86 I 17882907 1256 
87 I 18115639 1504 
88 I 18115818 1504 
89 I 18115981 1256 
90 I 19184732 1504 
91 I 19184896 1504 
92 I 19184969 1256 
93 I 19427732 1504 
94 I 19427874 1504 
95 I 19427989 1256 
96 I 20521498 1504 
97 I 20521658 1504 
98 I 20521713 1256 
99 I 20767226 1504 
100 I 20767466 1504 
101 I 20767546 1256 
102 I 21881576 1504 
103 I 21881696 1504 
104 I 21881895 1256 
105 I 22121819 1504 
106 I 22122106 1504 
107 I 22122180 1256 
108 I 23232468 1504 
109 I 23232678 1504 
110 I 23232835 1256 
111 I 23478650 1504 
112 I 23478749 1504 
113 I 23478829 1256 
114 I 24668926 1504 
115 I 24669038 1504 
116 I 24669116 1256 
117 I 24818377 1504 
118 I 24818625 1504 
119 I 24818692 1256 
120 I 26026276 1504 
121 I 26026407 1504 
122 I 26026493 1256 
123 I 26177977 1504 
124 I 26178159 1504 
125 I 26178294 1256 
126 I 27352140 1504 
127 I 27352248 1504 
128 I 27352338 1256 
129 I 27507332 1504 
130 I 27507486 1504 
131 I 27507542 1256 
132 I 28676195 1504 
133 I 28676347 1504 
134 I 28676435 1256 
135 I 28824144 1504 
136 I 28824348 1504 
137 I 28824408 1256 
138 I 30013704 1504 
139 I 30013891 1504 
140 I 30013999 1256 
141 I 30167076 1504 
142 I 30167405 1504 
143 I 30167516 1256 
144 I 31312507 1504 
145 I 31312668 1504 
146 I 31312867 1256 
147 I 31486706 1504 
148 I 31486823 1504 
149 I 31486901 1256 
150 I 32591753 1504 
151 I 32591848 1504 
152 I 32592020 1256 
153 I 32752297 1504 
154 I 32752475 1504 
155 I 32752545 1256 
156 I 33807216 1504 
157 I 33807381 1504 
158 I 33807454 1256 
159 I 33979394 1504 
160 I 33979697 1504 
161 I 33979771 1256 
162 I 35000599 1504 
163 I 35000804 1504 
164 I 35000952 1256 
165 I 35170206 1504 
166 I 35170447 1504 
167 I 35170811 1256 
168 I 36180296 1504 
169 I 36180491 1504 
170 I 36180567 1256 
171 I 36334810 1504 
172 I 36334903 1504 
173 I 36334967 1256 
174 I 37344840 1504 
175 I 37344981 1504 
176 I 37345112 1256 
177 I 37505618 1504 
178 I 37505940 1504 
179 I 37506072 1256 
180 I 38524908 1504 
181 I 38525155 1504 
182 I 38525297 1256 
183 I 38688214 1504 
184 I 38688461 1504 
185 I 38688619 1256 
186 I 39691168 1504 
187 I 39691352 1504 
188 I 39691407 1256 
189 I 39862384 1504 
190 I 39862535 1504 
191 I 39862629 1256 
192 I 40906733 1504 
193 I 40907011 1504 
194 I 40907076 1256 
195 I 41086364 1504 
196 I 41086464 1504 
197 I 41086549 1256 
198 I 42118297 1504 
199 I 42118546 1504 
200 I 42118638 1256 
201 I 42289875 1504 
202 I 42290100 1504 
203 I 42290255 1256 
204 I 43352126 1504 
205 I 43352231 1504 
206 I 43352308 1256 
207 I 43523396 1504 
208 I 43523689 1504 
209 I 43523951 1256 
210 I 44600196 1504 
211 I 44600386 1504 
212 I 44600482 1256 
213 I 44776821 1504 
214 I 44777045 1504 
215 I 44777281 1256 
216 I 45815331 1504 
217 I 45815483 1504 
218 I 45815652 1256 
219 I 46009843 1504 
220 I 46010015 1504 
221 I 46010075 1256 
222 I 47088652 1504 
223 I 47088916 1504 
224 I 47089006 1256 
225 I 47277080 1504 
226 I 47277327 1504 
227 I 47277630 1256 
228 I 48407249 1504 
229 I 48407417 1504 
230 I 48407492 1256 
231 I 48533331 1504 
232 I 48533515 1504 
233 I 48533605 1256 
234 I 49771006 1504 
235 I 49771278 1504 
236 I 49771507 1256 
237 I 49860171 1504 
238 I 49860310 1504 
239 I 49860368 1256 
240 I 50976179 1504 
241 I 50976289 1504 
242 I 50976430 1256 
243 I 51080260 1504 
244 I 51080494 1504 
245 I 51080637 1256 
246 I 52168398 1504 
247 I 52168726 1504 
248 I 52168808 1256 
249 I 52273072 1504 
250 I 52273288 1504 
251 I 52273444 1256 
252 I 53488493 1504 
253 I 53488675 1504 
254 I 53488745 1256 
255 I 53570132 1504 
256 I 53570307 1504 
257 I 53570451 1256 
258 I 54714667 1504 
259 I 54714776 1504 
260 I 54714957 1256 
261 I 54827268 1504 
262 I 54827472 1504 
263 I 54827566 1256 
264 I 55967143 1504 
265 I 55967361 1504 
266 I 55967444 1256 
267 I 56079980 1504 
268 I 56080095 1504 
269 I 56080182 1256 
270 I 57216409 1504 
271 I 57216640 1504 
272 I 57216782 1256 
273 I 57318913 1504 
274 I 57319171 1504 
275 I 57319313 1256 
276 I 58560466 1504 
277 I 58560563 1504 
278 I 58560716 1256 
279 I 58622370 1504 
280 I 58622488 1504 
281 I 58622673 1256 
282 I 59943492 1504 
283 I 59943667 1504 
284 I 59943881 1256 
285 I 59970266 1504 
286 I 59970337 1504 
287 I 59970509 1256 
288 I 61288889 1504 
289 I 61289020 1504 
290 I 61289106 1256 
291 I 61313705 1504 
292 I 61313876 1504 
293 I 61314036 1256 
294 I 62637122 1504 
295 I 62637200 1504 
296 I 62637285 1256 
297 I 62671299 1504 
298 I 62671430 1504 
299 I 62671584 1256 
300 I 63941957 1504 
301 I 63942374 1504 
302 I 63942438 1256 
303 I 63970449 1504 
304 I 63970725 1504 
305 I 63970903 1256 
306 I 65246229 1504 
307 I 65246326 1504 
308 I 65246405 1256 
309 I 65267439 1504 
310 I 65267538 1504 
311 I 65267693 1256 
312 I 66520571 1504 
313 I 66520663 1504 
314 I 66520770 1256 
315 I 66540924 1504 
316 I 66541030 1504 
317 I 66541120 1256 
318 I 67818339 1504 
319 I 67818532 1504 
320 I 67818616 1256 
321 I 67852134 1504 
322 I 67852260 1504 
323 I 67852477 1256 
324 I 69129417 1504 
325 I 69130022 1504 
326 I 69130170 1256 
327 I 69141797 1504 
328 I 69142059 1504 
329 I 69142197 1256 
330 I 70427413 1504 
331 I 70427629 1504 
332 I 70427704 1256 
333 I 70440699 1504 
334 I 70441030 1504 
335 I 70441179 1256 
336 I 71716394 1504 
337 I 71716595 1504 
338 I 71716686 1256 
339 I 71727301 1504 
340 I 71727449 1504 
341 I 71727508 1256 
342 I 72950202 1504 
343 I 72950290 1504 
344 I 72950354 1256 
345 I 73049479 1504 
346 I 73049673 1504 
347 I 73049765 1256 
348 I 74184091 1504 
349 I 74184357 1504 
350 I 74184419 1256 
351 I 74292225 1504 
352 I 74292428 1504 
353 I 74292521 1256 
354 I 75414038 1504 
355 I 75414153 1504 
356 I 75414317 1256 
357 I 75516878 1504 
358 I 75516985 1504 
359 I 75517043 1256 
360 I 76700243 1504 
361 I 76700404 1504 
362 I 76700479 1256 
363 I 76805862 1504 
364 I 76806027 1504 
365 I 76806118 1256 
366 I 77976036 1504 
367 I 77976316 1504 
368 I 77976403 1256 
369 I 78090494 1504 
370 I 78090761 1504 
371 I 78090923 1256 
372 I 79250966 1504 
373 I 79251058 1504 
374 I 79251279 1256 
375 I 79367381 1504 
376 I 79367664 1504 
377 I 79367804 1256 
378 I 80559244 1504 
379 I 80559392 1504 
380 I 80559458 1256 
381 I 80669347 1504 
382 I 80669552 1504 
383 I 80669638 1256 
384 I 81816746 1504 
385 I 81816878 1504 
386 I 81817109 1256 
387 I 81929546 1504 
388 I 81929784 1504 
389 I 81929921 1256 
390 I 83086370 1504 
391 I 83086555 1504 
392 I 83086703 1256 
393 I 83181835 1504 
394 I 83181957 1504 
395 I 83182026 1256 
396 I 84315084 1504 
397 I 84315216 1504 
398 I 84315367 1256 
399 I 84473931 1504 
400 I 84474040 1504 
401 I 84474189 1256 
402 I 85605146 1504 
403 I 85605256 1504 
404 I 85605320 1256 
405 I 85774240 1504 
406 I 85774498 1504 
407 I 85774597 1256 
408 I 86896611 1504 
409 I 86896795 1504 
410 I 86896931 1256 
411 I 87156690 1504 
412 I 87156868 1504 
413 I 87156996 1256 
414 I 88149105 1504 
415 I 88149349 1504 
416 I 88149429 1256 
417 I 88417783 1504 
418 I 88417958 1504 
419 I 88418131 1256 
420 I 89378276 1504 
421 I 89378526 1504 
422 I 89378621 1256 
423 I 89758563 1504 
424 I 89758632 1504 
425 I 89758693 1256 
426 I 90595032 1504 
427 I 90595142 1504 
428 I 90595207 1256 
429 I 90972897 1504 
430 I 90973016 1504 
431 I 90973098 1256 
432 I 91844901 1504 
433 I 91845043 1504 
434 I 91845117 1256 
435 I 92228876 1504 
436 I 92229169 1504 
437 I 92229331 1256 
438 I 93125809 1504 
439 I 93126052 1504 
440 I 93126288 1256 
441 I 93524205 1504 
442 I 93524386 1504 
443 I 93524640 1256 
444 I 94418957 1504 
445 I 94419148 1504 
446 I 94419221 1256 
447 I 94819544 1504 
448 I 94819686 1504 
449 I 94819745 1256 
450 I 95720272 1504 
451 I 95720455 1504 
452 I 95720535 1256 
453 I 96106133 1504 
454 I 96106275 1504 
455 I 96106346 1256 
456 I 96996542 1504 
457 I 96996679 1504 
458 I 96996812 1256 
459 I 97384787 1504 
460 I 97385117 1504 
461 I 97385274 1256 
462 I 98272849 1504 
463 I 98273016 1504 
464 I 98273261 1256 
465 I 98648459 1504 
466 I 98648714 1504 
467 I 98648946 1256 
468 I 99535796 1504 
469 I 99535942 1504 
470 I 99536015 1256 
471 I 99924181 1504 
472 I 99924296 1504 
473 I 99924363 1256 
474 I 100835398 1504 
475 I 100835578 1504 
476 I 100835667 1256 
477 I 101225160 1504 
478 I 101225275 1504 
479 I 101225495 1256 
480 I 102161113 1504 
481 I 102161433 1504 
482 I 102161502 1256 
483 I 102546428 1504 
484 I 102546631 1504 
485 I 102546697 1256 
486 I 103497637 1504 
487 I 103497748 1504 
488 I 103497940 1256 
489 I 103888263 1504 
490 I 103888437 1504 
491 I 103888514 1256 
492 I 104854826 1504 
493 I 104855080 1504 
494 I 104855306 1256 
495 I 105221785 1504 
496 I 105222053 1504 
497 I 105222217 1256 
498 I 106201504 1504 
499 I 106201750 1504 
500 I 106201987 1256 
501 I 106558520 1504 
502 I 106558694 1504 
503 I 106558764 1256 
504 I 107520529 1504 
505 I 107520726 1504 
506 I 107520802 1256 
507 I 107865078 1504 
508 I 107865492 1504 
509 I 107865550 1256 
510 I 108842991 1504 
511 I 108843160 1504 
512 I 108843266 1256 
513 I 109186011 1504 
514 I 109186193 1504 
515 I 109186262 1256 
516 I 110168078 1504 
517 I 110168154 1504 
518 I 110168298 1256 
519 I 110499793 1504 
520 I 110500106 1504 
521 I 110500354 1256 
522 I 111479711 1504 
523 I 111479913 1504 
524 I 111479986 1256 
525 I 111808322 1504 
526 I 111808579 1504 
527 I 111808639 1256 
528 I 112793519 1504 
529 I 112793694 1504 
530 I 112793923 1256 
531 I 113115341 1504 
532 I 113115425 1504 
533 I 113115492 1256 
534 I 114098096 1504 
535 I 114098505 1504 
536 I 114098670 1256 
537 I 114413006 1504 
538 I 114413114 1504 
539 I 114413193 1256 
540 I 115394143 1504 
541 I 115394356 1504 
542 I 115394426 1256 
543 I 115699879 1504 
544 I 115700036 1504 
545 I 115700116 1256 
546 I 116674996 1504 
547 I 116675098 1504 
548 I 116675162 1256 
549 I 116976470 1504 
550 I 116976543 1504 
551 I 116976604 1256 
552 I 117919871 1504 
553 I 117920183 1504 
554 I 117920251 1256 
555 I 118208509 1504 
556 I 118208614 1504 
557 I 118208701 1256 
558 I 119162751 1504 
559 I 119162882 1504 
560 I 119162944 1256 
561 I 119447360 1504 
562 I 119447554 1504 
563 I 119447690 1256 
564 I 120384449 1504 
565 I 120384662 1504 
566 I 120384799 1256 
567 I 120664541 1504 
568 I 120664625 1504 
569 I 120664698 1256 
570 I 121628809 1504 
571 I 121629003 1504 
572 I 121629064 1256 
573 I 121921199 1504 
574 I 121921280 1504 
575 I 121921348 1256 
576 I 122886890 1504 
577 I 122887142 1504 
578 I 122887294 1256 
579 I 123181375 1504 
580 I 123181552 1504 
581 I 123181613 1256 
582 I 124082088 1504 
583 I 124082206 1504 
584 I 124082275 1256 
585 I 124370214 1504 
586 I 124370300 1504 
587 I 124370515 1256 
588 I 125269441 1504 
589 I 125269784 1504 
590 I 125269943 1256 
591 I 125560484 1504 
592 I 125560576 1504 
593 I 125560653 1256 
594 I 126435292 1504 
595 I 126435461 1504 
596 I 126435686 1256 
597 I 126711568 1504 
598 I 126711666 1504 
599 I 126711778 1256 
600 I 127608492 1504 
601 I 127608779 1504 
602 I 127608895 1256 
603 I 127866083 1504 
604 I 127866179 1504 
605 I 127866347 1256 
606 I 128797444 1504 
607 I 128797746 1504 
608 I 128797827 1256 
609 I 129077897 1504 
610 I 129078039 1504 
611 I 129078108 1256 
612 I 129963389 1504 
613 I 129963578 1504 
614 I 129963804 1256 
615 I 130242842 1504 
616 I 130242926 1504 
617 I 130243078 1256 
618 I 131120400 1504 
619 I 131120494 1504 
620 I 131120578 1256 
621 I 131516772 1504 
622 I 131516874 1504 
623 I 131516967 1256 
624 I 132294704 1504 
625 I 132294857 1504 
626 I 132294929 1256 
627 I 132677594 1504 
628 I 132677680 1504 
629 I 132677827 1256 
630 I 133451296 1504 
631 I 133451490 1504 
632 I 133451600 1256 
633 I 133850760 1504 
634 I 133850926 1504 
635 I 133851006 1256 
636 I 134637040 1504 
637 I 134637355 1504 
638 I 134637489 1256 
639 I 135041969 1504 
640 I 135042145 1504 
641 I 135042217 1256 
642 I 135834163 1504 
643 I 135834265 1504 
644 I 135834416 1256 
645 I 136236468 1504 
646 I 136236779 1504 
647 I 136237012 1256 
648 I 137027466 1504 
649 I 137027674 1504 
650 I 137027841 1256 
651 I 137525407 1504 
652 I 137525606 1504 
653 I 137525742 1256 
654 I 138223637 1504 
655 I 138223829 1504 
656 I 138223903 1256 
657 I 138708341 1504 
658 I 138708510 1504 
659 I 138708582 1256 
660 I 139430959 1504 
661 I 139431123 1504 
662 I 139431185 1256 
663 I 139918749 1504 
664 I 139918830 1504 
665 I 139918897 1256 
666 I 140642450 1504 
667 I 140642579 1504 
668 I 140642745 1256 
669 I 141121318 1504 
670 I 141121665 1504 
671 I 141121757 1256 
672 I 141820072 1504 
673 I 141820246 1504 
674 I 141820306 1256 
675 I 142289379 1504 
676 I 142289501 1504 
677 I 142289571 1256 
678 I 142981136 1504 
679 I 142981305 1504 
680 I 142981357 1256 
681 I 143459052 1504 
682 I 143459255 1504 
683 I 143459320 1256 
684 I 144156292 1504 
685 I 144156518 1504 
686 I 144156702 1256 
687 I 144636338 1504 
688 I 144636521 1504 
689 I 144636686 1256 
690 I 145321134 1504 
691 I 145321380 1504 
692 I 145321525 1256 
693 I 145809345 1504 
694 I 145809591 1504 
695 I 145809790 1256 
696 I 146513099 1504 
697 I 146513321 1504 
698 I 146513400 1256 
699 I 146990984 1504 
700 I 146991150 1504 
701 I 146991224 1256 
702 I 147662211 1504 
703 I 147662404 1504 
704 I 147662557 1256 
705 I 148149528 1504 
706 I 148149716 1504 
707 I 148149791 1256 
708 I 148807912 1504 
709 I 148808047 1504 
710 I 148808201 1256 
711 I 149301775 1504 
712 I 149301973 1504 
713 I 149302069 1256 
714 I 149947707 1504 
715 I 149947914 1504 
716 I 149948003 1256 
717 I 150426769 1504 
718 I 150426863 1504 
719 I 150426917 1256 
720 I 151099543 1504 
721 I 151099709 1504 
722 I 151099780 1256 
723 I 151551663 1504 
724 I 151551845 1504 
725 I 151551905 1256 
726 I 152248284 1504 
727 I 152248415 1504 
728 I 152248619 1256 
729 I 152775826 1504 
730 I 152775934 1504 
731 I 152775992 1256 
732 I 153468434 1504 
733 I 153468544 1504 
734 I 153468615 1256 
735 I 154020640 1504 
736 I 154020962 1504 
737 I 154021169 1256 
738 I 154719272 1504 
739 I 154719395 1504 
740 I 154719465 1256 
741 I 155293763 1504 
742 I 155293894 1504 
743 I 155294044 1256 
744 I 155990564 1504 
745 I 155990721 1504 
746 I 155990797 1256 
747 I 156542231 1504 
748 I 156542317 1504 
749 I 156542389 1256 
750 I 157211741 1504 
751 I 157211933 1504 
752 I 157211990 1256 
753 I 157800859 1504 
754 I 157801016 1504 
755 I 157801092 1256 
756 I 158479650 1504 
757 I 158479887 1504 
758 I 158480039 1256 
759 I 159083832 1504 
760 I 159083948 1504 
761 I 159084026 1256 
762 I 159721500 1504 
763 I 159721824 1504 
764 I 159722063 1256 
765 I 160329090 1504 
766 I 160329358 1504 
767 I 160329428 1256 
768 I 162729284 1504 
769 I 162729381 1504 
770 I 162729599 1504 
771 I 162729852 1504 
772 I 162729939 1504 
773 I 162730063 1008 
774 I 163945860 1504 
775 I 163945992 1504 
776 I 163946133 1256 
777 I 163946244 1504 
778 I 163946607 1504 
779 I 163946756 1256 
780 I 165178201 1504 
781 I 165178397 1504 
782 I 165178570 1256 
783 I 165179229 1504 
784 I 165179423 1504 
785 I 165179524 1256 
786 I 166385272 1504 
787 I 166385379 1504 
788 I 166385466 1256 
789 I 166385592 1504 
790 I 166385728 1504 
791 I 166385800 1256 
792 I 167606582 1504 
793 I 167606781 1504 
794 I 167606859 1256 
795 I 167607098 1504 
796 I 167607347 1504 
797 I 167607463 1256 
798 I 168785610 1504 
799 I 168785831 1504 
800 I 168786174 1256 
801 I 168789426 1504 
802 I 168789712 1504 
803 I 168789929 1256 
804 I 169993388 1504 
805 I 169993470 1504 
806 I 169993535 1256 
807 I 169995869 1504 
808 I 169996020 1504 
809 I 169996123 1256 
810 I 171175046 1504 
811 I 171175219 1504 
812 I 171175373 1256 
813 I 171175652 1504 
814 I 171175847 1504 
815 I 171175919 1256 
816 I 172343521 1504 
817 I 172343624 1504 
818 I 172343859 1256 
819 I 172345215 1504 
820 I 172345400 1504 
821 I 172345482 1256 
822 I 173506846 1504 
823 I 173507031 1504 
824 I 173507215 1256 
825 I 173511024 1504 
826 I 173511165 1504 
827 I 173511222 1256 
828 I 174676085 1504 
829 I 174676161 1504 
830 I 174676228 1256 
831 I 174679348 1504 
832 I 174679531 1504 
833 I 174679766 1256 
834 I 175871548 1504 
835 I 175871709 1504 
836 I 175871772 1256 
837 I 175875851 1504 
838 I 175875929 1504 
839 I 175876019 1256 
840 I 177095233 1504 
841 I 177095465 1504 
842 I 177095690 1256 
843 I 177098700 1504 
844 I 177098948 1504 
845 I 177099027 1256 
846 I 178300926 1504 
847 I 178301099 1504 
848 I 178301171 1256 
849 I 178303822 1504 
850 I 178303906 1504 
851 I 178303968 1256 
852 I 179520817 1504 
853 I 179521048 1504 
854 I 179521205 1256 
855 I 179525263 1504 
856 I 179525500 1504 
857 I 179525937 1256 
858 I 180717767 1504 
859 I 180717954 1504 
860 I 180718190 1256 
861 I 180720726 1504 
862 I 180720833 1504 
863 I 180720974 1256 
864 I 181896707 1504 
865 I 181896887 1504 
866 I 181897028 1256 
867 I 181898911 1504 
868 I 181899277 1504 
869 I 181899369 1256 
870 I 183105010 1504 
871 I 183105176 1504 
872 I 183105231 1256 
873 I 183108888 1504 
874 I 183109042 1504 
875 I 183109132 1256 
876 I 184314517 1504 
877 I 184314673 1504 
878 I 184314753 1256 
879 I 184316674 1504 
880 I 184316850 1504 
881 I 184316933 1256 
882 I 185560149 1504 
883 I 185560260 1504 
884 I 185560351 1256 
885 I 185563947 1504 
886 I 185564163 1504 
887 I 185564218 1256 
888 I 186779517 1504 
889 I 186779791 1504 
890 I 186780039 1256 
891 I 186868775 1504 
892 I 186869088 1504 
893 I 186869143 1256 
894 I 188018734 1504 
895 I 188018832 1504 
896 I 188019085 1256 
897 I 188140716 1504 
898 I 188140830 1504 
899 I 188140994 1256 
900 I 189258456 1504 
901 I 189258746 1504 
902 I 189258848 1256 
903 I 189370488 1504 
904 I 189370619 1504 
905 I 189370769 1256 
906 I 190481784 1504 
907 I 190482144 1504 
908 I 190482215 1256 
909 I 190587734 1504 
910 I 190587846 1504 
911 I 190588051 1256 
912 I 191688695 1504 
913 I 191688806 1504 
914 I 191688860 1256 
915 I 191800069 1504 
916 I 191800244 1504 
917 I 191800294 1256 
918 I 192876108 1504 
919 I 192876210 1504 
920 I 192876443 1256 
921 I 192987375 1504 
922 I 192987546 1504 
923 I 192987695 1256 
924 I 194086715 1504 
925 I 194086819 1504 
926 I 194086895 1256 
927 I 194190826 1504 
928 I 194191040 1504 
929 I 194191188 1256 
930 I 195333655 1504 
931 I 195333780 1504 
932 I 195333858 1256 
933 I 195437791 1504 
934 I 195437985 1504 
935 I 195438050 1256 
936 I 196567406 1504 
937 I 196567563 1504 
938 I 196567624 1256 
939 I 196662212 1504 
940 I 196662374 1504 
941 I 196662449 1256 
942 I 197769555 1504 
943 I 197769748 1504 
944 I 197769803 1256 
945 I 197864643 1504 
946 I 197864742 1504 
947 I 197865011 1256 
948 I 198911467 1504 
949 I 198911581 1504 
950 I 198911668 1256 
951 I 198991636 1504 
952 I 198991853 1504 
953 I 198992083 1256 
954 I 200036225 1504 
955 I 200036320 1504 
956 I 200036556 1256 
957 I 200114498 1504 
958 I 200114878 1504 
959 I 200115041 1256 
960 I 201168491 1504 
961 I 201168733 1504 
962 I 201168967 1256 
963 I 201244709 1504 
964 I 201244891 1504 
965 I 201245053 1256 
966 I 202279897 1504 
967 I 202280057 1504 
968 I 202280136 1256 
969 I 202354665 1504 
970 I 202354867 1504 
971 I 202354933 1256 
972 I 203477789 1504 
973 I 203477931 1504 
974 I 203478012 1256 
975 I 203478392 1504 
976 I 203478580 1504 
977 I 203478684 1256 
978 I 204601307 1504 
979 I 204601401 1504 
980 I 204601491 1256 
981 I 204601681 1504 
982 I 204601840 1504 
983 I 204601919 1256 
984 I 205724688 1504 
985 I 205724784 1504 
986 I 205724871 1256 
987 I 205725191 1504 
988 I 205725316 1504 
989 I 205725487 1256 
990 I 206846073 1504 
991 I 206846250 1504 
992 I 206846319 1256 
993 I 206846574 1504 
994 I 206846882 1504 
995 I 206847048 1256 
996 I 207948323 1504 
997 I 207948488 1504 
998 I 207948542 1256 
999 I 207948830 1504 
1000 I 207948925 1504 
1001 I 207949122 1256 
1002 I 209090040 1504 
1003 I 209090158 1504 
1004 I 209090319 1256 
1005 I 209182273 1504 
1006 I 209182514 1504 
1007 I 209182600 1256 
1008 I 210226460 1504 
1009 I 210226553 1504 
1010 I 210226792 1256 
1011 I 210322811 1504 
1012 I 210322934 1504 
1013 I 210323044 1256 
1014 I 211360898 1504 
1015 I 211361189 1504 
1016 I 211361361 1256 
1017 I 211459555 1504 
1018 I 211459688 1504 
1019 I 211459782 1256 
1020 I 212486640 1504 
1021 I 212486733 1504 
1022 I 212486792 1256 
1023 I 212586398 1504 
1024 I 212586542 1504 
1025 I 212586799 1256 
1026 I 213611703 1504 
1027 I 213611931 1504 
1028 I 213612002 1256 
1029 I 213784934 1504 
1030 I 213785106 1504 
1031 I 213785263 1256 
1032 I 214718144 1504 
1033 I 214718521 1504 
1034 I 214718597 1256 
1035 I 214882338 1504 
1036 I 214882532 1504 
1037 I 214882683 1256 
1038 I 215827199 1504 
1039 I 215827387 1504 
1040 I 215827501 1256 
1041 I 215986660 1504 
1042 I 215986797 1504 
1043 I 215986993 1256 
1044 I 216879068 1504 
1045 I 216879176 1504 
1046 I 216879322 1256 
1047 I 217031676 1504 
1048 I 217031831 1504 
1049 I 217031975 1256 
1050 I 218035596 1504 
1051 I 218035697 1504 
1052 I 218035781 1256 
1053 I 218090076 1504 
1054 I 218090185 1504 
1055 I 218090336 1256 
1056 I 219100553 1504 
1057 I 219100684 1504 
1058 I 219100884 1256 
1059 I 219175464 1504 
1060 I 219175552 1504 
1061 I 219175611 1256 
1062 I 220173398 1504 
1063 I 220173505 1504 
1064 I 220173588 1256 
1065 I 220234774 1504 
1066 I 220235029 1504 
1067 I 220235178 1256 
1068 I 221268411 1504 
1069 I 221268516 1504 
1070 I 221268593 1256 
1071 I 221329469 1504 
1072 I 221329618 1504 
1073 I 221329782 1256 
1074 I 222383182 1504 
1075 I 222383285 1504 
1076 I 222383369 1256 
1077 I 222448101 1504 
1078 I 222448247 1504 
1079 I 222448398 1256 
1080 I 223472238 1504 
1081 I 223472349 1504 
1082 I 223472495 1256 
1083 I 223532852 1504 
1084 I 223533113 1504 
1085 I 223533191 1256 
1086 I 224566811 1504 
1087 I 224566999 1504 
1088 I 224567051 1256 
1089 I 224631025 1504 
1090 I 224631216 1504 
1091 I 224631286 1256 
1092 I 225637791 1504 
1093 I 225637924 1504 
1094 I 225638040 1256 
1095 I 225696292 1504 
1096 I 225696403 1504 
1097 I 225696492 1256 
1098 I 226698381 1504 
1099 I 226698538 1504 
1100 I 226698610 1256 
1101 I 226761599 1504 
1102 I 226761928 1504 
1103 I 226762134 1256 
1104 I 227761104 1504 
1105 I 227761290 1504 
1106 I 227761449 1256 
1107 I 227821355 1504 
1108 I 227821433 1504 
1109 I 227821652 1256 
1110 I 228799018 1504 
1111 I 228799137 1504 
1112 I 228799281 1256 
1113 I 228852766 1504 
1114 I 228852858 1504 
1115 I 228852954 1256 
1116 I 229840908 1504 
1117 I 229841003 1504 
1118 I 229841225 1256 
1119 I 229887069 1504 
1120 I 229887161 1504 
1121 I 229887228 1256 
1122 I 230937168 1504 
1123 I 230937308 1504 
1124 I 230937362 1256 
1125 I 230937515 1504 
1126 I 230937638 1504 
1127 I 230937729 1256 
1128 I 231979262 1504 
1129 I 231979352 1504 
1130 I 231979417 1256 
1131 I 231979761 1504 
1132 I 231979846 1504 
1133 I 231979907 1256 
1134 I 233127021 1504 
1135 I 233127184 1504 
1136 I 233127287 1256 
1137 I 233207458 1504 
1138 I 233207567 1504 
1139 I 233207721 1256 
1140 I 234415410 1504 
1141 I 234415642 1504 
1142 I 234415863 1256 
1143 I 234416339 1504 
1144 I 234416512 1504 
1145 I 234416578 1256 
1146 I 235603434 1504 
1147 I 235603553 1504 
1148 I 235603701 1256 
1149 I 235604777 1504 
1150 I 235605037 1504 
1151 I 235605182 1256 
1152 I 236775099 1504 
1153 I 236775179 1504 
1154 I 236775274 1256 
1155 I 236775666 1504 
1156 I 236775850 1504 
1157 I 236775938 1256 
1158 I 237897302 1504 
1159 I 237897408 1504 
1160 I 237897474 1256 
1161 I 237898797 1504 
1162 I 237898907 1504 
1163 I 237898988 1256 
1164 I 239012037 1504 
1165 I 239012220 1504 
1166 I 239012469 1256 
1167 I 239016089 1504 
1168 I 239016196 1504 
1169 I 239016330 1256 
1170 I 240175890 1504 
1171 I 240176142 1504 
1172 I 240176205 1256 
1173 I 240177658 1504 
1174 I 240177763 1504 
1175 I 240177919 1256 
1176 I 241303948 1504 
1177 I 241304078 1504 
1178 I 241304144 1256 
1179 I 241305792 1504 
1180 I 241305900 1504 
1181 I 241305975 1256 
1182 I 242398461 1504 
1183 I 242398811 1504 
1184 I 242398875 1256 
1185 I 242500631 1504 
1186 I 242500818 1504 
1187 I 242500961 1256 
1188 I 243491557 1504 
1189 I 243491729 1504 
1190 I 243491796 1256 
1191 I 243676578 1504 
1192 I 243676937 1504 
1193 I 243677026 1256 
1194 I 244541884 1504 
1195 I 244541970 1504 
1196 I 244542038 1256 
1197 I 244823429 1504 
1198 I 244823547 1504 
1199 I 244823642 1256 
1200 I 245590115 1504 
1201 I 245590388 1504 
1202 I 245590443 1256 
1203 I 245888986 1504 
1204 I 245889179 1504 
1205 I 245889356 1256 
1206 I 246666065 1504 
1207 I 246666229 1504 
1208 I 246666378 1256 
1209 I 246981436 1504 
1210 I 246981570 1504 
1211 I 246981715 1256 
1212 I 247797231 1504 
1213 I 247797347 1504 
1214 I 247797404 1256 
1215 I 248111922 1504 
1216 I 248112189 1504 
1217 I 248112445 1256 
1218 I 248906294 1504 
1219 I 248906413 1504 
1220 I 248906490 1256 
1221 I 249205524 1504 
1222 I 249205843 1504 
1223 I 249205921 1256 
1224 I 249947359 1504 
1225 I 249947594 1504 
1226 I 249947819 1256 
1227 I 250217329 1504 
1228 I 250217503 1504 
1229 I 250217663 1256 
1230 I 250984607 1504 
1231 I 250984958 1504 
1232 I 250985115 1256 
1233 I 251243525 1504 
1234 I 251243620 1504 
1235 I 251243709 1256 
1236 I 252005840 1504 
1237 I 252005926 1504 
1238 I 252005988 1256 
1239 I 252263644 1504 
1240 I 252263916 1504 
1241 I 252264200 1256 
1242 I 253022084 1504 
1243 I 253022186 1504 
1244 I 253022260 1256 
1245 I 253342332 1504 
1246 I 253342490 1504 
1247 I 253342564 1256 
1248 I 254195984 1504 
1249 I 254196308 1504 
1250 I 254196394 1256 
1251 I 254469388 1504 
1252 I 254469576 1504 
1253 I 254469850 1256 
1254 I 255313867 1504 
1255 I 255314029 1504 
1256 I 255314286 1256 
1257 I 255592979 1504 
1258 I 255593115 1504 
1259 I 255593187 1256 
1260 I 256441363 1504 
1261 I 256441540 1504 
1262 I 256441716 1256 
1263 I 256719023 1504 
1264 I 256719127 1504 
1265 I 256719210 1256 
1266 I 257565514 1504 
1267 I 257565610 1504 
1268 I 257565704 1256 
1269 I 257820443 1504 
1270 I 257820573 1504 
1271 I 257820720 1256 
1272 I 258671737 1504 
1273 I 258671895 1504 
1274 I 258672010 1256 
1275 I 258929964 1504 
1276 I 258930074 1504 
1277 I 258930144 1256 
1278 I 259786276 1504 
1279 I 259786546 1504 
1280 I 259786613 1256 
1281 I 260037365 1504 
1282 I 260037487 1504 
1283 I 260037538 1256 
1284 I 260888694 1504 
1285 I 260888963 1504 
1286 I 260889152 1256 
1287 I 261137190 1504 
1288 I 261137369 1504 
1289 I 261137516 1256 
1290 I 262081411 1504 
1291 I 262081677 1504 
1292 I 262081846 1256 
1293 I 262320393 1504 
1294 I 262320481 1504 
1295 I 262320637 1256 
1296 I 263228389 1504 
1297 I 263228468 1504 
1298 I 263228535 1256 
1299 I 263462647 1504 
1300 I 263462938 1504 
1301 I 263462996 1256 
1302 I 264322601 1504 
1303 I 264322689 1504 
1304 I 264322758 1256 
1305 I 264633395 1504 
1306 I 264633532 1504 
1307 I 264633699 1256 
1308 I 265390992 1504 
1309 I 265391099 1504 
1310 I 265391264 1256 
1311 I 265712763 1504 
1312 I 265712946 1504 
1313 I 265713111 1256 
1314 I 266518187 1504 
1315 I 266518366 1504 
1316 I 266518523 1256 
1317 I 266835680 1504 
1318 I 266835873 1504 
1319 I 266835943 1256 
1320 I 267595218 1504 
1321 I 267595346 1504 
1322 I 267595417 1256 
1323 I 267890674 1504 
1324 I 267890858 1504 
1325 I 267890942 1256 
1326 I 268639068 1504 
1327 I 268639170 1504 
1328 I 268639254 1256 
1329 I 268931063 1504 
1330 I 268931153 1504 
1331 I 268931320 1256 
1332 I 269680239 1504 
1333 I 269680421 1504 
1334 I 269680561 1256 
1335 I 269960410 1504 
1336 I 269960655 1504 
1337 I 269960699 1256 
1338 I 270711437 1504 
1339 I 270711688 1504 
1340 I 270711772 1256 
1341 I 270978784 1504 
1342 I 270979053 1504 
1343 I 270979201 1256 
1344 I 271800278 1504 
1345 I 271800443 1504 
1346 I 271800498 1256 
1347 I 272082997 1504 
1348 I 272083260 1504 
1349 I 272083412 1256 
1350 I 272881905 1504 
1351 I 272882179 1504 
1352 I 272882254 1256 
1353 I 273171088 1504 
1354 I 273171226 1504 
1355 I 273171522 1256 
1356 I 273948380 1504 
1357 I 273948636 1504 
1358 I 273948708 1256 
1359 I 274234154 1504 
1360 I 274234326 1504 
1361 I 274234416 1256 
1362 I 275157141 1504 
1363 I 275157270 1504 
1364 I 275157356 1256 
1365 I 275303359 1504 
1366 I 275303519 1504 
1367 I 275303595 1256 
1368 I 276320460 1504 
1369 I 276320813 1504 
1370 I 276320867 1256 
1371 I 276372750 1504 
1372 I 276372908 1504 
1373 I 276372979 1256 
1374 I 277380348 1504 
1375 I 277380484 1504 
1376 I 277380559 1256 
1377 I 277431755 1504 
1378 I 277432245 1504 
1379 I 277432395 1256 
1380 I 278446070 1504 
1381 I 278446185 1504 
1382 I 278446256 1256 
1383 I 278592931 1504 
1384 I 278593041 1504 
1385 I 278593109 1256 
1386 I 279499619 1504 
1387 I 279499796 1504 
1388 I 279499887 1256 
1389 I 279653119 1504 
1390 I 279653279 1504 
1391 I 279653340 1256 
1392 I 280544807 1504 
1393 I 280544926 1504 
1394 I 280545120 1256 
1395 I 280689945 1504 
1396 I 280690272 1504 
1397 I 280690336 1256 
1398 I 281584656 1504 
1399 I 281584926 1504 
1400 I 281585130 1256 
1401 I 281718075 1504 
1402 I 281718259 1504 
1403 I 281718335 1256 
1404 I 282613929 1504 
1405 I 282614042 1504 
1406 I 282614177 1256 
1407 I 282746221 1504 
1408 I 282746387 1504 
1409 I 282746439 1256 
1410 I 283653313 1504 
1411 I 283653492 1504 
1412 I 283653646 1256 
1413 I 283785791 1504 
1414 I 283785959 1504 
1415 I 283786127 1256 
1416 I 284689835 1504 
1417 I 284690062 1504 
1418 I 284690120 1256 
1419 I 284815199 1504 
1420 I 284815314 1504 
1421 I 284815467 1256 
1422 I 285740195 1504 
1423 I 285740297 1504 
1424 I 285740365 1256 
1425 I 285871430 1504 
1426 I 285871618 1504 
1427 I 285871789 1256 
1428 I 286820805 1504 
1429 I 286820930 1504 
1430 I 286821082 1256 
1431 I 286958781 1504 
1432 I 286959039 1504 
1433 I 286959191 1256 
1434 I 287891079 1504 
1435 I 287891264 1504 
1436 I 287891558 1256 
1437 I 288020248 1504 
1438 I 288020363 1504 
1439 I 288020513 1256 
1440 I 288929046 1504 
1441 I 288929155 1504 
1442 I 288929281 1256 
1443 I 289079079 1504 
1444 I 289079215 1504 
1445 I 289079296 1256 
1446 I 289998750 1504 
1447 I 289998921 1504 
1448 I 289998988 1256 
1449 I 290145254 1504 
1450 I 290145349 1504 
1451 I 290145580 1256 
1452 I 291109186 1504 
1453 I 291109378 1504 
1454 I 291109615 1256 
1455 I 291232715 1504 
1456 I 291232864 1504 
1457 I 291232923 1256 
1458 I 292194207 1504 
1459 I 292194724 1504 
1460 I 292194786 1256 
1461 I 292314103 1504 
1462 I 292314193 1504 
1463 I 292314330 1256 
1464 I 293301642 1504 
1465 I 293301848 1504 
1466 I 293302005 1256 
1467 I 293413590 1504 
1468 I 293413790 1504 
1469 I 293413967 1256 
1470 I 294421652 1504 
1471 I 294422238 1504 
1472 I 294422446 1256 
1473 I 294530768 1504 
1474 I 294530964 1504 
1475 I 294531027 1256 
1476 I 295529296 1504 
1477 I 295529623 1504 
1478 I 295529935 1256 
1479 I 295633127 1504 
1480 I 295633291 1504 
1481 I 295633363 1256 
1482 I 296756065 1504 
1483 I 296756150 1504 
1484 I 296756305 1256 
1485 I 296761752 1504 
1486 I 296761865 1504 
1487 I 296761940 1256 
1488 I 297846084 1504 
1489 I 297846193 1504 
1490 I 297846270 1256 
1491 I 297852348 1504 
1492 I 297852611 1504 
1493 I 297852681 1256 
1494 I 298942434 1504 
1495 I 298942662 1504 
1496 I 298942730 1256 
1497 I 298950404 1504 
1498 I 298950543 1504 
1499 I 298950617 1256 
