0 I 0 64 
1 I 5608439 56 
2 I 8769288 56 
3 I 8769290 435 
4 I 9554182 56 
5 I 12847147 56 
6 I 14752794 64 
7 I 18068790 64 
8 I 24879472 56 
9 I 29910225 56 
10 I 29910234 435 
11 I 30605926 56 
12 I 31295580 56 
13 I 31369906 56 
14 I 31369924 435 
15 I 31999314 56 
16 I 35981298 64 
17 I 36678854 56 
18 I 37325484 64 
19 I 37998968 56 
20 I 40058304 56 
21 I 40900454 56 
22 I 40900457 435 
23 I 41596899 56 
24 I 44153684 56 
25 I 46978534 64 
26 I 47230202 56 
27 I 47230218 435 
28 I 47931688 56 
29 I 49722839 56 
30 I 53209317 64 
31 I 53493354 44 
32 I 56148567 56 
33 I 60556595 56 
34 I 89234700 64 
35 I 92308210 56 
36 I 93961846 56 
37 I 93961858 435 
38 I 94711715 56 
39 I 99402863 56 
40 I 99402881 435 
41 I 100182834 56 
42 I 102144967 44 
43 I 104813200 56 
44 I 104813217 435 
45 I 105614289 56 
46 I 106113966 56 
47 I 106113983 435 
48 I 106894254 56 
49 I 110889993 64 
50 I 111382729 64 
51 I 112137853 56 
52 I 112168782 64 
53 I 112924133 56 
54 I 117832707 56 
55 I 117832724 435 
56 I 118124211 56 
57 I 118242779 56 
58 I 118242796 435 
59 I 118482637 56 
60 I 118519889 56 
61 I 118922083 56 
62 I 123756643 64 
63 I 124086217 64 
64 I 126247054 56 
65 I 127572781 64 
66 I 128226009 56 
67 I 146383943 435 
68 I 146384080 56 
69 I 146977362 56 
70 I 152151615 64 
71 I 152863558 44 
72 I 155573911 64 
73 I 166214405 56 
74 I 166214418 435 
75 I 166872050 56 
76 I 167005264 56 
77 I 167005289 435 
78 I 167677057 56 
79 I 168333133 56 
80 I 172014291 56 
81 I 172092454 64 
82 I 172564719 435 
83 I 172564721 56 
84 I 172929624 64 
85 I 173229400 56 
86 I 173606313 56 
87 I 175574741 64 
88 I 175657440 56 
89 I 176218823 56 
90 I 180324789 56 
91 I 180324806 435 
92 I 180994917 56 
93 I 182304985 56 
94 I 182305005 435 
95 I 182973803 56 
96 I 184465749 64 
97 I 185137881 56 
98 I 185334645 56 
99 I 188232979 64 
100 I 192291818 64 
101 I 192935847 56 
102 I 194353561 56 
103 I 222426311 56 
104 I 222426327 435 
105 I 223010494 56 
106 I 227686343 56 
107 I 227686360 435 
108 I 228173727 64 
109 I 228796366 56 
110 I 230296524 56 
111 I 230296526 435 
112 I 230686261 435 
113 I 231342572 56 
114 I 234206173 56 
115 I 236117297 44 
116 I 236173760 64 
117 I 236783106 56 
118 I 239217038 56 
119 I 239217056 435 
120 I 239793805 56 
121 I 242544139 64 
122 I 244312703 56 
123 I 245103962 64 
124 I 245663969 56 
125 I 247017117 56 
126 I 247017131 435 
127 I 247418066 56 
128 I 247564198 56 
129 I 248426999 435 
130 I 248427001 56 
131 I 249200023 56 
132 I 250570568 56 
133 I 252697123 56 
134 I 254259303 64 
135 I 254864318 56 
136 I 258990411 64 
137 I 262077581 64 
138 I 262224803 44 
139 I 264963668 64 
140 I 265519367 56 
141 I 271106549 44 
142 I 282878515 56 
143 I 282878533 435 
144 I 283511516 56 
145 I 288757821 64 
146 I 289381136 56 
147 I 290858485 56 
148 I 290858502 435 
149 I 291238275 56 
150 I 291457000 56 
