0 I 0 66 
1 I 305771 64 
2 I 21717235 66 
3 I 21917819 64 
4 I 21917824 64 
5 I 21963512 64 
6 I 21984279 64 
7 I 21984284 64 
8 I 22041419 66 
9 I 22047296 66 
10 I 22069241 66 
11 I 22086575 66 
12 I 22105971 66 
13 I 22129809 66 
14 I 22153899 66 
15 I 22244334 66 
16 I 22266511 66 
17 I 22281696 64 
18 I 22281700 64 
19 I 22292130 64 
20 I 22301729 64 
21 I 22301734 64 
22 I 22306448 64 
23 I 22306453 64 
24 I 22363112 66 
25 I 22380405 66 
26 I 22393345 66 
27 I 22410861 64 
28 I 22411111 64 
29 I 22411115 64 
30 I 22411404 64 
31 I 22413344 66 
32 I 22416626 64 
33 I 22416631 64 
34 I 22417428 64 
35 I 22417451 64 
36 I 22454742 66 
37 I 22471009 66 
38 I 22521612 64 
39 I 22521616 64 
40 I 22523488 64 
41 I 22523653 64 
42 I 22526639 64 
43 I 22526729 64 
44 I 22529860 64 
45 I 22529864 64 
46 I 22530176 64 
47 I 22530304 64 
48 I 22593215 66 
49 I 22611884 66 
50 I 22634490 66 
51 I 22711006 66 
52 I 22729686 66 
53 I 22743489 66 
54 I 22751487 64 
55 I 22751491 64 
56 I 22756813 64 
57 I 22756817 64 
58 I 22756821 64 
59 I 22756911 64 
60 I 22797977 64 
61 I 22797982 64 
62 I 22802535 64 
63 I 22802996 64 
64 I 22803779 66 
65 I 22833712 66 
66 I 22857499 66 
67 I 22906134 64 
68 I 22906138 64 
69 I 22962892 64 
70 I 22962946 64 
71 I 22963600 66 
72 I 22991602 64 
73 I 22991606 64 
74 I 22992940 64 
75 I 22992945 64 
76 I 22997679 64 
77 I 22997683 64 
78 I 23064951 66 
79 I 23086806 66 
80 I 23100661 64 
81 I 23100665 64 
82 I 23105208 64 
83 I 23105213 64 
84 I 23106632 64 
85 I 23106636 64 
86 I 23109546 66 
87 I 23133400 66 
88 I 23152742 66 
89 I 23175133 66 
90 I 23216768 64 
91 I 23216772 64 
92 I 23244005 66 
93 I 23321459 64 
94 I 23321464 64 
95 I 23324110 64 
96 I 23324115 64 
97 I 23324874 64 
98 I 23325102 64 
99 I 23325441 64 
100 I 23325446 64 
101 I 23326617 64 
102 I 23326622 64 
103 I 23384080 64 
104 I 23389561 64 
105 I 23389703 64 
106 I 23443995 66 
107 I 23461339 66 
108 I 23489745 66 
109 I 23491894 64 
110 I 23491899 64 
111 I 23510350 66 
112 I 23531155 66 
113 I 23544835 66 
114 I 23610771 64 
115 I 23610776 64 
116 I 23610788 64 
117 I 23610792 64 
118 I 23635669 66 
119 I 23667291 66 
120 I 23801836 66 
121 I 23819266 66 
122 I 23821375 64 
123 I 23821379 64 
124 I 23821411 64 
125 I 23821439 64 
126 I 23821563 64 
127 I 23821568 64 
128 I 23823010 64 
129 I 23823031 64 
130 I 23836675 66 
131 I 23884776 66 
132 I 23894760 66 
133 I 23913307 66 
134 I 23930927 64 
135 I 23930932 64 
136 I 23936750 64 
137 I 23936755 64 
138 I 24111637 66 
139 I 24116887 64 
140 I 24116892 64 
141 I 24116896 64 
142 I 24116900 64 
143 I 24116904 64 
144 I 24117006 64 
145 I 24117218 64 
146 I 24117223 64 
147 I 24118378 64 
148 I 24118382 64 
149 I 24138705 66 
150 I 24223005 64 
151 I 24223010 64 
152 I 24278576 64 
153 I 24278588 64 
154 I 24439413 64 
155 I 24439418 64 
156 I 24732529 66 
157 I 24861815 64 
158 I 24861820 64 
159 I 39512332 66 
160 I 39580919 64 
161 I 41304640 66 
162 I 41346098 64 
163 I 41346103 64 
164 I 41408147 66 
165 I 41550301 64 
166 I 41550316 64 
167 I 41660667 64 
168 I 41660673 64 
169 I 62284823 66 
170 I 62650438 64 
171 I 64180418 64 
172 I 64180480 64 
173 I 66282778 66 
174 I 66604229 64 
175 I 68450835 64 
176 I 68450988 64 
