0 I 0 64 
1 I 1260 64 
2 I 1487 77 
3 I 42062 64 
4 I 48385 568 
5 I 49657 64 
6 I 92061 64 
7 I 132059 64 
8 I 158781 101 
9 I 260686 104 
10 I 1014390 98 
11 I 1029342 422 
12 I 1030156 98 
13 I 1032981 225 
14 I 1043166 388 
15 I 1048721 388 
16 I 1054084 388 
17 I 1059942 388 
18 I 1078345 388 
19 I 1080240 388 
20 I 1086474 388 
21 I 1092785 388 
22 I 1098536 388 
23 I 1103926 388 
24 I 1129994 388 
25 I 1132096 388 
26 I 1138335 388 
27 I 1143803 388 
28 I 1149619 388 
29 I 1155254 388 
30 I 1161104 388 
31 I 1166958 388 
32 I 1177637 388 
33 I 1179538 388 
34 I 1185527 388 
35 I 1191392 388 
36 I 1197795 388 
37 I 1203636 388 
38 I 1208983 388 
39 I 1214813 388 
40 I 1229609 388 
41 I 1238625 241 
42 I 1243756 241 
43 I 1249625 237 
44 I 1296785 164 
45 I 1302762 164 
