0 I 0 66 
1 I 65916 64 
2 I 4142748 64 
3 I 4144169 64 
4 I 4208688 64 
5 I 4274887 64 
6 I 4341209 64 
7 I 4421084 64 
8 I 4501131 64 
9 I 4569895 64 
10 I 4651194 64 
11 I 4731127 64 
12 I 4811109 64 
13 I 4846971 64 
14 I 4864524 66 
15 I 4891157 64 
16 I 4917692 64 
17 I 4919147 64 
18 I 4931106 64 
19 I 4997640 64 
20 I 4998370 64 
21 I 5063393 64 
22 I 5065351 64 
23 I 5129275 64 
24 I 5131174 64 
25 I 5133020 64 
26 I 5195668 64 
27 I 5197524 64 
28 I 5199381 64 
29 I 5205535 64 
30 I 5207136 64 
31 I 5294598 66 
32 I 5360598 64 
33 I 5427761 64 
34 I 5428753 64 
35 I 5429825 64 
36 I 5434277 64 
37 I 5592508 66 
38 I 5658372 64 
39 I 5724708 64 
40 I 5725485 64 
41 I 5790953 64 
42 I 5793171 64 
43 I 5794296 64 
44 I 5898558 66 
45 I 5963918 64 
46 I 6030842 64 
47 I 6032062 64 
48 I 6097179 64 
49 I 6098980 64 
50 I 6163025 64 
51 I 6165034 64 
52 I 6166824 64 
53 I 6229592 64 
54 I 6231527 64 
55 I 6233326 64 
56 I 6235281 64 
57 I 6236334 64 
58 I 6300740 66 
59 I 6365824 64 
60 I 6433223 64 
61 I 6433298 64 
62 I 6433303 64 
63 I 6434995 64 
64 I 6720497 66 
65 I 6786391 64 
66 I 6854225 64 
67 I 6855346 64 
68 I 6856235 64 
69 I 6857020 64 
70 I 7066457 66 
71 I 7132783 64 
72 I 7199063 64 
73 I 7199261 64 
74 I 7199265 64 
75 I 7200350 64 
76 I 7362899 66 
77 I 7429443 64 
78 I 7495670 64 
79 I 7495952 64 
80 I 7495957 64 
81 I 7497693 64 
82 I 7736314 66 
83 I 7802167 64 
84 I 7869045 64 
85 I 7869768 64 
86 I 7934833 64 
87 I 7936430 64 
88 I 8056515 66 
89 I 8122628 64 
90 I 8188945 64 
91 I 8189880 64 
92 I 8254433 64 
93 I 8256838 64 
94 I 8332065 66 
95 I 8397776 64 
96 I 8463271 64 
97 I 8463276 64 
98 I 8464445 64 
99 I 8540496 66 
100 I 8544326 66 
101 I 8608233 64 
102 I 8610647 64 
103 I 8674919 64 
104 I 8674925 64 
105 I 8676586 64 
106 I 8676590 64 
107 I 8676595 64 
108 I 8830670 66 
109 I 8834436 66 
110 I 8871071 64 
111 I 8871479 64 
112 I 8896434 64 
113 I 8900889 64 
114 I 8962590 64 
115 I 8963221 64 
116 I 8963228 64 
117 I 8967425 64 
118 I 8967429 64 
119 I 8981838 64 
120 I 9024400 66 
121 I 9025608 64 
122 I 9028471 66 
123 I 9091245 64 
124 I 9094464 64 
125 I 9158147 64 
126 I 9158219 64 
127 I 9158224 64 
128 I 9160429 64 
129 I 9160781 64 
130 I 9160785 64 
131 I 9256727 66 
132 I 9264345 66 
133 I 9322619 64 
134 I 9330730 64 
135 I 9341273 64 
136 I 9341701 64 
137 I 9389160 64 
138 I 9389165 64 
139 I 9398101 64 
140 I 9398966 64 
141 I 9398970 64 
142 I 9400528 64 
143 I 9530410 66 
144 I 9534425 66 
145 I 9561119 64 
146 I 9596429 64 
147 I 9600729 64 
148 I 9662841 64 
149 I 9662932 64 
150 I 9667681 64 
151 I 9667685 64 
152 I 9667689 64 
153 I 9714679 66 
154 I 9718592 66 
155 I 9781123 64 
156 I 9781494 64 
157 I 9781498 64 
158 I 9785406 64 
159 I 9849123 64 
160 I 9849198 64 
161 I 9849203 64 
162 I 9852521 64 
163 I 9852525 64 
164 I 9932030 64 
165 I 9982550 66 
166 I 9986439 66 
167 I 10041068 64 
168 I 10049721 64 
169 I 10051917 64 
170 I 10116332 64 
171 I 10117094 64 
172 I 10117099 64 
173 I 10118374 64 
174 I 10118379 64 
175 I 10154152 64 
176 I 10178453 66 
177 I 10207472 66 
178 I 10244200 64 
179 I 10247880 64 
180 I 10275893 64 
181 I 10310255 64 
182 I 10311172 64 
183 I 10311177 64 
184 I 10342603 64 
185 I 10342753 64 
186 I 10342758 64 
187 I 10390365 66 
188 I 10456331 64 
189 I 10461065 64 
190 I 10461435 64 
191 I 10522493 64 
192 I 10541016 64 
193 I 10541021 64 
194 I 10639196 64 
195 I 35553381 66 
196 I 35618475 64 
197 I 39693586 64 
198 I 39695096 64 
199 I 39759014 64 
200 I 39761308 64 
201 I 39825510 64 
202 I 39827557 64 
203 I 39829515 64 
204 I 39892086 64 
205 I 39894317 64 
206 I 39896295 64 
207 I 39898445 64 
208 I 39957739 64 
209 I 39958761 64 
210 I 39961001 64 
211 I 39962853 64 
212 I 39964821 64 
213 I 39967011 64 
214 I 40023406 64 
215 I 40024679 64 
216 I 40027497 64 
217 I 40029474 64 
218 I 40031743 64 
219 I 40034010 64 
220 I 40035975 64 
221 I 40038248 64 
222 I 40040187 64 
223 I 40089743 64 
224 I 40092021 64 
225 I 40094114 64 
226 I 40096371 64 
227 I 40098321 64 
228 I 40100545 64 
229 I 40102857 64 
230 I 40104407 66 
231 I 40104865 64 
232 I 40107055 64 
233 I 40155199 64 
234 I 40158124 64 
235 I 40160262 64 
236 I 40162588 64 
237 I 40164715 64 
238 I 40166813 64 
239 I 40169074 64 
240 I 40171108 64 
241 I 40171367 64 
242 I 40173326 64 
243 I 40221891 64 
244 I 40224668 64 
245 I 40226863 64 
246 I 40229320 64 
247 I 40231609 64 
248 I 40233696 64 
249 I 40235787 64 
250 I 40237886 64 
251 I 40237891 64 
252 I 40238049 64 
253 I 40240260 64 
254 I 40287979 64 
255 I 40290417 64 
256 I 40292838 64 
257 I 40294799 64 
258 I 40298225 64 
259 I 40300158 64 
260 I 40302134 64 
261 I 40304306 64 
262 I 40306253 64 
263 I 40324521 66 
264 I 40340610 64 
265 I 40353892 64 
266 I 40356538 64 
267 I 40358836 64 
268 I 40361612 64 
269 I 40364435 64 
270 I 40366565 64 
271 I 40368627 64 
272 I 40370772 64 
273 I 40372852 64 
274 I 40390722 64 
275 I 40419910 64 
276 I 40423166 64 
277 I 40425263 64 
278 I 40440657 64 
279 I 40440679 64 
280 I 40458404 64 
281 I 40458441 64 
282 I 40458446 64 
283 I 40510805 64 
284 I 40584260 66 
285 I 40649816 64 
286 I 40670736 64 
287 I 40716605 64 
288 I 40716609 64 
289 I 40776383 66 
290 I 40829671 66 
291 I 40842570 64 
292 I 40890684 64 
293 I 40896113 64 
294 I 40909564 64 
295 I 40909569 64 
296 I 40963595 64 
297 I 40964230 64 
298 I 40964235 64 
299 I 41000810 64 
300 I 41038647 66 
301 I 41046390 66 
302 I 41105758 64 
303 I 41110691 64 
304 I 41112546 64 
305 I 41172431 64 
306 I 41172506 64 
307 I 41172511 64 
308 I 41179634 64 
309 I 41179707 64 
310 I 41179712 64 
311 I 41268529 66 
312 I 41282323 66 
313 I 41330675 64 
314 I 41331073 64 
315 I 41334617 64 
316 I 41348254 64 
317 I 41400432 64 
318 I 41400601 64 
319 I 41400605 64 
320 I 41414389 64 
321 I 41414467 64 
322 I 41414471 64 
323 I 41449968 64 
324 I 41450307 64 
325 I 41506397 66 
326 I 41572422 64 
327 I 41639418 64 
328 I 41640136 64 
329 I 41640141 64 
330 I 41780674 64 
331 I 61618987 66 
332 I 61684281 64 
333 I 62474577 64 
334 I 62476112 64 
335 I 62539785 64 
336 I 62541888 64 
337 I 62604949 64 
338 I 62608168 64 
339 I 62620419 64 
340 I 62671515 64 
341 I 62674805 64 
342 I 62686842 64 
343 I 62689002 64 
344 I 62737790 64 
345 I 62738771 64 
346 I 62741116 64 
347 I 62752368 64 
348 I 62754316 64 
349 I 62756331 64 
350 I 62803260 64 
351 I 62804504 64 
352 I 62807243 64 
353 I 62809195 64 
354 I 62811393 64 
355 I 62817880 64 
356 I 62820353 64 
357 I 62822562 64 
358 I 62824674 64 
359 I 62869510 64 
360 I 62871794 64 
361 I 62873913 64 
362 I 62876054 64 
363 I 62878168 64 
364 I 62883506 64 
365 I 62886145 64 
366 I 62888296 64 
367 I 62893524 64 
368 I 62935519 64 
369 I 62937761 64 
370 I 62939861 64 
371 I 62942037 64 
372 I 62944206 64 
373 I 62949763 64 
374 I 62952215 64 
375 I 62954616 64 
376 I 62959599 64 
377 I 63001666 64 
378 I 63003770 64 
379 I 63006557 64 
380 I 63008712 64 
381 I 63010916 64 
382 I 63015105 64 
383 I 63018195 64 
384 I 63020544 64 
385 I 63025700 64 
386 I 63067176 64 
387 I 63070194 64 
388 I 63072128 64 
389 I 63074474 64 
390 I 63076401 64 
391 I 63080795 64 
392 I 63083242 64 
393 I 63086772 64 
394 I 63091889 64 
395 I 63132714 64 
396 I 63135691 64 
397 I 63138117 64 
398 I 63140411 64 
399 I 63142472 64 
400 I 63145923 64 
401 I 63148964 64 
402 I 63170367 64 
403 I 63170388 64 
404 I 63210462 64 
405 I 63210470 64 
406 I 63210493 64 
407 I 63210497 64 
408 I 63236403 64 
409 I 63750529 66 
410 I 63816919 64 
411 I 63882673 64 
412 I 63882721 64 
413 I 63882726 64 
414 I 63960373 64 
415 I 154680929 66 
416 I 154747027 64 
417 I 155135818 64 
418 I 155137294 64 
419 I 155203611 64 
420 I 155270006 64 
421 I 155336440 64 
422 I 155419255 64 
423 I 155499291 64 
424 I 155568140 64 
425 I 155649270 64 
426 I 155720772 64 
427 I 155799258 64 
428 I 155879311 64 
429 I 155946618 64 
430 I 156013354 64 
431 I 156080077 64 
432 I 156099271 64 
433 I 156152964 64 
434 I 156179281 64 
435 I 156239285 64 
436 I 156251878 64 
437 I 156322190 64 
438 I 156330552 64 
439 I 156395193 64 
440 I 156395972 64 
