0 I 0 66 
1 I 725 64 
2 I 2603 64 
3 I 3573 64 
4 I 3987 64 
5 I 10495 66 
6 I 11068 64 
7 I 21240 64 
8 I 22199 64 
9 I 22819 64 
10 I 36404 66 
11 I 37182 64 
12 I 37667 66 
13 I 38362 64 
14 I 38838 64 
15 I 39799 64 
16 I 39803 64 
17 I 40293 64 
18 I 40818 64 
19 I 41431 64 
20 I 246707 66 
21 I 247250 64 
22 I 247655 66 
23 I 248172 64 
24 I 261741 64 
25 I 262682 64 
26 I 263253 64 
27 I 302090 64 
28 I 303059 64 
29 I 305768 64 
30 I 356389 66 
31 I 356829 64 
32 I 359162 64 
33 I 360104 64 
34 I 360937 64 
35 I 383080 66 
36 I 383780 64 
37 I 385853 64 
38 I 386227 66 
39 I 386836 64 
40 I 387019 64 
41 I 387590 64 
42 I 389417 64 
43 I 390376 64 
44 I 390933 64 
45 I 397365 66 
46 I 397932 64 
47 I 399737 64 
48 I 400682 64 
49 I 401171 64 
50 I 410329 66 
51 I 410748 64 
52 I 413410 64 
53 I 414366 64 
54 I 414954 64 
55 I 444728 66 
56 I 445223 64 
57 I 447167 64 
58 I 448104 64 
59 I 448619 64 
60 I 453851 66 
61 I 454451 64 
62 I 455884 64 
63 I 456844 64 
64 I 457386 64 
65 I 473556 66 
66 I 474102 64 
67 I 476170 64 
68 I 477112 64 
69 I 477806 64 
70 I 503082 66 
71 I 503717 64 
72 I 505622 64 
73 I 506644 64 
74 I 507067 64 
75 I 623793 66 
76 I 624249 64 
77 I 625996 64 
78 I 626991 64 
79 I 627567 64 
80 I 1188570 66 
81 I 1189141 64 
82 I 1192287 64 
83 I 1192916 66 
84 I 1193261 64 
85 I 1193395 64 
86 I 1194632 64 
87 I 1196319 64 
88 I 1197513 64 
89 I 1198254 64 
90 I 1198707 66 
91 I 1199152 64 
92 I 1227858 66 
93 I 1228303 64 
94 I 1230272 64 
95 I 1231240 64 
96 I 1231705 64 
97 I 1248849 66 
98 I 1249366 64 
99 I 1250249 66 
100 I 1250925 64 
101 I 1251392 66 
102 I 1252203 64 
103 I 1252547 66 
104 I 1252991 64 
105 I 1253551 64 
106 I 1254450 64 
107 I 1254885 64 
108 I 1255986 64 
109 I 1256042 64 
110 I 1256754 64 
111 I 1257522 66 
112 I 1257574 64 
113 I 1257618 64 
114 I 1257726 64 
115 I 1258102 64 
116 I 1258764 64 
117 I 1259669 64 
118 I 1259888 64 
119 I 1260684 66 
120 I 1260732 64 
121 I 1261278 64 
122 I 1261636 66 
123 I 1261691 64 
124 I 1262028 64 
125 I 1262612 64 
126 I 1263549 66 
127 I 1264073 64 
128 I 1265262 64 
129 I 1266451 66 
130 I 1266551 64 
131 I 1266628 64 
132 I 1267072 64 
133 I 1267270 64 
134 I 1267764 64 
135 I 1267845 64 
136 I 1268780 64 
137 I 1269280 64 
138 I 1269774 64 
139 I 1270024 66 
140 I 1270556 64 
141 I 1270630 64 
142 I 1271277 64 
143 I 1271298 64 
144 I 1271746 66 
145 I 1272429 64 
146 I 1272673 66 
147 I 1273457 64 
148 I 1274103 64 
149 I 1274158 66 
150 I 1274699 64 
151 I 1274981 64 
152 I 1275185 64 
153 I 1275877 64 
154 I 1276569 64 
155 I 1276743 64 
156 I 1277196 64 
157 I 1277522 64 
158 I 1277580 64 
159 I 1277687 64 
160 I 1278495 64 
161 I 1279312 64 
162 I 1283770 66 
163 I 1284228 66 
164 I 1284551 64 
165 I 1284899 64 
166 I 1286925 64 
167 I 1287694 64 
168 I 1287938 64 
169 I 1288640 64 
170 I 1288708 64 
171 I 1289127 64 
172 I 1296028 66 
173 I 1296700 64 
174 I 1299939 66 
175 I 1300141 64 
176 I 1300400 64 
177 I 1301424 64 
178 I 1302174 64 
179 I 1302797 64 
180 I 1303754 64 
181 I 1304316 64 
182 I 1306059 66 
183 I 1306507 64 
184 I 1308921 64 
185 I 1309872 64 
186 I 1309977 64 
187 I 1309982 64 
188 I 1310327 64 
189 I 1319603 66 
190 I 1320056 64 
191 I 1323018 64 
192 I 1323041 64 
193 I 1323283 66 
194 I 1323793 66 
195 I 1323948 64 
196 I 1324387 64 
197 I 1326473 64 
198 I 1327410 64 
199 I 1328183 64 
200 I 1332671 64 
201 I 1334716 64 
202 I 1339561 64 
203 I 1340129 64 
204 I 1340892 64 
205 I 1341340 64 
206 I 1348223 64 
207 I 1348249 64 
208 I 1350990 64 
209 I 1350995 64 
210 I 1455563 64 
211 I 1456239 64 
212 I 2580550 66 
213 I 2581866 64 
214 I 2595453 64 
215 I 2596496 64 
216 I 2597257 64 
217 I 2699696 66 
218 I 2700420 64 
219 I 2702949 66 
220 I 2703892 64 
221 I 2712201 64 
222 I 2713148 64 
223 I 2713797 64 
224 I 2720511 64 
225 I 2720515 64 
226 I 2781831 66 
227 I 2782374 64 
228 I 2784533 64 
229 I 2785566 64 
230 I 2786088 64 
231 I 2803236 66 
232 I 2803832 64 
233 I 2820665 64 
234 I 2821664 64 
235 I 2822500 64 
236 I 2855569 64 
237 I 2856243 64 
238 I 3019374 66 
239 I 3020023 64 
240 I 3033627 64 
241 I 3034552 64 
242 I 3037717 64 
243 I 3082371 66 
244 I 3082836 64 
245 I 3084351 66 
246 I 3084919 64 
247 I 3085473 66 
248 I 3086073 64 
249 I 3115086 64 
250 I 3115808 64 
251 I 3125704 64 
252 I 3125708 64 
253 I 3125712 64 
254 I 3126981 64 
255 I 3135507 64 
256 I 3135535 64 
257 I 3135558 64 
258 I 3135584 64 
259 I 3155511 64 
260 I 3155534 64 
261 I 3155558 64 
262 I 3155584 64 
263 I 3155606 64 
264 I 3175528 64 
265 I 3175578 64 
266 I 3175582 64 
267 I 3175691 66 
268 I 3176357 64 
269 I 3196291 64 
270 I 3196552 64 
271 I 3197789 64 
272 I 3198606 64 
273 I 3199284 64 
274 I 3199288 64 
275 I 3200767 64 
276 I 3202440 64 
277 I 3202444 64 
278 I 3202448 64 
279 I 3202452 64 
280 I 3202472 64 
281 I 3202476 64 
282 I 3204187 64 
283 I 3204191 64 
284 I 3262608 66 
285 I 3263776 64 
286 I 3286983 66 
287 I 3287417 64 
288 I 3295514 64 
289 I 3299867 64 
290 I 3304399 64 
291 I 3304496 64 
292 I 3305619 64 
293 I 3306054 64 
294 I 3306063 64 
295 I 3306085 64 
296 I 3306118 64 
297 I 3307085 64 
298 I 3307316 64 
299 I 3310901 64 
300 I 3311315 64 
301 I 3311574 64 
302 I 3311632 64 
303 I 3311778 64 
304 I 3311783 64 
305 I 3312573 64 
306 I 3312580 64 
307 I 3312585 64 
308 I 3313586 64 
309 I 3313590 64 
310 I 3313872 64 
311 I 3314136 64 
312 I 3314356 64 
313 I 3329062 64 
314 I 3331335 64 
315 I 3333440 64 
316 I 3341382 64 
317 I 3350998 64 
318 I 3353431 64 
319 I 3354056 64 
320 I 3405489 64 
321 I 3415577 64 
322 I 3417359 64 
323 I 3494168 66 
324 I 3494653 64 
325 I 3495390 66 
326 I 3496010 64 
327 I 3501587 66 
328 I 3502155 64 
329 I 3516118 64 
330 I 3516142 64 
331 I 3516994 64 
332 I 3520096 64 
333 I 3525640 64 
334 I 3525672 64 
335 I 3526253 64 
336 I 3526257 64 
337 I 3526261 64 
338 I 3526265 64 
339 I 3526533 64 
340 I 3526575 64 
341 I 3526635 64 
342 I 3526643 64 
343 I 3526663 64 
344 I 3527520 64 
345 I 3527771 64 
346 I 3528011 64 
347 I 3528716 64 
348 I 3528721 64 
349 I 3529093 64 
350 I 3529097 64 
351 I 3538468 64 
352 I 3556334 64 
353 I 3557367 64 
354 I 4079039 66 
355 I 4079748 64 
356 I 4081143 66 
357 I 4081770 64 
358 I 4083217 66 
359 I 4083830 64 
360 I 4090886 64 
361 I 4096926 64 
362 I 4105639 64 
363 I 4107501 64 
364 I 4108706 64 
365 I 4109168 64 
366 I 4109171 64 
367 I 4109175 64 
368 I 4109180 64 
369 I 4216062 64 
370 I 4216424 64 
371 I 4217346 64 
372 I 4219520 64 
373 I 4284312 66 
374 I 4285282 64 
375 I 4285472 66 
376 I 4286351 64 
377 I 4286641 66 
378 I 4287218 64 
379 I 4287759 66 
380 I 4288608 64 
381 I 4288817 66 
382 I 4289234 64 
383 I 4310410 64 
384 I 4313858 64 
385 I 4313893 64 
386 I 4313922 64 
387 I 4313957 64 
388 I 4315158 64 
389 I 4315701 64 
390 I 4315948 64 
391 I 4316999 64 
392 I 4317002 64 
393 I 4317435 64 
394 I 4319923 64 
395 I 4319927 64 
396 I 4319933 64 
397 I 4319937 64 
398 I 4320184 64 
399 I 4320188 64 
400 I 4320192 64 
401 I 4320196 64 
402 I 4320687 64 
403 I 4320691 64 
404 I 4321049 64 
405 I 4321412 64 
406 I 4321476 64 
407 I 4321672 64 
408 I 4322017 64 
409 I 4322462 64 
410 I 4323021 64 
411 I 4325387 64 
412 I 4328999 64 
413 I 4335488 64 
414 I 4335538 64 
415 I 4335547 64 
416 I 4335560 64 
417 I 4349710 64 
418 I 4350569 64 
419 I 4350656 64 
420 I 4354863 64 
421 I 4359830 64 
422 I 4470833 66 
423 I 4471929 64 
424 I 4529783 64 
425 I 4541978 64 
426 I 4541982 64 
427 I 4541986 64 
428 I 4541994 64 
429 I 4543096 64 
430 I 4597888 66 
431 I 4598065 66 
432 I 4598792 64 
433 I 4598820 64 
434 I 4599633 66 
435 I 4600158 64 
436 I 4629523 64 
437 I 4634250 64 
438 I 4635506 64 
439 I 4640363 64 
440 I 4645485 64 
441 I 4645491 64 
442 I 4645547 64 
443 I 4645552 64 
444 I 4645555 64 
445 I 4645559 64 
446 I 4645571 64 
447 I 4645580 64 
448 I 4645711 64 
449 I 4646200 64 
450 I 4646265 64 
451 I 4646292 64 
452 I 4646319 64 
453 I 4647211 64 
454 I 4647216 64 
455 I 4648488 64 
456 I 4656056 64 
457 I 4656459 64 
458 I 4656855 64 
459 I 4656902 64 
460 I 4656926 64 
461 I 4656952 64 
462 I 4657071 64 
463 I 4658297 64 
464 I 4658388 64 
465 I 4665853 64 
466 I 4666294 64 
467 I 4666573 64 
468 I 4666812 64 
469 I 4667071 64 
470 I 4667214 64 
471 I 4667454 64 
472 I 4669801 64 
473 I 4674739 64 
474 I 4675179 64 
475 I 4675441 64 
476 I 4675703 64 
477 I 4675706 64 
478 I 4676161 64 
479 I 4676446 64 
480 I 4680542 64 
481 I 4687883 64 
482 I 4688487 64 
483 I 4688758 64 
484 I 4689017 64 
485 I 4689274 64 
486 I 4689417 64 
487 I 4689670 64 
488 I 4694058 64 
489 I 4694498 64 
490 I 4694755 64 
491 I 4695013 64 
492 I 4695272 64 
493 I 4695414 64 
494 I 4695668 64 
495 I 4711424 64 
496 I 4711883 64 
497 I 4712140 64 
498 I 4712399 64 
499 I 4712658 64 
500 I 4712811 64 
501 I 4713054 64 
502 I 4721717 64 
503 I 4721958 64 
504 I 4722209 64 
505 I 4722449 64 
506 I 4722609 64 
507 I 4722829 64 
508 I 4723075 64 
509 I 4727238 64 
510 I 4727470 64 
511 I 4727708 64 
512 I 4727990 64 
513 I 4728100 64 
514 I 4739734 66 
515 I 4740849 66 
516 I 4740884 64 
517 I 4740928 66 
518 I 4741444 64 
519 I 4741471 64 
520 I 4741958 66 
521 I 4742617 64 
522 I 4745502 64 
523 I 4745526 64 
524 I 4745545 64 
525 I 4745601 64 
526 I 4745606 64 
527 I 4745610 64 
528 I 4745620 64 
529 I 4745642 64 
530 I 4755191 64 
531 I 4761424 64 
532 I 4765481 64 
533 I 4765502 64 
534 I 4765524 64 
535 I 4765546 64 
536 I 4765567 64 
537 I 4765588 64 
538 I 4765627 64 
539 I 4765632 64 
540 I 4775492 64 
541 I 4775513 64 
542 I 4775535 64 
543 I 4775555 64 
544 I 4777368 64 
545 I 4785479 64 
546 I 4795472 64 
547 I 4795528 64 
548 I 4795533 64 
549 I 4795537 64 
550 I 4795556 64 
551 I 4795560 64 
552 I 4795578 64 
553 I 4795604 64 
554 I 4809890 64 
555 I 4810083 64 
556 I 4810099 64 
557 I 4810123 64 
558 I 4810150 64 
559 I 4810176 64 
560 I 4811320 64 
561 I 4812558 64 
562 I 4812562 64 
563 I 4812566 64 
564 I 4817079 64 
565 I 4823628 64 
566 I 4825393 64 
567 I 4905462 64 
568 I 4915533 64 
569 I 4921659 64 
570 I 4935425 64 
571 I 4939497 64 
572 I 4940863 64 
573 I 4941032 64 
574 I 4941284 64 
575 I 4941524 64 
576 I 4941780 64 
577 I 4942020 64 
578 I 4954108 64 
579 I 4955479 64 
580 I 4955501 64 
581 I 4955540 64 
582 I 4955545 64 
583 I 4955560 64 
584 I 4955581 64 
585 I 4955622 64 
586 I 4955627 64 
587 I 4967603 66 
588 I 4968091 64 
589 I 4971621 64 
590 I 4972583 64 
591 I 4974654 64 
592 I 4975493 64 
593 I 4975567 64 
594 I 4975590 64 
595 I 4975595 64 
596 I 4975630 64 
597 I 4975651 64 
598 I 4975671 64 
599 I 4975693 64 
600 I 4995467 64 
601 I 5170953 64 
602 I 5172340 64 
603 I 5172679 64 
604 I 5172923 64 
605 I 5173169 64 
606 I 5173416 64 
607 I 5185471 64 
608 I 5185500 64 
609 I 5185524 64 
610 I 5185634 64 
611 I 5185659 64 
612 I 5185684 64 
613 I 5185706 64 
614 I 5185728 64 
615 I 5202136 66 
616 I 5203162 64 
617 I 5204555 66 
618 I 5205137 64 
619 I 5205503 64 
620 I 5205528 64 
621 I 5205532 64 
622 I 5205568 64 
623 I 5205589 64 
624 I 5205610 64 
625 I 5205654 64 
626 I 5205663 64 
627 I 5205794 66 
628 I 5206442 64 
629 I 5225494 64 
630 I 5260538 64 
631 I 5275478 64 
632 I 5275507 64 
633 I 5276811 64 
634 I 5277840 64 
635 I 5290392 64 
636 I 5291748 64 
637 I 5291752 64 
638 I 5291756 64 
639 I 5291761 64 
640 I 5292062 64 
641 I 5294651 64 
642 I 5294655 64 
643 I 5294659 64 
644 I 5295021 64 
645 I 5295029 64 
646 I 5295699 64 
647 I 5295933 64 
648 I 5296293 64 
649 I 5296551 64 
650 I 5296795 64 
651 I 5307559 64 
652 I 5307974 64 
653 I 5315474 64 
654 I 5315499 64 
655 I 5315522 64 
656 I 5315547 64 
657 I 5315567 64 
658 I 5315591 64 
659 I 5315615 64 
660 I 5315636 64 
661 I 5319615 66 
662 I 5320083 64 
663 I 5320501 66 
664 I 5321195 64 
665 I 5321200 64 
666 I 5330513 64 
667 I 5331466 64 
668 I 5332266 64 
669 I 5335497 64 
670 I 5335528 64 
671 I 5335555 64 
672 I 5335582 64 
673 I 5335605 64 
674 I 5335633 64 
675 I 5335657 64 
676 I 5335685 64 
677 I 5355476 64 
678 I 5391216 64 
679 I 5405504 64 
680 I 5405575 64 
681 I 5405579 64 
682 I 5405595 64 
683 I 5405617 64 
684 I 5415517 64 
685 I 5416302 64 
686 I 5416306 64 
687 I 5416310 64 
688 I 5442945 64 
689 I 5464145 64 
690 I 5464793 64 
691 I 5530831 64 
692 I 5534893 64 
693 I 5535955 64 
694 I 5536161 64 
695 I 5536512 64 
696 I 5536775 64 
697 I 5537004 64 
698 I 5555487 64 
699 I 5555510 64 
700 I 5555530 64 
701 I 5555625 64 
702 I 5555663 64 
703 I 5555687 64 
704 I 5555709 64 
705 I 5555713 64 
706 I 5575463 64 
707 I 5575484 64 
708 I 5575506 64 
709 I 5575545 64 
710 I 5575550 64 
711 I 5575566 64 
712 I 5575586 64 
713 I 5575610 64 
714 I 5580799 64 
715 I 5595465 64 
716 I 5690476 64 
717 I 5691924 64 
718 I 5692155 64 
719 I 5692510 64 
720 I 5692755 64 
721 I 5693020 64 
722 I 5705466 64 
723 I 5705491 64 
724 I 5705512 64 
725 I 5705532 64 
726 I 5705558 64 
727 I 5705572 64 
728 I 5705593 64 
729 I 5705613 64 
730 I 5725468 64 
731 I 5725489 64 
732 I 5725513 64 
733 I 5725534 64 
734 I 5725556 64 
735 I 5725635 64 
736 I 5725656 64 
737 I 5725675 64 
738 I 5745477 64 
739 I 5858190 64 
740 I 5859198 64 
741 I 5859407 64 
742 I 5859771 64 
743 I 5860027 64 
744 I 5860260 64 
745 I 5865484 64 
746 I 5866779 64 
747 I 5866801 64 
748 I 5866830 64 
749 I 5866835 64 
750 I 6404264 66 
751 I 6404916 64 
752 I 6629501 64 
753 I 6629623 64 
754 I 6645487 64 
755 I 6645495 64 
756 I 6665489 64 
757 I 6665494 64 
758 I 6685457 64 
759 I 6685478 64 
760 I 6705449 64 
761 I 6705472 64 
762 I 6705493 64 
763 I 6725460 64 
764 I 6725486 64 
765 I 6725506 64 
766 I 6736482 64 
767 I 6737438 64 
768 I 6740378 64 
769 I 6740381 64 
770 I 6740385 64 
771 I 6740390 64 
772 I 6743887 64 
773 I 6743891 64 
774 I 6743895 64 
775 I 6743900 64 
776 I 6743904 64 
777 I 6743908 64 
778 I 6743911 64 
779 I 6744911 64 
780 I 6745290 64 
781 I 6745293 64 
782 I 6745585 64 
783 I 6745804 64 
784 I 6746480 64 
785 I 6746484 64 
786 I 6748012 64 
787 I 6748017 64 
788 I 6748021 64 
789 I 6748731 64 
790 I 6748735 64 
791 I 6749096 64 
792 I 6749100 64 
793 I 6749122 64 
794 I 6751287 64 
795 I 6751412 64 
796 I 6751936 64 
797 I 6752178 64 
798 I 6752417 64 
799 I 6752425 64 
800 I 6752429 64 
801 I 6752843 64 
802 I 6753479 64 
803 I 6753483 64 
804 I 6753662 64 
805 I 6753724 64 
806 I 6753956 64 
807 I 6754227 64 
808 I 6754453 64 
809 I 6754699 64 
810 I 6754960 64 
811 I 6755207 64 
812 I 6755643 64 
813 I 6755674 64 
814 I 6775481 64 
815 I 6775486 64 
816 I 6775490 64 
817 I 6775568 64 
818 I 6775572 64 
819 I 6775576 64 
820 I 6775580 64 
821 I 6775605 64 
822 I 6775609 64 
823 I 6795469 64 
824 I 6795510 64 
825 I 6795519 64 
826 I 6795551 64 
827 I 6795555 64 
828 I 6795574 64 
829 I 6795595 64 
830 I 6795616 64 
831 I 6895446 64 
832 I 6924186 64 
833 I 6925081 64 
834 I 6925312 64 
835 I 6925556 64 
836 I 6925799 64 
837 I 6926044 64 
838 I 6926290 64 
839 I 6926536 64 
840 I 6945463 64 
841 I 6945489 64 
842 I 6945603 64 
843 I 6945629 64 
844 I 6945650 64 
845 I 6945673 64 
846 I 6945697 64 
847 I 6945718 64 
848 I 6965451 64 
849 I 6965492 64 
850 I 6965497 64 
851 I 6965514 64 
852 I 6965536 64 
853 I 6965558 64 
854 I 6965580 64 
855 I 6965600 64 
856 I 6985437 64 
857 I 7010259 64 
858 I 7011292 64 
859 I 7011533 64 
860 I 7011813 64 
861 I 7012038 64 
862 I 7014803 66 
863 I 7015714 66 
864 I 7016317 64 
865 I 7016827 64 
866 I 7025468 64 
867 I 7025494 64 
868 I 7025529 64 
869 I 7025565 64 
870 I 7025569 64 
871 I 7025573 64 
872 I 7025577 64 
873 I 7025601 64 
874 I 7045459 64 
875 I 7045487 64 
876 I 7045512 64 
877 I 7045538 64 
878 I 7045563 64 
879 I 7045589 64 
880 I 7045617 64 
881 I 7045643 64 
882 I 7065450 64 
883 I 7286328 64 
884 I 7304633 64 
885 I 7317669 64 
886 I 7335456 64 
887 I 7335479 64 
888 I 7335500 64 
889 I 7335539 64 
890 I 7335544 64 
891 I 7335560 64 
892 I 7335600 64 
893 I 7335609 64 
894 I 7335620 64 
895 I 7355451 64 
896 I 7355472 64 
897 I 7355511 64 
898 I 7355516 64 
899 I 7355534 64 
900 I 7355556 64 
901 I 7355576 64 
902 I 7355597 64 
903 I 7358078 64 
904 I 7364607 66 
905 I 7364952 66 
906 I 7365024 64 
907 I 7365757 64 
908 I 7367582 64 
909 I 7368216 66 
910 I 7368561 64 
911 I 7368699 64 
912 I 7369796 66 
913 I 7369847 64 
914 I 7370239 64 
915 I 7370628 66 
916 I 7370801 64 
917 I 7371238 64 
918 I 7373034 64 
919 I 7373629 64 
920 I 7374967 64 
921 I 7375297 64 
922 I 7375472 64 
923 I 7375497 64 
924 I 7375520 64 
925 I 7375635 64 
926 I 7378182 64 
927 I 7378428 64 
928 I 7378640 64 
929 I 7380359 64 
930 I 7380399 64 
931 I 7380404 64 
932 I 7394127 64 
933 I 7394304 64 
934 I 7394308 64 
935 I 7395447 64 
936 I 7395473 64 
937 I 7395496 64 
938 I 7395564 64 
939 I 7406494 64 
940 I 7406792 64 
941 I 7406814 64 
942 I 7406837 64 
943 I 7406859 64 
944 I 7406884 64 
945 I 7407708 64 
946 I 7410543 64 
947 I 7410546 64 
948 I 7410550 64 
949 I 7410554 64 
950 I 7410559 64 
951 I 7413673 64 
952 I 7413677 64 
953 I 7413681 64 
954 I 7413685 64 
955 I 7413690 64 
956 I 7413694 64 
957 I 7417948 64 
958 I 7417952 64 
959 I 7417956 64 
960 I 7417960 64 
961 I 7417964 64 
962 I 7417968 64 
963 I 7417972 64 
964 I 7417976 64 
965 I 7420123 64 
966 I 7420382 64 
967 I 7420642 64 
968 I 7420900 64 
969 I 7421160 64 
970 I 7421417 64 
971 I 7421677 64 
972 I 7421937 64 
973 I 7422202 64 
974 I 7422339 64 
975 I 7422591 64 
976 I 7422850 64 
977 I 7423117 64 
978 I 7423367 64 
979 I 7423627 64 
980 I 7423885 64 
981 I 7424145 64 
982 I 7424149 64 
983 I 7424153 64 
984 I 7424406 64 
985 I 7424547 64 
986 I 7424804 64 
987 I 7425099 64 
988 I 7425326 64 
989 I 7425619 64 
990 I 7425832 64 
991 I 7426204 64 
992 I 7426444 64 
993 I 7429178 64 
994 I 7445476 64 
995 I 7445481 64 
996 I 7445484 64 
997 I 7445584 64 
998 I 7445589 64 
999 I 7445593 64 
1000 I 7445596 64 
1001 I 7445611 64 
1002 I 7445615 64 
1003 I 7445654 64 
1004 I 7445658 64 
1005 I 7445666 64 
1006 I 7445670 64 
1007 I 7445721 64 
1008 I 7445725 64 
1009 I 7445729 64 
1010 I 7468508 64 
1011 I 7468749 64 
1012 I 7468871 64 
1013 I 7468994 64 
1014 I 7469212 64 
1015 I 7469216 64 
1016 I 7469221 64 
1017 I 7469237 64 
1018 I 7470530 64 
1019 I 7471620 64 
1020 I 7471831 64 
1021 I 7472090 64 
1022 I 7472357 64 
1023 I 7472686 64 
1024 I 7485441 64 
1025 I 7485462 64 
1026 I 7485503 64 
1027 I 7485508 64 
1028 I 7485524 64 
1029 I 7485544 64 
1030 I 7485548 64 
1031 I 7485637 64 
1032 I 7505480 64 
1033 I 7505507 64 
1034 I 7505646 64 
1035 I 7505670 64 
1036 I 7505711 64 
1037 I 7505729 64 
1038 I 7505753 64 
1039 I 7505757 64 
1040 I 7523549 66 
1041 I 7524117 64 
1042 I 7525450 64 
1043 I 7531372 64 
1044 I 7532373 64 
1045 I 7533738 64 
1046 I 7549474 64 
1047 I 7550429 64 
1048 I 7550659 64 
1049 I 7551043 64 
1050 I 7551265 64 
1051 I 7551508 64 
1052 I 7551787 64 
1053 I 7555561 64 
1054 I 7555565 64 
1055 I 7555569 64 
1056 I 7555573 64 
1057 I 7555577 64 
1058 I 7555581 64 
1059 I 7556966 64 
1060 I 7557345 64 
1061 I 7557609 64 
1062 I 7557870 64 
1063 I 7557875 64 
1064 I 7559639 64 
1065 I 7615620 66 
1066 I 7616015 64 
1067 I 7618200 64 
1068 I 7619228 64 
1069 I 7619860 64 
1070 I 7823819 66 
1071 I 7824322 64 
1072 I 7826245 64 
1073 I 7827185 64 
1074 I 7828570 64 
1075 I 8302376 66 
1076 I 8302893 64 
1077 I 8426941 64 
1078 I 8445445 64 
1079 I 8445473 64 
1080 I 8445493 64 
1081 I 8446345 64 
1082 I 8446594 64 
1083 I 8446835 64 
1084 I 8446973 64 
1085 I 8447519 64 
1086 I 8447615 64 
1087 I 8447865 64 
1088 I 8448134 64 
1089 I 8448356 64 
1090 I 8448641 64 
1091 I 8448844 64 
1092 I 8449110 64 
1093 I 8449339 64 
1094 I 8452371 64 
1095 I 8452375 64 
1096 I 8452379 64 
1097 I 8452383 64 
1098 I 8452388 64 
1099 I 8452392 64 
1100 I 8456052 64 
1101 I 8456056 64 
1102 I 8456060 64 
1103 I 8456064 64 
1104 I 8456068 64 
1105 I 8456451 64 
1106 I 8458442 64 
1107 I 8468084 64 
1108 I 8468520 64 
1109 I 8468761 64 
1110 I 8469040 64 
1111 I 8469044 64 
1112 I 8473165 64 
1113 I 8473553 64 
1114 I 8473825 64 
1115 I 8474083 64 
1116 I 8474479 64 
1117 I 8474729 64 
1118 I 8478437 64 
1119 I 8478835 64 
1120 I 8479094 64 
1121 I 8479355 64 
1122 I 8479763 64 
1123 I 8480004 64 
1124 I 8481117 64 
1125 I 8481512 64 
1126 I 8481817 64 
1127 I 8482073 64 
1128 I 8482468 64 
1129 I 8482600 64 
1130 I 8485321 64 
1131 I 8485559 64 
1132 I 8485799 64 
1133 I 8486042 64 
1134 I 8486341 64 
1135 I 8488029 64 
1136 I 8488279 64 
1137 I 8488516 64 
1138 I 8488763 64 
1139 I 8488886 64 
1140 I 8489142 64 
1141 I 8489412 64 
1142 I 8505499 64 
1143 I 8505526 64 
1144 I 8505548 64 
1145 I 8505572 64 
1146 I 8505598 64 
1147 I 8505619 64 
1148 I 8505643 64 
1149 I 8505681 64 
1150 I 8525528 64 
1151 I 8525555 64 
1152 I 8525575 64 
1153 I 8525595 64 
1154 I 8525616 64 
1155 I 8525658 64 
1156 I 8525666 64 
1157 I 8525679 64 
1158 I 8535226 64 
1159 I 8536092 64 
1160 I 8536301 64 
1161 I 8536668 64 
1162 I 8536939 64 
1163 I 8555485 64 
1164 I 8555493 64 
1165 I 8555498 64 
1166 I 8991172 64 
1167 I 9485306 66 
1168 I 9486318 64 
1169 I 9607501 64 
1170 I 9607505 64 
1171 I 9625561 64 
1172 I 9625566 64 
1173 I 9625570 64 
1174 I 9625574 64 
1175 I 9626602 64 
1176 I 9626918 64 
1177 I 9627096 64 
1178 I 9627310 64 
1179 I 9627566 64 
1180 I 9628245 64 
1181 I 9628249 64 
1182 I 9628319 64 
1183 I 9628574 64 
1184 I 9631938 64 
1185 I 9631943 64 
1186 I 9631947 64 
1187 I 9631951 64 
1188 I 9631955 64 
1189 I 9633810 64 
1190 I 9633814 64 
1191 I 9633819 64 
1192 I 9633822 64 
1193 I 9675312 64 
1194 I 10022058 66 
1195 I 10022554 64 
1196 I 10202806 64 
1197 I 10203332 64 
1198 I 10203337 64 
1199 I 10203341 64 
1200 I 10315468 64 
