0 I 0 52 
1 I 390161 100 
2 I 735502 90 
3 I 1154852 56 
4 I 1191146 56 
5 I 1244112 64 
6 I 1247997 64 
7 I 1544911 64 
8 I 1684977 64 
9 I 1731328 64 
10 I 1928904 64 
11 I 2037854 64 
12 I 2088530 64 
13 I 2389746 64 
14 I 2444482 64 
15 I 2805436 64 
16 I 4014833 64 
17 I 4397458 64 
18 I 4456291 64 
19 I 4476197 64 
20 I 4499775 64 
21 I 4558796 64 
22 I 4782536 72 
23 I 4852756 72 
24 I 4875896 64 
25 I 4932585 64 
26 I 4942141 72 
27 I 4960907 72 
28 I 4987759 64 
29 I 5142735 64 
30 I 5264374 64 
31 I 5309046 64 
32 I 5330493 64 
33 I 5353165 72 
34 I 5489783 72 
35 I 5730219 64 
36 I 5862364 72 
37 I 5869468 72 
38 I 6086535 72 
39 I 6218075 64 
40 I 10884561 64 
41 I 11368597 72 
42 I 11406491 64 
43 I 11805602 72 
44 I 12161949 72 
45 I 22403162 44 
46 I 22799712 44 
47 I 22985961 44 
48 I 23241369 44 
49 I 23698003 44 
50 I 23893470 44 
51 I 24078454 56 
52 I 24435529 64 
53 I 24811084 72 
54 I 27305912 44 
55 I 27703308 44 
56 I 27892976 44 
57 I 28085395 44 
58 I 28493650 56 
59 I 28866397 56 
60 I 29226213 56 
61 I 29700321 56 
62 I 31892574 44 
63 I 32333695 44 
64 I 32775179 44 
65 I 33302191 44 
66 I 33726068 56 
67 I 34159609 64 
68 I 34592827 72 
69 I 39423337 44 
70 I 39836934 44 
71 I 40072923 44 
72 I 40375218 44 
73 I 40785246 56 
74 I 40865740 56 
75 I 41195101 56 
76 I 41374855 56 
77 I 43546976 44 
78 I 44028220 44 
79 I 47787857 44 
80 I 48385676 44 
81 I 48742548 56 
