0 I 0 44 
1 I 388199 44 
2 I 1099896 44 
3 I 1238787 44 
4 I 2000041 44 
5 I 2301303 44 
6 I 2897547 56 
7 I 3208562 56 
8 I 3900331 56 
9 I 4716343 44 
10 I 5699484 44 
11 I 6372443 44 
12 I 7185074 44 
13 I 7309686 44 
14 I 8231808 56 
15 I 10296529 44 
16 I 11165543 44 
17 I 14499431 44 
18 I 15221612 44 
19 I 16067136 44 
20 I 16200396 44 
21 I 16881131 44 
22 I 17099442 44 
23 I 17637144 44 
24 I 17909178 44 
25 I 18504532 44 
26 I 18739185 44 
27 I 19405145 44 
28 I 19654452 44 
29 I 20303072 44 
30 I 20498959 44 
31 I 20547979 44 
32 I 21397983 56 
33 I 21463774 56 
34 I 22224935 64 
35 I 22399159 64 
36 I 23092220 56 
37 I 23283100 56 
38 I 23961669 44 
39 I 24198065 44 
40 I 24999825 44 
41 I 25065565 44 
42 I 25950007 44 
43 I 26098107 44 
44 I 26731601 44 
45 I 26820745 44 
46 I 27425049 44 
47 I 27595410 44 
48 I 28321403 44 
49 I 28697845 44 
50 I 29248268 56 
51 I 29612170 64 
52 I 30199665 64 
53 I 30921174 56 
54 I 31790614 44 
55 I 32800016 44 
56 I 33700269 44 
57 I 34578200 44 
58 I 34698871 44 
59 I 35451057 44 
60 I 35798680 44 
61 I 36598494 44 
62 I 36676198 56 
63 I 36689889 56 
64 I 37538263 56 
65 I 37603370 56 
66 I 38426540 44 
67 I 39398594 44 
68 I 40397810 44 
69 I 41330090 44 
70 I 42211645 44 
71 I 42399281 44 
72 I 43056745 44 
73 I 43399261 44 
74 I 43940456 44 
75 I 44098630 44 
76 I 44777139 56 
77 I 44788968 56 
78 I 45736925 56 
79 I 45738341 56 
80 I 45742532 44 
81 I 46663644 44 
82 I 47594925 44 
83 I 48512988 56 
84 I 48531269 56 
85 I 49446768 44 
86 I 50435933 44 
87 I 51359566 44 
88 I 52278563 44 
89 I 52435099 44 
90 I 53194473 44 
91 I 53535416 44 
92 I 54102490 44 
93 I 54464463 44 
94 I 54938530 44 
95 I 55340278 44 
96 I 55783775 44 
97 I 56207328 44 
98 I 56834578 44 
99 I 57058522 56 
100 I 57070330 56 
101 I 57596881 56 
102 I 57854161 56 
103 I 58034996 56 
104 I 58318090 44 
105 I 59034937 44 
106 I 59334611 44 
107 I 59963124 44 
108 I 60433451 44 
109 I 61034176 44 
110 I 61221137 56 
111 I 61957736 56 
112 I 62145439 64 
113 I 62860771 56 
114 I 63730937 44 
115 I 64733358 44 
116 I 65660049 44 
117 I 66575455 44 
118 I 66734064 44 
119 I 67449953 44 
120 I 67732368 44 
121 I 68331461 56 
122 I 68346341 44 
123 I 79652728 44 
124 I 82112880 44 
