0 I 0 230 
1 I 10840 135 
2 I 14156 138 
3 I 28838 136 
4 I 260541 64 
5 I 1715965 127 
6 I 1727975 64 
7 I 17064753 144 
8 I 17478652 64 
9 I 18875357 126 
10 I 18879582 149 
11 I 18908262 127 
12 I 18911568 129 
13 I 18915349 126 
14 I 18946073 128 
15 I 18950829 127 
16 I 18954972 127 
17 I 19338054 64 
18 I 60000859 126 
19 I 60019226 153 
20 I 60324206 64 
21 I 61973462 127 
22 I 62229486 64 
23 I 81624471 165 
24 I 81669023 127 
25 I 81672513 129 
26 I 81676152 126 
27 I 82879865 128 
28 I 82885029 127 
29 I 82888983 127 
30 I 83306166 64 
31 I 133609549 126 
32 I 133628244 155 
33 I 133667185 127 
34 I 133680503 64 
35 I 144609051 160 
36 I 144676487 127 
37 I 144679809 129 
38 I 144683424 126 
39 I 144945718 128 
40 I 144950403 127 
41 I 144954232 127 
42 I 145334445 64 
43 I 149731207 127 
44 I 149738326 126 
45 I 149866891 127 
46 I 149908742 64 
47 I 149923645 122 
48 I 149928732 133 
49 I 149950184 64 
50 I 190194090 126 
51 I 190211493 154 
52 I 190251671 127 
53 I 190264266 64 
54 I 208634556 144 
55 I 208904153 64 
56 I 210573194 126 
57 I 210593465 149 
58 I 210651354 127 
59 I 210654676 129 
60 I 210658263 127 
61 I 210763915 128 
62 I 210768669 127 
63 I 210772910 127 
64 I 211021540 64 
65 I 222186376 127 
66 I 222202024 155 
67 I 222260712 127 
68 I 222272436 64 
69 I 277203592 144 
70 I 277483589 64 
71 I 279621818 126 
72 I 279636967 149 
73 I 279687306 127 
74 I 279690711 129 
75 I 279694494 126 
76 I 279748426 128 
77 I 279753031 127 
78 I 279757268 127 
79 I 280108640 64 
80 I 289955014 126 
81 I 289971082 153 
82 I 290250442 64 
83 I 292495744 127 
84 I 292812009 64 
85 I 301881157 127 
86 I 301887310 126 
87 I 302023254 127 
88 I 302028672 122 
89 I 302033594 133 
90 I 302327807 64 
91 I 317077283 136 
92 I 317087048 127 
93 I 317312477 64 
94 I 317578899 131 
95 I 317749978 64 
