0 I 0 48 
1 I 620419 48 
2 I 3617354 44 
3 I 3632972 48 
4 I 9668151 48 
5 I 9675690 44 
6 I 13007237 44 
7 I 13009623 44 
8 I 13176230 44 
9 I 23507367 44 
10 I 23507779 44 
11 I 25735591 48 
12 I 31197237 44 
13 I 31197603 44 
14 I 46386154 48 
15 I 49365493 44 
16 I 49400318 48 
17 I 60392534 44 
18 I 61758844 44 
19 I 61759583 44 
20 I 68178222 48 
21 I 71300504 44 
22 I 71301110 44 
23 I 76802170 48 
24 I 80057359 44 
25 I 80058100 44 
26 I 88316147 48 
27 I 91245212 48 
28 I 91260140 44 
29 I 138107689 44 
30 I 138534435 44 
31 I 138534764 44 
32 I 149861371 48 
33 I 152784465 44 
34 I 152804318 48 
35 I 155579403 44 
36 I 155579760 44 
37 I 158034894 44 
38 I 158326224 44 
39 I 209444329 48 
40 I 212199981 44 
41 I 212200510 44 
42 I 228975933 48 
43 I 234084832 44 
44 I 234085165 44 
45 I 234085719 48 
