0 I 0 66 
1 I 209876 64 
2 I 3863931 64 
3 I 5374081 64 
4 I 7159852 64 
5 I 17128130 64 
6 I 18920916 64 
7 I 27370339 64 
8 I 28550864 64 
9 I 33430431 64 
10 I 37395723 64 
11 I 39612640 64 
12 I 41100769 64 
13 I 44638909 64 
14 I 47478470 64 
15 I 48478961 64 
16 I 49361398 64 
17 I 51765428 64 
18 I 66313126 64 
19 I 67389302 64 
20 I 70974555 64 
21 I 73190850 64 
22 I 73835888 64 
23 I 74574756 64 
24 I 75166611 64 
25 I 76312731 64 
26 I 78381578 64 
27 I 79883283 64 
28 I 81477572 64 
29 I 83949355 64 
30 I 87526026 64 
31 I 88709498 64 
32 I 89549919 64 
33 I 90301595 64 
34 I 92604533 64 
35 I 93292039 64 
36 I 93798452 64 
37 I 95821129 64 
38 I 96868031 64 
39 I 99007510 64 
40 I 102770301 64 
41 I 122023151 64 
42 I 122324740 64 
43 I 126473571 64 
44 I 129952908 64 
45 I 131359392 64 
46 I 132247928 64 
47 I 133104198 64 
48 I 134012973 64 
49 I 134727378 64 
50 I 135620645 64 
51 I 136485948 64 
52 I 137407609 64 
53 I 138033883 64 
54 I 141321853 64 
55 I 143157173 64 
56 I 143432676 64 
57 I 145201374 64 
