0 I 0 70 
1 I 504 64 
2 I 470961 161 
3 I 472140 64 
4 I 546672 126 
5 I 711149 126 
6 I 1556274 129 
7 I 1587937 129 
8 I 1602135 128 
9 I 91631117 126 
10 I 91795829 126 
11 I 91881431 129 
12 I 91912039 130 
13 I 91925714 129 
14 I 102831107 127 
15 I 102999670 127 
16 I 103092765 130 
17 I 103123721 130 
18 I 103136894 129 
19 I 143042018 70 
20 I 143042465 64 
21 I 143537463 175 
22 I 143538546 64 
23 I 144961838 693 
24 I 150900479 70 
25 I 150901138 64 
26 I 151466100 160 
27 I 151466574 64 
28 I 151543271 475 
29 I 151994515 131 
30 I 151999784 64 
31 I 151999806 64 
32 I 151999872 64 
33 I 152000370 64 
34 I 152000414 64 
35 I 152000468 64 
36 I 152000483 64 
37 I 152000830 64 
38 I 152000872 64 
39 I 152028493 132 
40 I 154649476 222 
