0 I 0 52 
1 I 238619 44 
2 I 481228 44 
3 I 722466 44 
4 I 898415 44 
5 I 963127 44 
6 I 1098009 44 
7 I 1138162 44 
8 I 1203087 44 
9 I 1338615 44 
10 I 1377978 44 
11 I 1443105 44 
12 I 1580086 44 
13 I 1619267 44 
14 I 1683661 44 
15 I 1822722 44 
16 I 1860455 44 
17 I 1927627 44 
18 I 2062991 44 
19 I 2100617 44 
20 I 2174353 44 
21 I 2303582 44 
22 I 2343063 44 
23 I 2417520 44 
24 I 2549538 44 
25 I 2586483 44 
26 I 2658386 44 
27 I 2791023 44 
28 I 2828023 44 
29 I 2898239 44 
30 I 3032093 44 
31 I 3068513 44 
32 I 3138275 44 
33 I 3274549 44 
34 I 3308867 44 
35 I 3786588 44 
36 I 4027395 44 
37 I 4199463 44 
38 I 4267720 44 
39 I 4398432 44 
40 I 4439987 44 
41 I 4507752 44 
42 I 4637940 44 
43 I 4682126 44 
44 I 4747562 44 
45 I 4880079 44 
46 I 4922577 44 
47 I 4988981 44 
48 I 5120400 44 
49 I 5164654 44 
50 I 5230005 44 
51 I 5360892 44 
52 I 5405141 44 
53 I 5474462 44 
54 I 5607384 44 
55 I 5647001 44 
56 I 5715354 44 
57 I 5847996 44 
58 I 5888695 44 
59 I 5958790 44 
60 I 6088251 44 
61 I 6130367 44 
62 I 6199055 44 
63 I 6329906 44 
64 I 6370709 44 
65 I 6439890 44 
66 I 6556136 44 
67 I 6579123 44 
68 I 6618170 44 
69 I 6796770 44 
70 I 6819473 44 
71 I 6859153 44 
72 I 7039204 44 
73 I 7060254 44 
74 I 7100461 44 
75 I 7284541 44 
76 I 7316129 44 
77 I 7342440 44 
78 I 7527368 44 
79 I 7556267 44 
80 I 7591641 44 
81 I 7771720 44 
82 I 7797294 44 
83 I 7833372 44 
84 I 7850786 44 
85 I 8013037 44 
86 I 8090578 44 
87 I 8092829 44 
88 I 8253683 44 
89 I 8333370 44 
90 I 8337046 44 
91 I 8701657 44 
92 I 8942869 44 
93 I 9099046 44 
94 I 9184918 44 
95 I 9299119 44 
96 I 9339683 44 
97 I 9429215 44 
98 I 9539032 44 
99 I 9583846 44 
100 I 9680302 44 
101 I 9779245 44 
102 I 9824632 44 
103 I 9922116 44 
104 I 10021538 44 
105 I 10064664 44 
106 I 10162106 44 
107 I 10830317 44 
108 I 10830320 44 
109 I 10891347 44 
110 I 11072089 44 
111 I 11199202 44 
112 I 11312659 44 
113 I 11443203 44 
114 I 11552652 44 
115 I 11553227 44 
116 I 11688453 44 
117 I 11793078 44 
118 I 11793961 44 
119 I 11928951 44 
120 I 12042555 44 
121 I 12043327 44 
122 I 12171673 44 
123 I 12285931 44 
124 I 12286678 44 
125 I 12412843 44 
126 I 12533684 44 
127 I 12535722 44 
128 I 12653032 44 
129 I 12781728 44 
130 I 12784263 44 
131 I 12893246 44 
132 I 13023522 44 
133 I 13027288 44 
134 I 13135743 44 
135 I 13263263 44 
136 I 13267118 44 
137 I 13967090 44 
138 I 14120921 44 
139 I 14362905 44 
140 I 14603228 44 
141 I 14798218 44 
142 I 14843796 56 
143 I 14844398 44 
144 I 15044717 44 
145 I 15084413 44 
146 I 15084805 44 
147 I 15286524 44 
148 I 15324798 44 
149 I 15326255 44 
150 I 15528166 44 
151 I 15564652 44 
152 I 15565960 44 
153 I 15773334 44 
154 I 15805604 44 
155 I 15807826 44 
156 I 16015000 44 
157 I 16048131 44 
158 I 16197907 44 
159 I 31919733 44 
160 I 32359984 44 
