0 I 0 64 
1 I 274476 56 
2 I 275122 379 
3 I 551268 56 
4 I 556691 56 
5 I 563044 56 
6 I 847602 56 
7 I 866647 56 
8 I 879081 56 
9 I 879956 56 
10 I 894589 56 
11 I 902637 56 
12 I 1146444 56 
13 I 1155817 56 
14 I 1164986 56 
15 I 1179714 56 
16 I 1183041 56 
17 I 1204222 56 
18 I 1204408 56 
19 I 1229298 56 
20 I 1249186 56 
21 I 1436612 56 
22 I 1443859 56 
23 I 1449571 56 
24 I 1450152 56 
25 I 1463799 56 
26 I 1474816 56 
27 I 1501241 56 
28 I 1510832 56 
29 I 1786818 56 
30 I 3183317 56 
31 I 3200381 56 
32 I 3485506 56 
33 I 3491603 56 
34 I 3491614 56 
35 I 3492015 56 
36 I 3495346 56 
37 I 3500309 56 
38 I 3810468 44 
39 I 5617756 64 
40 I 5909984 56 
41 I 5910892 379 
42 I 6187398 56 
43 I 6194212 56 
44 I 6201637 56 
45 I 6484139 56 
46 I 6492601 56 
47 I 6517397 56 
48 I 6527013 56 
49 I 6764017 56 
50 I 6791830 56 
51 I 6816063 56 
52 I 6826990 56 
53 I 6832959 56 
54 I 6845210 56 
55 I 6849267 56 
56 I 6865180 56 
57 I 6866273 56 
58 I 6887594 56 
59 I 6899043 56 
60 I 7086189 56 
61 I 7127497 56 
62 I 7150157 56 
63 I 7151295 56 
64 I 7170420 56 
65 I 7180157 56 
66 I 8438778 56 
67 I 8455367 56 
68 I 8455400 56 
69 I 10635037 64 
70 I 10921908 56 
71 I 10922599 383 
72 I 11269144 56 
73 I 11293963 56 
74 I 11634939 56 
75 I 12240782 64 
76 I 12530710 56 
77 I 12531072 383 
78 I 12869853 56 
79 I 13042002 56 
80 I 13166569 56 
