0 I 0 52 
1 I 359405 52 
2 I 561823 44 
3 I 918986 44 
4 I 1027725 52 
5 I 1214156 44 
6 I 1344790 52 
7 I 1389870 52 
8 I 1574740 44 
9 I 1576601 44 
10 I 1757526 44 
11 I 1886736 44 
12 I 1930027 44 
13 I 2109457 44 
14 I 2192778 44 
15 I 2259152 44 
16 I 2259183 44 
17 I 2457378 44 
18 I 2497801 44 
19 I 2795774 44 
20 I 2989141 44 
21 I 3028218 44 
22 I 232645336 52 
23 I 233137041 44 
24 I 233743633 44 
25 I 233743871 44 
26 I 234236845 44 
27 I 234786857 52 
28 I 235282963 44 
29 I 235841972 44 
30 I 235907530 44 
31 I 236319144 44 
32 I 236414815 44 
