0 I 0 64 
1 I 876396 56 
2 I 912512 281 
3 I 1934551 1504 
4 I 2021404 1504 
5 I 2831581 64 
6 I 2870064 1504 
7 I 2876579 1504 
8 I 3062455 1504 
9 I 3086839 1504 
10 I 3441558 56 
11 I 3712289 56 
12 I 3721722 1504 
13 I 3757415 1504 
14 I 3764119 1504 
15 I 3770374 1504 
16 I 3969270 1504 
17 I 3975656 1504 
18 I 3981972 1504 
19 I 4479869 56 
20 I 4682334 64 
21 I 4685649 750 
22 I 4694635 1504 
23 I 4704989 1504 
24 I 5474272 56 
25 I 5613302 56 
26 I 5618116 541 
27 I 5618277 56 
28 I 5618426 56 
29 I 5642290 1504 
30 I 5648812 1504 
31 I 5654858 1504 
32 I 6468092 56 
33 I 6538250 56 
34 I 6571712 1504 
35 I 6578105 1504 
36 I 6584490 1504 
37 I 6684344 1504 
38 I 6691457 1504 
39 I 7505666 1504 
40 I 7512345 1504 
41 I 7518720 1504 
42 I 7599823 1504 
43 I 7606962 1504 
44 I 7613016 1395 
45 I 7613229 56 
46 I 8530694 56 
