0 I 0 52 
1 I 603032 44 
2 I 1396710 56 
3 I 1477965 44 
4 I 2220240 44 
5 I 2394991 44 
6 I 3068027 44 
7 I 3351111 44 
8 I 3611782 44 
9 I 3784127 56 
10 I 3943367 56 
11 I 4077607 44 
12 I 4356595 44 
13 I 4617632 44 
14 I 4782744 44 
15 I 5069233 44 
16 I 5324119 44 
17 I 5488090 44 
18 I 5620128 56 
19 I 5784026 56 
20 I 5926509 56 
21 I 6055965 56 
22 I 6221305 64 
23 I 6339555 56 
24 I 6492434 56 
25 I 6634289 56 
26 I 6775142 56 
27 I 6909814 56 
28 I 7051105 56 
29 I 7197342 64 
30 I 7346654 64 
31 I 7500546 64 
32 I 7531819 64 
33 I 7681379 44 
34 I 21571139 44 
35 I 24222038 44 
