0 I 0 52 
1 I 2988647 52 
2 I 2991146 44 
3 I 4370113 104 
4 I 5523661 109 
5 I 6742208 106 
6 I 8091878 76 
7 I 9329337 98 
8 I 10531894 62 
9 I 11671628 50 
10 I 15679883 72 
11 I 16755831 44 
12 I 17243745 572 
13 I 17246175 1496 
14 I 17246947 1192 
15 I 18158519 44 
16 I 18461772 1496 
17 I 18463011 1496 
18 I 18464648 1496 
19 I 18570078 1496 
20 I 19692062 1496 
21 I 19693126 432 
22 I 19693290 1496 
23 I 19795611 1496 
24 I 19796528 1192 
25 I 20896551 1496 
26 I 20897411 1192 
27 I 21230728 1496 
28 I 21231573 1192 
29 I 21233063 420 
30 I 21233073 1496 
31 I 22280470 1344 
32 I 23503583 1192 
33 I 23504546 1192 
34 I 24726296 1344 
35 I 26776595 1496 
36 I 28011147 1496 
37 I 28012337 1496 
38 I 28013460 116 
39 I 28013687 1496 
40 I 29270504 1496 
41 I 29271717 1496 
42 I 29272317 1040 
43 I 29273650 1344 
44 I 29924596 1496 
45 I 29925395 1192 
46 I 34789517 1147 
47 I 37121791 1496 
48 I 38350480 1496 
49 I 38351970 1496 
50 I 39587260 1496 
51 I 39588495 1496 
52 I 42603558 1496 
53 I 43917865 1496 
54 I 43919190 1496 
55 I 45206693 1496 
56 I 45207898 1496 
57 I 46556994 1496 
58 I 49315268 1496 
59 I 54924871 1496 
60 I 66144651 1496 
61 I 67347882 1496 
62 I 67349204 1496 
63 I 68560279 1496 
64 I 68561612 1496 
65 I 69989874 1496 
66 I 71194132 1496 
67 I 72408986 728 
68 I 74959527 1496 
69 I 80199396 1496 
70 I 90624028 1496 
71 I 111476384 1496 
72 I 112501138 1496 
73 I 112502389 1496 
74 I 113560431 1496 
75 I 119184491 272 
