0 I 0 70 
1 I 1030 64 
2 I 204255 64 
3 I 207176 64 
4 I 208350 64 
5 I 210141 64 
6 I 210484 64 
7 I 213221 64 
8 I 213530 64 
9 I 226451 64 
10 I 6654606 64 
11 I 6654914 64 
12 I 6657525 64 
13 I 6657795 64 
14 I 6660374 64 
15 I 6660700 64 
16 I 6664001 64 
17 I 7064334 64 
18 I 21816203 64 
19 I 25867054 64 
20 I 28839530 70 
21 I 28840438 64 
22 I 29048685 64 
23 I 29051517 64 
24 I 29052727 64 
25 I 29054351 64 
26 I 29054680 64 
27 I 29057974 64 
28 I 29192189 64 
29 I 44065487 64 
30 I 45866996 64 
