0 I 0 66 
1 I 8435 64 
2 I 8970 64 
3 I 121084 64 
4 I 121438 64 
5 I 268266 64 
6 I 268463 64 
7 I 268654 64 
8 I 268809 64 
9 I 389746 64 
10 I 434053 66 
11 I 442032 64 
12 I 442524 64 
13 I 554231 64 
14 I 554545 64 
15 I 776666 64 
16 I 819287 66 
17 I 827416 64 
18 I 827957 64 
19 I 938373 64 
20 I 938675 64 
21 I 1156816 64 
22 I 1200075 66 
23 I 1208049 64 
24 I 1208542 64 
25 I 1319496 64 
26 I 1319822 64 
27 I 1478571 64 
28 I 1478917 64 
29 I 1576890 64 
30 I 1644955 66 
31 I 1652985 64 
32 I 1653475 64 
33 I 1764626 64 
34 I 1764947 64 
35 I 1907178 64 
36 I 1907371 64 
37 I 1907628 64 
38 I 1907725 64 
39 I 2278923 64 
40 I 2330950 66 
41 I 2339030 64 
42 I 2339523 64 
43 I 2449940 64 
44 I 2450245 64 
45 I 2594533 64 
46 I 2594764 64 
47 I 2594976 64 
48 I 2595071 64 
49 I 2714236 64 
50 I 2756266 66 
51 I 2764248 64 
52 I 2764738 64 
53 I 2876087 64 
54 I 2876411 64 
55 I 3017032 64 
56 I 3017281 64 
57 I 3017500 64 
58 I 3017586 64 
59 I 3143917 64 
60 I 3203549 66 
61 I 3212424 64 
62 I 3212976 64 
63 I 3326638 64 
64 I 3326985 64 
65 I 3566988 64 
66 I 3612384 66 
67 I 3622012 64 
68 I 3622520 64 
69 I 3733273 64 
70 I 3733585 64 
71 I 3976694 64 
72 I 4108933 66 
73 I 4117517 64 
74 I 4118020 64 
75 I 4234065 64 
76 I 4234375 64 
77 I 4400141 64 
78 I 4400559 64 
79 I 4539871 64 
80 I 5592497 66 
81 I 5600731 64 
82 I 5601275 64 
83 I 5712362 64 
84 I 5712694 64 
85 I 5879456 64 
86 I 5955707 64 
87 I 5955804 64 
88 I 5955953 64 
89 I 5956002 64 
90 I 5956176 64 
91 I 5956255 64 
92 I 5956278 64 
93 I 6083940 64 
94 I 6198879 66 
95 I 6207005 64 
96 I 6207503 64 
97 I 6318521 64 
98 I 6318870 64 
99 I 6458100 64 
100 I 6458301 64 
101 I 6458499 64 
102 I 6458648 64 
103 I 6522934 64 
104 I 6822477 66 
105 I 6830554 64 
106 I 6831096 64 
107 I 6941229 64 
108 I 6941519 64 
109 I 7087885 64 
110 I 7088131 64 
111 I 7088352 64 
112 I 7088438 64 
113 I 7166250 64 
114 I 149059600 66 
115 I 149067883 64 
116 I 149068425 64 
117 I 149180253 64 
118 I 149180644 64 
119 I 149311885 64 
120 I 149416756 64 
121 I 149460709 66 
122 I 149468588 64 
123 I 149469082 64 
124 I 149579414 64 
125 I 149579751 64 
126 I 149803482 64 
127 I 149845543 66 
128 I 149853772 64 
129 I 149854260 64 
130 I 149965553 64 
131 I 149965882 64 
132 I 150184121 64 
133 I 150252532 66 
134 I 150260622 64 
135 I 150261120 64 
136 I 150372741 64 
137 I 150373078 64 
138 I 150500521 64 
139 I 150896875 64 
140 I 150946865 66 
141 I 150955051 64 
142 I 150955540 64 
143 I 151066926 64 
144 I 151067259 64 
145 I 151191211 64 
146 I 151295422 64 
147 I 151338087 66 
148 I 151345967 64 
149 I 151346469 64 
150 I 151459080 64 
151 I 151459378 64 
152 I 151590771 64 
153 I 151695485 64 
154 I 151753321 66 
155 I 151761352 64 
156 I 151762042 64 
157 I 151872230 64 
158 I 151872513 64 
159 I 152103440 64 
160 I 152149283 66 
161 I 152157262 64 
162 I 152157804 64 
163 I 152269394 64 
164 I 152269723 64 
165 I 152503373 64 
166 I 152644736 66 
167 I 152652714 64 
168 I 152653258 64 
169 I 152764538 64 
170 I 152764877 64 
171 I 152911148 64 
172 I 153015467 64 
173 I 153132803 66 
174 I 153140834 64 
175 I 153141322 64 
176 I 153252720 64 
177 I 153253042 64 
178 I 153381290 64 
179 I 153407323 64 
180 I 153711521 66 
181 I 153719500 64 
182 I 153719993 64 
183 I 153830920 64 
184 I 153831265 64 
185 I 153960655 64 
186 I 153988941 64 
187 I 154185163 66 
188 I 154193189 64 
189 I 154193732 64 
190 I 154305189 64 
191 I 154305501 64 
192 I 154435396 64 
193 I 154469712 64 
194 I 154565747 66 
195 I 154573824 64 
196 I 154574317 64 
197 I 154685316 64 
198 I 154685641 64 
199 I 154814589 64 
200 I 154848621 64 
