0 I 0 44 
1 I 230 44 
2 I 1097769 44 
3 I 1097830 44 
4 I 43790303 48 
5 I 44589993 44 
6 I 44833022 48 
7 I 45638644 44 
8 I 46533863 44 
9 I 46643840 44 
10 I 61930628 44 
11 I 61931056 44 
12 I 61931203 44 
13 I 61931361 44 
14 I 97143369 48 
15 I 97999597 44 
16 I 100016625 44 
17 I 106473822 44 
18 I 106686462 48 
19 I 107434262 44 
20 I 107455266 44 
21 I 108435754 44 
22 I 123423806 44 
23 I 123424174 44 
24 I 124439920 44 
25 I 124439923 44 
26 I 166432724 48 
27 I 167206076 44 
28 I 167482999 48 
29 I 168157635 44 
30 I 168256154 44 
31 I 169253676 44 
32 I 169362414 44 
33 I 171362917 44 
34 I 186048735 44 
35 I 186048741 44 
36 I 186048779 44 
37 I 186048945 44 
38 I 220281460 48 
39 I 221143821 44 
40 I 222292650 44 
41 I 223276669 44 
42 I 229078037 44 
43 I 229980218 48 
44 I 230606244 44 
45 I 230640986 44 
46 I 232023595 44 
47 I 246772221 44 
48 I 246772308 44 
49 I 247785992 44 
50 I 247786325 44 
