0 I 0 52 
1 I 2995256 52 
2 I 3847775 44 
3 I 6694753 44 
4 I 6893833 44 
5 I 7547734 44 
6 I 7752906 44 
7 I 8383139 44 
8 I 8558657 44 
9 I 8694395 44 
10 I 9187554 44 
11 I 9250550 44 
12 I 9368598 44 
13 I 9485401 44 
14 I 10002876 44 
15 I 10195282 44 
16 I 10257852 44 
17 I 10393845 44 
18 I 10837849 44 
19 I 10869194 44 
20 I 11235458 44 
21 I 11270176 44 
22 I 13095267 44 
23 I 13162530 44 
24 I 13216953 44 
25 I 13282252 44 
26 I 13393565 44 
27 I 14084929 44 
28 I 14119011 44 
29 I 14252363 44 
30 I 14313034 44 
31 I 14375564 44 
32 I 14967632 44 
33 I 15006715 44 
34 I 15235763 44 
35 I 15292716 44 
36 I 15864510 44 
37 I 15929413 44 
38 I 15974661 44 
39 I 16166883 44 
40 I 16233656 44 
41 I 16295299 44 
42 I 16854099 44 
43 I 16911444 44 
44 I 17773126 44 
45 I 17808690 44 
46 I 17884953 44 
47 I 17945815 44 
48 I 17989072 44 
49 I 18685909 44 
50 I 18750446 44 
51 I 18792715 44 
52 I 18879975 44 
53 I 18945268 44 
54 I 19010157 44 
55 I 19670050 44 
56 I 19727547 44 
57 I 19877379 44 
58 I 19944556 44 
59 I 19983850 44 
60 I 22048740 44 
61 I 22080871 44 
62 I 22157813 44 
63 I 22192632 44 
64 I 22965341 44 
65 I 22999697 44 
66 I 23077869 44 
67 I 23140783 44 
68 I 23205922 44 
69 I 23867657 44 
70 I 23904027 44 
71 I 24084510 44 
72 I 24139275 44 
73 I 24755250 44 
74 I 24818226 44 
75 I 24861142 44 
76 I 25022389 44 
77 I 25088598 44 
78 I 25152690 44 
79 I 25750653 44 
80 I 25786013 44 
81 I 26049197 44 
82 I 26105013 44 
83 I 26668510 44 
84 I 26730486 44 
85 I 26774389 44 
86 I 26987229 44 
87 I 27050681 44 
88 I 27117445 44 
89 I 27640957 44 
90 I 27695369 44 
91 I 28004001 44 
92 I 28192557 44 
93 I 28585426 44 
94 I 28643424 44 
95 I 29083858 44 
96 I 29292713 44 
97 I 29567964 44 
98 I 29625415 44 
99 I 30465071 44 
100 I 30501683 44 
101 I 30577295 44 
102 I 30640393 44 
103 I 30682356 44 
104 I 31413732 44 
105 I 31479211 44 
106 I 31522123 44 
107 I 31604603 44 
108 I 31637101 44 
109 I 32458495 44 
110 I 32494953 44 
111 I 34684629 44 
112 I 34717863 44 
113 I 34796353 44 
114 I 34831109 44 
115 I 35652298 44 
116 I 35682511 44 
117 I 35787733 44 
118 I 35852325 44 
119 I 35913163 44 
120 I 36596159 44 
121 I 36628925 44 
122 I 36850602 44 
123 I 36907042 44 
124 I 37559031 44 
125 I 37621198 44 
126 I 37665042 44 
127 I 37852882 44 
128 I 37915564 44 
129 I 37979757 44 
130 I 38603904 44 
131 I 38659521 44 
132 I 38912912 44 
133 I 39091756 44 
134 I 39581965 44 
135 I 39635477 44 
136 I 40018202 44 
137 I 40192390 44 
138 I 40576148 44 
139 I 40629874 44 
140 I 41125861 44 
141 I 41292014 44 
142 I 41558678 44 
143 I 41614428 44 
144 I 42218266 44 
145 I 42391480 44 
146 I 42535901 44 
147 I 42597442 44 
148 I 43323795 44 
149 I 43491879 44 
150 I 43537394 44 
151 I 43587491 44 
152 I 44407861 44 
153 I 44467840 44 
154 I 44530249 44 
155 I 44555335 44 
156 I 45339670 44 
157 I 45398810 44 
158 I 45462961 44 
159 I 45500819 44 
160 I 45562561 44 
161 I 46292940 44 
162 I 46356011 44 
163 I 46399171 44 
164 I 46488341 44 
165 I 46552011 44 
166 I 46618314 44 
167 I 47387624 44 
168 I 47424419 44 
169 I 47511072 44 
170 I 47564600 44 
171 I 48319168 44 
172 I 48387980 44 
173 I 48443574 44 
174 I 48500324 44 
175 I 49365802 44 
176 I 49423852 44 
177 I 49495483 44 
178 I 49558366 44 
179 I 49622327 44 
180 I 50343744 44 
181 I 50394111 44 
182 I 50584947 44 
183 I 50636885 44 
184 I 51292194 44 
185 I 51355617 44 
186 I 51399013 44 
187 I 51542455 44 
188 I 51610170 44 
189 I 51672557 44 
190 I 52338636 44 
191 I 52396809 44 
192 I 52622598 44 
193 I 52801954 44 
194 I 53341073 44 
195 I 53396665 44 
196 I 53747835 44 
197 I 53901249 44 
198 I 54307980 44 
199 I 54369772 44 
200 I 54788284 44 
201 I 54824234 44 
202 I 55290013 44 
203 I 55352852 44 
204 I 55392289 44 
205 I 55731083 44 
206 I 55900521 44 
207 I 56315349 44 
208 I 56348297 44 
209 I 56419874 44 
210 I 56480913 44 
211 I 56542570 44 
212 I 56788347 44 
213 I 57000376 44 
214 I 57436471 44 
215 I 57500859 44 
216 I 57568339 44 
217 I 57910318 44 
218 I 57944900 44 
219 I 58507742 44 
220 I 58562560 44 
221 I 58882065 44 
222 I 59100277 44 
223 I 59496329 44 
224 I 59550832 44 
225 I 60075449 44 
226 I 60200566 44 
227 I 60455281 44 
228 I 60521291 44 
229 I 60700832 44 
230 I 61107409 44 
231 I 61300369 44 
232 I 61620951 44 
233 I 61683178 44 
234 I 61750685 44 
235 I 62205968 44 
236 I 62272800 44 
237 I 62309359 44 
238 I 62637056 44 
239 I 62697805 44 
240 I 62760670 44 
241 I 63225664 44 
242 I 63249954 44 
243 I 63623666 44 
244 I 63655587 44 
245 I 63688969 44 
246 I 63690170 44 
247 I 64569437 44 
248 I 65502451 44 
249 I 65562868 44 
250 I 65625924 44 
251 I 65703479 44 
252 I 65759626 44 
253 I 66547822 44 
254 I 66614360 44 
255 I 66653643 44 
256 I 66734029 44 
257 I 66797737 44 
258 I 66862955 44 
259 I 67578452 44 
260 I 67613154 44 
261 I 67778909 44 
262 I 67832552 44 
263 I 68782547 44 
264 I 70775407 44 
265 I 70810782 44 
266 I 70992707 44 
267 I 71028738 44 
268 I 71803371 44 
269 I 71909663 44 
270 I 72384346 44 
271 I 72418332 44 
272 I 72596738 44 
273 I 72630956 44 
274 I 73335327 44 
275 I 73610970 44 
276 I 74001079 44 
277 I 74035196 44 
278 I 74207748 44 
279 I 74238210 44 
280 I 74555052 44 
281 I 74591150 44 
282 I 75159527 44 
283 I 75222201 44 
284 I 75287236 44 
285 I 75515181 44 
286 I 75550568 44 
287 I 76213280 44 
288 I 76269293 44 
289 I 76472735 44 
290 I 76535500 44 
291 I 76578170 44 
292 I 77405459 44 
293 I 77469669 44 
294 I 77507669 44 
295 I 77582690 44 
296 I 77645539 44 
297 I 77708283 44 
298 I 78450768 44 
299 I 78499375 44 
300 I 80581328 44 
301 I 80645547 44 
302 I 80782935 44 
303 I 80850498 44 
304 I 81010204 44 
305 I 81722985 44 
306 I 81754110 44 
307 I 81956928 44 
308 I 82019809 44 
309 I 82085077 44 
310 I 82705478 44 
311 I 82744717 44 
312 I 83052369 44 
313 I 83109040 44 
314 I 83697395 44 
315 I 83763336 44 
316 I 83805634 44 
317 I 84052893 44 
318 I 84119670 44 
319 I 84308997 44 
320 I 84762758 44 
321 I 84817468 44 
322 I 85244115 44 
323 I 85409344 44 
324 I 85745981 44 
325 I 85800771 44 
326 I 86346084 44 
327 I 86508764 44 
328 I 86743401 44 
329 I 86797557 44 
330 I 87428084 44 
331 I 87609065 44 
332 I 87712804 44 
333 I 87767615 44 
334 I 88527591 44 
335 I 88670391 44 
336 I 88733114 44 
337 I 88756995 44 
338 I 89575836 44 
339 I 89635350 44 
340 I 89695804 44 
341 I 89727276 44 
342 I 89791072 44 
343 I 90531299 44 
344 I 90592865 44 
345 I 90632339 44 
346 I 90710378 44 
347 I 90776075 44 
348 I 90839132 44 
349 I 91505956 44 
350 I 91536225 44 
351 I 91747608 44 
352 I 91803916 44 
353 I 92387367 44 
354 I 92451504 44 
355 I 92552729 44 
356 I 92665451 44 
357 I 92724432 44 
358 I 92909011 44 
359 I 93392941 44 
360 I 93448359 44 
361 I 93743065 44 
362 I 93777199 44 
363 I 94290231 44 
364 I 94352714 44 
365 I 94608551 44 
366 I 95159613 44 
367 I 95222966 44 
368 I 95285967 44 
369 I 95408091 44 
370 I 95450709 44 
371 I 95608382 44 
372 I 96239641 44 
373 I 96303330 44 
374 I 96401589 44 
375 I 96469619 44 
376 I 96499944 44 
377 I 96567461 44 
378 I 97222330 44 
379 I 97259294 44 
380 I 97384249 44 
381 I 97440915 44 
382 I 98077248 44 
383 I 98142115 44 
384 I 98186176 44 
385 I 98262803 44 
386 I 98325096 44 
387 I 98392292 44 
388 I 98993038 44 
389 I 99025499 44 
390 I 99244709 44 
391 I 99300422 44 
392 I 99824755 44 
393 I 99883093 44 
394 I 99926386 44 
395 I 100105727 44 
396 I 100168254 44 
397 I 100233111 44 
398 I 100720310 44 
399 I 100780357 44 
400 I 101040086 44 
401 I 101209170 44 
402 I 101573650 44 
403 I 101625720 44 
404 I 102013261 44 
405 I 102209224 44 
406 I 102399590 44 
407 I 102452168 44 
408 I 102992620 44 
409 I 103207678 44 
410 I 103247681 44 
411 I 103307611 44 
412 I 104020121 44 
413 I 104080449 44 
414 I 104145647 44 
415 I 104169190 44 
416 I 104895662 44 
417 I 104955241 44 
418 I 105018331 44 
419 I 105050583 44 
420 I 105114220 44 
421 I 105307546 44 
422 I 105742618 44 
423 I 105807714 44 
424 I 105849364 44 
425 I 106105545 44 
426 I 106171530 44 
427 I 106237581 44 
428 I 106662836 44 
429 I 106719196 44 
430 I 107050694 44 
431 I 107113744 44 
432 I 107158945 44 
433 I 107882287 44 
434 I 107915397 44 
435 I 107998784 44 
436 I 108060633 44 
437 I 108120939 44 
438 I 108709122 44 
439 I 108741318 44 
440 I 108944334 44 
441 I 109003290 44 
442 I 109562224 44 
443 I 109627483 44 
444 I 109673346 44 
445 I 109805809 44 
446 I 109870409 44 
447 I 109933219 44 
448 I 110107873 44 
449 I 110479514 44 
450 I 110539310 44 
451 I 110913221 44 
452 I 111107622 44 
453 I 111372562 44 
454 I 111430570 44 
455 I 111920349 44 
456 I 112107187 44 
457 I 112246490 44 
458 I 112300848 44 
459 I 112914064 44 
460 I 113082350 44 
461 I 113145018 44 
462 I 113170638 44 
463 I 113889582 44 
464 I 113953110 44 
465 I 114012885 44 
466 I 114037841 44 
467 I 114757442 44 
468 I 114820685 44 
469 I 114883442 44 
470 I 114912825 44 
471 I 114978610 44 
472 I 115675114 44 
473 I 115740048 44 
474 I 115783290 44 
475 I 115855466 44 
476 I 115919900 44 
477 I 115985461 44 
478 I 116606206 44 
479 I 116637572 44 
480 I 116853197 44 
481 I 116909921 44 
482 I 117457392 44 
483 I 117520643 44 
484 I 117568530 44 
485 I 117738190 44 
486 I 117798998 44 
487 I 117863233 44 
488 I 118006641 44 
489 I 118388207 44 
490 I 118444584 44 
491 I 118831946 44 
492 I 119006521 44 
493 I 119282297 44 
494 I 119338326 44 
495 I 119805243 44 
496 I 120006866 44 
497 I 120118229 44 
498 I 120170963 44 
499 I 120835837 44 
500 I 120935330 44 
501 I 121000290 44 
502 I 121023454 44 
503 I 121708337 44 
504 I 121771912 44 
505 I 121832307 44 
506 I 121861487 44 
507 I 121925247 44 
508 I 122535645 44 
509 I 122596414 44 
510 I 122637238 44 
511 I 122744926 44 
512 I 122809356 44 
513 I 122873483 44 
514 I 123385809 44 
515 I 123424390 44 
516 I 123633336 44 
517 I 123690394 44 
518 I 124180952 44 
519 I 124245257 44 
520 I 124287689 44 
521 I 124460914 44 
522 I 124522462 44 
523 I 124585174 44 
524 I 125052586 44 
525 I 125107099 44 
526 I 125344715 44 
527 I 125511662 44 
528 I 125851261 44 
529 I 125905389 44 
530 I 126255191 44 
531 I 126411473 44 
532 I 126645805 44 
533 I 126700460 44 
534 I 127162774 44 
535 I 127311515 44 
536 I 127450186 44 
537 I 127508110 44 
538 I 128062699 44 
539 I 128211395 44 
540 I 128276296 44 
541 I 128332673 44 
542 I 128986485 44 
543 I 129065029 44 
544 I 129127904 44 
545 I 129152458 44 
546 I 129827431 44 
547 I 129893243 44 
548 I 129936340 44 
549 I 129937757 44 
