0 I 0 64 
1 I 202423 56 
2 I 212759 493 
3 I 417922 56 
4 I 621078 56 
5 I 827979 56 
6 I 1035668 56 
7 I 5783792 56 
8 I 5986374 56 
9 I 79589422 64 
10 I 79792878 56 
11 I 79800442 493 
12 I 80003935 56 
13 I 80220427 56 
14 I 80423971 56 
15 I 80424365 56 
16 I 84809681 56 
17 I 85010908 56 
18 I 168584001 64 
19 I 168589352 64 
20 I 168791493 56 
21 I 168796462 56 
22 I 168836315 503 
23 I 168836358 503 
24 I 169057351 56 
25 I 169065263 56 
26 I 169065736 56 
27 I 169070491 56 
28 I 169272161 56 
29 I 169283095 56 
30 I 169474728 56 
31 I 169475486 56 
32 I 169475845 56 
33 I 169476268 56 
34 I 169486396 56 
35 I 169487284 56 
36 I 169487291 56 
37 I 169491578 56 
38 I 170284602 503 
39 I 170498650 56 
40 I 170500636 56 
41 I 170706956 56 
42 I 170707436 56 
43 I 173787231 56 
44 I 173992408 56 
45 I 174792860 56 
46 I 174994227 56 
47 I 193954361 64 
48 I 194160423 56 
49 I 194171301 504 
50 I 194377126 56 
51 I 194580136 56 
52 I 194782667 56 
53 I 194782924 56 
54 I 194783771 56 
55 I 199794086 56 
56 I 199996028 56 
57 I 266419271 64 
58 I 266623037 56 
59 I 267287731 504 
60 I 267634831 56 
61 I 267981987 56 
62 I 268185592 56 
63 I 268185868 56 
64 I 268186011 56 
65 I 268198932 56 
66 I 272786954 56 
67 I 272993488 56 
68 I 272993585 56 
69 I 277550801 64 
70 I 277758668 56 
71 I 277781044 504 
72 I 277987797 56 
73 I 278192351 56 
74 I 278234337 56 
75 I 278397006 56 
76 I 278397450 56 
77 I 278397582 56 
78 I 278397760 56 
79 I 282814441 56 
80 I 283022454 56 
