0 I 0 48 
1 I 1430546 44 
2 I 1436537 44 
3 I 9082347 44 
4 I 9246341 44 
5 I 9732698 44 
6 I 12755547 44 
7 I 14406813 44 
8 I 14412185 44 
9 I 14426987 48 
10 I 15416518 44 
11 I 15420481 44 
12 I 17399431 44 
13 I 17710794 44 
14 I 17730507 48 
15 I 20208315 44 
16 I 20286373 44 
17 I 20290746 44 
18 I 21378774 44 
19 I 22317499 44 
20 I 24845516 44 
21 I 28531516 44 
22 I 29056049 44 
23 I 29073437 48 
24 I 30433801 44 
25 I 32071856 44 
26 I 35721048 44 
27 I 36056652 44 
28 I 36061915 48 
29 I 37412323 44 
30 I 37424125 44 
31 I 38016224 44 
32 I 38637911 44 
33 I 39337863 44 
34 I 40725958 44 
35 I 41061347 44 
36 I 41076777 48 
37 I 42161817 44 
38 I 42450977 44 
39 I 42456406 44 
40 I 43677955 44 
41 I 44671995 44 
42 I 46376539 44 
43 I 46601048 44 
44 I 46606154 44 
45 I 46611220 48 
46 I 46622349 44 
47 I 46792267 44 
48 I 47162817 44 
49 I 47168121 44 
50 I 48802275 44 
51 I 48807351 44 
52 I 48812063 48 
53 I 50276912 44 
54 I 50282260 44 
55 I 54514102 44 
56 I 55522030 44 
57 I 55527198 44 
58 I 55531332 48 
59 I 56071655 44 
60 I 56076443 44 
61 I 57359916 44 
62 I 64403948 44 
63 I 64409215 44 
64 I 64724044 44 
65 I 124453706 48 
66 I 127660594 48 
67 I 134160176 48 
68 I 146989506 48 
69 I 165437189 44 
70 I 165441039 44 
