0 I 0 64 
1 I 616954 56 
2 I 616961 205 
3 I 5520744 56 
4 I 86772943 64 
5 I 87305445 56 
6 I 87305450 205 
7 I 87838126 56 
8 I 90686870 64 
9 I 91206017 205 
10 I 91206022 56 
11 I 91735013 56 
12 I 98632025 64 
13 I 101630960 64 
14 I 102006085 205 
15 I 102006100 56 
16 I 102545393 56 
17 I 128644693 64 
18 I 129186731 56 
19 I 129186741 205 
20 I 130831437 205 
21 I 131380199 56 
22 I 141015246 64 
23 I 141284019 64 
24 I 141603217 56 
25 I 141603222 205 
26 I 141839938 56 
27 I 141839944 205 
28 I 142180270 56 
29 I 142413269 56 
