0 I 0 128 
1 I 164782 130 
2 I 339558 130 
3 I 343393 129 
4 I 345789 131 
5 I 529665 64 
6 I 39907438 227 
7 I 39944024 135 
8 I 39952220 135 
9 I 40160549 64 
10 I 117385907 128 
11 I 117523443 130 
12 I 117665380 130 
13 I 117669267 129 
14 I 117671608 131 
15 I 117812940 64 
16 I 149258567 227 
17 I 149292401 135 
18 I 149303885 135 
19 I 149498532 64 
20 I 196989195 128 
21 I 197130974 130 
22 I 197275003 130 
23 I 197280678 129 
24 I 197283427 131 
25 I 197477082 64 
26 I 228236474 227 
27 I 228272709 135 
28 I 228342382 135 
29 I 228558156 64 
30 I 256421529 128 
31 I 256568411 130 
32 I 256722225 64 
33 I 256734069 130 
34 I 256738333 129 
35 I 256740916 131 
36 I 257023971 64 
37 I 280795770 227 
38 I 280828148 135 
39 I 280836418 135 
40 I 281065985 64 
