0 I 0 580 
1 I 27 580 
2 I 1017 114 
3 I 39981 580 
4 I 45748 580 
5 I 214365 68 
6 I 1394803 580 
7 I 1394846 580 
8 I 1632975 56 
9 I 1649171 306 
10 I 1649285 580 
11 I 2167727 580 
12 I 2656038 580 
13 I 2656684 580 
14 I 2905593 580 
15 I 2905634 580 
16 I 2911186 105 
17 I 2911189 580 
18 I 3988732 580 
19 I 3988855 580 
20 I 5329899 580 
21 I 5329979 580 
22 I 6212759 580 
23 I 6623007 580 
24 I 6624723 580 
25 I 7415307 580 
26 I 7635207 68 
27 I 7918661 580 
28 I 7918931 580 
29 I 8729691 580 
30 I 8730811 580 
31 I 8730852 580 
32 I 9219751 580 
33 I 9221958 580 
34 I 10014494 105 
35 I 10510973 580 
36 I 10511114 580 
37 I 10512062 580 
38 I 11681042 68 
39 I 11838599 580 
40 I 13022406 102 
41 I 13190761 580 
42 I 13190928 580 
43 I 14197373 68 
44 I 14537376 580 
45 I 14743019 105 
46 I 16057086 580 
47 I 17040570 580 
48 I 17511116 102 
49 I 18388035 580 
50 I 18388097 580 
51 I 18438024 56 
52 I 18443976 306 
53 I 18444010 580 
54 I 19764755 580 
55 I 21854171 580 
56 I 22510798 102 
57 I 22622828 580 
58 I 23822664 354 
59 I 24000654 580 
60 I 24000683 580 
61 I 25424827 580 
62 I 25426454 580 
63 I 27321817 68 
64 I 27651585 580 
65 I 28713949 580 
66 I 29009968 56 
67 I 29010564 306 
68 I 29010699 580 
69 I 29019124 580 
70 I 29019267 580 
71 I 29139870 56 
72 I 29139993 580 
73 I 30375160 580 
74 I 31545143 580 
75 I 34102691 318 
76 I 35348613 580 
77 I 36559151 330 
78 I 37783386 126 
79 I 70524468 126 
80 I 158904926 56 
81 I 158905056 56 
