0 I 0 66 
1 I 38020 64 
2 I 566068 64 
3 I 3933797 66 
4 I 3966948 64 
5 I 3975395 64 
6 I 3988477 64 
7 I 9568006 66 
8 I 9601244 64 
9 I 9751428 64 
10 I 13213288 66 
11 I 13242771 64 
12 I 13255230 64 
13 I 13271837 64 
14 I 26412222 66 
15 I 26443455 64 
16 I 26769815 64 
17 I 30521359 66 
18 I 30552798 64 
19 I 30565174 64 
20 I 30593123 64 
21 I 34151346 66 
22 I 34181147 64 
23 I 34707972 64 
24 I 34959499 66 
25 I 34990119 64 
26 I 35534161 64 
27 I 37951531 66 
28 I 37990824 64 
29 I 37995242 64 
30 I 38010867 64 
31 I 43967865 66 
32 I 43998154 64 
33 I 44134347 64 
34 I 45699715 66 
35 I 45732923 64 
36 I 47677853 66 
37 I 47714986 64 
38 I 47725204 64 
39 I 47740017 64 
40 I 48438787 66 
41 I 48452410 66 
42 I 48468728 66 
43 I 48469170 64 
44 I 48477976 64 
45 I 48487180 64 
46 I 48495767 64 
47 I 48523580 64 
48 I 48523985 64 
49 I 48528586 64 
50 I 48570654 64 
51 I 48758576 64 
52 I 48771087 66 
53 I 48784644 66 
54 I 48791930 66 
55 I 48797827 64 
56 I 48801478 66 
57 I 48801548 66 
58 I 48810151 64 
59 I 48814922 64 
60 I 48824618 64 
61 I 48828709 64 
62 I 48833935 66 
63 I 48834537 64 
64 I 48854126 64 
65 I 48891321 64 
66 I 48921912 64 
67 I 48925915 64 
68 I 48925962 64 
69 I 48926198 64 
70 I 48926202 64 
71 I 48999006 64 
72 I 48999099 66 
73 I 48999497 64 
74 I 48999819 64 
75 I 49000171 64 
76 I 49000529 64 
77 I 49027388 64 
78 I 49039237 66 
79 I 49043427 66 
80 I 49061040 64 
81 I 49066495 64 
82 I 49133801 64 
83 I 49133806 64 
84 I 49137680 64 
85 I 49218988 64 
86 I 49219394 64 
87 I 49219758 64 
88 I 49429446 66 
89 I 49449430 64 
90 I 49521490 64 
91 I 49609009 64 
92 I 49657281 66 
93 I 49676258 64 
94 I 49685846 66 
95 I 49704260 64 
96 I 49705957 64 
97 I 49729824 64 
98 I 49825864 64 
99 I 49919017 64 
100 I 52709830 66 
101 I 52736870 64 
102 I 52745256 64 
103 I 52759937 64 
104 I 94336396 66 
105 I 94365085 64 
106 I 95150059 64 
107 I 95434813 66 
108 I 95451085 64 
109 I 95575782 64 
110 I 95579123 64 
111 I 99021794 66 
112 I 99052237 64 
113 I 99065091 64 
114 I 99081748 64 
115 I 193808345 66 
116 I 193839123 64 
117 I 194120525 64 
118 I 194365729 66 
119 I 194369694 66 
120 I 194381005 64 
121 I 194389800 64 
122 I 194505892 64 
123 I 194511137 64 
124 I 194597311 64 
125 I 194597722 64 
126 I 197756057 66 
127 I 197788968 64 
128 I 197794683 64 
129 I 197815184 64 
130 I 207871805 66 
131 I 207927332 64 
132 I 207972053 64 
133 I 207995913 64 
134 I 208619883 66 
135 I 208645847 64 
136 I 208648919 64 
137 I 208757033 64 
138 I 211451571 66 
139 I 211455832 66 
140 I 211464090 64 
141 I 211473732 64 
142 I 211478368 64 
143 I 211483206 66 
144 I 211500834 64 
145 I 211546546 66 
146 I 211551405 66 
147 I 211556487 66 
148 I 211558176 64 
149 I 211558213 64 
150 I 211565165 64 
151 I 211569168 64 
152 I 211577143 64 
153 I 211581561 64 
154 I 211585727 64 
155 I 211597652 64 
156 I 211651900 66 
157 I 211672778 64 
158 I 211681463 64 
159 I 211684485 64 
160 I 211705757 64 
161 I 211710268 64 
162 I 211739050 64 
163 I 211777528 64 
164 I 211777913 64 
165 I 212042367 66 
166 I 212059840 66 
167 I 212065678 64 
168 I 212079567 64 
169 I 212153887 64 
170 I 212159048 64 
171 I 212247021 64 
172 I 212247452 64 
173 I 212330445 66 
174 I 212578397 64 
175 I 212643923 64 
176 I 212736982 64 
177 I 217915100 66 
178 I 217952294 64 
179 I 218037837 64 
180 I 218052300 64 
181 I 219317710 66 
182 I 219346982 64 
183 I 219354179 64 
184 I 219370767 64 
185 I 219605861 66 
186 I 219839977 64 
187 I 219985608 64 
188 I 220003792 64 
189 I 220009764 66 
190 I 220034339 64 
191 I 220492158 74 
192 I 220614924 64 
193 I 220630689 66 
194 I 220630730 66 
195 I 220639621 64 
196 I 220647708 66 
197 I 220657535 64 
198 I 220657599 64 
199 I 220667029 64 
200 I 220885918 64 
201 I 220907008 64 
202 I 221208869 64 
203 I 221316872 64 
204 I 221332095 64 
205 I 221474498 66 
206 I 221491911 66 
207 I 221499786 66 
208 I 221504864 64 
209 I 221511674 66 
210 I 221520587 66 
211 I 221521082 64 
212 I 221525201 64 
213 I 221529395 66 
214 I 221534951 64 
215 I 221538804 64 
216 I 221550242 64 
217 I 221693242 64 
218 I 221712247 64 
219 I 221724180 66 
220 I 221727862 64 
221 I 221730570 64 
222 I 221735911 66 
223 I 221739660 64 
224 I 221740887 64 
225 I 221754659 64 
226 I 221758063 64 
227 I 221762477 66 
228 I 221763003 64 
229 I 221767087 64 
230 I 221779265 64 
231 I 221842426 64 
232 I 221861243 64 
233 I 221919486 64 
234 I 221919500 64 
235 I 221945919 64 
236 I 221957578 64 
237 I 221994763 64 
238 I 222011568 64 
239 I 222031748 64 
240 I 222045622 64 
241 I 222125949 66 
242 I 222125978 66 
243 I 222157410 64 
244 I 222161100 64 
245 I 222386911 64 
246 I 222389973 64 
247 I 222434579 64 
248 I 222451072 64 
249 I 223733958 64 
250 I 250843774 66 
251 I 250885219 64 
252 I 251733612 64 
253 I 251763169 64 
254 I 251911975 66 
255 I 251937140 64 
256 I 252159810 64 
257 I 252246508 64 
258 I 252416589 66 
259 I 252443840 64 
260 I 252591814 64 
261 I 252609738 64 
262 I 266631754 66 
