0 I 0 48 
1 I 713325 44 
2 I 1842881 44 
3 I 2372065 44 
4 I 2515080 44 
5 I 2911262 44 
6 I 3011656 44 
7 I 3530009 44 
8 I 3542225 44 
9 I 3546002 44 
10 I 4706853 44 
11 I 5344918 44 
12 I 8678431 44 
13 I 9347799 44 
14 I 10015814 44 
15 I 10825874 44 
16 I 10833252 44 
17 I 13870147 44 
18 I 14558177 44 
19 I 15429550 44 
20 I 15514028 44 
21 I 16289318 44 
22 I 17003305 44 
23 I 17234564 44 
24 I 17773091 44 
25 I 18172106 44 
26 I 18244031 44 
27 I 18816444 44 
28 I 19439981 44 
29 I 20085771 44 
30 I 20092823 44 
31 I 22376020 44 
32 I 22868135 44 
33 I 23569033 44 
34 I 24131954 44 
35 I 24852502 44 
36 I 25546666 44 
37 I 26134117 44 
38 I 26657131 44 
39 I 27235265 44 
40 I 27249866 44 
41 I 29120086 44 
42 I 29724923 44 
43 I 30247126 44 
44 I 30252382 44 
45 I 31949053 44 
46 I 32438106 44 
47 I 32946572 44 
48 I 33442476 44 
49 I 33447982 44 
50 I 35300946 44 
51 I 36041586 44 
52 I 36368632 44 
53 I 36990986 44 
54 I 38762824 44 
55 I 39425960 44 
56 I 39431405 44 
57 I 40013021 44 
58 I 40176915 44 
59 I 40791985 44 
60 I 41252598 44 
61 I 41998182 44 
62 I 42465818 44 
63 I 43178087 44 
64 I 43185878 44 
65 I 45481165 44 
66 I 45998411 44 
67 I 46555613 44 
68 I 49147771 44 
69 I 49893299 44 
70 I 51033047 44 
71 I 51645917 44 
72 I 54168575 44 
73 I 267331752 48 
74 I 267928742 44 
75 I 268497877 44 
76 I 269161936 44 
77 I 269163519 44 
78 I 270357190 48 
79 I 270871878 44 
80 I 271510072 44 
81 I 272193092 44 
82 I 274510810 44 
83 I 275581902 44 
84 I 276188639 44 
85 I 278506878 44 
86 I 279912748 44 
87 I 280411357 44 
88 I 280935807 44 
89 I 281470508 44 
90 I 281964825 44 
91 I 282592250 44 
92 I 283105514 44 
93 I 283654274 44 
94 I 284151688 44 
95 I 284707381 44 
96 I 285134888 44 
97 I 285257462 44 
98 I 285798973 44 
99 I 286307899 44 
100 I 286779142 44 
101 I 289184412 44 
102 I 294524190 44 
103 I 295234760 44 
104 I 295585355 44 
105 I 296088399 44 
106 I 296477847 44 
107 I 296947454 44 
