0 I 0 52 
1 I 2932787 52 
2 I 6677702 44 
3 I 6684555 61 
4 I 8980929 44 
5 I 12152490 686 
6 I 12279371 1504 
7 I 12384067 1504 
8 I 17360501 862 
9 I 17963967 1504 
10 I 18054117 1504 
11 I 22972526 686 
12 I 24541179 1504 
13 I 24724154 1504 
14 I 24765176 862 
15 I 30813285 1504 
16 I 30869356 1504 
17 I 36883695 1504 
18 I 41783041 774 
19 I 42498007 1504 
20 I 47096648 1504 
21 I 62049633 1504 
22 I 92478330 1504 
23 I 97588125 1504 
24 I 97623657 1504 
25 I 102558340 1504 
26 I 108283954 774 
27 I 108333368 1504 
28 I 116621548 1504 
29 I 117140137 1504 
30 I 117615705 1504 
31 I 121850524 774 
32 I 125301814 1504 
33 I 125343885 1504 
34 I 131867890 1358 
35 I 132708158 1504 
36 I 136411250 1504 
37 I 136453079 1504 
38 I 141038297 1504 
39 I 141087388 1504 
40 I 145860134 45 
41 I 147148470 1504 
42 I 147652439 1504 
43 I 151215957 1504 
44 I 151733946 1504 
45 I 152202629 1504 
46 I 154379255 850 
47 I 155891619 1504 
48 I 156402690 1504 
49 I 160889908 1504 
50 I 160911009 850 
51 I 166000361 1504 
52 I 170913725 698 
53 I 171341218 1504 
54 I 175893224 1504 
