0 I 0 64 
1 I 242086 56 
2 I 245065 401 
3 I 482782 56 
4 I 483185 56 
5 I 485580 56 
6 I 2492379 64 
7 I 2739842 56 
8 I 2740033 405 
9 I 2979604 56 
10 I 2979898 56 
11 I 2979978 56 
12 I 3221727 56 
13 I 3221950 56 
14 I 3224167 56 
15 I 3224643 56 
16 I 3225448 56 
17 I 3462480 56 
18 I 3466414 56 
19 I 3467724 56 
20 I 6379837 64 
21 I 6620802 56 
22 I 6623482 405 
23 I 6865861 56 
24 I 6956148 56 
25 I 7106604 56 
26 I 7106604 56 
27 I 7106609 56 
28 I 7197871 56 
29 I 7199714 56 
30 I 7344636 56 
31 I 7347534 56 
32 I 7349616 56 
33 I 11904051 64 
34 I 12148086 56 
35 I 12148175 398 
36 I 12236065 64 
37 I 12388961 56 
38 I 12391146 56 
39 I 12475593 56 
40 I 12480903 493 
41 I 12630272 56 
42 I 12632876 56 
43 I 12633690 56 
44 I 12727926 56 
45 I 12727941 56 
46 I 12870222 56 
47 I 12870878 56 
48 I 12872513 56 
49 I 12873298 56 
50 I 12968078 56 
51 I 12970244 56 
52 I 12971124 56 
53 I 13206225 56 
54 I 13206934 56 
55 I 13206950 56 
56 I 15871444 64 
57 I 16113643 56 
58 I 16119665 398 
59 I 16359592 56 
60 I 16361090 56 
61 I 16361729 56 
62 I 16601736 56 
63 I 16603211 56 
64 I 16605091 56 
65 I 16605709 56 
66 I 16843377 56 
67 I 16845380 56 
68 I 16845609 56 
69 I 16846459 56 
70 I 16913626 64 
71 I 17154533 493 
72 I 17156953 56 
73 I 17395326 56 
74 I 17397237 56 
75 I 17398837 56 
76 I 17636665 56 
77 I 17638666 56 
78 I 17638860 56 
79 I 17639545 56 
80 I 17639659 56 
81 I 17639989 56 
82 I 17876621 56 
83 I 17879582 56 
84 I 17883026 56 
85 I 18205028 64 
86 I 18446838 56 
87 I 18447122 407 
88 I 18689875 56 
89 I 19828859 64 
90 I 20067522 400 
91 I 20070495 56 
92 I 20207342 64 
93 I 20307727 56 
94 I 20310095 56 
95 I 20310858 56 
96 I 20448277 56 
97 I 20451292 407 
98 I 20547651 56 
99 I 20548263 56 
100 I 20548434 56 
101 I 20561300 56 
102 I 20563799 56 
103 I 20690550 56 
104 I 20787816 56 
105 I 20787942 56 
106 I 20789937 56 
107 I 21275574 64 
108 I 21515602 56 
109 I 21515822 493 
110 I 21756436 56 
111 I 21757041 56 
112 I 21757562 56 
113 I 21997243 56 
114 I 21997836 56 
115 I 22000401 56 
116 I 22001401 56 
117 I 22003345 56 
118 I 22242386 56 
119 I 22242776 56 
120 I 22245163 56 
121 I 23973118 64 
122 I 24210764 56 
123 I 24210960 400 
124 I 24449497 56 
125 I 24451230 56 
126 I 24453900 56 
127 I 24692215 56 
128 I 24695132 56 
129 I 24932319 56 
130 I 24934349 56 
131 I 24935055 56 
132 I 25580866 64 
133 I 25823997 56 
134 I 25824211 493 
135 I 26064145 56 
136 I 26066383 56 
137 I 26067126 56 
138 I 26302993 56 
139 I 26303737 56 
140 I 26304080 56 
141 I 26306601 56 
142 I 26306744 56 
143 I 26309124 56 
144 I 26549010 56 
145 I 26549271 56 
146 I 26550125 56 
147 I 27787714 64 
148 I 28025279 56 
149 I 28025602 398 
150 I 28265294 56 
151 I 28265673 56 
152 I 28266842 56 
153 I 28503933 56 
154 I 28504196 56 
155 I 28504385 56 
156 I 28506055 56 
157 I 28507127 56 
158 I 28507391 56 
159 I 28743175 56 
160 I 28744495 56 
161 I 28745830 56 
162 I 29961408 64 
163 I 30205171 56 
164 I 30205393 493 
165 I 30445216 56 
166 I 30445674 56 
167 I 30447372 56 
168 I 30685878 56 
169 I 30686332 56 
170 I 30688053 56 
171 I 30923602 56 
172 I 30924653 56 
173 I 30926563 56 
174 I 31656294 64 
175 I 31896548 398 
176 I 31898172 56 
177 I 32140881 56 
178 I 32142879 56 
179 I 32143369 56 
180 I 32391872 56 
181 I 32392365 56 
182 I 32392431 56 
183 I 32395243 56 
184 I 32633220 56 
185 I 32633601 56 
186 I 32635921 56 
187 I 32636462 56 
188 I 34329071 64 
189 I 34567162 56 
190 I 34570059 493 
191 I 34810481 56 
192 I 34812572 56 
193 I 34813760 56 
194 I 35050934 56 
195 I 35051163 56 
196 I 35062293 56 
197 I 35062471 56 
198 I 35064342 56 
199 I 35293081 56 
200 I 35293519 56 
201 I 35296659 56 
202 I 35768368 64 
203 I 36008346 56 
204 I 36010906 401 
205 I 36253660 56 
206 I 36254873 56 
207 I 36257169 56 
208 I 36493901 56 
209 I 36493909 56 
210 I 36496335 56 
211 I 36736304 56 
212 I 36738146 56 
213 I 36738375 56 
214 I 36738877 56 
215 I 36930710 64 
216 I 37170716 397 
217 I 37173227 56 
218 I 37410727 56 
219 I 37411241 56 
220 I 37411583 56 
221 I 37654013 56 
222 I 37655760 56 
223 I 37656496 56 
224 I 37656497 56 
225 I 37897484 56 
226 I 37897652 56 
227 I 37899684 56 
228 I 37900381 56 
229 I 38140834 56 
230 I 38140896 56 
231 I 38142470 56 
232 I 38143702 56 
233 I 38144121 56 
234 I 38144330 56 
235 I 38379350 56 
236 I 38379497 56 
237 I 38379499 56 
238 I 39535001 64 
239 I 39777195 56 
240 I 39777807 397 
241 I 39870068 64 
242 I 40020750 56 
243 I 40023601 56 
244 I 40114557 56 
245 I 40114728 401 
246 I 40260563 56 
247 I 40263656 56 
248 I 40264571 56 
249 I 40356295 56 
250 I 40358005 56 
251 I 40358261 56 
252 I 40419381 64 
253 I 40501531 56 
254 I 40502335 56 
255 I 40504744 56 
256 I 40507640 56 
257 I 40507863 56 
258 I 40508286 56 
259 I 40509662 56 
260 I 40509669 56 
261 I 40510021 56 
262 I 40598394 56 
263 I 40598397 56 
264 I 40598689 56 
265 I 40600323 56 
266 I 40601463 56 
267 I 40601985 56 
268 I 40602244 56 
269 I 40659346 56 
270 I 40661982 493 
271 I 40743283 56 
272 I 40743724 56 
273 I 40743878 56 
274 I 40745371 56 
275 I 40745771 56 
276 I 40747212 56 
277 I 40748633 56 
278 I 40748838 56 
279 I 40748845 56 
280 I 40750474 56 
281 I 40750475 56 
282 I 40750478 56 
283 I 40840818 56 
284 I 40842002 56 
285 I 40842024 56 
286 I 40902430 56 
287 I 40902900 56 
288 I 40904196 56 
289 I 41143331 56 
290 I 41144162 56 
291 I 41145715 56 
292 I 41146491 56 
293 I 41146774 56 
294 I 41146954 56 
295 I 41147676 56 
296 I 41384637 56 
297 I 41384751 56 
298 I 41389174 56 
299 I 46256501 64 
300 I 46500372 56 
301 I 46500658 394 
302 I 46739735 56 
303 I 46740601 56 
304 I 46743475 56 
305 I 46983602 56 
306 I 46986749 56 
307 I 46986785 56 
308 I 46988429 56 
309 I 46989329 56 
310 I 46998183 56 
311 I 47220565 56 
312 I 47221888 56 
313 I 47224668 56 
314 I 47819662 64 
315 I 48062388 56 
316 I 48063751 493 
317 I 48305373 56 
318 I 48308719 56 
319 I 48308757 56 
320 I 48548654 56 
321 I 48549086 56 
322 I 48550900 56 
323 I 48553086 56 
324 I 48563858 56 
325 I 48789594 56 
326 I 48791845 56 
327 I 48792195 56 
328 I 50188364 64 
329 I 50428425 56 
330 I 50428488 394 
331 I 50671798 56 
332 I 50672114 56 
333 I 50672210 56 
334 I 50911995 56 
335 I 50912860 56 
336 I 50913836 56 
337 I 50914671 56 
338 I 50915260 56 
339 I 51151327 56 
340 I 51153488 56 
341 I 51153873 56 
342 I 58622523 64 
343 I 58864485 493 
344 I 58866841 56 
345 I 59104060 56 
346 I 59106561 56 
347 I 59106935 56 
348 I 59354689 56 
349 I 59354697 56 
350 I 59357971 56 
351 I 59557371 56 
352 I 59596594 56 
353 I 59837177 56 
354 I 60365543 64 
355 I 60603336 56 
356 I 60603476 398 
357 I 60840817 56 
358 I 60841949 56 
359 I 60846088 56 
360 I 61082088 56 
361 I 61083142 56 
362 I 61083565 56 
363 I 61089570 56 
364 I 61156386 56 
365 I 61322164 56 
366 I 61324914 56 
367 I 61325054 56 
368 I 63187785 64 
369 I 63427149 493 
370 I 63429341 56 
371 I 63673452 56 
372 I 63673680 56 
373 I 63675847 56 
374 I 63912967 56 
375 I 63913559 56 
376 I 63914508 56 
377 I 63916160 56 
378 I 63917090 56 
379 I 64155534 56 
380 I 64157666 56 
381 I 64157879 56 
382 I 64305692 64 
383 I 64550797 56 
384 I 64551052 398 
385 I 64795987 56 
386 I 64796551 56 
387 I 65047479 56 
388 I 65048196 56 
389 I 65049785 56 
390 I 65050715 56 
391 I 65051064 56 
392 I 65052129 56 
393 I 65284850 56 
394 I 65287353 56 
395 I 65288478 56 
396 I 70210035 64 
397 I 70450566 56 
398 I 70456164 399 
399 I 70571851 64 
400 I 70694007 56 
401 I 70756432 56 
402 I 70813492 56 
403 I 70813817 493 
404 I 70937784 56 
405 I 70939439 56 
406 I 70939701 56 
407 I 70998352 56 
408 I 71001042 56 
409 I 71052995 56 
410 I 71061284 56 
411 I 71063903 56 
412 I 71182080 56 
413 I 71184458 56 
414 I 71184669 56 
415 I 71301351 56 
416 I 71301533 56 
417 I 71302512 56 
418 I 71303437 56 
419 I 71304596 56 
420 I 71305726 56 
421 I 71545638 56 
422 I 71547714 56 
423 I 71548368 56 
424 I 74870990 64 
425 I 75111072 56 
426 I 75111418 399 
427 I 75355365 56 
428 I 75357659 56 
429 I 75357879 56 
430 I 75596755 56 
431 I 75597294 56 
432 I 75599448 56 
433 I 75839898 56 
434 I 75841598 56 
435 I 75841603 56 
436 I 82698710 64 
437 I 82941788 56 
438 I 82942094 493 
439 I 83182245 56 
440 I 83182594 56 
441 I 83424385 56 
442 I 83425236 56 
443 I 83426247 56 
444 I 83427613 56 
445 I 83428301 56 
446 I 83666896 56 
447 I 83669361 56 
448 I 83669713 56 
449 I 86704348 64 
450 I 86947122 56 
451 I 86950124 396 
452 I 87192625 56 
453 I 87193326 56 
454 I 87195190 56 
455 I 87437014 56 
456 I 87437130 56 
457 I 87441317 56 
458 I 87678205 56 
459 I 87678384 56 
460 I 87678817 56 
461 I 87680437 56 
462 I 87680894 56 
463 I 87681469 56 
464 I 87923788 56 
465 I 87923983 56 
466 I 87924188 56 
467 I 87924632 56 
468 I 87925802 56 
469 I 87925802 56 
470 I 87926988 56 
471 I 87927324 56 
472 I 87927572 56 
473 I 87929343 56 
474 I 88165643 56 
475 I 88165880 56 
476 I 88166493 56 
477 I 88166634 56 
478 I 88166693 56 
479 I 88168164 56 
480 I 88168199 56 
481 I 88168533 56 
482 I 88169872 56 
483 I 88170318 56 
484 I 88170536 56 
485 I 88170602 56 
486 I 88172287 56 
487 I 88406682 56 
488 I 88409304 56 
489 I 88409554 56 
490 I 88409789 56 
491 I 88410125 56 
492 I 88411490 56 
493 I 88411493 56 
494 I 88411506 56 
495 I 88411709 56 
496 I 88412038 56 
497 I 88412873 56 
498 I 88412902 56 
499 I 88413000 56 
500 I 88413360 56 
501 I 88413372 56 
502 I 88413828 56 
503 I 88414265 56 
504 I 88415983 56 
505 I 88416521 56 
506 I 88416595 56 
507 I 88417171 56 
508 I 88417596 56 
509 I 88419298 56 
510 I 88419509 56 
511 I 88431452 56 
512 I 88647669 56 
513 I 88648443 56 
514 I 88648639 56 
515 I 88649040 56 
516 I 88649871 56 
517 I 88650628 56 
518 I 88651249 56 
519 I 88652753 56 
520 I 88653125 56 
521 I 88654227 56 
522 I 88654823 56 
523 I 88655905 56 
524 I 88656230 56 
525 I 88754243 56 
526 I 90351433 56 
527 I 90834259 56 
528 I 93148110 64 
529 I 93387348 56 
530 I 93390232 493 
531 I 93432519 56 
532 I 93628109 56 
533 I 93632460 56 
534 I 93633354 56 
535 I 93875283 56 
536 I 93875325 56 
537 I 93877146 56 
538 I 93878078 56 
539 I 94121423 56 
540 I 94121809 56 
541 I 94121844 56 
542 I 96141509 56 
543 I 97805191 64 
544 I 98043305 493 
545 I 98045339 56 
546 I 98260709 64 
547 I 98282585 56 
548 I 98282957 56 
549 I 98282968 56 
550 I 98499407 56 
551 I 98499848 401 
552 I 98523455 56 
553 I 98524040 56 
554 I 98527209 56 
555 I 98741506 56 
556 I 98741596 56 
557 I 98762757 56 
558 I 98762978 56 
559 I 98763144 56 
560 I 98982963 56 
561 I 98983212 56 
562 I 98983940 56 
563 I 98985571 56 
564 I 98985907 56 
565 I 98986711 56 
566 I 99223603 56 
567 I 99223737 56 
568 I 99226439 56 
569 I 102903788 64 
570 I 103145870 56 
571 I 103147216 401 
572 I 103389270 56 
573 I 103390632 56 
574 I 103391909 56 
575 I 103630208 56 
576 I 103633271 56 
577 I 103633942 56 
578 I 103636368 56 
579 I 103869107 56 
580 I 103869657 56 
581 I 103872368 56 
582 I 117320118 64 
583 I 117564357 396 
584 I 117566072 56 
585 I 117811359 56 
586 I 117812774 56 
587 I 117813000 56 
588 I 118050670 56 
589 I 118053840 56 
590 I 118053903 56 
591 I 118289916 56 
592 I 118290306 56 
593 I 118292561 56 
594 I 118293666 56 
595 I 118295109 56 
596 I 118295974 56 
597 I 118528611 56 
598 I 118529836 56 
599 I 118530390 56 
600 I 118531182 56 
601 I 118533511 56 
602 I 118533626 56 
603 I 118534508 56 
604 I 118536082 56 
605 I 118537599 56 
606 I 118537823 56 
607 I 118537855 56 
608 I 118537982 56 
609 I 118767604 56 
610 I 118768081 56 
611 I 118770326 56 
612 I 118770794 56 
613 I 118773341 56 
614 I 118773472 56 
615 I 118774529 56 
616 I 118774649 56 
617 I 118775599 56 
618 I 118776099 56 
619 I 118776541 56 
620 I 118776704 56 
621 I 118777661 56 
622 I 118778481 56 
623 I 118778849 56 
624 I 118779367 56 
625 I 118784072 56 
626 I 118784644 56 
627 I 118785299 56 
628 I 118787182 56 
629 I 118787554 56 
630 I 118788018 56 
631 I 119011881 56 
632 I 119012400 56 
633 I 119014484 56 
634 I 119015621 56 
635 I 119016764 56 
636 I 119016904 56 
637 I 119017853 56 
638 I 119017863 56 
639 I 119018656 56 
640 I 119018697 56 
641 I 119019236 56 
642 I 119019851 56 
643 I 119020030 56 
644 I 119020037 56 
645 I 119021361 56 
646 I 119021706 56 
647 I 119022289 56 
648 I 119023890 56 
649 I 119024368 56 
650 I 119024494 56 
651 I 119026037 56 
652 I 119026244 56 
653 I 119026383 56 
654 I 119031392 56 
655 I 119032477 56 
656 I 119032485 56 
657 I 119036662 56 
658 I 119036919 56 
659 I 119037144 56 
660 I 119037748 56 
661 I 119038340 56 
662 I 119154751 56 
663 I 119210372 56 
664 I 119279919 56 
665 I 119280373 56 
666 I 119675841 56 
667 I 121378562 56 
668 I 124783889 56 
669 I 126626350 64 
670 I 126866257 56 
671 I 126869529 358 
672 I 127109587 56 
673 I 127110983 56 
674 I 127112359 56 
675 I 127352970 56 
676 I 127355543 56 
677 I 127355551 56 
678 I 127358116 56 
679 I 127358191 56 
680 I 127600918 56 
681 I 127602121 56 
682 I 127604343 56 
683 I 130183269 64 
684 I 130421748 358 
685 I 130424337 56 
686 I 130662805 56 
687 I 130664899 56 
688 I 130665005 56 
689 I 130904744 56 
690 I 130907441 56 
691 I 130907708 56 
692 I 131147506 56 
693 I 131148710 56 
694 I 131149156 56 
695 I 131152925 56 
696 I 133812509 64 
697 I 134052329 358 
698 I 134054503 56 
699 I 134292014 56 
700 I 134292682 56 
701 I 134295661 56 
702 I 134533071 56 
703 I 134533328 56 
704 I 134537245 56 
705 I 134537972 56 
706 I 134773762 56 
707 I 134774622 56 
708 I 134776581 56 
709 I 137091141 64 
710 I 137331486 395 
711 I 137333876 56 
712 I 137376662 64 
713 I 137572609 56 
714 I 137575197 56 
715 I 137620355 56 
716 I 137620632 358 
717 I 137814168 56 
718 I 137816105 56 
719 I 137816475 56 
720 I 137871465 56 
721 I 137871816 56 
722 I 138052496 56 
723 I 138054559 56 
724 I 138055292 56 
725 I 138113199 56 
726 I 138113821 56 
727 I 138114151 56 
728 I 138117851 56 
729 I 138351677 56 
730 I 138352028 56 
731 I 138354315 56 
732 I 140997921 64 
733 I 141235806 56 
734 I 141240859 358 
735 I 141481723 56 
736 I 141555375 56 
737 I 141723035 56 
738 I 141725490 56 
739 I 141725974 56 
740 I 141799461 56 
741 I 141799461 56 
742 I 141961575 56 
743 I 141964945 56 
744 I 141965180 56 
745 I 144637893 64 
746 I 144878472 359 
747 I 144880921 56 
748 I 145122987 56 
749 I 145125026 56 
750 I 145125220 56 
751 I 145360832 56 
752 I 145361660 56 
753 I 145361951 56 
754 I 145364141 56 
755 I 145601078 56 
756 I 145602118 56 
757 I 145604423 56 
758 I 148249159 64 
759 I 148491174 359 
760 I 148493693 56 
761 I 148732777 56 
762 I 148733671 56 
763 I 148736544 56 
764 I 148977083 56 
765 I 148977111 56 
766 I 148977331 56 
767 I 148978495 56 
768 I 148981008 56 
769 I 149216933 56 
770 I 149217411 56 
771 I 149219982 56 
772 I 151869246 64 
773 I 152108336 56 
774 I 152108540 364 
775 I 152347547 56 
776 I 152347975 56 
777 I 152350737 56 
778 I 152590225 56 
779 I 152590883 56 
780 I 152593090 56 
781 I 152593227 56 
782 I 152593847 56 
783 I 152596374 56 
784 I 152834339 56 
785 I 152834787 56 
786 I 152836339 56 
787 I 155358550 64 
788 I 155597779 364 
789 I 155600238 56 
790 I 155839727 56 
791 I 155839729 56 
792 I 156082316 56 
793 I 156082739 56 
794 I 156082742 56 
795 I 156085975 56 
796 I 156336389 56 
797 I 156336887 56 
798 I 156339603 56 
799 I 159090442 64 
800 I 159329122 56 
801 I 159332984 360 
802 I 159361669 64 
803 I 159577279 56 
804 I 159577605 56 
805 I 159577995 56 
806 I 159602224 395 
807 I 159604683 56 
808 I 159819330 56 
809 I 159820799 56 
810 I 159821179 56 
811 I 159822187 56 
812 I 159822699 56 
813 I 159842661 56 
814 I 159843226 56 
815 I 159844343 56 
816 I 160063453 56 
817 I 160063464 56 
818 I 160064602 56 
819 I 160088283 56 
820 I 160091401 56 
821 I 160091585 56 
822 I 160092208 56 
823 I 160092448 56 
824 I 160092549 56 
825 I 160331035 56 
826 I 162682191 64 
827 I 162921097 360 
828 I 162923062 56 
829 I 163162403 56 
830 I 163162850 56 
831 I 163165129 56 
832 I 163403796 56 
833 I 163404194 56 
834 I 163404792 56 
835 I 163405458 56 
836 I 163405894 56 
837 I 163406471 56 
838 I 163644086 56 
839 I 163646484 56 
840 I 163646545 56 
841 I 166257675 64 
842 I 166501394 354 
843 I 166501469 56 
844 I 166742700 56 
845 I 166743487 56 
846 I 166746282 56 
847 I 166986752 56 
848 I 166989912 56 
849 I 166991641 56 
850 I 166991699 56 
851 I 167225547 56 
852 I 167228402 56 
853 I 167229745 56 
854 I 168573353 64 
855 I 168654935 64 
856 I 168820183 56 
857 I 168820219 390 
858 I 168895410 401 
859 I 168897581 56 
860 I 169063905 56 
861 I 169063929 56 
862 I 169063967 56 
863 I 169137561 56 
864 I 169137880 56 
865 I 169139656 56 
866 I 169309238 56 
867 I 169310374 56 
868 I 169312093 56 
869 I 169312851 56 
870 I 169376263 56 
871 I 169378851 56 
872 I 169379124 56 
873 I 169379724 56 
874 I 169379910 56 
875 I 169381820 56 
876 I 169549556 56 
877 I 169549597 56 
878 I 169549968 56 
879 I 169551399 56 
880 I 169552008 56 
881 I 169552767 56 
882 I 169553374 56 
883 I 169620778 56 
884 I 169620957 56 
885 I 169620957 56 
886 I 169621447 56 
887 I 169621675 56 
888 I 169622846 56 
889 I 169623088 56 
890 I 169623142 56 
891 I 169623684 56 
892 I 169626203 56 
893 I 169626309 56 
894 I 169626869 56 
895 I 169797361 56 
896 I 169798133 56 
897 I 169798924 56 
898 I 169799558 56 
899 I 169802200 56 
900 I 169802691 56 
901 I 169802975 56 
902 I 169805699 56 
903 I 169808229 56 
904 I 169868149 56 
905 I 169868958 56 
906 I 169869559 56 
907 I 169871911 56 
908 I 169871929 56 
909 I 169874085 56 
910 I 169874590 56 
911 I 170572314 64 
912 I 170814959 56 
913 I 170815166 390 
914 I 171064078 56 
915 I 171066791 56 
916 I 171066800 56 
917 I 171297772 64 
918 I 171304492 56 
919 I 171306628 56 
920 I 171308290 56 
921 I 171308647 56 
922 I 171308729 56 
923 I 171309196 56 
924 I 171541164 354 
925 I 171543182 56 
926 I 171547330 56 
927 I 171547551 56 
928 I 171550295 56 
929 I 171550423 56 
930 I 171550494 56 
931 I 171782563 56 
932 I 171787486 56 
933 I 171787723 56 
934 I 171788589 56 
935 I 171789045 56 
936 I 171789159 56 
937 I 171790036 56 
938 I 171790782 56 
939 I 171791528 56 
940 I 171793775 56 
941 I 171793783 56 
942 I 171794529 56 
943 I 171955597 56 
944 I 172025053 56 
945 I 172027503 56 
946 I 172027591 56 
947 I 172028883 56 
948 I 172031314 56 
949 I 172031635 56 
950 I 172032060 56 
951 I 172032614 56 
952 I 172033494 56 
953 I 172033628 56 
954 I 172033832 56 
955 I 172033832 56 
956 I 172033964 56 
957 I 172036033 56 
958 I 172036274 56 
959 I 172036889 56 
960 I 172039133 56 
961 I 172199178 56 
962 I 172200993 56 
963 I 172265317 56 
964 I 172265466 56 
965 I 172266753 56 
966 I 172273414 56 
967 I 172274203 56 
968 I 172274321 56 
969 I 172274610 56 
970 I 172276941 56 
971 I 172277159 56 
972 I 172277166 56 
973 I 172277242 56 
974 I 172278609 56 
975 I 172279112 56 
976 I 172279129 56 
977 I 172279240 56 
978 I 172279721 56 
979 I 172280369 56 
980 I 172281782 56 
981 I 172282155 56 
982 I 172283122 56 
983 I 172283496 56 
984 I 172283601 56 
985 I 172286242 56 
986 I 172286874 56 
987 I 172286933 56 
988 I 172519044 56 
989 I 172521009 56 
990 I 172521236 56 
991 I 172521933 56 
992 I 172522608 56 
993 I 172523080 56 
994 I 172523841 56 
995 I 172524684 56 
996 I 172526918 56 
997 I 172527333 56 
998 I 172528301 56 
999 I 172529623 56 
1000 I 174356015 64 
1001 I 174602122 56 
1002 I 174602380 394 
1003 I 174844964 56 
1004 I 174845361 56 
1005 I 174848498 56 
1006 I 175083835 56 
1007 I 175084667 56 
1008 I 175084839 56 
1009 I 175087302 56 
1010 I 175089498 56 
1011 I 175328010 56 
1012 I 175328643 56 
1013 I 175329290 56 
1014 I 175330087 56 
1015 I 175330091 56 
1016 I 175330974 56 
1017 I 175332828 56 
1018 I 175439997 64 
1019 I 175569642 56 
1020 I 175570433 56 
1021 I 175571939 56 
1022 I 175571947 56 
1023 I 175572459 56 
1024 I 175573139 56 
1025 I 175573794 56 
1026 I 175573815 56 
1027 I 175682126 56 
1028 I 175682170 362 
1029 I 175928702 56 
1030 I 175929152 56 
1031 I 175929542 56 
1032 I 176155865 64 
1033 I 176174856 56 
1034 I 176175066 56 
1035 I 176175575 56 
1036 I 176178536 56 
1037 I 176178741 56 
1038 I 176399150 56 
1039 I 176401646 395 
1040 I 176419138 56 
1041 I 176419760 56 
1042 I 176419772 56 
1043 I 176629086 64 
1044 I 176642678 56 
1045 I 176642834 56 
1046 I 176644374 56 
1047 I 176874790 402 
1048 I 176876996 56 
1049 I 176887749 56 
1050 I 176887750 56 
1051 I 176887887 56 
1052 I 176888276 56 
1053 I 176888331 56 
1054 I 177114806 56 
1055 I 177116065 64 
1056 I 177116763 56 
1057 I 177117607 56 
1058 I 177132925 56 
1059 I 177133477 56 
1060 I 177133524 56 
1061 I 177134190 56 
1062 I 177136287 56 
1063 I 177136922 56 
1064 I 177137098 56 
1065 I 177354226 56 
1066 I 177356258 56 
1067 I 177356439 56 
1068 I 177358719 56 
1069 I 177359146 56 
1070 I 177359146 394 
1071 I 177375798 56 
1072 I 177376574 56 
1073 I 177377218 56 
1074 I 177378757 56 
1075 I 177378763 56 
1076 I 177379215 56 
1077 I 177379617 56 
1078 I 177379863 56 
1079 I 177379873 56 
1080 I 177380304 56 
1081 I 177380308 56 
1082 I 177380476 56 
1083 I 177380842 56 
1084 I 177381005 56 
1085 I 177381192 56 
1086 I 177382190 56 
1087 I 177605490 56 
1088 I 177605637 56 
1089 I 177607692 56 
1090 I 177608621 56 
1091 I 177608623 56 
1092 I 177608626 56 
1093 I 177609620 56 
1094 I 177610470 56 
1095 I 177611551 56 
1096 I 177612204 56 
1097 I 177612584 56 
1098 I 177627747 56 
1099 I 177628569 56 
1100 I 177628863 56 
1101 I 177629486 56 
1102 I 177630155 56 
1103 I 177630642 56 
1104 I 177631236 56 
1105 I 177631415 56 
1106 I 177631415 56 
1107 I 177631667 56 
1108 I 177633000 56 
1109 I 177633091 56 
1110 I 177633473 56 
1111 I 177633707 56 
1112 I 177633803 56 
1113 I 177634351 56 
1114 I 177635267 56 
1115 I 177635715 56 
1116 I 177636176 56 
1117 I 177847721 56 
1118 I 177848059 56 
1119 I 177850750 56 
1120 I 177850930 56 
1121 I 177851396 56 
1122 I 177851779 56 
1123 I 177853904 56 
1124 I 177855462 56 
1125 I 177856335 56 
1126 I 177857123 56 
1127 I 177857123 56 
1128 I 177859417 56 
1129 I 177862465 56 
1130 I 177862746 56 
1131 I 177881653 56 
1132 I 177883632 56 
1133 I 177884043 56 
1134 I 177884273 56 
1135 I 177884328 56 
1136 I 177884790 56 
1137 I 177884839 56 
1138 I 177885133 56 
1139 I 177885485 56 
1140 I 177885949 56 
1141 I 177886546 56 
1142 I 177887299 56 
1143 I 177887393 56 
1144 I 177887849 56 
1145 I 177887891 56 
1146 I 177888207 56 
1147 I 177888648 56 
1148 I 177888769 56 
1149 I 177889081 56 
1150 I 177889757 56 
1151 I 177890426 56 
1152 I 177891010 56 
1153 I 177891372 56 
1154 I 177891389 56 
1155 I 177891671 56 
1156 I 177892284 56 
1157 I 177892287 56 
1158 I 177892519 56 
1159 I 177892602 56 
1160 I 177893021 56 
1161 I 177894996 56 
1162 I 177895523 56 
1163 I 178087041 56 
1164 I 178087252 56 
1165 I 178088075 56 
1166 I 178090311 56 
1167 I 178090342 56 
1168 I 178091257 56 
1169 I 178092494 56 
1170 I 178092853 56 
1171 I 178092902 56 
1172 I 178093915 56 
1173 I 178094791 56 
1174 I 178096816 56 
1175 I 178096835 56 
1176 I 178097765 56 
1177 I 178098199 56 
1178 I 178099284 56 
1179 I 178099289 56 
1180 I 178099574 56 
1181 I 178100813 56 
1182 I 178326342 56 
1183 I 178326678 56 
1184 I 178326936 56 
1185 I 178327814 56 
1186 I 178328297 56 
1187 I 178328533 56 
1188 I 178331679 56 
1189 I 178332922 56 
1190 I 178333534 56 
1191 I 178334199 56 
1192 I 178334657 56 
1193 I 178335060 56 
1194 I 178335177 56 
1195 I 178335790 56 
1196 I 178336003 56 
1197 I 178337095 56 
1198 I 178337426 56 
1199 I 178338422 56 
1200 I 178338796 56 
1201 I 178339540 56 
1202 I 178342578 56 
1203 I 178342699 56 
1204 I 178343497 56 
1205 I 178343644 56 
1206 I 178344531 56 
1207 I 178344960 56 
1208 I 178345174 56 
1209 I 178345351 56 
1210 I 178755900 56 
1211 I 179299993 56 
1212 I 180192524 56 
1213 I 182038139 56 
1214 I 182183713 64 
1215 I 182426330 362 
1216 I 182428785 56 
1217 I 182668212 56 
1218 I 182668273 56 
1219 I 182910512 56 
1220 I 182911089 56 
1221 I 182913163 56 
1222 I 182913168 56 
1223 I 182913852 56 
1224 I 183157025 56 
1225 I 183160082 56 
1226 I 183161638 56 
1227 I 185111420 56 
1228 I 186095890 64 
1229 I 186336932 358 
1230 I 186339466 56 
1231 I 186576257 56 
1232 I 186576730 56 
1233 I 186579159 56 
1234 I 186820263 56 
1235 I 186822520 56 
1236 I 186823717 56 
1237 I 187064087 56 
1238 I 187066235 56 
1239 I 187066238 56 
1240 I 187067211 56 
1241 I 193222926 64 
1242 I 193461305 358 
1243 I 193463560 56 
1244 I 193707350 56 
1245 I 193707644 56 
1246 I 193949808 56 
1247 I 193950108 56 
1248 I 193950365 56 
1249 I 193952551 56 
1250 I 194190475 56 
1251 I 194193861 56 
1252 I 194196062 56 
1253 I 205347816 64 
1254 I 205587353 56 
1255 I 205588331 358 
1256 I 205830316 56 
1257 I 205830665 56 
1258 I 205832623 56 
1259 I 206069888 56 
1260 I 206072222 56 
1261 I 206072874 56 
1262 I 206074526 56 
1263 I 206310279 56 
1264 I 206311491 56 
1265 I 206313844 56 
1266 I 207154183 64 
1267 I 207391712 56 
1268 I 207391839 394 
1269 I 207634966 56 
1270 I 207634967 56 
1271 I 207636923 56 
1272 I 207876063 56 
1273 I 207876463 56 
1274 I 207877047 56 
1275 I 207878817 56 
1276 I 208115687 56 
1277 I 208118948 56 
1278 I 208121559 56 
1279 I 208960652 64 
1280 I 209203271 358 
1281 I 209205712 56 
1282 I 209444718 56 
1283 I 209445349 56 
1284 I 209445789 56 
1285 I 209685765 56 
1286 I 209686304 56 
1287 I 209688228 56 
1288 I 209688703 56 
1289 I 209925493 56 
1290 I 209926075 56 
1291 I 209928276 56 
1292 I 212573057 64 
1293 I 212813900 56 
1294 I 212814096 359 
1295 I 213053815 56 
1296 I 213063580 56 
1297 I 213066271 56 
1298 I 213303631 56 
1299 I 213305367 56 
1300 I 213306218 56 
1301 I 213547410 56 
1302 I 213548265 56 
1303 I 213550006 56 
1304 I 213550091 56 
1305 I 216160229 64 
1306 I 216400333 56 
1307 I 216404100 359 
1308 I 216645831 56 
1309 I 216647936 56 
1310 I 216648732 56 
1311 I 216885850 56 
1312 I 216886920 56 
1313 I 216890128 56 
1314 I 216892298 56 
1315 I 216893573 56 
1316 I 217129696 56 
1317 I 217133333 56 
1318 I 217133336 56 
1319 I 219852396 64 
1320 I 220097393 56 
1321 I 220097435 364 
1322 I 220337252 56 
1323 I 220338225 56 
1324 I 220338782 56 
1325 I 220578214 56 
1326 I 220578288 56 
1327 I 220578723 56 
1328 I 220579342 56 
1329 I 220579357 56 
1330 I 220579718 56 
1331 I 220581784 56 
1332 I 220825272 56 
1333 I 223434492 64 
1334 I 223676258 364 
1335 I 223678556 56 
1336 I 223853538 64 
1337 I 223915981 56 
1338 I 223919590 56 
1339 I 223919719 56 
1340 I 224092107 56 
1341 I 224095006 407 
1342 I 224161336 56 
1343 I 224161748 56 
1344 I 224162181 56 
1345 I 224163241 56 
1346 I 224163896 56 
1347 I 224164017 56 
1348 I 224334517 56 
1349 I 224337793 56 
1350 I 224399289 56 
1351 I 224400235 56 
1352 I 224402750 56 
1353 I 224573623 56 
1354 I 224576860 56 
1355 I 224576860 56 
1356 I 224581264 56 
1357 I 224584555 56 
1358 I 224584753 56 
1359 I 224815459 56 
1360 I 227072963 64 
1361 I 227313776 56 
1362 I 227316436 360 
1363 I 227563267 56 
1364 I 227566395 56 
1365 I 227566691 56 
1366 I 227810076 56 
1367 I 227811458 56 
1368 I 227811793 56 
1369 I 227811906 56 
1370 I 227814427 56 
1371 I 227814715 56 
1372 I 228052874 56 
1373 I 228052996 56 
1374 I 228056083 56 
1375 I 230680604 64 
1376 I 230707435 64 
1377 I 230917787 56 
1378 I 230921116 360 
1379 I 230946774 56 
1380 I 230949597 407 
1381 I 231162977 56 
1382 I 231163179 56 
1383 I 231163391 56 
1384 I 231189754 56 
1385 I 231190449 56 
1386 I 231192965 56 
1387 I 231409611 56 
1388 I 231410204 56 
1389 I 231410499 56 
1390 I 231410784 56 
1391 I 231412171 56 
1392 I 231432693 56 
1393 I 231434660 56 
1394 I 231434878 56 
1395 I 231434968 56 
1396 I 231435638 56 
1397 I 231649801 56 
1398 I 231652898 56 
1399 I 231653065 56 
1400 I 231676967 56 
1401 I 236192762 64 
1402 I 236429986 56 
1403 I 236432744 354 
1404 I 236678233 56 
1405 I 236679305 56 
1406 I 236679529 56 
1407 I 236919591 56 
1408 I 236920405 56 
1409 I 236922467 56 
1410 I 236922967 56 
1411 I 237162080 56 
1412 I 237164103 56 
1413 I 237164894 56 
1414 I 240011586 64 
1415 I 240251479 354 
1416 I 240253227 56 
1417 I 240496132 56 
1418 I 240496438 56 
1419 I 240498539 56 
1420 I 240735653 56 
1421 I 240735965 56 
1422 I 240736959 56 
1423 I 240738289 56 
1424 I 240976757 56 
1425 I 240978663 56 
1426 I 240979810 56 
1427 I 243623644 64 
1428 I 243861191 362 
1429 I 243863863 56 
1430 I 244100342 56 
1431 I 244100694 56 
1432 I 244103324 56 
1433 I 244339918 56 
1434 I 244342184 56 
1435 I 244344255 56 
1436 I 244344917 56 
1437 I 244347264 56 
1438 I 244581664 56 
1439 I 244581667 56 
1440 I 244582709 56 
1441 I 248479765 64 
1442 I 248718519 362 
1443 I 248720733 56 
1444 I 248959615 56 
1445 I 248961951 56 
1446 I 249202502 56 
1447 I 249203221 56 
1448 I 249205029 56 
1449 I 249447286 56 
1450 I 249447660 56 
1451 I 249450235 56 
1452 I 252036649 64 
1453 I 252276821 56 
1454 I 252276840 358 
1455 I 252523538 56 
1456 I 252555745 56 
1457 I 252762399 56 
1458 I 252763395 56 
1459 I 252765612 56 
1460 I 252798179 56 
1461 I 252798511 56 
1462 I 253006777 56 
1463 I 253008936 56 
1464 I 253013236 56 
1465 I 259782489 64 
1466 I 260025879 56 
1467 I 260025988 358 
1468 I 260265047 56 
1469 I 260265316 56 
1470 I 260268605 56 
1471 I 260508178 56 
1472 I 260508665 56 
1473 I 260510736 56 
1474 I 260510944 56 
1475 I 260511267 56 
1476 I 260513493 56 
1477 I 260747615 56 
1478 I 260748300 56 
1479 I 260750985 56 
