0 I 0 1504 
1 I 1568796 1504 
2 I 4978173 1504 
3 I 6259135 1504 
4 I 9476548 1504 
5 I 16151921 1492 
6 I 16183053 68 
7 I 23324160 1504 
8 I 24572485 1504 
9 I 26012604 80 
10 I 33602078 1504 
11 I 33841173 786 
12 I 42150027 1504 
13 I 43462272 664 
14 I 48428040 1504 
15 I 58671287 1504 
16 I 63057018 68 
17 I 70021331 1504 
18 I 71255201 1504 
19 I 72182597 1504 
20 I 84428495 1492 
21 I 84465476 68 
22 I 95761118 68 
23 I 120238252 1504 
24 I 128882617 1504 
25 I 129395243 80 
26 I 129395311 1504 
27 I 135605890 1504 
28 I 136918924 1504 
29 I 139671161 80 
30 I 140744306 1504 
31 I 144249622 786 
32 I 145418761 1504 
33 I 146555315 1504 
34 I 151773994 1504 
35 I 152958546 1504 
36 I 155487255 898 
37 I 156624443 1504 
38 I 157793254 1504 
39 I 158145150 1504 
40 I 158881640 1504 
41 I 159778235 1504 
42 I 160866435 933 
43 I 160928901 186 
44 I 164773007 1492 
45 I 165508376 68 
46 I 188447590 186 
47 I 190916451 56 
48 I 191344943 52 
49 I 195220254 52 
50 I 196998578 1504 
51 I 197831527 1504 
52 I 199079432 1504 
53 I 202762087 1492 
54 I 203593053 68 
55 I 206908892 1504 
56 I 208141635 1504 
57 I 215392596 1394 
58 I 219011123 1504 
59 I 220675740 1504 
60 I 225829924 1504 
61 I 229158046 68 
62 I 230424073 1504 
63 I 231480508 798 
64 I 231913234 1504 
65 I 232777849 1504 
66 I 236523360 1504 
67 I 236554036 68 
68 I 239308416 1504 
69 I 240574064 1504 
70 I 243246472 1504 
71 I 244481064 1504 
72 I 245503461 1504 
73 I 246736855 1504 
74 I 251891103 898 
75 I 256212906 1504 
76 I 257461846 1504 
77 I 259974214 68 
78 I 262840706 1504 
79 I 264072869 1504 
80 I 265753770 1504 
81 I 266987573 1504 
82 I 267852515 1504 
83 I 269116938 1504 
84 I 288390135 1504 
85 I 291510257 68 
86 I 292794216 1504 
87 I 293624452 1504 
88 I 295530273 810 
89 I 296345883 1504 
90 I 297178219 1504 
