0 I 0 52 
1 I 813576 52 
2 I 1617647 52 
3 I 20067087 52 
4 I 20903891 52 
5 I 21676582 52 
6 I 60206060 52 
7 I 61022939 52 
8 I 61810996 52 
9 I 80312418 52 
10 I 81077730 52 
11 I 81884666 52 
12 I 120427735 52 
13 I 121206698 52 
14 I 122020794 52 
15 I 140515287 52 
16 I 141281733 52 
17 I 142078632 52 
18 I 180710246 52 
19 I 181441753 52 
20 I 182238688 52 
21 I 200743209 52 
22 I 201465280 52 
23 I 202267091 52 
24 I 240820518 52 
25 I 241625494 52 
26 I 242432774 52 
27 I 260887850 52 
28 I 261658796 52 
29 I 262454849 52 
