0 I 0 52 
1 I 661341 44 
2 I 1859781 56 
3 I 1929457 44 
4 I 2658815 44 
5 I 3229508 52 
6 I 3524054 56 
7 I 3560385 56 
8 I 3607019 56 
9 I 3909703 44 
10 I 4294751 56 
11 I 4326571 56 
12 I 4382632 44 
13 I 4878047 44 
14 I 5144124 44 
15 I 5918403 44 
16 I 6098624 44 
17 I 6693916 44 
18 I 7025122 44 
19 I 7541370 44 
20 I 7699439 44 
21 I 7907879 44 
22 I 8241673 44 
23 I 8244983 44 
24 I 8361447 44 
25 I 8601288 44 
26 I 8807638 44 
27 I 9141556 44 
28 I 9323292 44 
29 I 9732312 44 
30 I 9959696 44 
31 I 10145676 44 
32 I 10621331 44 
33 I 10682586 56 
34 I 10859576 56 
35 I 10927409 56 
36 I 11221405 44 
37 I 11351996 56 
38 I 11421595 56 
39 I 11678766 44 
40 I 12415508 44 
41 I 12424267 44 
42 I 12624038 44 
43 I 13299347 44 
44 I 13468199 44 
45 I 14091106 44 
46 I 15239023 44 
