0 I 0 44 
1 I 2291185 56 
2 I 2334690 44 
3 I 2647417 44 
4 I 7167557 56 
5 I 8045086 44 
6 I 8724369 44 
7 I 8939238 44 
8 I 10604690 44 
9 I 11512386 44 
10 I 13305939 44 
11 I 15410005 44 
12 I 17811535 44 
13 I 20524925 44 
14 I 22890869 56 
15 I 22927707 44 
16 I 23107734 44 
17 I 25516874 44 
18 I 27324070 56 
19 I 27367679 44 
20 I 27856850 44 
21 I 29977707 44 
22 I 30519483 44 
23 I 32059435 44 
24 I 32767319 44 
25 I 34418894 44 
26 I 35166060 44 
27 I 36647245 44 
28 I 37628812 44 
29 I 39092036 44 
30 I 41065833 56 
31 I 41102162 44 
32 I 43190021 44 
33 I 45554533 44 
34 I 48077931 56 
35 I 48116196 44 
36 I 50716960 44 
37 I 52914656 44 
38 I 55119691 44 
39 I 57594944 44 
40 I 60424742 44 
41 I 63085065 44 
42 I 65652531 44 
43 I 68308943 44 
44 I 70853105 44 
45 I 73278515 44 
46 I 79052333 44 
47 I 81522777 44 
48 I 83967185 44 
49 I 86659896 44 
50 I 88945741 44 
51 I 91658108 44 
52 I 93588764 44 
53 I 96046018 44 
54 I 98823135 44 
55 I 101413017 44 
56 I 104027179 44 
57 I 104956823 56 
58 I 104994232 44 
59 I 106118237 44 
60 I 108580703 44 
61 I 110699703 44 
62 I 112808233 44 
63 I 114943910 44 
64 I 117169441 44 
65 I 118808302 44 
66 I 120758551 44 
67 I 123186393 44 
68 I 125962940 44 
69 I 128229951 44 
70 I 130369465 44 
71 I 132459977 44 
72 I 134697218 44 
73 I 136588373 44 
74 I 138463839 44 
75 I 140144599 44 
76 I 141645635 44 
77 I 143384339 44 
78 I 145402535 44 
79 I 149408752 44 
80 I 152249062 44 
81 I 154543467 44 
82 I 156286419 44 
83 I 158254852 44 
84 I 160196006 44 
85 I 162545074 44 
86 I 164432740 44 
87 I 166332184 44 
88 I 168534111 44 
89 I 171144111 44 
90 I 173379997 44 
91 I 175245603 44 
92 I 177005514 44 
93 I 178800435 44 
94 I 180821882 44 
95 I 182686521 44 
96 I 184898933 44 
97 I 186952974 44 
98 I 188909567 44 
99 I 190442275 44 
100 I 192109021 44 
101 I 193874645 44 
102 I 195780985 44 
103 I 197454037 44 
104 I 199973866 44 
105 I 202676813 44 
106 I 204713836 44 
107 I 206709694 44 
108 I 209187389 44 
109 I 211188452 44 
110 I 213326828 44 
111 I 215741353 44 
112 I 217910254 44 
113 I 220228396 44 
114 I 222536182 44 
115 I 224834699 44 
116 I 227245865 44 
117 I 229651998 44 
118 I 231892018 44 
119 I 233958623 56 
120 I 234005282 44 
121 I 234684190 44 
122 I 236061461 56 
123 I 236620173 44 
124 I 237225179 44 
125 I 237983611 90 
126 I 238814710 44 
127 I 239353382 44 
128 I 239386964 44 
