0 I 0 44 
1 I 5369289 44 
2 I 12425575 56 
3 I 16546808 56 
4 I 21100284 56 
5 I 25725501 56 
6 I 29550019 56 
7 I 33982198 56 
8 I 38802200 64 
9 I 42978457 56 
10 I 48917517 56 
11 I 50918881 64 
12 I 54259119 64 
13 I 57539282 72 
14 I 61116227 64 
15 I 64795804 44 
16 I 80311600 44 
17 I 80320836 52 
18 I 83593627 52 
19 I 85570886 44 
20 I 87725208 44 
21 I 94711290 44 
22 I 95977979 52 
23 I 98059371 44 
24 I 101680271 44 
25 I 112105107 44 
26 I 118573965 56 
27 I 123562357 56 
28 I 127869703 56 
29 I 132456350 44 
30 I 136992169 44 
31 I 142723724 56 
32 I 148160375 56 
33 I 154109671 64 
34 I 161067555 64 
35 I 167562438 44 
36 I 167648824 52 
37 I 168795193 44 
38 I 169708146 44 
