0 I 0 48 
1 I 436576 44 
2 I 9896299 44 
3 I 9939554 44 
4 I 10035003 44 
5 I 27016109 48 
6 I 27607287 44 
7 I 28280965 44 
8 I 29020426 44 
9 I 29430320 44 
10 I 29850831 44 
11 I 30240328 44 
12 I 30648072 44 
13 I 30819942 44 
14 I 31259864 44 
15 I 31849463 44 
16 I 32031102 44 
17 I 32299636 44 
18 I 32813085 44 
19 I 33341197 44 
20 I 33476469 48 
21 I 33723952 44 
22 I 35088915 44 
23 I 35888110 44 
24 I 36849009 44 
25 I 38658889 44 
26 I 38661909 44 
27 I 41925550 48 
28 I 44915506 48 
29 I 46743704 44 
30 I 48425412 44 
31 I 50205556 44 
32 I 50793945 44 
33 I 51383670 44 
34 I 51917035 44 
35 I 52290086 44 
36 I 52294111 44 
37 I 55897853 48 
38 I 56798408 44 
39 I 57851486 44 
40 I 58813349 44 
41 I 59291236 44 
42 I 59901842 44 
43 I 60391831 44 
44 I 60861121 44 
45 I 65179588 44 
46 I 66010613 44 
47 I 66111243 44 
48 I 66420333 48 
49 I 66856820 44 
50 I 69424989 48 
51 I 69905357 44 
52 I 75417833 48 
53 I 76005344 44 
54 I 76674322 44 
55 I 76677048 44 
56 I 91926273 48 
57 I 92631833 44 
58 I 93508711 44 
59 I 93515466 44 
60 I 101565844 48 
61 I 102252122 44 
62 I 102830808 44 
63 I 102930470 44 
64 I 111608800 48 
65 I 112103316 44 
66 I 112680469 44 
67 I 112683998 44 
68 I 178807541 48 
69 I 181804694 48 
70 I 182736272 44 
71 I 187802562 48 
72 I 191591374 44 
73 I 192305837 44 
74 I 192348927 44 
75 I 192444620 44 
