0 I 0 64 
1 I 233768 56 
2 I 234318 1047 
3 I 629538 56 
4 I 864063 56 
5 I 191876257 64 
6 I 192110408 56 
7 I 192111152 1504 
8 I 192506258 1504 
9 I 192506588 1504 
10 I 192740902 1504 
11 I 192741244 1504 
12 I 192975795 68 
13 I 192975812 1504 
14 I 193209290 1092 
15 I 194150249 68 
16 I 194150265 1504 
17 I 195651198 68 
18 I 195651215 1504 
19 I 198652507 68 
20 I 198652523 1504 
21 I 203153326 68 
22 I 203153334 1504 
23 I 209155729 68 
24 I 209155746 1504 
25 I 218157285 68 
26 I 218157301 1504 
27 I 230158167 68 
28 I 230158180 1504 
29 I 248159550 68 
30 I 248159566 1504 
31 I 272164062 68 
32 I 272164079 1504 
33 I 272397406 56 
34 I 272631903 44 
35 I 272631912 44 
