0 I 0 52 
1 I 182509 44 
2 I 848958 44 
3 I 1397491 52 
4 I 1548726 44 
5 I 1579325 44 
6 I 1962780 44 
7 I 2145441 44 
8 I 2147697 44 
9 I 2248827 44 
10 I 2331826 44 
11 I 2433526 44 
12 I 2513889 44 
13 I 2514817 44 
14 I 2616762 44 
15 I 2697279 44 
16 I 2697618 44 
17 I 2948252 44 
18 I 4633013 44 
19 I 7805312 44 
20 I 8124647 44 
21 I 8308263 44 
22 I 8308702 44 
23 I 8309217 44 
24 I 8501871 44 
25 I 8502864 44 
26 I 8504154 44 
27 I 8690348 44 
28 I 8690836 44 
29 I 8691863 44 
30 I 8878029 44 
31 I 8878863 44 
32 I 8880150 44 
33 I 9066353 44 
34 I 9067627 44 
35 I 9070147 44 
36 I 9256385 44 
37 I 9256817 44 
38 I 9257546 44 
39 I 9448342 44 
40 I 9448816 44 
41 I 9548629 44 
42 I 9631895 44 
43 I 9632722 44 
44 I 9813810 44 
45 I 9814970 44 
46 I 9816684 44 
47 I 9997777 44 
48 I 9998445 44 
49 I 10000827 44 
50 I 10186180 44 
51 I 10187432 44 
52 I 10356977 44 
53 I 10370885 44 
54 I 10747994 44 
55 I 11495792 44 
