0 I 0 52 
1 I 178803 44 
2 I 377698 44 
3 I 415144 44 
4 I 428298 44 
5 I 5146114 52 
6 I 5323116 44 
7 I 5508022 44 
8 I 5517125 44 
9 I 7196663 52 
10 I 7373841 44 
11 I 7556901 44 
12 I 7558157 44 
13 I 7735300 44 
14 I 7735301 44 
15 I 7736805 44 
16 I 7736925 44 
17 I 7913826 44 
18 I 7913827 44 
19 I 7913893 44 
20 I 7913900 44 
21 I 7915939 44 
22 I 7916270 44 
23 I 7916285 44 
24 I 8092412 44 
25 I 8092413 56 
26 I 8092413 44 
27 I 8106490 44 
28 I 11188606 52 
29 I 11366193 44 
30 I 11549197 44 
31 I 11566812 44 
32 I 19987488 52 
33 I 20129004 52 
34 I 20164255 44 
35 I 20306355 44 
36 I 20347812 44 
37 I 20355921 44 
38 I 20498157 44 
39 I 20507442 44 
40 I 24507305 52 
41 I 24685807 44 
42 I 24869984 44 
43 I 24886560 44 
44 I 24957649 52 
45 I 25135711 44 
46 I 25319438 44 
47 I 25319720 44 
48 I 25498056 44 
49 I 25498060 44 
50 I 25498142 44 
51 I 25498354 44 
52 I 25677176 44 
53 I 25677177 44 
54 I 25677621 44 
55 I 25677628 44 
56 I 25677633 44 
57 I 25677919 44 
58 I 25678504 44 
59 I 25855467 44 
60 I 25856326 44 
61 I 25858528 44 
62 I 30747873 52 
63 I 30925981 44 
64 I 31110175 44 
65 I 31127281 44 
66 I 37129142 52 
67 I 37307751 44 
68 I 37597152 44 
69 I 37607443 44 
70 I 42418042 52 
71 I 42438529 52 
72 I 42596366 44 
73 I 42616996 44 
74 I 42779034 44 
75 I 42780128 44 
76 I 42788230 44 
77 I 43708762 52 
78 I 43902166 44 
79 I 43977083 52 
80 I 44105125 44 
81 I 44108473 44 
82 I 44156881 44 
83 I 44338275 44 
84 I 44338534 44 
85 I 45820506 44 
86 I 45856711 44 
87 I 45909218 44 
88 I 50652551 52 
89 I 50831523 44 
90 I 51060123 44 
91 I 51068018 44 
92 I 53449179 52 
93 I 53627613 44 
94 I 53809084 44 
95 I 53828046 44 
96 I 53948279 52 
97 I 54125958 44 
98 I 54343743 56 
99 I 54343743 44 
100 I 54358591 44 
101 I 60459114 52 
102 I 60637662 44 
103 I 60821138 44 
104 I 60827597 44 
105 I 73880189 52 
106 I 74058666 44 
107 I 74239951 44 
108 I 74241753 44 
109 I 83229703 52 
110 I 83406865 44 
111 I 83614293 44 
112 I 83615697 44 
113 I 83793667 56 
114 I 83794644 44 
115 I 83810028 44 
116 I 83949795 52 
117 I 84128373 44 
118 I 84310383 44 
119 I 84311158 44 
120 I 84488892 44 
121 I 84489325 44 
122 I 84489604 44 
123 I 84489700 44 
124 I 84667055 44 
125 I 84667239 44 
126 I 84667554 44 
127 I 84668235 44 
128 I 84668410 44 
129 I 84668483 44 
130 I 84669072 44 
131 I 84845542 44 
132 I 84845543 56 
133 I 84845712 44 
134 I 84850003 44 
135 I 85736044 52 
136 I 85913352 44 
137 I 86109968 44 
138 I 86129069 44 
139 I 86329040 52 
140 I 86507291 44 
141 I 86714037 44 
142 I 86714940 44 
143 I 86892627 56 
144 I 86893894 44 
145 I 86909910 44 
146 I 87348597 52 
147 I 87526157 44 
148 I 87716595 44 
149 I 87717644 44 
150 I 87769033 44 
151 I 87895922 44 
152 I 87896176 44 
153 I 87896956 44 
154 I 87897174 44 
155 I 87982462 44 
156 I 95300231 52 
157 I 95478531 44 
158 I 95661756 44 
159 I 95678176 44 
160 I 101030507 52 
161 I 101208295 44 
162 I 101390660 44 
163 I 101390679 44 
164 I 111770601 52 
165 I 111948056 44 
166 I 112143734 44 
167 I 112160251 44 
168 I 123332042 52 
169 I 123510489 44 
170 I 123694032 44 
171 I 123695380 44 
172 I 123873791 44 
173 I 123873877 44 
174 I 123875173 44 
175 I 123875677 44 
176 I 124052380 44 
177 I 124052765 44 
178 I 124052770 44 
179 I 124053265 44 
180 I 124053269 44 
181 I 124054392 44 
182 I 124054413 44 
183 I 124231179 44 
184 I 124231219 56 
185 I 124231232 44 
186 I 124240468 44 
187 I 154242822 52 
188 I 154420203 44 
189 I 154602864 44 
190 I 154620874 44 
191 I 155951728 52 
192 I 156143907 44 
193 I 156344604 44 
194 I 156360779 44 
195 I 164692498 52 
196 I 164870133 44 
197 I 165052608 44 
198 I 165072086 44 
199 I 182162523 52 
200 I 182339653 44 
201 I 182521594 44 
202 I 182531857 44 
203 I 183471374 52 
204 I 183649336 44 
205 I 183832472 44 
206 I 183841640 44 
207 I 187175295 52 
208 I 187352353 44 
209 I 188282367 44 
210 I 188291984 44 
211 I 192956450 52 
212 I 193133869 44 
213 I 193203124 52 
214 I 193317727 44 
215 I 193331714 44 
216 I 193380164 44 
217 I 193563497 44 
218 I 193582549 44 
219 I 198313054 52 
220 I 198490961 44 
221 I 198683134 44 
222 I 198702446 44 
223 I 201343078 52 
224 I 201520305 44 
225 I 201704378 44 
226 I 201713321 44 
227 I 202713393 52 
228 I 202892304 44 
229 I 203075868 44 
230 I 203083116 44 
231 I 205932421 52 
232 I 206109850 44 
233 I 206293658 44 
234 I 206302053 44 
235 I 210453478 52 
236 I 210631436 44 
237 I 210822911 44 
238 I 210823974 44 
239 I 211003727 44 
240 I 211004071 44 
241 I 211005162 44 
242 I 211005167 44 
243 I 211182362 44 
244 I 211182910 44 
245 I 211183290 44 
246 I 211183456 44 
247 I 211183896 44 
248 I 211183973 44 
249 I 211184908 44 
250 I 211362606 44 
251 I 211364157 44 
252 I 211371985 44 
253 I 213395795 52 
254 I 213573406 44 
255 I 213776017 44 
256 I 213794202 44 
257 I 274787483 52 
258 I 274965442 44 
259 I 275147811 44 
260 I 275165527 44 
261 I 291856423 52 
262 I 291856609 52 
263 I 292034726 44 
264 I 292034728 44 
265 I 292218447 44 
266 I 292219198 44 
267 I 292220798 44 
268 I 292236726 44 
269 I 292398716 44 
270 I 292398729 44 
271 I 292399578 44 
272 I 292399691 44 
273 I 292577101 44 
274 I 292577199 44 
275 I 292577510 44 
276 I 292578111 44 
277 I 292579348 44 
278 I 292579348 44 
279 I 292579636 44 
280 I 292757662 44 
281 I 292758140 56 
282 I 292758140 44 
283 I 292775686 44 
284 I 293596467 52 
285 I 293774016 44 
286 I 293956005 44 
287 I 293956170 44 
