0 I 0 52 
1 I 212519 44 
2 I 464454 56 
3 I 468577 56 
4 I 508220 44 
5 I 689749 52 
6 I 902530 44 
7 I 1184149 44 
8 I 1401676 52 
9 I 1612174 44 
10 I 1913797 44 
11 I 1930875 44 
12 I 2285949 44 
13 I 19482563 52 
14 I 19696417 44 
15 I 19929756 56 
16 I 19945133 56 
17 I 19974613 44 
18 I 20347227 52 
19 I 20557915 44 
20 I 20797757 56 
21 I 20801654 56 
22 I 21175734 52 
23 I 21388473 44 
24 I 21626319 56 
25 I 21630332 56 
26 I 21706200 44 
27 I 23188488 44 
28 I 30321852 52 
29 I 30532354 44 
30 I 30780283 56 
31 I 30784285 56 
32 I 30797766 44 
33 I 31192094 52 
34 I 31415155 44 
35 I 31607632 52 
36 I 31671235 56 
37 I 31675583 56 
38 I 31821481 44 
39 I 32069500 56 
40 I 32075515 56 
41 I 32102992 44 
42 I 32176524 44 
43 I 41543255 52 
44 I 41755888 44 
45 I 41985618 56 
46 I 41989486 56 
47 I 42053371 44 
48 I 42281361 52 
49 I 42497150 44 
50 I 42721558 52 
51 I 42787495 44 
52 I 42934219 44 
53 I 43235889 44 
54 I 43242186 44 
55 I 43495261 44 
56 I 49870695 52 
57 I 50081518 44 
58 I 50331170 56 
59 I 50335287 56 
60 I 50356093 44 
61 I 50558639 52 
62 I 50771360 44 
63 I 51053211 56 
64 I 51057238 56 
65 I 51272343 52 
66 I 51285952 44 
67 I 51369280 52 
68 I 51496333 44 
69 I 51583672 44 
70 I 51748978 56 
71 I 51753099 56 
72 I 51941758 44 
73 I 52080163 44 
74 I 52162845 44 
75 I 52287330 44 
76 I 52379952 44 
77 I 52490509 44 
78 I 52506796 44 
79 I 52603417 44 
80 I 52715749 44 
81 I 52727105 44 
82 I 52731957 44 
83 I 52822280 44 
84 I 52946949 44 
85 I 52950983 44 
86 I 52955038 44 
87 I 53061742 44 
88 I 62664727 52 
89 I 62875205 44 
90 I 63151287 56 
91 I 63155395 56 
92 I 63303603 44 
93 I 63742672 52 
94 I 63955102 44 
95 I 64209125 56 
96 I 64216608 56 
97 I 64229338 52 
98 I 64441971 44 
99 I 64705983 56 
100 I 64711898 56 
101 I 64970938 44 
102 I 65069270 44 
103 I 73517281 52 
104 I 73730543 44 
105 I 74004651 56 
106 I 74008827 56 
107 I 74072810 44 
108 I 74216134 52 
109 I 74426498 44 
110 I 74664468 56 
111 I 74668247 56 
112 I 74722644 52 
113 I 74935432 44 
114 I 75082045 44 
115 I 75175010 56 
116 I 75181251 56 
117 I 75371655 44 
118 I 76824069 52 
119 I 77034920 44 
120 I 77264555 56 
121 I 77268572 56 
122 I 77280059 44 
123 I 77459748 52 
124 I 77674429 44 
125 I 77966499 52 
126 I 77996530 56 
127 I 78002638 56 
128 I 78178920 44 
129 I 78438984 56 
130 I 78443699 56 
131 I 78569126 44 
132 I 78635514 44 
133 I 79806356 52 
134 I 80017455 44 
135 I 80243089 56 
136 I 80246888 56 
137 I 80250491 44 
138 I 80399664 52 
139 I 80612333 44 
140 I 80817848 52 
141 I 80846049 56 
142 I 80856573 56 
143 I 81036607 44 
144 I 81304063 44 
145 I 81354268 44 
146 I 81412629 44 
147 I 82529221 52 
148 I 82739907 44 
149 I 82965644 56 
150 I 82969809 56 
151 I 82979152 44 
152 I 83062196 52 
153 I 83273031 44 
154 I 83538063 56 
155 I 83543396 56 
156 I 83792441 52 
157 I 84002808 44 
158 I 84197045 44 
159 I 84268958 56 
160 I 84273376 56 
161 I 84441709 52 
162 I 84477401 44 
163 I 84652439 44 
164 I 84887682 44 
165 I 85018269 44 
166 I 85101268 44 
167 I 85104967 44 
168 I 85108909 44 
169 I 85577280 52 
170 I 85788621 44 
171 I 86176695 56 
172 I 86182100 56 
173 I 86207087 44 
174 I 86446768 52 
175 I 86657361 44 
176 I 86845146 52 
177 I 86900731 44 
178 I 87055542 44 
179 I 87333015 44 
180 I 87351121 44 
181 I 87436932 44 
182 I 93443158 52 
183 I 93653708 44 
184 I 93856441 52 
185 I 93891427 56 
186 I 93895641 56 
187 I 94067865 44 
188 I 94300075 56 
189 I 94305839 56 
190 I 94498178 44 
191 I 94550505 44 
192 I 99106202 52 
193 I 99328716 44 
194 I 99578638 56 
195 I 99582570 56 
196 I 99597245 44 
197 I 99878240 52 
198 I 100088773 44 
199 I 100330594 56 
200 I 100334681 56 
201 I 100788528 44 
202 I 101056787 52 
203 I 101281312 44 
204 I 101563023 44 
205 I 103503424 44 
206 I 128490700 52 
207 I 128701475 44 
208 I 128947761 56 
209 I 128956354 56 
210 I 129001223 44 
211 I 129264958 52 
212 I 129477400 44 
213 I 129719379 56 
214 I 129723335 56 
215 I 130047299 52 
216 I 130260370 44 
217 I 130344267 44 
218 I 130525850 56 
219 I 130529725 56 
220 I 131478473 44 
221 I 143377338 52 
222 I 143588779 44 
223 I 143845348 56 
224 I 143850669 56 
225 I 143884457 44 
226 I 144075843 52 
227 I 144286557 44 
228 I 144586861 56 
229 I 144590657 56 
230 I 144916010 44 
231 I 146322165 52 
232 I 146532870 44 
233 I 146810318 44 
234 I 146983278 44 
235 I 148743385 52 
236 I 148957217 44 
237 I 149252451 56 
238 I 149257522 56 
239 I 149549319 44 
240 I 149618116 52 
241 I 149828903 44 
242 I 150056543 56 
243 I 150060815 56 
244 I 150336774 44 
245 I 154251853 52 
246 I 154464193 44 
247 I 154748154 56 
248 I 154756238 56 
249 I 154828235 44 
250 I 155044129 52 
251 I 155256514 44 
252 I 155502481 56 
253 I 155508393 56 
254 I 155787404 44 
255 I 156234527 52 
256 I 156469215 44 
257 I 156717440 56 
258 I 156723103 56 
259 I 157225431 44 
260 I 169140942 52 
261 I 169357648 44 
262 I 169579273 56 
263 I 169585380 56 
264 I 169616960 44 
265 I 169939344 52 
266 I 170151907 44 
267 I 170389839 56 
268 I 170399902 56 
269 I 170741121 44 
270 I 171157463 52 
271 I 171368612 44 
272 I 171767393 56 
273 I 171779870 56 
274 I 172434425 44 
275 I 178860125 52 
276 I 179070692 44 
277 I 179395074 56 
278 I 179399502 56 
279 I 179406776 44 
280 I 179696653 52 
281 I 179909610 44 
282 I 180147165 56 
283 I 180151169 56 
284 I 180696870 44 
285 I 181739822 52 
286 I 181956076 44 
287 I 182227966 44 
288 I 182330572 44 
289 I 184143062 52 
290 I 184357866 44 
291 I 184597658 56 
292 I 184601753 56 
293 I 184802671 52 
294 I 185032595 44 
295 I 185174237 44 
296 I 185261330 56 
297 I 185265424 56 
298 I 185399335 44 
299 I 192613342 52 
300 I 192840074 44 
301 I 193079918 56 
302 I 193083883 56 
303 I 193097454 44 
304 I 193409906 52 
305 I 193622338 44 
306 I 193861614 44 
307 I 194326637 52 
308 I 194501120 44 
309 I 194547317 44 
310 I 194787389 56 
311 I 194792073 56 
312 I 195030999 44 
313 I 210996442 52 
314 I 211208916 44 
315 I 211444841 56 
316 I 211491062 56 
317 I 211506261 44 
318 I 212009394 52 
319 I 212220003 44 
320 I 212491724 44 
321 I 212495979 52 
322 I 212706735 44 
323 I 212999093 56 
324 I 213002915 56 
325 I 213384384 44 
326 I 213517106 44 
327 I 221379056 52 
328 I 221589329 44 
329 I 221816970 56 
330 I 221821558 56 
331 I 221846662 44 
332 I 222320260 52 
333 I 222532520 44 
334 I 222734039 52 
335 I 222777729 44 
336 I 222948618 44 
337 I 223337716 56 
338 I 223341992 56 
339 I 223576256 44 
340 I 223622466 44 
341 I 228169750 52 
342 I 228382407 44 
343 I 228606260 56 
344 I 228610159 56 
345 I 228627761 44 
346 I 228845745 52 
347 I 229058210 44 
348 I 229191337 52 
349 I 229341595 44 
350 I 229401981 44 
351 I 229643909 56 
352 I 229649885 56 
353 I 229747865 44 
354 I 230009341 44 
355 I 231355382 52 
356 I 231565889 44 
357 I 231791536 56 
358 I 231795575 56 
359 I 231825280 44 
360 I 231976780 52 
361 I 232189257 44 
362 I 232544855 52 
363 I 232756310 44 
364 I 233026386 56 
365 I 233035601 56 
366 I 233182691 44 
367 I 233558773 44 
368 I 233931450 52 
369 I 234143881 44 
370 I 234395221 44 
371 I 234631268 52 
372 I 234843768 44 
373 I 235075091 44 
374 I 235087725 56 
375 I 235091800 56 
376 I 235549647 44 
377 I 240402705 52 
378 I 240624548 44 
379 I 240869324 56 
380 I 241148551 44 
381 I 241709776 52 
382 I 241922500 44 
383 I 242193935 44 
384 I 242518406 44 
385 I 248807121 52 
386 I 249019262 44 
387 I 249287371 56 
388 I 249325130 56 
389 I 249351273 44 
390 I 249699968 52 
391 I 249912130 44 
392 I 250177415 56 
393 I 250182625 56 
394 I 250404856 44 
395 I 252235437 52 
396 I 252456213 44 
397 I 252703649 44 
398 I 253063391 44 
399 I 261709218 52 
400 I 261922076 44 
401 I 262159723 52 
402 I 262168325 56 
403 I 262173796 56 
404 I 262372285 44 
405 I 262623862 44 
406 I 262706417 44 
407 I 262942005 44 
408 I 268042288 52 
409 I 268254578 44 
410 I 268505150 56 
411 I 268510448 56 
412 I 268564127 44 
413 I 268952775 52 
414 I 269193720 44 
415 I 269534368 56 
416 I 269539997 56 
417 I 269925667 44 
418 I 269930212 52 
419 I 270144853 44 
420 I 270408244 44 
421 I 270627540 44 
422 I 270786309 44 
423 I 270846573 44 
424 I 270985432 44 
425 I 271001417 44 
426 I 271010160 52 
427 I 271063820 44 
428 I 271184525 44 
429 I 271204590 44 
430 I 271220718 44 
431 I 271224746 44 
432 I 271279088 44 
433 I 271283096 44 
434 I 271401740 44 
435 I 271423813 44 
436 I 271446024 44 
437 I 271449929 44 
438 I 271497433 44 
439 I 271502108 44 
440 I 271514319 44 
441 I 271518326 44 
442 I 271574723 44 
443 I 271590668 44 
444 I 272696037 44 
