0 I 0 68 
1 I 256310 44 
2 I 515740 44 
3 I 515797 44 
4 I 516301 44 
5 I 1279629 68 
6 I 1536256 44 
7 I 1807656 44 
8 I 2064442 44 
9 I 77183304 68 
10 I 77439627 44 
11 I 77744243 44 
12 I 77744674 44 
13 I 77745952 44 
14 I 77746470 44 
15 I 115702880 68 
16 I 115958665 44 
17 I 116220915 44 
18 I 116221038 44 
19 I 116221302 44 
20 I 119079729 68 
21 I 119336948 44 
22 I 119624300 44 
23 I 126478326 68 
24 I 126732197 44 
25 I 126992813 44 
26 I 126992907 44 
27 I 126993067 44 
28 I 127526640 68 
29 I 127670475 44 
30 I 127780595 44 
31 I 128053684 44 
32 I 129085894 44 
33 I 129087102 44 
34 I 140619326 44 
35 I 140874029 44 
36 I 140874054 44 
37 I 140874055 44 
38 I 239940123 68 
39 I 240197165 44 
40 I 240455386 44 
41 I 240456231 44 
42 I 240456378 44 
43 I 289507561 68 
44 I 289760673 44 
45 I 290020073 44 
46 I 290020100 44 
47 I 290020144 44 
48 I 290649804 44 
