0 I 0 52 
1 I 228724 44 
2 I 481835 56 
3 I 487144 56 
4 I 490176 44 
5 I 493636 52 
6 I 724018 44 
7 I 1006985 44 
8 I 1513768 56 
9 I 1523920 44 
10 I 1792076 56 
11 I 1806849 44 
12 I 2080530 44 
13 I 2358617 44 
14 I 2666717 44 
15 I 2920124 56 
16 I 2925063 56 
17 I 2928824 44 
18 I 9149400 52 
19 I 9382662 44 
20 I 9649235 44 
21 I 10166039 44 
22 I 10449313 44 
23 I 10732650 44 
24 I 11000671 56 
25 I 11015534 44 
26 I 11299538 56 
27 I 11308982 44 
28 I 11592131 44 
29 I 11865743 56 
30 I 11878010 44 
31 I 12143599 56 
32 I 12160321 44 
33 I 12412387 56 
34 I 12417647 56 
35 I 12420258 44 
36 I 26190322 52 
37 I 26418704 44 
38 I 26948603 44 
39 I 27202159 44 
40 I 27206916 44 
41 I 27450799 44 
42 I 27739643 44 
43 I 27758729 44 
44 I 27768479 44 
45 I 27992354 44 
46 I 28012226 44 
47 I 28290384 44 
48 I 28310448 44 
49 I 28608443 44 
50 I 28625054 44 
51 I 28630917 56 
52 I 28635466 44 
53 I 28979411 44 
54 I 29110072 44 
55 I 29262794 44 
56 I 29337254 44 
57 I 29631812 44 
58 I 29651524 44 
59 I 29661769 44 
60 I 29890384 44 
61 I 30171977 44 
62 I 30193454 44 
63 I 30203864 44 
64 I 30219176 44 
65 I 30683670 44 
66 I 30708315 44 
67 I 30718590 44 
68 I 30735153 44 
69 I 31023247 44 
70 I 31043058 44 
71 I 31053634 44 
72 I 31073055 44 
73 I 31377823 44 
74 I 31392725 44 
75 I 31402264 44 
76 I 31418416 44 
77 I 31700627 44 
78 I 31715535 44 
79 I 31732291 44 
80 I 31751936 44 
81 I 32040129 44 
82 I 32060414 44 
83 I 32063252 56 
84 I 32069870 44 
85 I 32491007 44 
86 I 32718268 44 
87 I 32758862 44 
88 I 33066859 44 
89 I 33086885 44 
90 I 33092006 44 
91 I 33315462 44 
92 I 33330783 44 
93 I 36861469 44 
94 I 65449577 44 
95 I 67671120 52 
96 I 67899864 44 
97 I 68142834 56 
98 I 68148500 56 
99 I 68151721 44 
