0 I 0 52 
1 I 694096 52 
2 I 1393424 52 
3 I 20116848 52 
4 I 20760085 52 
5 I 21458572 52 
6 I 60298706 52 
7 I 60991792 52 
8 I 61694056 52 
9 I 80479010 52 
10 I 81156851 52 
11 I 81860456 52 
12 I 120579663 52 
13 I 121287806 52 
14 I 121991357 52 
15 I 140659290 52 
16 I 141354846 52 
17 I 142055514 52 
18 I 180851784 52 
19 I 181487764 52 
20 I 182186461 52 
21 I 200974996 52 
22 I 201649867 52 
23 I 202353827 52 
24 I 241263914 52 
25 I 242011249 52 
26 I 242686927 52 
27 I 261247871 52 
28 I 261961873 52 
29 I 262649501 52 
