0 I 0 1504 
1 I 62702 1504 
2 I 126942 1504 
3 I 177773 1504 
4 I 225791 1504 
5 I 4669870 208 
6 I 9459345 1504 
7 I 10150130 1504 
8 I 10735982 1504 
9 I 11074620 1504 
10 I 11262275 1504 
11 I 16246685 1340 
12 I 18337850 1504 
13 I 19949444 1504 
14 I 20252234 1504 
15 I 20825006 1504 
16 I 21104306 1504 
17 I 26012436 208 
18 I 29201533 1504 
19 I 30145050 1504 
20 I 30409527 1504 
21 I 31108256 1504 
22 I 31417442 1504 
23 I 36513140 1340 
24 I 39186220 1504 
25 I 41505002 1504 
26 I 41717220 1504 
27 I 41780922 1504 
28 I 42151653 1504 
29 I 46932224 208 
30 I 50213477 1504 
31 I 53239873 1504 
32 I 53539407 1504 
33 I 54111279 1504 
34 I 54570001 1504 
35 I 59483935 1340 
36 I 62263783 1504 
37 I 65188908 1504 
38 I 66190893 1504 
39 I 66903301 1504 
40 I 67194463 1504 
41 I 72409058 208 
42 I 76131492 1504 
43 I 78504796 1504 
44 I 79167544 1504 
45 I 80176703 1504 
46 I 80469840 1504 
47 I 85313011 1340 
48 I 88629441 1340 
49 I 99363033 1504 
50 I 99410944 1504 
51 I 99459533 1504 
52 I 99507127 1504 
53 I 99555704 1504 
54 I 99605087 1504 
55 I 107005467 1504 
56 I 107268072 1504 
57 I 107334533 1504 
58 I 107901791 1504 
59 I 107951090 1504 
60 I 108135417 1504 
61 I 116239056 1504 
62 I 116610401 1504 
63 I 116762032 1504 
64 I 117464042 1504 
65 I 117768002 1504 
66 I 117929380 1504 
67 I 125648625 1504 
68 I 126073111 1504 
69 I 126247571 1504 
70 I 126491162 1504 
71 I 126935530 1504 
72 I 127051890 1504 
73 I 132610826 1504 
74 I 134256628 1504 
75 I 134970967 1504 
76 I 135348640 1504 
77 I 135948833 1504 
78 I 136872663 1504 
79 I 142692935 1504 
80 I 144073069 1504 
81 I 145201127 1504 
82 I 146246842 1504 
83 I 146503804 1504 
84 I 147985717 1504 
85 I 151153871 1504 
86 I 153449128 1504 
87 I 155354758 1504 
88 I 156709791 1504 
89 I 157607560 1504 
90 I 157915521 1504 
91 I 162245927 1504 
92 I 163717483 1504 
93 I 165142890 1340 
94 I 175620086 1504 
95 I 175668074 1504 
96 I 175716014 1504 
97 I 175764217 1504 
98 I 175811839 1504 
99 I 180506898 208 
100 I 183628533 1504 
101 I 184011052 1504 
102 I 184223875 1504 
103 I 184574692 1504 
104 I 185089696 1504 
105 I 189485381 52 
106 I 190130945 1340 
107 I 192512492 52 
108 I 192704820 1504 
109 I 192716220 44 
110 I 192999324 1504 
111 I 193371708 1504 
112 I 194017818 1504 
113 I 194655237 1504 
114 I 198645629 1504 
115 I 198709038 1504 
116 I 199503380 208 
117 I 200288316 1504 
118 I 202137663 1504 
119 I 202601638 1504 
120 I 203070085 1504 
121 I 203933734 1504 
122 I 204244351 44 
123 I 204338351 1504 
124 I 204432863 1504 
125 I 208517429 1504 
126 I 208612438 1504 
127 I 209317486 1504 
128 I 209404498 1340 
129 I 211035807 1504 
130 I 213032754 1504 
131 I 213340702 1504 
132 I 213433352 1504 
133 I 213815908 1504 
134 I 214209870 1504 
135 I 214340923 1504 
136 I 218347353 1504 
137 I 218804053 1504 
138 I 218962207 1504 
139 I 219058915 1504 
140 I 219436694 208 
141 I 222825276 1504 
142 I 224016897 1504 
143 I 224319510 1504 
144 I 224501789 1504 
145 I 224956389 1504 
146 I 229075606 1504 
147 I 229958488 1340 
148 I 230054867 1504 
149 I 230228722 1504 
150 I 234252476 1504 
151 I 234983349 1261 
152 I 235080830 1504 
153 I 235292974 1504 
154 I 235463958 1504 
155 I 235994773 1504 
156 I 239538278 1504 
157 I 240662552 1504 
158 I 240849996 208 
159 I 240958222 1504 
160 I 243867032 1504 
161 I 244467210 1504 
162 I 244768524 1504 
163 I 245525489 1504 
164 I 246969771 1504 
165 I 247271315 1504 
166 I 249494661 1192 
167 I 251068824 1504 
168 I 252192882 1340 
169 I 253040299 1504 
170 I 253315413 1504 
171 I 254265406 1340 
172 I 255249208 1504 
173 I 260099806 1192 
174 I 263436981 1504 
175 I 263501009 1504 
176 I 266062287 1504 
177 I 266716149 1504 
178 I 266956382 1504 
179 I 267051426 1504 
180 I 267147021 1504 
181 I 267243762 1504 
182 I 267340086 1504 
183 I 267432356 1504 
184 I 268168774 1504 
185 I 273149091 356 
186 I 274307027 1504 
187 I 274655268 1504 
188 I 277140943 1504 
189 I 277814502 1504 
190 I 277898490 1504 
191 I 278607896 1504 
192 I 278931162 1504 
193 I 279570226 1504 
194 I 279950436 1504 
195 I 280095820 1504 
196 I 280778711 1504 
197 I 286012832 1192 
198 I 286603951 1504 
199 I 287131934 1504 
200 I 290368205 1504 
201 I 291529671 1504 
202 I 291750804 1504 
203 I 292549880 1504 
204 I 292862081 1504 
205 I 293038009 1504 
206 I 293570604 1504 
207 I 294390712 1504 
208 I 298845000 1504 
209 I 298907236 1504 
210 I 299451201 1504 
