0 I 0 64 
1 I 242557 44 
2 I 527421 44 
3 I 528870 44 
4 I 774549 44 
5 I 775373 44 
6 I 779195 44 
7 I 779300 44 
8 I 1021393 44 
9 I 1021886 44 
10 I 1023539 44 
11 I 1023977 44 
12 I 1027692 44 
13 I 1028316 44 
14 I 1028600 44 
15 I 1029070 44 
16 I 1265482 44 
17 I 1265676 44 
18 I 1265865 44 
19 I 1266237 44 
20 I 1268316 44 
21 I 1269109 44 
22 I 1439856 44 
23 I 6670269 64 
24 I 6698832 64 
25 I 6751849 64 
26 I 6908816 44 
27 I 6935688 44 
28 I 6990573 44 
29 I 7187881 44 
30 I 7188775 44 
31 I 7228916 44 
32 I 7229364 44 
33 I 7275331 44 
34 I 7433289 44 
35 I 7471154 44 
36 I 7471553 44 
37 I 7472454 44 
38 I 7472485 44 
39 I 7718084 44 
40 I 7718421 44 
41 I 7718421 44 
42 I 10271133 44 
43 I 10518867 44 
44 I 10519514 44 
45 I 10759726 44 
46 I 10760247 44 
47 I 10760579 44 
48 I 11007709 44 
49 I 11008587 44 
50 I 11009138 44 
51 I 11010338 44 
52 I 11256268 44 
53 I 13274905 44 
54 I 13274912 44 
55 I 13934997 64 
