0 I 0 64 
1 I 95859 64 
2 I 223512 56 
3 I 223919 354 
4 I 316610 56 
5 I 316866 257 
6 I 451185 56 
7 I 452468 56 
8 I 490827 64 
9 I 540769 56 
10 I 712397 56 
11 I 712601 258 
12 I 762967 56 
13 I 870142 56 
14 I 934496 56 
15 I 935297 56 
16 I 936181 56 
17 I 996314 56 
18 I 157019822 64 
19 I 157241067 56 
20 I 157241155 286 
21 I 157463192 56 
22 I 177160808 64 
23 I 177382088 56 
24 I 177382538 394 
25 I 177604836 56 
26 I 177604840 56 
27 I 201579304 64 
28 I 201801020 56 
29 I 201801519 286 
30 I 202023650 56 
31 I 202023661 56 
32 I 202024045 56 
33 I 235953544 64 
34 I 236174504 56 
35 I 236174889 286 
36 I 236397020 56 
