0 I 0 52 
1 I 3135 52 
2 I 229173 44 
3 I 229295 44 
4 I 512235 44 
5 I 527853 44 
6 I 757481 44 
7 I 779844 44 
8 I 883482 44 
9 I 983438 44 
10 I 994981 44 
11 I 1002946 44 
12 I 1048529 44 
13 I 1056273 44 
14 I 1139398 44 
15 I 1221558 44 
16 I 1236649 44 
17 I 1252035 44 
18 I 1285771 44 
19 I 1301379 44 
20 I 1439058 44 
21 I 1459717 44 
22 I 1474668 44 
23 I 1489855 44 
24 I 1523204 44 
25 I 1539298 44 
26 I 1677117 44 
27 I 1697286 44 
28 I 1712772 44 
29 I 1727701 44 
30 I 1760836 44 
31 I 1777716 44 
32 I 1915016 44 
33 I 1933502 44 
34 I 1965392 44 
35 I 1979955 44 
36 I 2172410 44 
37 I 2203642 44 
38 I 2217954 44 
39 I 2402798 44 
40 I 64251506 44 
41 I 64251607 44 
