0 I 0 52 
1 I 390097 44 
2 I 2740062 44 
3 I 3210139 44 
4 I 3450624 44 
5 I 3880137 44 
6 I 4140082 44 
7 I 4400229 44 
8 I 4600074 44 
9 I 4720086 44 
10 I 4950472 56 
11 I 5040210 56 
12 I 5150533 56 
13 I 5250440 56 
14 I 5340076 56 
15 I 5430040 56 
16 I 5550433 56 
17 I 5650402 56 
18 I 5740046 56 
19 I 5870126 64 
20 I 6180101 56 
21 I 6470153 56 
22 I 6560248 56 
23 I 6660242 56 
24 I 6780062 56 
25 I 6940045 64 
26 I 7050545 56 
27 I 7160333 56 
28 I 7270219 56 
29 I 7370317 56 
30 I 7610084 56 
31 I 7820174 56 
32 I 7930149 44 
33 I 16800304 44 
34 I 19960296 44 
35 I 31640524 44 
36 I 54720642 44 
37 I 100591141 44 
38 I 191871962 44 
