0 I 0 52 
1 I 220946 44 
2 I 659710 56 
3 I 730187 56 
4 I 730189 44 
5 I 61280252 52 
6 I 61490681 44 
7 I 62130676 44 
8 I 62230646 52 
9 I 62330267 44 
10 I 62630714 44 
11 I 62680375 44 
12 I 62831054 44 
13 I 63030257 44 
14 I 63210533 44 
15 I 63210535 44 
16 I 63310488 44 
17 I 63510249 44 
18 I 63740608 44 
19 I 63811371 44 
20 I 63811385 44 
21 I 83080871 52 
22 I 83300984 44 
23 I 83870545 44 
24 I 84071036 44 
25 I 84300408 44 
26 I 84540730 44 
27 I 84700355 44 
28 I 84940626 44 
29 I 85140426 44 
30 I 85421431 44 
31 I 85640491 44 
32 I 85860524 44 
33 I 86041696 44 
34 I 86050708 44 
35 I 138321522 52 
36 I 138530958 44 
37 I 139040827 44 
38 I 139240919 44 
39 I 139512037 44 
40 I 139750920 44 
41 I 139901482 44 
42 I 140141018 44 
43 I 140340739 44 
44 I 140540789 44 
45 I 140770992 44 
46 I 140771609 44 
47 I 141320837 52 
48 I 141540902 44 
49 I 142091300 44 
50 I 142501405 44 
51 I 142741317 44 
52 I 142901069 44 
53 I 143150778 44 
54 I 143271358 44 
55 I 143480960 44 
56 I 143720807 44 
57 I 143741090 44 
58 I 143761850 44 
59 I 146081391 52 
60 I 146291466 44 
61 I 146710844 44 
62 I 147120947 44 
63 I 147350879 44 
64 I 147541452 44 
65 I 147771725 44 
66 I 147921499 44 
67 I 148080923 44 
68 I 148231118 44 
69 I 148341924 44 
70 I 148530844 44 
71 I 148691034 44 
72 I 148811437 44 
73 I 148950879 44 
74 I 149151187 44 
75 I 149241302 44 
76 I 149241305 44 
77 I 149461297 44 
78 I 152300940 52 
79 I 152521565 44 
80 I 153060814 44 
81 I 153261396 44 
82 I 153461412 44 
83 I 153681474 44 
84 I 153860887 44 
85 I 154081155 44 
86 I 154312093 44 
87 I 154640917 44 
88 I 154861308 44 
89 I 154890962 44 
90 I 154891495 44 
91 I 219522226 52 
92 I 219741631 44 
93 I 220161736 44 
94 I 220351552 44 
95 I 220631562 44 
96 I 220841818 44 
97 I 221071480 44 
98 I 221231583 44 
99 I 221371810 44 
100 I 221611901 44 
101 I 221781731 44 
102 I 221922400 44 
103 I 222032125 44 
104 I 222201642 44 
105 I 222341774 44 
106 I 222552008 44 
107 I 222621502 44 
108 I 222661487 44 
109 I 229431969 52 
110 I 229641550 44 
111 I 230261635 44 
112 I 230461989 44 
113 I 230691949 44 
114 I 230921684 44 
115 I 231091809 44 
116 I 231282180 44 
117 I 231511931 44 
118 I 231771668 44 
119 I 231921758 44 
120 I 232041740 44 
121 I 232261752 44 
122 I 232302260 44 
123 I 232331918 44 
124 I 274722334 52 
125 I 275012231 52 
126 I 275511905 52 
127 I 275542211 44 
128 I 275542427 44 
129 I 275732280 44 
130 I 276132161 44 
131 I 276432333 44 
132 I 276722197 44 
133 I 276892135 44 
134 I 277152129 44 
135 I 277332211 44 
136 I 277482296 44 
137 I 277712133 44 
138 I 277842345 44 
139 I 277992307 44 
140 I 278112412 44 
141 I 278212020 44 
142 I 278251972 44 
143 I 278302438 44 
144 I 278372058 44 
145 I 278442200 44 
146 I 278582325 44 
