0 I 0 56 
1 I 139826 56 
2 I 146760 56 
3 I 153822 44 
4 I 244931 56 
5 I 413118 44 
6 I 15025558 52 
7 I 15361471 44 
8 I 15851915 56 
9 I 15977276 56 
10 I 16012596 44 
11 I 16159259 52 
12 I 16502312 44 
13 I 17517271 44 
14 I 17853315 44 
15 I 18728283 44 
16 I 19057390 44 
17 I 19379382 44 
18 I 19709292 44 
19 I 20786400 52 
20 I 20807461 44 
21 I 21136342 44 
22 I 21458422 44 
23 I 21892920 44 
24 I 22221877 44 
25 I 22488068 44 
26 I 22565450 44 
27 I 22991553 44 
28 I 23027541 44 
29 I 23180417 44 
30 I 23208486 44 
31 I 26869662 52 
32 I 27695909 44 
33 I 28108592 56 
34 I 28213633 56 
35 I 28221415 44 
36 I 30656970 52 
37 I 30979297 44 
38 I 31356908 56 
39 I 31468764 56 
40 I 31496709 44 
41 I 39127100 52 
42 I 39470172 44 
43 I 40450274 56 
44 I 40513541 56 
45 I 40527302 44 
46 I 40751091 52 
47 I 41332767 44 
48 I 42074083 52 
49 I 42235429 56 
50 I 42381956 56 
51 I 42389098 44 
52 I 42438100 44 
53 I 42823096 56 
54 I 42865067 56 
55 I 43025998 44 
56 I 90706552 52 
57 I 90713294 52 
58 I 91315569 44 
59 I 91315789 44 
60 I 91735375 56 
61 I 91875332 56 
62 I 91876187 56 
63 I 91889321 44 
64 I 91903529 56 
65 I 92071976 44 
66 I 95578460 52 
67 I 96362595 44 
68 I 96817431 56 
69 I 96873814 56 
70 I 96887353 44 
71 I 99022726 52 
72 I 99344640 44 
73 I 99709445 56 
74 I 99820715 56 
75 I 99834451 44 
76 I 107436866 52 
77 I 107765701 44 
78 I 108683462 56 
79 I 108759798 56 
80 I 108885835 44 
81 I 109417732 52 
82 I 109670075 52 
83 I 109753873 44 
84 I 110061858 44 
85 I 110187867 56 
86 I 110314786 56 
87 I 110356085 44 
88 I 110432819 56 
89 I 110481831 56 
90 I 110643214 44 
91 I 123656093 52 
92 I 124393232 44 
93 I 125061478 44 
94 I 125103216 44 
95 I 125278254 52 
96 I 125686143 44 
97 I 125761245 52 
98 I 126076263 44 
99 I 126076635 56 
100 I 126181266 56 
101 I 126293977 44 
102 I 127028221 56 
103 I 127168425 56 
104 I 127203798 44 
105 I 133399138 52 
106 I 133720425 44 
107 I 133783779 44 
108 I 134190294 52 
109 I 134196800 52 
110 I 134245559 56 
111 I 134351500 44 
112 I 134357614 44 
113 I 134532452 44 
114 I 134532929 44 
115 I 134952743 56 
116 I 135022664 56 
117 I 135050592 44 
118 I 135401017 56 
119 I 135498511 56 
120 I 135897842 44 
121 I 152509287 52 
122 I 153300109 44 
123 I 153902428 56 
124 I 154028032 56 
125 I 154063466 44 
126 I 156107047 52 
127 I 156443390 44 
128 I 157031571 56 
129 I 157136162 56 
130 I 157213622 44 
131 I 157668035 52 
132 I 158263551 44 
133 I 158494113 52 
134 I 159299104 56 
135 I 159391021 56 
136 I 159418234 44 
137 I 159523221 44 
138 I 159866281 56 
139 I 159943501 52 
140 I 160027178 56 
141 I 160048114 44 
142 I 160195172 52 
143 I 160287261 44 
144 I 160517223 44 
145 I 160671084 56 
146 I 160832414 56 
147 I 161070149 44 
148 I 161217244 52 
149 I 161679304 44 
150 I 162008217 44 
151 I 162680429 44 
152 I 163646511 44 
153 I 163975618 44 
154 I 164304670 44 
155 I 164747366 44 
156 I 165831592 44 
157 I 166055384 44 
158 I 166811337 44 
159 I 167154417 44 
160 I 167189765 44 
161 I 167217371 44 
162 I 167700474 44 
163 I 168043351 44 
164 I 168463451 44 
165 I 168897748 44 
166 I 169318253 44 
167 I 169779445 44 
168 I 169982349 44 
169 I 170781370 44 
170 I 171229010 44 
171 I 171571792 44 
172 I 171914915 44 
173 I 173384929 52 
174 I 173832494 44 
175 I 174714803 44 
176 I 174735640 44 
177 I 174946423 52 
178 I 175344737 44 
179 I 176353400 44 
180 I 176387617 44 
181 I 176618481 52 
182 I 177185540 44 
183 I 178522788 44 
184 I 178690685 52 
185 I 178859196 44 
186 I 179405237 44 
187 I 179608506 44 
188 I 179726636 44 
189 I 180055916 44 
190 I 180489739 44 
191 I 180818833 44 
192 I 181078044 56 
193 I 181245959 56 
194 I 181253127 44 
195 I 181273762 44 
196 I 181806291 44 
197 I 182134785 44 
198 I 182176775 44 
199 I 182197843 44 
200 I 190213158 52 
201 I 191110674 44 
202 I 191620373 56 
203 I 191732251 56 
204 I 191767198 44 
205 I 193552019 52 
206 I 193881080 44 
207 I 194217326 56 
208 I 194336492 56 
209 I 194385033 44 
210 I 194511050 52 
211 I 194827069 44 
212 I 195582185 44 
213 I 196023306 44 
214 I 196219227 44 
215 I 196233339 44 
216 I 196562596 44 
217 I 196947293 44 
218 I 197290458 44 
219 I 197360920 44 
220 I 198956426 52 
221 I 199390808 44 
222 I 200482189 56 
223 I 200546185 56 
224 I 200580272 44 
225 I 200825378 52 
226 I 201224627 44 
227 I 201546321 52 
228 I 201910220 44 
229 I 201917410 44 
230 I 202001317 44 
231 I 202848285 56 
232 I 202974285 56 
233 I 203009207 44 
234 I 203122231 52 
235 I 205010225 44 
236 I 207844910 44 
237 I 208054409 44 
238 I 209804568 44 
239 I 210133472 44 
240 I 210462800 44 
241 I 210791591 44 
242 I 212212622 44 
243 I 212646576 44 
244 I 212975538 44 
245 I 213409561 44 
246 I 213739004 44 
247 I 214613597 44 
248 I 214727022 44 
249 I 214746693 44 
250 I 226906013 52 
251 I 226934170 52 
252 I 227718088 44 
253 I 227719336 44 
254 I 228347981 56 
255 I 228467159 56 
256 I 228508922 56 
257 I 228509354 44 
258 I 228565521 56 
259 I 228712810 44 
260 I 232289415 52 
261 I 233193224 44 
262 I 233654081 56 
263 I 233703431 56 
264 I 233717088 44 
265 I 233843084 52 
266 I 234438254 44 
267 I 234858504 56 
268 I 235096399 56 
269 I 235131298 44 
270 I 235544329 52 
271 I 236384332 44 
272 I 236846225 44 
273 I 239023327 56 
274 I 239184316 56 
275 I 239219743 44 
276 I 299190348 52 
