0 I 0 48 
1 I 95118 44 
2 I 196837 44 
3 I 197334 44 
4 I 197365 44 
5 I 293708 44 
6 I 294109 44 
7 I 295106 44 
8 I 296186 44 
9 I 296187 44 
10 I 390768 44 
11 I 391145 44 
12 I 391146 44 
13 I 391322 44 
14 I 392036 44 
15 I 393914 44 
16 I 394320 44 
17 I 396174 44 
18 I 396485 44 
19 I 488063 44 
20 I 488625 44 
21 I 488927 44 
22 I 488952 44 
23 I 489644 44 
24 I 1026521 44 
25 I 1026545 44 
26 I 1027229 44 
27 I 1027267 44 
28 I 1028018 44 
29 I 1028018 44 
30 I 1124663 44 
31 I 1124663 44 
32 I 1124665 44 
33 I 1124722 44 
34 I 1590638 44 
35 I 1590949 44 
36 I 1590950 44 
37 I 1591327 44 
38 I 1688037 44 
39 I 1688211 44 
40 I 1688256 44 
41 I 1688431 44 
42 I 1689562 44 
43 I 1689563 44 
44 I 1689569 44 
45 I 1690112 44 
46 I 1690209 44 
47 I 1786493 44 
48 I 1786514 44 
49 I 2544351 44 
50 I 2545524 44 
51 I 2641347 44 
52 I 2641776 44 
53 I 2643438 44 
54 I 2643840 44 
55 I 2739346 44 
56 I 2740151 44 
57 I 2740182 44 
58 I 3280251 44 
59 I 3280350 44 
60 I 3280832 44 
61 I 3280834 44 
62 I 3379778 44 
63 I 3379788 44 
64 I 3379843 44 
65 I 3380117 44 
66 I 3380529 44 
67 I 3380529 44 
68 I 4116718 44 
69 I 4116961 44 
70 I 4214661 44 
71 I 4214661 44 
72 I 4215009 44 
73 I 4215489 44 
74 I 4215562 44 
75 I 4311648 44 
76 I 4311662 44 
77 I 4312752 44 
78 I 4312752 44 
79 I 4868316 44 
80 I 4868493 44 
81 I 4966341 44 
82 I 4966579 44 
83 I 4967100 44 
84 I 4967344 44 
85 I 4967662 44 
86 I 5063874 44 
87 I 5063874 44 
88 I 5795596 44 
89 I 5795829 44 
90 I 5795990 44 
91 I 5892551 44 
92 I 5892832 44 
93 I 5893118 44 
94 I 5894007 44 
95 I 5894007 44 
96 I 5894007 44 
97 I 5988965 44 
98 I 9757718 44 
99 I 9757730 44 
100 I 32910339 48 
101 I 33005577 44 
102 I 33110850 44 
103 I 33111218 44 
104 I 33111463 44 
105 I 33208098 44 
106 I 33208325 44 
107 I 33208366 44 
108 I 33208778 44 
109 I 33209021 44 
110 I 33209661 44 
111 I 33305008 44 
112 I 33305518 44 
113 I 33306046 44 
114 I 33306046 44 
115 I 33306518 44 
116 I 33307024 44 
117 I 33307026 44 
118 I 33307404 44 
119 I 33307427 44 
120 I 34439041 44 
121 I 34439467 44 
122 I 34536411 44 
123 I 34536741 44 
124 I 34537099 44 
125 I 34537605 44 
126 I 34538531 44 
127 I 34633522 44 
128 I 34635324 44 
129 I 34635326 44 
130 I 34635326 44 
131 I 34635326 44 
132 I 34635858 44 
133 I 34636222 44 
134 I 34637409 44 
135 I 34637412 44 
136 I 34731667 44 
137 I 34732498 44 
138 I 37463885 44 
139 I 37464060 44 
140 I 37560983 44 
141 I 37561391 44 
142 I 37561755 44 
143 I 37562456 44 
144 I 37562562 44 
145 I 37657816 44 
146 I 37657998 44 
