0 I 0 56 
1 I 19987 44 
2 I 42981 44 
3 I 3445584 44 
4 I 3499629 44 
5 I 277406895 56 
6 I 277427041 44 
7 I 277474629 44 
8 I 277474773 44 
9 I 277495537 44 
10 I 277495631 44 
11 I 277495842 44 
12 I 277495909 44 
13 I 277516411 44 
14 I 277516514 44 
15 I 277516662 44 
16 I 277516806 44 
17 I 277516916 44 
18 I 277517047 44 
19 I 277517259 44 
20 I 277517385 44 
21 I 277537408 44 
22 I 277537510 44 
23 I 277537632 44 
24 I 277537805 44 
25 I 277537937 44 
26 I 277538040 44 
27 I 277540593 44 
28 I 277541155 44 
29 I 277541156 44 
30 I 277541520 44 
31 I 277541839 44 
32 I 277558309 44 
33 I 277558557 44 
34 I 277558714 44 
