0 I 0 44 
1 I 10159089 44 
2 I 20519339 44 
3 I 30276043 44 
4 I 40334543 44 
5 I 50694783 44 
6 I 61155605 44 
7 I 71113519 44 
8 I 80769686 44 
9 I 90526399 44 
10 I 100685526 44 
11 I 110241011 44 
12 I 120500652 44 
13 I 130458559 44 
14 I 140416467 44 
15 I 150676130 44 
16 I 160935737 44 
17 I 171195426 44 
18 I 180952199 44 
19 I 191010762 44 
20 I 200968519 44 
21 I 211529964 44 
22 I 221789601 44 
23 I 232250432 44 
24 I 242409525 44 
25 I 252166225 44 
26 I 261822364 44 
27 I 272283188 44 
28 I 282442272 44 
