0 I 0 44 
1 I 111 44 
2 I 245 44 
3 I 368 44 
4 I 701 44 
5 I 6503560 44 
6 I 6503676 44 
7 I 6503791 44 
8 I 6503926 44 
9 I 6504029 44 
10 I 16513337 44 
11 I 16533271 44 
12 I 18063961 56 
13 I 18083742 44 
14 I 18115784 44 
15 I 18115882 44 
16 I 18135868 44 
17 I 18135987 44 
18 I 18136104 44 
19 I 28146053 44 
20 I 28166634 44 
21 I 28652999 56 
22 I 28672860 44 
23 I 28698334 44 
24 I 28698447 44 
25 I 28718480 44 
26 I 28718608 44 
27 I 28718862 44 
28 I 38739011 44 
29 I 38758724 44 
30 I 82977247 56 
31 I 82997269 44 
32 I 83031142 44 
33 I 83031375 44 
34 I 83051241 44 
35 I 83051358 44 
36 I 83051464 44 
37 I 89158158 44 
38 I 89158264 44 
39 I 89158439 44 
40 I 89158528 44 
41 I 89158642 44 
42 I 99188111 44 
43 I 99207829 44 
44 I 133438185 56 
45 I 133460716 44 
46 I 133500076 44 
47 I 133500425 44 
48 I 133520193 44 
49 I 133520313 44 
50 I 133520569 44 
51 I 143534411 44 
52 I 143554185 44 
53 I 150792012 56 
54 I 150812253 44 
55 I 150852046 44 
56 I 150852144 44 
57 I 150872156 44 
58 I 150872345 44 
59 I 150872563 44 
60 I 157395773 44 
61 I 157395892 44 
62 I 157396048 44 
63 I 157396151 44 
64 I 157396275 44 
65 I 167416385 44 
66 I 167436252 44 
67 I 179493044 56 
68 I 179512634 44 
69 I 179543107 44 
70 I 179543272 44 
71 I 179563201 44 
72 I 179563315 44 
73 I 179563437 44 
74 I 181502226 44 
75 I 181502343 44 
76 I 181502457 44 
77 I 181502582 44 
78 I 181502694 44 
79 I 191513126 44 
80 I 191532839 44 
81 I 212343355 56 
82 I 212363098 44 
83 I 212392492 44 
84 I 212392630 44 
85 I 212412568 44 
86 I 212412718 44 
87 I 212412834 44 
88 I 222439062 44 
89 I 222458942 44 
90 I 231824872 56 
91 I 231844682 44 
92 I 231877726 44 
93 I 231877836 44 
94 I 231897859 44 
95 I 231898002 44 
96 I 231898095 44 
97 I 241922138 44 
98 I 241941955 44 
99 I 265817204 56 
100 I 265838713 44 
101 I 265868800 44 
102 I 265868946 44 
103 I 265888895 44 
104 I 265889015 44 
105 I 265889166 44 
106 I 275887993 44 
107 I 275907747 44 
108 I 277195894 56 
109 I 277215587 44 
110 I 277244310 44 
111 I 277244431 44 
112 I 277264575 44 
113 I 277264700 44 
114 I 277265033 44 
115 I 283891402 44 
116 I 283891513 44 
117 I 283891634 44 
118 I 283891746 44 
119 I 283891902 44 
120 I 283891932 44 
121 I 293895397 44 
122 I 293916829 44 
