0 I 0 52 
1 I 1145492 44 
2 I 2269867 44 
3 I 2306335 52 
4 I 3366378 44 
5 I 3403052 44 
6 I 3551782 44 
7 I 4668144 44 
8 I 4672318 44 
9 I 5782082 44 
10 I 5786167 44 
11 I 5792215 44 
12 I 6904341 44 
13 I 6919997 44 
14 I 6922889 44 
15 I 6925582 56 
16 I 6927799 44 
17 I 7060657 44 
18 I 7105906 44 
19 I 7972034 44 
20 I 7976494 56 
21 I 7978814 44 
22 I 8038254 44 
23 I 8044294 56 
24 I 8047151 44 
25 I 8051847 44 
26 I 8095904 44 
27 I 8217746 44 
28 I 9142072 44 
29 I 9148190 56 
30 I 9150819 44 
31 I 9153859 44 
32 I 9298407 44 
33 I 9468206 44 
34 I 10240589 44 
35 I 10249193 44 
36 I 10252305 44 
37 I 10255252 44 
38 I 10388302 44 
39 I 10551894 44 
40 I 11302229 44 
41 I 11310454 44 
42 I 11474025 44 
43 I 12996377 44 
44 I 20634443 44 
45 I 24215987 44 
46 I 24217195 44 
47 I 26509798 44 
48 I 26512353 44 
