0 I 0 64 
1 I 4 64 
2 I 1409206 64 
3 I 1409211 64 
4 I 2312491 64 
5 I 2312497 64 
6 I 3924770 64 
7 I 3924775 64 
8 I 5369190 64 
9 I 5369195 64 
10 I 6436477 64 
11 I 6436481 64 
12 I 6472968 64 
13 I 6472973 64 
14 I 11969640 64 
15 I 11969645 64 
16 I 12170796 64 
17 I 12170801 64 
18 I 12472537 64 
19 I 12472542 64 
20 I 12750421 64 
21 I 12750426 64 
22 I 13879874 64 
23 I 13879879 64 
24 I 19512543 64 
25 I 19512548 64 
26 I 20219682 64 
27 I 20219686 64 
28 I 23234231 64 
29 I 23234236 64 
30 I 23290343 64 
31 I 23290348 64 
32 I 23636543 64 
33 I 23636547 64 
34 I 23940240 64 
35 I 23940244 64 
36 I 27458750 64 
37 I 27458754 64 
38 I 29068127 64 
39 I 29068131 64 
40 I 31783941 64 
41 I 31783945 64 
42 I 31906752 64 
43 I 31906757 64 
44 I 32897239 64 
45 I 32897243 64 
46 I 34341969 64 
47 I 34341974 64 
48 I 40133486 64 
49 I 40133491 64 
50 I 55624563 64 
51 I 55624567 64 
52 I 55824779 64 
53 I 55824784 64 
54 I 57333550 64 
55 I 57333555 64 
56 I 59042558 64 
57 I 59042565 64 
58 I 59646012 64 
59 I 59646017 64 
60 I 59849170 64 
61 I 59849174 64 
62 I 60249563 64 
63 I 60249568 64 
64 I 60551310 64 
65 I 60551315 64 
66 I 61758311 64 
67 I 61758316 64 
68 I 62965404 64 
69 I 62965408 64 
70 I 63971195 64 
71 I 63971200 64 
72 I 64775894 64 
73 I 64775900 64 
74 I 65078594 64 
75 I 65078599 64 
76 I 65280754 64 
77 I 65280757 64 
78 I 65581535 64 
79 I 65581539 64 
80 I 66184106 64 
81 I 66184111 64 
82 I 66588353 64 
83 I 66588357 64 
84 I 66895992 64 
85 I 66895997 64 
86 I 67395980 64 
87 I 67395985 64 
88 I 69000441 64 
89 I 69000446 64 
90 I 70915526 64 
91 I 70915531 64 
92 I 71917441 64 
93 I 71917446 64 
94 I 78656635 64 
95 I 78656640 64 
96 I 79863715 64 
97 I 79863720 64 
98 I 80569788 64 
99 I 80569793 64 
100 I 81681509 64 
101 I 81681514 64 
102 I 87306947 64 
103 I 87306952 64 
104 I 88212229 64 
105 I 88212234 64 
106 I 88715175 64 
107 I 88715180 64 
108 I 89620427 64 
109 I 89620432 64 
110 I 95052019 64 
111 I 95052023 64 
112 I 96460210 64 
113 I 96460215 64 
114 I 97667270 64 
115 I 97667276 64 
116 I 99075436 64 
117 I 99075440 64 
118 I 99681871 64 
119 I 99681876 64 
120 I 100808560 64 
121 I 100808565 64 
122 I 103809768 64 
123 I 103809772 64 
124 I 104108568 64 
125 I 104108573 64 
126 I 104310723 64 
127 I 104310728 64 
128 I 104794559 64 
129 I 104794564 64 
130 I 111351710 64 
131 I 111351715 64 
132 I 111553843 64 
133 I 111553847 64 
134 I 113369261 64 
135 I 113369266 64 
136 I 114871553 64 
137 I 114871558 64 
138 I 115980579 64 
139 I 115980584 64 
140 I 121013721 64 
141 I 121013726 64 
142 I 123123095 64 
143 I 123123100 64 
144 I 125034215 64 
145 I 125034219 64 
146 I 126237387 64 
147 I 126237391 64 
148 I 127343754 64 
149 I 127343758 64 
150 I 128357428 64 
151 I 128357434 64 
152 I 130461920 64 
153 I 130461925 64 
154 I 131576142 64 
155 I 131576147 64 
156 I 135899378 64 
157 I 135899382 64 
158 I 137906215 64 
159 I 137906222 64 
160 I 138716722 64 
161 I 138716727 64 
162 I 139514606 64 
163 I 139514610 64 
164 I 139917032 64 
165 I 139917036 64 
166 I 140721607 64 
167 I 140721612 64 
168 I 140922759 64 
169 I 140922763 64 
170 I 141224532 64 
171 I 141224537 64 
172 I 141425720 64 
173 I 141425725 64 
174 I 141626850 64 
175 I 141626854 64 
176 I 142037010 64 
177 I 142037015 64 
178 I 151284986 64 
179 I 151284991 64 
180 I 167276085 64 
181 I 167276090 64 
182 I 186588437 64 
183 I 186588442 64 
184 I 194635237 64 
185 I 194635242 64 
186 I 224812759 64 
187 I 224812763 64 
188 I 227830345 64 
189 I 227830349 64 
190 I 229135976 64 
191 I 229135981 64 
192 I 229742407 64 
193 I 229742412 64 
194 I 231349810 64 
195 I 231349815 64 
196 I 252778361 64 
197 I 252778366 64 
198 I 256293963 64 
199 I 256293969 64 
200 I 261122053 64 
201 I 261122057 64 
202 I 292405016 64 
203 I 292405020 64 
204 I 293012435 64 
205 I 293012440 64 
206 I 293208729 64 
207 I 293208734 64 
208 I 293611064 64 
209 I 293611069 64 
210 I 296133510 64 
211 I 296133515 64 
212 I 297031031 64 
213 I 297031035 64 
214 I 304474282 64 
215 I 304474287 64 
216 I 305884407 64 
217 I 305884412 64 
218 I 308397110 64 
219 I 308397114 64 
220 I 309101194 64 
221 I 309101199 64 
222 I 318355040 64 
223 I 318355044 64 
224 I 320165615 64 
225 I 320165620 64 
226 I 321070829 64 
227 I 321070834 64 
228 I 333644001 64 
229 I 333644006 64 
230 I 334247532 64 
231 I 334247537 64 
