0 I 0 66 
1 I 39203 64 
2 I 39208 149 
3 I 1350374 179 
4 I 1481091 66 
5 I 1524562 64 
6 I 1609899 64 
7 I 45868971 66 
8 I 45891715 64 
9 I 45891719 149 
10 I 47199240 159 
11 I 47255523 91 
12 I 47353962 66 
13 I 47390153 64 
14 I 47395768 64 
15 I 127224965 66 
16 I 127263837 149 
17 I 128585420 159 
18 I 128647865 66 
19 I 128694151 64 
20 I 128698421 64 
21 I 189723763 66 
22 I 189755140 64 
23 I 189755169 149 
24 I 191108230 150 
25 I 191853516 91 
26 I 192366883 64 
27 I 192366887 64 
28 I 192403256 64 
29 I 192404773 64 
30 I 192424103 91 
31 I 192880129 64 
32 I 192880619 64 
33 I 192882609 64 
34 I 192882614 64 
35 I 192884133 64 
36 I 192919348 64 
37 I 192921518 64 
38 I 192921524 64 
39 I 192934286 91 
40 I 193496625 64 
41 I 193498610 64 
42 I 193498615 64 
43 I 193498619 64 
44 I 193500797 64 
45 I 193523023 91 
46 I 194016690 64 
47 I 194017444 64 
48 I 194017448 64 
49 I 194017758 64 
50 I 194018046 64 
51 I 194036071 91 
52 I 194634972 64 
53 I 194634976 64 
54 I 194635452 64 
55 I 194635822 64 
56 I 194636845 64 
57 I 194636850 64 
58 I 194651038 91 
59 I 195173647 64 
60 I 195173652 64 
61 I 195174541 64 
62 I 195174545 64 
63 I 195176451 64 
64 I 195178020 64 
65 I 195178025 64 
66 I 195178029 64 
67 I 195269074 91 
68 I 195792752 64 
69 I 195792941 64 
70 I 195795037 64 
71 I 195795042 64 
72 I 195795535 64 
73 I 195796497 64 
74 I 195797172 64 
75 I 195797176 64 
76 I 195797375 64 
77 I 195823619 91 
78 I 196375551 64 
79 I 196375556 64 
80 I 196375560 64 
81 I 196375578 64 
82 I 196375582 64 
83 I 196391975 91 
84 I 196944493 64 
85 I 196944497 64 
86 I 196944501 64 
87 I 196944512 64 
88 I 196945252 64 
89 I 196968182 91 
90 I 197263255 64 
91 I 197265332 64 
92 I 197265337 64 
93 I 197265341 64 
94 I 197279263 91 
95 I 197679761 64 
96 I 197679765 64 
97 I 197679768 64 
98 I 197679773 64 
99 I 197679777 64 
100 I 197696389 91 
101 I 198248957 64 
102 I 198248962 64 
103 I 198250034 64 
104 I 198250039 64 
105 I 198250043 64 
106 I 198250047 64 
107 I 198250644 64 
108 I 198274438 91 
109 I 198926271 64 
110 I 198926275 64 
111 I 198926280 64 
112 I 198926284 64 
113 I 198927635 64 
114 I 198927640 64 
115 I 199010126 92 
116 I 199590606 64 
117 I 199591488 64 
118 I 199593562 64 
119 I 199593567 64 
120 I 199594368 64 
121 I 199594373 64 
122 I 199594377 64 
123 I 199606799 92 
124 I 200145388 64 
125 I 200145863 64 
126 I 200147458 64 
127 I 200147462 64 
128 I 200147466 64 
129 I 200147471 64 
130 I 200341716 92 
131 I 200792817 64 
132 I 200792822 64 
133 I 200807564 92 
134 I 201165872 64 
135 I 201165911 64 
136 I 201166287 64 
137 I 201166292 64 
138 I 201166296 64 
139 I 201654149 92 
140 I 202242211 64 
141 I 202242215 64 
142 I 202242219 64 
143 I 202242223 64 
144 I 202242227 64 
145 I 202242231 64 
146 I 202406271 92 
147 I 202853067 64 
148 I 202853072 64 
149 I 202853839 64 
150 I 202853843 64 
151 I 202853847 64 
152 I 202948284 92 
153 I 203394914 64 
154 I 203394919 64 
155 I 203394923 64 
156 I 203394927 64 
157 I 203410822 66 
158 I 203460457 64 
159 I 203463533 64 
160 I 271166053 66 
161 I 271206340 64 
162 I 271208897 149 
163 I 272529925 159 
164 I 272606422 91 
165 I 272721989 66 
166 I 272763174 64 
167 I 272767206 64 
