0 I 0 48 
1 I 2981518 48 
2 I 5981218 48 
3 I 8947711 44 
4 I 9248375 44 
5 I 9547679 44 
6 I 9847445 44 
7 I 10147462 44 
8 I 10447635 44 
9 I 10747482 44 
10 I 11047426 44 
11 I 11379564 44 
12 I 11679365 44 
13 I 11979244 44 
14 I 12279275 44 
15 I 12579412 44 
16 I 12879184 44 
17 I 13179235 44 
18 I 13479185 44 
19 I 13779056 44 
20 I 14004291 44 
21 I 14601924 44 
22 I 16354693 44 
23 I 16546967 44 
24 I 16989437 44 
25 I 16999116 44 
26 I 17414521 44 
27 I 17712179 44 
28 I 18015881 44 
29 I 18309989 44 
30 I 18856735 44 
31 I 19164239 44 
32 I 19670899 44 
33 I 19680531 44 
34 I 20153345 44 
35 I 20444559 44 
36 I 20457999 44 
37 I 20757947 44 
38 I 21044902 44 
39 I 21493976 44 
40 I 24816944 48 
41 I 27623374 48 
42 I 30622431 48 
43 I 33562947 44 
44 I 33863066 44 
45 I 34162970 44 
46 I 34462913 44 
47 I 34763229 44 
48 I 35062697 44 
49 I 35658701 44 
50 I 35958774 44 
51 I 36258897 44 
52 I 36558724 44 
53 I 36859459 44 
54 I 37158848 44 
55 I 37458730 44 
56 I 37758625 44 
57 I 38058488 44 
58 I 38125787 44 
59 I 39239971 44 
60 I 41502315 44 
61 I 41624167 44 
62 I 42049539 44 
63 I 42327391 44 
64 I 42636945 44 
65 I 42927463 44 
66 I 42937900 44 
67 I 43960845 44 
68 I 44271519 44 
69 I 44285033 44 
70 I 44346023 44 
71 I 44947499 44 
72 I 45237306 44 
73 I 45534648 44 
74 I 45838650 44 
75 I 45848820 44 
