0 I 0 44 
1 I 40111 44 
2 I 469933 44 
3 I 510298 44 
4 I 939893 44 
5 I 979761 44 
6 I 1410187 44 
7 I 1450048 44 
8 I 1879725 44 
9 I 1920251 44 
10 I 2359779 44 
11 I 2390588 44 
12 I 2829801 44 
13 I 2860036 44 
14 I 3300135 44 
15 I 3329884 44 
16 I 3770315 44 
17 I 3800438 44 
18 I 4240054 44 
19 I 4269930 44 
20 I 4710037 44 
21 I 4740265 44 
22 I 5189732 44 
23 I 5210257 44 
24 I 5660060 44 
25 I 5680152 44 
26 I 6130119 44 
27 I 6149912 44 
28 I 6600204 44 
29 I 6620236 44 
30 I 7070282 44 
31 I 7090379 44 
32 I 7540011 44 
33 I 7560208 44 
34 I 8010189 44 
35 I 8039984 44 
36 I 8480356 44 
37 I 8510373 44 
38 I 8950060 44 
39 I 8980180 44 
40 I 9420093 44 
41 I 9450166 44 
42 I 9920154 44 
43 I 9929962 44 
44 I 10390520 44 
45 I 10400286 44 
46 I 10860447 44 
47 I 10870321 44 
48 I 11330462 44 
49 I 11340190 44 
50 I 11800472 44 
51 I 11810356 44 
52 I 12270549 44 
53 I 12281031 44 
54 I 12741458 44 
55 I 12750312 44 
56 I 13210307 44 
57 I 13220721 44 
58 I 13681052 44 
59 I 13690586 44 
60 I 14160203 44 
61 I 14160325 44 
62 I 14630412 44 
63 I 14630415 44 
64 I 15100742 44 
65 I 15100784 44 
66 I 15570608 44 
67 I 15570746 44 
68 I 16040738 44 
69 I 16040740 44 
70 I 16510832 44 
71 I 16510883 44 
72 I 16980976 44 
73 I 16981016 44 
74 I 17460388 44 
75 I 17460388 44 
76 I 17930848 44 
77 I 17930849 44 
78 I 18410848 44 
79 I 18410912 44 
80 I 18880941 44 
81 I 18880942 44 
82 I 19350696 44 
83 I 19350700 44 
84 I 19821131 44 
85 I 19821131 44 
86 I 20290817 44 
87 I 20290817 44 
88 I 20761552 44 
89 I 20761558 44 
90 I 21231036 44 
91 I 21231040 44 
92 I 21701060 44 
93 I 21701108 44 
94 I 22170906 44 
95 I 22171003 44 
96 I 22640991 44 
97 I 22641082 44 
98 I 23110912 44 
99 I 23110918 44 
100 I 23581241 44 
101 I 23581818 44 
102 I 24051047 44 
103 I 24051198 44 
104 I 24521326 44 
105 I 24521331 44 
106 I 24990988 44 
107 I 24990989 44 
108 I 25461256 44 
109 I 25461257 44 
110 I 25931391 44 
111 I 25931393 44 
112 I 26401233 44 
113 I 26401308 44 
114 I 26871283 44 
115 I 26871285 44 
116 I 27341543 44 
117 I 27341597 44 
118 I 27811661 44 
119 I 27811661 44 
120 I 28282223 44 
121 I 28282226 44 
122 I 28751242 44 
123 I 28751275 44 
124 I 29221607 44 
125 I 29221759 44 
126 I 29691479 44 
127 I 29691507 44 
128 I 30161866 44 
129 I 30161974 44 
130 I 30631727 44 
131 I 30631730 44 
132 I 31101570 44 
133 I 31101571 44 
134 I 31571563 44 
135 I 31571566 44 
136 I 32041931 44 
137 I 32041932 44 
138 I 32291023 45 
139 I 32512002 44 
140 I 32761704 44 
141 I 33041259 44 
142 I 33231470 44 
143 I 33531916 44 
144 I 33701689 44 
145 I 34001593 44 
146 I 34171925 44 
147 I 34471806 44 
148 I 34641765 44 
149 I 34941855 44 
150 I 35111829 44 
151 I 35411779 44 
152 I 35581818 44 
153 I 35881875 44 
154 I 36051721 44 
155 I 36361963 44 
156 I 36522459 44 
157 I 36842430 44 
158 I 37021970 44 
159 I 37321841 44 
160 I 37512362 44 
161 I 37792231 44 
162 I 37982097 44 
163 I 38261934 44 
164 I 38461523 44 
165 I 38732168 44 
166 I 38932095 44 
167 I 39201973 44 
168 I 39401934 44 
169 I 39681575 44 
170 I 39872140 44 
171 I 40152383 44 
172 I 40342132 44 
173 I 40622104 44 
174 I 40821888 44 
175 I 41092302 44 
176 I 41292286 44 
177 I 41562272 44 
178 I 41771813 44 
179 I 42041718 44 
180 I 42242113 44 
181 I 42552059 44 
182 I 42712157 44 
183 I 43022276 44 
184 I 43182497 44 
185 I 43492318 44 
186 I 43662220 44 
187 I 43962709 44 
188 I 44142202 44 
189 I 44432080 44 
190 I 44612211 44 
191 I 44902631 44 
192 I 45082328 44 
193 I 45372299 44 
194 I 45552347 44 
195 I 45842337 44 
196 I 46022507 44 
197 I 46312367 44 
198 I 46492505 44 
199 I 46782835 44 
200 I 46962479 44 
201 I 47252447 44 
202 I 47432696 44 
203 I 47722548 44 
204 I 47902501 44 
205 I 48192671 44 
206 I 48372796 44 
207 I 48662551 44 
208 I 48842617 44 
209 I 49132670 44 
210 I 49313032 44 
211 I 49602635 44 
212 I 49783012 44 
213 I 50072605 44 
214 I 50252763 44 
215 I 50543001 44 
216 I 50722749 44 
217 I 51022313 44 
218 I 51192888 44 
219 I 51492794 44 
220 I 51662823 44 
221 I 51962733 44 
222 I 52134027 44 
223 I 52432667 44 
224 I 52602881 44 
225 I 52902845 44 
226 I 53072680 44 
227 I 53372886 44 
228 I 53542732 44 
229 I 53853135 44 
230 I 54013225 44 
231 I 54323216 44 
232 I 54482724 44 
233 I 54803006 44 
234 I 54953048 44 
235 I 55273132 44 
236 I 55422826 44 
237 I 55753215 44 
238 I 55893159 44 
239 I 56242766 44 
240 I 56382785 44 
241 I 56713071 44 
242 I 56853765 44 
243 I 57184089 44 
244 I 57323257 44 
245 I 57652960 44 
246 I 57793287 44 
247 I 58123421 44 
248 I 58262956 44 
249 I 58593332 44 
250 I 58733013 44 
251 I 59073671 44 
252 I 59212754 44 
253 I 59392559 45 
254 I 59543510 44 
255 I 59693032 44 
256 I 60012936 44 
257 I 60163378 44 
258 I 60482967 44 
259 I 60633297 44 
260 I 60953746 44 
261 I 61103497 44 
262 I 61423311 44 
263 I 61573446 44 
264 I 61893478 44 
265 I 62043762 44 
266 I 62363472 44 
267 I 62523246 44 
268 I 62833412 44 
269 I 62993552 44 
270 I 63303408 44 
271 I 63463646 44 
272 I 63773515 44 
273 I 63933551 44 
274 I 64244034 44 
275 I 64415138 44 
276 I 64713554 44 
277 I 64893473 44 
278 I 65183559 44 
279 I 65363393 44 
280 I 65653494 44 
281 I 65833697 44 
282 I 66133522 44 
283 I 66303604 44 
284 I 66603847 44 
285 I 66773981 44 
286 I 67073736 44 
287 I 67243664 44 
288 I 67543794 44 
289 I 67723418 44 
290 I 68013779 44 
291 I 68193658 44 
292 I 68483710 44 
293 I 68663608 44 
294 I 68963450 44 
295 I 69133807 44 
296 I 69433929 44 
297 I 69603703 44 
298 I 69903935 44 
299 I 70074040 44 
300 I 70373818 44 
301 I 70543848 44 
302 I 70844010 44 
303 I 71023500 44 
304 I 71314290 44 
305 I 71493927 44 
306 I 71784078 44 
307 I 71964065 44 
308 I 72253900 44 
309 I 72433933 44 
310 I 72723871 44 
311 I 72904411 44 
312 I 73193920 44 
313 I 73374291 44 
314 I 73664231 44 
315 I 73844778 44 
316 I 74134352 44 
317 I 74314257 44 
318 I 74614227 44 
319 I 74783980 44 
320 I 75084160 44 
321 I 75254065 44 
322 I 75554456 44 
323 I 75724223 44 
324 I 76024303 44 
325 I 76194165 44 
326 I 76494132 44 
327 I 76664089 44 
328 I 76964324 44 
329 I 77134057 44 
330 I 77443901 44 
331 I 77623848 44 
332 I 77914418 44 
333 I 78113790 44 
334 I 78384668 44 
335 I 78584226 44 
336 I 78855020 44 
337 I 79054371 44 
338 I 79334739 44 
339 I 79524158 44 
340 I 79804603 44 
341 I 79994349 44 
342 I 80284505 44 
343 I 80494449 44 
344 I 80754740 44 
345 I 80964532 44 
346 I 81224340 44 
347 I 81434691 44 
348 I 81694627 44 
349 I 81904405 44 
350 I 82164443 44 
351 I 82374578 44 
352 I 82634753 44 
353 I 82844679 44 
354 I 83104412 44 
355 I 83314574 44 
356 I 83574543 44 
357 I 83794180 44 
358 I 84044818 44 
359 I 84265006 44 
360 I 84535088 44 
361 I 84754517 44 
362 I 85024471 44 
363 I 85264624 44 
364 I 85494941 44 
365 I 85754464 44 
366 I 85974500 44 
367 I 86224710 44 
368 I 86444878 44 
369 I 86694922 44 
370 I 86914842 44 
371 I 87164643 44 
372 I 87385363 44 
373 I 87634758 44 
374 I 87855452 44 
375 I 88105036 44 
376 I 88324707 44 
377 I 88575369 44 
378 I 88804651 44 
379 I 89045863 44 
380 I 89274753 44 
381 I 89515121 44 
382 I 89744944 44 
383 I 89984765 44 
384 I 90214931 44 
385 I 90455579 44 
386 I 90684831 44 
387 I 90925244 44 
388 I 91154964 44 
389 I 91395476 44 
390 I 91634599 44 
391 I 91865167 44 
392 I 92105008 44 
393 I 92294527 45 
394 I 92335293 44 
395 I 92575222 44 
396 I 92805173 44 
397 I 93045955 44 
398 I 93275441 44 
399 I 93515478 44 
400 I 93745077 44 
401 I 93985627 44 
402 I 94215445 44 
403 I 94455524 44 
404 I 94685491 44 
405 I 94925784 44 
406 I 95155525 44 
407 I 95395449 44 
408 I 95625560 44 
409 I 95865372 44 
410 I 96095301 44 
411 I 96335226 44 
412 I 96565322 44 
413 I 96805539 44 
414 I 97035449 44 
415 I 97275698 44 
416 I 97505559 44 
417 I 97745349 44 
418 I 97975733 44 
419 I 98215431 44 
420 I 98445411 44 
421 I 98685262 44 
422 I 98915573 44 
423 I 99175428 44 
424 I 99425417 44 
425 I 99645656 44 
426 I 99896281 44 
427 I 100115681 44 
428 I 100365815 44 
429 I 100585849 44 
430 I 100835503 44 
431 I 101055844 44 
432 I 101305890 44 
433 I 101535527 44 
434 I 101775637 44 
435 I 102005992 44 
436 I 102245914 44 
437 I 102476241 44 
438 I 102745294 44 
439 I 102956084 44 
440 I 103215744 44 
441 I 103425661 44 
442 I 103685730 44 
443 I 103896101 44 
444 I 104195225 44 
445 I 104366051 44 
446 I 104665921 44 
447 I 104845419 44 
448 I 105135830 44 
449 I 105315825 44 
450 I 105606219 44 
451 I 105786072 44 
452 I 106085606 44 
453 I 106256175 44 
454 I 106555877 44 
455 I 106726088 44 
456 I 107025995 44 
457 I 107195969 44 
458 I 107496230 44 
459 I 107667001 44 
460 I 107975912 44 
461 I 108136302 44 
462 I 108446223 44 
463 I 108606647 44 
464 I 108916214 44 
465 I 109076435 44 
466 I 109386053 44 
467 I 109546153 44 
468 I 109865867 44 
469 I 110016371 44 
470 I 110336033 44 
471 I 110486305 44 
472 I 110806069 44 
473 I 110956353 44 
474 I 111276245 44 
475 I 111426410 44 
476 I 111746430 44 
477 I 111896035 44 
478 I 112216349 44 
479 I 112366341 44 
480 I 112686451 44 
481 I 112836200 44 
482 I 113156252 44 
483 I 113306362 44 
484 I 113626439 44 
485 I 113786352 44 
486 I 114096243 44 
487 I 114256375 44 
488 I 114566401 44 
489 I 114726667 44 
490 I 115036433 44 
491 I 115196518 44 
492 I 115506434 44 
493 I 115666409 44 
494 I 115976472 44 
495 I 116136474 44 
496 I 116456235 44 
497 I 116606783 44 
498 I 116926819 44 
499 I 117077136 44 
500 I 117396784 44 
501 I 117546627 44 
502 I 117866519 44 
503 I 118016722 44 
504 I 118337135 44 
505 I 118486705 44 
506 I 118806685 44 
507 I 118956632 44 
508 I 119276930 44 
509 I 119396073 45 
510 I 119426727 44 
511 I 119746682 44 
512 I 119896970 44 
513 I 120216909 44 
514 I 120367357 44 
515 I 120687148 44 
516 I 120836895 44 
517 I 121156995 44 
518 I 121306980 44 
519 I 121626844 44 
520 I 121776637 44 
521 I 122097061 44 
522 I 122246899 44 
523 I 122567294 44 
524 I 122716896 44 
525 I 123037252 44 
526 I 123187137 44 
527 I 123506913 44 
528 I 123657008 44 
529 I 123977461 44 
530 I 124126974 44 
531 I 124447052 44 
532 I 124597166 44 
533 I 124937138 44 
534 I 125077089 44 
535 I 125407221 44 
536 I 125547446 44 
537 I 125877448 44 
538 I 126017442 44 
539 I 126377110 44 
540 I 126506560 44 
541 I 126857706 44 
542 I 126977269 44 
543 I 127327058 44 
544 I 127448124 44 
545 I 127806717 44 
546 I 127917233 44 
547 I 128277418 44 
548 I 128387454 44 
549 I 128747191 44 
550 I 128866859 44 
551 I 129218011 44 
552 I 129337207 44 
553 I 129706925 44 
554 I 129816769 44 
555 I 130177431 44 
556 I 130287245 44 
557 I 130647360 44 
558 I 130757407 44 
559 I 131117647 44 
560 I 131227773 44 
561 I 131587410 44 
562 I 131697293 44 
563 I 132057495 44 
564 I 132167275 44 
565 I 132566977 44 
566 I 132708281 44 
567 I 133077498 44 
568 I 133197363 44 
569 I 133547826 44 
570 I 133697540 44 
571 I 134057747 44 
572 I 134227843 44 
573 I 134537372 44 
574 I 134707836 44 
575 I 135027737 44 
576 I 135187351 44 
577 I 135497665 44 
578 I 135657645 44 
579 I 135968974 44 
580 I 136128171 44 
581 I 136447254 44 
582 I 136597753 44 
583 I 136917836 44 
584 I 137068132 44 
585 I 137397749 44 
586 I 137537829 44 
587 I 137867834 44 
588 I 138007976 44 
589 I 138338069 44 
590 I 138477688 44 
591 I 138808449 44 
592 I 138948060 44 
593 I 139277920 44 
594 I 139417853 44 
595 I 139747961 44 
596 I 139887942 44 
597 I 140228798 44 
598 I 140357688 44 
599 I 140697860 44 
600 I 140827993 44 
601 I 141167887 44 
602 I 141297859 44 
603 I 141637990 44 
604 I 141768270 44 
605 I 142108058 44 
606 I 142238150 44 
607 I 142587527 44 
608 I 142708344 44 
609 I 143058119 44 
610 I 143178213 44 
611 I 143528360 44 
612 I 143648259 44 
613 I 143998000 44 
614 I 144118203 44 
615 I 144468796 44 
616 I 144588345 44 
617 I 144938572 44 
618 I 145059459 44 
619 I 145408255 44 
620 I 145538357 44 
621 I 145878627 44 
622 I 146008186 44 
623 I 146348976 44 
624 I 146478390 44 
625 I 146818347 44 
626 I 146958522 44 
627 I 147289093 44 
628 I 147428297 44 
629 I 147758490 44 
630 I 147898352 44 
631 I 148228385 44 
632 I 148368630 44 
633 I 148698507 44 
634 I 148838321 44 
635 I 149168575 44 
636 I 149308488 44 
637 I 149648393 44 
638 I 149778675 44 
639 I 150118509 44 
640 I 150248618 44 
641 I 150588468 44 
642 I 150718610 44 
643 I 151058542 44 
644 I 151188305 44 
645 I 151528475 44 
646 I 151658734 44 
647 I 152008294 44 
648 I 152130053 44 
649 I 152298104 45 
650 I 152598586 44 
651 I 152768665 44 
652 I 153068744 44 
653 I 153248353 44 
654 I 153539395 44 
655 I 153718693 44 
656 I 154008841 44 
657 I 154188956 44 
658 I 154488686 44 
659 I 154658787 44 
660 I 154958926 44 
661 I 155128880 44 
662 I 155428607 44 
663 I 155598805 44 
664 I 155898678 44 
665 I 156068982 44 
666 I 156368825 44 
667 I 156539314 44 
668 I 156848473 44 
669 I 157008888 44 
670 I 157318936 44 
671 I 157478869 44 
672 I 157799080 44 
673 I 157948933 44 
674 I 158269118 44 
675 I 158429036 44 
676 I 158739600 44 
677 I 158899425 44 
678 I 159209138 44 
679 I 159369029 44 
680 I 159679153 44 
681 I 159839110 44 
682 I 160149128 44 
683 I 160309055 44 
684 I 160619287 44 
685 I 160778934 44 
686 I 161089305 44 
687 I 161249198 44 
688 I 161559292 44 
689 I 161728653 44 
690 I 162048731 44 
691 I 162199492 44 
692 I 162519652 44 
693 I 162669612 44 
694 I 162989698 44 
695 I 163139294 44 
696 I 163459237 44 
697 I 163609386 44 
698 I 163929428 44 
699 I 164079357 44 
700 I 164399370 44 
701 I 164549117 44 
702 I 164869515 44 
703 I 165019379 44 
704 I 165339408 44 
705 I 165489660 44 
706 I 165809243 44 
707 I 165959548 44 
708 I 166279530 44 
709 I 166429784 44 
710 I 166749688 44 
711 I 166899642 44 
712 I 167220265 44 
713 I 167369749 44 
714 I 167689779 44 
715 I 167839896 44 
716 I 168159861 44 
717 I 168309811 44 
718 I 168629697 44 
719 I 168780267 44 
720 I 169099887 44 
721 I 169249854 44 
722 I 169569655 44 
723 I 169729462 44 
724 I 170040065 44 
725 I 170199574 44 
726 I 170509912 44 
727 I 170669624 44 
728 I 170979688 44 
729 I 171139894 44 
730 I 171459317 44 
731 I 171609785 44 
732 I 171929849 44 
733 I 172079632 44 
734 I 172400162 44 
735 I 172549838 44 
736 I 172870212 44 
737 I 173019800 44 
738 I 173340798 44 
739 I 173489816 44 
740 I 173810093 44 
741 I 173960055 44 
742 I 174280029 44 
743 I 174430367 44 
744 I 174750084 44 
745 I 174900500 44 
746 I 175219920 44 
747 I 175370479 44 
748 I 175690540 44 
749 I 175840416 44 
750 I 176160230 44 
751 I 176310082 44 
752 I 176629810 44 
753 I 176780378 44 
754 I 177100709 44 
755 I 177250183 44 
756 I 177571322 44 
757 I 177720119 44 
758 I 178050480 44 
759 I 178199827 44 
760 I 178529997 44 
761 I 178699975 44 
762 I 179010614 44 
763 I 179180588 44 
764 I 179399661 45 
765 I 179490261 44 
766 I 179710402 44 
767 I 179980453 44 
768 I 180190237 44 
769 I 180490175 44 
770 I 180690373 44 
771 I 180969845 44 
772 I 181170392 44 
773 I 181450796 44 
774 I 181670793 44 
775 I 181920353 44 
776 I 182140870 44 
777 I 182390837 44 
778 I 182610688 44 
779 I 182861345 44 
780 I 183080464 44 
781 I 183330851 44 
782 I 183550759 44 
783 I 183801125 44 
784 I 184020751 44 
785 I 184270638 44 
786 I 184490655 44 
787 I 184740723 44 
788 I 184970518 44 
789 I 185210925 44 
790 I 185440655 44 
791 I 185680635 44 
792 I 185910843 44 
793 I 186150666 44 
794 I 186380830 44 
795 I 186620472 44 
796 I 186850550 44 
797 I 187090725 44 
798 I 187320779 44 
799 I 187560533 44 
800 I 187791484 44 
801 I 188030809 44 
802 I 188260815 44 
803 I 188500672 44 
804 I 188731018 44 
805 I 188971035 44 
806 I 189200697 44 
807 I 189440659 44 
808 I 189670622 44 
809 I 189911565 44 
810 I 190141259 44 
811 I 190381348 44 
812 I 190610823 44 
813 I 190850914 44 
814 I 191080978 44 
815 I 191320912 44 
816 I 191551267 44 
817 I 191791022 44 
818 I 192020935 44 
819 I 192261151 44 
820 I 192491197 44 
821 I 192731119 44 
822 I 192960909 44 
823 I 193200743 44 
824 I 193431478 44 
825 I 193671610 44 
826 I 193901190 44 
827 I 194141476 44 
828 I 194371149 44 
829 I 194611699 44 
830 I 194841380 44 
831 I 195081477 44 
832 I 195311391 44 
833 I 195551280 44 
834 I 195781210 44 
835 I 196022257 44 
836 I 196251248 44 
837 I 196491442 44 
838 I 196721263 44 
839 I 196961356 44 
840 I 197191239 44 
841 I 197431410 44 
842 I 197661298 44 
843 I 197901356 44 
844 I 198131103 44 
845 I 198371809 44 
846 I 198601523 44 
847 I 198841515 44 
848 I 199071153 44 
849 I 199311427 44 
850 I 199541476 44 
851 I 199781478 44 
852 I 200011757 44 
853 I 200251343 44 
854 I 200490828 44 
855 I 200721751 44 
856 I 200961581 44 
857 I 201191261 44 
858 I 201441443 44 
859 I 201661648 44 
860 I 201911351 44 
861 I 202131652 44 
862 I 202381517 44 
863 I 202601586 44 
864 I 202851800 44 
865 I 203071524 44 
866 I 203321737 44 
867 I 203541845 44 
868 I 203801465 44 
869 I 204011716 44 
870 I 204271697 44 
871 I 204481617 44 
872 I 204741818 44 
873 I 204951780 44 
874 I 205212300 44 
875 I 205421835 44 
876 I 205682005 44 
877 I 205891924 44 
878 I 206152048 44 
879 I 206361766 44 
880 I 206621990 44 
881 I 206831690 44 
882 I 207091861 44 
883 I 207301777 44 
884 I 207562205 44 
885 I 207771874 44 
886 I 208031872 44 
887 I 208242176 44 
888 I 208501973 44 
889 I 208712148 44 
890 I 208982471 44 
891 I 209192024 44 
892 I 209452161 44 
893 I 209662346 44 
894 I 209922014 44 
895 I 210132154 44 
896 I 210392263 44 
897 I 210602075 44 
898 I 210863142 44 
899 I 211072145 44 
900 I 211332577 44 
901 I 211542047 44 
902 I 211802490 44 
903 I 212012259 44 
904 I 212272701 44 
905 I 212301570 45 
906 I 212482372 44 
907 I 212772159 44 
908 I 212952242 44 
909 I 213261835 44 
910 I 213422462 44 
911 I 213732483 44 
912 I 213892798 44 
913 I 214202618 44 
914 I 214362776 44 
915 I 214672149 44 
916 I 214832292 44 
917 I 215152269 44 
918 I 215302407 44 
919 I 215622245 44 
920 I 215772014 44 
921 I 216102678 44 
922 I 216242232 44 
923 I 216572632 44 
924 I 216712463 44 
925 I 217042724 44 
926 I 217182798 44 
927 I 217512439 44 
928 I 217652575 44 
929 I 217982577 44 
930 I 218122497 44 
931 I 218462163 44 
932 I 218592837 44 
933 I 218932541 44 
934 I 219072357 44 
935 I 219404051 44 
936 I 219542981 44 
937 I 219872818 44 
938 I 220012508 44 
939 I 220342730 44 
940 I 220482589 44 
941 I 220813725 44 
942 I 220962094 44 
943 I 221292614 44 
944 I 221432691 44 
945 I 221762765 44 
946 I 221903758 44 
947 I 222232603 44 
948 I 222383240 44 
949 I 222702798 44 
950 I 222853717 44 
951 I 223173014 44 
952 I 223322899 44 
953 I 223643103 44 
954 I 223803061 44 
955 I 224112887 44 
956 I 224273056 44 
957 I 224583128 44 
958 I 224743060 44 
959 I 225053221 44 
960 I 225212907 44 
961 I 225523198 44 
962 I 225682989 44 
963 I 225993113 44 
964 I 226153115 44 
965 I 226463420 44 
966 I 226623031 44 
967 I 226933246 44 
968 I 227093164 44 
969 I 227403131 44 
970 I 227563796 44 
971 I 227873221 44 
972 I 228042668 44 
973 I 228343062 44 
974 I 228513261 44 
975 I 228813289 44 
976 I 228983209 44 
977 I 229293298 44 
978 I 229462879 44 
979 I 229763717 44 
980 I 229933870 44 
981 I 230233783 44 
982 I 230413325 44 
983 I 230713650 44 
984 I 230883259 44 
985 I 231183351 44 
986 I 231353387 44 
987 I 231653620 44 
988 I 231823398 44 
989 I 232123423 44 
990 I 232293608 44 
991 I 232593568 44 
992 I 232763391 44 
993 I 233063821 44 
994 I 233233495 44 
995 I 233542970 44 
996 I 233703365 44 
997 I 234023553 44 
998 I 234173529 44 
999 I 234493289 44 
1000 I 234644126 44 
1001 I 234963603 44 
1002 I 235113652 44 
1003 I 235433594 44 
1004 I 235583735 44 
1005 I 235903457 44 
1006 I 236053845 44 
1007 I 236373640 44 
1008 I 236523778 44 
1009 I 236853383 44 
1010 I 236993710 44 
1011 I 237323446 44 
1012 I 237463786 44 
1013 I 237794039 44 
1014 I 237933805 44 
1015 I 238263888 44 
1016 I 238403562 44 
1017 I 238733748 44 
1018 I 238873919 44 
1019 I 239203802 44 
1020 I 239343718 44 
1021 I 239403141 45 
1022 I 239673776 44 
1023 I 239873680 44 
1024 I 240144133 44 
1025 I 240344063 44 
1026 I 240614118 44 
1027 I 240823930 44 
1028 I 241083700 44 
1029 I 241293904 44 
1030 I 241554062 44 
1031 I 241774041 44 
1032 I 242025875 44 
1033 I 242244404 44 
1034 I 242494093 44 
1035 I 242714218 44 
1036 I 242974414 44 
1037 I 243184032 44 
1038 I 243444363 44 
1039 I 243654118 44 
1040 I 243914263 44 
1041 I 244134066 44 
1042 I 244384254 44 
1043 I 244603956 44 
1044 I 244854466 44 
1045 I 245074246 44 
1046 I 245324064 44 
1047 I 245544611 44 
1048 I 245794141 44 
1049 I 246014118 44 
1050 I 246274540 44 
1051 I 246484328 44 
1052 I 246744282 44 
1053 I 246954453 44 
1054 I 247214591 44 
1055 I 247423980 44 
1056 I 247693917 44 
1057 I 247894293 44 
1058 I 248164545 44 
1059 I 248364401 44 
1060 I 248634766 44 
1061 I 248834450 44 
1062 I 249104169 44 
1063 I 249304985 44 
1064 I 249574346 44 
1065 I 249774733 44 
1066 I 250044506 44 
1067 I 250244445 44 
1068 I 250514628 44 
1069 I 250714536 44 
1070 I 250984588 44 
1071 I 251184428 44 
1072 I 251464060 44 
1073 I 251655222 44 
1074 I 251934499 44 
1075 I 252134463 44 
1076 I 252404721 44 
1077 I 252604426 44 
1078 I 252874773 44 
1079 I 253074510 44 
1080 I 253344356 44 
1081 I 253544549 44 
1082 I 253814641 44 
1083 I 254014678 44 
1084 I 254285134 44 
1085 I 254494123 44 
1086 I 254754789 44 
1087 I 254964927 44 
1088 I 255225072 44 
1089 I 255434714 44 
1090 I 255694907 44 
1091 I 255905381 44 
1092 I 256166040 44 
1093 I 256375276 44 
1094 I 256634988 44 
1095 I 256844690 44 
1096 I 257105121 44 
1097 I 257314975 44 
1098 I 257575288 44 
1099 I 257785023 44 
1100 I 258055063 44 
1101 I 258254856 44 
1102 I 258525072 44 
1103 I 258724667 44 
1104 I 258995302 44 
1105 I 259196479 44 
1106 I 259465075 44 
1107 I 259665496 44 
1108 I 259944884 44 
1109 I 260144488 44 
1110 I 260415151 44 
1111 I 260615223 44 
1112 I 260885368 44 
1113 I 261085036 44 
1114 I 261355257 44 
1115 I 261555019 44 
1116 I 261825107 44 
1117 I 262025196 44 
1118 I 262294928 44 
1119 I 262495085 44 
1120 I 262765430 44 
1121 I 262965257 44 
1122 I 263236439 44 
1123 I 263435194 44 
1124 I 263706365 44 
1125 I 263905159 44 
1126 I 264175266 44 
1127 I 264375336 44 
1128 I 264645385 44 
1129 I 264845615 44 
1130 I 265115224 44 
1131 I 265315831 44 
1132 I 265595245 44 
1133 I 265785566 44 
1134 I 266065430 44 
1135 I 266255490 44 
1136 I 266535224 44 
1137 I 266725843 44 
1138 I 267005802 44 
1139 I 267195248 44 
1140 I 267475442 44 
1141 I 267665513 44 
1142 I 267945411 44 
1143 I 268135504 44 
1144 I 268415697 44 
1145 I 268605575 44 
1146 I 268885600 44 
1147 I 269075506 44 
1148 I 269356280 44 
1149 I 269545497 44 
1150 I 269825416 44 
1151 I 270015541 44 
1152 I 270295925 44 
1153 I 270485673 44 
1154 I 270765669 44 
1155 I 270955624 44 
1156 I 271235961 44 
1157 I 271425643 44 
1158 I 271705969 44 
1159 I 271895924 44 
1160 I 272175763 44 
1161 I 272305008 45 
1162 I 272365685 44 
1163 I 272776110 44 
1164 I 272836316 44 
1165 I 273245810 44 
1166 I 273306696 44 
1167 I 273716131 44 
1168 I 273776374 44 
1169 I 274185749 44 
1170 I 274245887 44 
1171 I 274655968 44 
1172 I 274716030 44 
1173 I 275126075 44 
1174 I 275186169 44 
1175 I 275595911 44 
1176 I 275665323 44 
1177 I 276066330 44 
1178 I 276135872 44 
1179 I 276536560 44 
1180 I 276606512 44 
1181 I 277006480 44 
1182 I 277076071 44 
1183 I 277475955 44 
1184 I 277546098 44 
1185 I 277946319 44 
1186 I 278015956 44 
1187 I 278416283 44 
1188 I 278486225 44 
1189 I 278886455 44 
1190 I 278956121 44 
1191 I 279356140 44 
1192 I 279426275 44 
1193 I 279826326 44 
1194 I 279906032 44 
1195 I 280306024 44 
1196 I 280386218 44 
1197 I 280776440 44 
1198 I 280856014 44 
1199 I 281246114 44 
1200 I 281326405 44 
1201 I 281716341 44 
1202 I 281796355 44 
1203 I 282186357 44 
1204 I 282266272 44 
1205 I 282656865 44 
1206 I 282736790 44 
1207 I 283136432 44 
1208 I 283216145 44 
1209 I 283616283 44 
1210 I 283686543 44 
1211 I 284087435 44 
1212 I 284156710 44 
1213 I 284556370 44 
1214 I 284626706 44 
1215 I 285026829 44 
1216 I 285106783 44 
1217 I 285496655 44 
1218 I 285576426 44 
1219 I 285967176 44 
1220 I 286046809 44 
1221 I 286436765 44 
1222 I 286516647 44 
1223 I 286906559 44 
1224 I 286986534 44 
1225 I 287377110 44 
1226 I 287456935 44 
1227 I 287846800 44 
1228 I 287926716 44 
1229 I 288326462 44 
1230 I 288396956 44 
1231 I 288796832 44 
1232 I 288867085 44 
1233 I 289277412 44 
1234 I 289336711 44 
1235 I 289746831 44 
1236 I 289806956 44 
1237 I 290216787 44 
1238 I 290277375 44 
1239 I 290686904 44 
1240 I 290746819 44 
1241 I 291156747 44 
1242 I 291217582 44 
1243 I 291626814 44 
1244 I 291686953 44 
1245 I 292097006 44 
1246 I 292157034 44 
1247 I 292567089 44 
1248 I 292636807 44 
1249 I 293037183 44 
1250 I 293107153 44 
1251 I 293507159 44 
1252 I 293576906 44 
1253 I 293977552 44 
1254 I 294047168 44 
1255 I 294446983 44 
1256 I 294526531 44 
1257 I 294917366 44 
1258 I 294997416 44 
1259 I 295387583 44 
1260 I 295467295 44 
1261 I 295857446 44 
1262 I 295937799 44 
1263 I 296327391 44 
1264 I 296417218 44 
1265 I 296807220 44 
1266 I 296887266 44 
1267 I 297277319 44 
1268 I 297357634 44 
1269 I 297757053 44 
1270 I 297827374 44 
1271 I 298227176 44 
1272 I 298297248 44 
1273 I 298707571 44 
1274 I 298767526 44 
1275 I 299177526 44 
1276 I 299237036 44 
1277 I 299406870 45 
