0 I 0 48 
1 I 2968472 48 
2 I 5968390 48 
3 I 8698226 44 
4 I 8997642 44 
5 I 9297582 44 
6 I 9597510 44 
7 I 9897717 44 
8 I 10197552 44 
9 I 10497622 44 
10 I 11027832 44 
11 I 11327711 44 
12 I 11627612 44 
13 I 11928163 44 
14 I 12227789 44 
15 I 12527966 44 
16 I 12827847 44 
17 I 13128136 44 
18 I 13427701 44 
19 I 13865811 44 
20 I 14308972 44 
21 I 16037167 44 
22 I 16192696 44 
23 I 16506977 44 
24 I 16796868 44 
25 I 17084241 44 
26 I 17411619 44 
27 I 18282820 44 
28 I 18306415 44 
29 I 18874042 44 
30 I 19185263 44 
31 I 19353352 44 
32 I 19663893 44 
33 I 19678003 44 
34 I 19957943 44 
35 I 20268767 44 
36 I 20282114 44 
37 I 20559417 44 
