0 I 0 44 
1 I 299253 44 
2 I 409513 44 
3 I 629086 44 
4 I 709084 44 
5 I 1209795 44 
6 I 1269786 44 
7 I 1789651 44 
8 I 1799808 44 
9 I 2089066 44 
10 I 2098928 44 
11 I 2659615 44 
12 I 2659809 44 
13 I 2959213 44 
14 I 2959217 44 
15 I 3259000 44 
16 I 3259000 44 
17 I 3629657 44 
18 I 3849837 44 
19 I 3939189 44 
20 I 4249617 44 
21 I 4429195 44 
22 I 4769615 44 
23 I 4979887 44 
24 I 5279169 44 
25 I 5299563 44 
26 I 5579770 44 
27 I 5599154 44 
28 I 6189408 44 
29 I 6189662 44 
30 I 6709909 44 
31 I 6719534 44 
32 I 7009382 44 
33 I 7019658 44 
34 I 7329543 44 
35 I 7419622 44 
36 I 7720998 44 
37 I 7729536 44 
38 I 8440327 44 
39 I 8441272 44 
40 I 8739793 44 
41 I 8739794 44 
42 I 9039409 44 
43 I 9260089 44 
44 I 9339621 44 
45 I 9680124 44 
46 I 9680581 44 
47 I 9979537 44 
48 I 9979575 44 
49 I 10279804 44 
50 I 10289664 44 
51 I 10589794 44 
52 I 10709875 44 
53 I 11100428 44 
54 I 11100711 44 
55 I 11610418 44 
56 I 11710634 44 
57 I 11909677 44 
58 I 12009852 44 
59 I 12209867 44 
60 I 12309640 44 
61 I 12750700 44 
62 I 12850081 44 
63 I 13049785 44 
64 I 13150773 44 
65 I 13570414 44 
66 I 13770156 44 
67 I 13869968 44 
68 I 14169740 44 
69 I 14180819 44 
70 I 14480151 44 
71 I 14700232 44 
72 I 15000099 44 
73 I 15000825 44 
74 I 15299876 44 
75 I 15299918 44 
76 I 15600109 44 
77 I 15620679 44 
78 I 15920888 44 
79 I 16130484 44 
80 I 16430098 44 
81 I 16531968 44 
82 I 16751191 44 
83 I 17071102 44 
84 I 17080223 44 
85 I 17551193 44 
86 I 17990841 44 
87 I 18080355 44 
88 I 18380190 44 
89 I 18490864 44 
90 I 18680112 44 
91 I 18790576 44 
92 I 18980150 44 
93 I 19090165 44 
94 I 19601342 44 
95 I 19610721 44 
96 I 19910246 44 
97 I 20011077 44 
98 I 20310587 44 
99 I 20450415 44 
100 I 20610264 44 
101 I 21560976 44 
102 I 21650912 44 
103 I 21960922 44 
104 I 22070540 44 
105 I 22280718 44 
106 I 22370369 44 
107 I 22580334 44 
108 I 22670317 44 
109 I 22880413 44 
110 I 23201076 44 
111 I 23491067 44 
112 I 23701358 44 
113 I 24011614 44 
114 I 24211211 44 
115 I 24721118 44 
116 I 24731568 44 
117 I 25031010 44 
118 I 25031249 44 
119 I 25440915 44 
120 I 25451169 44 
121 I 25750737 44 
122 I 25860845 44 
123 I 26100465 45 
124 I 26362565 44 
125 I 26362573 44 
126 I 26671114 44 
127 I 26671257 44 
128 I 26970920 44 
129 I 27401655 44 
130 I 27911546 44 
131 I 27992049 44 
132 I 28211128 44 
133 I 28291013 44 
134 I 28510816 44 
135 I 28590801 44 
136 I 29140760 44 
137 I 29231332 44 
138 I 29551578 44 
139 I 29641528 44 
140 I 29941418 44 
141 I 30051829 44 
142 I 30271573 44 
143 I 30561570 44 
144 I 30871372 44 
145 I 30981292 44 
146 I 31170992 44 
147 I 31281042 44 
148 I 31691769 44 
149 I 31801182 44 
150 I 31991561 44 
151 I 32101035 44 
152 I 32511343 44 
153 I 32731696 44 
154 I 32811069 44 
155 I 33031572 44 
156 I 33232166 44 
157 I 33331317 44 
158 I 33842131 44 
159 I 33932137 44 
160 I 34141664 44 
161 I 34231193 44 
162 I 34441333 44 
163 I 34531239 44 
164 I 34741271 44 
165 I 34971616 44 
166 I 35041174 44 
167 I 35572517 44 
168 I 35871454 44 
169 I 35892161 44 
170 I 36191312 44 
171 I 36411866 44 
172 I 36711511 44 
173 I 36711798 44 
174 I 37011356 44 
175 I 37011965 44 
176 I 37391853 44 
177 I 37401653 44 
178 I 37942139 44 
179 I 38032531 44 
180 I 38452109 44 
181 I 38581809 44 
182 I 38963268 44 
183 I 39171641 44 
184 I 39471631 44 
185 I 39502365 44 
186 I 39801982 44 
187 I 39992147 44 
188 I 40291632 44 
189 I 40401844 44 
190 I 40841959 44 
191 I 40922462 44 
192 I 41141724 44 
193 I 41471848 44 
194 I 41692152 44 
195 I 41741661 45 
196 I 41771692 44 
197 I 42223089 44 
198 I 42472783 44 
199 I 42772233 44 
200 I 42802656 44 
201 I 43371910 44 
202 I 43372427 44 
203 I 43912307 44 
204 I 43912415 44 
205 I 44211967 44 
206 I 44211970 44 
207 I 44792378 44 
208 I 44802772 44 
209 I 45101964 44 
210 I 45362930 44 
211 I 45632660 44 
212 I 45662230 44 
213 I 45931942 44 
214 I 45962420 44 
215 I 46232002 44 
216 I 46261961 44 
217 I 46532108 44 
218 I 46561944 44 
219 I 46833308 44 
220 I 46862286 44 
221 I 47552908 44 
222 I 47562307 44 
223 I 48073334 44 
224 I 48092014 44 
225 I 48593098 44 
226 I 48613148 44 
227 I 49122995 44 
228 I 49142372 44 
229 I 49712597 44 
230 I 49722540 44 
231 I 50293337 44 
232 I 50293431 44 
233 I 50833455 44 
234 I 50843127 44 
235 I 51132414 44 
236 I 51142436 44 
237 I 51683506 44 
238 I 51692567 44 
239 I 52222293 44 
240 I 52222446 44 
241 I 52752869 44 
242 I 52752870 44 
243 I 53283228 44 
244 I 53283230 44 
245 I 53803812 44 
246 I 53813124 44 
247 I 54102775 44 
248 I 54402905 44 
249 I 54402907 44 
250 I 54963277 44 
251 I 54963278 44 
252 I 55492950 44 
253 I 55492958 44 
254 I 55793012 44 
255 I 55793013 44 
256 I 56123810 44 
257 I 56123811 44 
258 I 56673714 44 
259 I 56683180 44 
260 I 57224067 44 
261 I 57232802 44 
262 I 57522910 44 
263 I 57532745 44 
264 I 57914136 44 
265 I 57914362 44 
266 I 58464086 44 
267 I 58473346 44 
268 I 59043416 44 
269 I 59043819 44 
270 I 59623423 44 
271 I 59623495 44 
272 I 60143849 44 
273 I 60153527 44 
274 I 60442957 44 
275 I 60452882 44 
276 I 60983853 44 
277 I 60993430 44 
278 I 61563555 44 
279 I 61563613 44 
280 I 62083995 44 
281 I 62084114 44 
282 I 62603560 44 
283 I 62613675 44 
284 I 63183110 44 
285 I 63183769 44 
286 I 63704845 44 
287 I 63704868 44 
288 I 64223797 44 
289 I 64223806 44 
290 I 64784503 44 
291 I 64784503 44 
292 I 65334335 44 
293 I 65334402 44 
294 I 65854306 44 
295 I 65893567 44 
296 I 66414051 44 
297 I 66414317 44 
298 I 66713525 44 
299 I 66713576 44 
300 I 67274556 44 
301 I 67283465 44 
302 I 67804011 44 
303 I 67813559 44 
304 I 68103427 44 
305 I 68405013 44 
306 I 68405013 44 
307 I 68974093 44 
308 I 68974328 44 
309 I 69273927 44 
310 I 69494442 44 
311 I 69804733 44 
312 I 70054548 44 
313 I 70103758 44 
314 I 70603976 44 
315 I 70624040 44 
316 I 71154216 44 
317 I 71154257 44 
318 I 71453707 44 
319 I 71685238 44 
320 I 71974089 44 
321 I 71983885 44 
322 I 72273745 44 
323 I 72284133 44 
324 I 72874496 44 
325 I 72954284 44 
326 I 73173893 44 
327 I 73254100 44 
328 I 73474146 44 
329 I 73553796 44 
330 I 73994273 44 
331 I 74144769 44 
332 I 74444162 44 
333 I 74534278 44 
334 I 75024826 44 
335 I 75064132 44 
336 I 75364019 44 
337 I 75554084 44 
338 I 75854179 44 
339 I 75954836 44 
340 I 76153982 44 
341 I 76254603 44 
342 I 76685107 44 
343 I 76774662 44 
344 I 77074280 44 
345 I 77204894 44 
346 I 77634392 44 
347 I 77725763 44 
348 I 77934387 44 
349 I 78254365 44 
350 I 78454762 44 
351 I 78754602 44 
352 I 78775118 44 
353 I 79355124 44 
354 I 79355140 44 
355 I 79875537 44 
356 I 79875538 44 
357 I 80465582 44 
358 I 80465584 44 
359 I 80764549 44 
360 I 81056269 44 
361 I 81065287 44 
362 I 81575526 44 
363 I 81655088 44 
364 I 82125233 44 
365 I 82175305 44 
366 I 82424580 44 
367 I 82765249 44 
368 I 83024806 44 
369 I 83285364 44 
370 I 83324619 44 
371 I 83834928 44 
372 I 83915147 44 
373 I 84214582 44 
374 I 84355246 44 
375 I 84654680 44 
376 I 84764895 44 
377 I 85065100 44 
378 I 85185111 44 
379 I 85374983 44 
380 I 85705366 44 
381 I 85904873 44 
382 I 86104686 45 
383 I 86295141 44 
384 I 86445123 44 
385 I 86666167 44 
386 I 86995117 44 
387 I 87225182 44 
388 I 87555815 44 
389 I 87804928 44 
390 I 87855374 44 
391 I 88104861 44 
392 I 88405584 44 
393 I 88656248 44 
394 I 88955498 44 
395 I 88975851 44 
396 I 89515336 44 
397 I 89515413 44 
398 I 90036294 44 
399 I 90036294 44 
400 I 90335155 44 
401 I 90335157 44 
402 I 90875642 44 
403 I 90885676 44 
404 I 91185282 44 
405 I 91395576 44 
406 I 91496039 44 
407 I 91906371 44 
408 I 92065656 44 
409 I 92205157 44 
410 I 92505185 44 
411 I 92586063 44 
412 I 93026116 44 
413 I 93166713 44 
414 I 93545885 44 
415 I 93745510 44 
416 I 94105609 44 
417 I 94266046 44 
418 I 94405656 44 
419 I 94855852 44 
420 I 94986015 44 
421 I 95285475 44 
422 I 95385766 44 
423 I 95805661 44 
424 I 95956270 44 
425 I 96316227 44 
426 I 96515852 44 
427 I 96615721 44 
428 I 97026064 44 
429 I 97185805 44 
430 I 97325635 44 
431 I 97746585 44 
432 I 97846053 44 
433 I 98145709 44 
434 I 98256383 44 
435 I 98726087 44 
436 I 98796036 44 
437 I 99316064 44 
438 I 99316294 44 
439 I 99866074 44 
440 I 99866298 44 
441 I 100446692 44 
442 I 100446932 44 
443 I 100966332 44 
444 I 100966486 44 
445 I 101266125 44 
446 I 101266125 44 
447 I 101566340 44 
448 I 101566358 44 
449 I 101745917 45 
450 I 101906666 44 
451 I 102136841 44 
452 I 102435902 44 
453 I 102476561 44 
454 I 102786616 44 
455 I 103006869 44 
456 I 103336839 44 
457 I 103536560 44 
458 I 103836056 44 
459 I 103857374 44 
460 I 104366400 44 
461 I 104386399 44 
462 I 104666096 44 
463 I 104686102 44 
464 I 105286373 44 
465 I 105286561 44 
466 I 105836873 44 
467 I 105836998 44 
468 I 106366329 44 
469 I 106366336 44 
470 I 106896934 44 
471 I 106896956 44 
472 I 107426430 44 
473 I 107426430 44 
474 I 107726373 44 
475 I 107726374 44 
476 I 108276822 44 
477 I 108276822 44 
478 I 108846602 44 
479 I 108846603 44 
480 I 109366916 44 
481 I 109407103 44 
482 I 109887180 44 
483 I 109936886 44 
484 I 110416784 44 
485 I 110468010 44 
486 I 110967304 44 
487 I 110987217 44 
488 I 111507324 44 
489 I 111507494 44 
490 I 112046674 44 
491 I 112046798 44 
492 I 112577402 44 
493 I 112577412 44 
494 I 112876737 44 
495 I 112876738 44 
496 I 113427455 44 
497 I 113427562 44 
498 I 113976833 44 
499 I 113976835 44 
500 I 114517208 44 
501 I 114517226 44 
502 I 115067419 44 
503 I 115067759 44 
504 I 115366963 44 
505 I 115657789 44 
506 I 115667109 44 
507 I 116187383 44 
508 I 116187446 44 
509 I 116777125 44 
510 I 116777125 44 
511 I 117077069 44 
512 I 117077069 44 
513 I 117637976 44 
514 I 117638277 44 
515 I 118167314 44 
516 I 118167354 44 
517 I 118467146 44 
518 I 118467148 44 
519 I 119007537 44 
520 I 119007722 44 
521 I 119307227 44 
522 I 119307229 44 
523 I 119837202 44 
524 I 119837464 44 
525 I 120368559 44 
526 I 120377685 44 
527 I 120667179 44 
528 I 120677446 44 
529 I 121277707 44 
530 I 121277761 44 
531 I 121808238 44 
532 I 121808240 44 
533 I 122368273 44 
534 I 122368481 44 
535 I 122908219 44 
536 I 122908376 44 
537 I 123468337 44 
538 I 123468341 44 
539 I 124007995 44 
540 I 124007995 44 
541 I 124307539 44 
542 I 124558802 44 
543 I 124837809 44 
544 I 124857613 44 
545 I 125368579 44 
546 I 125388083 44 
547 I 125897931 44 
548 I 125908205 44 
549 I 126427668 44 
550 I 126429063 44 
551 I 126967909 44 
552 I 126967909 44 
553 I 127267741 44 
554 I 127267824 44 
555 I 127817920 44 
556 I 127817928 44 
557 I 128348373 44 
558 I 128357852 44 
559 I 128649242 44 
560 I 128658005 44 
561 I 129208413 44 
562 I 129208414 44 
563 I 129507777 44 
564 I 129507783 44 
565 I 129908049 44 
566 I 130118403 44 
567 I 130207836 44 
568 I 130637955 44 
569 I 130768167 44 
570 I 130937950 44 
571 I 131268612 44 
572 I 131338059 44 
573 I 131848430 44 
574 I 131848562 44 
575 I 132148104 44 
576 I 132148105 44 
577 I 132709048 44 
578 I 132709071 44 
579 I 133008188 44 
580 I 133008250 44 
581 I 133438937 44 
582 I 133439061 44 
583 I 133738197 44 
584 I 133738256 44 
585 I 134298867 44 
586 I 134299250 44 
587 I 134710742 44 
588 I 134710985 44 
589 I 135008850 44 
590 I 135228456 44 
591 I 135318774 44 
592 I 135528257 44 
593 I 135618107 44 
594 I 135828146 44 
595 I 136029143 44 
596 I 136359130 44 
597 I 136449213 44 
598 I 136658903 44 
599 I 136748534 44 
600 I 137059139 44 
601 I 137169055 44 
602 I 137378884 44 
603 I 137678889 44 
604 I 137788282 44 
605 I 137979390 44 
606 I 138088381 44 
607 I 138278860 44 
608 I 138388446 44 
609 I 139108616 44 
610 I 139109417 44 
611 I 139408869 44 
612 I 139408870 44 
613 I 139708775 44 
614 I 139708775 44 
615 I 140008483 44 
616 I 140008557 44 
617 I 140649654 44 
618 I 140658985 44 
619 I 140958565 44 
620 I 141169085 44 
621 I 141468757 44 
622 I 141478761 44 
623 I 141768758 44 
624 I 141780203 44 
625 I 142289578 44 
626 I 142289726 44 
627 I 142829434 44 
628 I 142829440 44 
629 I 143359074 44 
630 I 143359080 44 
631 I 143658695 44 
632 I 143889935 44 
633 I 144229293 44 
634 I 144419295 44 
635 I 144811707 44 
636 I 145009891 44 
637 I 145108946 44 
638 I 145530084 44 
639 I 145659532 44 
640 I 146059317 44 
641 I 146108998 45 
642 I 146249110 44 
643 I 146358946 44 
644 I 146658947 44 
645 I 147029295 44 
646 I 147319675 44 
647 I 147329102 44 
648 I 147849571 44 
649 I 147859372 44 
650 I 148379345 44 
651 I 148429473 44 
652 I 148969615 44 
653 I 148969618 44 
654 I 149269190 44 
655 I 149269200 44 
656 I 149779816 44 
657 I 149860783 44 
658 I 150079274 44 
659 I 150450118 44 
660 I 150599752 44 
661 I 150899284 44 
662 I 150990341 44 
663 I 151199334 44 
664 I 151289342 44 
665 I 151509840 44 
666 I 151710296 44 
667 I 152009553 44 
668 I 152029783 44 
669 I 152600320 44 
670 I 152600346 44 
671 I 152899610 44 
672 I 152899615 44 
673 I 153499636 44 
674 I 153499637 44 
675 I 154040795 44 
676 I 154040842 44 
677 I 154340014 44 
678 I 154579710 44 
679 I 154639507 44 
680 I 155100016 44 
681 I 155190019 44 
682 I 155660329 44 
683 I 155710189 44 
684 I 156190551 44 
685 I 156240199 44 
686 I 156729863 44 
687 I 156769827 44 
688 I 157029631 44 
689 I 157069730 44 
690 I 157540750 44 
691 I 157600029 44 
692 I 158060803 44 
693 I 158150854 44 
694 I 158570848 44 
695 I 158740836 44 
696 I 158870139 44 
697 I 159290696 44 
698 I 159390740 44 
699 I 159840358 44 
700 I 159901032 44 
701 I 160411010 44 
702 I 160420087 44 
703 I 160710232 44 
704 I 161010337 44 
705 I 161281159 44 
706 I 161310056 44 
707 I 161750024 45 
708 I 161850585 44 
709 I 161850928 44 
710 I 162401408 44 
711 I 162401422 44 
712 I 162700276 44 
713 I 162700312 44 
714 I 163000294 44 
715 I 163000298 44 
716 I 163300079 44 
717 I 163300082 44 
718 I 163600140 44 
719 I 163600140 44 
720 I 164300574 44 
721 I 164301188 44 
722 I 164600235 44 
723 I 164600367 44 
724 I 164930915 44 
725 I 164931092 44 
726 I 165230986 44 
727 I 165231007 44 
728 I 165540532 44 
729 I 165540881 44 
730 I 166251108 44 
731 I 166251706 44 
732 I 166550396 44 
733 I 166550535 44 
734 I 166871048 44 
735 I 166961188 44 
736 I 167271076 44 
737 I 167271480 44 
738 I 167570463 44 
739 I 167781421 44 
740 I 168090985 44 
741 I 168091253 44 
742 I 168701196 44 
743 I 168710783 44 
744 I 169231863 44 
745 I 169240986 44 
746 I 169531108 44 
747 I 169540685 44 
748 I 169931514 44 
749 I 169941993 44 
750 I 170240863 44 
751 I 170241297 44 
752 I 170561282 44 
753 I 170641525 44 
754 I 170960941 44 
755 I 170971019 44 
756 I 171261344 44 
757 I 171280928 44 
758 I 171560963 44 
759 I 171580795 44 
760 I 171860604 44 
761 I 171881156 44 
762 I 172161114 44 
763 I 172180692 44 
764 I 172801226 44 
765 I 172801522 44 
766 I 173100837 44 
767 I 173100993 44 
768 I 173401202 44 
769 I 173401216 44 
770 I 173831393 44 
771 I 173921461 44 
772 I 174130937 44 
773 I 174441250 44 
774 I 174442014 44 
775 I 174741009 44 
776 I 174741010 44 
777 I 175041885 44 
778 I 175042102 44 
779 I 175340968 44 
780 I 175340971 44 
781 I 175771646 44 
782 I 175771814 44 
783 I 176071378 44 
784 I 176281731 44 
785 I 177101607 44 
786 I 177301752 44 
787 I 177411751 44 
788 I 177601591 44 
789 I 177712045 44 
790 I 177921689 44 
791 I 178022170 44 
792 I 178221194 44 
793 I 178321362 44 
794 I 178742163 44 
795 I 178841233 44 
796 I 179352009 44 
797 I 179361779 44 
798 I 179651270 44 
799 I 179661313 44 
800 I 179971649 44 
801 I 179981646 44 
802 I 180391652 44 
803 I 180491819 44 
804 I 180691292 44 
805 I 180791426 44 
806 I 180992091 44 
807 I 181511757 44 
808 I 181612215 44 
809 I 181811434 44 
810 I 181911882 44 
811 I 182111784 44 
812 I 182211910 44 
813 I 182511506 44 
814 I 182631687 44 
815 I 183151669 44 
816 I 183452095 44 
817 I 183662932 44 
818 I 183961911 44 
819 I 183972905 44 
820 I 184262822 44 
821 I 184271720 44 
822 I 184682133 44 
823 I 184881985 44 
824 I 184982135 44 
825 I 185181571 44 
826 I 185292577 44 
827 I 185482268 44 
828 I 185591770 44 
829 I 185781805 44 
830 I 186422598 44 
831 I 186432110 44 
832 I 186721923 44 
833 I 186731762 44 
834 I 187252419 44 
835 I 187352710 44 
836 I 187551842 44 
837 I 187852013 44 
838 I 187913274 44 
839 I 188462269 44 
840 I 188472965 44 
841 I 188992587 44 
842 I 189002328 44 
843 I 189292221 44 
844 I 189592210 44 
845 I 189592789 44 
846 I 190132484 44 
847 I 190132538 44 
848 I 190722152 44 
849 I 190723076 44 
850 I 191022250 44 
851 I 191022263 44 
852 I 191642995 44 
853 I 191643017 44 
854 I 192163177 44 
855 I 192172646 44 
856 I 192462961 44 
857 I 192472287 44 
858 I 192983029 44 
859 I 192993108 44 
860 I 193293708 44 
861 I 193512994 44 
862 I 193812749 44 
863 I 193892963 44 
864 I 194403605 44 
865 I 194413041 44 
866 I 194702475 44 
867 I 194712841 44 
868 I 195132898 44 
869 I 195132901 44 
870 I 195433075 44 
871 I 195533125 44 
872 I 195943024 44 
873 I 195952798 44 
874 I 196462908 44 
875 I 196473339 44 
876 I 196762722 44 
877 I 196772577 44 
878 I 197072531 44 
879 I 197473866 44 
880 I 197682785 44 
881 I 197772973 44 
882 I 197982530 44 
883 I 198103551 44 
884 I 198503467 44 
885 I 198803366 44 
886 I 198813796 44 
887 I 199112811 44 
888 I 199433108 44 
889 I 199632732 44 
890 I 199732695 44 
891 I 200043251 44 
892 I 200353996 44 
893 I 200453114 44 
894 I 200652947 44 
895 I 200753224 44 
896 I 201173385 44 
897 I 201473950 44 
898 I 201704577 44 
899 I 201772850 44 
900 I 202003371 44 
901 I 202092938 44 
902 I 202353649 44 
903 I 202393534 44 
904 I 202923456 44 
905 I 203013232 44 
906 I 203222939 44 
907 I 203523715 44 
908 I 203533616 44 
909 I 204053861 44 
910 I 204063498 44 
911 I 204583926 44 
912 I 204593176 44 
913 I 204883326 44 
914 I 204893075 44 
915 I 205223193 44 
916 I 205223242 44 
917 I 205843730 44 
918 I 205843852 44 
919 I 206113302 45 
920 I 206143321 44 
921 I 206143410 44 
922 I 206693639 44 
923 I 206693905 44 
924 I 207213604 44 
925 I 207213905 44 
926 I 207513578 44 
927 I 207513595 44 
928 I 208103527 44 
929 I 208103691 44 
930 I 208403457 44 
931 I 208403470 44 
932 I 208703297 44 
933 I 208703299 44 
934 I 209373847 44 
935 I 209374245 44 
936 I 209673476 44 
937 I 209673560 44 
938 I 210134128 44 
939 I 210184534 44 
940 I 210433589 44 
941 I 210734745 44 
942 I 211004401 44 
943 I 211033531 44 
944 I 211303402 44 
945 I 211334108 44 
946 I 211603500 44 
947 I 211914107 44 
948 I 211924059 44 
949 I 212223569 44 
950 I 212224507 44 
951 I 212764339 44 
952 I 212773591 44 
953 I 213063835 44 
954 I 213073998 44 
955 I 213363744 44 
956 I 213724504 44 
957 I 213974323 44 
958 I 214023775 44 
959 I 214273648 44 
960 I 214323628 44 
961 I 214573704 44 
962 I 214623679 44 
963 I 214894739 44 
964 I 215004187 44 
965 I 215504491 44 
966 I 215634383 44 
967 I 215803856 44 
968 I 215934005 44 
969 I 216103763 44 
970 I 216233836 44 
971 I 216744425 44 
972 I 216844292 44 
973 I 217044500 44 
974 I 217144092 44 
975 I 217454141 44 
976 I 217473970 44 
977 I 217754948 44 
978 I 217864307 44 
979 I 218165154 44 
980 I 218174129 44 
981 I 218784983 44 
982 I 218794519 44 
983 I 219084265 44 
984 I 219094172 44 
985 I 219404187 44 
986 I 219404610 44 
987 I 219714850 44 
988 I 219724407 44 
989 I 220315059 44 
990 I 220324889 44 
991 I 220624192 44 
992 I 220894713 44 
993 I 220934404 44 
994 I 221194412 44 
995 I 221234206 44 
996 I 221494187 44 
997 I 221576565 44 
998 I 221754186 45 
999 I 222054482 44 
1000 I 222065235 44 
1001 I 222585878 44 
1002 I 222775264 44 
1003 I 222885234 44 
1004 I 223294995 44 
1005 I 223295473 44 
1006 I 223595859 44 
1007 I 223595991 44 
1008 I 224216330 44 
1009 I 224216907 44 
1010 I 224634563 44 
1011 I 224724597 44 
1012 I 225135262 44 
1013 I 225135400 44 
1014 I 225544989 44 
1015 I 225545324 44 
1016 I 225954974 44 
1017 I 225955051 44 
1018 I 226254971 44 
1019 I 226254973 44 
1020 I 226574659 44 
1021 I 226574814 44 
1022 I 226874513 44 
1023 I 226874513 44 
1024 I 227485570 44 
1025 I 227494899 44 
1026 I 227785413 44 
1027 I 227795411 44 
1028 I 228084787 44 
1029 I 228094715 44 
1030 I 228505172 44 
1031 I 228514835 44 
1032 I 228815084 44 
1033 I 228825857 44 
1034 I 229134839 44 
1035 I 229225717 44 
1036 I 229534848 44 
1037 I 229535356 44 
1038 I 229935228 44 
1039 I 229965655 44 
1040 I 230655762 44 
1041 I 230666720 44 
1042 I 230965291 44 
1043 I 231185321 44 
1044 I 231265077 44 
1045 I 231484983 44 
1046 I 231685731 44 
1047 I 231795573 44 
1048 I 232005238 44 
1049 I 232105632 44 
1050 I 232304966 44 
1051 I 232405064 44 
1052 I 232625532 44 
1053 I 232704861 44 
1054 I 233126070 44 
1055 I 233575523 44 
1056 I 233735744 44 
1057 I 234145122 44 
1058 I 234265744 44 
1059 I 234445125 44 
1060 I 234785784 44 
1061 I 234965870 44 
1062 I 235085426 44 
1063 I 235265370 44 
1064 I 235466129 44 
1065 I 235565236 44 
1066 I 235865446 44 
1067 I 236235524 44 
1068 I 236516175 44 
1069 I 236806086 44 
1070 I 236815223 44 
1071 I 237105461 44 
1072 I 237115278 44 
1073 I 237405636 44 
1074 I 237435558 44 
1075 I 237836318 44 
1076 I 237845530 44 
1077 I 238135504 44 
1078 I 238145400 44 
1079 I 238865942 44 
1080 I 238946155 44 
1081 I 239165544 44 
1082 I 239245707 44 
1083 I 239546039 44 
1084 I 239676281 44 
1085 I 239985643 44 
1086 I 239995872 44 
1087 I 240295712 44 
1088 I 240296188 44 
1089 I 240616136 44 
1090 I 240616193 44 
1091 I 240996253 44 
1092 I 240996508 44 
1093 I 241566251 44 
1094 I 241566251 44 
1095 I 241866082 44 
1096 I 241866082 44 
1097 I 242546834 44 
1098 I 242556405 44 
1099 I 242845911 44 
1100 I 242856040 44 
1101 I 243156229 44 
1102 I 243165877 44 
1103 I 243456741 44 
1104 I 243466779 44 
1105 I 243765822 44 
1106 I 244086001 44 
1107 I 244086164 44 
1108 I 244385844 44 
1109 I 244495933 44 
1110 I 244686056 44 
1111 I 245006764 44 
1112 I 245015856 44 
1113 I 245307107 44 
1114 I 245315881 44 
1115 I 245616242 44 
1116 I 245616479 44 
1117 I 245926397 44 
1118 I 246026224 44 
1119 I 246446182 44 
1120 I 246576144 44 
1121 I 246746125 44 
1122 I 246875937 44 
1123 I 247046289 44 
1124 I 247345942 44 
1125 I 247346236 44 
1126 I 247776647 44 
1127 I 248087212 44 
1128 I 248167010 44 
1129 I 248386175 44 
1130 I 248466185 44 
1131 I 248686166 44 
1132 I 248896718 44 
1133 I 248986555 44 
1134 I 249196572 44 
1135 I 249306458 44 
1136 I 249506185 44 
1137 I 249816746 44 
1138 I 249907083 44 
1139 I 250217077 44 
1140 I 250227192 44 
1141 I 250526679 44 
1142 I 250536428 44 
1143 I 250937594 44 
1144 I 251236876 44 
1145 I 251257101 44 
1146 I 251536383 44 
1147 I 251556355 44 
1148 I 251856864 44 
1149 I 252067428 44 
1150 I 252567142 44 
1151 I 252576659 44 
1152 I 252866435 44 
1153 I 252877370 44 
1154 I 253176926 44 
1155 I 253197057 44 
1156 I 253607343 44 
1157 I 253697267 44 
1158 I 254007258 44 
1159 I 254016986 44 
1160 I 254317120 44 
1161 I 254317399 44 
1162 I 254617320 44 
1163 I 254617339 44 
1164 I 254927254 44 
1165 I 255347500 44 
1166 I 255437771 44 
1167 I 255646657 44 
1168 I 255736752 44 
1169 I 256036789 44 
1170 I 256576946 44 
1171 I 256577283 44 
1172 I 256876744 44 
1173 I 256877068 44 
1174 I 257176663 44 
1175 I 257176663 44 
1176 I 257797002 44 
1177 I 257797405 44 
1178 I 258107540 44 
1179 I 258107635 44 
1180 I 258406784 44 
1181 I 258406784 44 
1182 I 258717274 44 
1183 I 258717973 44 
1184 I 259016822 44 
1185 I 259016896 44 
1186 I 259316878 44 
1187 I 259316948 44 
1188 I 260267775 44 
1189 I 260267776 44 
1190 I 260566877 44 
1191 I 260566886 44 
1192 I 261077132 44 
1193 I 261077325 44 
1194 I 261376874 44 
1195 I 261607428 44 
1196 I 261907102 44 
1197 I 261907411 44 
1198 I 262207477 44 
1199 I 262247275 44 
1200 I 262607482 44 
1201 I 262827373 44 
1202 I 262908599 44 
1203 I 263127173 44 
1204 I 263207134 44 
1205 I 263427084 44 
1206 I 263507243 44 
1207 I 263847495 44 
1208 I 264147303 44 
1209 I 264147995 44 
1210 I 264447242 44 
1211 I 264657969 44 
1212 I 264747242 44 
1213 I 264957325 44 
1214 I 265047727 44 
1215 I 265587415 44 
1216 I 265897699 44 
1217 I 265897887 44 
1218 I 266117418 45 
1219 I 266197294 44 
1220 I 266197528 44 
1221 I 266497847 44 
1222 I 266867705 44 
1223 I 266867706 44 
1224 I 267167778 44 
1225 I 267217874 44 
1226 I 267728409 44 
1227 I 267737536 44 
1228 I 268237947 44 
1229 I 268257551 44 
1230 I 268537536 44 
1231 I 268557522 44 
1232 I 268837410 44 
1233 I 268857493 44 
1234 I 269137560 44 
1235 I 269157501 44 
1236 I 269437544 44 
1237 I 269457880 44 
1238 I 269737500 44 
1239 I 269757548 44 
1240 I 270037727 44 
1241 I 270058822 44 
1242 I 270337542 44 
1243 I 270357735 44 
1244 I 271327966 44 
1245 I 271418324 44 
1246 I 271627711 44 
1247 I 272137953 44 
1248 I 272237981 44 
1249 I 272538015 44 
1250 I 272648341 44 
1251 I 272837764 44 
1252 I 272968681 44 
1253 I 273137693 44 
1254 I 273267888 44 
1255 I 273579273 44 
1256 I 273677942 44 
1257 I 273878151 44 
1258 I 274188763 44 
1259 I 274388079 44 
1260 I 274488334 44 
1261 I 274698847 44 
1262 I 274787972 44 
1263 I 275199293 44 
1264 I 275308555 44 
1265 I 275518780 44 
1266 I 275718423 44 
1267 I 275818015 44 
1268 I 276018108 44 
1269 I 276348640 44 
1270 I 276438927 44 
1271 I 276648355 44 
1272 I 276838842 44 
1273 I 277058557 44 
1274 I 277248996 44 
1275 I 277358343 44 
1276 I 277568171 44 
1277 I 277778503 44 
1278 I 277868320 44 
1279 I 278078148 44 
1280 I 278378187 44 
1281 I 278389092 44 
1282 I 278798732 44 
1283 I 278888392 44 
1284 I 279108336 44 
1285 I 279188648 44 
1286 I 279408867 44 
1287 I 279488138 44 
1288 I 279829259 44 
1289 I 280029214 44 
1290 I 280328884 44 
1291 I 280419401 44 
1292 I 280948394 44 
1293 I 281038655 44 
1294 I 281338508 44 
1295 I 281468887 44 
1296 I 281739153 44 
1297 I 281758344 45 
1298 I 281768353 44 
1299 I 282169357 44 
1300 I 282180550 44 
1301 I 282468537 44 
1302 I 282478585 44 
1303 I 282889382 44 
1304 I 282889712 44 
1305 I 283389537 44 
1306 I 283398618 44 
1307 I 283708733 44 
1308 I 283709383 44 
1309 I 284419048 44 
1310 I 284428872 44 
1311 I 284719177 44 
1312 I 284728782 44 
1313 I 285348734 44 
1314 I 285349361 44 
1315 I 285879634 44 
1316 I 285879958 44 
1317 I 286178873 44 
1318 I 286468913 44 
1319 I 286478818 44 
1320 I 286769034 44 
1321 I 286778702 44 
1322 I 287299130 44 
1323 I 287299335 44 
1324 I 287598758 44 
1325 I 287598953 44 
1326 I 288129687 44 
1327 I 288129712 44 
1328 I 288428947 44 
1329 I 288429518 44 
1330 I 289038930 44 
1331 I 289039601 44 
1332 I 289338909 44 
1333 I 289338919 44 
1334 I 289649430 44 
1335 I 289649840 44 
1336 I 290239437 44 
1337 I 290239438 44 
1338 I 290538992 44 
1339 I 290539091 44 
1340 I 291089443 44 
1341 I 291089680 44 
1342 I 291389174 44 
1343 I 291389194 44 
1344 I 291690049 44 
1345 I 291699891 44 
1346 I 292270012 44 
1347 I 292270018 44 
1348 I 292569261 44 
1349 I 292569279 44 
1350 I 293169976 44 
1351 I 293169980 44 
1352 I 293469133 44 
1353 I 293469134 44 
1354 I 293780147 44 
1355 I 293780149 44 
1356 I 294389488 44 
1357 I 294389629 44 
1358 I 294979637 44 
1359 I 294979985 44 
1360 I 295279467 44 
1361 I 295509932 44 
1362 I 295580557 44 
1363 I 295809569 44 
1364 I 296149984 44 
1365 I 296150147 44 
1366 I 296719477 44 
1367 I 296719991 44 
1368 I 297240156 44 
1369 I 297240158 44 
1370 I 297539459 44 
1371 I 297539461 44 
1372 I 297890325 44 
1373 I 297890333 44 
1374 I 298190027 44 
1375 I 298469758 44 
1376 I 298740580 44 
1377 I 298769634 44 
1378 I 299039887 44 
1379 I 299070508 44 
1380 I 299680567 44 
1381 I 299690360 44 
