0 I 0 56 
1 I 222404 56 
2 I 333269 56 
3 I 4846543 176 
4 I 4961343 174 
5 I 5491003 56 
6 I 5591261 56 
7 I 5930838 56 
8 I 6025941 56 
9 I 6859065 56 
10 I 8676162 56 
11 I 8772564 56 
12 I 8870972 56 
13 I 10449226 56 
14 I 10564835 56 
15 I 10703197 56 
16 I 10806369 56 
17 I 12226299 56 
18 I 12332744 56 
19 I 12440426 56 
20 I 15577313 56 
21 I 15682105 56 
22 I 17628628 188 
23 I 19103238 56 
24 I 19219027 56 
25 I 23615948 56 
26 I 27340479 56 
27 I 29062879 56 
28 I 29161151 56 
29 I 33122540 56 
30 I 33234476 56 
31 I 35042421 56 
32 I 35142832 56 
33 I 39042623 56 
34 I 39140791 56 
35 I 39241083 56 
36 I 39337540 56 
37 I 41232473 56 
38 I 43969991 154 
39 I 47605990 56 
40 I 57189417 167 
41 I 58761795 56 
42 I 60739349 56 
43 I 64622752 174 
44 I 64791494 174 
45 I 65544400 56 
46 I 65638284 56 
47 I 65731017 56 
48 I 65826288 56 
49 I 65920742 56 
50 I 67313789 56 
51 I 67410639 56 
52 I 67506553 56 
53 I 68554157 56 
54 I 68654652 56 
55 I 68758965 56 
56 I 68859180 56 
57 I 69685171 56 
58 I 69794245 56 
59 I 69896801 56 
60 I 74991792 56 
61 I 75086008 56 
62 I 78906557 56 
63 I 79006188 56 
64 I 87522111 56 
65 I 87912981 56 
66 I 88009393 56 
67 I 88787067 56 
68 I 92283673 56 
69 I 92445743 56 
70 I 92543558 56 
71 I 95333115 56 
72 I 97483597 56 
73 I 99022628 56 
74 I 99121927 56 
75 I 99446802 56 
76 I 99541394 56 
77 I 99662267 56 
78 I 107669381 56 
79 I 116642083 166 
80 I 117869309 56 
81 I 117962652 56 
82 I 120632472 190 
83 I 121347711 56 
84 I 121445083 56 
85 I 123059579 56 
86 I 123156259 56 
87 I 185389782 177 
88 I 185892821 56 
89 I 185986652 56 
90 I 186083648 56 
91 I 186307204 56 
92 I 186407029 56 
93 I 188665792 56 
94 I 188767832 56 
95 I 188869190 56 
96 I 189626914 56 
97 I 189721551 56 
98 I 191007313 56 
99 I 191107550 56 
100 I 191336913 56 
101 I 191450601 56 
102 I 193405652 56 
103 I 193500384 56 
104 I 193600395 56 
105 I 195376086 56 
106 I 195469515 56 
107 I 197345277 191 
108 I 197488594 187 
109 I 198797923 56 
110 I 198910354 56 
111 I 207756750 56 
112 I 207866971 56 
113 I 208753335 56 
114 I 208860162 56 
115 I 208956922 56 
116 I 212408256 56 
117 I 212560075 56 
118 I 212655543 56 
119 I 214417604 56 
120 I 214532957 56 
121 I 219219379 56 
122 I 219320279 56 
123 I 219420738 56 
124 I 221839987 56 
125 I 227638320 56 
126 I 227742521 56 
127 I 238696803 56 
128 I 238794449 56 
129 I 240392381 188 
130 I 240500807 190 
131 I 242495157 56 
132 I 242594153 56 
133 I 242959073 56 
134 I 243054485 56 
135 I 245861218 56 
136 I 245963908 56 
137 I 246419564 56 
138 I 246521849 56 
139 I 247618423 56 
140 I 247720258 56 
141 I 247815740 56 
142 I 248746919 56 
143 I 248849599 56 
144 I 249014736 56 
145 I 249113787 56 
146 I 249722578 56 
147 I 249822859 56 
148 I 250013695 56 
149 I 250123314 56 
150 I 250221415 56 
151 I 255380694 56 
152 I 255486635 56 
153 I 258402646 56 
154 I 258503390 56 
155 I 267162430 56 
156 I 269392926 56 
157 I 269499982 56 
158 I 269593917 56 
159 I 272454035 56 
160 I 272610598 56 
161 I 274556971 56 
162 I 274651275 56 
163 I 279508498 56 
164 I 279606165 56 
165 I 279716552 56 
166 I 281260340 56 
167 I 281361304 56 
168 I 283552842 152 
169 I 288375803 56 
170 I 288474028 56 
171 I 290530079 56 
172 I 290635914 56 
173 I 290730653 56 
174 I 290824765 56 
175 I 298332571 56 
