0 I 0 64 
1 I 19817 56 
2 I 1027776 64 
3 I 2469713 56 
4 I 2489497 56 
5 I 3497958 64 
6 I 3517568 56 
7 I 3518660 56 
8 I 3538065 56 
9 I 3538307 56 
10 I 3539154 56 
11 I 3539290 56 
12 I 3558881 56 
13 I 3559037 56 
14 I 3559142 56 
15 I 3559263 56 
16 I 3559800 56 
17 I 3560000 56 
18 I 3560329 56 
19 I 3560425 56 
20 I 3579825 56 
21 I 3580016 56 
22 I 3580220 56 
23 I 3580301 56 
24 I 3580548 56 
25 I 3580704 56 
26 I 3580852 56 
27 I 3580927 56 
28 I 3581141 56 
29 I 3581398 56 
30 I 3581623 56 
31 I 3581695 56 
32 I 3581924 56 
33 I 3600393 56 
34 I 3600570 56 
35 I 3601041 56 
36 I 3601647 56 
37 I 3601933 56 
38 I 3602323 56 
39 I 3602707 56 
40 I 3603088 56 
41 I 3603814 56 
42 I 3604018 56 
43 I 3604316 56 
44 I 3604615 56 
45 I 3604910 56 
46 I 3621347 56 
47 I 3621812 56 
48 I 3622146 56 
49 I 3622440 56 
50 I 3622774 56 
51 I 3623082 56 
52 I 3623322 56 
53 I 3623599 56 
54 I 3624004 56 
55 I 3624207 56 
56 I 3624323 56 
57 I 3624642 56 
58 I 3624972 56 
59 I 3625235 56 
60 I 3625526 56 
61 I 3625812 56 
62 I 3626269 56 
63 I 3626549 56 
64 I 3627318 56 
65 I 3627771 56 
66 I 3642135 56 
67 I 3642502 56 
68 I 3643068 56 
69 I 3643795 56 
70 I 3644263 56 
71 I 3644514 56 
72 I 3645166 56 
73 I 3645394 56 
74 I 3645648 56 
75 I 3646274 56 
76 I 3646439 56 
77 I 3646762 56 
78 I 3647423 56 
79 I 3648009 56 
80 I 3648514 56 
81 I 3648815 56 
82 I 3648936 56 
83 I 3649145 56 
84 I 3649379 56 
85 I 3650343 56 
86 I 3650717 56 
87 I 3651563 56 
88 I 3651752 56 
89 I 3662887 56 
90 I 3663611 56 
91 I 3664142 56 
92 I 3664604 56 
93 I 3665174 56 
94 I 3665705 56 
95 I 3666825 56 
96 I 3667341 56 
97 I 3668252 56 
98 I 3668474 56 
99 I 3668687 56 
100 I 3669122 56 
101 I 3669264 56 
102 I 3669606 56 
103 I 3670082 56 
104 I 3670560 56 
105 I 3670835 56 
106 I 3671059 56 
107 I 3671325 56 
108 I 3671935 56 
109 I 3672505 56 
110 I 3672681 56 
111 I 3672928 56 
112 I 3683573 56 
113 I 3684508 56 
114 I 3685350 56 
115 I 3686266 56 
116 I 3686778 56 
117 I 3687230 56 
118 I 3687779 56 
119 I 3688235 56 
120 I 3688918 56 
121 I 3689191 56 
122 I 3689574 56 
123 I 3689846 56 
124 I 3690027 56 
125 I 3690273 56 
126 I 3691176 56 
127 I 3691600 56 
128 I 3691775 56 
129 I 3692566 56 
130 I 3693165 56 
131 I 3693594 56 
132 I 3694797 56 
133 I 3695244 56 
134 I 3695755 56 
135 I 3703785 56 
136 I 4728479 64 
137 I 4750970 56 
138 I 4787648 56 
139 I 5757796 56 
140 I 41135923 64 
141 I 41155657 56 
142 I 41485205 64 
143 I 42949761 56 
144 I 42969710 56 
145 I 42980002 64 
146 I 43001248 56 
147 I 43021939 56 
148 I 43042616 56 
149 I 43042996 56 
150 I 43063500 56 
151 I 43064367 56 
152 I 43064742 56 
153 I 43084175 56 
154 I 43085106 56 
155 I 43085650 56 
156 I 43085809 56 
157 I 43105153 56 
158 I 43105951 56 
159 I 43106280 56 
160 I 43106785 56 
161 I 43107823 56 
162 I 43108044 56 
163 I 43125953 56 
164 I 43126782 56 
165 I 43127145 56 
166 I 43127669 56 
167 I 43127799 56 
168 I 43128168 56 
169 I 43128664 56 
170 I 43129189 56 
171 I 43129370 56 
172 I 43146724 56 
173 I 43147401 56 
174 I 43147867 56 
175 I 43148476 56 
176 I 43148670 56 
177 I 43149234 56 
178 I 43149579 56 
179 I 43149931 56 
180 I 43150253 56 
181 I 43150465 56 
182 I 43151274 56 
183 I 43151504 56 
184 I 43151737 56 
185 I 43167501 56 
186 I 43168799 56 
187 I 43169107 56 
188 I 43169297 56 
189 I 43169915 56 
190 I 43170181 56 
191 I 43170547 56 
192 I 43170866 56 
193 I 43171201 56 
194 I 43171446 56 
195 I 43172219 56 
196 I 43172981 56 
197 I 43173898 56 
198 I 43175210 56 
199 I 43175284 56 
200 I 43175906 56 
201 I 43176121 56 
202 I 43176481 56 
203 I 43176905 56 
204 I 43188097 56 
205 I 43188348 56 
206 I 43189588 56 
207 I 43190220 56 
208 I 43190579 56 
209 I 43191085 56 
210 I 43191838 56 
211 I 43192092 56 
212 I 43192291 56 
213 I 43192562 56 
214 I 43192949 56 
215 I 43193193 56 
216 I 43194007 56 
217 I 43194328 56 
218 I 43194731 56 
219 I 43195151 56 
220 I 43195747 56 
221 I 43196057 56 
222 I 43196555 56 
223 I 43197242 56 
224 I 43198059 56 
225 I 43198578 56 
226 I 43199030 56 
227 I 43208765 56 
228 I 43209263 56 
229 I 43210718 56 
230 I 43210984 56 
231 I 43211333 56 
232 I 43211817 56 
233 I 43212599 56 
234 I 43212863 56 
235 I 43213392 56 
236 I 43213796 56 
237 I 43213975 56 
238 I 43214239 56 
239 I 43215211 56 
240 I 43215824 56 
241 I 43216094 56 
242 I 43216453 56 
243 I 43217154 56 
244 I 43217403 56 
245 I 43217746 56 
246 I 43218199 56 
247 I 43219662 56 
248 I 43219752 56 
249 I 43220150 56 
250 I 43229772 56 
251 I 43230531 56 
252 I 43232214 56 
253 I 43232459 56 
254 I 43232664 56 
255 I 43232948 56 
256 I 43233249 56 
257 I 43233592 56 
258 I 43234109 56 
259 I 43234863 56 
260 I 43235260 56 
261 I 43235634 56 
262 I 43236118 56 
263 I 43236569 56 
264 I 43268315 56 
265 I 43275513 64 
266 I 43304697 56 
