0 I 0 52 
1 I 2980894 52 
2 I 3273889 52 
3 I 3647783 44 
4 I 4132203 52 
5 I 7822070 44 
6 I 17076213 44 
7 I 20070072 52 
8 I 23675057 52 
9 I 24318590 44 
10 I 44827572 44 
11 I 44844507 52 
12 I 45491417 44 
13 I 50814456 44 
14 I 50838801 52 
15 I 51551482 44 
16 I 73600413 44 
17 I 73634598 52 
18 I 74191951 44 
19 I 84418053 44 
20 I 87455797 52 
21 I 90100111 44 
22 I 90109513 52 
23 I 90629297 44 
24 I 93139960 44 
25 I 93946544 44 
26 I 99649809 44 
27 I 99685406 52 
28 I 102703085 52 
29 I 103235195 44 
30 I 103617088 44 
31 I 103639681 52 
32 I 104191531 44 
33 I 116174270 52 
34 I 116735647 44 
35 I 119014088 44 
36 I 130391315 44 
37 I 133270255 52 
38 I 133811607 44 
39 I 163901454 44 
40 I 163923677 52 
41 I 166899680 52 
42 I 168483546 52 
43 I 172826447 52 
44 I 173321016 44 
45 I 174117359 44 
46 I 174290556 52 
47 I 177281248 52 
48 I 177828205 44 
49 I 177828423 44 
50 I 181360097 44 
51 I 181365061 52 
52 I 184712995 44 
53 I 193373237 44 
54 I 193399483 52 
55 I 193551107 44 
56 I 193575730 52 
57 I 197076306 44 
58 I 203315621 52 
59 I 203854041 44 
60 I 203864669 44 
61 I 204442256 44 
62 I 204444517 52 
63 I 205001158 44 
64 I 205021953 44 
65 I 206175388 44 
66 I 208532786 44 
67 I 208541743 52 
68 I 209059131 44 
69 I 209074652 44 
70 I 209573857 44 
71 I 209589596 52 
72 I 210062097 44 
73 I 210080225 44 
74 I 210539660 52 
75 I 210992514 44 
76 I 211036247 44 
77 I 211065886 44 
78 I 211481834 44 
79 I 211494312 52 
80 I 212796694 44 
81 I 213409661 44 
82 I 214065784 44 
83 I 214448494 52 
84 I 214485989 52 
85 I 214836155 44 
86 I 214925737 44 
87 I 214948548 44 
88 I 215446468 44 
89 I 215449215 52 
90 I 215925770 44 
91 I 215982884 44 
92 I 219447472 44 
93 I 219460759 52 
94 I 219924908 44 
95 I 219953035 44 
96 I 221275697 44 
97 I 221997495 44 
98 I 222032470 52 
99 I 222271515 44 
100 I 222867081 44 
101 I 222876198 52 
102 I 223352826 44 
103 I 223387180 44 
104 I 223869079 44 
105 I 224984498 52 
106 I 226798969 52 
107 I 227310789 44 
108 I 227357053 44 
109 I 230851702 44 
110 I 230860733 52 
111 I 234244414 44 
112 I 234271478 44 
113 I 237780826 44 
114 I 237782532 52 
115 I 238283558 44 
116 I 238307848 44 
117 I 238813551 44 
118 I 238823100 52 
119 I 242295651 44 
120 I 242301530 44 
