0 I 0 64 
1 I 405147 56 
2 I 436747 1504 
3 I 437060 1504 
4 I 437139 915 
5 I 845575 56 
6 I 3458043 64 
7 I 3838138 56 
8 I 3841854 1504 
9 I 3841968 1504 
10 I 4217045 1504 
11 I 4217174 1504 
12 I 4217362 1136 
13 I 4217657 56 
14 I 24981478 64 
15 I 25380380 56 
16 I 25422343 1504 
17 I 25422505 1504 
18 I 25828748 1504 
19 I 25828955 961 
20 I 25829972 56 
21 I 215901487 64 
22 I 216242746 56 
23 I 216264223 1504 
24 I 216264374 1504 
25 I 216605969 512 
26 I 216605978 1504 
27 I 216606270 56 
28 I 219595149 64 
29 I 219901236 56 
30 I 219904551 1504 
31 I 219904678 1504 
32 I 220210985 1504 
33 I 220211105 170 
34 I 220211762 56 
35 I 223993812 64 
36 I 224346952 56 
37 I 224362601 1504 
38 I 224362693 1504 
39 I 224715915 1504 
40 I 224716027 1504 
41 I 224716176 835 
42 I 224719433 56 
