0 I 0 52 
1 I 273901 44 
2 I 763130 56 
3 I 868042 56 
4 I 875054 44 
5 I 903069 52 
6 I 4256465 52 
7 I 4305111 44 
8 I 4487256 44 
9 I 4543142 56 
10 I 4606187 56 
11 I 4606406 44 
12 I 4641074 52 
13 I 4879324 44 
14 I 5222230 56 
15 I 5229505 56 
16 I 5229760 44 
17 I 96089316 52 
18 I 96355414 44 
19 I 96838200 56 
20 I 96950087 56 
21 I 96950427 44 
22 I 96978112 52 
23 I 97188155 44 
24 I 97433764 56 
25 I 97482296 56 
26 I 97489161 44 
27 I 97517359 52 
28 I 97755389 44 
29 I 98000176 56 
30 I 98154172 56 
31 I 98427166 56 
32 I 98427498 44 
33 I 189505201 52 
34 I 189855162 44 
35 I 190226620 56 
36 I 190345211 56 
37 I 190352149 44 
38 I 190386989 52 
39 I 190611126 44 
40 I 190835450 56 
41 I 190919166 56 
42 I 190926096 44 
43 I 190961206 52 
44 I 191193091 44 
45 I 191486081 56 
46 I 191619290 56 
47 I 191906151 56 
48 I 191913040 44 
49 I 209449654 52 
50 I 209672723 44 
51 I 209917675 56 
52 I 209973716 56 
53 I 209973893 44 
