0 I 0 52 
1 I 1686789 441 
2 I 2974599 44 
3 I 3268592 44 
4 I 4620377 44 
5 I 5376012 44 
6 I 5977614 44 
7 I 6285600 44 
8 I 6579606 44 
9 I 8987715 44 
10 I 9744416 44 
11 I 11703884 44 
12 I 12200968 44 
13 I 12501937 44 
14 I 12802816 44 
15 I 15532812 44 
16 I 17660871 44 
17 I 19592906 44 
18 I 20327868 44 
19 I 43148360 44 
20 I 48272418 44 
21 I 48888437 44 
22 I 54635709 44 
23 I 55944573 44 
24 I 55944907 44 
25 I 94368239 44 
26 I 99380439 44 
27 I 99877412 44 
28 I 104595380 44 
29 I 104896431 44 
30 I 105799493 44 
31 I 111630513 44 
32 I 111630678 44 
33 I 111637718 44 
34 I 111819507 44 
35 I 116636262 44 
36 I 142235008 44 
37 I 181059008 44 
