0 I 0 56 
1 I 18521614 64 
2 I 19063108 56 
3 I 21207435 502 
4 I 21765074 56 
5 I 63868608 64 
6 I 64383621 56 
7 I 64385266 502 
8 I 64990479 56 
9 I 66990277 56 
10 I 145441732 64 
11 I 145899711 56 
12 I 145901463 502 
13 I 145901488 56 
14 I 147779746 56 
15 I 218686146 64 
16 I 219105285 56 
17 I 219105867 502 
18 I 219107148 56 
19 I 219524984 56 
20 I 279380249 48 
21 I 279809561 44 
22 I 279810157 44 
23 I 280246812 44 
24 I 298108810 64 
25 I 298537703 56 
26 I 298538246 502 
27 I 298538247 56 
28 I 298987627 56 
