0 I 0 64 
1 I 24920 64 
2 I 385195 64 
3 I 428937 1504 
4 I 430192 1504 
5 I 451482 1504 
6 I 452759 1504 
7 I 594852 64 
8 I 806003 1504 
9 I 807223 1504 
10 I 842766 1504 
11 I 844015 1504 
12 I 844161 509 
13 I 863594 987 
14 I 1009313 1504 
15 I 1010547 1504 
16 I 1215733 1504 
17 I 1215921 465 
18 I 1418922 1504 
19 I 1420171 1504 
20 I 1420288 282 
21 I 1635331 56 
22 I 1837813 56 
23 I 1904540 64 
24 I 2037745 64 
25 I 2059876 987 
26 I 2331371 1504 
27 I 2332760 1504 
28 I 2448959 509 
29 I 2472030 56 
30 I 2546449 56 
31 I 2652627 64 
32 I 2744554 1441 
33 I 2865759 56 
34 I 3060243 64 
35 I 3079268 1504 
36 I 3080451 1504 
37 I 3180714 56 
38 I 3222343 64 
39 I 3493239 1504 
40 I 3494463 1504 
41 I 3501111 1504 
42 I 3502051 823 
43 I 3653485 1504 
44 I 3654647 1504 
45 I 3917314 1422 
46 I 3941116 56 
47 I 4006311 1504 
48 I 4068013 1125 
49 I 4255638 64 
50 I 4345749 56 
51 I 4427873 1504 
52 I 4428900 1504 
53 I 4493091 56 
54 I 4609228 64 
55 I 4609236 64 
56 I 4686275 1504 
57 I 4687950 1504 
58 I 4856689 1280 
59 I 5055161 1504 
60 I 5056360 1504 
61 I 5057614 1504 
62 I 5058990 1504 
63 I 5126541 1504 
64 I 5126611 242 
65 I 5302505 56 
66 I 5425050 64 
67 I 5493618 1504 
68 I 5494052 543 
69 I 5568894 56 
70 I 5737151 64 
71 I 5867751 1504 
72 I 5868945 1504 
73 I 5957283 56 
74 I 6192048 1504 
75 I 6193090 1504 
76 I 6593029 64 
77 I 6620733 1504 
78 I 6621667 953 
79 I 6626221 1504 
80 I 7028972 1504 
81 I 7030102 1504 
82 I 7051151 1504 
83 I 7051275 226 
84 I 7053259 56 
85 I 7417234 1504 
86 I 7463086 1504 
87 I 7463343 649 
88 I 7495388 56 
89 I 7851619 119 
90 I 7851635 1504 
91 I 8312447 56 
92 I 9096655 649 
93 I 9543994 56 
