0 I 0 44 
1 I 450681 44 
2 I 451840 44 
3 I 902458 44 
4 I 1308640 56 
5 I 1354734 44 
6 I 1355809 44 
7 I 1758515 44 
8 I 1805735 44 
9 I 2259308 56 
10 I 2715635 56 
11 I 3218771 44 
12 I 3681422 44 
13 I 3683841 44 
14 I 4148153 44 
15 I 4290743 44 
16 I 6243556 44 
17 I 6702991 44 
18 I 6704227 44 
19 I 7163056 44 
20 I 7164409 44 
21 I 7614107 44 
22 I 7614929 44 
23 I 8467308 56 
24 I 9479836 56 
25 I 9916357 44 
26 I 9917576 44 
27 I 10360957 44 
28 I 10362088 44 
29 I 10791451 56 
30 I 10792408 44 
31 I 11797166 44 
32 I 12214866 44 
33 I 12713563 44 
34 I 13129632 44 
35 I 13229929 56 
36 I 13231151 44 
37 I 16623292 56 
38 I 16982039 56 
39 I 29061944 44 
40 I 45274176 56 
41 I 45702773 44 
42 I 45704095 44 
43 I 46134835 56 
44 I 46559509 56 
45 I 46589319 44 
46 I 47000142 44 
47 I 50023582 56 
48 I 50441019 44 
49 I 50442256 44 
50 I 50614198 90 
51 I 50861929 44 
52 I 50863043 44 
53 I 51278399 44 
54 I 51279504 44 
55 I 51283104 44 
56 I 51283593 44 
57 I 51691739 44 
58 I 51692270 44 
59 I 51823374 56 
60 I 51824621 44 
61 I 52101085 56 
62 I 52102254 56 
63 I 52237407 56 
64 I 52373936 56 
65 I 52508803 64 
66 I 52641186 64 
67 I 52957465 56 
68 I 53037450 64 
69 I 53352784 56 
70 I 53431460 56 
71 I 53752209 56 
72 I 53753524 56 
73 I 54154202 64 
74 I 54154583 56 
75 I 54558831 64 
76 I 54558837 56 
77 I 55465915 56 
78 I 57487149 56 
79 I 57904688 44 
80 I 57905980 44 
81 I 58328861 44 
82 I 58329914 44 
83 I 58739081 44 
84 I 58739216 56 
85 I 58740690 44 
86 I 59147482 56 
87 I 59565073 64 
88 I 59618164 56 
89 I 59992587 64 
90 I 61021220 56 
91 I 61453890 44 
92 I 61870278 56 
93 I 62342134 44 
94 I 63350723 56 
95 I 63758295 44 
96 I 63759457 44 
97 I 64169579 44 
98 I 64568275 56 
99 I 65073075 44 
100 I 68094945 56 
101 I 68509335 44 
102 I 68924981 56 
103 I 69413999 44 
104 I 72449422 56 
105 I 72859216 44 
106 I 72861759 44 
107 I 73278226 44 
108 I 73281734 44 
109 I 73697383 56 
110 I 74118309 56 
111 I 74535489 56 
112 I 75783136 44 
113 I 76199811 44 
114 I 76200976 44 
115 I 76609057 44 
116 I 76610314 44 
117 I 77012194 44 
118 I 77013634 44 
119 I 77423121 56 
120 I 77782522 56 
121 I 78197877 56 
122 I 80471913 56 
123 I 80892379 44 
124 I 80894754 44 
125 I 81318589 56 
126 I 81743549 56 
127 I 93448201 44 
128 I 93872107 44 
129 I 93873150 44 
130 I 94299085 44 
131 I 94721431 44 
132 I 94961356 44 
133 I 94961906 44 
134 I 95144373 44 
135 I 95271912 56 
136 I 95379198 44 
137 I 95562307 44 
138 I 95797654 56 
139 I 95987359 56 
140 I 96216748 56 
141 I 96409096 56 
142 I 96639638 56 
143 I 96897069 56 
144 I 97907491 56 
145 I 98301759 56 
146 I 98303120 44 
147 I 104290036 56 
148 I 104655396 56 
149 I 105022404 56 
150 I 161644687 44 
151 I 162009298 44 
152 I 162010417 44 
153 I 162374933 56 
154 I 162377229 44 
155 I 162748854 44 
156 I 162883777 56 
157 I 162883795 44 
158 I 163126882 56 
159 I 163128177 44 
160 I 163262422 56 
161 I 163264104 44 
162 I 163324875 56 
163 I 163326844 44 
164 I 163512039 44 
165 I 163650218 44 
166 I 163651386 44 
167 I 163710327 44 
168 I 164659896 44 
169 I 165380836 44 
170 I 165560094 56 
171 I 165561384 44 
172 I 165740552 56 
173 I 165920676 64 
174 I 165921679 56 
175 I 166049653 64 
176 I 166051428 56 
177 I 166116351 56 
178 I 166290847 56 
179 I 166298023 56 
180 I 166298565 56 
181 I 167140607 56 
182 I 168141197 56 
183 I 168704020 56 
184 I 168705692 56 
185 I 169090031 56 
186 I 169090800 44 
187 I 169476688 56 
188 I 169478495 44 
189 I 170539133 44 
190 I 170903555 44 
191 I 171268467 56 
192 I 171633536 56 
193 I 171739467 44 
194 I 171991787 56 
195 I 172355390 44 
196 I 172356906 44 
197 I 176838451 44 
198 I 177202349 44 
199 I 177203526 44 
200 I 178038689 44 
201 I 179040117 56 
202 I 179380773 44 
203 I 179382300 44 
204 I 179707469 44 
205 I 179708088 56 
206 I 179709212 44 
207 I 180033644 44 
208 I 180702451 44 
209 I 180826877 56 
210 I 180828766 44 
211 I 180951353 56 
212 I 181032885 56 
213 I 181158241 56 
214 I 181257448 64 
215 I 181259209 56 
216 I 181363433 56 
217 I 181488553 56 
218 I 181588858 56 
219 I 181737567 56 
220 I 181816109 56 
221 I 181912610 56 
222 I 182137754 44 
223 I 182795723 44 
224 I 183150578 44 
225 I 183332123 56 
226 I 183470519 56 
227 I 183577920 64 
228 I 183579428 56 
229 I 183648873 56 
230 I 183789751 56 
231 I 183900782 56 
232 I 183902206 56 
233 I 183997053 102 
234 I 184228367 64 
235 I 184228443 56 
236 I 184556062 64 
237 I 184641843 56 
238 I 184880884 56 
239 I 186241763 56 
240 I 186569614 44 
241 I 186895650 44 
242 I 187218493 44 
243 I 187539060 56 
244 I 188122250 56 
245 I 189240990 56 
246 I 191141051 44 
247 I 191471558 44 
248 I 191472798 44 
249 I 191797997 56 
250 I 192133521 56 
251 I 192141147 44 
252 I 192466458 56 
253 I 192751961 44 
254 I 192930236 56 
255 I 193054516 64 
256 I 193056111 56 
257 I 193387054 56 
258 I 194354942 44 
259 I 194674177 44 
260 I 194675628 44 
261 I 194997893 56 
262 I 194999512 44 
263 I 195544471 44 
264 I 195723400 56 
265 I 195724971 44 
266 I 195868211 44 
267 I 195964189 56 
268 I 195965786 44 
269 I 196049758 44 
270 I 196190737 44 
271 I 196268777 56 
272 I 196270687 44 
273 I 196375214 44 
274 I 196515691 44 
275 I 197839245 56 
276 I 199438429 56 
277 I 199760646 44 
278 I 199762087 44 
279 I 200078859 44 
280 I 200080125 44 
281 I 200081035 44 
282 I 200722656 44 
283 I 200852148 56 
284 I 200854548 44 
285 I 201032936 44 
286 I 201038724 56 
287 I 201171264 56 
288 I 201173999 56 
289 I 201174811 44 
290 I 201355175 56 
291 I 201356236 44 
292 I 201494974 56 
293 I 201685371 56 
294 I 201686113 56 
295 I 202018460 56 
296 I 203137564 56 
297 I 203455941 56 
298 I 205038043 44 
299 I 205368487 44 
300 I 205369664 44 
301 I 205697216 44 
302 I 205698608 44 
303 I 206017992 56 
304 I 206018018 64 
305 I 206019326 56 
306 I 206338035 56 
307 I 206338336 56 
308 I 206338750 56 
309 I 206647740 56 
310 I 207436937 44 
311 I 209036540 56 
312 I 209357226 44 
313 I 209359337 44 
314 I 209670860 44 
315 I 209670965 56 
316 I 209672426 44 
317 I 210670245 44 
318 I 210790848 56 
319 I 210792692 44 
320 I 210976696 56 
321 I 210978349 44 
322 I 211099685 56 
323 I 211101583 44 
324 I 211279544 56 
325 I 211280713 44 
326 I 211435986 44 
327 I 211580142 56 
328 I 211581459 44 
329 I 212336506 56 
330 I 213329402 44 
331 I 213510441 56 
332 I 213511715 44 
333 I 213682082 56 
334 I 213684252 44 
335 I 213890964 44 
336 I 213890965 56 
337 I 213892341 44 
338 I 214077388 44 
339 I 214077700 44 
340 I 214284878 56 
341 I 214286048 56 
342 I 214467963 56 
343 I 214672350 56 
344 I 214674254 56 
345 I 215634495 56 
346 I 217635371 56 
347 I 217987906 44 
348 I 217989100 44 
349 I 218339108 44 
350 I 218339108 56 
351 I 218339108 44 
352 I 218668977 44 
353 I 218767641 56 
354 I 218769384 56 
355 I 218949965 56 
356 I 219098996 64 
357 I 219286268 56 
358 I 219437927 56 
359 I 219622284 56 
360 I 220034033 56 
361 I 221117775 44 
362 I 221238403 56 
363 I 221240416 44 
364 I 221578786 44 
365 I 221581506 44 
366 I 221920920 56 
367 I 221921591 64 
368 I 221922809 56 
369 I 222260579 56 
370 I 222260670 56 
371 I 222261303 64 
372 I 222261781 56 
373 I 222637891 56 
374 I 223434139 88 
375 I 223778153 44 
376 I 223880293 44 
377 I 224122878 56 
378 I 224442593 64 
379 I 224450795 64 
380 I 224737530 64 
381 I 224995508 64 
382 I 225069630 56 
383 I 225400185 44 
384 I 227143180 44 
385 I 227468509 44 
386 I 227469571 44 
387 I 227817687 56 
388 I 227818111 56 
389 I 228143011 44 
390 I 228165199 56 
391 I 228822420 44 
392 I 228947136 44 
393 I 229163513 56 
394 I 229288729 64 
395 I 229290503 56 
396 I 229505040 56 
397 I 229626790 56 
398 I 229840370 56 
399 I 231342305 64 
400 I 231658078 56 
401 I 231659513 56 
402 I 231975813 44 
403 I 231976288 56 
404 I 231977304 44 
405 I 233959528 44 
406 I 234140190 56 
407 I 234141282 44 
408 I 234321326 44 
409 I 234442000 56 
410 I 234498436 56 
411 I 234499649 56 
412 I 234500136 56 
413 I 234796617 56 
414 I 234851322 56 
415 I 234941337 44 
416 I 236454639 44 
417 I 236694161 56 
418 I 236695490 44 
419 I 237049633 44 
420 I 249341898 44 
421 I 249656778 44 
422 I 249658117 44 
423 I 249970284 44 
424 I 254939447 44 
425 I 255265277 44 
426 I 255592081 56 
427 I 257355608 64 
428 I 257686006 56 
429 I 263048987 44 
430 I 263377533 44 
431 I 263378638 44 
432 I 263698531 44 
433 I 263699259 56 
434 I 263700342 44 
435 I 263719385 90 
436 I 264026124 44 
437 I 264061882 44 
438 I 264357989 44 
439 I 266497349 44 
440 I 266862511 56 
441 I 266863675 56 
442 I 267210963 56 
443 I 267559760 56 
444 I 270467050 56 
445 I 275665977 64 
