0 I 0 64 
1 I 320064 64 
2 I 566161 64 
3 I 1897864 56 
4 I 2164042 56 
5 I 2178720 56 
6 I 5915167 64 
7 I 6127962 64 
8 I 6434892 56 
9 I 6436710 69 
10 I 6649865 64 
11 I 7084264 56 
12 I 7092671 69 
13 I 7253958 56 
14 I 7524196 56 
15 I 7537498 56 
16 I 7913672 56 
17 I 8121471 64 
18 I 8415314 56 
19 I 8415662 69 
20 I 8425306 56 
21 I 8426664 56 
22 I 8429563 56 
23 I 10987255 64 
24 I 11052083 64 
25 I 11266750 56 
26 I 11276369 69 
27 I 11819209 56 
28 I 12131982 56 
29 I 12136162 56 
30 I 12680651 64 
31 I 17705074 64 
32 I 17796936 64 
33 I 17948354 56 
34 I 17952383 69 
35 I 18049922 56 
36 I 18052534 69 
37 I 18238258 64 
38 I 22087733 64 
39 I 25345961 64 
40 I 26221280 64 
41 I 26353755 64 
42 I 29943188 56 
43 I 29944252 56 
44 I 29944848 56 
45 I 35723740 64 
46 I 38927933 64 
47 I 39326355 64 
48 I 39586162 56 
49 I 39586313 69 
50 I 39624193 56 
51 I 39624381 56 
52 I 39624702 56 
53 I 39625514 56 
54 I 39626515 56 
55 I 40879269 64 
56 I 41128415 56 
57 I 41128936 69 
58 I 43151596 56 
59 I 43545662 56 
60 I 43548809 56 
61 I 43549147 56 
62 I 43555200 64 
63 I 43895659 56 
64 I 43896824 69 
65 I 44377820 56 
66 I 44446231 64 
67 I 44626426 56 
68 I 44873194 56 
69 I 44881659 69 
70 I 45703591 56 
71 I 45779572 64 
72 I 46080928 56 
73 I 46270151 56 
74 I 46281286 56 
75 I 46285829 69 
76 I 48395775 56 
77 I 48402050 56 
78 I 54374963 64 
79 I 54849595 64 
80 I 57147040 64 
81 I 59436237 64 
82 I 62451644 56 
83 I 62454540 56 
84 I 62456195 56 
85 I 67249834 64 
86 I 69574930 64 
87 I 69749881 64 
88 I 69909459 56 
89 I 69909912 69 
90 I 70703313 64 
91 I 70753002 56 
92 I 71124323 56 
93 I 71131161 56 
94 I 71176891 64 
95 I 71315678 56 
96 I 71325268 69 
97 I 71676332 64 
98 I 72274399 56 
99 I 72519624 56 
100 I 73498561 64 
101 I 75300678 64 
102 I 83053015 64 
103 I 83256499 64 
104 I 85957742 64 
105 I 86177342 64 
106 I 87735912 64 
107 I 91264452 64 
108 I 95470035 64 
109 I 96182594 64 
110 I 97841585 64 
111 I 98109627 64 
112 I 99084850 64 
113 I 108959874 64 
114 I 112711182 64 
115 I 113730127 64 
116 I 120524371 64 
117 I 126585006 64 
118 I 136117509 64 
119 I 137720728 64 
120 I 141672701 64 
121 I 141959018 64 
122 I 142771886 64 
123 I 149783385 64 
124 I 150024895 56 
125 I 150025222 69 
126 I 150850779 56 
127 I 155938797 64 
128 I 156180488 56 
129 I 156185568 69 
130 I 156957495 56 
131 I 157270588 56 
132 I 157273635 56 
133 I 157904934 64 
134 I 158770460 64 
135 I 158883738 64 
136 I 159012521 56 
137 I 159014735 69 
138 I 159167283 56 
139 I 159175718 69 
140 I 159602035 56 
141 I 159843903 56 
142 I 161351427 56 
143 I 161390844 56 
144 I 161632789 56 
145 I 166270815 64 
146 I 169905393 64 
147 I 170162031 56 
148 I 170163220 69 
149 I 170818655 64 
150 I 171067510 56 
151 I 171069858 69 
152 I 171230132 64 
153 I 171474251 56 
154 I 171475587 69 
155 I 172228628 56 
156 I 172420525 56 
157 I 172423721 56 
158 I 173972298 64 
159 I 174031134 56 
160 I 174883387 56 
161 I 175290041 56 
162 I 175291033 70 
163 I 175923600 90 
164 I 176536690 88 
165 I 177244861 62 
166 I 177879298 1504 
167 I 177880806 1504 
168 I 178257296 376 
169 I 179065396 1504 
170 I 181435430 1504 
171 I 182419159 64 
172 I 182661447 56 
173 I 182664411 69 
174 I 183248589 56 
175 I 183583370 56 
176 I 183623533 56 
177 I 184889970 56 
178 I 186176104 1504 
179 I 187838642 56 
180 I 188115166 56 
181 I 188839242 64 
182 I 189094474 64 
183 I 190784701 64 
184 I 191123617 64 
185 I 193699924 64 
186 I 196388989 64 
187 I 200038105 64 
188 I 202303908 64 
189 I 204466160 64 
190 I 204978334 64 
191 I 205252941 64 
192 I 213032900 64 
193 I 213310586 56 
194 I 213315762 69 
195 I 215435904 64 
196 I 219058194 56 
197 I 219059417 56 
198 I 219059823 56 
199 I 220133244 64 
200 I 220412431 56 
201 I 220414301 69 
202 I 220958925 56 
203 I 221613697 56 
204 I 221620083 56 
205 I 226185491 64 
206 I 226883887 64 
207 I 231046578 64 
208 I 231364531 56 
209 I 231366124 69 
210 I 232150917 64 
211 I 232512348 56 
212 I 233080086 64 
213 I 233334630 56 
214 I 233336383 69 
215 I 234511344 56 
216 I 234854103 56 
217 I 234893293 56 
218 I 235496760 64 
219 I 235508127 56 
220 I 235740917 56 
221 I 235741952 69 
222 I 236854582 64 
223 I 237113598 56 
224 I 237115492 69 
225 I 237936179 56 
226 I 238285313 56 
227 I 238325604 56 
228 I 239279635 56 
229 I 240189034 64 
230 I 240440167 56 
231 I 240440476 69 
232 I 240959468 56 
233 I 241213487 56 
234 I 241217297 70 
235 I 241726531 95 
236 I 242244232 56 
237 I 242248578 56 
238 I 242953106 64 
239 I 244888999 64 
240 I 245134493 56 
241 I 245138884 69 
242 I 245740094 56 
243 I 246085779 56 
244 I 246125858 56 
245 I 247575078 56 
246 I 249786449 64 
247 I 250914134 64 
248 I 253276441 64 
249 I 257057817 56 
250 I 257064340 56 
251 I 258193808 64 
252 I 261159776 64 
253 I 262865460 64 
254 I 264977312 64 
255 I 265283926 56 
256 I 265284343 69 
257 I 265914431 56 
258 I 266168252 56 
259 I 266403590 64 
260 I 266688314 56 
261 I 266690088 69 
262 I 266857014 64 
263 I 267232385 56 
264 I 267232643 69 
265 I 267263881 56 
266 I 267516287 56 
267 I 267562550 64 
268 I 267806838 56 
269 I 267810882 69 
270 I 268024872 64 
271 I 268173418 56 
272 I 268280428 56 
273 I 268280672 69 
274 I 268560467 56 
275 I 268866207 56 
276 I 268896348 56 
277 I 268940575 56 
278 I 268963325 64 
279 I 268984409 56 
280 I 268987446 70 
281 I 269096144 64 
282 I 269345160 56 
283 I 269350239 69 
284 I 269687059 92 
285 I 271463229 94 
286 I 271816660 56 
287 I 272263043 56 
288 I 272426730 64 
289 I 272529419 56 
290 I 272667011 56 
291 I 272672162 69 
292 I 273213426 56 
293 I 273640486 56 
294 I 273643295 70 
295 I 273831974 64 
296 I 274302167 93 
297 I 274910172 90 
298 I 275524488 62 
299 I 276139892 64 
300 I 276188826 1504 
301 I 276190054 1504 
302 I 276453906 56 
303 I 276454667 69 
304 I 277072136 1504 
305 I 277482713 1504 
306 I 277483060 543 
307 I 277565084 69 
308 I 278086198 64 
309 I 278247338 56 
310 I 278375986 56 
311 I 278552454 56 
312 I 278582176 56 
313 I 278799427 56 
314 I 278855608 64 
315 I 278871089 69 
316 I 279044517 56 
317 I 279102336 56 
318 I 279102603 69 
319 I 279939065 56 
320 I 280371971 56 
321 I 280373714 70 
322 I 280869532 91 
323 I 281361787 91 
324 I 281880823 56 
325 I 282006280 64 
326 I 282128126 56 
327 I 282251773 56 
328 I 282254475 69 
329 I 283032822 56 
330 I 283295587 56 
331 I 283305065 70 
332 I 283907214 56 
333 I 283930452 90 
334 I 284502362 56 
335 I 284502572 91 
336 I 285050542 56 
337 I 285323249 56 
338 I 285538146 64 
339 I 285582011 64 
340 I 285855072 56 
341 I 285857382 69 
342 I 290673793 56 
343 I 290675364 56 
344 I 290871287 64 
345 I 292434838 64 
346 I 293133197 64 
347 I 293392733 56 
348 I 293393013 69 
349 I 294044265 56 
350 I 294480466 56 
351 I 294918254 64 
352 I 298082609 64 
353 I 298166851 64 
354 I 298337032 56 
355 I 298345528 69 
356 I 298780653 64 
357 I 298902035 56 
358 I 298910310 64 
359 I 299078541 56 
360 I 299079189 69 
