0 I 0 64 
1 I 603347 64 
2 I 755252 64 
3 I 1171508 64 
4 I 1515485 64 
5 I 1593184 64 
6 I 1766978 64 
7 I 3057682 64 
8 I 3753678 64 
9 I 3817704 64 
10 I 4661191 64 
11 I 4717562 64 
12 I 5540260 64 
13 I 5645080 64 
14 I 6170243 64 
15 I 7170126 64 
16 I 8453158 64 
17 I 8539238 64 
18 I 8784922 64 
19 I 9075920 64 
20 I 9282872 64 
21 I 9751445 64 
22 I 11153304 64 
23 I 11372986 64 
24 I 11997206 64 
25 I 12280188 64 
26 I 13422651 64 
27 I 14372413 64 
28 I 14537718 64 
29 I 15814632 64 
30 I 16455010 64 
31 I 17171594 64 
32 I 18089336 64 
33 I 19167668 64 
34 I 20370722 64 
35 I 21748795 64 
36 I 22213812 64 
37 I 22824897 64 
38 I 23116837 64 
39 I 24598530 64 
40 I 25213171 64 
41 I 25509491 64 
42 I 25823978 64 
43 I 26114695 64 
44 I 26534546 64 
45 I 27076652 64 
46 I 29639307 64 
47 I 30074692 64 
48 I 30164427 64 
49 I 31211324 64 
50 I 31822238 64 
51 I 32113251 64 
52 I 32367301 64 
53 I 32779177 64 
54 I 33069869 64 
55 I 33730151 64 
56 I 35147496 64 
57 I 35991030 64 
58 I 36073127 64 
59 I 36729594 64 
60 I 38216579 64 
61 I 39138719 64 
62 I 39808621 64 
63 I 41214819 64 
64 I 42137851 64 
65 I 42480968 64 
66 I 42727934 64 
67 I 43161564 64 
68 I 43208385 64 
69 I 43821340 64 
70 I 44110229 64 
71 I 44195586 64 
72 I 45479490 64 
73 I 45630740 64 
74 I 45742745 64 
75 I 47193855 64 
76 I 47213321 64 
77 I 48070405 64 
78 I 48134934 64 
79 I 48628872 64 
80 I 49295464 64 
81 I 50528969 64 
82 I 51477735 64 
83 I 52292283 64 
84 I 53192775 64 
85 I 54627545 64 
86 I 54668670 64 
87 I 54724918 64 
88 I 56361249 64 
89 I 57667657 64 
90 I 58046172 64 
91 I 58290946 64 
92 I 59210123 64 
93 I 60131702 64 
94 I 60372069 64 
95 I 61044028 64 
96 I 62281978 64 
97 I 63371810 64 
98 I 63476836 64 
99 I 63665998 64 
100 I 65189210 64 
101 I 65280881 64 
102 I 66624298 64 
103 I 67042236 64 
104 I 67202678 64 
105 I 67813361 64 
106 I 68104484 64 
107 I 69369915 64 
108 I 70287942 64 
109 I 71279453 64 
110 I 72064362 64 
111 I 74500242 64 
112 I 75663269 64 
113 I 77498759 64 
114 I 78718877 64 
115 I 79039110 64 
116 I 80792680 64 
117 I 81366780 64 
118 I 81662487 64 
119 I 83204436 64 
120 I 83276499 64 
121 I 83384547 64 
122 I 83497044 64 
123 I 83790052 64 
124 I 84126124 64 
125 I 84661364 64 
126 I 86383550 64 
127 I 87468741 64 
128 I 89183373 64 
129 I 89788616 64 
130 I 90100076 64 
131 I 90355205 64 
132 I 90618481 64 
133 I 90660568 64 
134 I 92381904 64 
135 I 93098777 64 
136 I 93354552 64 
137 I 94281906 64 
138 I 95494124 64 
139 I 97228306 64 
140 I 97860504 64 
141 I 97929034 64 
142 I 99096992 64 
143 I 99353130 64 
144 I 99413812 64 
145 I 99571386 64 
146 I 99657223 64 
147 I 100225679 64 
148 I 100858286 64 
149 I 100926632 64 
150 I 101786148 64 
151 I 102412699 64 
152 I 102568733 64 
153 I 102656543 64 
154 I 103033603 64 
155 I 103289156 64 
156 I 104378940 64 
157 I 105361091 64 
158 I 106224004 64 
159 I 106288446 64 
160 I 106856685 64 
161 I 106925152 64 
162 I 107270440 64 
163 I 108224590 64 
164 I 108411308 64 
165 I 108567292 64 
166 I 111093783 64 
167 I 111223123 64 
168 I 111349638 64 
169 I 112286910 64 
170 I 115340166 64 
171 I 117221464 64 
172 I 117462237 64 
173 I 118221197 64 
174 I 118338557 64 
175 I 118594346 64 
176 I 118853966 64 
177 I 118922056 64 
178 I 119488261 64 
179 I 120408036 64 
180 I 120462186 64 
181 I 120564317 64 
182 I 120998508 64 
183 I 121201217 64 
184 I 121591360 64 
185 I 122586290 64 
186 I 123187873 64 
187 I 123997450 64 
188 I 124200350 64 
189 I 124284008 64 
190 I 124336847 64 
191 I 124723016 64 
192 I 125584873 64 
193 I 125779764 64 
194 I 126186358 64 
195 I 126459331 64 
196 I 126650771 64 
197 I 127589895 64 
198 I 127720713 64 
199 I 128126670 64 
200 I 128372727 64 
201 I 128639862 64 
202 I 129218495 64 
203 I 129995787 64 
204 I 130001457 64 
205 I 130198619 64 
206 I 131124402 64 
207 I 131582990 64 
208 I 131638028 64 
209 I 132184748 64 
210 I 132510917 64 
211 I 132998765 64 
212 I 133719503 64 
213 I 135088160 64 
214 I 135343723 64 
215 I 135510283 64 
216 I 136333909 64 
217 I 137123127 64 
218 I 137636823 64 
219 I 138457271 64 
220 I 138666589 64 
221 I 138762006 64 
222 I 138997628 64 
223 I 139262828 64 
224 I 139586920 64 
225 I 140390226 64 
226 I 140704541 64 
227 I 141508454 64 
228 I 141664727 64 
229 I 141760639 64 
230 I 141992634 64 
231 I 142195608 64 
232 I 142215285 64 
233 I 142260297 64 
234 I 142848012 64 
235 I 142916307 64 
236 I 143388810 64 
237 I 143580216 64 
238 I 143703193 64 
239 I 144181727 64 
240 I 144402211 64 
241 I 144558305 64 
242 I 145716442 64 
243 I 147663257 64 
244 I 147758776 64 
245 I 148258604 64 
246 I 148278244 64 
247 I 148670520 64 
248 I 149120062 64 
249 I 149387317 64 
250 I 149634066 64 
251 I 149701731 64 
252 I 150994364 64 
253 I 151334813 64 
254 I 151468676 64 
255 I 151667994 64 
256 I 153212387 64 
257 I 153301426 64 
258 I 153505488 64 
259 I 154333424 64 
260 I 154466348 64 
261 I 154791955 64 
262 I 155766928 64 
263 I 156259389 64 
264 I 156300138 64 
265 I 156619831 64 
266 I 156834090 64 
267 I 157380886 64 
268 I 157605056 64 
269 I 157667123 64 
270 I 157789695 64 
271 I 158277915 64 
272 I 158370094 64 
273 I 158528638 64 
274 I 158766124 64 
275 I 159257911 64 
276 I 159619053 64 
277 I 159660304 64 
278 I 159757165 64 
279 I 159832192 64 
280 I 160255739 64 
281 I 160328020 64 
282 I 160332029 64 
283 I 160378856 64 
284 I 160464573 64 
285 I 160603693 64 
286 I 161277100 64 
287 I 161369066 64 
288 I 161384359 64 
289 I 161527681 64 
290 I 161698768 64 
291 I 162298556 64 
292 I 162451214 64 
293 I 163581152 64 
294 I 163788228 64 
295 I 164764370 64 
296 I 164861744 64 
297 I 165021146 64 
298 I 165256732 64 
299 I 165462540 64 
300 I 165617580 64 
301 I 165830554 64 
302 I 165986601 64 
303 I 166189837 64 
304 I 166377490 64 
305 I 166601876 64 
306 I 167275622 64 
307 I 167367345 64 
308 I 167525369 64 
309 I 167561313 64 
310 I 167574308 64 
311 I 167859418 64 
312 I 168019624 64 
313 I 168175786 64 
314 I 168460922 64 
315 I 169663770 64 
316 I 169710331 64 
317 I 170559959 64 
318 I 172328982 64 
319 I 172462253 64 
320 I 173114098 64 
321 I 173627422 64 
322 I 173858101 64 
323 I 174018299 64 
324 I 174295936 64 
325 I 174459859 64 
326 I 174948610 64 
327 I 174988611 64 
328 I 175785071 64 
329 I 176558367 64 
330 I 176707525 64 
331 I 176721080 64 
332 I 176761725 64 
333 I 177253925 64 
334 I 177499895 64 
335 I 177614607 64 
336 I 177676195 64 
337 I 177827809 64 
338 I 177947182 64 
339 I 178374264 64 
340 I 178598863 64 
341 I 179272828 64 
342 I 179364513 64 
343 I 179444329 64 
344 I 179522742 64 
345 I 179706488 64 
346 I 179719738 64 
347 I 180674834 64 
348 I 182441637 64 
349 I 183353857 64 
350 I 183654229 64 
351 I 183749968 64 
352 I 183945395 64 
353 I 184249844 64 
354 I 185378634 64 
355 I 185692906 64 
356 I 185704611 64 
357 I 185718163 64 
358 I 185855112 64 
359 I 186016235 64 
360 I 186350931 64 
361 I 186456382 64 
362 I 186673335 64 
363 I 188440563 64 
364 I 188555883 64 
365 I 190663480 64 
366 I 192144425 64 
367 I 192349367 64 
368 I 192904429 64 
369 I 193511084 64 
370 I 193657654 64 
371 I 193662459 64 
372 I 195142260 64 
373 I 195903527 64 
374 I 195942971 64 
375 I 196323116 64 
376 I 196455876 64 
377 I 196508701 64 
378 I 197701680 64 
379 I 197715432 64 
380 I 198289652 64 
381 I 198670094 64 
382 I 199540405 64 
383 I 199660750 64 
384 I 199779358 64 
385 I 200438280 64 
386 I 200757116 64 
387 I 200915356 64 
388 I 201140410 64 
389 I 201247560 64 
390 I 201608958 64 
391 I 201821822 64 
392 I 201902098 64 
393 I 202368497 64 
394 I 202507219 64 
395 I 202538430 64 
396 I 202593126 64 
397 I 203266795 64 
398 I 203358957 64 
399 I 203485287 64 
400 I 203516709 64 
401 I 203912936 64 
402 I 204346251 64 
403 I 204346473 64 
404 I 205992511 64 
405 I 206482894 64 
406 I 207344413 64 
407 I 208536856 64 
408 I 208939484 64 
409 I 208990491 64 
410 I 209849554 64 
411 I 209911693 64 
412 I 210009429 64 
413 I 210450337 64 
414 I 210670629 64 
415 I 211659366 64 
416 I 211939333 64 
417 I 212482168 64 
418 I 212550327 64 
419 I 212949484 64 
420 I 213137218 64 
421 I 213342410 64 
422 I 213668913 64 
423 I 213899265 64 
424 I 214504781 64 
425 I 214988779 64 
426 I 215350478 64 
427 I 215947699 64 
428 I 216288541 64 
429 I 217169390 64 
430 I 217522456 64 
431 I 217580818 64 
432 I 217890690 64 
433 I 217936933 64 
434 I 218349058 64 
435 I 219286455 64 
436 I 219666849 64 
437 I 219937179 64 
438 I 220167079 64 
439 I 220520539 64 
440 I 220533867 64 
441 I 220579098 64 
442 I 220889817 64 
443 I 221695881 64 
444 I 221709290 64 
445 I 221908967 64 
446 I 221946807 64 
447 I 222664352 64 
448 I 222764224 64 
449 I 223247716 64 
450 I 224347863 64 
451 I 224431782 64 
452 I 224478447 64 
453 I 225285009 64 
454 I 225339851 64 
455 I 225440451 64 
456 I 225763620 64 
457 I 226167113 64 
458 I 226246496 64 
459 I 226518882 64 
460 I 226577667 64 
461 I 226888256 64 
462 I 226985694 64 
463 I 228340499 64 
464 I 228438869 64 
465 I 229933962 64 
466 I 230180934 64 
467 I 230547962 64 
468 I 231664564 64 
469 I 231762542 64 
470 I 232244372 64 
471 I 232797916 64 
472 I 233179814 64 
473 I 233321993 64 
474 I 233546272 64 
475 I 233942907 64 
476 I 234436958 64 
477 I 235653632 64 
478 I 235796081 64 
479 I 236321739 64 
480 I 236344640 64 
481 I 237131481 64 
482 I 237281752 64 
483 I 237846851 64 
484 I 237893126 64 
485 I 238162488 64 
486 I 238498651 64 
487 I 238516215 64 
488 I 238574586 64 
489 I 238657122 64 
490 I 238884893 64 
491 I 239178017 64 
492 I 239545000 64 
493 I 239563802 64 
494 I 240845418 64 
495 I 241187501 64 
496 I 241655897 64 
497 I 241794637 64 
498 I 242319653 64 
499 I 242561677 64 
500 I 243758681 64 
501 I 244187071 64 
502 I 244240903 64 
503 I 244527946 64 
504 I 245903228 64 
505 I 246435018 64 
506 I 246843837 64 
507 I 247656538 64 
508 I 248472794 64 
509 I 248560351 64 
510 I 249333520 64 
511 I 250185712 64 
512 I 250979897 64 
513 I 251175255 64 
514 I 251193901 64 
515 I 251542039 64 
516 I 253328471 64 
517 I 253791518 64 
518 I 253840883 64 
519 I 253928449 64 
520 I 254192157 64 
521 I 254316795 64 
522 I 255658232 64 
523 I 256326241 64 
524 I 256839880 64 
525 I 257937441 64 
526 I 258840808 64 
527 I 259651673 64 
528 I 260190405 64 
529 I 260340331 64 
530 I 260557420 64 
531 I 261140012 64 
532 I 261276131 64 
533 I 262156748 64 
534 I 262182099 64 
535 I 262210151 64 
536 I 262324492 64 
537 I 262509946 64 
538 I 262568509 64 
539 I 262838020 64 
540 I 262878959 64 
541 I 263582879 64 
542 I 264108516 64 
543 I 264138697 64 
544 I 265208988 64 
545 I 266581570 64 
546 I 267106660 64 
547 I 267752738 64 
548 I 268235156 64 
549 I 268584261 64 
550 I 270137051 64 
551 I 270208906 64 
552 I 270391918 64 
553 I 270427829 64 
554 I 271206935 64 
555 I 271582023 64 
556 I 272187247 64 
557 I 272580283 64 
558 I 273105133 64 
559 I 273206527 64 
560 I 273390111 64 
561 I 273654157 64 
562 I 274321696 64 
563 I 274835284 64 
564 I 275168975 64 
565 I 275535998 64 
566 I 276653010 64 
567 I 277580405 64 
568 I 277785768 64 
569 I 278310773 64 
570 I 279205340 64 
571 I 279389918 64 
572 I 280966795 64 
573 I 282101801 64 
574 I 282134566 64 
575 I 282651871 64 
576 I 282835227 64 
577 I 283204334 64 
578 I 283645450 64 
579 I 283965720 64 
580 I 284551396 64 
581 I 284577305 64 
582 I 284800847 64 
583 I 285100513 64 
584 I 285102058 64 
585 I 286176342 64 
586 I 287798717 64 
587 I 289577873 64 
588 I 289964222 64 
589 I 290336878 64 
590 I 291099059 64 
591 I 291202447 64 
592 I 291385778 64 
593 I 293334624 64 
594 I 293797741 64 
595 I 294648726 64 
596 I 296174794 64 
597 I 296181392 64 
598 I 298315829 64 
599 I 298829344 64 
600 I 299172928 64 
601 I 299333308 64 
