0 I 0 64 
1 I 3884216 64 
2 I 6882072 64 
3 I 7131078 64 
4 I 10129627 64 
5 I 13400724 64 
6 I 14498455 64 
7 I 16476862 64 
8 I 19474942 64 
9 I 22125052 64 
10 I 23510070 64 
11 I 30543369 64 
12 I 35139889 64 
13 I 36998626 64 
14 I 38138610 64 
15 I 42766412 64 
16 I 52262417 64 
17 I 53384310 64 
18 I 55261412 64 
19 I 61259923 64 
20 I 62153439 64 
21 I 62720777 64 
22 I 78502365 64 
23 I 79102196 64 
24 I 80446845 64 
25 I 83444081 64 
26 I 84394028 64 
27 I 85159202 64 
28 I 85566812 64 
29 I 88566016 64 
30 I 89442697 64 
31 I 93456971 64 
32 I 93474567 64 
33 I 94564688 64 
34 I 96472437 64 
35 I 100356503 64 
36 I 101325228 64 
37 I 103355349 64 
38 I 103911391 64 
39 I 104323794 64 
40 I 108063430 64 
41 I 110322545 64 
42 I 114453646 64 
43 I 115599228 64 
44 I 117452095 64 
45 I 123304088 64 
46 I 125692750 64 
47 I 126303124 64 
48 I 128691080 64 
49 I 129320554 64 
50 I 129334616 64 
51 I 132319074 64 
52 I 135079507 64 
53 I 138317769 64 
54 I 140614706 64 
55 I 142287827 64 
56 I 144498797 64 
57 I 154673783 64 
58 I 156659468 64 
59 I 157672623 64 
60 I 162122471 64 
61 I 162488753 56 
62 I 162490642 60 
63 I 163588086 56 
64 I 163588950 66 
65 I 163671051 64 
66 I 164355258 56 
67 I 166367555 64 
68 I 166742535 64 
69 I 168696548 64 
70 I 169062574 56 
71 I 169063180 60 
72 I 169740027 64 
73 I 171390848 64 
74 I 175738553 64 
75 I 176415924 64 
76 I 177832964 64 
77 I 178193876 64 
78 I 178540843 60 
79 I 178898770 56 
80 I 178900448 66 
81 I 181192577 64 
82 I 181838846 64 
83 I 182410861 56 
84 I 187191258 64 
85 I 189548320 64 
86 I 190067102 64 
87 I 190515810 56 
88 I 190517380 70 
89 I 191035155 89 
90 I 193068165 64 
91 I 193219393 68 
92 I 196576257 64 
93 I 199178016 64 
94 I 199348666 89 
95 I 199835450 56 
96 I 199836993 88 
97 I 200314938 62 
98 I 202436032 1504 
99 I 202436418 586 
100 I 202752141 59 
101 I 203993975 64 
102 I 204635377 56 
103 I 204721257 64 
104 I 205747227 56 
105 I 206037357 64 
106 I 206579132 64 
107 I 209081865 64 
108 I 209820710 64 
109 I 210150321 56 
110 I 210150849 60 
111 I 212079990 64 
112 I 213448986 56 
113 I 213453849 66 
114 I 223262918 56 
115 I 225257412 56 
116 I 225391381 64 
117 I 225464248 64 
118 I 225597791 56 
119 I 228469338 68 
120 I 231633543 56 
121 I 232421905 64 
122 I 232692472 56 
123 I 232778863 56 
124 I 232888166 64 
125 I 234979325 56 
126 I 238008244 64 
127 I 241006456 64 
128 I 242968499 64 
129 I 243180535 64 
130 I 244072072 64 
131 I 247005233 64 
132 I 253146982 64 
133 I 253414598 64 
134 I 253982328 64 
135 I 255172026 64 
136 I 256411027 64 
137 I 256981207 64 
138 I 259002061 64 
139 I 262409537 64 
140 I 268610081 64 
141 I 271608511 64 
142 I 274198075 64 
143 I 274390090 64 
144 I 282996289 64 
145 I 285088024 64 
146 I 288086898 64 
147 I 292021480 64 
148 I 294085739 64 
149 I 295019345 64 
150 I 297405208 64 
