0 I 0 52 
1 I 228588 44 
2 I 825911 52 
3 I 1078411 44 
4 I 1463976 44 
5 I 1469988 52 
6 I 1719698 44 
7 I 2402016 44 
8 I 2419444 52 
9 I 2645703 44 
10 I 2941710 44 
11 I 2947874 52 
12 I 3180154 44 
13 I 3516986 44 
14 I 3527474 52 
15 I 3755759 44 
16 I 3763899 52 
17 I 3769226 44 
18 I 3995681 44 
19 I 4155117 44 
20 I 4160209 52 
21 I 4418596 44 
22 I 4425037 44 
23 I 4427238 44 
24 I 4430471 52 
25 I 4714559 44 
26 I 4735900 52 
27 I 4961331 44 
28 I 4963177 44 
29 I 5206090 44 
30 I 5213813 52 
31 I 5513008 44 
32 I 5514100 44 
33 I 5760071 44 
34 I 5765119 52 
35 I 5988584 44 
36 I 6356698 44 
37 I 6368199 52 
38 I 6604607 44 
39 I 7108110 44 
40 I 7115594 52 
41 I 7342770 52 
42 I 7350168 44 
43 I 7628072 52 
44 I 8800604 44 
45 I 8804375 52 
46 I 9032576 44 
47 I 9674840 44 
48 I 16156237 44 
49 I 16157914 44 
50 I 28648845 44 
51 I 39778656 52 
52 I 40030121 44 
53 I 40040499 44 
54 I 49994859 44 
55 I 61399586 52 
56 I 61910658 44 
57 I 61919883 44 
58 I 62884779 44 
