0 I 0 64 
1 I 1309375 64 
2 I 3393816 64 
3 I 3465336 64 
4 I 3853968 64 
5 I 4843954 64 
6 I 5072520 64 
7 I 5123721 64 
8 I 5501947 64 
9 I 5785609 64 
10 I 6177628 64 
11 I 6463672 64 
12 I 7842329 64 
13 I 9176481 64 
14 I 12113294 64 
15 I 12997384 64 
16 I 13566264 64 
17 I 13841832 64 
18 I 15174095 64 
19 I 15356925 64 
20 I 15996284 64 
21 I 15998676 64 
22 I 16339309 64 
23 I 16535743 64 
24 I 16564381 64 
25 I 17506562 64 
26 I 17827882 64 
27 I 18585442 64 
28 I 18997392 64 
29 I 19337170 64 
30 I 19361343 64 
31 I 19585309 64 
32 I 19655264 64 
33 I 20702408 64 
34 I 20827207 64 
35 I 20900820 64 
36 I 21583145 64 
37 I 23062410 64 
38 I 23702006 64 
39 I 24996105 64 
40 I 25544379 64 
41 I 25837405 64 
42 I 26060166 64 
43 I 26825585 64 
44 I 27171091 64 
45 I 27772202 64 
46 I 28542664 64 
47 I 29699716 64 
48 I 32058697 64 
49 I 34120256 64 
50 I 34383841 64 
51 I 34485280 64 
52 I 34540559 64 
53 I 35040935 64 
54 I 35493960 64 
55 I 35582699 64 
56 I 36613035 64 
57 I 36994209 64 
58 I 37337870 64 
59 I 37450323 64 
60 I 37483527 64 
61 I 38384107 64 
62 I 39215953 64 
63 I 40740136 64 
64 I 41999534 64 
65 I 43481794 64 
66 I 44997106 64 
67 I 45593539 64 
68 I 46537570 64 
69 I 47273296 64 
70 I 47426335 64 
71 I 48199198 64 
72 I 49291594 64 
73 I 49831446 64 
74 I 50995462 64 
75 I 51165771 64 
76 I 51861262 64 
77 I 52290267 64 
78 I 53768771 64 
79 I 53815649 64 
80 I 54808824 64 
81 I 55478726 64 
82 I 56332664 64 
83 I 56814777 64 
84 I 58203698 64 
85 I 59198267 64 
86 I 59676040 64 
87 I 60232934 64 
88 I 60485714 64 
89 I 61430428 64 
90 I 61548969 64 
91 I 62213828 64 
92 I 62322063 64 
93 I 62994090 64 
94 I 63471799 64 
95 I 63484609 64 
96 I 64546958 64 
97 I 65212924 64 
98 I 65319984 64 
99 I 66531662 64 
100 I 67134197 64 
101 I 69221943 64 
102 I 69530531 64 
103 I 72254956 64 
104 I 72529356 64 
105 I 73594616 64 
106 I 74111284 64 
107 I 75253225 64 
108 I 77109926 64 
109 I 77240282 64 
110 I 78145494 64 
111 I 78995822 64 
112 I 79472692 64 
113 I 81127756 64 
114 I 81144275 64 
115 I 82679178 64 
116 I 83809456 64 
117 I 87257232 64 
118 I 88544888 64 
119 I 88555237 64 
120 I 88947196 64 
121 I 88982383 64 
122 I 91544165 64 
123 I 91553887 64 
124 I 93767888 64 
125 I 95534401 64 
126 I 98532774 64 
127 I 101514418 64 
128 I 102397924 64 
129 I 103516755 64 
130 I 107238645 64 
131 I 109018469 64 
132 I 109282419 64 
133 I 112017444 64 
134 I 112336752 64 
135 I 114422855 64 
136 I 114665865 64 
137 I 117171886 64 
138 I 118015922 64 
139 I 118561849 64 
140 I 120170208 64 
141 I 120352110 64 
142 I 121092767 64 
143 I 122519987 64 
144 I 124092005 64 
145 I 124255591 64 
146 I 124430040 64 
147 I 127253804 64 
148 I 127491229 64 
149 I 129081474 64 
150 I 131300955 64 
151 I 133252418 64 
152 I 134299292 64 
153 I 137510300 64 
154 I 141851442 64 
155 I 142932632 64 
156 I 142941981 64 
157 I 145771681 64 
158 I 145798027 64 
159 I 148030714 64 
160 I 150112435 64 
161 I 150375964 64 
162 I 151029205 64 
163 I 151069019 64 
164 I 151197696 64 
165 I 153110780 64 
166 I 153177177 64 
167 I 153214448 64 
168 I 154196397 64 
169 I 156213536 64 
170 I 157027589 64 
171 I 159442831 64 
172 I 161575311 64 
173 I 162278106 64 
174 I 163615268 64 
175 I 165810122 64 
176 I 166613408 64 
177 I 167793382 64 
178 I 167847624 64 
179 I 168073890 64 
180 I 170561469 64 
181 I 170791937 64 
182 I 171145862 64 
183 I 174447657 64 
184 I 175076841 64 
185 I 175253074 64 
186 I 176196020 64 
187 I 176790452 64 
188 I 177291734 64 
189 I 178251543 64 
190 I 178845067 64 
191 I 179610831 64 
192 I 180289918 64 
193 I 181308079 64 
194 I 181467317 64 
195 I 182344615 64 
196 I 182609681 64 
197 I 183114939 64 
198 I 184221811 64 
199 I 184249658 64 
200 I 184306121 64 
201 I 184466383 64 
202 I 184612747 64 
203 I 185343071 64 
204 I 185718635 64 
205 I 186775677 64 
206 I 186939112 64 
207 I 187422437 64 
208 I 188215877 64 
209 I 188608010 64 
210 I 188717315 64 
211 I 188781965 64 
212 I 188787429 64 
213 I 189781249 64 
214 I 190419934 64 
215 I 191341539 64 
216 I 191780974 64 
217 I 193614204 64 
218 I 196246502 64 
219 I 196418837 64 
220 I 196612144 64 
221 I 197779305 64 
222 I 198026794 64 
223 I 198653560 64 
224 I 200606983 64 
225 I 201024919 64 
226 I 205139487 64 
227 I 205858436 64 
228 I 207020018 64 
229 I 207025271 64 
230 I 208136893 64 
231 I 208415486 64 
232 I 208905035 64 
233 I 209448110 64 
234 I 211821130 64 
235 I 212643839 64 
236 I 213076678 64 
237 I 214820222 64 
238 I 215026967 64 
239 I 216115512 64 
240 I 217603940 64 
241 I 218555026 64 
242 I 218682686 64 
243 I 218852674 64 
244 I 220242495 64 
245 I 220402524 64 
246 I 220602257 64 
247 I 220893042 64 
248 I 221669433 64 
249 I 221681895 64 
250 I 221850151 64 
251 I 224489234 64 
252 I 224599287 64 
253 I 224823545 64 
254 I 225500185 64 
255 I 227680116 64 
256 I 227823328 64 
257 I 227848615 64 
258 I 228369216 64 
259 I 228857658 64 
260 I 231367273 64 
261 I 231853086 64 
262 I 232410425 64 
263 I 233979116 64 
264 I 234514097 64 
265 I 235445941 64 
266 I 237365804 64 
267 I 237456044 64 
268 I 238115361 64 
269 I 238299736 64 
270 I 239677025 64 
271 I 239845219 64 
272 I 241114405 64 
273 I 241297992 64 
274 I 241591257 64 
275 I 242525054 64 
276 I 245241572 64 
277 I 245523280 64 
278 I 246980536 64 
279 I 247222872 64 
280 I 248240888 64 
281 I 249042175 64 
282 I 251928220 64 
283 I 252065264 64 
284 I 252263466 64 
285 I 253210306 64 
286 I 254238215 64 
287 I 255261427 64 
288 I 257126163 64 
289 I 258349795 64 
290 I 261259823 64 
291 I 261362872 64 
292 I 262789192 64 
293 I 264361102 64 
294 I 267743985 64 
295 I 268597489 64 
296 I 268819095 64 
297 I 270359154 64 
298 I 270483236 64 
299 I 270531086 64 
300 I 270741769 64 
301 I 271861263 64 
302 I 272350731 64 
303 I 272828404 64 
304 I 273256715 64 
305 I 273365805 64 
306 I 273481593 64 
307 I 274860011 64 
308 I 275455728 64 
309 I 275803762 64 
310 I 276363783 64 
311 I 278658504 64 
312 I 283574567 64 
313 I 284385433 64 
314 I 284789374 64 
315 I 285257088 64 
316 I 286369512 64 
317 I 286756984 64 
318 I 287384458 64 
319 I 288336175 64 
320 I 290063847 64 
321 I 290175182 64 
322 I 290554605 64 
323 I 291414773 64 
324 I 293072678 64 
325 I 293173631 64 
326 I 296071856 64 
