0 I 0 52 
1 I 524124 52 
2 I 1021456 52 
3 I 20008619 52 
4 I 20524288 52 
5 I 21024155 52 
6 I 60119785 52 
7 I 60637473 52 
8 I 61130858 52 
9 I 80247635 52 
10 I 80724231 52 
11 I 81224916 52 
12 I 120316487 52 
13 I 120815750 52 
14 I 121319322 52 
15 I 140414177 52 
16 I 140911999 52 
17 I 141411809 52 
18 I 180623863 52 
19 I 181116759 52 
20 I 181617648 52 
21 I 200819703 52 
22 I 201314858 52 
23 I 201815540 52 
24 I 241013737 52 
25 I 241504717 52 
26 I 242005163 52 
27 I 261221883 52 
28 I 261710975 52 
29 I 262199737 52 
