0 I 0 52 
1 I 545186 52 
2 I 1045942 52 
3 I 40116951 52 
4 I 40656926 52 
5 I 41158575 52 
6 I 60266058 52 
7 I 60762757 52 
8 I 61266818 52 
9 I 100375798 52 
10 I 100875553 52 
11 I 101377619 52 
12 I 120488329 52 
13 I 120981870 52 
14 I 121486520 52 
15 I 160649721 52 
16 I 161198612 52 
17 I 161698701 52 
18 I 180732927 52 
19 I 181200758 52 
20 I 181728059 52 
21 I 220860403 52 
22 I 221414025 52 
23 I 221913406 52 
24 I 240979429 52 
25 I 241421524 52 
26 I 241922211 52 
27 I 281113587 52 
28 I 281634170 52 
29 I 282133346 52 
