0 I 0 52 
1 I 41532 44 
2 I 106718 56 
3 I 110794 56 
4 I 150770 44 
5 I 301514 52 
6 I 341290 44 
7 I 449301 56 
8 I 453288 56 
9 I 614829 44 
10 I 4894810 52 
11 I 4938813 44 
12 I 4989337 56 
13 I 4993391 56 
14 I 4997319 44 
15 I 5086868 52 
16 I 5138805 44 
17 I 5166802 52 
18 I 5190610 56 
19 I 5194589 56 
20 I 5206608 44 
21 I 5318889 56 
22 I 5322865 56 
23 I 5374574 44 
24 I 5499172 44 
25 I 21762909 52 
26 I 21806580 44 
27 I 21842615 52 
28 I 21858812 56 
29 I 21862912 56 
30 I 21886812 44 
31 I 21970914 56 
32 I 21974834 56 
33 I 22086599 44 
34 I 22090664 44 
35 I 27198700 52 
36 I 27238732 44 
37 I 27286724 56 
38 I 27290801 56 
39 I 27294731 44 
40 I 27396993 52 
41 I 27442241 44 
42 I 27518753 56 
43 I 27522819 56 
44 I 27526750 52 
45 I 27578815 44 
46 I 27646788 44 
47 I 27778806 56 
48 I 27782784 56 
49 I 28154825 44 
50 I 64300383 52 
51 I 64344422 44 
52 I 64428443 56 
53 I 64432468 56 
54 I 64460362 44 
55 I 64600452 52 
56 I 64640460 44 
57 I 64768497 56 
58 I 64772422 56 
59 I 64872446 44 
60 I 78198829 52 
61 I 78256327 44 
62 I 78304318 44 
63 I 78312353 44 
64 I 78432314 52 
65 I 78472096 44 
66 I 78532087 52 
67 I 78564395 56 
68 I 78568318 56 
69 I 78572092 44 
70 I 78648070 44 
71 I 78712096 44 
72 I 78828097 44 
73 I 91280133 52 
74 I 91336327 44 
75 I 91384104 56 
76 I 91388137 56 
77 I 91391932 44 
78 I 91535896 52 
79 I 91575859 44 
80 I 91599872 52 
81 I 91655929 44 
82 I 91659940 56 
83 I 91663873 56 
84 I 91723899 44 
85 I 91747934 44 
86 I 91851948 44 
87 I 96500772 52 
88 I 96541263 44 
89 I 96597285 44 
90 I 96601236 44 
91 I 96633443 52 
92 I 96673252 44 
93 I 96693240 52 
94 I 96742752 44 
95 I 96794827 56 
96 I 96798809 56 
97 I 96818795 56 
98 I 96823043 56 
99 I 96882800 44 
100 I 96886759 44 
101 I 97810882 52 
102 I 97850602 44 
103 I 97870696 52 
104 I 97910872 44 
105 I 97934873 56 
106 I 97938688 56 
107 I 97998654 56 
108 I 98002701 56 
109 I 98094685 44 
110 I 98098654 44 
111 I 111623031 52 
112 I 111663090 44 
113 I 111711025 56 
114 I 111715126 56 
115 I 111721301 44 
116 I 111760999 52 
117 I 111805098 44 
118 I 111853077 52 
119 I 111881022 56 
120 I 111885034 56 
121 I 111893066 44 
122 I 111974864 44 
123 I 111998871 56 
124 I 112002915 56 
125 I 112058872 44 
126 I 117190750 52 
127 I 117227010 52 
128 I 117230683 44 
129 I 117270720 44 
130 I 117319652 56 
131 I 117323546 56 
132 I 117340471 56 
133 I 117344474 56 
134 I 117460471 44 
135 I 117464752 44 
136 I 120190793 52 
137 I 120236326 44 
138 I 120288159 56 
139 I 120292115 56 
140 I 120324114 44 
141 I 120477583 52 
142 I 120518834 44 
143 I 120606866 56 
144 I 120610893 56 
145 I 120694905 44 
146 I 129848992 52 
147 I 129888689 44 
148 I 129936703 56 
149 I 129940697 56 
150 I 129945043 44 
151 I 130008711 52 
152 I 130056068 44 
153 I 130072712 52 
154 I 130128716 44 
155 I 130152897 56 
156 I 130156767 56 
157 I 130180726 56 
158 I 130185032 56 
159 I 130292817 44 
160 I 130296732 44 
161 I 192352256 52 
162 I 192392180 52 
163 I 192396219 44 
164 I 192440144 44 
165 I 192476232 56 
166 I 192480210 56 
167 I 192508230 56 
168 I 192512222 56 
169 I 192600288 44 
170 I 192604195 44 
171 I 198718697 52 
172 I 198758740 44 
173 I 198810932 56 
174 I 198814723 56 
175 I 198822704 44 
176 I 198858726 52 
177 I 198898737 44 
178 I 198966707 56 
179 I 198970741 56 
180 I 198978750 52 
181 I 199022736 44 
182 I 199100309 44 
183 I 199125488 56 
184 I 199129531 56 
185 I 199221502 44 
186 I 210332539 52 
187 I 210349595 52 
188 I 210373629 44 
189 I 210389557 44 
190 I 210465568 56 
191 I 210469859 56 
192 I 210473884 56 
193 I 210477604 56 
194 I 210583615 44 
195 I 210591658 44 
196 I 216031055 52 
197 I 216074786 44 
198 I 216132014 56 
199 I 216136189 56 
200 I 216140037 44 
201 I 216180025 52 
202 I 216220170 44 
203 I 216232036 52 
204 I 216272042 44 
205 I 216296017 56 
206 I 216300055 56 
207 I 216341318 56 
208 I 216345270 56 
209 I 216405332 44 
210 I 216417332 44 
211 I 228644537 52 
212 I 228684547 44 
213 I 228732485 44 
214 I 228736582 44 
215 I 228832823 52 
216 I 228872563 44 
217 I 228920603 52 
218 I 228924542 56 
219 I 228928583 56 
220 I 228968577 44 
221 I 229072542 44 
222 I 229076613 56 
223 I 229080607 56 
224 I 229178826 44 
225 I 258708155 52 
226 I 258750965 44 
227 I 258798948 56 
228 I 258802888 56 
229 I 258806936 44 
230 I 258858863 52 
231 I 258898861 44 
232 I 258950867 52 
233 I 258970892 56 
234 I 258974961 56 
235 I 258994939 44 
236 I 259070901 56 
237 I 259074963 56 
238 I 259086985 44 
239 I 259090917 44 
240 I 262168517 52 
241 I 262208573 44 
242 I 262256549 56 
243 I 262260516 56 
244 I 262264557 44 
245 I 262376584 52 
246 I 262396566 52 
247 I 262420505 44 
248 I 262439053 44 
249 I 262490827 56 
250 I 262494801 56 
251 I 262526862 56 
252 I 262530756 56 
253 I 262582815 44 
254 I 262590851 44 
255 I 265131903 52 
256 I 265172208 44 
257 I 265219954 56 
258 I 265223916 56 
259 I 265227859 44 
260 I 265347954 52 
261 I 265379888 52 
262 I 265387938 44 
263 I 265427949 44 
264 I 265467914 56 
265 I 265471871 56 
266 I 265487949 56 
267 I 265491912 56 
268 I 265527962 44 
269 I 265583931 44 
270 I 266128300 52 
271 I 266168298 44 
272 I 266184322 52 
273 I 266228270 44 
274 I 266232309 56 
275 I 266236019 56 
276 I 266292220 56 
277 I 266296242 56 
278 I 266420049 44 
279 I 266424018 44 
