0 I 0 1504 
1 I 49656 1504 
2 I 272173 1504 
3 I 5468795 850 
4 I 8164195 1504 
5 I 8211178 1504 
6 I 8337455 1504 
7 I 13334921 835 
8 I 16632099 1504 
9 I 16680390 1504 
10 I 16734454 1504 
11 I 16932956 1504 
12 I 21984508 401 
13 I 24647110 1504 
14 I 24693924 1504 
15 I 24741491 1504 
16 I 24790231 1504 
17 I 25097388 1504 
18 I 30630495 523 
19 I 33286422 1504 
20 I 33334400 1504 
21 I 33429272 1504 
22 I 33477059 1504 
23 I 33970014 1504 
24 I 36520522 1025 
25 I 42016160 1504 
26 I 42067818 1504 
27 I 42201515 1504 
28 I 42249461 1504 
29 I 42815864 1504 
30 I 48018644 523 
31 I 50614478 1504 
32 I 50662476 1504 
33 I 50757373 1504 
34 I 50805387 1504 
35 I 51230490 1504 
36 I 52938204 1025 
37 I 59072164 1504 
38 I 59118053 1504 
39 I 59170098 1504 
40 I 59175480 232 
41 I 66438524 44 
42 I 66683625 52 
43 I 68865987 52 
44 I 68870456 44 
45 I 75972206 219 
46 I 75976479 44 
47 I 80176109 219 
48 I 80234527 44 
49 I 82955597 44 
50 I 218510885 52 
51 I 222208556 52 
52 I 222211324 44 
53 I 226080642 220 
54 I 226087934 44 
55 I 233581840 220 
56 I 233683806 44 
57 I 234777573 44 
