0 I 0 1504 
1 I 191944 1504 
2 I 372832 1504 
3 I 467860 1504 
4 I 531927 1504 
5 I 581351 1504 
6 I 629441 1504 
7 I 677364 1504 
8 I 725521 1504 
9 I 773436 1504 
10 I 821360 1504 
11 I 869345 1504 
12 I 917292 1504 
13 I 965430 1504 
14 I 1013390 1504 
15 I 1061439 1504 
16 I 1109459 1504 
17 I 1157284 1504 
18 I 1205275 1504 
19 I 1253507 1504 
20 I 1301372 1504 
21 I 1349260 1504 
22 I 1397321 1504 
23 I 1445264 1504 
24 I 1493772 1504 
25 I 1541509 1504 
26 I 1592272 1504 
27 I 1640269 1504 
28 I 1688320 1504 
29 I 1736361 1504 
30 I 1784287 1504 
31 I 1832357 1504 
32 I 1880274 1504 
33 I 1928289 1504 
34 I 1976315 1504 
35 I 2024306 1504 
36 I 2072343 1504 
37 I 2120278 1504 
38 I 2207388 1504 
39 I 2255265 1504 
40 I 2303272 1504 
41 I 2351386 1504 
42 I 2399422 1504 
43 I 2447377 1504 
44 I 2490770 1340 
45 I 4212113 1504 
46 I 4404033 1504 
47 I 4557845 1504 
48 I 4653786 1504 
49 I 4749792 1504 
50 I 4845797 1504 
51 I 4940519 1504 
52 I 5004375 1504 
53 I 5068587 1504 
54 I 5124906 1504 
55 I 5172963 1504 
56 I 5221065 1504 
57 I 5268901 1504 
58 I 5316914 1504 
59 I 5364960 1504 
60 I 5412905 1504 
61 I 5460921 1504 
62 I 5509030 1504 
63 I 5556881 1504 
64 I 5604930 1504 
65 I 5652902 1504 
66 I 5700925 1504 
67 I 5748953 1504 
68 I 5796990 1504 
69 I 5844961 1504 
70 I 5892930 1504 
71 I 5940912 1504 
72 I 6078925 1504 
73 I 6126903 1504 
74 I 6174889 1504 
75 I 6222926 1504 
76 I 6270943 1504 
77 I 6318917 1504 
78 I 6366900 1504 
79 I 6414924 1504 
80 I 6462999 1504 
81 I 6510936 1504 
82 I 6558942 1504 
83 I 6606909 1504 
84 I 6654938 1504 
85 I 6702898 1504 
86 I 6750925 1504 
87 I 6798996 1504 
88 I 6846900 1504 
89 I 6890357 1340 
90 I 7622710 1504 
91 I 7686790 1504 
92 I 7750718 1504 
93 I 7814727 1504 
94 I 7872219 1504 
95 I 7920314 1504 
96 I 7968194 1504 
97 I 8016150 1504 
98 I 8064296 1504 
99 I 8112149 1504 
100 I 8160206 1504 
101 I 8208160 1504 
102 I 8256216 1504 
103 I 8304146 1504 
104 I 8352199 1504 
105 I 8400344 1504 
106 I 8448235 1504 
107 I 8496146 1504 
108 I 8544138 1504 
109 I 8592170 1504 
110 I 8640223 1504 
111 I 8688213 1504 
112 I 8736151 1504 
113 I 8784183 1504 
114 I 8832174 1504 
115 I 8880148 1504 
116 I 8931192 1504 
117 I 8979165 1504 
118 I 9027312 1504 
119 I 9075184 1504 
120 I 9123127 1504 
121 I 9171477 1504 
122 I 9219157 1504 
123 I 9267170 1504 
124 I 9315180 1504 
125 I 9363171 1504 
126 I 9411156 1504 
127 I 9459156 1504 
128 I 9507243 1504 
129 I 9555140 1504 
130 I 9603199 1504 
131 I 9651258 1504 
132 I 9699144 1504 
133 I 9747218 1504 
134 I 9790692 1340 
135 I 14022554 1504 
136 I 14214539 1504 
137 I 14406569 1504 
138 I 14598653 1504 
139 I 14701455 1504 
140 I 14797296 1504 
141 I 14893281 1504 
142 I 14973623 1504 
143 I 15037516 1504 
144 I 15101653 1504 
145 I 15166121 1504 
146 I 15229523 1504 
147 I 15288179 1504 
148 I 15336161 1504 
149 I 15384145 1504 
150 I 15432200 1504 
151 I 15480141 1504 
152 I 15528162 1504 
153 I 15576155 1504 
154 I 15624143 1504 
155 I 15672267 1504 
156 I 15720148 1504 
157 I 15768364 1504 
158 I 15816217 1504 
159 I 15864143 1504 
160 I 15912151 1504 
161 I 15960137 1504 
162 I 16008198 1504 
163 I 16056195 1504 
164 I 16104203 1504 
165 I 16152151 1504 
166 I 16200171 1504 
167 I 16248221 1504 
168 I 16296153 1504 
169 I 16344193 1504 
170 I 16392260 1504 
171 I 16440295 1504 
172 I 16507649 1504 
173 I 16555684 1504 
174 I 16603641 1504 
175 I 16651657 1504 
176 I 16699695 1504 
177 I 16747774 1504 
178 I 16795690 1504 
179 I 16839122 1340 
180 I 19085070 1504 
181 I 19277065 1504 
182 I 19413772 1504 
183 I 19485094 1504 
184 I 19543104 1504 
185 I 19590668 1504 
186 I 19638661 1504 
187 I 19686668 1504 
188 I 19734670 1504 
189 I 19782661 1504 
190 I 19830638 1504 
191 I 19878651 1504 
192 I 19926679 1504 
193 I 19974651 1504 
194 I 20022655 1504 
195 I 20070634 1504 
196 I 20118642 1504 
197 I 20166652 1504 
198 I 20214638 1504 
199 I 20262667 1504 
200 I 20310666 1504 
201 I 20358653 1504 
202 I 20406658 1504 
203 I 20454657 1504 
204 I 20502676 1504 
205 I 20550685 1504 
206 I 20598768 1504 
207 I 20646652 1504 
208 I 20694695 1504 
209 I 20742647 1504 
210 I 20790692 1504 
211 I 20838665 1504 
212 I 20886680 1504 
213 I 20934643 1504 
214 I 20982654 1504 
215 I 21030725 1504 
216 I 21078711 1504 
217 I 21126659 1504 
218 I 21174751 1504 
219 I 21222675 1504 
220 I 21270674 1504 
221 I 21338213 1504 
222 I 21386173 1504 
223 I 21434162 1504 
224 I 21477644 1340 
225 I 24838505 1504 
226 I 25349093 1504 
227 I 25534987 1504 
228 I 25628431 1504 
229 I 25691528 1504 
230 I 25739518 1504 
231 I 25787532 1504 
232 I 25835478 1504 
233 I 25883531 1504 
234 I 25931499 1504 
235 I 25979549 1504 
236 I 26027516 1504 
237 I 26075589 1504 
238 I 26123552 1504 
239 I 26171548 1504 
240 I 26219505 1504 
241 I 26267524 1504 
242 I 26315557 1504 
243 I 26363538 1504 
244 I 26411543 1504 
245 I 26459538 1504 
246 I 26507565 1504 
247 I 26555545 1504 
248 I 26603568 1504 
249 I 26651629 1504 
250 I 26699581 1504 
251 I 26747562 1504 
252 I 26795529 1504 
253 I 26843536 1504 
254 I 26891523 1504 
255 I 26939544 1504 
256 I 26987548 1504 
257 I 27035512 1504 
258 I 27083539 1504 
259 I 27131577 1504 
260 I 27179584 1504 
261 I 27227529 1504 
262 I 27275522 1504 
263 I 27323603 1504 
264 I 27371536 1504 
265 I 27419580 1504 
266 I 27467523 1504 
267 I 27515508 1504 
268 I 27563510 1504 
269 I 27607009 1340 
270 I 38141495 1504 
271 I 38333577 1504 
272 I 38446051 1504 
273 I 38542033 1504 
274 I 38630007 1504 
275 I 38693994 1504 
276 I 38744034 1504 
277 I 38792013 1504 
278 I 38840044 1504 
279 I 38888038 1504 
280 I 38936018 1504 
281 I 38984024 1504 
282 I 39032054 1504 
283 I 39080044 1504 
284 I 39128077 1504 
285 I 39176230 1504 
286 I 39224181 1504 
287 I 39272045 1504 
288 I 39320039 1504 
289 I 39368003 1504 
290 I 39416001 1504 
291 I 39464007 1504 
292 I 39512053 1504 
293 I 39560090 1504 
294 I 39608046 1504 
295 I 39656092 1504 
296 I 39704032 1504 
297 I 39752044 1504 
298 I 39800070 1504 
299 I 39848002 1504 
300 I 39896032 1504 
301 I 39947164 1504 
302 I 39995141 1504 
303 I 40043026 1504 
304 I 40091061 1504 
305 I 40139021 1504 
306 I 40188149 1504 
307 I 40235018 1504 
308 I 40283024 1504 
309 I 40331033 1504 
310 I 40379002 1504 
311 I 40427057 1504 
312 I 40475009 1504 
313 I 40523142 1504 
314 I 40566550 1340 
315 I 41551619 1504 
316 I 41621569 1504 
317 I 41717739 1504 
318 I 41813635 1504 
319 I 41909574 1504 
320 I 42005518 1504 
321 I 42073847 1504 
322 I 42131482 1504 
323 I 42179434 1504 
324 I 42227386 1504 
325 I 42275406 1504 
326 I 42323402 1504 
327 I 42371402 1504 
328 I 42419368 1504 
329 I 42467455 1504 
330 I 42515389 1504 
331 I 42563421 1504 
332 I 42611418 1504 
333 I 42659436 1504 
334 I 42707434 1504 
335 I 42755403 1504 
336 I 42803380 1504 
337 I 42851421 1504 
338 I 42899414 1504 
339 I 42947460 1504 
340 I 42995431 1504 
341 I 43043397 1504 
342 I 43091373 1504 
343 I 43139392 1504 
344 I 43187405 1504 
345 I 43235380 1504 
346 I 43283420 1504 
347 I 43346369 1504 
348 I 43394609 1504 
349 I 43442518 1504 
350 I 43490554 1504 
351 I 43539504 1504 
352 I 43586399 1504 
353 I 43634415 1504 
354 I 43682457 1504 
355 I 43730560 1504 
356 I 43778397 1504 
357 I 43826414 1504 
358 I 43874441 1504 
359 I 43917860 1340 
360 I 44666528 1504 
361 I 44730245 1504 
362 I 44794271 1504 
363 I 44858253 1504 
364 I 44922224 1504 
365 I 44986299 1504 
366 I 45050448 1504 
367 I 45114249 1504 
368 I 45178245 1504 
369 I 45228316 1504 
370 I 45276304 1504 
371 I 45324336 1504 
372 I 45372379 1504 
373 I 45420279 1504 
374 I 45468270 1504 
375 I 45516278 1504 
376 I 45564283 1504 
377 I 45612267 1504 
378 I 45660249 1504 
379 I 45708271 1504 
380 I 45756270 1504 
381 I 45804304 1504 
382 I 45852322 1504 
383 I 45900371 1504 
384 I 45948313 1504 
385 I 45996256 1504 
386 I 46044280 1504 
387 I 46092350 1504 
388 I 46140388 1504 
389 I 46188268 1504 
390 I 46236262 1504 
391 I 46284261 1504 
392 I 46332661 1504 
393 I 46380345 1504 
394 I 46428255 1504 
395 I 46476278 1504 
396 I 46617319 1504 
397 I 46665261 1504 
398 I 46713247 1504 
399 I 46761261 1504 
400 I 46809260 1504 
401 I 46857316 1504 
402 I 46905275 1504 
403 I 46953263 1504 
404 I 46996774 1340 
405 I 49283758 1504 
406 I 49347776 1504 
407 I 49397708 1504 
408 I 49445725 1504 
409 I 49493654 1504 
410 I 49541674 1504 
411 I 49589656 1504 
412 I 49637669 1504 
413 I 49685685 1504 
414 I 49733879 1504 
415 I 49781696 1504 
416 I 49829684 1504 
417 I 49886928 1504 
418 I 49925633 1504 
419 I 49973716 1504 
420 I 50021653 1504 
421 I 50069619 1504 
422 I 50117742 1504 
423 I 50165634 1504 
424 I 50213641 1504 
425 I 50261726 1504 
426 I 50309645 1504 
427 I 50358002 1504 
428 I 50405626 1504 
429 I 50453681 1504 
430 I 50501634 1504 
431 I 50549847 1504 
432 I 50597663 1504 
433 I 50645721 1504 
434 I 50693698 1504 
435 I 50741759 1504 
436 I 50789630 1504 
437 I 50837647 1504 
438 I 50885647 1504 
439 I 51071649 1504 
440 I 51119642 1504 
441 I 51328151 1504 
442 I 51376152 1504 
443 I 51424150 1504 
444 I 51472654 1504 
445 I 51520210 1504 
446 I 51568135 1504 
447 I 51616187 1504 
448 I 51664480 1504 
449 I 51707663 1340 
450 I 54223006 1504 
451 I 54318764 1504 
452 I 59282588 1504 
453 I 59474507 1504 
454 I 59593628 1504 
455 I 59689023 1504 
456 I 59785132 1504 
457 I 59881035 1504 
458 I 59977507 1504 
459 I 60057310 1504 
460 I 60121278 1504 
461 I 60185251 1504 
462 I 60249234 1504 
463 I 60313259 1504 
464 I 60377279 1504 
465 I 60441318 1504 
466 I 60505239 1504 
467 I 60558416 1504 
468 I 60606501 1504 
469 I 60654434 1504 
470 I 60702392 1504 
471 I 60750533 1504 
472 I 60798404 1504 
473 I 60846411 1504 
474 I 60894471 1504 
475 I 60942396 1504 
476 I 60990377 1504 
477 I 61038441 1504 
478 I 61086430 1504 
479 I 61134392 1504 
480 I 61182404 1504 
481 I 61230400 1504 
482 I 61278395 1504 
483 I 61326391 1504 
484 I 61374416 1504 
485 I 61422446 1504 
486 I 61470471 1504 
487 I 61644394 1504 
488 I 61756894 1504 
489 I 61804897 1504 
490 I 61852901 1504 
491 I 61901035 1504 
492 I 61948899 1504 
493 I 61996885 1504 
494 I 62040475 1340 
495 I 65300110 1504 
496 I 65492051 1504 
497 I 65684403 1504 
498 I 65876008 1504 
499 I 66003017 1504 
500 I 66099043 1504 
501 I 66195124 1504 
502 I 66291091 1504 
503 I 66387059 1504 
504 I 66466561 1504 
505 I 66530470 1504 
506 I 66594378 1504 
507 I 66658688 1504 
508 I 66722453 1504 
509 I 66786405 1504 
510 I 66850512 1504 
511 I 66914393 1504 
512 I 66968526 1504 
513 I 67016633 1504 
514 I 67064590 1504 
515 I 67112570 1504 
516 I 67160577 1504 
517 I 67208756 1504 
518 I 67256536 1504 
519 I 67304532 1504 
520 I 67352607 1504 
521 I 67400589 1504 
522 I 67448533 1504 
523 I 67496604 1504 
524 I 67544520 1504 
525 I 67592541 1504 
526 I 67640509 1504 
527 I 67688539 1504 
528 I 67736532 1504 
529 I 67784513 1504 
530 I 67832540 1504 
531 I 68960592 1504 
532 I 69008591 1504 
533 I 69056536 1504 
534 I 69107626 1504 
535 I 69155527 1504 
536 I 69203512 1504 
537 I 69272553 1504 
538 I 69320546 1504 
539 I 69363999 1340 
540 I 70090015 1504 
541 I 70151061 1504 
542 I 70215025 1504 
543 I 70279115 1504 
544 I 70343033 1504 
545 I 70407059 1504 
546 I 70462534 1504 
547 I 70510510 1504 
548 I 70558629 1504 
549 I 70606530 1504 
550 I 70654530 1504 
551 I 70702529 1504 
552 I 70750602 1504 
553 I 70798546 1504 
554 I 70846517 1504 
555 I 70894552 1504 
556 I 70942522 1504 
557 I 70990563 1504 
558 I 71038567 1504 
559 I 71086575 1504 
560 I 71134914 1504 
561 I 71182554 1504 
562 I 71230572 1504 
563 I 71278533 1504 
564 I 71326511 1504 
565 I 71374530 1504 
566 I 71422508 1504 
567 I 71470637 1504 
568 I 71518530 1504 
569 I 71566555 1504 
570 I 71614514 1504 
571 I 71662513 1504 
572 I 71710537 1504 
573 I 71758567 1504 
574 I 71806635 1504 
575 I 71854522 1504 
576 I 71925068 1504 
577 I 71973265 1504 
578 I 72021100 1504 
579 I 72069177 1504 
580 I 72117011 1504 
581 I 72165026 1504 
582 I 72258560 1504 
583 I 72306026 1504 
584 I 72349478 1340 
585 I 74899090 1504 
586 I 74995032 1504 
587 I 75091050 1504 
588 I 75160245 1504 
589 I 75214029 1504 
590 I 75262071 1504 
591 I 75310010 1504 
592 I 75373688 1504 
593 I 75406032 1504 
594 I 75454072 1504 
595 I 75502143 1504 
596 I 75550013 1504 
597 I 75598108 1504 
598 I 75646076 1504 
599 I 75694076 1504 
600 I 75742257 1504 
601 I 75790030 1504 
602 I 75838016 1504 
603 I 75886039 1504 
604 I 75934080 1504 
605 I 75982003 1504 
606 I 76030048 1504 
607 I 76078016 1504 
608 I 76126143 1504 
609 I 76174023 1504 
610 I 76222029 1504 
611 I 76270088 1504 
612 I 76318084 1504 
613 I 76366056 1504 
614 I 76414038 1504 
615 I 76462004 1504 
616 I 76510140 1504 
617 I 76558184 1504 
618 I 76606134 1504 
619 I 76654214 1504 
620 I 76702158 1504 
621 I 76750223 1504 
622 I 76802765 1504 
623 I 76850625 1504 
624 I 76898537 1504 
625 I 76946561 1504 
626 I 76994531 1504 
627 I 77042680 1504 
628 I 77090571 1504 
629 I 77133993 1340 
630 I 78946558 1504 
631 I 79138609 1504 
632 I 79259031 1504 
633 I 79354331 1504 
634 I 79418392 1504 
635 I 79470385 1504 
636 I 79518392 1504 
637 I 79566466 1504 
638 I 79614443 1504 
639 I 79662422 1504 
640 I 79710409 1504 
641 I 79758454 1504 
642 I 79806465 1504 
643 I 79859551 1504 
644 I 79902437 1504 
645 I 79950446 1504 
646 I 79998418 1504 
647 I 80046439 1504 
648 I 80094402 1504 
649 I 80142415 1504 
650 I 80190408 1504 
651 I 80238460 1504 
652 I 80286395 1504 
653 I 80334410 1504 
654 I 80382408 1504 
655 I 80430395 1504 
656 I 80478428 1504 
657 I 80526395 1504 
658 I 80574398 1504 
659 I 80622427 1504 
660 I 80670452 1504 
661 I 80718401 1504 
662 I 80766439 1504 
663 I 80814404 1504 
664 I 80862407 1504 
665 I 80910417 1504 
666 I 80958378 1504 
667 I 81006401 1504 
668 I 81066410 1504 
669 I 81114401 1504 
670 I 81162416 1504 
671 I 81210381 1504 
672 I 81258387 1504 
673 I 81306438 1504 
674 I 81352913 1340 
675 I 82626471 1504 
676 I 82674384 1504 
677 I 82722422 1504 
678 I 82771802 1504 
679 I 82818498 1504 
680 I 82866422 1504 
681 I 82914423 1504 
682 I 82962478 1504 
683 I 83010389 1504 
684 I 83058410 1504 
685 I 83106386 1504 
686 I 83154408 1504 
687 I 83202454 1504 
688 I 83250384 1504 
689 I 83298533 1504 
690 I 83346480 1504 
691 I 83394454 1504 
692 I 83442717 1504 
693 I 83490479 1504 
694 I 83538401 1504 
695 I 83586482 1504 
696 I 83634420 1504 
697 I 83682407 1504 
698 I 83739854 1504 
699 I 83778693 1504 
700 I 83826549 1504 
701 I 83874412 1504 
702 I 83922388 1504 
703 I 83970477 1504 
704 I 84018396 1504 
705 I 84066413 1504 
706 I 84114395 1504 
707 I 84162401 1504 
708 I 84210507 1504 
709 I 84258398 1504 
710 I 84306458 1504 
711 I 84354393 1504 
712 I 84402381 1504 
713 I 84450406 1504 
714 I 84551053 1504 
715 I 84598904 1504 
716 I 84646896 1504 
717 I 84694924 1504 
718 I 84742906 1504 
719 I 84786342 1340 
720 I 86391284 1504 
721 I 86439288 1504 
722 I 86487285 1504 
723 I 86535392 1504 
724 I 86583279 1504 
725 I 86632225 1504 
726 I 86679294 1504 
727 I 86744024 1504 
728 I 86775268 1504 
729 I 86823338 1504 
730 I 86871318 1504 
731 I 86919345 1504 
732 I 86967301 1504 
733 I 87015259 1504 
734 I 87063295 1504 
735 I 87111257 1504 
736 I 87159282 1504 
737 I 87207295 1504 
738 I 87255510 1504 
739 I 87303339 1504 
740 I 87351275 1504 
741 I 87399628 1504 
742 I 87447348 1504 
743 I 87495273 1504 
744 I 87543285 1504 
745 I 87591272 1504 
746 I 87639743 1504 
747 I 87687272 1504 
748 I 87735273 1504 
749 I 87783308 1504 
750 I 87831289 1504 
751 I 87879316 1504 
752 I 87927514 1504 
753 I 87975839 1504 
754 I 88023401 1504 
755 I 88071306 1504 
756 I 88119313 1504 
757 I 88167753 1504 
758 I 88215324 1504 
759 I 88263269 1504 
760 I 88425260 1504 
761 I 88473259 1504 
762 I 88521273 1504 
763 I 88608288 1504 
764 I 88651781 1340 
765 I 90243244 1504 
766 I 90339478 1504 
767 I 90435598 1504 
768 I 90531291 1504 
769 I 90623742 1504 
770 I 90687747 1504 
771 I 90751769 1504 
772 I 90803072 1504 
773 I 90851025 1504 
774 I 90899143 1504 
775 I 90947021 1504 
776 I 90995015 1504 
777 I 91043009 1504 
778 I 91091019 1504 
779 I 91139050 1504 
780 I 91187095 1504 
781 I 91235029 1504 
782 I 91283041 1504 
783 I 91331035 1504 
784 I 91379011 1504 
785 I 91427098 1504 
786 I 91475166 1504 
787 I 91523037 1504 
788 I 91571095 1504 
789 I 91619158 1504 
790 I 91667037 1504 
791 I 91715323 1504 
792 I 91763024 1504 
793 I 91811067 1504 
794 I 91859052 1504 
795 I 91907017 1504 
796 I 91955046 1504 
797 I 92003055 1504 
798 I 92051002 1504 
799 I 92099037 1504 
800 I 92147095 1504 
801 I 92195128 1504 
802 I 92243113 1504 
803 I 92291046 1504 
804 I 92339214 1504 
805 I 92441003 1504 
806 I 92489028 1504 
807 I 92537072 1504 
808 I 92675104 1504 
809 I 92718475 1340 
810 I 93359359 1504 
811 I 93423393 1504 
812 I 93487213 1504 
813 I 93551290 1504 
814 I 93615348 1504 
815 I 93679232 1504 
816 I 93739654 1504 
817 I 93777099 1504 
818 I 93824777 1504 
819 I 93872768 1504 
820 I 93920792 1504 
821 I 93968805 1504 
822 I 94016759 1504 
823 I 94064818 1504 
824 I 94112970 1504 
825 I 94160773 1504 
826 I 94209073 1504 
827 I 94256787 1504 
828 I 94304794 1504 
829 I 94352750 1504 
830 I 94400783 1504 
831 I 94448872 1504 
832 I 94496784 1504 
833 I 94544886 1504 
834 I 94592766 1504 
835 I 94641260 1504 
836 I 94688773 1504 
837 I 94736884 1504 
838 I 94784831 1504 
839 I 94832857 1504 
840 I 94880835 1504 
841 I 94928763 1504 
842 I 94976847 1504 
843 I 95024756 1504 
844 I 95076439 1504 
845 I 95120925 1504 
846 I 95168806 1504 
847 I 95216874 1504 
848 I 95265004 1504 
849 I 95312834 1504 
850 I 95360786 1504 
851 I 95409146 1504 
852 I 95456786 1504 
853 I 95504901 1504 
854 I 95548256 1340 
855 I 97505018 1504 
856 I 97608105 1504 
857 I 97704009 1504 
858 I 97800043 1504 
859 I 97896019 1504 
860 I 97992112 1504 
861 I 98067046 1504 
862 I 98131030 1504 
863 I 98195074 1504 
864 I 98259086 1504 
865 I 98323098 1504 
866 I 98387020 1504 
867 I 98451150 1504 
868 I 98515038 1504 
869 I 98564658 1504 
870 I 98612259 1504 
871 I 98660260 1504 
872 I 98708333 1504 
873 I 98756284 1504 
874 I 98804326 1504 
875 I 98852330 1504 
876 I 98900319 1504 
877 I 98948385 1504 
878 I 98996581 1504 
879 I 99044271 1504 
880 I 99092372 1504 
881 I 99140360 1504 
882 I 99188752 1504 
883 I 99236292 1504 
884 I 99284274 1504 
885 I 99332417 1504 
886 I 99380392 1504 
887 I 99428357 1504 
888 I 99476363 1504 
889 I 99524295 1504 
890 I 99572272 1504 
891 I 99620315 1504 
892 I 99668273 1504 
893 I 99716270 1504 
894 I 99764399 1504 
895 I 99812329 1504 
896 I 99860283 1504 
897 I 99912849 1504 
898 I 99960780 1504 
899 I 100004217 1340 
900 I 100212863 1504 
901 I 100260797 1504 
902 I 100308859 1504 
903 I 100356787 1504 
904 I 100404775 1504 
905 I 100452820 1504 
906 I 100500767 1504 
907 I 100548963 1504 
908 I 100596761 1504 
909 I 100645478 1504 
910 I 100692788 1504 
911 I 100740747 1504 
912 I 100788808 1504 
913 I 100836919 1504 
914 I 100884760 1504 
915 I 100932827 1504 
916 I 100980938 1504 
917 I 101028790 1504 
918 I 101076746 1504 
919 I 101124937 1504 
920 I 101172857 1504 
921 I 101220828 1504 
922 I 101268775 1504 
923 I 101316857 1504 
924 I 101364832 1504 
925 I 101412763 1504 
926 I 101461013 1504 
927 I 101508883 1504 
928 I 101556772 1504 
929 I 101604778 1504 
930 I 101652769 1504 
931 I 101700909 1504 
932 I 101748828 1504 
933 I 101796787 1504 
934 I 101844825 1504 
935 I 101892886 1504 
936 I 101940782 1504 
937 I 101988797 1504 
938 I 102036816 1504 
939 I 102095440 1504 
940 I 102132777 1504 
941 I 102180794 1504 
942 I 102231870 1504 
943 I 102279767 1504 
944 I 102323235 1340 
945 I 103182765 1504 
946 I 103246772 1504 
947 I 103310764 1504 
948 I 103374774 1504 
949 I 103438794 1504 
950 I 103502785 1504 
951 I 103566779 1504 
952 I 103630777 1504 
953 I 103695399 1504 
954 I 103758853 1504 
955 I 103822778 1504 
956 I 103886761 1504 
957 I 103946047 1504 
958 I 103994101 1504 
959 I 104042011 1504 
960 I 104090247 1504 
961 I 104138114 1504 
962 I 104186039 1504 
963 I 104234042 1504 
964 I 104282135 1504 
965 I 104330128 1504 
966 I 104378124 1504 
967 I 104426183 1504 
968 I 104474205 1504 
969 I 104522127 1504 
970 I 104570023 1504 
971 I 104618164 1504 
972 I 104666026 1504 
973 I 104714041 1504 
974 I 104762036 1504 
975 I 104810053 1504 
976 I 104858149 1504 
977 I 104906012 1504 
978 I 104954029 1504 
979 I 105002172 1504 
980 I 105050110 1504 
981 I 105098041 1504 
982 I 105146372 1504 
983 I 105194191 1504 
984 I 105242008 1504 
985 I 105290174 1504 
986 I 105338327 1504 
987 I 105386023 1504 
988 I 105438510 1504 
989 I 105482095 1340 
990 I 106621270 1504 
991 I 106717271 1504 
992 I 106813332 1504 
993 I 106890430 1504 
994 I 106954495 1504 
995 I 107018423 1504 
996 I 107082502 1504 
997 I 107137565 1504 
998 I 107185527 1504 
999 I 107233595 1504 
1000 I 107281525 1504 
1001 I 107329536 1504 
1002 I 107377505 1504 
1003 I 107425504 1504 
1004 I 107473560 1504 
1005 I 107521520 1504 
1006 I 107569537 1504 
1007 I 107617510 1504 
1008 I 107665615 1504 
1009 I 107713741 1504 
1010 I 107761551 1504 
1011 I 107809581 1504 
1012 I 107857523 1504 
1013 I 107905633 1504 
1014 I 107953572 1504 
1015 I 108001545 1504 
1016 I 108049506 1504 
1017 I 108097614 1504 
1018 I 108145521 1504 
1019 I 108193553 1504 
1020 I 108241531 1504 
1021 I 108289537 1504 
1022 I 108337629 1504 
1023 I 108385643 1504 
1024 I 108433563 1504 
1025 I 108481529 1504 
1026 I 108529516 1504 
1027 I 108577527 1504 
1028 I 108625521 1504 
1029 I 108673607 1504 
1030 I 108721621 1504 
1031 I 108769524 1504 
1032 I 108817584 1504 
1033 I 108882015 1504 
1034 I 108925565 1340 
1035 I 110685359 1504 
1036 I 110777065 1504 
1037 I 110841182 1504 
1038 I 110905042 1504 
1039 I 110969045 1504 
1040 I 111033037 1504 
1041 I 111097017 1504 
1042 I 111161051 1504 
1043 I 111225026 1504 
1044 I 111285381 1504 
1045 I 111333656 1504 
1046 I 111381519 1504 
1047 I 111429409 1504 
1048 I 111477701 1504 
1049 I 111525442 1504 
1050 I 111573659 1504 
1051 I 111621452 1504 
1052 I 111669572 1504 
1053 I 111717527 1504 
1054 I 111765431 1504 
1055 I 111813398 1504 
1056 I 111861580 1504 
1057 I 111909379 1504 
1058 I 111957387 1504 
1059 I 112005397 1504 
1060 I 112053469 1504 
1061 I 112101516 1504 
1062 I 112149424 1504 
1063 I 112197382 1504 
1064 I 112245411 1504 
1065 I 112293433 1504 
1066 I 112341509 1504 
1067 I 112389579 1504 
1068 I 112437419 1504 
1069 I 112485426 1504 
1070 I 112533426 1504 
1071 I 112581402 1504 
1072 I 112629411 1504 
1073 I 112677427 1504 
1074 I 112725440 1504 
1075 I 112773428 1504 
1076 I 112821415 1504 
1077 I 112869560 1504 
1078 I 112917385 1504 
1079 I 112961051 1340 
1080 I 114242278 1504 
1081 I 114306304 1504 
1082 I 114370351 1504 
1083 I 114433613 1504 
1084 I 114481644 1504 
1085 I 114529581 1504 
1086 I 114577522 1504 
1087 I 114625572 1504 
1088 I 114673575 1504 
1089 I 114721506 1504 
1090 I 114769616 1504 
1091 I 114817594 1504 
1092 I 114865534 1504 
1093 I 114913610 1504 
1094 I 114961524 1504 
1095 I 115009548 1504 
1096 I 115057563 1504 
1097 I 115105637 1504 
1098 I 115153586 1504 
1099 I 115201616 1504 
1100 I 115249581 1504 
1101 I 115297631 1504 
1102 I 115345600 1504 
1103 I 115393551 1504 
1104 I 115441589 1504 
1105 I 115489595 1504 
1106 I 115537520 1504 
1107 I 115585510 1504 
1108 I 115642567 1504 
1109 I 115681643 1504 
1110 I 115729614 1504 
1111 I 115777531 1504 
1112 I 115825579 1504 
1113 I 115873523 1504 
1114 I 115921573 1504 
1115 I 115969621 1504 
1116 I 116017631 1504 
1117 I 116065595 1504 
1118 I 116113542 1504 
1119 I 116161550 1504 
1120 I 116209574 1504 
1121 I 116257536 1504 
1122 I 116305678 1504 
1123 I 116646087 1504 
1124 I 116689489 1340 
1125 I 116889102 1504 
1126 I 116937019 1504 
1127 I 116985028 1504 
1128 I 117033083 1504 
1129 I 117081011 1504 
1130 I 117129030 1504 
1131 I 117177078 1504 
1132 I 117225025 1504 
1133 I 117273025 1504 
1134 I 117321068 1504 
1135 I 117369041 1504 
1136 I 117417017 1504 
1137 I 117465093 1504 
1138 I 117513073 1504 
1139 I 117561026 1504 
1140 I 117609161 1504 
1141 I 117657018 1504 
1142 I 117705063 1504 
1143 I 117753054 1504 
1144 I 117801125 1504 
1145 I 117849166 1504 
1146 I 117897153 1504 
1147 I 117945024 1504 
1148 I 117993134 1504 
1149 I 118041012 1504 
1150 I 118089024 1504 
1151 I 118137023 1504 
1152 I 118185105 1504 
1153 I 118233143 1504 
1154 I 118281250 1504 
1155 I 118329009 1504 
1156 I 118377183 1504 
1157 I 118425037 1504 
1158 I 118473203 1504 
1159 I 118521025 1504 
1160 I 118569056 1504 
1161 I 118617068 1504 
1162 I 118665115 1504 
1163 I 118713215 1504 
1164 I 118761027 1504 
1165 I 118809046 1504 
1166 I 118857085 1504 
1167 I 118905111 1504 
1168 I 118953104 1504 
1169 I 119093956 1340 
1170 I 119709112 1504 
1171 I 119757020 1504 
1172 I 119805066 1504 
1173 I 119853027 1504 
1174 I 119901023 1504 
1175 I 119949074 1504 
1176 I 119997028 1504 
1177 I 120045092 1504 
1178 I 120093020 1504 
1179 I 120141101 1504 
1180 I 120189019 1504 
1181 I 120237016 1504 
1182 I 120285425 1504 
1183 I 120333320 1504 
1184 I 120381093 1504 
1185 I 120429037 1504 
1186 I 120477547 1504 
1187 I 120525094 1504 
1188 I 120573077 1504 
1189 I 120621202 1504 
1190 I 120669019 1504 
1191 I 120717099 1504 
1192 I 120765053 1504 
1193 I 120813022 1504 
1194 I 120861042 1504 
1195 I 120909042 1504 
1196 I 120957082 1504 
1197 I 121005015 1504 
1198 I 121053034 1504 
1199 I 121101030 1504 
1200 I 121149112 1504 
1201 I 121197041 1504 
1202 I 121245025 1504 
1203 I 121293029 1504 
1204 I 121341048 1504 
1205 I 121389055 1504 
1206 I 121437105 1504 
1207 I 121485026 1504 
1208 I 121533037 1504 
1209 I 121581025 1504 
1210 I 121629043 1504 
1211 I 121677014 1504 
1212 I 121725065 1504 
1213 I 121777505 1504 
1214 I 121821019 1340 
1215 I 123024035 1504 
1216 I 123072077 1504 
1217 I 123120036 1504 
1218 I 123168094 1504 
1219 I 123216034 1504 
1220 I 123264091 1504 
1221 I 123312002 1504 
1222 I 123360081 1504 
1223 I 123408025 1504 
1224 I 123456042 1504 
1225 I 123504031 1504 
1226 I 123552022 1504 
1227 I 123600130 1504 
1228 I 123648134 1504 
1229 I 123696021 1504 
1230 I 123744050 1504 
1231 I 123792120 1504 
1232 I 123840047 1504 
1233 I 123888096 1504 
1234 I 123936016 1504 
1235 I 123984267 1504 
1236 I 124032097 1504 
1237 I 124080060 1504 
1238 I 124128000 1504 
1239 I 124176153 1504 
1240 I 124224042 1504 
1241 I 124272042 1504 
1242 I 124320045 1504 
1243 I 124368151 1504 
1244 I 124416043 1504 
1245 I 124464060 1504 
1246 I 124512090 1504 
1247 I 124560011 1504 
1248 I 124608012 1504 
1249 I 124656104 1504 
1250 I 124704033 1504 
1251 I 124752040 1504 
1252 I 124800155 1504 
1253 I 124848024 1504 
1254 I 124896019 1504 
1255 I 124944153 1504 
1256 I 124992055 1504 
1257 I 125040080 1504 
1258 I 125100077 1504 
1259 I 125143633 1340 
1260 I 126476766 1504 
1261 I 126540789 1504 
1262 I 126604807 1504 
1263 I 126668808 1504 
1264 I 126732944 1504 
1265 I 126792380 1504 
1266 I 126840277 1504 
1267 I 126888397 1504 
1268 I 126936349 1504 
1269 I 126984348 1504 
1270 I 127032285 1504 
1271 I 127080406 1504 
1272 I 127128359 1504 
1273 I 127176339 1504 
1274 I 127224372 1504 
1275 I 127272265 1504 
1276 I 127320326 1504 
1277 I 127368311 1504 
1278 I 127416271 1504 
1279 I 127464350 1504 
1280 I 127512414 1504 
1281 I 127560742 1504 
1282 I 127608284 1504 
1283 I 127656291 1504 
1284 I 127704308 1504 
1285 I 127752286 1504 
1286 I 127800309 1504 
1287 I 127848451 1504 
1288 I 127896541 1504 
1289 I 127944283 1504 
1290 I 127992288 1504 
1291 I 128040281 1504 
1292 I 128088315 1504 
1293 I 128136358 1504 
1294 I 128184312 1504 
1295 I 128232419 1504 
1296 I 128280351 1504 
1297 I 128328326 1504 
1298 I 128376322 1504 
1299 I 128424349 1504 
1300 I 128472281 1504 
1301 I 128520272 1504 
1302 I 128568281 1504 
1303 I 128620775 1504 
1304 I 128664418 1340 
1305 I 129576279 1504 
1306 I 129634929 1504 
1307 I 129698913 1504 
1308 I 129762895 1504 
1309 I 129826919 1504 
1310 I 129890910 1504 
1311 I 129954946 1504 
1312 I 130018778 1504 
1313 I 130066898 1504 
1314 I 130114759 1504 
1315 I 130162975 1504 
1316 I 130210807 1504 
1317 I 130258783 1504 
1318 I 130306774 1504 
1319 I 130354795 1504 
1320 I 130402825 1504 
1321 I 130450809 1504 
1322 I 130498793 1504 
1323 I 130546827 1504 
1324 I 130594834 1504 
1325 I 130642800 1504 
1326 I 130690787 1504 
1327 I 130738782 1504 
1328 I 130786906 1504 
1329 I 130834815 1504 
1330 I 130882797 1504 
1331 I 130930782 1504 
1332 I 130978837 1504 
1333 I 131026793 1504 
1334 I 131074780 1504 
1335 I 131122786 1504 
1336 I 131170998 1504 
1337 I 131232708 1504 
1338 I 131266884 1504 
1339 I 131314819 1504 
1340 I 131362803 1504 
1341 I 131410759 1504 
1342 I 131458824 1504 
1343 I 131506780 1504 
1344 I 131554874 1504 
1345 I 131602806 1504 
1346 I 131650762 1504 
1347 I 131698848 1504 
1348 I 131896763 1504 
1349 I 131940223 1340 
1350 I 132865926 1504 
1351 I 132929936 1504 
1352 I 132993966 1504 
1353 I 133057903 1504 
1354 I 133117414 1504 
1355 I 133165403 1504 
1356 I 133213737 1504 
1357 I 133261401 1504 
1358 I 133309451 1504 
1359 I 133357475 1504 
1360 I 133405441 1504 
1361 I 133453400 1504 
1362 I 133501400 1504 
1363 I 133549417 1504 
1364 I 133597382 1504 
1365 I 133645662 1504 
1366 I 133693504 1504 
1367 I 133741412 1504 
1368 I 133789388 1504 
1369 I 133837461 1504 
1370 I 133885552 1504 
1371 I 133933427 1504 
1372 I 133981400 1504 
1373 I 134029548 1504 
1374 I 134077403 1504 
1375 I 134125450 1504 
1376 I 134173401 1504 
1377 I 134227182 1504 
1378 I 134269405 1504 
1379 I 134317629 1504 
1380 I 134365402 1504 
1381 I 134413446 1504 
1382 I 134461413 1504 
1383 I 134509475 1504 
1384 I 134557441 1504 
1385 I 134605440 1504 
1386 I 134653401 1504 
1387 I 134701446 1504 
1388 I 134749435 1504 
1389 I 134797399 1504 
1390 I 134845411 1504 
1391 I 134893401 1504 
1392 I 134941415 1504 
1393 I 134989466 1504 
1394 I 135076480 1340 
1395 I 136113547 1504 
1396 I 136177530 1504 
1397 I 136241537 1504 
1398 I 136305637 1504 
1399 I 136369676 1504 
1400 I 136433563 1504 
1401 I 136497524 1504 
1402 I 136549641 1504 
1403 I 136597648 1504 
1404 I 136645677 1504 
1405 I 136693667 1504 
1406 I 136741650 1504 
1407 I 136789650 1504 
1408 I 136837705 1504 
1409 I 136885658 1504 
1410 I 136933653 1504 
1411 I 136981680 1504 
1412 I 137029654 1504 
1413 I 137077786 1504 
1414 I 137125758 1504 
1415 I 137173678 1504 
1416 I 137221717 1504 
1417 I 137269648 1504 
1418 I 137317650 1504 
1419 I 137366061 1504 
1420 I 137413654 1504 
1421 I 137461698 1504 
1422 I 137509702 1504 
1423 I 137557688 1504 
1424 I 137605650 1504 
1425 I 137653715 1504 
1426 I 137701655 1504 
1427 I 137749830 1504 
1428 I 137797687 1504 
1429 I 137845738 1504 
1430 I 137893699 1504 
1431 I 137941726 1504 
1432 I 137989787 1504 
1433 I 138037700 1504 
1434 I 138085686 1504 
1435 I 138133707 1504 
1436 I 138181687 1504 
1437 I 138229675 1504 
1438 I 138289680 1504 
1439 I 138333153 1340 
1440 I 141793020 1504 
1441 I 141985049 1504 
1442 I 142075809 1504 
1443 I 142139725 1504 
1444 I 142190703 1504 
1445 I 142238641 1504 
1446 I 142286664 1504 
1447 I 142334659 1504 
1448 I 142382663 1504 
1449 I 142430697 1504 
1450 I 142478723 1504 
1451 I 142533667 1504 
1452 I 142574679 1504 
1453 I 142622676 1504 
1454 I 142670651 1504 
1455 I 142718664 1504 
1456 I 142766661 1504 
1457 I 142814653 1504 
1458 I 142862678 1504 
1459 I 142910647 1504 
1460 I 142958717 1504 
1461 I 143006649 1504 
1462 I 143054719 1504 
1463 I 143102693 1504 
1464 I 143150654 1504 
1465 I 143198727 1504 
1466 I 143246781 1504 
1467 I 143294655 1504 
1468 I 143342649 1504 
1469 I 143390898 1504 
1470 I 143438663 1504 
1471 I 143486675 1504 
1472 I 143534661 1504 
1473 I 143582773 1504 
1474 I 143630716 1504 
1475 I 143678699 1504 
1476 I 143726782 1504 
1477 I 143774685 1504 
1478 I 143822699 1504 
1479 I 143870700 1504 
1480 I 143918792 1504 
1481 I 143966708 1504 
1482 I 144014657 1504 
1483 I 144062691 1504 
1484 I 144106165 1340 
1485 I 144704659 1504 
1486 I 144752797 1504 
1487 I 144800648 1504 
1488 I 144848741 1504 
1489 I 144896708 1504 
1490 I 144944787 1504 
1491 I 144992649 1504 
1492 I 145040777 1504 
1493 I 145088742 1504 
1494 I 145136648 1504 
1495 I 145184699 1504 
1496 I 145232681 1504 
1497 I 145280701 1504 
1498 I 145328737 1504 
1499 I 145376662 1504 
1500 I 145424702 1504 
1501 I 145472664 1504 
1502 I 145520677 1504 
1503 I 145568732 1504 
1504 I 145616654 1504 
1505 I 145664657 1504 
1506 I 145712760 1504 
1507 I 145760759 1504 
1508 I 145808931 1504 
1509 I 145856775 1504 
1510 I 145907728 1504 
1511 I 145952734 1504 
1512 I 146000654 1504 
1513 I 146048955 1504 
1514 I 146096662 1504 
1515 I 146144702 1504 
1516 I 146192661 1504 
1517 I 146240726 1504 
1518 I 146288729 1504 
1519 I 146336833 1504 
1520 I 146384640 1504 
1521 I 146432643 1504 
1522 I 146480709 1504 
1523 I 146528786 1504 
1524 I 146576798 1504 
1525 I 146624677 1504 
1526 I 146672767 1504 
1527 I 146720662 1504 
1528 I 146876760 1504 
1529 I 146920124 1340 
1530 I 147801126 1504 
1531 I 147865058 1504 
1532 I 147929020 1504 
1533 I 147993227 1504 
1534 I 148057062 1504 
1535 I 148106810 1504 
1536 I 148154755 1504 
1537 I 148202886 1504 
1538 I 148250779 1504 
1539 I 148298963 1504 
1540 I 148346816 1504 
1541 I 148394824 1504 
1542 I 148442779 1504 
1543 I 148490833 1504 
1544 I 148539786 1504 
1545 I 148586766 1504 
1546 I 148634771 1504 
1547 I 148683224 1504 
1548 I 148730915 1504 
1549 I 148778807 1504 
1550 I 148826783 1504 
1551 I 148874866 1504 
1552 I 148922762 1504 
1553 I 148970770 1504 
1554 I 149018819 1504 
1555 I 149066780 1504 
1556 I 149114778 1504 
1557 I 149162795 1504 
1558 I 149210818 1504 
1559 I 149258782 1504 
1560 I 149306816 1504 
1561 I 149354773 1504 
1562 I 149402772 1504 
1563 I 149450797 1504 
1564 I 149498960 1504 
1565 I 149546840 1504 
1566 I 149594776 1504 
1567 I 149643451 1504 
1568 I 149690879 1504 
1569 I 149738848 1504 
1570 I 149786808 1504 
1571 I 149834786 1504 
1572 I 149882792 1504 
1573 I 149930773 1504 
1574 I 149986256 1340 
1575 I 151464050 1504 
1576 I 151559770 1504 
1577 I 151656393 1504 
1578 I 151752034 1504 
1579 I 151839094 1504 
1580 I 151902763 1504 
1581 I 151950780 1504 
1582 I 151999001 1504 
1583 I 152046792 1504 
1584 I 152094788 1504 
1585 I 152142907 1504 
1586 I 152190928 1504 
1587 I 152238781 1504 
1588 I 152286795 1504 
1589 I 152334867 1504 
1590 I 152382797 1504 
1591 I 152430796 1504 
1592 I 152478803 1504 
1593 I 152526823 1504 
1594 I 152574874 1504 
1595 I 152622788 1504 
1596 I 152670804 1504 
1597 I 152718778 1504 
1598 I 152766779 1504 
1599 I 152814867 1504 
1600 I 152862768 1504 
1601 I 152910847 1504 
1602 I 152958790 1504 
1603 I 153006763 1504 
1604 I 153054807 1504 
1605 I 153102832 1504 
1606 I 153150786 1504 
1607 I 153198931 1504 
1608 I 153246844 1504 
1609 I 153295041 1504 
1610 I 153342807 1504 
1611 I 153390808 1504 
1612 I 153438857 1504 
1613 I 153486797 1504 
1614 I 153534774 1504 
1615 I 153582848 1504 
1616 I 153630888 1504 
1617 I 153678830 1504 
1618 I 153822866 1504 
1619 I 153866241 1340 
1620 I 154604338 1504 
1621 I 154652301 1504 
1622 I 154700335 1504 
1623 I 154748353 1504 
1624 I 154796319 1504 
1625 I 154844340 1504 
1626 I 154892414 1504 
1627 I 154940298 1504 
1628 I 154988318 1504 
1629 I 155036288 1504 
1630 I 155084277 1504 
1631 I 155132457 1504 
1632 I 155180556 1504 
1633 I 155228515 1504 
1634 I 155276942 1504 
1635 I 155324484 1504 
1636 I 155372283 1504 
1637 I 155420484 1504 
1638 I 155468418 1504 
1639 I 155516418 1504 
1640 I 155564272 1504 
1641 I 155612318 1504 
1642 I 155661018 1504 
1643 I 155708291 1504 
1644 I 155756316 1504 
1645 I 155804286 1504 
1646 I 155852374 1504 
1647 I 155900293 1504 
1648 I 155948565 1504 
1649 I 155996284 1504 
1650 I 156044449 1504 
1651 I 156092390 1504 
1652 I 156140494 1504 
1653 I 156188283 1504 
1654 I 156236275 1504 
1655 I 156284286 1504 
1656 I 156332326 1504 
1657 I 156380298 1504 
1658 I 156428400 1504 
1659 I 156476303 1504 
1660 I 156524359 1504 
1661 I 156572431 1504 
1662 I 156620358 1504 
1663 I 156668289 1504 
1664 I 156765456 1340 
1665 I 156810783 1504 
1666 I 163056073 1504 
1667 I 163404023 1504 
1668 I 163500109 1504 
1669 I 168875469 1504 
1670 I 169067506 1504 
1671 I 169249218 1504 
1672 I 169694343 1504 
1673 I 169752217 1504 
1674 I 169800113 1504 
1675 I 169848144 1504 
1676 I 169896490 1504 
1677 I 169944116 1504 
1678 I 170124118 1504 
1679 I 170172260 1504 
1680 I 170220205 1504 
1681 I 170268125 1504 
1682 I 170316151 1504 
1683 I 170364124 1504 
1684 I 170412194 1504 
1685 I 170460381 1504 
1686 I 170508133 1504 
1687 I 170556130 1504 
1688 I 170604134 1504 
1689 I 170652139 1504 
1690 I 170700180 1504 
1691 I 170748146 1504 
1692 I 170796237 1504 
1693 I 170844135 1504 
1694 I 170892166 1504 
1695 I 170940131 1504 
1696 I 170988133 1504 
1697 I 171036172 1504 
1698 I 171084204 1504 
1699 I 171132218 1504 
1700 I 171180217 1504 
1701 I 171228117 1504 
1702 I 171276216 1504 
1703 I 171414204 1504 
1704 I 171462133 1504 
1705 I 171600136 1504 
1706 I 171648319 1504 
1707 I 171696116 1504 
1708 I 171744142 1504 
1709 I 171792158 1504 
1710 I 171840139 1504 
1711 I 171888131 1504 
1712 I 171936236 1504 
1713 I 172024619 1340 
1714 I 172741604 1504 
1715 I 172805497 1504 
1716 I 172869528 1504 
1717 I 172924316 1504 
1718 I 172972383 1504 
1719 I 173020337 1504 
1720 I 173068283 1504 
1721 I 173116328 1504 
1722 I 173164323 1504 
1723 I 173212399 1504 
1724 I 173260442 1504 
1725 I 173308306 1504 
1726 I 173452392 1504 
1727 I 173500432 1504 
1728 I 173548712 1504 
1729 I 173596348 1504 
1730 I 173644314 1504 
1731 I 173737399 1504 
1732 I 173785308 1504 
1733 I 173833309 1504 
1734 I 173881260 1504 
1735 I 173929267 1504 
1736 I 173977316 1504 
1737 I 174025345 1504 
1738 I 174085242 1504 
1739 I 174178350 1504 
1740 I 174226248 1504 
1741 I 174274283 1504 
1742 I 174322264 1504 
1743 I 174370270 1504 
1744 I 174418231 1504 
1745 I 174470755 1504 
1746 I 174518763 1504 
1747 I 174566757 1504 
1748 I 174659744 1504 
1749 I 174707760 1504 
1750 I 174755782 1504 
1751 I 174803789 1504 
1752 I 174851860 1504 
1753 I 174944741 1504 
1754 I 174992801 1504 
1755 I 175045287 1504 
1756 I 175093458 1504 
1757 I 175141253 1504 
1758 I 175331732 1340 
1759 I 175931710 1504 
1760 I 175995734 1504 
1761 I 176059754 1504 
1762 I 176123726 1504 
1763 I 176187764 1504 
1764 I 176246133 1504 
1765 I 176294109 1504 
1766 I 176342169 1504 
1767 I 176390131 1504 
1768 I 176438176 1504 
1769 I 176486198 1504 
1770 I 176534158 1504 
1771 I 176582801 1504 
1772 I 176630140 1504 
1773 I 176735131 1504 
1774 I 176783209 1504 
1775 I 176831184 1504 
1776 I 176879117 1504 
1777 I 176927147 1504 
1778 I 176985739 1504 
1779 I 177068120 1504 
1780 I 177116263 1504 
1781 I 177164179 1504 
1782 I 177212137 1504 
1783 I 177260245 1504 
1784 I 177308113 1504 
1785 I 177356283 1504 
1786 I 177404142 1504 
1787 I 177452265 1504 
1788 I 177549610 1504 
1789 I 177597647 1504 
1790 I 177645629 1504 
1791 I 177693684 1504 
1792 I 177741659 1504 
1793 I 177789637 1504 
1794 I 177883101 1504 
1795 I 177930629 1504 
1796 I 177978623 1504 
1797 I 178026635 1504 
1798 I 178074623 1504 
1799 I 178122649 1504 
1800 I 178173905 1504 
1801 I 178325141 1504 
1802 I 178373260 1504 
1803 I 178416589 1340 
1804 I 180536389 1504 
1805 I 180632306 1504 
1806 I 180727995 1504 
1807 I 180824013 1504 
1808 I 180920110 1504 
1809 I 181004521 1504 
1810 I 181068499 1504 
1811 I 181132497 1504 
1812 I 181196616 1504 
1813 I 181260502 1504 
1814 I 181324640 1504 
1815 I 181388508 1504 
1816 I 181452510 1504 
1817 I 181507908 1504 
1818 I 181556019 1504 
1819 I 181603936 1504 
1820 I 181719491 1504 
1821 I 181767378 1504 
1822 I 182040419 1504 
1823 I 182133393 1504 
1824 I 182181586 1504 
1825 I 182319443 1504 
1826 I 182367488 1504 
1827 I 182415762 1504 
1828 I 182463424 1504 
1829 I 182511455 1504 
1830 I 182559533 1504 
1831 I 182607656 1504 
1832 I 182700436 1504 
1833 I 182748400 1504 
1834 I 182796427 1504 
1835 I 182844458 1504 
1836 I 182946467 1504 
1837 I 182994408 1504 
1838 I 183042388 1504 
1839 I 183138409 1504 
1840 I 183186374 1504 
1841 I 183325899 1504 
1842 I 183374010 1504 
1843 I 183421914 1504 
1844 I 183469887 1504 
1845 I 183518111 1504 
1846 I 183565989 1504 
1847 I 183614022 1504 
1848 I 183676944 1340 
1849 I 185449565 1504 
1850 I 185641608 1504 
1851 I 185783556 1504 
1852 I 185858378 1504 
1853 I 185922468 1504 
1854 I 185985083 1504 
1855 I 186033066 1504 
1856 I 186081053 1504 
1857 I 186129009 1504 
1858 I 186177006 1504 
1859 I 186225044 1504 
1860 I 186272994 1504 
1861 I 186321016 1504 
1862 I 186369174 1504 
1863 I 186417016 1504 
1864 I 186465188 1504 
1865 I 186513013 1504 
1866 I 186561027 1504 
1867 I 186621063 1504 
1868 I 186669010 1504 
1869 I 186732029 1504 
1870 I 186780007 1504 
1871 I 186828026 1504 
1872 I 186876045 1504 
1873 I 186924016 1504 
1874 I 186972051 1504 
1875 I 187020048 1504 
1876 I 187068106 1504 
1877 I 187116052 1504 
1878 I 187164038 1504 
1879 I 187212090 1504 
1880 I 187260105 1504 
1881 I 187308012 1504 
1882 I 187356024 1504 
1883 I 187404056 1504 
1884 I 187452020 1504 
1885 I 187500014 1504 
1886 I 187638012 1504 
1887 I 187686038 1504 
1888 I 187734043 1504 
1889 I 187782079 1504 
1890 I 187830055 1504 
1891 I 187878072 1504 
1892 I 187926022 1504 
1893 I 187969572 1340 
1894 I 188613140 1504 
1895 I 188661072 1504 
1896 I 188709021 1504 
1897 I 188757030 1504 
1898 I 188805042 1504 
1899 I 188853054 1504 
1900 I 188901015 1504 
1901 I 188949009 1504 
1902 I 188997039 1504 
1903 I 189045042 1504 
1904 I 189093025 1504 
1905 I 189141069 1504 
1906 I 189189021 1504 
1907 I 189237017 1504 
1908 I 189286965 1504 
1909 I 189333132 1504 
1910 I 189381017 1504 
1911 I 189429057 1504 
1912 I 189477144 1504 
1913 I 189529545 1504 
1914 I 189577585 1504 
1915 I 189625504 1504 
1916 I 189673543 1504 
1917 I 189721569 1504 
1918 I 189772623 1504 
1919 I 189820513 1504 
1920 I 189868501 1504 
1921 I 189916504 1504 
1922 I 189964516 1504 
1923 I 190012530 1504 
1924 I 190060515 1504 
1925 I 190108512 1504 
1926 I 190156615 1504 
1927 I 190204528 1504 
1928 I 190252583 1504 
1929 I 190300519 1504 
1930 I 190348563 1504 
1931 I 190396595 1504 
1932 I 190444534 1504 
1933 I 190492649 1504 
1934 I 190540520 1504 
1935 I 190588638 1504 
1936 I 190636610 1504 
1937 I 190732607 1504 
1938 I 190775953 1340 
1939 I 193015638 1504 
1940 I 193096075 1504 
1941 I 193159735 1504 
1942 I 193207761 1504 
1943 I 193255652 1504 
1944 I 193303665 1504 
1945 I 193351689 1504 
1946 I 193399708 1504 
1947 I 193447688 1504 
1948 I 193495651 1504 
1949 I 193543677 1504 
1950 I 193591696 1504 
1951 I 193639671 1504 
1952 I 193687760 1504 
1953 I 193735743 1504 
1954 I 193783681 1504 
1955 I 193831641 1504 
1956 I 193879653 1504 
1957 I 193927628 1504 
1958 I 193975682 1504 
1959 I 194023642 1504 
1960 I 194218722 1504 
1961 I 194266640 1504 
1962 I 194314666 1504 
1963 I 194362659 1504 
1964 I 194455791 1504 
1965 I 194503655 1504 
1966 I 194551834 1504 
1967 I 194599721 1504 
1968 I 194648319 1504 
1969 I 194695667 1504 
1970 I 194743684 1504 
1971 I 194791655 1504 
1972 I 194839834 1504 
1973 I 194977649 1504 
1974 I 195025649 1504 
1975 I 195073747 1504 
1976 I 195121657 1504 
1977 I 195259641 1504 
1978 I 195308318 1504 
1979 I 195355627 1504 
1980 I 195408149 1504 
1981 I 195552356 1504 
1982 I 195600152 1504 
1983 I 195643581 1340 
1984 I 198942063 1504 
1985 I 199000379 1504 
1986 I 199048280 1504 
1987 I 199096333 1504 
1988 I 199144382 1504 
1989 I 199192366 1504 
1990 I 199240274 1504 
1991 I 199288382 1504 
1992 I 199336350 1504 
1993 I 199384278 1504 
1994 I 199432339 1504 
1995 I 199480278 1504 
1996 I 199528324 1504 
1997 I 199576371 1504 
1998 I 199624277 1504 
1999 I 199672319 1504 
2000 I 199720283 1504 
2001 I 199768303 1504 
2002 I 199816314 1504 
2003 I 199864269 1504 
2004 I 199912269 1504 
2005 I 199960402 1504 
2006 I 200008286 1504 
2007 I 200056267 1504 
2008 I 200104395 1504 
2009 I 200152301 1504 
2010 I 200200374 1504 
2011 I 200293305 1504 
2012 I 200341287 1504 
2013 I 200389346 1504 
2014 I 200437275 1504 
2015 I 200530648 1504 
2016 I 200578336 1504 
2017 I 200626518 1504 
2018 I 200774804 1504 
2019 I 200822850 1504 
2020 I 200870769 1504 
2021 I 200918838 1504 
2022 I 200966955 1504 
2023 I 201014881 1504 
2024 I 201062774 1504 
2025 I 201110772 1504 
2026 I 201158839 1504 
2027 I 201206845 1504 
2028 I 201250227 1340 
2029 I 201473785 1504 
2030 I 201521771 1504 
2031 I 201569778 1504 
2032 I 201617786 1504 
2033 I 201665819 1504 
2034 I 201713827 1504 
2035 I 201761778 1504 
2036 I 201809778 1504 
2037 I 201857868 1504 
2038 I 201905807 1504 
2039 I 201953805 1504 
2040 I 202001789 1504 
2041 I 202049863 1504 
2042 I 202097784 1504 
2043 I 202145779 1504 
2044 I 202193820 1504 
2045 I 202241788 1504 
2046 I 202289845 1504 
2047 I 202337755 1504 
2048 I 202385820 1504 
2049 I 202433789 1504 
2050 I 202481787 1504 
2051 I 202529780 1504 
2052 I 202589801 1504 
2053 I 202637801 1504 
2054 I 202685794 1504 
2055 I 202733841 1504 
2056 I 202781880 1504 
2057 I 202829811 1504 
2058 I 202880793 1504 
2059 I 202928770 1504 
2060 I 202976811 1504 
2061 I 203077279 1504 
2062 I 203125361 1504 
2063 I 203173309 1504 
2064 I 203221423 1504 
2065 I 203269274 1504 
2066 I 203317273 1504 
2067 I 203365286 1504 
2068 I 203413315 1504 
2069 I 203461283 1504 
2070 I 203509308 1504 
2071 I 203557450 1504 
2072 I 203605312 1504 
2073 I 203649065 1340 
2074 I 204353779 1504 
2075 I 204401757 1504 
2076 I 204449784 1504 
2077 I 204497782 1504 
2078 I 204545797 1504 
2079 I 204593788 1504 
2080 I 204641777 1504 
2081 I 204689864 1504 
2082 I 204737810 1504 
2083 I 204785781 1504 
2084 I 204833828 1504 
2085 I 204881776 1504 
2086 I 204929873 1504 
2087 I 204977799 1504 
2088 I 205025791 1504 
2089 I 205073766 1504 
2090 I 205121838 1504 
2091 I 205169806 1504 
2092 I 205217790 1504 
2093 I 205281443 1504 
2094 I 205313769 1504 
2095 I 205361782 1504 
2096 I 205409783 1504 
2097 I 205457781 1504 
2098 I 205511782 1504 
2099 I 205559860 1504 
2100 I 205607802 1504 
2101 I 205655775 1504 
2102 I 205703777 1504 
2103 I 205751770 1504 
2104 I 205799763 1504 
2105 I 205847951 1504 
2106 I 205895770 1504 
2107 I 205943798 1504 
2108 I 205991890 1504 
2109 I 206039796 1504 
2110 I 206087786 1504 
2111 I 206135780 1504 
2112 I 206183775 1504 
2113 I 206321772 1504 
2114 I 206369844 1504 
2115 I 206417780 1504 
2116 I 206465781 1504 
2117 I 206513772 1504 
2118 I 206557346 1340 
2119 I 209004522 1504 
2120 I 209196513 1504 
2121 I 209311837 1504 
2122 I 209375894 1504 
2123 I 209441052 1504 
2124 I 209503933 1504 
2125 I 209567877 1504 
2126 I 209631892 1504 
2127 I 209695894 1504 
2128 I 209761796 1504 
2129 I 209823784 1504 
2130 I 209871801 1504 
2131 I 209919807 1504 
2132 I 209967843 1504 
2133 I 210015806 1504 
2134 I 210063794 1504 
2135 I 210111792 1504 
2136 I 210159864 1504 
2137 I 210207791 1504 
2138 I 210255858 1504 
2139 I 210303827 1504 
2140 I 210351826 1504 
2141 I 210399787 1504 
2142 I 210546813 1504 
2143 I 210595153 1504 
2144 I 210654890 1504 
2145 I 210693802 1504 
2146 I 210831841 1504 
2147 I 210879851 1504 
2148 I 210927817 1504 
2149 I 210975928 1504 
2150 I 211068781 1504 
2151 I 211116775 1504 
2152 I 211164800 1504 
2153 I 211212836 1504 
2154 I 211395802 1504 
2155 I 211443847 1504 
2156 I 211491899 1504 
2157 I 211584873 1504 
2158 I 211632818 1504 
2159 I 211680908 1504 
2160 I 211818799 1504 
2161 I 211866818 1504 
2162 I 211959783 1504 
2163 I 212003313 1340 
2164 I 213772170 1504 
2165 I 213874030 1504 
2166 I 213976094 1504 
2167 I 214078060 1504 
2168 I 214180047 1504 
2169 I 214268116 1504 
2170 I 214336147 1504 
2171 I 214404131 1504 
2172 I 214472156 1504 
2173 I 214540117 1504 
2174 I 214608036 1504 
2175 I 214676047 1504 
2176 I 214741795 1504 
2177 I 214792770 1504 
2178 I 214843788 1504 
2179 I 214894864 1504 
2180 I 214945928 1504 
2181 I 214996844 1504 
2182 I 215047840 1504 
2183 I 215098880 1504 
2184 I 215149857 1504 
2185 I 215200822 1504 
2186 I 215251791 1504 
2187 I 215406276 1504 
2188 I 215455304 1504 
2189 I 215502259 1504 
2190 I 215550293 1504 
2191 I 215598287 1504 
2192 I 215646300 1504 
2193 I 215694402 1504 
2194 I 215742281 1504 
2195 I 215790270 1504 
2196 I 215838358 1504 
2197 I 215886373 1504 
2198 I 215934582 1504 
2199 I 215982409 1504 
2200 I 216030414 1504 
2201 I 216078287 1504 
2202 I 216126357 1504 
2203 I 216174428 1504 
2204 I 216261326 1504 
2205 I 216309336 1504 
2206 I 216357384 1504 
2207 I 216405461 1504 
2208 I 216456755 1340 
2209 I 218718041 1504 
2210 I 218910044 1504 
2211 I 219041532 1504 
2212 I 219137536 1504 
2213 I 219204456 1504 
2214 I 219258411 1504 
2215 I 219306551 1504 
2216 I 219366262 1504 
2217 I 219402412 1504 
2218 I 219450500 1504 
2219 I 219498654 1504 
2220 I 219546582 1504 
2221 I 219594431 1504 
2222 I 219642415 1504 
2223 I 219690481 1504 
2224 I 219738437 1504 
2225 I 219786570 1504 
2226 I 219834391 1504 
2227 I 219882496 1504 
2228 I 219930436 1504 
2229 I 219978415 1504 
2230 I 220026447 1504 
2231 I 220074540 1504 
2232 I 220122403 1504 
2233 I 220170868 1504 
2234 I 220218423 1504 
2235 I 220266490 1504 
2236 I 220344407 1504 
2237 I 220392457 1504 
2238 I 220530633 1504 
2239 I 220578425 1504 
2240 I 220716530 1504 
2241 I 220764643 1504 
2242 I 220812547 1504 
2243 I 220860462 1504 
2244 I 221043439 1504 
2245 I 221091439 1504 
2246 I 221139432 1504 
2247 I 221187444 1504 
2248 I 221280487 1504 
2249 I 221328399 1504 
2250 I 221421412 1504 
2251 I 221469459 1504 
2252 I 225052660 1504 
2253 I 225657553 1340 
2254 I 226070082 1504 
2255 I 226118043 1504 
2256 I 226166215 1504 
2257 I 226349038 1504 
2258 I 226397041 1504 
2259 I 226445051 1504 
2260 I 226493054 1504 
2261 I 226541023 1504 
2262 I 226736172 1504 
2263 I 226784134 1504 
2264 I 226832070 1504 
2265 I 226880027 1504 
2266 I 226928022 1504 
2267 I 226980571 1504 
2268 I 227028616 1504 
2269 I 227076724 1504 
2270 I 227124532 1504 
2271 I 227172631 1504 
2272 I 227220552 1504 
2273 I 227268736 1504 
2274 I 227316744 1504 
2275 I 227364561 1504 
2276 I 227412535 1504 
2277 I 227463533 1504 
2278 I 227511592 1504 
2279 I 227559672 1504 
2280 I 227607553 1504 
2281 I 227655597 1504 
2282 I 227703649 1504 
2283 I 227751600 1504 
2284 I 227799643 1504 
2285 I 227847666 1504 
2286 I 227895536 1504 
2287 I 227943535 1504 
2288 I 227991667 1504 
2289 I 228044138 1504 
2290 I 228092079 1504 
2291 I 228140035 1504 
2292 I 228188138 1504 
2293 I 228236137 1504 
2294 I 228284115 1504 
2295 I 228332040 1504 
2296 I 228380127 1504 
2297 I 228428033 1504 
2298 I 228471499 1340 
2299 I 232372678 1504 
2300 I 232564590 1504 
2301 I 232660744 1504 
2302 I 232724713 1504 
2303 I 232775661 1504 
2304 I 232823635 1504 
2305 I 232871704 1504 
2306 I 232919650 1504 
2307 I 232967640 1504 
2308 I 233015651 1504 
2309 I 233063771 1504 
2310 I 233111658 1504 
2311 I 233159638 1504 
2312 I 233207621 1504 
2313 I 233255667 1504 
2314 I 233303654 1504 
2315 I 234116658 1504 
2316 I 234164628 1504 
2317 I 234212647 1504 
2318 I 234260743 1504 
2319 I 234308615 1504 
2320 I 234356641 1504 
2321 I 234404635 1504 
2322 I 234452621 1504 
2323 I 234500670 1504 
2324 I 234548645 1504 
2325 I 234596685 1504 
2326 I 234644645 1504 
2327 I 234692630 1504 
2328 I 234740635 1504 
2329 I 234789317 1504 
2330 I 234836598 1504 
2331 I 234884643 1504 
2332 I 234932618 1504 
2333 I 234980615 1504 
2334 I 235028673 1504 
2335 I 235076623 1504 
2336 I 235124617 1504 
2337 I 235172646 1504 
2338 I 235220618 1504 
2339 I 235268644 1504 
2340 I 235316615 1504 
2341 I 235364657 1504 
2342 I 235412628 1504 
2343 I 235456127 1340 
2344 I 236083391 1504 
2345 I 236131256 1504 
2346 I 236179181 1504 
2347 I 236227114 1504 
2348 I 236275109 1504 
2349 I 236323120 1504 
2350 I 236371138 1504 
2351 I 236419116 1504 
2352 I 236467211 1504 
2353 I 236515126 1504 
2354 I 236563198 1504 
2355 I 236611152 1504 
2356 I 236659123 1504 
2357 I 236707150 1504 
2358 I 236755141 1504 
2359 I 236803166 1504 
2360 I 236851133 1504 
2361 I 237127119 1504 
2362 I 237175157 1504 
2363 I 237223203 1504 
2364 I 237275622 1504 
2365 I 237323607 1504 
2366 I 237371603 1504 
2367 I 237509723 1504 
2368 I 237557623 1504 
2369 I 237605739 1504 
2370 I 237743653 1504 
2371 I 237881649 1504 
2372 I 237929779 1504 
2373 I 237977621 1504 
2374 I 238025620 1504 
2375 I 238073648 1504 
2376 I 238121682 1504 
2377 I 238259618 1504 
2378 I 238307703 1504 
2379 I 238490675 1504 
2380 I 238583645 1504 
2381 I 238631670 1504 
2382 I 238696120 1504 
2383 I 238744121 1504 
2384 I 238792146 1504 
2385 I 238891297 1504 
2386 I 238939132 1504 
2387 I 238987102 1504 
2388 I 239075571 1340 
2389 I 239672620 1504 
2390 I 239720733 1504 
2391 I 239768616 1504 
2392 I 239816630 1504 
2393 I 239864609 1504 
2394 I 239912719 1504 
2395 I 239960623 1504 
2396 I 240008626 1504 
2397 I 240056613 1504 
2398 I 240104618 1504 
2399 I 240152688 1504 
2400 I 240200706 1504 
2401 I 240248656 1504 
2402 I 240296778 1504 
2403 I 240344620 1504 
2404 I 240392785 1504 
2405 I 240440664 1504 
2406 I 240488619 1504 
2407 I 240536633 1504 
2408 I 240641633 1504 
2409 I 240689629 1504 
2410 I 240737622 1504 
2411 I 240785697 1504 
2412 I 240833616 1504 
2413 I 240881619 1504 
2414 I 240944633 1504 
2415 I 240992623 1504 
2416 I 241040654 1504 
2417 I 241088715 1504 
2418 I 241136700 1504 
2419 I 241184651 1504 
2420 I 241232619 1504 
2421 I 241280624 1504 
2422 I 241328609 1504 
2423 I 241376617 1504 
2424 I 241424643 1504 
2425 I 241473015 1504 
2426 I 241520763 1504 
2427 I 241571741 1504 
2428 I 241619615 1504 
2429 I 241667678 1504 
2430 I 241715783 1504 
2431 I 241763640 1504 
2432 I 241816164 1504 
2433 I 241859570 1340 
2434 I 243995875 1504 
2435 I 244059882 1504 
2436 I 244109959 1504 
2437 I 244157530 1504 
2438 I 244205574 1504 
2439 I 244253601 1504 
2440 I 244301587 1504 
2441 I 244349565 1504 
2442 I 244397550 1504 
2443 I 244445629 1504 
2444 I 244493581 1504 
2445 I 244541553 1504 
2446 I 244589552 1504 
2447 I 244637547 1504 
2448 I 244685530 1504 
2449 I 244733571 1504 
2450 I 244781561 1504 
2451 I 244829618 1504 
2452 I 244877563 1504 
2453 I 244925573 1504 
2454 I 245162568 1504 
2455 I 245210632 1504 
2456 I 245258601 1504 
2457 I 245306577 1504 
2458 I 245354636 1504 
2459 I 245402702 1504 
2460 I 245450574 1504 
2461 I 245633549 1504 
2462 I 245681639 1504 
2463 I 245729611 1504 
2464 I 245867542 1504 
2465 I 245915555 1504 
2466 I 245963554 1504 
2467 I 246056619 1504 
2468 I 246104670 1504 
2469 I 246152686 1504 
2470 I 246290544 1504 
2471 I 246338635 1504 
2472 I 246386545 1504 
2473 I 246437534 1504 
2474 I 246485569 1504 
2475 I 246578560 1504 
2476 I 246626532 1504 
2477 I 246674550 1504 
2478 I 246718006 1340 
2479 I 248915072 1504 
2480 I 249107023 1504 
2481 I 249262299 1504 
2482 I 249343472 1504 
2483 I 249407395 1504 
2484 I 249471487 1504 
2485 I 249535401 1504 
2486 I 249599537 1504 
2487 I 249663366 1504 
2488 I 249727349 1504 
2489 I 249791405 1504 
2490 I 249846966 1504 
2491 I 249894439 1504 
2492 I 249942422 1504 
2493 I 249990468 1504 
2494 I 250038457 1504 
2495 I 250086450 1504 
2496 I 250134418 1504 
2497 I 250182461 1504 
2498 I 250230462 1504 
2499 I 250278699 1504 
2500 I 250326447 1504 
2501 I 251379427 1504 
2502 I 251427434 1504 
2503 I 251475472 1504 
2504 I 251523478 1504 
2505 I 251571428 1504 
2506 I 251619445 1504 
2507 I 251667483 1504 
2508 I 251715419 1504 
2509 I 251763436 1504 
2510 I 251811433 1504 
2511 I 251859508 1504 
2512 I 251907426 1504 
2513 I 251955575 1504 
2514 I 252003405 1504 
2515 I 252051510 1504 
2516 I 252099406 1504 
2517 I 252147495 1504 
2518 I 252195480 1504 
2519 I 252243445 1504 
2520 I 252291433 1504 
2521 I 252339408 1504 
2522 I 252411511 1504 
2523 I 252454896 1340 
2524 I 253840938 1504 
2525 I 253888912 1504 
2526 I 253936966 1504 
2527 I 253984941 1504 
2528 I 254032965 1504 
2529 I 254080972 1504 
2530 I 254129088 1504 
2531 I 254176941 1504 
2532 I 254224934 1504 
2533 I 254273027 1504 
2534 I 254320939 1504 
2535 I 254369031 1504 
2536 I 254416934 1504 
2537 I 254464910 1504 
2538 I 254512967 1504 
2539 I 254560941 1504 
2540 I 254608926 1504 
2541 I 254657050 1504 
2542 I 254704941 1504 
2543 I 254752934 1504 
2544 I 254800999 1504 
2545 I 254848965 1504 
2546 I 254896927 1504 
2547 I 255096475 1504 
2548 I 255144446 1504 
2549 I 255196933 1504 
2550 I 255245267 1504 
2551 I 255292978 1504 
2552 I 255340931 1504 
2553 I 255388939 1504 
2554 I 255436909 1504 
2555 I 255484945 1504 
2556 I 255532955 1504 
2557 I 255581001 1504 
2558 I 255630294 1504 
2559 I 255676914 1504 
2560 I 255724924 1504 
2561 I 255772925 1504 
2562 I 255820919 1504 
2563 I 255868929 1504 
2564 I 255916920 1504 
2565 I 255964913 1504 
2566 I 256012934 1504 
2567 I 256060930 1504 
2568 I 256104375 1340 
2569 I 256245445 1504 
2570 I 256293420 1504 
2571 I 256341438 1504 
2572 I 256389438 1504 
2573 I 256437420 1504 
2574 I 256485427 1504 
2575 I 256533418 1504 
2576 I 256581416 1504 
2577 I 256629445 1504 
2578 I 256677440 1504 
2579 I 256725532 1504 
2580 I 256773447 1504 
2581 I 256821418 1504 
2582 I 256869427 1504 
2583 I 256917537 1504 
2584 I 256965438 1504 
2585 I 257013459 1504 
2586 I 257061535 1504 
2587 I 257109434 1504 
2588 I 257157419 1504 
2589 I 257205428 1504 
2590 I 257253440 1504 
2591 I 257301437 1504 
2592 I 257349436 1504 
2593 I 257406443 1504 
2594 I 257454437 1504 
2595 I 257506925 1504 
2596 I 257554911 1504 
2597 I 257602923 1504 
2598 I 257650919 1504 
2599 I 258688941 1504 
2600 I 258737033 1504 
2601 I 258784908 1504 
2602 I 258832926 1504 
2603 I 258880929 1504 
2604 I 258928946 1504 
2605 I 258976980 1504 
2606 I 259025018 1504 
2607 I 259072925 1504 
2608 I 259155435 1504 
2609 I 259203414 1504 
2610 I 259251440 1504 
2611 I 259299414 1504 
2612 I 259347413 1504 
2613 I 259390936 1340 
2614 I 261141253 1504 
2615 I 261205351 1504 
2616 I 261269241 1504 
2617 I 261333263 1504 
2618 I 261397356 1504 
2619 I 261461258 1504 
2620 I 261525274 1504 
2621 I 261582461 1504 
2622 I 261630415 1504 
2623 I 261678542 1504 
2624 I 261726457 1504 
2625 I 261774409 1504 
2626 I 261822439 1504 
2627 I 261870418 1504 
2628 I 261918409 1504 
2629 I 261966415 1504 
2630 I 262014605 1504 
2631 I 262062549 1504 
2632 I 262110426 1504 
2633 I 262158428 1504 
2634 I 262206425 1504 
2635 I 262254456 1504 
2636 I 262302437 1504 
2637 I 262350417 1504 
2638 I 262398501 1504 
2639 I 262458442 1504 
2640 I 262506425 1504 
2641 I 262554428 1504 
2642 I 262602445 1504 
2643 I 262650604 1504 
2644 I 262698470 1504 
2645 I 262980532 1504 
2646 I 263028492 1504 
2647 I 263220510 1504 
2648 I 263656275 1504 
2649 I 263703467 1504 
2650 I 267328190 1504 
2651 I 267691184 1504 
2652 I 267739213 1504 
2653 I 267787200 1504 
2654 I 267835766 1504 
2655 I 267883301 1504 
2656 I 267931279 1504 
2657 I 267979482 1504 
2658 I 268027162 1504 
2659 I 268070629 1340 
2660 I 270442315 1504 
2661 I 270519903 1504 
2662 I 270583948 1504 
2663 I 270647905 1504 
2664 I 270711914 1504 
2665 I 270775989 1504 
2666 I 270833183 1504 
2667 I 270881237 1504 
2668 I 270929182 1504 
2669 I 270977170 1504 
2670 I 271118238 1504 
2671 I 271166175 1504 
2672 I 271214180 1504 
2673 I 271352255 1504 
2674 I 271400260 1504 
2675 I 271448198 1504 
2676 I 271496185 1504 
2677 I 271544180 1504 
2678 I 271592264 1504 
2679 I 271647711 1504 
2680 I 271740665 1504 
2681 I 271788764 1504 
2682 I 271881786 1504 
2683 I 271929689 1504 
2684 I 271977667 1504 
2685 I 272025708 1504 
2686 I 272073672 1504 
2687 I 272121675 1504 
2688 I 272169673 1504 
2689 I 272315183 1504 
2690 I 272363158 1504 
2691 I 272423174 1504 
2692 I 272526665 1504 
2693 I 272574689 1504 
2694 I 272623484 1504 
2695 I 272670691 1504 
2696 I 272718661 1504 
2697 I 272766854 1504 
2698 I 272815039 1504 
2699 I 272862706 1504 
2700 I 272910733 1504 
2701 I 272958660 1504 
2702 I 273006748 1504 
2703 I 273054681 1504 
2704 I 273102643 1340 
2705 I 273251169 1504 
2706 I 273299206 1504 
2707 I 273347266 1504 
2708 I 273395163 1504 
2709 I 273443160 1504 
2710 I 273491175 1504 
2711 I 273539176 1504 
2712 I 273587181 1504 
2713 I 273635182 1504 
2714 I 273683190 1504 
2715 I 273731204 1504 
2716 I 273779296 1504 
2717 I 273843665 1504 
2718 I 273891676 1504 
2719 I 273939684 1504 
2720 I 273987677 1504 
2721 I 274035690 1504 
2722 I 274083714 1504 
2723 I 274131656 1504 
2724 I 274179660 1504 
2725 I 274227707 1504 
2726 I 274275681 1504 
2727 I 274323729 1504 
2728 I 274371705 1504 
2729 I 274419688 1504 
2730 I 275102172 1504 
2731 I 275150201 1504 
2732 I 275198159 1504 
2733 I 275246165 1504 
2734 I 275294171 1504 
2735 I 275342159 1504 
2736 I 275390206 1504 
2737 I 275438161 1504 
2738 I 275486176 1504 
2739 I 275534233 1504 
2740 I 275582178 1504 
2741 I 275630215 1504 
2742 I 275678180 1504 
2743 I 275726301 1504 
2744 I 276137195 1504 
2745 I 276185165 1504 
2746 I 276233178 1504 
2747 I 276375718 1504 
2748 I 276423728 1504 
2749 I 276467120 1340 
2750 I 278975548 1504 
2751 I 279039546 1504 
2752 I 279103570 1504 
2753 I 279167601 1504 
2754 I 279231548 1504 
2755 I 279295566 1504 
2756 I 279359605 1504 
2757 I 279417284 1504 
2758 I 279465301 1504 
2759 I 279513288 1504 
2760 I 279561428 1504 
2761 I 279609305 1504 
2762 I 279657444 1504 
2763 I 279705339 1504 
2764 I 279757820 1504 
2765 I 279805834 1504 
2766 I 279853829 1504 
2767 I 279901813 1504 
2768 I 279949814 1504 
2769 I 279997862 1504 
2770 I 280045792 1504 
2771 I 280093813 1504 
2772 I 280141837 1504 
2773 I 280189893 1504 
2774 I 280240887 1504 
2775 I 280288878 1504 
2776 I 280336868 1504 
2777 I 280384858 1504 
2778 I 280432804 1504 
2779 I 280480875 1504 
2780 I 280528878 1504 
2781 I 280576794 1504 
2782 I 280624846 1504 
2783 I 280672802 1504 
2784 I 280720802 1504 
2785 I 280772892 1504 
2786 I 280819920 1504 
2787 I 280867780 1504 
2788 I 280915785 1504 
2789 I 280963822 1504 
2790 I 281011815 1504 
2791 I 281059813 1504 
2792 I 281107841 1504 
2793 I 281155782 1504 
2794 I 281199402 1340 
2795 I 282009425 1504 
2796 I 282057449 1504 
2797 I 282105302 1504 
2798 I 282153330 1504 
2799 I 282201324 1504 
2800 I 282249471 1504 
2801 I 282297314 1504 
2802 I 282345295 1504 
2803 I 282393330 1504 
2804 I 282441325 1504 
2805 I 282489304 1504 
2806 I 282537305 1504 
2807 I 282585301 1504 
2808 I 282633313 1504 
2809 I 282681315 1504 
2810 I 282729304 1504 
2811 I 282965024 1504 
2812 I 283012792 1504 
2813 I 283060817 1504 
2814 I 283198822 1504 
2815 I 283246900 1504 
2816 I 283295083 1504 
2817 I 283343049 1504 
2818 I 283390815 1504 
2819 I 283438955 1504 
2820 I 283531826 1504 
2821 I 283579997 1504 
2822 I 283627870 1504 
2823 I 283855812 1504 
2824 I 283903791 1504 
2825 I 283951842 1504 
2826 I 284089872 1504 
2827 I 284227799 1504 
2828 I 284275824 1504 
2829 I 284323839 1504 
2830 I 284371933 1504 
2831 I 284419831 1504 
2832 I 284467841 1504 
2833 I 284695829 1504 
2834 I 284743823 1504 
2835 I 284791988 1504 
2836 I 284839825 1504 
2837 I 284887800 1504 
2838 I 284935805 1504 
2839 I 284991261 1340 
2840 I 286435623 1504 
2841 I 286499548 1504 
2842 I 286563548 1504 
2843 I 286627631 1504 
2844 I 286679168 1504 
2845 I 286727181 1504 
2846 I 286775505 1504 
2847 I 286823275 1504 
2848 I 286871237 1504 
2849 I 286919261 1504 
2850 I 286967189 1504 
2851 I 287015222 1504 
2852 I 287063191 1504 
2853 I 287111183 1504 
2854 I 287159187 1504 
2855 I 287207186 1504 
2856 I 287255204 1504 
2857 I 287303167 1504 
2858 I 287411172 1504 
2859 I 287459231 1504 
2860 I 287507196 1504 
2861 I 287555172 1504 
2862 I 287603265 1504 
2863 I 287651168 1504 
2864 I 287699154 1504 
2865 I 287747345 1504 
2866 I 287795289 1504 
2867 I 287843263 1504 
2868 I 287891181 1504 
2869 I 287939176 1504 
2870 I 287987157 1504 
2871 I 288035250 1504 
2872 I 288083298 1504 
2873 I 288131158 1504 
2874 I 288179459 1504 
2875 I 288227238 1504 
2876 I 288275218 1504 
2877 I 288327733 1504 
2878 I 288375679 1504 
2879 I 288423672 1504 
2880 I 288474699 1504 
2881 I 288522677 1504 
2882 I 288570790 1504 
2883 I 288618664 1504 
2884 I 288662221 1340 
2885 I 289532201 1504 
2886 I 289580179 1504 
2887 I 289628643 1504 
2888 I 289676155 1504 
2889 I 289724234 1504 
2890 I 289772780 1504 
2891 I 289820194 1504 
2892 I 289868159 1504 
2893 I 289916171 1504 
2894 I 289964237 1504 
2895 I 290012169 1504 
2896 I 290060282 1504 
2897 I 290108180 1504 
2898 I 290156202 1504 
2899 I 290204193 1504 
2900 I 290252165 1504 
2901 I 290300170 1504 
2902 I 290348243 1504 
2903 I 290396192 1504 
2904 I 290444177 1504 
2905 I 290762216 1504 
2906 I 290810243 1504 
2907 I 290861158 1504 
2908 I 290954196 1504 
2909 I 291002160 1504 
2910 I 291140311 1504 
2911 I 291188172 1504 
2912 I 291236181 1504 
2913 I 291284175 1504 
2914 I 291422315 1504 
2915 I 291470179 1504 
2916 I 291518182 1504 
2917 I 291566350 1504 
2918 I 291614169 1504 
2919 I 291662227 1504 
2920 I 291800172 1504 
2921 I 291848197 1504 
2922 I 291896312 1504 
2923 I 291944177 1504 
2924 I 291992181 1504 
2925 I 292130231 1504 
2926 I 292268287 1504 
2927 I 292316185 1504 
2928 I 292364203 1504 
2929 I 292455624 1340 
2930 I 293716426 1504 
2931 I 293780456 1504 
2932 I 293844420 1504 
2933 I 293908458 1504 
2934 I 293972622 1504 
2935 I 294036485 1504 
2936 I 294100433 1504 
2937 I 294159376 1504 
2938 I 294207400 1504 
2939 I 294255782 1504 
2940 I 294303495 1504 
2941 I 294351572 1504 
2942 I 294399649 1504 
2943 I 294447730 1504 
2944 I 294495357 1504 
2945 I 294543442 1504 
2946 I 294591420 1504 
2947 I 294639349 1504 
2948 I 294687294 1504 
2949 I 294735332 1504 
2950 I 294783450 1504 
2951 I 294846311 1504 
2952 I 294894306 1504 
2953 I 295038323 1504 
2954 I 295086385 1504 
2955 I 295134328 1504 
2956 I 295182340 1504 
2957 I 295230354 1504 
2958 I 295278435 1504 
2959 I 295326291 1504 
2960 I 295374307 1504 
2961 I 295422286 1504 
