0 I 0 44 
1 I 469891 79 
2 I 2328358 101 
3 I 2602342 44 
4 I 3028689 101 
5 I 3398836 98 
6 I 3530287 517 
7 I 3711130 44 
8 I 3984161 101 
9 I 5879807 44 
10 I 6164513 101 
11 I 6560146 88 
12 I 7390098 44 
13 I 7998093 100 
14 I 8515790 101 
15 I 9251353 44 
16 I 9449864 44 
17 I 11155917 44 
18 I 11567480 44 
19 I 12022159 158 
20 I 12704663 152 
21 I 13805331 101 
22 I 14327248 87 
23 I 14665534 110 
24 I 14874634 44 
25 I 15000790 44 
26 I 15136510 44 
27 I 15286828 98 
28 I 15986143 44 
29 I 18741409 371 
30 I 18768437 914 
31 I 19078322 44 
32 I 19460820 44 
33 I 21439493 44 
34 I 22111887 44 
35 I 23582017 88 
36 I 23936704 44 
37 I 26466137 191 
38 I 26660718 44 
39 I 27165551 44 
40 I 28244441 144 
41 I 28469997 44 
42 I 29020194 101 
43 I 29271869 44 
44 I 29973657 44 
45 I 30124009 151 
46 I 30812405 101 
47 I 34621760 206 
48 I 34696996 101 
49 I 34751887 101 
50 I 34757950 78 
51 I 35165764 101 
52 I 35444625 101 
53 I 35713200 149 
54 I 36147345 44 
55 I 37596199 44 
56 I 37631499 271 
57 I 39157904 44 
58 I 40099090 44 
59 I 41149824 44 
60 I 41955758 44 
61 I 42198883 158 
62 I 42229987 101 
63 I 42480317 145 
64 I 42784123 158 
65 I 44038372 44 
66 I 44942177 105 
67 I 45389612 44 
68 I 45787459 44 
69 I 46131190 44 
70 I 46569686 44 
71 I 47633648 158 
72 I 48402811 215 
73 I 48600945 97 
74 I 48884122 44 
75 I 49059875 88 
76 I 49308050 101 
77 I 49620578 88 
78 I 49753865 44 
79 I 50026110 44 
80 I 51320038 101 
81 I 52637764 158 
82 I 53111418 44 
83 I 53306193 44 
84 I 53364388 101 
85 I 54619680 44 
86 I 54740364 92 
87 I 56944977 377 
88 I 58712164 78 
89 I 58827356 101 
90 I 58903291 101 
91 I 59244580 44 
92 I 59644507 84 
93 I 60210390 44 
94 I 60278648 100 
95 I 61797833 95 
96 I 63034862 101 
97 I 63459993 101 
98 I 63631603 303 
99 I 65683886 158 
100 I 65883889 44 
101 I 67817817 94 
102 I 68002398 44 
103 I 68185928 88 
104 I 68610191 44 
105 I 68811832 44 
106 I 69302988 44 
107 I 69818910 98 
108 I 71165281 111 
109 I 71354179 222 
110 I 71577222 94 
111 I 72932439 44 
112 I 73126366 44 
113 I 73542909 136 
114 I 73806941 156 
115 I 75837825 44 
116 I 76136598 96 
117 I 76460723 44 
118 I 76890904 44 
119 I 76970479 141 
120 I 77388995 44 
121 I 77859156 44 
122 I 78451484 197 
123 I 78674137 44 
124 I 78967718 44 
125 I 79184415 101 
126 I 80186843 158 
127 I 80728570 101 
128 I 80775361 101 
129 I 81376057 44 
130 I 83906506 92 
131 I 84203676 44 
132 I 84663292 101 
133 I 85103810 44 
134 I 86023947 44 
135 I 87200827 44 
136 I 88753223 44 
137 I 89630138 198 
138 I 90517195 148 
139 I 91239772 44 
140 I 91937909 44 
141 I 92343034 44 
142 I 92751945 527 
143 I 93101637 96 
144 I 93773944 80 
145 I 94448103 44 
146 I 96010830 88 
147 I 96304280 110 
148 I 97476694 92 
149 I 97572804 44 
150 I 98462216 101 
151 I 98545617 110 
152 I 98882222 44 
153 I 99596342 101 
154 I 99934905 102 
155 I 100330437 44 
156 I 100427532 101 
157 I 101496552 44 
158 I 102177228 200 
159 I 102594578 95 
160 I 103067805 109 
161 I 103451011 141 
162 I 104001175 44 
163 I 105652381 270 
164 I 106001945 44 
165 I 106418004 111 
166 I 106571252 44 
167 I 109296627 88 
168 I 109879373 44 
169 I 110109442 132 
170 I 110277341 99 
171 I 110430379 101 
172 I 110616630 96 
173 I 110879597 44 
174 I 111457585 44 
175 I 111821033 44 
176 I 112479386 44 
177 I 112809914 44 
178 I 113353764 44 
179 I 113444127 69 
180 I 114133761 126 
181 I 117016473 44 
182 I 117662512 95 
183 I 118714965 44 
184 I 119754644 215 
185 I 121068766 98 
186 I 121529849 84 
187 I 122153876 101 
188 I 122867013 101 
189 I 123664489 233 
190 I 124680820 85 
191 I 125346951 152 
192 I 125794922 92 
193 I 126077255 79 
194 I 126638691 73 
195 I 127090941 44 
196 I 127417171 44 
197 I 128759102 80 
198 I 131327513 44 
199 I 133569883 389 
200 I 133846003 44 
201 I 134147039 206 
202 I 134561916 101 
203 I 135532834 93 
204 I 136573376 79 
205 I 137440098 151 
206 I 137973611 101 
207 I 138359834 101 
208 I 138716451 101 
209 I 139355487 98 
210 I 139854969 96 
211 I 140188691 44 
212 I 140486134 89 
213 I 141071543 96 
214 I 141324882 44 
215 I 143475610 82 
216 I 144832710 44 
217 I 145383382 44 
218 I 145812200 44 
219 I 145993914 97 
220 I 146227718 154 
221 I 146378443 44 
222 I 146572799 93 
223 I 147379402 44 
224 I 147645885 101 
225 I 147878781 44 
226 I 148232427 101 
227 I 149003183 44 
228 I 149406915 44 
229 I 151020208 215 
230 I 153484705 312 
231 I 153660688 1396 
232 I 155162794 44 
233 I 155693522 1090 
234 I 156180489 44 
235 I 159198710 44 
236 I 160806622 44 
237 I 161155079 44 
238 I 161213055 352 
239 I 161455566 96 
240 I 162085813 82 
241 I 162338331 44 
242 I 162369407 101 
243 I 163831172 44 
244 I 164282218 44 
245 I 164762035 44 
246 I 165938224 101 
247 I 167432494 307 
248 I 168178795 44 
249 I 168207900 96 
250 I 170756740 88 
251 I 171424058 44 
252 I 172749703 101 
253 I 173829758 44 
254 I 176788568 101 
255 I 177458418 44 
256 I 177838868 97 
257 I 178248417 101 
258 I 179141820 94 
259 I 179150985 132 
260 I 179709292 80 
261 I 180421752 88 
262 I 180771011 44 
263 I 181437183 44 
264 I 181990497 101 
265 I 182673817 44 
266 I 183275511 44 
267 I 185633044 44 
268 I 186843982 151 
269 I 187644137 146 
270 I 188266660 90 
271 I 189229314 207 
272 I 189711963 44 
273 I 190956838 44 
274 I 192107089 141 
275 I 192179521 570 
276 I 192615629 44 
277 I 193354135 84 
278 I 195488233 141 
279 I 196037117 44 
280 I 196671242 197 
281 I 196831873 44 
282 I 196918717 44 
283 I 197646028 44 
284 I 198693793 101 
285 I 198993180 86 
286 I 199301065 110 
287 I 199755521 101 
288 I 200462863 101 
289 I 201377010 104 
290 I 201796121 44 
291 I 202157173 85 
292 I 202947679 44 
293 I 203249319 44 
294 I 203459256 44 
295 I 203765799 44 
296 I 204589984 101 
297 I 205979541 260 
298 I 206294668 44 
299 I 206798049 44 
300 I 207527801 44 
301 I 208962167 103 
302 I 211154147 101 
303 I 211678986 101 
304 I 212586717 44 
305 I 213226635 44 
306 I 213690062 101 
307 I 214430334 101 
308 I 215603819 151 
309 I 216186893 101 
310 I 221515858 205 
311 I 221529162 259 
312 I 223683861 44 
313 I 224444034 44 
314 I 225070120 158 
315 I 226269944 101 
316 I 226834286 69 
317 I 226964675 44 
318 I 227211515 106 
319 I 227528472 84 
320 I 228569337 98 
321 I 229537201 44 
322 I 230115643 79 
323 I 230414199 44 
324 I 230684924 101 
325 I 232721447 101 
326 I 233115366 145 
327 I 233459064 88 
328 I 236444457 266 
329 I 237385216 96 
330 I 238083877 101 
331 I 238880163 101 
332 I 239771614 158 
333 I 240827972 137 
334 I 241757160 44 
335 I 241824584 96 
336 I 243564986 101 
337 I 244283271 101 
338 I 245536943 158 
339 I 246677547 135 
340 I 246942842 44 
341 I 247512929 200 
342 I 248317963 119 
343 I 249040331 101 
344 I 249655811 88 
345 I 251664259 44 
346 I 252573258 44 
347 I 253232496 44 
348 I 255523423 204 
349 I 256333493 44 
350 I 259987358 44 
351 I 260636110 124 
352 I 260886607 172 
353 I 261111094 44 
354 I 261558559 107 
355 I 261688623 44 
356 I 262213864 259 
357 I 262865758 218 
358 I 263347374 152 
359 I 265218804 44 
360 I 265381575 99 
361 I 265721751 44 
362 I 266300388 154 
363 I 266888179 76 
364 I 267994246 44 
365 I 268462723 44 
366 I 268892055 93 
367 I 269483775 85 
368 I 269813851 44 
369 I 270191378 44 
370 I 270730530 44 
371 I 272622943 79 
372 I 272741084 44 
373 I 273325163 101 
374 I 274073626 147 
375 I 275544743 84 
376 I 276024062 239 
377 I 276076498 101 
378 I 277797667 44 
379 I 279026449 44 
380 I 280500108 44 
381 I 281675521 101 
382 I 282863039 158 
383 I 284078441 44 
384 I 284191636 76 
385 I 285501448 428 
386 I 286894505 161 
387 I 288174761 505 
388 I 289281671 44 
389 I 290487974 44 
390 I 291590767 197 
391 I 292198137 398 
392 I 292469052 145 
393 I 292526571 44 
394 I 294969064 44 
395 I 296786162 44 
396 I 297206411 158 
397 I 298352359 215 
398 I 298638278 87 
