0 I 0 52 
1 I 1769983 44 
2 I 1836179 464 
3 I 3647965 44 
4 I 8016021 44 
5 I 32903987 52 
6 I 34517956 44 
7 I 34584140 464 
8 I 36323920 44 
9 I 36335993 44 
10 I 76973952 52 
11 I 78892148 44 
12 I 78942111 464 
13 I 81816113 464 
14 I 81851966 44 
15 I 87822163 464 
16 I 88446341 44 
17 I 89586038 44 
18 I 89598038 44 
19 I 129931165 52 
20 I 131718989 44 
21 I 131797112 464 
22 I 133555158 44 
23 I 133567006 44 
24 I 162921034 52 
25 I 165885027 52 
26 I 167949000 44 
27 I 168015134 464 
28 I 169863154 44 
29 I 169875030 44 
