0 I 0 208 
1 I 2831723 1504 
2 I 2882575 1504 
3 I 2927692 1504 
4 I 2976484 1504 
5 I 4152602 1504 
6 I 9253453 1340 
7 I 11970867 1340 
8 I 21507723 1504 
9 I 21553946 1504 
10 I 21600726 1504 
11 I 21649561 1504 
12 I 21696425 1504 
13 I 21746107 1504 
14 I 31173586 1504 
15 I 31218472 1504 
16 I 31267317 1504 
17 I 31315095 1504 
18 I 31377959 1504 
19 I 31428816 1504 
20 I 40732062 1504 
21 I 40777553 1504 
22 I 40828307 1504 
23 I 40875362 1504 
24 I 40923897 1504 
25 I 40970744 1504 
26 I 50420675 1504 
27 I 50467497 1504 
28 I 50558094 1504 
29 I 50606933 1504 
30 I 50653434 1504 
31 I 50700266 1504 
32 I 59262463 1504 
33 I 59311262 1504 
34 I 59400889 1504 
35 I 59451681 1504 
36 I 59500934 1504 
37 I 59549245 1504 
38 I 69362508 1504 
39 I 69411381 1504 
40 I 69519441 1504 
41 I 69566290 1504 
42 I 69617123 1504 
43 I 69661930 1504 
44 I 80362811 1504 
45 I 80407953 1504 
46 I 80456690 1504 
47 I 80503518 1504 
48 I 80552856 1504 
49 I 80599693 1504 
50 I 90668273 1504 
51 I 90717733 1504 
52 I 90821051 1340 
53 I 100800078 1504 
54 I 100847269 1504 
55 I 100894083 1504 
56 I 100943229 1504 
57 I 100990108 1504 
58 I 105491612 208 
59 I 111321564 1504 
60 I 111370358 1504 
61 I 111473730 1504 
62 I 111524579 1504 
63 I 111571417 1504 
64 I 116876907 1340 
65 I 121498142 1504 
66 I 121544970 1504 
67 I 121614286 1504 
68 I 121661107 1504 
69 I 121723956 1504 
70 I 127443114 208 
71 I 132590186 1504 
72 I 132639037 1504 
73 I 132688073 1504 
74 I 132737045 1504 
75 I 132797839 1504 
76 I 136927835 1340 
77 I 142917255 1504 
78 I 142966083 1504 
79 I 143062609 1504 
80 I 143108202 1504 
81 I 143193296 1504 
82 I 148696671 208 
83 I 152530204 1504 
84 I 152575049 1504 
85 I 152645893 1504 
86 I 152694743 1504 
87 I 152803435 1504 
88 I 157504933 1340 
89 I 161765763 1504 
90 I 161810593 1504 
91 I 161909130 1504 
92 I 161955947 1504 
93 I 162150962 1504 
94 I 167375521 208 
95 I 171454534 1504 
96 I 171505673 1504 
97 I 171602809 1504 
98 I 171647665 1504 
99 I 171794702 1504 
100 I 175940683 1340 
101 I 178796558 1340 
102 I 188956140 1504 
103 I 189003005 1504 
104 I 189051809 1504 
105 I 189102133 1504 
106 I 189144938 1504 
107 I 189193778 1504 
108 I 197320871 1504 
109 I 197367766 1504 
110 I 197416560 1504 
111 I 197461391 1504 
112 I 197512252 1504 
113 I 197557071 1504 
114 I 204743665 1504 
115 I 204792570 1504 
116 I 206127987 1504 
117 I 206174831 1504 
118 I 206270021 1504 
119 I 206316861 1504 
120 I 214223389 1504 
121 I 214272248 1504 
122 I 215303312 1504 
123 I 215352881 1504 
124 I 215402678 1504 
125 I 215447589 1504 
126 I 224860669 1504 
127 I 224907723 1504 
128 I 226523929 1504 
129 I 226568791 1504 
130 I 226666445 1504 
131 I 226715286 1504 
132 I 233278605 1504 
133 I 233326422 1504 
134 I 234536381 1504 
135 I 234583230 1504 
136 I 234630059 1504 
137 I 234678929 1504 
138 I 244245699 1504 
139 I 244292512 1504 
140 I 244750332 1504 
141 I 244802539 1504 
142 I 246179208 1504 
143 I 246229619 1504 
144 I 253728208 1504 
145 I 253773076 1504 
146 I 254191994 1340 
147 I 262886889 1504 
148 I 262936378 1504 
149 I 262981212 1504 
150 I 263030082 1504 
151 I 263076912 1504 
152 I 268366575 208 
153 I 271622688 1504 
154 I 271669493 1504 
155 I 271718578 1504 
156 I 271763411 1504 
157 I 271871789 1504 
158 I 276612762 1340 
159 I 279030838 1504 
160 I 279079678 1504 
161 I 280314165 1504 
162 I 280363184 1504 
163 I 280410056 1504 
164 I 285535833 208 
165 I 288306878 1504 
166 I 288357723 1504 
167 I 289596062 1504 
168 I 289636878 1504 
169 I 289732858 1504 
170 I 295225899 1340 
