0 I 0 52 
1 I 189786 451 
2 I 328604 44 
3 I 422881 44 
4 I 465827 44 
5 I 549903 44 
6 I 593756 44 
7 I 635276 44 
8 I 678013 44 
9 I 727817 44 
10 I 764712 44 
11 I 806447 44 
12 I 846943 44 
13 I 890847 44 
14 I 920159 44 
15 I 975813 44 
16 I 993514 44 
17 I 1025477 44 
18 I 1062268 44 
19 I 1067142 44 
20 I 1072357 44 
21 I 1104234 44 
22 I 1147284 44 
23 I 1192934 44 
24 I 1233325 44 
25 I 1301943 44 
26 I 1342070 44 
27 I 1385127 44 
28 I 2919825 44 
29 I 3220458 44 
30 I 3335833 44 
31 I 3445093 44 
32 I 3486712 44 
33 I 3570981 44 
34 I 3614432 44 
35 I 3656132 44 
36 I 3697514 44 
37 I 3740623 44 
38 I 3791489 44 
39 I 3834824 44 
40 I 3888757 44 
41 I 3933579 44 
42 I 3996959 44 
43 I 4102360 44 
44 I 4145428 44 
45 I 4187409 44 
46 I 4208106 56 
47 I 4230687 56 
48 I 4252679 56 
49 I 4271910 56 
50 I 4294290 56 
51 I 4319003 56 
52 I 4337723 56 
53 I 4359841 56 
54 I 4381140 56 
55 I 4401515 56 
56 I 4423835 56 
57 I 4441496 56 
58 I 4508690 44 
59 I 4640067 44 
60 I 4682136 44 
61 I 4724847 44 
62 I 4766434 44 
63 I 4812704 44 
64 I 4851528 44 
65 I 4956908 44 
66 I 5000713 44 
67 I 5063980 44 
68 I 5148934 44 
69 I 5191966 44 
70 I 5235250 44 
71 I 5297652 44 
72 I 5340806 44 
73 I 5384129 44 
74 I 5425466 44 
75 I 5468694 44 
76 I 5511994 44 
77 I 5596719 44 
78 I 5638402 44 
79 I 5688040 44 
80 I 5774023 44 
81 I 5927798 44 
82 I 6044483 44 
83 I 6089217 44 
84 I 6129477 44 
85 I 6172643 44 
86 I 6213984 44 
87 I 6257567 44 
88 I 6384657 44 
89 I 6428655 44 
90 I 6470254 44 
91 I 6513515 44 
92 I 6555035 44 
93 I 6598514 44 
94 I 6641680 44 
95 I 6683131 44 
96 I 6726206 44 
97 I 6831927 44 
98 I 6876309 44 
99 I 6961830 44 
100 I 7003245 44 
101 I 7045317 44 
102 I 7088123 44 
103 I 7130982 44 
104 I 7332158 44 
105 I 7460878 44 
106 I 7502305 44 
107 I 7545985 44 
108 I 7588674 44 
109 I 7630354 44 
110 I 7672142 44 
111 I 7782518 44 
112 I 7844886 44 
113 I 7886381 44 
114 I 7927821 44 
115 I 7971119 44 
116 I 8059154 44 
117 I 8099369 44 
118 I 8142297 44 
119 I 8185422 44 
120 I 8226987 44 
121 I 8270312 44 
122 I 8312548 44 
123 I 8397034 44 
124 I 8460775 44 
125 I 8504026 44 
126 I 8547007 44 
127 I 8737765 44 
128 I 8852880 44 
129 I 8895028 44 
130 I 8937655 44 
131 I 8980841 44 
132 I 9025490 44 
133 I 9065738 44 
134 I 9129717 44 
135 I 9172705 44 
136 I 9216012 44 
137 I 9260747 44 
138 I 9289494 44 
139 I 9321612 44 
140 I 9356814 44 
141 I 9387093 44 
142 I 9449524 44 
143 I 9492891 44 
144 I 9534549 44 
145 I 9576171 44 
146 I 9619037 44 
147 I 9662321 44 
148 I 9704426 44 
149 I 9747169 44 
150 I 9793495 44 
151 I 9830072 44 
152 I 9956459 44 
153 I 9999824 44 
154 I 10041622 44 
155 I 10084657 44 
156 I 10125767 44 
157 I 10169507 44 
158 I 10211049 44 
159 I 10233269 56 
160 I 10254580 56 
161 I 10275363 56 
162 I 10297085 56 
163 I 10320772 56 
164 I 10339779 56 
165 I 10360795 56 
166 I 10381381 56 
167 I 10404876 56 
168 I 10425638 56 
169 I 10508785 56 
170 I 10531456 56 
171 I 10553144 56 
172 I 10574326 56 
173 I 10595286 56 
174 I 10616140 44 
175 I 10659154 44 
176 I 10699054 44 
177 I 10721569 44 
178 I 10766371 44 
179 I 10808521 44 
180 I 10849467 44 
181 I 10892791 44 
182 I 10975754 44 
183 I 11091170 44 
184 I 11134280 44 
185 I 11178635 44 
186 I 11220872 44 
187 I 11264316 44 
188 I 11304672 44 
189 I 11349335 44 
190 I 11440036 44 
191 I 11480322 44 
192 I 11561207 44 
193 I 11606048 44 
194 I 11646478 44 
195 I 11689785 44 
196 I 11732847 44 
197 I 11774372 44 
198 I 11822377 44 
199 I 11862513 44 
200 I 11901245 44 
201 I 11987746 44 
202 I 12028640 44 
203 I 12072758 44 
204 I 12115017 44 
205 I 12362967 44 
206 I 12482335 44 
207 I 12521795 44 
208 I 12564747 44 
209 I 12606319 44 
210 I 12650174 44 
211 I 12691900 44 
212 I 12741108 44 
213 I 12801078 44 
214 I 12885061 44 
215 I 12926291 44 
216 I 12969400 44 
217 I 13011017 44 
218 I 13054613 44 
219 I 13096046 44 
220 I 13143915 44 
221 I 13180647 44 
222 I 13223709 44 
223 I 13270149 44 
224 I 13313513 44 
225 I 13355011 44 
226 I 13399960 44 
227 I 13441541 44 
228 I 13652752 44 
229 I 13771383 44 
230 I 13813577 44 
231 I 13857715 44 
232 I 13900613 44 
233 I 13943835 44 
234 I 13984136 44 
235 I 14027324 44 
236 I 14069100 44 
237 I 14111861 44 
238 I 14154817 44 
239 I 14196794 44 
240 I 14303488 44 
241 I 14346889 44 
242 I 14388645 44 
243 I 14431625 44 
244 I 14474761 44 
245 I 14516660 44 
246 I 14570416 44 
247 I 14601484 44 
248 I 14644621 44 
249 I 14687964 44 
250 I 14731434 44 
251 I 14860835 44 
252 I 14977538 44 
253 I 15020709 44 
254 I 15062288 44 
255 I 15104440 44 
256 I 15147043 44 
257 I 15190312 44 
258 I 15231944 44 
259 I 15275691 44 
260 I 15320884 44 
261 I 15359853 44 
262 I 15467215 44 
263 I 15509027 44 
264 I 15552139 56 
265 I 15572897 56 
266 I 15596860 56 
267 I 15617642 56 
268 I 15637211 56 
269 I 15664269 56 
270 I 15680091 56 
271 I 15702295 56 
272 I 15723032 56 
273 I 15743801 56 
274 I 15765323 56 
275 I 15787224 56 
276 I 15807913 56 
277 I 15849733 56 
278 I 15873819 44 
279 I 15913476 44 
280 I 15939059 44 
281 I 16018593 44 
282 I 16134275 44 
283 I 16177476 44 
284 I 16220333 44 
285 I 16262281 44 
286 I 16305549 44 
287 I 16353465 44 
288 I 16390449 44 
289 I 16475357 44 
290 I 16520772 44 
291 I 16623835 44 
292 I 16667268 44 
293 I 16709318 44 
294 I 16752152 44 
295 I 16795270 44 
296 I 16838534 44 
297 I 16921507 44 
298 I 16964768 44 
299 I 17007860 44 
300 I 17092921 44 
301 I 17135940 44 
302 I 17179195 44 
303 I 17221458 44 
304 I 17377492 44 
305 I 17516730 44 
306 I 17558394 44 
307 I 17601507 44 
308 I 17646254 44 
309 I 17686642 44 
310 I 17729682 44 
311 I 17793446 44 
312 I 17835112 44 
313 I 17950136 44 
314 I 17985117 44 
315 I 18027077 44 
316 I 18113395 44 
317 I 18155164 44 
318 I 18198295 44 
319 I 18239844 44 
320 I 18283173 44 
321 I 18326304 44 
322 I 18431920 44 
323 I 18475094 44 
324 I 18516918 44 
325 I 18559959 44 
326 I 18644713 44 
327 I 18768116 44 
328 I 18886241 44 
329 I 18926265 44 
330 I 18970119 44 
331 I 19012450 44 
332 I 19054589 44 
333 I 19097726 44 
334 I 19164965 44 
335 I 19207975 44 
336 I 19249487 44 
337 I 19307408 44 
338 I 19334349 44 
339 I 19377236 44 
340 I 19419041 44 
341 I 19462506 44 
342 I 19505545 44 
343 I 19548697 44 
344 I 19590314 44 
345 I 19761582 56 
346 I 19782496 56 
347 I 19803519 56 
348 I 19827345 56 
349 I 19850864 56 
350 I 19866509 56 
351 I 19890517 56 
352 I 19906518 56 
353 I 19948684 44 
354 I 20064055 44 
355 I 20107140 44 
356 I 20148614 44 
357 I 20279882 44 
358 I 20321201 44 
359 I 20364960 44 
360 I 20469464 44 
361 I 20512686 44 
362 I 20554922 44 
363 I 20619181 44 
364 I 20683199 44 
365 I 20726418 44 
366 I 20789751 44 
367 I 20836567 44 
368 I 20885317 44 
369 I 20916960 44 
370 I 20960127 44 
371 I 21004478 44 
372 I 21043934 44 
373 I 21089182 44 
374 I 21132106 44 
375 I 21172441 44 
376 I 21375842 44 
377 I 21496601 44 
378 I 21537256 44 
379 I 21577210 44 
380 I 21620335 44 
381 I 21730975 44 
382 I 21771966 44 
383 I 21814919 44 
384 I 21854280 44 
385 I 21896919 44 
386 I 21942453 44 
387 I 21981970 44 
388 I 22025448 44 
389 I 22067830 44 
390 I 22110202 44 
391 I 22151453 44 
392 I 22195107 44 
393 I 22240758 44 
394 I 22284337 44 
395 I 22322932 44 
396 I 22364737 44 
397 I 22409866 44 
398 I 22452630 44 
399 I 22580652 44 
400 I 22696842 44 
401 I 22738968 44 
402 I 22780510 44 
403 I 22825696 44 
404 I 22866429 44 
405 I 22920114 44 
406 I 22953952 44 
407 I 23001641 44 
408 I 23040120 44 
409 I 23081615 44 
410 I 23124710 44 
411 I 23165734 44 
412 I 23212100 44 
413 I 23255231 44 
414 I 23294513 44 
415 I 23337286 44 
416 I 23378166 44 
417 I 23436935 44 
418 I 23464688 44 
419 I 23515152 44 
420 I 23552715 44 
421 I 23591283 44 
422 I 23784037 44 
423 I 23899673 44 
424 I 23942590 44 
425 I 23988742 44 
426 I 24028495 44 
427 I 24071807 44 
428 I 24113809 44 
429 I 24155126 44 
430 I 24196875 44 
431 I 24241816 44 
432 I 24284778 44 
433 I 24326298 44 
434 I 24369607 44 
435 I 24413472 44 
436 I 24454755 44 
437 I 24497639 44 
438 I 24539078 44 
439 I 24566557 44 
440 I 24603423 44 
441 I 24646364 44 
442 I 24683236 44 
443 I 24711888 44 
444 I 24756996 44 
445 I 24795493 44 
446 I 24808075 44 
447 I 24827213 44 
448 I 24942341 44 
449 I 24985591 44 
450 I 25030476 44 
451 I 25070903 44 
452 I 25113467 44 
453 I 25156990 44 
454 I 25199874 44 
455 I 25223876 56 
456 I 25241611 56 
457 I 25262480 56 
458 I 25289669 56 
459 I 25305909 56 
460 I 25327907 56 
461 I 25347095 56 
462 I 25369587 56 
463 I 25390265 56 
464 I 25411469 56 
465 I 25475351 56 
466 I 25496183 56 
467 I 25519969 56 
468 I 25539857 56 
469 I 25560678 56 
470 I 25581630 44 
471 I 25625470 44 
472 I 25667170 44 
473 I 25709101 44 
474 I 25753589 44 
475 I 25796974 44 
476 I 25839961 44 
477 I 25882042 44 
478 I 26091452 44 
479 I 26209826 44 
480 I 26249438 44 
481 I 26296940 44 
482 I 26336198 44 
483 I 26377515 44 
484 I 26464040 44 
485 I 26519677 44 
486 I 26553485 44 
487 I 26591243 44 
488 I 26654446 44 
489 I 26697882 44 
490 I 26740958 44 
491 I 26782447 44 
492 I 26825836 44 
493 I 26910349 44 
494 I 26953237 44 
495 I 26995380 44 
496 I 27046534 44 
497 I 27081455 44 
498 I 27124870 44 
499 I 27166790 44 
500 I 27207989 44 
501 I 27395273 44 
502 I 27516206 44 
503 I 27555540 44 
504 I 27600017 44 
505 I 27638409 44 
506 I 27671907 44 
507 I 27689543 44 
508 I 27723801 44 
509 I 27766389 44 
510 I 27809810 44 
511 I 27896154 44 
512 I 27938027 44 
513 I 27979119 44 
514 I 28031908 44 
515 I 28134415 44 
516 I 28172168 44 
517 I 28207992 44 
518 I 28264479 44 
519 I 28308863 44 
520 I 28342776 44 
521 I 28428986 44 
522 I 28468779 44 
523 I 28511980 44 
524 I 28553501 44 
525 I 28707167 44 
526 I 28827070 44 
527 I 28831884 44 
528 I 28867495 44 
529 I 28907798 44 
530 I 28953665 44 
531 I 28993711 44 
532 I 29003844 44 
533 I 29012755 44 
534 I 29035101 44 
535 I 29127236 44 
536 I 29166748 44 
537 I 29237283 44 
538 I 29273721 44 
539 I 29318649 44 
540 I 29361464 44 
541 I 29405070 44 
542 I 29444806 44 
543 I 29486482 44 
544 I 29534517 44 
545 I 29571573 44 
546 I 29638465 44 
547 I 29679988 44 
548 I 29719887 44 
549 I 29790479 44 
550 I 29982349 44 
551 I 30017951 44 
552 I 30064035 44 
553 I 30107134 44 
554 I 30145894 44 
555 I 30170548 44 
556 I 30183170 44 
557 I 30996686 52 
558 I 31151598 451 
559 I 31372066 44 
560 I 31487157 44 
561 I 31529688 44 
562 I 31615571 44 
563 I 31665118 44 
564 I 31702475 44 
565 I 31744053 44 
566 I 31788470 44 
567 I 31842489 44 
568 I 31872765 44 
569 I 31929500 44 
570 I 31957156 44 
571 I 32000246 44 
572 I 32047755 44 
573 I 32084833 44 
574 I 32132195 44 
575 I 32170019 44 
576 I 32217862 44 
577 I 32255906 44 
578 I 32308003 44 
579 I 32342549 44 
580 I 32390886 44 
581 I 32554443 44 
582 I 32677822 44 
583 I 32713174 44 
584 I 32763206 44 
585 I 32804965 44 
586 I 32839270 44 
587 I 32881743 44 
588 I 32924721 44 
589 I 32962402 56 
590 I 32975941 56 
591 I 32991696 56 
592 I 33013398 56 
593 I 33034369 56 
594 I 33060689 56 
595 I 33086935 56 
596 I 33101326 56 
597 I 33124761 56 
598 I 33149785 56 
599 I 33165651 56 
600 I 33183234 64 
601 I 33209689 64 
602 I 33225865 64 
603 I 33252983 64 
604 I 33287998 64 
605 I 33328927 64 
606 I 33451541 64 
607 I 34652694 64 
608 I 34768217 64 
609 I 34884701 64 
610 I 34908842 64 
611 I 35000596 56 
612 I 35022401 56 
613 I 35044661 56 
614 I 35071914 56 
615 I 35139168 56 
616 I 35158406 56 
617 I 35177553 44 
618 I 35199915 44 
619 I 35220676 44 
620 I 35241518 44 
621 I 35264029 44 
622 I 35284753 44 
623 I 35311984 44 
624 I 35335837 44 
625 I 35347252 44 
626 I 35393665 44 
627 I 35432092 44 
628 I 35452875 44 
629 I 35496136 44 
630 I 35539169 44 
631 I 35574427 44 
632 I 35657578 44 
633 I 35752075 44 
634 I 35846379 44 
635 I 35888352 44 
636 I 35934400 44 
637 I 35961693 44 
638 I 36069530 44 
639 I 36110381 44 
640 I 36185735 44 
641 I 36228680 44 
642 I 36279893 44 
643 I 36332728 44 
644 I 36391949 44 
645 I 36467297 44 
646 I 36516670 44 
647 I 36544369 44 
648 I 36587107 44 
649 I 36619126 44 
650 I 36675448 44 
651 I 36835447 44 
652 I 36876836 44 
653 I 36951878 44 
654 I 36993696 44 
655 I 37041744 44 
656 I 37121726 44 
657 I 37164427 44 
658 I 37206516 44 
659 I 37249605 44 
660 I 37335924 44 
661 I 37377517 44 
662 I 37420790 44 
663 I 37462342 44 
664 I 37512025 44 
665 I 37556798 44 
666 I 37627265 44 
667 I 37657871 44 
668 I 37697711 44 
669 I 37740783 44 
670 I 37793670 44 
671 I 37849785 44 
672 I 37889465 44 
673 I 37939381 44 
674 I 37975934 44 
675 I 38019193 44 
676 I 38177565 44 
677 I 38252946 44 
678 I 38294459 44 
679 I 38344035 44 
680 I 38494474 44 
681 I 38512357 44 
682 I 38590326 44 
683 I 38678540 44 
684 I 38720270 44 
685 I 38763277 44 
686 I 38804792 44 
687 I 38849494 44 
688 I 38910620 44 
689 I 38951964 44 
690 I 38997394 44 
691 I 39041908 44 
692 I 39085025 44 
693 I 39113857 44 
694 I 39152090 44 
695 I 39194487 44 
696 I 39235229 44 
697 I 39279923 44 
698 I 39328030 44 
699 I 39492850 44 
700 I 39614565 44 
701 I 39651427 44 
702 I 39695964 44 
703 I 39726337 44 
704 I 39760241 44 
705 I 39765107 44 
706 I 39801586 44 
707 I 39928007 44 
708 I 39951954 44 
709 I 39956752 44 
710 I 39996728 44 
711 I 40038289 44 
712 I 40076865 44 
713 I 40119866 44 
714 I 40169637 44 
715 I 40205149 44 
716 I 40254421 44 
717 I 40299195 44 
718 I 40367984 44 
719 I 40466897 44 
720 I 40527914 44 
721 I 40568134 44 
722 I 40589071 56 
723 I 40614618 56 
724 I 40632032 56 
725 I 40654496 56 
726 I 40731365 56 
727 I 40759904 44 
728 I 40905875 44 
729 I 40956930 44 
730 I 40988837 44 
731 I 41040076 44 
732 I 41073738 44 
733 I 41127738 44 
734 I 41159054 44 
735 I 41228903 44 
736 I 41310979 44 
737 I 41350496 44 
738 I 41410486 44 
739 I 41449528 44 
740 I 41492840 44 
741 I 41520023 44 
742 I 41552120 44 
743 I 41584805 44 
744 I 41629497 44 
745 I 41715258 44 
746 I 41737483 44 
747 I 41756920 44 
748 I 41777719 44 
749 I 41820347 44 
750 I 41869542 44 
751 I 41907946 44 
752 I 41948128 44 
753 I 42117133 44 
754 I 42246558 44 
755 I 42289589 44 
756 I 42333360 44 
757 I 42381032 44 
758 I 42427024 44 
759 I 42512949 44 
760 I 42532244 44 
761 I 42569064 44 
762 I 42657703 44 
763 I 42686840 44 
764 I 42721805 44 
765 I 42744299 44 
766 I 42751251 44 
767 I 42779086 44 
768 I 42842774 44 
769 I 42894664 44 
770 I 42957256 44 
771 I 43035086 44 
772 I 43078322 44 
773 I 43124756 44 
774 I 43168098 44 
775 I 43257372 44 
776 I 43334083 44 
777 I 43382466 44 
778 I 43551414 44 
779 I 43668752 44 
780 I 43711851 44 
781 I 43760010 44 
782 I 43797566 44 
783 I 43840551 44 
784 I 43925599 44 
785 I 43972821 44 
786 I 44041491 44 
787 I 44080358 44 
788 I 44121142 44 
789 I 44164886 44 
790 I 44206595 44 
791 I 44264027 44 
792 I 44294394 44 
793 I 44344069 44 
794 I 44400126 44 
795 I 44432067 44 
796 I 44471969 44 
797 I 44657592 44 
798 I 44688065 56 
799 I 44704405 56 
800 I 44820916 56 
801 I 44868868 56 
802 I 44884805 44 
803 I 45063872 44 
804 I 45068812 44 
805 I 45099347 44 
806 I 45108698 44 
807 I 45139356 44 
808 I 45201511 44 
809 I 45249911 44 
810 I 45279993 44 
811 I 45284854 44 
812 I 45353703 44 
813 I 45399987 44 
814 I 45480134 44 
815 I 45566387 44 
816 I 45608008 44 
817 I 45651195 44 
818 I 45694577 44 
819 I 45779209 44 
820 I 45825321 44 
821 I 45907165 44 
822 I 45949703 44 
823 I 46035086 44 
824 I 46080072 44 
825 I 46166641 44 
826 I 46225584 44 
827 I 46247918 44 
828 I 46324249 44 
829 I 46452760 44 
830 I 46484421 44 
831 I 46532120 44 
832 I 46569671 44 
833 I 46639971 44 
834 I 46684658 44 
835 I 46720099 44 
836 I 46775938 44 
837 I 46807315 44 
838 I 46889640 44 
839 I 46932335 44 
840 I 46985713 44 
841 I 47027105 44 
842 I 47078174 44 
843 I 47127438 44 
844 I 47169267 44 
845 I 47209400 44 
846 I 47255505 44 
847 I 47315490 44 
848 I 47369940 44 
849 I 47412718 44 
850 I 47454487 44 
851 I 47600124 44 
852 I 47717299 44 
853 I 47764471 44 
854 I 47801608 44 
855 I 47844892 44 
856 I 47849642 44 
857 I 47886358 44 
858 I 47929619 44 
859 I 47971284 44 
860 I 48017600 44 
861 I 48056103 44 
862 I 48102645 44 
863 I 48206296 44 
864 I 48245154 44 
865 I 48270397 44 
866 I 48301176 44 
867 I 48339200 44 
868 I 48379275 44 
869 I 48422275 44 
870 I 48465868 44 
871 I 48507218 44 
872 I 48550698 44 
873 I 48590540 44 
874 I 48632222 44 
875 I 48720113 44 
876 I 48903934 44 
877 I 49039975 44 
878 I 49082856 44 
879 I 49126737 44 
880 I 49316409 44 
881 I 50195810 44 
882 I 50314759 44 
883 I 50362241 44 
884 I 50401533 44 
885 I 50439652 44 
886 I 50455812 44 
887 I 51307681 44 
888 I 52520106 44 
889 I 53344898 44 
