0 I 0 52 
1 I 51920 44 
2 I 432033 44 
3 I 490403 44 
4 I 494304 44 
5 I 546608 44 
6 I 550717 44 
7 I 554525 44 
8 I 565545 44 
9 I 602833 44 
10 I 606870 44 
11 I 617144 44 
12 I 620997 44 
13 I 624970 44 
14 I 631122 44 
15 I 661258 44 
16 I 665671 44 
17 I 674078 44 
18 I 677398 44 
19 I 685349 44 
20 I 689564 44 
21 I 689564 44 
22 I 695317 44 
23 I 701371 44 
24 I 743786 44 
25 I 743809 44 
26 I 747910 44 
27 I 747911 56 
28 I 754443 56 
29 I 754655 44 
30 I 1312819 44 
31 I 1316802 44 
32 I 1322976 44 
33 I 1330854 44 
34 I 1339741 44 
35 I 1355424 44 
36 I 1358967 44 
37 I 1371319 44 
38 I 1379384 44 
39 I 1379386 44 
40 I 1387367 44 
41 I 1387367 44 
42 I 1437622 44 
43 I 1437622 44 
44 I 1451748 44 
45 I 1451748 44 
46 I 1459601 44 
47 I 1463643 44 
48 I 1474370 44 
49 I 1493909 44 
50 I 1500229 44 
51 I 1500232 44 
52 I 1500233 44 
53 I 1536122 44 
54 I 1540411 44 
55 I 1540411 44 
56 I 1540411 44 
57 I 1556158 44 
58 I 1564981 44 
59 I 1568060 44 
60 I 1574115 44 
61 I 1600341 44 
62 I 11058026 44 
