0 I 0 68 
1 I 155207 56 
2 I 160198 451 
3 I 774818 56 
4 I 1163748 68 
5 I 1172310 68 
6 I 1486281 68 
7 I 1495582 56 
8 I 1878524 56 
9 I 2200006 56 
10 I 2391693 56 
11 I 2691563 56 
12 I 2751569 56 
13 I 2981747 56 
14 I 3182656 56 
15 I 3454856 56 
16 I 3539808 56 
17 I 3684061 56 
18 I 3735360 56 
19 I 4046335 56 
20 I 4090813 56 
21 I 4095135 56 
22 I 4319542 56 
23 I 4340722 56 
24 I 4350765 56 
25 I 4498181 56 
26 I 4569372 56 
27 I 4604481 56 
28 I 4640024 56 
29 I 4937086 56 
30 I 4975917 68 
31 I 5177384 56 
32 I 5183042 451 
33 I 5614868 56 
34 I 5946932 56 
35 I 5965387 56 
36 I 8473332 56 
37 I 12039230 68 
38 I 12363518 56 
39 I 12369448 453 
40 I 12782645 56 
41 I 13161624 56 
42 I 13331278 56 
43 I 13466647 68 
44 I 13489494 68 
45 I 13625826 68 
46 I 13649753 68 
47 I 13758524 68 
48 I 13788431 56 
49 I 14069991 68 
50 I 16356328 68 
51 I 16694455 56 
52 I 16720532 56 
53 I 17054167 56 
54 I 17251690 56 
55 I 17540205 68 
56 I 17934575 68 
57 I 18159546 56 
58 I 19766136 56 
59 I 20160832 56 
60 I 21666374 56 
61 I 23085059 56 
62 I 23280481 56 
63 I 23671562 56 
64 I 23975832 56 
65 I 24182529 56 
66 I 24340204 56 
67 I 24654099 68 
68 I 24668892 68 
69 I 24975173 68 
70 I 25045883 56 
71 I 25209001 56 
72 I 25478082 56 
73 I 25747486 56 
74 I 25930867 56 
75 I 26350655 56 
76 I 26727584 68 
77 I 26745629 68 
78 I 26758436 68 
79 I 26960977 56 
80 I 28599721 56 
81 I 28806229 56 
82 I 29147269 56 
83 I 29505890 56 
84 I 29717387 56 
85 I 29757300 56 
86 I 30055123 56 
87 I 30089796 56 
88 I 31331356 56 
89 I 31705825 56 
90 I 31996609 56 
91 I 32060439 56 
92 I 32369893 56 
93 I 32417314 56 
94 I 32625560 56 
95 I 32729776 56 
96 I 32760026 56 
97 I 33008076 56 
98 I 33033754 56 
99 I 33221028 56 
100 I 33320084 56 
101 I 33564914 56 
102 I 33585137 68 
103 I 33669764 68 
104 I 33696658 68 
105 I 33920619 68 
106 I 33986446 68 
107 I 34185121 68 
108 I 34346691 68 
109 I 34393419 68 
110 I 34598449 68 
111 I 34730570 68 
112 I 34833997 68 
113 I 34886897 56 
114 I 34914296 56 
115 I 35122239 56 
116 I 35161133 56 
117 I 35447020 56 
118 I 35464220 56 
119 I 35652321 56 
120 I 39059829 56 
121 I 39415790 56 
122 I 39837227 56 
123 I 39956103 56 
124 I 40317977 56 
125 I 40456153 56 
126 I 40796915 68 
127 I 41062460 68 
128 I 41095227 68 
129 I 41440206 68 
130 I 41457790 56 
131 I 41837709 56 
132 I 42233913 56 
133 I 42394691 56 
134 I 42654492 56 
135 I 42881185 56 
136 I 42894826 56 
137 I 43334024 56 
138 I 43578388 68 
139 I 43596027 68 
140 I 43781867 68 
141 I 43842004 56 
142 I 44248178 56 
143 I 44478264 56 
144 I 44520305 44 
