0 I 0 44 
1 I 299485 44 
2 I 501536 44 
3 I 775064 1344 
4 I 1676008 1344 
5 I 1902651 44 
6 I 2103399 44 
7 I 2578917 1344 
8 I 3072848 44 
9 I 3303980 44 
10 I 3477896 1344 
11 I 3704383 44 
12 I 4309468 44 
13 I 4380814 1344 
14 I 4492438 44 
15 I 4806188 44 
16 I 5183105 1214 
17 I 5308333 44 
18 I 5506087 44 
19 I 6182708 1344 
20 I 6248093 44 
21 I 7184081 1344 
22 I 8010537 44 
23 I 8211184 44 
24 I 8512718 44 
25 I 9257230 44 
26 I 9750354 1504 
27 I 10272101 44 
28 I 10437736 1184 
29 I 10801733 44 
30 I 10890428 1344 
31 I 11174255 44 
32 I 11648696 1344 
33 I 12385619 44 
34 I 12434924 1344 
35 I 12620880 44 
36 I 13319815 44 
37 I 14164153 44 
38 I 14434974 44 
39 I 14718376 44 
40 I 15425506 44 
41 I 15719895 44 
42 I 16021545 44 
43 I 16322184 1504 
44 I 16485039 1504 
45 I 16581586 1504 
46 I 16705394 734 
47 I 16922479 44 
48 I 17442649 1344 
49 I 17722802 44 
50 I 18026125 44 
51 I 18500193 1344 
52 I 18724569 44 
53 I 19024013 44 
54 I 19550129 1344 
55 I 19635370 44 
56 I 19826325 44 
57 I 20294123 44 
58 I 20387512 44 
59 I 20581465 1344 
60 I 20626868 44 
61 I 21168155 1214 
62 I 21266499 44 
63 I 21628235 44 
64 I 21829579 44 
65 I 22003148 1344 
66 I 22329991 44 
67 I 22922197 1344 
68 I 23130460 44 
69 I 23332320 44 
70 I 23631151 44 
71 I 23808290 1344 
72 I 24031587 44 
73 I 24240807 44 
74 I 24532104 44 
75 I 24806503 1344 
76 I 25133400 44 
77 I 25702617 44 
78 I 25808047 1344 
79 I 26865974 44 
80 I 26984460 1344 
81 I 28698178 1344 
82 I 29047750 1214 
83 I 29047867 44 
84 I 29509990 44 
85 I 29738681 44 
86 I 29840103 1344 
87 I 29939722 44 
88 I 30146846 44 
89 I 30910942 44 
90 I 31000394 1344 
91 I 31346166 44 
92 I 31862884 44 
93 I 32066495 1344 
94 I 32800064 44 
95 I 33024614 1344 
96 I 33143451 44 
97 I 33545788 44 
98 I 33744687 44 
99 I 34018946 1344 
100 I 34245210 44 
101 I 34444276 44 
102 I 34645466 44 
103 I 34947776 44 
104 I 35048523 1344 
105 I 35247145 44 
106 I 35448707 44 
107 I 36090193 1344 
108 I 36608185 44 
109 I 36850309 44 
110 I 36922341 1214 
111 I 37028490 44 
112 I 37740394 44 
113 I 37949590 44 
114 I 38024791 1344 
115 I 38875999 44 
116 I 39026500 1344 
117 I 39250703 44 
118 I 39556231 44 
119 I 39751378 44 
120 I 39952722 44 
121 I 40027710 1344 
122 I 40254956 44 
123 I 40454589 44 
124 I 40653749 44 
125 I 40853657 44 
126 I 41029251 1344 
127 I 41354144 44 
128 I 41915131 44 
129 I 42135336 1344 
130 I 42456824 44 
131 I 42655391 44 
132 I 42856712 44 
133 I 43136863 1344 
134 I 43357819 44 
135 I 43447504 44 
136 I 43757647 44 
137 I 44059307 44 
138 I 44138248 1344 
139 I 44181851 90 
140 I 45040798 1214 
141 I 45261023 44 
142 I 45563141 44 
143 I 45861567 44 
144 I 46137243 1344 
145 I 46361531 44 
146 I 46675385 44 
147 I 46960922 44 
148 I 47136684 1344 
149 I 47363113 44 
150 I 47565465 44 
151 I 47763197 44 
152 I 48070230 44 
153 I 48138182 1344 
154 I 48253877 44 
155 I 48563739 44 
156 I 48764920 44 
157 I 49064526 44 
158 I 49145637 1344 
159 I 49255397 44 
160 I 49766251 44 
161 I 50147164 1344 
162 I 50465995 44 
163 I 50996898 44 
164 I 51241117 1344 
165 I 51346852 44 
166 I 51568318 44 
167 I 52242653 1344 
168 I 52469083 44 
169 I 52667982 44 
170 I 52869461 44 
171 I 53070862 44 
172 I 53143111 1214 
173 I 53252639 44 
174 I 53672155 44 
175 I 53870717 44 
176 I 54153053 1344 
177 I 54471836 44 
178 I 55161598 44 
179 I 55253068 1344 
180 I 55848281 44 
181 I 56277672 44 
182 I 56306974 1344 
183 I 56476770 44 
184 I 56692881 44 
185 I 56975950 44 
186 I 57256105 1344 
187 I 57476303 44 
188 I 57676238 44 
189 I 57881732 44 
190 I 58176613 44 
191 I 58259504 1344 
192 I 58478017 44 
193 I 58679524 44 
194 I 58980526 44 
195 I 59282176 44 
196 I 59355517 1344 
197 I 59578037 44 
198 I 59778995 44 
199 I 60078607 44 
200 I 60279632 44 
201 I 60360996 1344 
202 I 60579463 44 
203 I 60781147 44 
204 I 61080421 44 
205 I 61261583 1214 
206 I 61580804 44 
207 I 61884373 44 
208 I 62186474 44 
209 I 62256777 1344 
210 I 62485651 44 
211 I 62783579 44 
212 I 63361405 1344 
213 I 63586748 44 
214 I 63782813 44 
215 I 64084547 44 
216 I 64285915 44 
217 I 64360952 1344 
218 I 64589171 44 
219 I 64887754 44 
220 I 65086289 44 
221 I 65364464 1344 
222 I 66087518 44 
223 I 66286532 44 
224 I 66361888 1344 
225 I 66501491 44 
226 I 66788690 44 
227 I 66988514 44 
228 I 67647918 44 
229 I 67708369 44 
230 I 67890055 44 
231 I 68129862 1344 
232 I 68237348 44 
233 I 68465288 1344 
234 I 68691170 44 
235 I 69270838 44 
236 I 69365855 1214 
237 I 69878535 44 
238 I 70254854 44 
239 I 70464273 1344 
240 I 70693013 44 
241 I 70895500 44 
242 I 71512019 1344 
243 I 71515819 44 
244 I 71794596 44 
245 I 71993799 44 
246 I 72385109 44 
247 I 72569901 1344 
248 I 72595319 44 
249 I 72796181 44 
250 I 73490830 1344 
251 I 73493928 44 
252 I 73700525 44 
253 I 73996682 44 
254 I 74298376 44 
255 I 74495469 1344 
256 I 75473799 1344 
257 I 75521266 44 
258 I 75619566 44 
259 I 75901887 44 
260 I 76575719 1344 
261 I 77401461 44 
262 I 77476319 1214 
263 I 78032832 44 
264 I 78484147 1344 
265 I 78702687 44 
266 I 78903529 44 
267 I 79107229 44 
268 I 79422403 44 
269 I 79479587 1344 
270 I 79607019 44 
271 I 79905814 44 
272 I 80204646 44 
273 I 80405762 44 
274 I 80481123 1344 
275 I 80607017 44 
276 I 80805861 44 
277 I 81007110 44 
278 I 81306707 44 
279 I 81583117 1344 
280 I 81807772 44 
281 I 82111044 44 
282 I 82416755 44 
283 I 82584966 1344 
284 I 82809706 44 
285 I 83010045 44 
286 I 83319674 44 
287 I 83584381 1344 
288 I 83810334 44 
289 I 84114239 44 
290 I 84411600 44 
291 I 84585607 1344 
292 I 84812207 44 
293 I 85113680 44 
294 I 85429379 44 
295 I 85586625 1214 
296 I 85813440 44 
297 I 86015625 44 
298 I 86318101 44 
299 I 86591798 1344 
300 I 86815109 44 
301 I 87489462 1344 
302 I 87514701 44 
303 I 87816338 44 
304 I 88015578 44 
305 I 88216467 44 
306 I 88391556 1344 
307 I 88717697 44 
308 I 89016801 44 
309 I 89217967 44 
310 I 89310523 1344 
311 I 89978145 44 
312 I 90192300 1344 
313 I 91095388 1344 
314 I 91319554 44 
315 I 91996066 1344 
316 I 92796038 1214 
317 I 93703576 1344 
318 I 94604620 1344 
319 I 95505242 1344 
320 I 96406188 1344 
321 I 97303353 1344 
322 I 98212169 1344 
323 I 99110989 1344 
324 I 99912175 1214 
325 I 100806223 1344 
326 I 101712436 1344 
327 I 102610247 1344 
328 I 103513482 1344 
329 I 104460346 1344 
330 I 105313398 1344 
331 I 106213861 1344 
332 I 107017791 1214 
333 I 107917168 1344 
334 I 108818073 1344 
335 I 109719012 1344 
336 I 110619956 1344 
337 I 111520903 1344 
338 I 112421866 1344 
339 I 113324756 1344 
340 I 114124769 1214 
341 I 115032116 1344 
342 I 115935029 1344 
343 I 116837947 1344 
344 I 117736913 1344 
345 I 118637870 1344 
346 I 119538807 1344 
347 I 120455818 1344 
348 I 121233695 1214 
349 I 122136139 1344 
350 I 123035931 1344 
351 I 123936756 1344 
352 I 124739221 1344 
353 I 125640149 1344 
354 I 126541251 1344 
355 I 127442217 1344 
356 I 128243986 1214 
357 I 129147321 1344 
358 I 130046404 1344 
359 I 130949144 1344 
360 I 131848137 1344 
361 I 132749076 1344 
362 I 133650018 1344 
363 I 134553093 1344 
364 I 135352803 1214 
365 I 136254231 1344 
366 I 137165162 1344 
367 I 138056124 1344 
368 I 138957066 1344 
369 I 139857892 1344 
370 I 140760923 1344 
371 I 141661742 1344 
372 I 141876175 88 
373 I 142471847 1214 
374 I 142688472 44 
375 I 143369097 1344 
376 I 144270165 1344 
377 I 145170965 1344 
378 I 146065851 1344 
379 I 146872236 1344 
380 I 147668656 1344 
381 I 148569600 1344 
382 I 148785998 66 
383 I 149012473 90 
384 I 149374836 1214 
385 I 149847584 44 
386 I 150197537 44 
387 I 150273018 1344 
388 I 150501260 44 
389 I 150802881 44 
390 I 151075339 1344 
391 I 151770186 44 
392 I 151873757 1344 
393 I 152100686 44 
394 I 152301040 44 
395 I 152776637 1344 
396 I 152890239 44 
397 I 152990821 44 
398 I 153302612 44 
399 I 153606491 44 
400 I 153698070 44 
401 I 154006476 44 
402 I 154397833 1344 
403 I 155393960 44 
404 I 155716740 1504 
405 I 156010279 1184 
406 I 156299454 1214 
407 I 157180651 1344 
408 I 158159203 1344 
409 I 158984502 1344 
410 I 159886597 1344 
411 I 160786418 1344 
412 I 161687303 1344 
413 I 162594330 1344 
414 I 163396262 1214 
415 I 164297568 1344 
416 I 165198537 1344 
417 I 166101471 1344 
418 I 166895259 1344 
419 I 167794700 1344 
420 I 168695786 1344 
421 I 169598588 1344 
422 I 170399846 1214 
423 I 171299904 1344 
424 I 172200845 1344 
425 I 173101751 1344 
426 I 174004700 1344 
427 I 174905625 1344 
428 I 175806527 1344 
429 I 176712727 1344 
430 I 177513554 1214 
431 I 178607019 1344 
432 I 179416255 1344 
433 I 180317197 1344 
434 I 181214168 1344 
435 I 182115143 1344 
436 I 183022002 1344 
437 I 183922949 1344 
438 I 184716891 1214 
439 I 185620270 1344 
440 I 186519257 1344 
441 I 187422154 1344 
442 I 188327361 1344 
443 I 189223931 1344 
444 I 190128129 1344 
445 I 191025777 1344 
446 I 191825765 1214 
447 I 192729212 1344 
448 I 193632110 1344 
449 I 194547467 1344 
450 I 195432378 1344 
451 I 196367059 1344 
452 I 197233974 1344 
453 I 198237280 1344 
454 I 199045292 1214 
455 I 199944629 1344 
456 I 200845597 1344 
457 I 201746531 1344 
458 I 202649600 1344 
459 I 203542347 1344 
460 I 204443302 1344 
461 I 205354236 1344 
462 I 205771551 44 
463 I 206146070 1214 
464 I 207047513 1344 
465 I 207948459 1344 
466 I 208748958 1344 
467 I 209651720 1344 
468 I 210552656 1344 
469 I 211453634 1344 
470 I 212354539 1344 
471 I 213196691 1214 
472 I 214055836 1344 
473 I 214958749 1344 
474 I 215859693 1344 
475 I 216760801 1344 
476 I 217661740 1344 
477 I 218568581 1344 
478 I 219471500 1344 
479 I 220263341 1214 
480 I 221168713 1344 
481 I 222069651 1344 
482 I 222968626 1344 
483 I 223869441 1344 
484 I 224774450 1344 
485 I 225671619 1344 
486 I 226590429 1344 
487 I 227474800 1214 
488 I 228402310 1344 
489 I 229277216 1344 
490 I 230177986 1344 
491 I 231080945 1344 
492 I 231983016 1344 
493 I 232880972 1344 
494 I 234515764 1344 
495 I 234886542 1214 
496 I 235894467 1344 
497 I 236886663 1344 
498 I 237988799 1344 
499 I 238990400 1344 
500 I 239989758 1344 
501 I 240991144 1344 
502 I 242099210 1344 
503 I 242993702 1214 
504 I 243995744 1344 
505 I 245003222 1344 
506 I 246197728 1344 
507 I 247199125 1344 
508 I 248206603 1344 
509 I 249208110 1344 
510 I 250209650 1344 
511 I 251216726 1214 
512 I 252206510 1344 
513 I 253208071 1344 
514 I 254209431 1344 
515 I 255311574 1344 
516 I 256313000 1344 
517 I 257316446 1344 
518 I 258316674 1344 
519 I 259314917 1214 
520 I 260318944 1344 
521 I 261318653 1344 
522 I 262319785 1344 
523 I 263323732 1344 
524 I 264526998 1344 
525 I 265525388 1344 
526 I 266526933 1344 
527 I 267435748 1214 
528 I 268527757 1344 
529 I 269535466 1344 
530 I 270538832 1344 
531 I 271532216 1344 
532 I 272640259 1344 
533 I 273643766 1344 
534 I 274641354 1344 
535 I 275537708 1214 
536 I 276638191 1344 
537 I 277640766 1344 
538 I 278641109 1344 
539 I 279743126 1344 
540 I 280744628 1344 
541 I 281846649 1344 
542 I 282846179 1344 
543 I 283748618 1214 
544 I 284756536 1344 
545 I 285850540 1344 
546 I 286852017 1344 
547 I 287853579 1344 
548 I 288861040 1344 
549 I 289957076 1344 
550 I 290958459 1344 
551 I 291865107 1214 
552 I 292860943 1344 
553 I 293862362 1344 
554 I 294962382 1344 
555 I 296064815 1344 
556 I 297067983 1344 
557 I 298067396 1344 
558 I 299177552 1344 
