0 I 0 154 
1 I 2105397 215 
2 I 3007851 44 
3 I 4026160 99 
4 I 5110550 136 
5 I 6031414 146 
6 I 6978396 101 
7 I 7838901 110 
8 I 9132712 44 
9 I 10567036 44 
10 I 11756340 167 
11 I 12637557 101 
12 I 13633683 44 
13 I 14171561 101 
14 I 15549235 136 
15 I 16227641 44 
16 I 16626744 88 
17 I 17671706 141 
18 I 17990801 80 
19 I 18752037 44 
20 I 19915415 101 
21 I 21412384 100 
22 I 22402149 145 
23 I 23458311 101 
24 I 23783528 101 
25 I 25390906 322 
26 I 26272714 44 
27 I 28226693 101 
28 I 28568484 85 
29 I 30383799 44 
30 I 31086062 44 
31 I 31416518 101 
32 I 33211618 44 
33 I 33990159 130 
34 I 34940119 88 
35 I 36084306 44 
36 I 36300732 44 
37 I 37845740 44 
38 I 39069419 87 
39 I 39887487 44 
40 I 40886975 44 
41 I 41838195 44 
42 I 42728143 101 
43 I 43764811 88 
44 I 47494408 115 
45 I 47875850 215 
46 I 50374653 155 
47 I 53642586 155 
48 I 55753686 101 
49 I 57236218 142 
50 I 58245137 98 
51 I 59358918 88 
52 I 61090264 44 
53 I 62043150 88 
54 I 63111837 44 
55 I 64051690 44 
56 I 64271577 101 
57 I 65034780 44 
58 I 65869108 243 
59 I 66279750 44 
60 I 67020085 101 
61 I 67947010 137 
62 I 68284028 44 
63 I 69120413 69 
64 I 71701971 44 
65 I 72132378 99 
66 I 72947615 101 
67 I 73730460 101 
68 I 74002309 44 
69 I 75543335 44 
70 I 76716276 44 
71 I 77632623 92 
72 I 78422898 235 
73 I 78882559 44 
74 I 79695751 131 
75 I 82319254 204 
76 I 84413137 259 
77 I 85756646 44 
78 I 87122240 96 
79 I 87459933 44 
80 I 88186642 44 
81 I 88559431 91 
82 I 93130777 92 
83 I 94306500 44 
84 I 94936749 149 
85 I 95979881 101 
86 I 97900499 56 
87 I 97904300 101 
88 I 98839576 56 
89 I 98843792 101 
90 I 99927487 56 
91 I 99933681 165 
92 I 100870414 56 
93 I 100876705 248 
94 I 101923771 56 
95 I 102922300 44 
96 I 102995175 101 
97 I 105633540 44 
98 I 105696912 88 
99 I 110344852 101 
100 I 113246129 276 
101 I 113373129 44 
102 I 116344557 214 
103 I 120059914 44 
104 I 123054394 94 
105 I 124828071 260 
106 I 127724019 217 
107 I 129707765 101 
108 I 130944280 207 
109 I 133581140 693 
110 I 136561560 205 
111 I 139547750 215 
112 I 141417710 101 
113 I 143427133 259 
114 I 145338496 101 
115 I 146743215 149 
116 I 147797760 151 
117 I 149248560 137 
118 I 150533909 208 
119 I 151332931 44 
120 I 151532446 101 
121 I 152522823 101 
122 I 152928323 98 
123 I 154078038 207 
124 I 154248089 44 
125 I 155212696 187 
126 I 156226725 44 
127 I 157141057 44 
128 I 158745965 44 
129 I 158943684 101 
130 I 159797761 138 
131 I 161186711 202 
132 I 162768905 93 
133 I 163793136 145 
134 I 164099942 44 
135 I 164761716 44 
136 I 165483222 93 
137 I 165870138 44 
138 I 167453952 44 
139 I 168458923 69 
140 I 169490707 44 
141 I 170541910 101 
142 I 172573331 44 
143 I 173317143 79 
144 I 176167004 155 
145 I 176318608 82 
146 I 179962329 305 
147 I 181978202 212 
148 I 183861359 96 
149 I 185054181 44 
150 I 186071818 101 
151 I 186356129 44 
152 I 187429210 44 
153 I 188616719 44 
154 I 189529059 80 
155 I 189766839 101 
156 I 190472799 99 
157 I 192178649 44 
158 I 193526494 44 
159 I 193760310 101 
160 I 194717823 146 
161 I 196281490 44 
162 I 197132619 44 
163 I 197963368 44 
164 I 198890009 44 
165 I 199906696 44 
166 I 200864011 44 
167 I 202082840 101 
168 I 202614630 44 
169 I 202908508 145 
170 I 204492317 101 
171 I 204600122 44 
172 I 205645509 147 
173 I 209423666 158 
174 I 211540443 226 
175 I 212285838 56 
176 I 213455578 56 
177 I 213461992 181 
178 I 213576338 56 
179 I 213646921 44 
180 I 214232960 44 
181 I 214358146 44 
182 I 214533556 44 
183 I 215404653 44 
184 I 216607963 98 
185 I 217040755 44 
186 I 218807348 44 
187 I 219127976 101 
188 I 220113122 44 
189 I 220475859 101 
190 I 221200308 44 
191 I 222634478 44 
192 I 223339025 101 
193 I 224862126 44 
194 I 225050719 44 
195 I 225274700 101 
196 I 226156168 44 
197 I 226356840 162 
198 I 226491094 44 
199 I 228230726 101 
200 I 228350971 44 
201 I 229732216 44 
202 I 230641717 101 
203 I 231131690 260 
204 I 232054217 216 
205 I 232761548 44 
206 I 233228398 44 
207 I 233394685 155 
208 I 233922538 101 
209 I 234550530 44 
210 I 236680440 101 
211 I 238611039 262 
212 I 238997614 44 
213 I 240655196 44 
214 I 241715192 78 
215 I 244482950 138 
216 I 244706391 172 
217 I 245433734 101 
218 I 247508399 160 
219 I 248430603 149 
220 I 250396288 153 
221 I 251381589 101 
222 I 253323253 174 
223 I 254205981 103 
224 I 255355635 101 
225 I 255499097 44 
226 I 261399644 255 
227 I 262016273 44 
228 I 262976494 44 
229 I 264035589 101 
230 I 265948782 158 
231 I 266124309 101 
232 I 268810643 173 
233 I 271740865 382 
234 I 273867371 215 
235 I 276330581 145 
236 I 278846511 44 
237 I 278968968 102 
238 I 282233144 308 
239 I 285214848 202 
240 I 287227533 123 
241 I 288451306 101 
242 I 291294603 164 
243 I 293207428 158 
244 I 294989782 88 
245 I 297741896 205 
