0 I 0 1504 
1 I 5917 1504 
2 I 994511 1504 
3 I 1001391 1504 
4 I 2506884 1504 
5 I 2513618 1504 
6 I 4492454 1504 
7 I 4498512 1504 
8 I 4504627 1504 
9 I 5998774 1504 
10 I 6004836 1504 
11 I 6010736 1504 
12 I 7492985 1504 
13 I 7499723 1504 
14 I 7506945 1504 
15 I 7512981 1504 
16 I 9007171 1504 
17 I 9013236 1504 
18 I 9485786 1504 
19 I 9491824 1504 
20 I 10505619 1504 
21 I 10511522 1504 
22 I 10986020 1504 
23 I 10993543 1504 
24 I 11003362 1504 
25 I 11581237 1504 
26 I 11987556 1504 
27 I 11999529 1504 
28 I 12005574 1504 
29 I 12486276 1504 
30 I 12998968 1504 
31 I 13085433 1504 
32 I 13091490 1504 
33 I 13487672 1504 
34 I 13493726 1504 
35 I 13499775 1504 
36 I 14499191 1504 
37 I 14505249 1504 
38 I 15008064 1504 
39 I 15013976 1504 
40 I 16486098 1504 
41 I 16492075 1340 
42 I 18014512 1504 
43 I 21499494 1504 
44 I 22987636 1504 
45 I 22993700 1504 
46 I 23999176 1504 
47 I 24005257 1504 
48 I 24011316 1504 
49 I 25014801 1504 
50 I 26513099 1504 
51 I 27507284 1504 
52 I 28493798 1504 
53 I 28988541 1504 
54 I 28994487 1504 
55 I 30506819 1504 
56 I 30516134 1504 
57 I 31530358 1504 
58 I 34488623 1504 
59 I 35488976 1504 
60 I 35496054 1504 
61 I 37002368 1504 
62 I 37008410 1504 
63 I 38500527 1504 
64 I 38507682 1504 
65 I 41989575 1504 
66 I 47507808 1504 
67 I 48507254 1504 
68 I 49989331 1504 
69 I 51489556 1504 
70 I 52515186 1504 
71 I 54013366 1504 
72 I 70515580 1504 
73 I 72504594 1504 
74 I 72510633 1504 
75 I 73532317 1504 
76 I 73990765 1504 
77 I 75509049 1504 
78 I 75516752 1504 
79 I 75991862 1504 
80 I 77015225 1504 
81 I 77491803 1504 
82 I 77521950 1504 
83 I 78998129 1504 
84 I 79008470 1504 
85 I 79490789 1504 
86 I 79496893 1504 
87 I 81007110 1504 
88 I 81013174 1504 
89 I 81519934 1504 
90 I 82008492 1504 
91 I 82014522 1340 
92 I 83991426 1504 
93 I 85521711 1504 
94 I 85527735 1504 
95 I 87007188 1504 
96 I 87013909 1504 
97 I 88494020 1504 
98 I 88500089 1504 
99 I 88506032 1504 
100 I 90505027 1504 
101 I 90511029 1504 
102 I 92516080 1504 
103 I 94010314 1504 
104 I 95518417 1504 
105 I 96019241 1504 
106 I 97013763 1504 
107 I 97020649 1504 
108 I 99011606 1504 
109 I 125506510 1504 
110 I 188523234 1504 
111 I 188787831 52 
112 I 190267893 44 
113 I 190272002 60 
114 I 190510128 1504 
115 I 191956572 595 
116 I 191964042 1504 
117 I 191994298 1504 
118 I 193516505 1504 
119 I 193522731 1504 
120 I 193531293 1504 
121 I 194025268 1504 
122 I 195163574 1504 
123 I 195499443 1504 
124 I 195505500 1504 
125 I 195529095 1504 
126 I 196000137 1504 
127 I 196006190 1504 
128 I 196012132 1504 
129 I 196512942 1504 
130 I 196519020 1504 
131 I 196527848 1504 
132 I 197004299 1504 
133 I 198012078 1504 
134 I 198019152 1504 
135 I 198025318 1504 
136 I 199524118 1504 
137 I 200000072 1504 
138 I 200006131 1504 
139 I 200999518 1504 
140 I 207006447 1504 
141 I 208500487 1504 
142 I 208511294 1504 
143 I 208516750 1504 
144 I 209518910 1504 
145 I 209526106 1504 
146 I 209550240 1504 
147 I 209556253 1504 
148 I 210667073 1504 
149 I 210674450 1504 
150 I 211002613 1504 
151 I 211008224 1504 
152 I 212500424 1504 
153 I 212506477 1504 
154 I 213027204 1504 
155 I 213501841 1504 
156 I 213507860 1504 
157 I 214000588 1504 
158 I 214006653 1504 
159 I 214501376 1504 
160 I 215530911 1340 
161 I 216530519 1504 
162 I 217001050 1504 
163 I 217007116 1504 
164 I 217013207 1504 
165 I 217023827 1504 
166 I 219016263 1504 
167 I 219022170 1504 
168 I 219028059 1504 
169 I 220019934 1504 
170 I 220025506 1504 
171 I 220502436 1504 
172 I 221523823 1504 
173 I 222035456 1504 
174 I 223028006 1504 
175 I 224002349 1504 
176 I 225014866 1504 
177 I 227018487 1504 
178 I 229014804 1504 
179 I 229020705 1504 
180 I 231007729 1504 
181 I 231013673 1504 
182 I 232507829 1504 
183 I 232513893 1504 
184 I 234014163 1504 
185 I 234020073 1504 
186 I 234026125 1504 
187 I 235520318 1504 
188 I 235526394 1504 
189 I 236501712 1504 
190 I 237008485 1504 
191 I 237015220 1504 
192 I 237022717 1504 
193 I 238001973 1504 
194 I 238094388 1504 
195 I 238100450 1504 
196 I 238987321 1504 
197 I 239520253 1504 
198 I 239526204 1504 
199 I 239535024 1504 
200 I 240002815 1504 
201 I 241020370 1504 
202 I 241527156 1504 
203 I 242003761 1504 
204 I 242028105 1340 
205 I 244002743 1504 
206 I 246024141 1504 
207 I 246029879 1504 
208 I 247526058 1504 
209 I 247532275 1504 
210 I 248656501 1504 
211 I 249004067 1504 
212 I 249510943 1504 
213 I 249517013 1504 
214 I 251053343 1504 
215 I 251062656 1504 
216 I 252004560 1504 
217 I 252010508 1504 
218 I 253504655 1504 
219 I 253510761 1504 
220 I 253516784 1504 
221 I 255512499 1504 
222 I 255522491 1504 
223 I 255527923 1504 
224 I 257504606 1504 
225 I 257511002 1504 
226 I 257516599 1504 
227 I 259028946 1504 
228 I 259503595 1504 
229 I 260004275 1504 
230 I 260030843 1504 
231 I 260536094 1504 
232 I 261003695 1504 
233 I 261030070 1504 
234 I 262011296 1504 
235 I 262019981 1504 
236 I 263016767 1504 
237 I 263027453 1504 
238 I 263032964 1504 
239 I 264020273 1504 
240 I 264026344 1504 
241 I 264511637 1504 
242 I 265510379 1504 
243 I 265519233 1504 
244 I 265526437 1504 
245 I 266032712 1504 
246 I 266509849 1504 
247 I 266515864 1504 
248 I 267005733 1504 
249 I 267505314 1504 
250 I 267511328 1340 
251 I 268505524 1504 
252 I 268512875 1504 
253 I 268518944 1504 
254 I 268524912 1504 
255 I 268530937 1504 
256 I 269029639 1504 
257 I 269505089 1504 
258 I 269512291 1504 
259 I 269518353 1504 
260 I 269525558 1504 
261 I 269532501 1504 
262 I 270033133 1504 
263 I 271024526 1504 
264 I 271035014 1504 
265 I 271505221 1504 
266 I 272504637 1504 
267 I 272510686 1504 
