0 I 0 44 
1 I 730286 101 
2 I 1063987 101 
3 I 2416013 96 
4 I 3723824 85 
5 I 4471780 101 
6 I 5116241 44 
7 I 6557472 158 
8 I 6784151 44 
9 I 7031240 101 
10 I 7487229 233 
11 I 8023182 101 
12 I 8794281 93 
13 I 8989437 97 
14 I 9218303 101 
15 I 9373783 87 
16 I 10914359 44 
17 I 11366933 101 
18 I 11753549 158 
19 I 12668536 44 
20 I 13668952 44 
21 I 14425302 86 
22 I 14851842 101 
23 I 15694049 101 
24 I 16029763 101 
25 I 16348816 158 
26 I 16693366 108 
27 I 17369545 96 
28 I 17805265 95 
29 I 18127271 44 
30 I 18453596 44 
31 I 18714388 98 
32 I 18857897 44 
33 I 21735921 44 
34 I 22089915 101 
35 I 22539588 140 
36 I 22669792 56 
37 I 22892955 103 
38 I 23258007 84 
39 I 23384763 56 
40 I 23874915 44 
41 I 25210447 101 
42 I 25378646 56 
43 I 26014281 113 
44 I 26185484 56 
45 I 26312264 56 
46 I 26457828 44 
47 I 26761015 44 
48 I 27770699 44 
49 I 28077413 101 
50 I 28296865 44 
51 I 28559796 91 
52 I 28762775 88 
53 I 29173555 154 
54 I 29613477 101 
55 I 30876501 97 
56 I 31262627 44 
57 I 32127247 44 
58 I 32856177 44 
59 I 33057174 101 
60 I 33593700 158 
61 I 34063632 101 
62 I 35201466 44 
63 I 36104205 101 
64 I 36491185 78 
65 I 36660569 101 
66 I 37736519 98 
67 I 38157767 88 
68 I 38496848 116 
69 I 38799536 44 
70 I 38812087 473 
71 I 39749739 90 
72 I 40422388 101 
73 I 40599589 56 
74 I 40605640 88 
75 I 40993711 241 
76 I 41263171 101 
77 I 41868093 44 
78 I 42187772 44 
79 I 42731315 95 
80 I 43605556 101 
81 I 43836879 44 
82 I 45944791 101 
83 I 46079032 56 
84 I 47132464 44 
85 I 47445441 44 
86 I 47766632 98 
87 I 48265667 101 
88 I 48573086 44 
89 I 48683917 88 
90 I 49516697 88 
91 I 50078132 44 
92 I 50826764 94 
93 I 52522500 203 
94 I 52651537 56 
95 I 53911002 101 
96 I 54454259 101 
97 I 57722563 89 
98 I 57872962 56 
99 I 58415065 97 
100 I 59369110 101 
101 I 59525407 44 
102 I 59724948 64 
103 I 60660796 101 
104 I 61338810 44 
105 I 62651831 101 
106 I 63193060 44 
107 I 64836577 44 
108 I 66437974 87 
109 I 66833132 92 
110 I 67484959 101 
111 I 68023095 101 
112 I 68415612 154 
113 I 68775224 94 
114 I 69509647 97 
115 I 70210366 101 
116 I 70637648 101 
117 I 70845065 56 
118 I 70851241 101 
119 I 71620832 44 
120 I 72478703 101 
121 I 72675969 56 
122 I 72682026 91 
123 I 73057338 224 
124 I 73308836 56 
125 I 73316933 158 
126 I 74377442 101 
127 I 74653746 87 
128 I 74980054 96 
129 I 75293549 93 
130 I 75891855 101 
131 I 76625404 324 
132 I 77407185 44 
133 I 77735342 98 
134 I 78191817 215 
135 I 78614475 44 
136 I 79022305 99 
137 I 79588153 101 
138 I 80148928 202 
139 I 80486759 95 
140 I 81467323 142 
141 I 81912999 101 
142 I 82419827 94 
143 I 82559985 56 
144 I 83894534 64 
145 I 84856930 103 
146 I 84989418 56 
147 I 85285108 91 
148 I 85732003 101 
149 I 86160546 101 
150 I 88006925 103 
151 I 88248114 72 
152 I 88753625 147 
153 I 88994609 44 
154 I 89242250 89 
155 I 89451702 44 
156 I 90859145 44 
157 I 91312276 85 
158 I 91839782 44 
159 I 92319775 155 
160 I 92822651 44 
161 I 93198835 44 
162 I 93623432 101 
163 I 94041222 101 
164 I 94609766 148 
165 I 95452657 148 
166 I 95896687 44 
167 I 96438175 44 
168 I 96769715 44 
169 I 97423789 101 
170 I 98668652 101 
171 I 99296635 44 
172 I 99696400 101 
173 I 100308286 72 
174 I 101022797 101 
175 I 101521622 100 
176 I 102274315 95 
177 I 103303238 183 
178 I 103742522 101 
179 I 104103579 101 
180 I 104322396 44 
181 I 104480466 44 
182 I 104863104 98 
183 I 105223842 107 
184 I 105538029 101 
185 I 106842044 101 
186 I 107265553 151 
187 I 107522029 56 
188 I 107528129 101 
189 I 107842791 101 
190 I 108476870 108 
191 I 108584680 44 
192 I 108809282 1254 
193 I 109146282 93 
194 I 109530290 145 
195 I 109819112 101 
196 I 110895666 101 
197 I 111853289 44 
198 I 112170331 101 
199 I 112290513 44 
200 I 112540808 93 
201 I 112674218 44 
202 I 112903433 101 
203 I 113060836 44 
204 I 113382816 44 
205 I 114921686 82 
206 I 115152938 44 
207 I 115639592 95 
208 I 116015700 101 
209 I 117154571 44 
210 I 117367928 94 
211 I 118355704 44 
212 I 120875997 101 
213 I 121066005 1504 
214 I 121073495 1124 
215 I 122692697 44 
216 I 123117528 88 
217 I 123743662 108 
218 I 123953976 56 
219 I 123958037 101 
220 I 124528611 105 
221 I 124857538 95 
222 I 125434734 98 
223 I 125774767 101 
224 I 126204497 101 
225 I 126486844 101 
226 I 127083010 101 
227 I 127223910 44 
228 I 127958329 101 
229 I 128150234 44 
230 I 128526873 44 
231 I 129133992 44 
232 I 131158279 82 
233 I 131717525 93 
234 I 132081113 101 
235 I 132396738 93 
236 I 132780094 101 
237 I 133712468 105 
238 I 134208779 85 
239 I 134692432 44 
240 I 134749575 101 
241 I 134987145 44 
242 I 135260852 44 
243 I 135604504 44 
244 I 136093986 94 
245 I 136893031 187 
246 I 137029117 56 
247 I 137714144 150 
248 I 137985365 44 
249 I 138150372 44 
250 I 138352928 44 
251 I 138527993 101 
252 I 139337265 193 
253 I 139468049 56 
254 I 140094182 44 
255 I 142809361 77 
256 I 143249828 44 
257 I 143440404 101 
258 I 144616856 88 
259 I 144904037 44 
260 I 145149208 44 
261 I 145648102 44 
262 I 147049961 101 
263 I 147166415 97 
264 I 147421788 105 
265 I 148397765 96 
266 I 149095192 143 
267 I 150549579 101 
268 I 152201985 101 
269 I 152466389 44 
270 I 152959501 101 
271 I 153505600 101 
272 I 153858314 44 
273 I 154208651 101 
274 I 155182723 101 
275 I 155591793 101 
276 I 155747258 56 
277 I 157655802 101 
278 I 158927776 101 
279 I 159089288 56 
280 I 159214169 56 
281 I 159373913 44 
282 I 160243422 101 
283 I 163608549 93 
284 I 163853698 56 
285 I 163859856 153 
286 I 164953715 44 
287 I 165300499 93 
288 I 166040053 103 
289 I 166864757 101 
290 I 167864696 44 
291 I 168192077 85 
292 I 168388188 56 
293 I 168978276 101 
294 I 169280896 44 
295 I 169399020 101 
296 I 169835094 44 
297 I 170287595 93 
298 I 170725114 101 
299 I 171111393 99 
300 I 171405888 87 
301 I 173318280 101 
302 I 173475193 44 
303 I 173694555 101 
304 I 173908341 44 
305 I 174197570 44 
306 I 174542115 44 
307 I 174868694 44 
308 I 176277835 116 
309 I 176440519 44 
310 I 176619332 44 
311 I 177083480 83 
312 I 177813087 140 
313 I 178655527 93 
314 I 179237495 44 
315 I 180315746 101 
316 I 180541212 56 
317 I 180547274 98 
318 I 180717695 56 
319 I 181400434 288 
320 I 182123237 101 
321 I 182623704 44 
322 I 182912612 101 
323 I 183241648 101 
324 I 184055957 101 
325 I 184514152 101 
326 I 184840856 149 
327 I 185803258 44 
328 I 185968128 76 
329 I 186233985 44 
330 I 187011222 93 
331 I 187804488 155 
332 I 188311991 101 
333 I 188885992 101 
334 I 189652519 101 
335 I 190017029 92 
336 I 192149409 83 
337 I 192653534 88 
338 I 193164856 101 
339 I 193554626 101 
340 I 193679216 56 
341 I 195111877 88 
342 I 195322727 101 
343 I 196184607 44 
344 I 196477727 96 
345 I 196556130 44 
346 I 198644393 101 
347 I 199979873 101 
348 I 200126195 56 
349 I 200757277 101 
350 I 201463354 44 
351 I 201563829 87 
352 I 201873797 148 
353 I 202102111 44 
354 I 202371450 131 
355 I 202764695 44 
356 I 202986945 394 
357 I 203543890 101 
358 I 204661588 77 
359 I 204823749 44 
360 I 205149514 44 
361 I 206067313 101 
362 I 207197695 158 
363 I 207489055 44 
364 I 207495195 101 
365 I 207776898 44 
366 I 208099161 44 
367 I 209586339 101 
368 I 209860436 44 
369 I 211016641 101 
370 I 212707305 157 
371 I 213050500 92 
372 I 214908310 101 
373 I 215902720 207 
374 I 216037284 56 
375 I 216763549 44 
376 I 217241082 92 
377 I 218161375 44 
378 I 218599115 101 
379 I 219731304 101 
380 I 220175044 101 
381 I 220370957 44 
382 I 220798179 101 
383 I 221240925 93 
384 I 221560694 44 
385 I 221757910 101 
386 I 222104593 134 
387 I 222544894 44 
388 I 223069628 101 
389 I 224157246 101 
390 I 224320337 56 
391 I 224457847 56 
392 I 224584623 44 
393 I 224878214 94 
394 I 224975693 44 
395 I 225273940 101 
396 I 225639042 101 
397 I 226865409 105 
398 I 227568098 162 
399 I 228165074 44 
400 I 228442300 44 
401 I 228893667 101 
402 I 229395952 91 
403 I 230467993 159 
404 I 231199998 44 
405 I 232605562 44 
406 I 232945163 44 
407 I 234085652 84 
408 I 234461812 101 
409 I 235038713 101 
410 I 235215375 56 
411 I 235761451 102 
412 I 236037598 44 
413 I 236062806 1049 
414 I 237010651 1049 
415 I 238331894 77 
416 I 238465663 56 
417 I 239831173 101 
418 I 240041594 44 
419 I 240310370 158 
420 I 240857830 44 
421 I 241497877 101 
422 I 241731160 56 
423 I 241735183 101 
424 I 242143479 44 
425 I 242448328 44 
426 I 242915817 44 
427 I 243136662 44 
428 I 245200296 44 
429 I 245906984 101 
430 I 247837217 44 
431 I 248429384 90 
432 I 249271943 101 
433 I 250319864 44 
434 I 251375213 82 
435 I 251701249 96 
436 I 252637200 96 
437 I 253085407 44 
438 I 253708996 101 
439 I 254064262 158 
440 I 254245207 101 
441 I 254429593 44 
442 I 254667124 101 
443 I 255496673 101 
444 I 255969951 90 
445 I 256120171 44 
446 I 256569506 44 
447 I 257177494 100 
448 I 257587924 101 
449 I 258392689 84 
450 I 258641206 56 
451 I 258647397 157 
452 I 259085185 595 
453 I 259608683 56 
454 I 259614771 101 
455 I 260026839 101 
456 I 260270867 44 
457 I 261151492 44 
458 I 262042473 90 
459 I 263011530 316 
460 I 263139183 44 
461 I 263551900 100 
462 I 263924671 101 
463 I 264721905 108 
464 I 266084090 44 
465 I 267829552 44 
466 I 268833306 101 
467 I 269483488 192 
468 I 270842343 101 
469 I 271103095 44 
470 I 272087370 101 
471 I 272244632 44 
472 I 272802549 97 
473 I 274069118 44 
474 I 274320452 101 
475 I 275019262 101 
476 I 275421624 101 
477 I 275554705 44 
478 I 275877292 147 
479 I 275958176 44 
480 I 276902122 234 
481 I 277133811 44 
482 I 277378421 44 
483 I 277518846 44 
484 I 278489343 101 
485 I 278695093 56 
486 I 278699028 101 
487 I 278887131 44 
488 I 279353148 44 
489 I 279535328 101 
490 I 279668333 44 
491 I 280297114 44 
492 I 280781777 103 
493 I 282695466 101 
494 I 283723582 244 
495 I 283930026 44 
496 I 284215775 100 
497 I 285153221 202 
498 I 286294208 215 
499 I 286516030 107 
500 I 287410079 88 
501 I 288472550 101 
502 I 288654693 44 
503 I 289138993 101 
504 I 289299720 56 
505 I 290035123 44 
506 I 290348360 44 
507 I 290700378 44 
508 I 291138352 101 
509 I 291698660 101 
510 I 292497087 141 
511 I 293968032 44 
512 I 294223913 97 
513 I 294629733 101 
514 I 295007537 91 
515 I 296818442 245 
516 I 297679684 101 
517 I 297857807 56 
518 I 297863804 87 
519 I 299551475 87 
