0 I 0 1504 
1 I 108672 1504 
2 I 121510 1504 
3 I 183153 1504 
4 I 220499 1504 
5 I 312295 1504 
6 I 331132 1504 
7 I 389136 1504 
8 I 429695 1504 
9 I 470696 1504 
10 I 540006 1504 
11 I 580823 1504 
12 I 633192 1504 
13 I 670007 1504 
14 I 744596 1504 
15 I 772245 1504 
16 I 866664 1504 
17 I 886003 1504 
18 I 959901 1504 
19 I 980698 1504 
20 I 1064030 1504 
21 I 1090859 1504 
22 I 1140164 1504 
23 I 1237186 1504 
24 I 1250031 1504 
25 I 2169152 1504 
26 I 2365611 1340 
27 I 3170295 1504 
28 I 3211612 1504 
29 I 3296437 1504 
30 I 3334427 1504 
31 I 3387264 1504 
32 I 3420823 1504 
33 I 3520086 1504 
34 I 3540905 1504 
35 I 3665898 1504 
36 I 3675569 1504 
37 I 3777295 1504 
38 I 3792138 1504 
39 I 3842059 1504 
40 I 3934003 1504 
41 I 3951047 1504 
42 I 4023957 1504 
43 I 4050804 1504 
44 I 4160961 1504 
45 I 4169806 1504 
46 I 4211443 1504 
47 I 4284241 1504 
48 I 4319902 1504 
49 I 4394706 1504 
50 I 4420573 1504 
51 I 4487410 1504 
52 I 4521044 1504 
53 I 4594843 1504 
54 I 4630356 1504 
55 I 4713385 1504 
56 I 4731059 1504 
57 I 4783979 1504 
58 I 4862822 1504 
59 I 4879653 1504 
60 I 4979103 1504 
61 I 4991941 1504 
62 I 5077728 1504 
63 I 5100715 1504 
64 I 5180166 1504 
65 I 5211492 1504 
66 I 5272530 1504 
67 I 5321956 1504 
68 I 5358793 1504 
69 I 5436562 1504 
70 I 5461383 1504 
71 I 5534700 1340 
72 I 6796942 1504 
73 I 6829217 1504 
74 I 6880039 1504 
75 I 6930099 1504 
76 I 6980909 1504 
77 I 7021470 1504 
78 I 7086284 1504 
79 I 7120146 1504 
80 I 7170965 1504 
81 I 7238407 1504 
82 I 7269247 1504 
83 I 7327608 1504 
84 I 7372459 1504 
85 I 7460089 1504 
86 I 7479131 1504 
87 I 7542950 1504 
88 I 7579677 1504 
89 I 7657444 1504 
90 I 7690275 1504 
91 I 7764424 1504 
92 I 7799472 1504 
93 I 7893828 1504 
94 I 7912462 1504 
95 I 8011905 1504 
96 I 8020749 1504 
97 I 8077732 1504 
98 I 8151039 1504 
99 I 8171895 1504 
100 I 8267400 1504 
101 I 8347893 1504 
102 I 8390726 1504 
103 I 8501030 1504 
104 I 8509366 1504 
105 I 8606854 1504 
106 I 8651692 1504 
107 I 8680546 1504 
108 I 8719839 1504 
109 I 8770670 1504 
110 I 8831881 1504 
111 I 8870716 1504 
112 I 8937934 1504 
113 I 9054424 1504 
114 I 9063716 1340 
115 I 9141837 1504 
116 I 9170594 1504 
117 I 9709946 44 
118 I 9774142 44 
119 I 10180342 52 
120 I 10454051 44 
121 I 12373482 215 
122 I 12397163 44 
123 I 12569586 44 
124 I 254308190 52 
125 I 254737204 44 
126 I 257914932 1504 
127 I 257960592 1504 
128 I 258096683 1504 
129 I 258110344 1504 
130 I 258159583 1504 
131 I 258276626 1504 
132 I 258285482 1504 
133 I 258330923 1504 
134 I 258491262 1504 
135 I 258528444 1504 
136 I 258581267 1504 
137 I 258665634 1504 
138 I 258680700 1504 
139 I 258730008 1504 
140 I 258849307 1504 
141 I 258860152 1504 
142 I 258908709 1504 
143 I 259028171 1504 
144 I 259037041 1504 
145 I 259069873 1504 
146 I 259173642 1504 
147 I 259194953 1504 
148 I 259229793 1504 
149 I 259308514 1504 
150 I 259339350 1504 
151 I 259389216 1504 
152 I 259453602 1504 
153 I 259490593 1504 
154 I 259530554 1504 
155 I 259579397 1504 
156 I 259629034 1504 
157 I 259679887 1504 
158 I 259721820 1504 
159 I 259798297 1504 
160 I 259861134 1504 
161 I 259897161 1504 
162 I 259995633 1504 
163 I 260072692 1504 
164 I 260140664 1504 
165 I 260161502 1504 
166 I 260268966 1504 
167 I 260281799 1504 
168 I 260335457 1504 
169 I 260380278 1504 
170 I 260429493 1504 
171 I 260478648 665 
172 I 260545459 44 
173 I 262296935 52 
174 I 262487717 44 
175 I 265618496 1504 
176 I 265659333 1504 
177 I 265772942 1504 
178 I 265781770 1504 
179 I 265829942 1504 
180 I 265916101 1504 
181 I 265930912 1504 
182 I 265979758 1504 
183 I 266059086 1504 
184 I 266094487 1504 
185 I 266139305 1504 
186 I 266202638 1504 
187 I 266241471 1504 
188 I 266278300 1504 
189 I 266377926 1504 
190 I 266401251 1504 
191 I 266440092 1504 
192 I 266526192 1504 
193 I 266549039 1504 
194 I 266598687 1504 
195 I 266685996 1504 
196 I 266711045 1504 
197 I 266749886 1504 
198 I 266823551 1504 
199 I 266860369 1504 
200 I 266900217 1504 
201 I 266961082 1504 
202 I 266998521 1504 
203 I 267049621 1504 
204 I 267114057 1504 
205 I 267150909 1504 
206 I 267200890 1504 
207 I 267279713 1504 
208 I 267301335 1504 
209 I 267350184 1504 
210 I 267412851 1504 
211 I 267449714 1504 
212 I 267501603 1504 
213 I 267568601 1504 
214 I 267617523 1504 
215 I 267650350 1504 
216 I 267699981 1504 
217 I 267772849 1504 
218 I 267826715 1504 
219 I 267887543 1504 
220 I 267921154 665 
221 I 268786101 1504 
222 I 268829931 1504 
223 I 268880749 1504 
224 I 268929220 1504 
225 I 268970070 1504 
226 I 269018554 1504 
227 I 269071693 1504 
228 I 269141812 1504 
229 I 269170661 1504 
230 I 269219485 1504 
231 I 269288318 1504 
232 I 269320475 1504 
233 I 269396067 1504 
234 I 269419195 1504 
235 I 269541355 1504 
236 I 269580195 1504 
237 I 269641824 1504 
238 I 269680659 1504 
239 I 269759058 1504 
240 I 269779872 1504 
241 I 269834666 1504 
242 I 269879524 1504 
243 I 269987953 1504 
244 I 270002133 1504 
245 I 270064967 1504 
246 I 270100734 1504 
247 I 270155577 1504 
248 I 270199311 1504 
249 I 270240103 1504 
250 I 270311799 1504 
251 I 270348627 1504 
252 I 270407902 1504 
253 I 270450943 1504 
254 I 270524489 1504 
255 I 270549349 1504 
256 I 270630660 1504 
257 I 270659499 1504 
258 I 270760622 1504 
259 I 270810281 1504 
260 I 270889272 1504 
261 I 270918870 1504 
262 I 270994372 1504 
263 I 271019196 1504 
264 I 271103588 1504 
265 I 271130040 1340 
266 I 272246856 1504 
267 I 272289686 1504 
268 I 272327831 1504 
269 I 272378740 1504 
270 I 272430356 1504 
271 I 272479158 1504 
272 I 272519904 1504 
273 I 272568710 1504 
274 I 272618375 1504 
275 I 272659202 1504 
276 I 272733550 1504 
277 I 272770369 1504 
278 I 272826825 1504 
279 I 272859673 1504 
280 I 272933326 1504 
281 I 272970151 1504 
282 I 273084323 1504 
283 I 273095411 1504 
284 I 273152415 1504 
285 I 273189238 1504 
286 I 273275428 1504 
287 I 273301453 1504 
288 I 273352275 1504 
289 I 273393662 1504 
290 I 273438486 1504 
291 I 273514136 1504 
292 I 273538981 1504 
293 I 273633025 1504 
294 I 273649870 1504 
295 I 273808079 1504 
296 I 273816911 1504 
297 I 273896265 1504 
298 I 273921086 1504 
299 I 273985918 1504 
300 I 274031250 1504 
301 I 274070089 1504 
302 I 274119427 1504 
303 I 274170233 1504 
304 I 274219538 1504 
305 I 274258372 1504 
306 I 274308100 1504 
307 I 274360925 1504 
308 I 274531375 1504 
309 I 274540219 1504 
310 I 274548949 1340 
311 I 275422674 1504 
312 I 275459526 1504 
313 I 275509815 1504 
314 I 275560637 1504 
315 I 275598521 1504 
316 I 275649350 1504 
317 I 275723008 1504 
318 I 275749838 1504 
319 I 275799729 1504 
320 I 275866571 1504 
321 I 275901692 1504 
322 I 275986721 1504 
323 I 276008027 1504 
324 I 276066860 1504 
325 I 276110503 1504 
326 I 276155358 1504 
327 I 276200831 1504 
328 I 276318636 1504 
329 I 276349460 1504 
330 I 276425116 1504 
331 I 276459942 1504 
332 I 276527240 1504 
333 I 276560071 1504 
334 I 276610402 1504 
335 I 276701677 1504 
336 I 276724527 1504 
337 I 276771348 1504 
338 I 276873483 1504 
339 I 276882331 1504 
340 I 276960595 1504 
341 I 276989421 1504 
342 I 277062743 1504 
343 I 277094493 1504 
344 I 277165299 1504 
345 I 277209375 1504 
346 I 277262203 1504 
347 I 277299021 1504 
348 I 277349850 1504 
349 I 277407086 1504 
350 I 277449918 1504 
351 I 277524473 1504 
352 I 277561521 1504 
353 I 277602677 1504 
354 I 277685504 1504 
355 I 277745661 1340 
356 I 279360279 1504 
357 I 279398679 1504 
358 I 279449729 1504 
359 I 279500507 1504 
360 I 279549346 1504 
361 I 279615678 1504 
362 I 279650182 1504 
363 I 279708778 1504 
364 I 279749601 1504 
365 I 279848937 1504 
366 I 279859790 1504 
367 I 279921333 1504 
368 I 279959667 1504 
369 I 280007816 1504 
370 I 280066662 1504 
371 I 280103136 1504 
372 I 280161714 1504 
373 I 280201047 1504 
374 I 280266359 1504 
375 I 280313891 1504 
376 I 280395223 1504 
377 I 280408054 1504 
378 I 280476569 1504 
379 I 280519444 1504 
380 I 280596742 1504 
381 I 280619563 1504 
382 I 280701375 1504 
383 I 280728200 1504 
384 I 280769057 1504 
385 I 280853853 1504 
386 I 280880712 1504 
387 I 280948368 1504 
388 I 280979203 1504 
389 I 281070928 1504 
390 I 281094244 1504 
391 I 281145096 1504 
392 I 281188133 1504 
393 I 281238847 1504 
394 I 281308579 1504 
395 I 281363398 1504 
396 I 281437790 1504 
397 I 281458632 1504 
398 I 281520252 1504 
399 I 281559079 1504 
400 I 281620935 1340 
401 I 282897115 1504 
402 I 282939934 1504 
403 I 282978750 1504 
404 I 283029012 1504 
405 I 283094092 1504 
406 I 283128922 1504 
407 I 283177973 1504 
408 I 283237326 1504 
409 I 283278141 1504 
410 I 283373627 1504 
411 I 283394930 1504 
412 I 283469745 1504 
413 I 283488764 1504 
414 I 283574348 1504 
415 I 283601086 1504 
416 I 283653921 1504 
417 I 283698059 1504 
418 I 283748902 1504 
419 I 283840962 1504 
420 I 283860003 1504 
421 I 283921999 1504 
422 I 283958816 1504 
423 I 284038123 1504 
424 I 284060938 1504 
425 I 284128614 1504 
426 I 284169440 1504 
427 I 284238202 1504 
428 I 284269042 1504 
429 I 284342689 1504 
430 I 284369531 1504 
431 I 284418799 1504 
432 I 284479611 1504 
433 I 284517287 1504 
434 I 284594908 1504 
435 I 284619743 1504 
436 I 284686556 1504 
437 I 284718733 1504 
438 I 284794034 1504 
439 I 284829098 1504 
440 I 284890174 1504 
441 I 284929305 1504 
442 I 285010787 1504 
443 I 285030334 1504 
444 I 285108536 1504 
445 I 285138964 1340 
446 I 286369943 1504 
447 I 286417996 1504 
448 I 286468839 1504 
449 I 286520153 1504 
450 I 286556970 1504 
451 I 286609873 1504 
452 I 286658710 1504 
453 I 286708489 1504 
454 I 286773439 1504 
455 I 286808400 1504 
456 I 286879216 1504 
457 I 286908186 1504 
458 I 286989323 1504 
459 I 287010006 1504 
460 I 287076807 1504 
461 I 287108458 1504 
462 I 287171281 1504 
463 I 287209641 1504 
464 I 287258478 1504 
465 I 287328481 1504 
466 I 287359325 1504 
467 I 287445161 1504 
468 I 287470003 1504 
469 I 287567235 1504 
470 I 287578059 1504 
471 I 287649489 1504 
472 I 287680658 1504 
473 I 287753959 1504 
474 I 287788802 1504 
475 I 287860594 1504 
476 I 287894724 1504 
477 I 287957555 1504 
478 I 287988704 1504 
479 I 288061902 1504 
480 I 288101596 1504 
481 I 288168424 1504 
482 I 288198377 1504 
483 I 288249209 1504 
484 I 288324508 1504 
485 I 288375424 1504 
486 I 288414222 1504 
487 I 288459082 1504 
488 I 288514716 1504 
489 I 288577542 1504 
490 I 288620835 1340 
491 I 290227637 1504 
492 I 290268474 1504 
493 I 290310111 1504 
494 I 290364934 1504 
495 I 290408252 1504 
496 I 290495566 1504 
497 I 290520410 1504 
498 I 290621158 1504 
499 I 290630000 1504 
500 I 290727585 1504 
501 I 290738778 1504 
502 I 290868569 1504 
503 I 290877399 1504 
504 I 290909181 1504 
505 I 291001300 1504 
506 I 291020133 1504 
507 I 291099789 1504 
508 I 291128945 1504 
509 I 291206426 1504 
510 I 291229270 1504 
511 I 291302458 1504 
512 I 291327289 1504 
513 I 291420915 1504 
514 I 291438106 1504 
515 I 291513929 1504 
516 I 291548753 1504 
517 I 291594355 1504 
518 I 291663211 1504 
519 I 291699668 1504 
520 I 291788537 1504 
521 I 291810776 1504 
522 I 291877589 1504 
523 I 291909609 1504 
524 I 292014062 1504 
525 I 292022900 1504 
526 I 292129766 1504 
527 I 292168613 1504 
528 I 292307736 1504 
529 I 292314556 1504 
530 I 292349377 1504 
531 I 292442721 1504 
532 I 292457766 1504 
533 I 292565226 1340 
534 I 292604820 1504 
535 I 292629660 1504 
536 I 293763280 1504 
537 I 293807362 1504 
538 I 293860169 1504 
539 I 293899873 1504 
540 I 294014375 1504 
541 I 294023364 1504 
542 I 294074708 1504 
543 I 294117660 1504 
544 I 294206920 1504 
545 I 294229755 1504 
546 I 294286537 1504 
547 I 294328701 1504 
548 I 294379529 1504 
549 I 294452189 1504 
550 I 294479039 1504 
551 I 294546209 1504 
552 I 294577034 1504 
553 I 294662678 1504 
554 I 294689656 1504 
555 I 294775139 1504 
556 I 294799309 1504 
557 I 294901838 1504 
558 I 294910641 1504 
559 I 294999264 1504 
560 I 295018103 1504 
561 I 295086932 1504 
562 I 295137100 1504 
563 I 295185931 1504 
564 I 295229251 1504 
565 I 295268065 1504 
566 I 295344076 1504 
567 I 295416609 1504 
568 I 295437439 1504 
569 I 295539589 1504 
570 I 295548453 1504 
571 I 295652743 1504 
572 I 295661581 1504 
573 I 295708911 1504 
574 I 295821438 1504 
575 I 295838263 1504 
576 I 295885123 1504 
577 I 295916933 1504 
578 I 296048218 1504 
579 I 296059079 1504 
580 I 296137580 1340 
581 I 296835847 1504 
582 I 296878672 1504 
583 I 296918978 1504 
584 I 296967817 1504 
585 I 297017478 1504 
586 I 297130956 1504 
587 I 297139788 1504 
588 I 297220235 1504 
589 I 297249066 1504 
590 I 297371708 1504 
591 I 297380697 1504 
592 I 297466163 1504 
593 I 297479029 1504 
594 I 297526372 1504 
595 I 297626367 1504 
596 I 297639202 1504 
597 I 297730861 1504 
598 I 297747699 1504 
599 I 297803523 1504 
600 I 297850391 1504 
601 I 297942591 1504 
602 I 297959434 1504 
603 I 298068793 1504 
604 I 298075720 1504 
605 I 298141628 1504 
606 I 298178462 1504 
607 I 298228119 1504 
608 I 298329745 1504 
609 I 298423503 1504 
610 I 298438331 1504 
611 I 298531881 1504 
612 I 298548720 1504 
613 I 298617000 1504 
614 I 298681891 1504 
615 I 298708869 1504 
616 I 298794180 1504 
617 I 298831011 1504 
618 I 298917909 1504 
619 I 298958750 1504 
620 I 299025652 1504 
621 I 299048467 1504 
622 I 299146280 1504 
623 I 299159109 1504 
624 I 299250400 1504 
625 I 299268857 1340 
626 I 299771956 1504 
627 I 299817350 1504 
628 I 299868334 1504 
629 I 299910163 1504 
630 I 299985634 1504 
