0 I 0 101 
1 I 525067 44 
2 I 1009365 44 
3 I 1324411 44 
4 I 3765339 99 
5 I 4744373 44 
6 I 5570241 77 
7 I 5767527 44 
8 I 6362420 101 
9 I 7004699 101 
10 I 7308485 44 
11 I 8014112 101 
12 I 8171744 101 
13 I 8571469 44 
14 I 9365309 44 
15 I 10738119 81 
16 I 11136215 44 
17 I 12198929 101 
18 I 12563701 98 
19 I 12830444 101 
20 I 14459794 94 
21 I 14937795 101 
22 I 15202508 98 
23 I 15571820 101 
24 I 16613058 102 
25 I 17210672 44 
26 I 17397893 100 
27 I 17602660 44 
28 I 18237294 101 
29 I 18576698 101 
30 I 19055251 93 
31 I 19566084 87 
32 I 19748752 101 
33 I 19881613 98 
34 I 20187911 109 
35 I 20443468 44 
36 I 21254107 101 
37 I 21623668 44 
38 I 22841316 77 
39 I 23849237 44 
40 I 25248086 44 
41 I 25448374 44 
42 I 25822497 101 
43 I 26240965 101 
44 I 26674137 101 
45 I 26983219 101 
46 I 27175277 44 
47 I 27536609 101 
48 I 27955178 101 
49 I 28267336 101 
50 I 28789384 374 
51 I 29965005 101 
52 I 30352580 99 
53 I 30973742 44 
54 I 31518438 44 
55 I 31746435 93 
56 I 32908369 101 
57 I 33761968 111 
58 I 34175339 101 
59 I 34896457 44 
60 I 35128239 101 
61 I 35254411 44 
62 I 35536658 44 
63 I 37336410 101 
64 I 37746776 101 
65 I 38181261 86 
66 I 38651793 101 
67 I 39221591 101 
68 I 39750192 44 
69 I 41023368 101 
70 I 41368753 101 
71 I 41649092 101 
72 I 41805401 101 
73 I 42070921 76 
74 I 42502861 101 
75 I 42901468 101 
76 I 44166232 102 
77 I 44495578 148 
78 I 44905560 145 
79 I 45582062 44 
80 I 46235344 92 
81 I 46829982 101 
82 I 47052763 44 
83 I 47490930 44 
84 I 48847490 85 
85 I 49172373 101 
86 I 49532412 101 
87 I 49841968 101 
88 I 50091383 44 
89 I 50217761 101 
90 I 50367488 44 
91 I 50472971 44 
92 I 50541640 88 
93 I 50793201 44 
94 I 51076835 101 
95 I 51553630 102 
96 I 52505175 44 
97 I 52987343 101 
98 I 53339438 44 
99 I 53649746 90 
100 I 54438404 98 
101 I 54732622 92 
102 I 55690976 92 
103 I 56839941 101 
104 I 57253937 101 
105 I 57795155 101 
106 I 58452378 92 
107 I 59023286 101 
108 I 59310433 88 
109 I 59758949 104 
110 I 60347954 101 
111 I 61230717 101 
112 I 62093092 44 
113 I 65080521 101 
114 I 65531882 44 
115 I 65734836 101 
116 I 66096203 44 
117 I 66397420 44 
118 I 66552657 101 
119 I 67091452 44 
120 I 67291558 44 
121 I 68383673 44 
122 I 68598381 44 
123 I 68755668 101 
124 I 69173706 88 
125 I 69638711 95 
126 I 69992192 90 
127 I 70853202 44 
128 I 71419459 96 
129 I 71758836 98 
130 I 72082714 148 
131 I 72477243 158 
132 I 72634841 44 
133 I 72742793 44 
134 I 73090859 112 
135 I 74161966 44 
136 I 74698143 44 
137 I 74804127 109 
138 I 75137245 44 
139 I 75281934 123 
140 I 75581731 101 
141 I 76111084 92 
142 I 77539789 101 
143 I 77892691 101 
144 I 78225860 90 
145 I 79665357 101 
146 I 80989836 44 
147 I 81392012 44 
148 I 82013807 44 
149 I 82397912 101 
150 I 82791913 101 
151 I 83191098 44 
152 I 84014501 44 
153 I 84885247 101 
154 I 85345052 97 
155 I 85474141 44 
156 I 85772497 95 
157 I 86164863 83 
158 I 86449256 134 
159 I 86626358 44 
160 I 87056745 44 
161 I 87322198 101 
162 I 87498347 44 
163 I 87938013 90 
164 I 88592829 44 
165 I 89034295 207 
166 I 90637335 228 
167 I 90852721 391 
168 I 91299932 101 
169 I 91444865 44 
170 I 93110979 98 
171 I 93496851 96 
172 I 94255269 44 
173 I 94557741 88 
174 I 94945386 158 
175 I 95221704 44 
176 I 95364434 101 
177 I 96105974 101 
178 I 96542640 101 
179 I 97592878 44 
180 I 97904623 44 
181 I 98044188 101 
182 I 98472858 101 
183 I 99045174 88 
184 I 99903610 44 
185 I 101448122 101 
186 I 104862800 101 
187 I 105158973 88 
188 I 105334685 44 
189 I 105551861 101 
190 I 106072015 84 
191 I 106738426 86 
192 I 107092297 44 
193 I 107332036 44 
194 I 108267054 101 
195 I 109414488 101 
196 I 109972570 44 
197 I 110490524 101 
198 I 111344318 90 
199 I 111659377 101 
200 I 112222845 101 
201 I 112559244 93 
202 I 112785457 101 
203 I 113432906 101 
204 I 113839591 121 
205 I 114197593 101 
206 I 115479330 70 
207 I 116001014 123 
208 I 116485941 101 
209 I 116517558 44 
210 I 116525515 44 
211 I 116932173 151 
212 I 117209951 44 
213 I 117611016 88 
214 I 118493219 44 
215 I 119020410 44 
216 I 119126840 100 
217 I 119423464 44 
218 I 119513158 96 
219 I 120739807 92 
220 I 121258494 104 
221 I 121644136 101 
222 I 123284567 101 
223 I 124153613 44 
224 I 124343194 101 
225 I 125337927 101 
226 I 125748049 101 
227 I 126059777 44 
228 I 126755119 44 
229 I 127726389 101 
230 I 128872798 89 
231 I 129254791 101 
232 I 129475912 44 
233 I 129506115 145 
234 I 129873707 44 
235 I 130172437 101 
236 I 130497180 44 
237 I 130546121 154 
238 I 131079207 93 
239 I 132042452 101 
240 I 132454998 158 
241 I 133906802 101 
242 I 134374136 44 
243 I 134797490 85 
244 I 135639977 101 
245 I 136293406 44 
246 I 136982438 101 
247 I 137337991 162 
248 I 137908888 101 
249 I 138075803 44 
250 I 138708246 100 
251 I 139031188 44 
252 I 140205522 99 
253 I 140555917 97 
254 I 140958960 112 
255 I 141749123 44 
256 I 141978191 93 
257 I 142482876 88 
258 I 144302064 339 
259 I 144624117 101 
260 I 145468638 101 
261 I 145760973 44 
262 I 146774443 44 
263 I 149092150 95 
264 I 149623775 90 
265 I 149953668 101 
266 I 150566291 101 
267 I 151081955 105 
268 I 151176859 44 
269 I 151649367 101 
270 I 152071117 101 
271 I 152395590 102 
272 I 152774714 101 
273 I 153139437 122 
274 I 153461779 152 
275 I 154218137 44 
276 I 154856523 98 
277 I 155125672 44 
278 I 155498104 88 
279 I 155961456 101 
280 I 156335656 87 
281 I 156738928 101 
282 I 156995664 44 
283 I 157022690 88 
284 I 157911439 44 
285 I 158134888 44 
286 I 158619571 88 
287 I 159245245 44 
288 I 159988873 101 
289 I 160440530 44 
290 I 161137724 44 
291 I 161344913 44 
292 I 161601765 116 
293 I 161944285 101 
294 I 162335695 158 
295 I 162963126 44 
296 I 163390243 101 
297 I 163572597 44 
298 I 164538094 92 
299 I 164759635 88 
300 I 164982296 44 
301 I 165922043 44 
302 I 165928036 88 
303 I 166342066 97 
304 I 166771769 44 
305 I 166913834 64 
306 I 168008523 44 
307 I 168203721 101 
308 I 169101166 81 
309 I 169611471 44 
310 I 169881683 101 
311 I 170529099 101 
312 I 172092207 101 
313 I 172358095 44 
314 I 172518723 83 
315 I 172880327 142 
316 I 173310667 198 
317 I 173645265 91 
318 I 174397379 96 
319 I 175225416 44 
320 I 175422469 44 
321 I 178035863 88 
322 I 178256818 44 
323 I 178505497 101 
324 I 178725852 44 
325 I 179749217 101 
326 I 181268000 44 
327 I 181991030 100 
328 I 182406110 101 
329 I 182587154 97 
330 I 183050604 101 
331 I 184490337 105 
332 I 184794078 44 
333 I 184840682 84 
334 I 185086559 44 
335 I 185217577 101 
336 I 185462445 44 
337 I 185681490 44 
338 I 185930079 44 
339 I 186056785 101 
340 I 186593718 44 
341 I 188398466 88 
342 I 188707236 44 
343 I 189478468 85 
344 I 189932355 44 
345 I 190867210 44 
346 I 191817017 92 
347 I 192227674 101 
348 I 193219353 99 
349 I 194710986 101 
350 I 194873801 44 
351 I 195695700 100 
352 I 195836601 44 
353 I 196072774 153 
354 I 196173047 44 
355 I 197315496 101 
356 I 197672628 100 
357 I 197909830 44 
358 I 198020667 94 
359 I 198344247 101 
360 I 198740754 166 
361 I 199072890 44 
362 I 199102922 101 
363 I 200057324 101 
364 I 200387787 44 
365 I 200693364 44 
366 I 201283443 44 
367 I 201592434 44 
368 I 202482158 101 
369 I 202868228 101 
370 I 203222130 89 
371 I 203932230 44 
372 I 204393642 102 
373 I 204778112 101 
374 I 205381051 101 
375 I 205721648 44 
376 I 207739606 44 
377 I 208328290 44 
378 I 210405969 101 
379 I 211059738 44 
380 I 211350954 44 
381 I 211799685 101 
382 I 213015237 101 
383 I 213395905 101 
384 I 213762035 158 
385 I 214157844 44 
386 I 215013243 44 
387 I 215172250 101 
388 I 215353522 44 
389 I 215510071 101 
390 I 215653895 44 
391 I 216514701 97 
392 I 216889213 101 
393 I 217485425 44 
394 I 218190701 44 
395 I 218544241 145 
396 I 218918562 44 
397 I 219368762 101 
398 I 219566669 44 
399 I 219920163 101 
400 I 221858729 128 
401 I 222663549 91 
402 I 223891576 101 
403 I 224771090 44 
404 I 224801166 88 
405 I 225144094 101 
406 I 225538357 101 
407 I 225982105 101 
408 I 226805113 173 
409 I 227200920 100 
410 I 227495601 101 
411 I 227760226 88 
412 I 228171981 64 
413 I 228502732 145 
414 I 228943748 44 
415 I 229298015 84 
416 I 229482783 44 
417 I 230014148 101 
418 I 230182226 101 
419 I 232058452 101 
420 I 232491058 101 
421 I 233450882 101 
422 I 234235413 98 
423 I 234625863 149 
424 I 234788357 44 
425 I 235095805 44 
426 I 235402231 90 
427 I 236667811 89 
428 I 237267452 88 
429 I 237531556 101 
430 I 237738410 75 
431 I 238125537 102 
432 I 238243881 44 
433 I 238535265 101 
434 I 238774929 44 
435 I 239198659 44 
436 I 239397142 44 
437 I 240410832 44 
438 I 240796983 102 
439 I 241244749 44 
440 I 243314583 142 
441 I 243671671 99 
442 I 244076264 186 
443 I 244751981 44 
444 I 244921711 92 
445 I 245110521 44 
446 I 245628540 101 
447 I 246033008 44 
448 I 246500749 101 
449 I 246639450 44 
450 I 246735002 44 
451 I 247248953 109 
452 I 247552703 101 
453 I 247953033 44 
454 I 249436024 44 
455 I 249885800 44 
456 I 250211790 44 
457 I 251567690 44 
458 I 251830124 101 
459 I 252380568 97 
460 I 252596593 100 
461 I 252928036 44 
462 I 253555032 100 
463 I 254200521 44 
464 I 254419123 44 
465 I 255119270 94 
466 I 255569771 158 
467 I 256075736 75 
468 I 256959842 101 
469 I 257416220 101 
470 I 257837675 158 
471 I 258210262 44 
472 I 258916624 44 
473 I 259359661 101 
474 I 259781650 157 
475 I 260394572 96 
476 I 260825128 101 
477 I 261277762 215 
478 I 261498719 44 
479 I 262258483 44 
480 I 262834823 44 
481 I 263758236 101 
482 I 265034508 44 
483 I 265249047 101 
484 I 265398364 44 
485 I 265447740 44 
486 I 265681172 44 
487 I 265900490 202 
488 I 266139799 101 
489 I 266266416 101 
490 I 266597638 101 
491 I 268160076 44 
492 I 268357755 101 
493 I 268677576 144 
494 I 270289864 44 
495 I 270442438 88 
496 I 270721299 101 
497 I 271229377 98 
498 I 272704312 86 
499 I 273053879 145 
500 I 273657040 98 
501 I 274122678 44 
502 I 274303253 93 
503 I 274608619 44 
504 I 274871843 101 
505 I 275145574 144 
506 I 275438056 107 
507 I 276028738 44 
508 I 277807689 101 
509 I 278574660 88 
510 I 278670778 88 
511 I 279361486 44 
512 I 280529104 101 
513 I 280911174 117 
514 I 281250918 101 
515 I 281608559 137 
516 I 282155990 101 
517 I 282521283 158 
518 I 284633393 95 
519 I 284893116 44 
520 I 285082020 101 
521 I 285274598 44 
522 I 285842170 44 
523 I 285992546 92 
524 I 286386080 44 
525 I 286948272 101 
526 I 287320348 207 
527 I 287583018 44 
528 I 288394493 44 
529 I 289104597 44 
530 I 289123548 101 
531 I 289370366 101 
532 I 289900382 101 
533 I 290302471 44 
534 I 290820972 44 
535 I 291131059 101 
536 I 291694245 91 
537 I 292097505 101 
538 I 292304578 44 
539 I 292688367 90 
540 I 293145591 44 
541 I 293163667 96 
542 I 293585546 158 
543 I 293814408 44 
544 I 294434846 44 
545 I 294448856 88 
546 I 294955776 98 
547 I 295464656 101 
548 I 295645897 101 
549 I 296517491 99 
550 I 296742118 44 
551 I 297064661 166 
552 I 297500981 85 
553 I 297846349 144 
