0 I 0 1504 
1 I 851410 1504 
2 I 3587491 1340 
3 I 6885195 1504 
4 I 6933282 1504 
5 I 10586560 1504 
6 I 14197365 1504 
7 I 14247538 1504 
8 I 17463630 1504 
9 I 17606707 1504 
10 I 20917735 1504 
11 I 20963724 1504 
12 I 23956017 1504 
13 I 24006644 1504 
14 I 28043837 1504 
15 I 28091396 1504 
16 I 31883582 1504 
17 I 35328720 1504 
18 I 36734991 1504 
19 I 39269250 1504 
20 I 39317085 1504 
21 I 40680961 1504 
22 I 40728630 1504 
23 I 43031533 1504 
24 I 43128338 1504 
25 I 43174514 1504 
26 I 44619493 1504 
27 I 44668996 1504 
28 I 46805458 1504 
29 I 46852167 1504 
30 I 46899819 1504 
31 I 49990883 1504 
32 I 50126763 1504 
33 I 50171684 1504 
34 I 53624238 1504 
35 I 53672238 1504 
36 I 53767299 1504 
37 I 57701089 1504 
38 I 57756694 1504 
39 I 61414514 1504 
40 I 64751151 1504 
41 I 66451860 1504 
42 I 68586569 1504 
43 I 68632512 1504 
44 I 70248621 1504 
45 I 71909501 1504 
46 I 71955110 1504 
47 I 72006625 1504 
48 I 73447596 1504 
49 I 76087025 1504 
50 I 76139397 1504 
51 I 77614346 1504 
52 I 79832303 1504 
53 I 83615335 1504 
54 I 86982736 1340 
55 I 88607208 1504 
56 I 90211436 1504 
57 I 92264336 1504 
58 I 92315000 1504 
59 I 93555766 1340 
60 I 95740462 1504 
61 I 96445436 1504 
62 I 98895845 1504 
63 I 102462645 1504 
64 I 106081214 1504 
65 I 106127813 1504 
66 I 109179346 1504 
67 I 112959584 1504 
68 I 116563514 1504 
69 I 116609525 1504 
70 I 120580060 1504 
71 I 120628560 1504 
72 I 123638500 1504 
73 I 123681300 1504 
74 I 126457257 1504 
75 I 126498567 1504 
76 I 126552373 1504 
77 I 129644822 1504 
78 I 129739198 1504 
79 I 132740433 1504 
80 I 132786878 1504 
81 I 135514876 1504 
82 I 135563819 1504 
83 I 137949163 1504 
84 I 137997423 1504 
85 I 140877332 1504 
86 I 140924142 1504 
87 I 144131167 1504 
88 I 144178521 1504 
89 I 146976460 1504 
90 I 149522726 1504 
91 I 152035570 1504 
92 I 154656766 1504 
93 I 154703391 1504 
94 I 157000723 1504 
95 I 157049202 1504 
96 I 159838998 1504 
97 I 159886427 1504 
98 I 162261038 1504 
99 I 162308711 1504 
100 I 164631618 1504 
101 I 164677807 1504 
102 I 164724076 1504 
103 I 167047023 1504 
104 I 167088313 1340 
105 I 169835873 1504 
106 I 169879926 1504 
107 I 169927883 1504 
108 I 169974851 1504 
109 I 172577473 1504 
110 I 172628851 1504 
111 I 173049567 1504 
112 I 173098409 1504 
113 I 176162071 1504 
114 I 176661850 1504 
115 I 176852501 1504 
116 I 179285459 1504 
117 I 179614970 1504 
118 I 179993505 1504 
119 I 180040227 1504 
120 I 182019840 1504 
121 I 182343649 1504 
122 I 182979902 1504 
123 I 184642076 1504 
124 I 185324698 1504 
125 I 185658716 1504 
126 I 185706535 1504 
127 I 187127504 1504 
128 I 187651988 1504 
129 I 188714384 1504 
130 I 188763271 1504 
131 I 189613477 1504 
132 I 190517581 1504 
133 I 190563746 1504 
134 I 191934885 1504 
135 I 191981645 1504 
136 I 192540308 1504 
137 I 193588743 1504 
138 I 193637262 1504 
139 I 194635927 1504 
140 I 194678652 1504 
141 I 196247343 1504 
142 I 196305209 1504 
143 I 197524233 1504 
144 I 197570887 1504 
145 I 198982517 1504 
146 I 199034237 1504 
147 I 199079554 1504 
148 I 200254955 1504 
149 I 200298246 1340 
150 I 202569544 1504 
151 I 202617221 1504 
152 I 202664503 1504 
153 I 205262886 1504 
154 I 208001270 1504 
155 I 210424963 1504 
156 I 212403130 1504 
157 I 213673385 1504 
158 I 213720043 1504 
159 I 213768591 1504 
160 I 215502537 1504 
161 I 215549876 1504 
162 I 216115149 1504 
163 I 216538891 1504 
164 I 216587745 1504 
165 I 218276315 1504 
166 I 218323495 1504 
167 I 218513250 1504 
168 I 218561214 1504 
169 I 218607916 1504 
170 I 220872884 1504 
171 I 221393151 1504 
172 I 221440688 1504 
173 I 223760270 1504 
174 I 223902581 1504 
175 I 223948604 1504 
176 I 226579318 1504 
177 I 226623159 1504 
178 I 226671698 1504 
179 I 226718201 1504 
180 I 229181310 1504 
181 I 229233544 1504 
182 I 229277207 1504 
183 I 229468137 1504 
184 I 232011557 1504 
185 I 232058668 1504 
186 I 232107189 1504 
187 I 232153982 1504 
188 I 232389756 1504 
189 I 234787805 1504 
190 I 234835596 1504 
191 I 234882282 1504 
192 I 234939299 1504 
193 I 234989207 1504 
194 I 235120208 1504 
195 I 238134862 1504 
196 I 238183414 1504 
197 I 238321940 1504 
198 I 238462846 1504 
199 I 238505135 1340 
200 I 241290530 1504 
201 I 241336203 1504 
202 I 241386967 1504 
203 I 241436826 1504 
204 I 241479488 1504 
205 I 241532503 1504 
206 I 241577169 1504 
207 I 243935996 1504 
208 I 243986670 1504 
209 I 244080962 1504 
210 I 244271286 1504 
211 I 244316137 1504 
212 I 244411911 1504 
213 I 244554823 1504 
214 I 247343504 1504 
215 I 247391641 1504 
216 I 247441016 1504 
217 I 247631289 1504 
218 I 247676978 1504 
219 I 247725452 1504 
220 I 248378286 1504 
221 I 250139133 1504 
222 I 250188076 1504 
223 I 250239026 1504 
224 I 250378007 1504 
225 I 250424821 1504 
226 I 250472971 1504 
227 I 251196768 1504 
228 I 253057342 1504 
229 I 253104540 1504 
230 I 253151836 1504 
231 I 254238045 1504 
232 I 255563087 1504 
233 I 255608888 1504 
234 I 255654984 1504 
235 I 255702835 1504 
236 I 257120218 1504 
237 I 257875228 1504 
238 I 257920559 1504 
239 I 257968705 1504 
240 I 258207731 1504 
241 I 260170836 1504 
242 I 260219497 1504 
243 I 260741801 1504 
244 I 260784363 1340 
245 I 263061232 1504 
246 I 263113700 1504 
247 I 263157253 1504 
248 I 263202881 1504 
249 I 263261621 1504 
250 I 263298471 1504 
251 I 264957723 1504 
252 I 265006368 1504 
253 I 265052017 1504 
254 I 265148693 1504 
255 I 265291493 1504 
256 I 265337976 1504 
257 I 265386492 1504 
258 I 267182304 1504 
259 I 267235146 1504 
260 I 267277659 1504 
261 I 267560876 1504 
262 I 267607662 1504 
263 I 267654939 1504 
264 I 267800625 1504 
265 I 267845899 1504 
266 I 269174216 1504 
267 I 269222045 1504 
268 I 269268421 1504 
269 I 269792078 1504 
270 I 269841163 1504 
271 I 270032511 1504 
272 I 270124563 1504 
273 I 270173523 1504 
274 I 271443871 1504 
275 I 271489540 1504 
276 I 271681546 1504 
277 I 271871413 1504 
278 I 271918090 1504 
279 I 271965346 1504 
280 I 272013560 1504 
281 I 272244433 1504 
282 I 272294756 1504 
283 I 273762455 1504 
284 I 273810135 1504 
285 I 273860440 1504 
286 I 274506700 1340 
287 I 280148788 1504 
288 I 282467532 1504 
289 I 282516223 1504 
290 I 285028349 1504 
291 I 285074787 1504 
292 I 285121914 1504 
293 I 286912689 1504 
294 I 286959603 1504 
295 I 287008470 1504 
296 I 287054659 1504 
297 I 287101467 1504 
298 I 289574269 1504 
299 I 289620959 1504 
300 I 289671452 1504 
301 I 289717430 1504 
302 I 289765069 1504 
303 I 289812083 1504 
304 I 291775030 1504 
305 I 291823707 1504 
306 I 291967084 1504 
307 I 292014145 1504 
308 I 292060996 1504 
309 I 292108368 1504 
310 I 294200870 1504 
311 I 294249514 1504 
312 I 294296033 1504 
313 I 294438733 1504 
314 I 294486491 1504 
315 I 294535609 1504 
316 I 294582291 1504 
317 I 295870119 1504 
318 I 295916790 1504 
319 I 295964998 1504 
320 I 296250811 1504 
321 I 296297837 1504 
322 I 296344752 1504 
323 I 296393593 1504 
324 I 296582834 1504 
325 I 297600642 1504 
326 I 297649135 1504 
327 I 297881633 1504 
328 I 298119813 1504 
329 I 298177157 1504 
330 I 298215179 1504 
331 I 298356537 1504 
332 I 298589257 1504 
