0 I 0 56 
1 I 5903 56 
2 I 199254 56 
3 I 205247 56 
4 I 211325 56 
5 I 499580 56 
6 I 805907 56 
7 I 2499491 56 
8 I 2514677 56 
9 I 2521847 56 
10 I 2528780 44 
11 I 2532372 44 
12 I 2538946 44 
13 I 3650393 44 
14 I 3823214 44 
15 I 5799289 44 
16 I 5805266 44 
17 I 6459183 44 
18 I 8499378 44 
19 I 8505340 44 
20 I 9350091 44 
21 I 12346745 56 
22 I 12352760 56 
23 I 12358673 56 
24 I 12364729 56 
25 I 15796744 64 
26 I 16008177 56 
27 I 16014168 56 
28 I 24077759 56 
29 I 26540960 44 
30 I 26547505 44 
31 I 28769333 44 
32 I 29298930 44 
33 I 31414886 44 
34 I 31999742 44 
35 I 33798862 44 
36 I 34798793 44 
37 I 36424327 44 
38 I 38098926 44 
39 I 39597217 44 
40 I 41154435 56 
41 I 41620717 56 
42 I 42845667 56 
43 I 44896610 44 
44 I 45874073 56 
45 I 49406197 56 
46 I 52502610 44 
47 I 52598282 44 
48 I 55905588 44 
49 I 56598332 44 
50 I 58714153 44 
51 I 58823071 44 
52 I 61098675 44 
53 I 61395730 44 
54 I 62908687 44 
55 I 63913977 44 
56 I 65597009 44 
57 I 66305549 44 
58 I 68298348 44 
59 I 68897812 44 
60 I 70676344 44 
61 I 70682303 44 
62 I 71598523 44 
63 I 73565556 44 
64 I 73698244 44 
65 I 73704120 44 
66 I 76050459 44 
67 I 76062454 44 
68 I 76374461 44 
69 I 77904443 44 
70 I 77910392 44 
71 I 77940669 44 
72 I 80309573 44 
73 I 80589944 44 
74 I 80595933 44 
75 I 80733110 44 
76 I 82113380 44 
77 I 82997997 44 
78 I 83003982 44 
79 I 83496355 44 
80 I 84420962 44 
81 I 85501226 44 
82 I 85507095 44 
83 I 85598045 44 
84 I 85604198 44 
85 I 86614093 44 
86 I 87897110 44 
87 I 87903145 44 
88 I 90031487 44 
89 I 90297995 44 
90 I 90303692 44 
91 I 90310422 44 
92 I 90696172 44 
93 I 92496747 44 
94 I 92696128 44 
95 I 92700126 44 
96 I 92705485 44 
97 I 93011539 44 
98 I 94796999 44 
99 I 95097164 44 
100 I 95296560 44 
101 I 95302465 44 
102 I 95497976 44 
103 I 96903598 44 
104 I 96988789 44 
105 I 97896758 44 
106 I 97902841 44 
107 I 98194581 44 
108 I 98996108 44 
109 I 99196524 44 
110 I 100311648 44 
111 I 100398120 44 
112 I 103097472 44 
113 I 103103443 44 
114 I 103396356 44 
115 I 103402245 44 
116 I 103696443 44 
117 I 103996580 44 
118 I 104673165 44 
119 I 104718877 44 
120 I 105981405 44 
121 I 105987437 44 
122 I 106567416 44 
123 I 106930579 44 
124 I 107202782 44 
125 I 107209700 44 
126 I 108617038 44 
127 I 108620986 44 
128 I 109214935 44 
129 I 109462519 44 
130 I 109474404 44 
131 I 109480437 44 
132 I 111997362 44 
133 I 112006010 44 
134 I 113385843 44 
135 I 116711050 44 
136 I 121095667 56 
137 I 121101679 56 
138 I 123711826 56 
139 I 123797538 56 
140 I 123801631 56 
141 I 123805652 56 
142 I 123809536 56 
143 I 123813591 56 
144 I 123817765 56 
145 I 123821466 44 
146 I 125799536 44 
147 I 126095830 44 
148 I 126099868 44 
149 I 126597059 44 
150 I 128020698 44 
151 I 128740681 44 
152 I 128874602 44 
153 I 129396973 44 
154 I 131200773 44 
155 I 131598305 56 
156 I 131604361 56 
157 I 131610424 56 
158 I 131617218 56 
159 I 134097992 56 
160 I 134103958 56 
161 I 134795380 56 
162 I 134801292 56 
163 I 134807285 44 
164 I 135053067 44 
165 I 137506144 44 
166 I 140326424 44 
167 I 140395321 44 
168 I 143894804 44 
169 I 143900657 44 
170 I 144306575 44 
171 I 147498007 44 
172 I 147910352 56 
173 I 150673612 56 
174 I 150677589 56 
175 I 151196764 56 
176 I 153395387 44 
177 I 153401405 44 
178 I 154696529 44 
179 I 157094353 44 
180 I 158705074 44 
181 I 160651808 44 
182 I 162505373 44 
183 I 163536377 44 
184 I 165494461 44 
185 I 166794631 44 
186 I 168703868 44 
187 I 168962467 44 
188 I 170512868 44 
189 I 172381592 44 
190 I 172906197 44 
191 I 174495115 44 
192 I 175395995 44 
193 I 175407928 44 
194 I 178101074 44 
195 I 178107114 44 
196 I 178113034 44 
197 I 181793233 44 
198 I 182695233 44 
199 I 182701279 44 
200 I 185231697 56 
201 I 185396002 56 
202 I 185574183 56 
203 I 185578192 56 
204 I 185582146 56 
205 I 185593098 56 
206 I 187645644 56 
207 I 187651592 44 
208 I 187663570 44 
209 I 187669551 44 
210 I 190796750 44 
211 I 190808657 44 
212 I 193423590 44 
213 I 193430469 44 
214 I 196496419 44 
215 I 196503256 44 
216 I 196798350 44 
217 I 199301198 44 
218 I 200193987 56 
219 I 202494016 56 
220 I 203596372 56 
221 I 204805687 56 
222 I 204811693 44 
223 I 206712191 44 
224 I 210395893 44 
225 I 210401796 44 
226 I 213205182 44 
227 I 213211410 44 
228 I 216419751 44 
229 I 216426640 44 
230 I 219508978 44 
231 I 219599489 44 
232 I 219606474 44 
233 I 223103086 44 
234 I 223293377 44 
235 I 225273932 44 
236 I 225279750 44 
237 I 227601721 44 
238 I 227608540 44 
239 I 227614495 44 
240 I 230632761 44 
241 I 230638280 44 
242 I 230642252 44 
243 I 233333336 44 
244 I 233593550 44 
245 I 233597577 44 
246 I 233793862 44 
247 I 235539445 44 
248 I 238795309 44 
249 I 238801240 44 
250 I 238807294 44 
251 I 238992809 44 
252 I 241859179 44 
253 I 241865114 44 
254 I 241872066 44 
255 I 242034950 44 
256 I 243340236 44 
257 I 243512524 44 
258 I 243525747 44 
259 I 244139532 44 
260 I 245716161 44 
261 I 245909991 44 
262 I 245915742 44 
263 I 246275422 44 
264 I 246693949 44 
265 I 248494913 44 
266 I 248693349 44 
267 I 248994333 44 
268 I 249000325 56 
269 I 249476601 56 
270 I 249770140 56 
271 I 250844895 56 
272 I 250850890 56 
273 I 250856852 56 
274 I 250862928 56 
275 I 252201253 44 
276 I 255250132 44 
277 I 255412055 44 
278 I 255592359 44 
279 I 257898938 44 
280 I 258300133 44 
281 I 258882330 44 
282 I 260987961 44 
283 I 260993938 56 
284 I 260999998 56 
285 I 263810450 64 
286 I 263816535 64 
287 I 264006506 56 
288 I 266201215 56 
289 I 266205242 56 
290 I 268694534 56 
291 I 268700573 44 
292 I 270708596 44 
293 I 272408105 44 
294 I 274893044 44 
295 I 277491796 44 
296 I 277497830 44 
297 I 280359348 44 
298 I 280592869 44 
299 I 282801160 44 
300 I 282996739 44 
301 I 285568580 44 
302 I 286012990 44 
303 I 288481245 44 
304 I 288933517 44 
305 I 291035546 44 
306 I 291041468 44 
307 I 291257168 44 
308 I 294525069 44 
309 I 294531335 44 
310 I 294992889 44 
311 I 297224591 44 
312 I 297407648 56 
313 I 297492402 56 
