0 I 0 1504 
1 I 6045 1504 
2 I 12118 1504 
3 I 17888 1504 
4 I 28872 1504 
5 I 38826 1504 
6 I 944859 1504 
7 I 951074 1504 
8 I 957173 1504 
9 I 963200 1504 
10 I 975331 1504 
11 I 981563 1504 
12 I 7712195 1504 
13 I 7718138 1504 
14 I 7725349 1504 
15 I 7739605 1504 
16 I 7746363 1504 
17 I 7753213 1504 
18 I 8731674 1504 
19 I 8737709 1504 
20 I 8743644 1504 
21 I 8749710 1504 
22 I 8755904 1504 
23 I 8761795 1504 
24 I 10676919 1504 
25 I 11575375 1504 
26 I 11581308 1504 
27 I 11587266 1504 
28 I 11596541 1504 
29 I 11603462 1504 
30 I 11615716 1504 
31 I 11622142 1504 
32 I 11633568 1504 
33 I 11638200 848 
34 I 17455424 1504 
35 I 18342305 1504 
36 I 18348353 1504 
37 I 18354482 1504 
38 I 18361481 1504 
39 I 18368508 1504 
40 I 18374824 1504 
41 I 18380520 1504 
42 I 18386429 1504 
43 I 18392502 1504 
44 I 18398527 1504 
45 I 20331624 700 
46 I 21276518 1504 
47 I 21292903 1504 
48 I 21298629 1504 
49 I 21304532 1504 
50 I 22207496 1504 
51 I 22213534 1504 
52 I 22219550 1504 
53 I 22233649 1504 
54 I 22239565 1504 
55 I 22247622 1504 
56 I 22260034 1504 
57 I 28086001 1504 
58 I 28091575 1504 
59 I 28097635 1504 
60 I 28974488 1504 
61 I 29959845 1504 
62 I 29973923 1504 
63 I 29980003 1504 
64 I 29986881 1504 
65 I 29994073 1504 
66 I 30000124 1504 
67 I 30007021 1504 
68 I 30906991 1504 
69 I 31934692 1504 
70 I 31940666 1504 
71 I 31946712 1504 
72 I 33813030 1504 
73 I 33839083 1504 
74 I 33847759 1504 
75 I 33855172 1504 
76 I 33861178 1504 
77 I 33870037 1504 
78 I 33877235 1504 
79 I 33881928 684 
80 I 41563464 1504 
81 I 41569371 1504 
82 I 41575551 1504 
83 I 41581661 1504 
84 I 41588354 1504 
85 I 41595683 1504 
86 I 41601744 1504 
87 I 42521792 1504 
88 I 42528982 1504 
89 I 42534856 1504 
90 I 42541561 1504 
91 I 42548933 1504 
92 I 45432501 1504 
93 I 45438743 1504 
94 I 45447586 1504 
95 I 45454668 1504 
96 I 45460808 1504 
97 I 45466841 1504 
98 I 45476247 1504 
99 I 46376380 1504 
100 I 46383763 1504 
101 I 46389827 1504 
102 I 46395726 1504 
103 I 46401781 1504 
104 I 53176873 1504 
105 I 53182980 1504 
106 I 53190835 1504 
107 I 53197019 1504 
108 I 53203072 1504 
109 I 54108788 1504 
110 I 54116431 1504 
111 I 54124347 1504 
112 I 54130143 1504 
113 I 54136314 1504 
114 I 54142519 1504 
115 I 54148148 1504 
116 I 57038075 1504 
117 I 57044004 1504 
118 I 57050173 1504 
119 I 57057752 1504 
120 I 57064129 1504 
121 I 57070195 1504 
122 I 57973107 1504 
123 I 57979985 1504 
124 I 57987324 1340 
125 I 63815130 1504 
126 I 63821188 1504 
127 I 63827413 1504 
128 I 64740247 1504 
129 I 64746238 1504 
130 I 64752292 1504 
131 I 64758235 1504 
132 I 64764296 1504 
133 I 64770303 1504 
134 I 64776373 1504 
135 I 64782727 1504 
136 I 65751984 208 
137 I 66672847 1504 
138 I 66678762 1504 
139 I 66684910 1504 
140 I 66694967 1504 
141 I 66700976 1504 
142 I 66707132 1504 
143 I 66727751 1504 
144 I 66735069 1504 
145 I 67640162 1504 
146 I 67646175 1504 
147 I 67652091 1504 
148 I 72494718 1504 
149 I 72500579 1504 
150 I 72508657 1504 
151 I 72514688 1504 
152 I 72520730 1504 
153 I 72526831 1504 
154 I 72534364 1504 
155 I 73439746 1504 
156 I 73447823 1504 
157 I 73453959 1504 
158 I 73460133 1504 
159 I 73467068 1504 
160 I 74463392 1504 
161 I 75392532 1504 
162 I 75398698 1504 
163 I 75404632 1504 
164 I 75410554 1504 
165 I 75416603 1504 
166 I 75422797 1504 
167 I 75428746 1504 
168 I 75434775 1504 
169 I 75440831 1504 
170 I 75446185 1176 
171 I 82145615 1504 
172 I 82151424 1504 
173 I 82157586 1504 
174 I 82163547 1504 
175 I 82170224 1504 
176 I 82177740 1504 
177 I 82183723 1504 
178 I 82190545 1504 
179 I 82199713 1504 
180 I 83106635 1504 
181 I 83112672 1504 
182 I 83160753 372 
183 I 84074864 1504 
184 I 84082070 1504 
185 I 84087966 1504 
186 I 84094050 1504 
187 I 84100086 1504 
188 I 84106149 1504 
189 I 84112257 1504 
190 I 84118418 1504 
191 I 84128312 1504 
192 I 86019476 1504 
193 I 86027995 1504 
194 I 86040875 1504 
195 I 86048679 1504 
196 I 86054843 1504 
197 I 86060919 1504 
198 I 86066976 1504 
199 I 86972518 1504 
200 I 86979918 1504 
201 I 86986224 1504 
202 I 86992314 1504 
203 I 86997926 1504 
204 I 92785719 1504 
205 I 92791754 1504 
206 I 92797806 1504 
207 I 92803880 1504 
208 I 92809815 1504 
209 I 92816026 1504 
210 I 92821915 1504 
211 I 92827998 1504 
212 I 93739746 1504 
213 I 93747808 1504 
214 I 93755658 1504 
215 I 93763156 1504 
216 I 95682588 1012 
217 I 102438638 1504 
218 I 102445359 1504 
219 I 102452738 1504 
220 I 102458784 1504 
221 I 102465502 1504 
222 I 102472873 1504 
223 I 102478670 1504 
224 I 102487450 1504 
225 I 102494711 1504 
226 I 102500787 1504 
227 I 103404469 1504 
228 I 103476302 536 
229 I 104423530 1504 
230 I 104430101 1504 
231 I 105339094 1504 
232 I 105346346 1504 
233 I 105352356 1504 
234 I 105358552 1504 
235 I 105364800 1504 
236 I 105370729 1504 
237 I 105381203 1504 
238 I 105391401 1504 
239 I 105398873 1504 
240 I 105404770 1504 
241 I 107321215 1504 
242 I 107327147 1504 
243 I 112159781 1504 
244 I 112165659 1504 
245 I 113070731 1504 
246 I 113076705 1504 
247 I 113082782 1504 
248 I 113088856 1504 
249 I 113097060 1504 
250 I 113103087 1504 
251 I 113109015 1504 
252 I 113115220 1504 
253 I 115029574 1504 
254 I 115035430 1504 
255 I 115970605 1504 
256 I 115977682 1504 
257 I 116010771 1504 
258 I 116016824 1504 
259 I 116022885 1504 
260 I 116031797 1504 
261 I 116038841 1504 
262 I 116938833 848 
263 I 123749331 1504 
264 I 123755304 1504 
265 I 123761191 1504 
266 I 123767134 1504 
267 I 124670304 1504 
268 I 124676288 1504 
269 I 124682360 1504 
270 I 124691143 1504 
271 I 124699013 1504 
272 I 124706395 1504 
273 I 124712315 1504 
274 I 125658148 700 
275 I 125701843 1504 
276 I 126603356 1504 
277 I 126610857 1504 
278 I 126622813 1504 
279 I 127594198 1504 
280 I 127600400 1504 
281 I 127608837 1504 
282 I 128537283 1504 
283 I 128543318 1504 
284 I 128549695 1504 
285 I 128555331 1504 
286 I 128567425 1504 
287 I 128576113 1504 
288 I 133381847 1504 
289 I 133387911 1504 
290 I 133394247 1504 
291 I 133424940 1504 
292 I 134346684 1504 
293 I 134353371 1504 
294 I 136275743 1504 
295 I 136281778 1504 
296 I 136287835 1504 
297 I 136293883 1504 
298 I 136303749 1504 
299 I 136309809 1504 
300 I 136334619 1504 
301 I 137236817 1504 
302 I 137243861 1504 
303 I 137276671 1504 
304 I 137295427 1504 
305 I 137301240 1504 
306 I 139225839 1504 
307 I 139231770 1504 
308 I 139236429 684 
309 I 145996018 1504 
310 I 146002912 1504 
311 I 146903053 1504 
312 I 146909909 1504 
313 I 146916132 1504 
314 I 146922070 1504 
315 I 146927932 1504 
316 I 146933978 1504 
317 I 146940047 1504 
318 I 146946259 1504 
319 I 146952512 1504 
320 I 147922603 864 
321 I 149805742 1504 
322 I 149812807 1504 
323 I 149825748 1504 
324 I 149831995 1504 
325 I 149839985 1504 
326 I 149846702 1504 
327 I 149854092 1504 
328 I 149860159 1504 
329 I 149865950 1504 
330 I 150789130 1504 
331 I 150795067 1504 
332 I 155661702 1504 
333 I 155667808 1504 
334 I 156568728 1504 
335 I 156574816 1504 
336 I 156583616 1504 
337 I 156590856 1504 
338 I 156596903 1504 
339 I 156604127 1504 
340 I 156611131 1504 
341 I 156621648 1504 
342 I 158509555 1504 
343 I 158515540 1504 
344 I 159514922 1504 
345 I 159520780 1504 
346 I 159533765 1504 
347 I 159540957 1504 
348 I 160435879 1504 
349 I 160442032 1504 
350 I 160452748 1504 
351 I 160460052 1504 
352 I 160466128 1504 
353 I 160472202 1504 
354 I 161452035 520 
355 I 168198395 1504 
356 I 168204438 1504 
357 I 168210613 1504 
358 I 168216541 1504 
359 I 168225947 1504 
360 I 169135545 1504 
361 I 169141442 1504 
362 I 169147647 1504 
363 I 169153862 1504 
364 I 169159617 1504 
365 I 169168674 1504 
366 I 170134016 1028 
367 I 172035324 1504 
368 I 172041523 1504 
369 I 172047594 1504 
370 I 172053506 1504 
371 I 172059445 1504 
372 I 172078585 1504 
373 I 172088295 1504 
374 I 172096956 1504 
375 I 173003624 1504 
376 I 173010716 1504 
377 I 173016732 1504 
378 I 177892471 1504 
379 I 177899613 1504 
380 I 178801122 1504 
381 I 178808445 1504 
382 I 178814564 1504 
383 I 178821311 1504 
384 I 178828590 1504 
385 I 178834640 1504 
386 I 178840614 1504 
387 I 178846673 1504 
388 I 178856675 1504 
389 I 178862700 1504 
390 I 179836066 1504 
391 I 180735057 1504 
392 I 181715132 1504 
393 I 181722382 1504 
394 I 181728406 1504 
395 I 181736590 1504 
396 I 181742493 1504 
397 I 181748864 1504 
398 I 181754502 1504 
399 I 181760662 1504 
400 I 181764358 356 
401 I 188505447 1504 
402 I 188511550 1504 
403 I 188517571 1504 
404 I 188523700 1504 
405 I 189434729 1504 
406 I 189440631 1504 
407 I 189446587 1504 
408 I 189452892 1504 
409 I 189458665 1504 
410 I 189465554 1504 
411 I 189472765 1504 
412 I 190451629 1192 
413 I 191379197 1504 
414 I 191387070 1504 
415 I 191393422 1504 
416 I 191399356 1504 
417 I 192362571 1504 
418 I 192368903 1504 
419 I 192378161 1504 
420 I 193299722 1504 
421 I 193306463 1504 
422 I 193314095 1504 
423 I 193319811 1504 
424 I 198170666 1504 
425 I 198176611 1504 
426 I 198184582 1504 
427 I 198190528 1504 
428 I 199099822 1504 
429 I 199159784 1504 
430 I 200066818 1504 
431 I 200093002 1504 
432 I 201034099 1504 
433 I 201044421 1504 
434 I 201064407 1504 
435 I 201070293 1504 
436 I 201089805 1504 
437 I 201096523 1504 
438 I 201102444 1504 
439 I 202007313 1504 
440 I 202016143 1504 
441 I 202024836 1504 
442 I 202053701 1504 
443 I 202059887 1504 
444 I 203992347 1504 
445 I 203998281 1504 
446 I 204001547 192 
447 I 209783932 1504 
448 I 209789991 1504 
449 I 210706518 1504 
450 I 210713078 1504 
451 I 210719023 1504 
452 I 210725071 1504 
453 I 210731095 1504 
454 I 210737145 1504 
455 I 210743477 1504 
456 I 210749153 1504 
457 I 210755178 1504 
458 I 212639788 1356 
459 I 212664284 1504 
460 I 212672427 1504 
461 I 213628957 1504 
462 I 213635160 1504 
463 I 213641052 1504 
464 I 213647431 1504 
465 I 213653051 1504 
466 I 214566898 1504 
467 I 214574308 1504 
468 I 214580162 1504 
469 I 214586235 1504 
470 I 219458857 1504 
471 I 220378979 1504 
472 I 220386144 1504 
473 I 221333136 1504 
474 I 221339213 1504 
475 I 221345591 1504 
476 I 221351216 1504 
477 I 221357234 1504 
478 I 221387574 1504 
479 I 222298759 1504 
480 I 222322590 1504 
481 I 222328651 1504 
482 I 223277763 1504 
483 I 223288025 1504 
484 I 223293889 1504 
485 I 223300187 1504 
486 I 223306175 1504 
487 I 223320016 1504 
488 I 223326075 1504 
489 I 224232979 1504 
490 I 224239128 1504 
491 I 225258706 1488 
492 I 231971577 1504 
493 I 231977472 1504 
494 I 231983521 1504 
495 I 231989423 1504 
496 I 231995820 1504 
497 I 232001817 1504 
498 I 232007589 1504 
499 I 232013993 1504 
500 I 232019767 1504 
501 I 232932822 1504 
502 I 232938707 1504 
503 I 233954536 60 
504 I 234877271 1504 
505 I 234883313 1504 
506 I 234889397 1504 
507 I 234895316 1504 
508 I 234901359 1504 
509 I 234907403 1504 
510 I 234914114 1504 
511 I 234924294 1504 
512 I 234931997 1504 
513 I 235832448 1504 
514 I 235838505 1504 
515 I 242600196 1504 
516 I 242607670 1504 
517 I 242613741 1504 
518 I 242619814 1504 
519 I 242625720 1504 
520 I 242631797 1504 
521 I 242637668 1504 
522 I 242643858 1504 
523 I 242649857 1504 
524 I 242655867 1504 
525 I 243584873 1504 
526 I 243591060 1504 
527 I 245545699 1504 
528 I 245551991 1504 
529 I 245557930 1504 
530 I 245563813 1504 
531 I 245569889 1504 
532 I 246464777 1504 
533 I 246470824 1504 
534 I 246476741 1504 
535 I 246482961 1504 
536 I 246489051 1504 
537 I 246494879 1324 
538 I 253320167 1504 
539 I 254199835 1504 
540 I 254207182 1504 
541 I 254213114 1504 
542 I 254219187 1504 
543 I 254225246 1504 
544 I 254231255 1504 
545 I 254238692 1504 
546 I 254245203 1504 
547 I 254251591 1504 
548 I 254257817 1504 
549 I 256142983 224 
550 I 256182098 1504 
551 I 256188127 1504 
552 I 257096827 1504 
553 I 257102897 1504 
554 I 257108963 1504 
555 I 257115142 1504 
556 I 257121245 1504 
557 I 257126975 1504 
558 I 257133040 1504 
559 I 257139213 1504 
560 I 257145163 1504 
561 I 260003156 1504 
562 I 260008953 1504 
563 I 260014954 1504 
564 I 264843489 1504 
565 I 264849924 1504 
566 I 264857294 1504 
567 I 264863450 1504 
568 I 264869658 1504 
569 I 264875612 1504 
570 I 264882841 1504 
571 I 264889522 1504 
572 I 265796535 1504 
573 I 267743119 1504 
574 I 267749294 1504 
575 I 267755215 1504 
576 I 267791751 1504 
577 I 268696336 1504 
578 I 268702266 1504 
579 I 268708454 1504 
580 I 268714522 1504 
581 I 268720426 1504 
582 I 268726506 1504 
583 I 268735107 1160 
584 I 274547197 1504 
585 I 274554546 1504 
586 I 275465656 1504 
587 I 275471424 1504 
588 I 275484199 1504 
589 I 275491722 1504 
590 I 275497503 1504 
591 I 275503657 1504 
592 I 275509735 1504 
593 I 275515656 1504 
594 I 275521928 1504 
595 I 278406415 388 
596 I 278413526 1504 
597 I 278419565 1504 
598 I 278431551 1504 
599 I 278437639 1504 
600 I 278443838 1504 
601 I 279330497 1504 
602 I 279336554 1504 
603 I 279342612 1504 
604 I 279348950 1504 
605 I 279354773 1504 
606 I 279360640 1504 
607 I 280366119 1504 
608 I 280372326 1504 
609 I 280378421 1504 
610 I 280384332 1504 
611 I 281263303 1504 
612 I 281269191 1504 
613 I 286101531 1504 
614 I 286107589 1504 
615 I 286113626 1504 
616 I 286120042 1504 
617 I 286125759 1504 
618 I 286133316 1504 
619 I 288050488 1504 
620 I 288056404 1504 
621 I 288062490 1504 
622 I 288068357 1504 
623 I 288074441 1504 
624 I 288085752 1504 
625 I 289051951 1504 
626 I 289058641 1504 
627 I 289966179 1504 
628 I 289992531 1504 
629 I 290002056 996 
630 I 296792153 1504 
631 I 297695256 1504 
632 I 297701171 1504 
633 I 297707380 1504 
634 I 297713286 1504 
635 I 297719171 1504 
636 I 297725236 1504 
637 I 297731327 1504 
638 I 297737365 1504 
639 I 297743277 1504 
640 I 297750642 1504 
