0 I 0 231 
1 I 459727 109 
2 I 1222182 104 
3 I 1674364 110 
4 I 2442648 162 
5 I 4107697 113 
6 I 4228551 56 
7 I 4874013 56 
8 I 5702737 56 
9 I 5988092 102 
10 I 6293846 56 
11 I 7544561 113 
12 I 8184141 56 
13 I 9149472 105 
14 I 9322368 56 
15 I 9860122 113 
16 I 11128225 105 
17 I 11647108 113 
18 I 12135700 56 
19 I 13772789 113 
20 I 14249431 139 
21 I 14388489 113 
22 I 15246881 56 
23 I 15330137 115 
24 I 15930797 56 
25 I 16433357 113 
26 I 16738969 56 
27 I 19178858 227 
28 I 19492073 56 
29 I 22027982 113 
30 I 22812309 158 
31 I 22828510 56 
32 I 23858082 161 
33 I 23898199 56 
34 I 23912309 56 
35 I 24535708 113 
36 I 25028408 56 
37 I 25033046 217 
38 I 25101820 56 
39 I 25509090 56 
40 I 25758460 56 
41 I 25905241 56 
42 I 28269093 440 
43 I 28952002 100 
44 I 29519034 56 
45 I 30210833 113 
46 I 30687727 106 
47 I 30733017 264 
48 I 31347876 56 
49 I 32511416 113 
50 I 33321940 113 
51 I 34448073 113 
52 I 34836226 113 
53 I 35152073 56 
54 I 35719075 113 
55 I 36392948 113 
56 I 37254284 110 
57 I 37567169 56 
58 I 37943348 115 
59 I 38979010 187 
60 I 39491729 56 
61 I 39602421 113 
62 I 40517340 170 
63 I 40682243 56 
64 I 41343886 111 
65 I 41540080 56 
66 I 42104043 56 
67 I 42518287 113 
68 I 43008928 56 
69 I 44123097 56 
70 I 44648633 113 
71 I 45104456 56 
72 I 45498648 98 
73 I 46600679 113 
74 I 47201969 101 
75 I 47889731 118 
76 I 48718665 217 
77 I 49261318 101 
78 I 50027577 56 
79 I 51244215 56 
80 I 51271356 100 
81 I 52388628 113 
82 I 52557387 56 
83 I 53209148 113 
84 I 53842390 113 
85 I 54866210 56 
86 I 55272179 56 
87 I 55877596 109 
88 I 56179182 56 
89 I 56499026 113 
90 I 58801880 56 
91 I 59028867 166 
92 I 59358733 113 
93 I 60108722 56 
94 I 61287226 113 
95 I 61421939 56 
96 I 62182107 104 
97 I 62208243 56 
98 I 62918131 153 
99 I 63429755 105 
100 I 64237475 108 
101 I 64907156 146 
102 I 65741714 170 
103 I 65808052 56 
104 I 66558129 110 
105 I 68199103 56 
106 I 69231027 56 
107 I 70089480 56 
108 I 70892078 56 
109 I 70989165 152 
110 I 71527736 109 
111 I 72321102 111 
112 I 72567501 56 
113 I 73959934 284 
114 I 74334789 113 
115 I 75078795 159 
116 I 75678051 56 
117 I 75977746 113 
118 I 76637378 172 
119 I 77176379 113 
120 I 77898254 56 
121 I 78787088 107 
122 I 78913766 56 
123 I 81107902 156 
124 I 81926541 189 
125 I 82320554 56 
126 I 83552582 56 
127 I 83836819 110 
128 I 84428901 105 
129 I 84853391 153 
130 I 87883100 99 
131 I 88572813 156 
132 I 89493838 100 
133 I 90326469 108 
134 I 90402808 56 
135 I 91197388 113 
136 I 92224903 170 
137 I 92892509 56 
138 I 93188121 116 
139 I 93807536 56 
140 I 94917599 106 
141 I 95361949 56 
142 I 96027869 151 
143 I 96551413 113 
144 I 97105547 56 
145 I 97513769 56 
146 I 98277985 113 
147 I 98470995 56 
148 I 99479324 205 
149 I 100337294 126 
150 I 100722263 113 
151 I 101461536 113 
152 I 104357492 56 
153 I 104468439 407 
154 I 105380943 103 
155 I 106392467 56 
156 I 106692085 113 
157 I 107414103 56 
158 I 108021360 113 
159 I 108691089 56 
160 I 109766921 113 
161 I 110931381 166 
162 I 111108268 56 
163 I 111977110 158 
164 I 112264793 56 
165 I 113501440 56 
166 I 114217445 56 
167 I 114509850 113 
168 I 115617671 56 
169 I 115918698 56 
170 I 116519983 56 
171 I 116936325 113 
172 I 117131299 56 
173 I 117722613 56 
174 I 118247528 113 
175 I 119516901 223 
176 I 121187659 146 
177 I 121963927 56 
178 I 123983723 266 
179 I 124291042 380 
180 I 125225895 56 
181 I 125887424 118 
182 I 126333934 56 
183 I 126977392 56 
184 I 127795862 56 
185 I 128356945 113 
186 I 129428770 104 
187 I 130118511 56 
188 I 130906964 56 
189 I 131630905 113 
190 I 132765037 111 
191 I 132811256 56 
192 I 133688362 100 
193 I 134571040 107 
194 I 134934912 56 
195 I 135391398 56 
196 I 135705143 113 
197 I 137350104 56 
198 I 137786538 56 
199 I 138028703 113 
200 I 138874724 89 
201 I 140660334 113 
202 I 140707197 113 
203 I 141307955 113 
204 I 141857063 105 
205 I 142458188 56 
206 I 143688893 56 
207 I 144513644 56 
208 I 145587315 113 
209 I 145789322 56 
210 I 146426054 56 
211 I 147266513 110 
212 I 147998485 56 
213 I 150226799 56 
214 I 150539659 104 
215 I 151177986 113 
216 I 151624479 56 
217 I 152231937 56 
218 I 153241641 110 
219 I 154254975 115 
220 I 155212084 113 
221 I 156119988 161 
222 I 157987475 113 
223 I 158262893 56 
224 I 159531857 116 
225 I 160396731 107 
226 I 162703585 56 
227 I 164217901 284 
228 I 165112414 56 
229 I 165327531 103 
230 I 165802223 56 
231 I 166733262 113 
232 I 167406654 56 
233 I 168112831 163 
234 I 168921216 56 
235 I 169536716 56 
236 I 170047485 113 
237 I 170170131 56 
238 I 170546378 167 
239 I 170821680 56 
240 I 172541044 56 
241 I 172977514 113 
242 I 173874494 56 
243 I 174969115 98 
244 I 176587725 219 
245 I 178041322 190 
246 I 179276518 267 
247 I 181785843 113 
248 I 182827952 288 
249 I 183117100 56 
250 I 183927547 113 
251 I 185291033 170 
252 I 186284418 109 
253 I 187258291 230 
254 I 188402071 148 
255 I 188542886 56 
256 I 189910324 157 
257 I 191258109 281 
258 I 191820889 56 
259 I 192285317 56 
260 I 193966593 56 
261 I 194188252 98 
262 I 195076655 56 
263 I 195766583 113 
264 I 196842738 220 
265 I 197926345 120 
266 I 199727782 214 
267 I 200957238 208 
268 I 201890094 170 
269 I 202030835 100 
270 I 203116873 170 
271 I 204425921 170 
272 I 206360753 166 
273 I 207816527 155 
274 I 208592814 100 
275 I 210288285 139 
276 I 212086738 113 
277 I 212546524 165 
278 I 213731540 209 
279 I 213976340 103 
280 I 216395966 112 
281 I 217435252 103 
282 I 218500719 106 
283 I 218748377 56 
284 I 220534337 148 
285 I 220727215 56 
286 I 222205380 56 
287 I 224130412 275 
288 I 224565715 747 
289 I 226050592 160 
290 I 226155638 56 
291 I 227695882 275 
292 I 228890139 113 
293 I 230856837 99 
294 I 231970892 113 
295 I 233142764 260 
296 I 235158438 142 
297 I 235888335 109 
298 I 236727028 56 
299 I 237290115 113 
300 I 237979921 120 
301 I 239627326 170 
302 I 240310667 148 
303 I 241358548 95 
304 I 242955891 113 
305 I 245051158 221 
306 I 246565276 215 
307 I 248257096 56 
308 I 249808780 153 
309 I 251146403 270 
310 I 251501952 56 
311 I 252497727 113 
312 I 252570732 481 
313 I 253682017 157 
314 I 253887064 56 
315 I 254709648 113 
316 I 256089064 91 
317 I 257346439 200 
318 I 258517724 221 
319 I 259841845 163 
320 I 261591317 168 
321 I 262890780 225 
322 I 263807412 107 
323 I 265328633 95 
324 I 266120191 144 
325 I 266850095 113 
326 I 267856423 144 
327 I 268115759 56 
328 I 269106495 170 
329 I 270009380 99 
330 I 271429248 56 
331 I 272084769 113 
332 I 273396474 227 
333 I 273810308 113 
334 I 274856726 113 
335 I 276430654 160 
336 I 278059618 56 
337 I 278395349 98 
338 I 279573891 56 
339 I 280169216 56 
340 I 280893299 56 
341 I 281418077 101 
342 I 281613065 99 
343 I 281973095 56 
344 I 282690893 56 
345 I 282884209 56 
346 I 283649022 107 
347 I 284808671 56 
348 I 286805898 111 
349 I 287648057 93 
350 I 288625540 100 
351 I 289707382 107 
352 I 290668751 170 
353 I 291686232 167 
354 I 292908925 170 
355 I 294105938 162 
356 I 295155975 56 
357 I 295778839 107 
358 I 296766565 222 
359 I 297490023 56 
360 I 298065297 56 
361 I 298644455 105 
362 I 299279824 56 
