0 I 0 101 
1 I 387384 101 
2 I 1106633 44 
3 I 1685641 96 
4 I 1896879 78 
5 I 2993416 85 
6 I 3188377 44 
7 I 3741360 101 
8 I 5582546 74 
9 I 5982528 158 
10 I 6336751 101 
11 I 6798441 233 
12 I 7292878 101 
13 I 8063988 93 
14 I 8458135 154 
15 I 8820731 87 
16 I 9763520 44 
17 I 10549080 101 
18 I 10806298 158 
19 I 10980473 101 
20 I 13694454 86 
21 I 14043006 101 
22 I 14963735 101 
23 I 15319766 101 
24 I 15598392 158 
25 I 15912332 108 
26 I 16431257 44 
27 I 16639187 96 
28 I 16863962 44 
29 I 16942624 95 
30 I 17098847 44 
31 I 17988003 98 
32 I 20708427 44 
33 I 21359407 101 
34 I 21723900 140 
35 I 22162500 103 
36 I 22545601 84 
37 I 24480188 101 
38 I 25283868 113 
39 I 25606303 44 
40 I 25825915 44 
41 I 26377883 44 
42 I 27346998 101 
43 I 27572550 88 
44 I 27901365 91 
45 I 28312444 154 
46 I 28744635 101 
47 I 28921558 44 
48 I 29779846 44 
49 I 30145819 97 
50 I 32326912 101 
51 I 32524544 44 
52 I 32711928 101 
53 I 33333243 101 
54 I 34599167 44 
55 I 35373853 101 
56 I 35576728 44 
57 I 35692277 78 
58 I 35936159 101 
59 I 37005531 98 
60 I 37162416 44 
61 I 37342648 88 
62 I 37653385 116 
63 I 39019307 90 
64 I 39216221 44 
65 I 39310762 88 
66 I 39697967 101 
67 I 40028374 101 
68 I 40383788 184 
69 I 40526853 101 
70 I 40814902 44 
71 I 41252457 44 
72 I 42001032 95 
73 I 42260799 44 
74 I 42875647 101 
75 I 43015291 44 
76 I 43105762 44 
77 I 43327600 44 
78 I 43542686 44 
79 I 45216579 101 
80 I 45524447 44 
81 I 46068538 44 
82 I 46388168 44 
83 I 46627453 44 
84 I 47036279 98 
85 I 47394047 44 
86 I 47535306 101 
87 I 47818763 88 
88 I 48138137 44 
89 I 48695585 44 
90 I 49461073 44 
91 I 50096325 94 
92 I 50273354 44 
93 I 51343733 101 
94 I 51662035 96 
95 I 52728864 44 
96 I 53182669 101 
97 I 53676117 101 
98 I 53809570 56 
99 I 54275238 44 
100 I 55034374 44 
101 I 56992201 89 
102 I 57684680 97 
103 I 57807187 44 
104 I 58636182 101 
105 I 59930433 101 
106 I 60713548 44 
107 I 61048892 44 
108 I 61921531 101 
109 I 62699596 44 
110 I 65707078 87 
111 I 66090729 44 
112 I 66133844 92 
113 I 66436985 44 
114 I 66886979 149 
115 I 67292851 101 
116 I 67473364 154 
117 I 67985523 94 
118 I 68779296 97 
119 I 69251104 44 
120 I 69479988 101 
121 I 69913246 101 
122 I 70192624 101 
123 I 70799993 44 
124 I 71748353 101 
125 I 71901394 119 
126 I 72272225 196 
127 I 72631222 158 
128 I 73647170 101 
129 I 73852844 44 
130 I 74117940 87 
131 I 74344094 44 
132 I 74368399 96 
133 I 74683817 93 
134 I 75167702 101 
135 I 75472504 96 
136 I 75834688 158 
137 I 76132333 101 
138 I 77004287 98 
139 I 77297551 101 
140 I 77386425 158 
141 I 78291867 99 
142 I 78857843 101 
143 I 79198523 101 
144 I 79579511 95 
145 I 79976192 44 
146 I 80529209 44 
147 I 80737031 142 
148 I 81074343 101 
149 I 81615316 94 
150 I 82047629 44 
151 I 82817918 44 
152 I 83620319 83 
153 I 84550683 91 
154 I 85001681 101 
155 I 85368851 106 
156 I 85718452 101 
157 I 87276641 103 
158 I 87947253 147 
159 I 88509146 89 
160 I 89271545 44 
161 I 89478030 44 
162 I 90044338 44 
163 I 90581875 85 
164 I 90798444 44 
165 I 91588111 155 
166 I 91784834 44 
167 I 92893017 101 
168 I 93291422 101 
169 I 93547681 44 
170 I 93782750 91 
171 I 93885340 101 
172 I 95935760 44 
173 I 96150350 44 
174 I 96693446 101 
175 I 96850468 44 
176 I 97726649 44 
177 I 97938196 101 
178 I 98966288 101 
179 I 99213766 88 
180 I 100292527 101 
181 I 100509183 44 
182 I 100759460 100 
183 I 101237175 44 
184 I 101452740 126 
185 I 101840971 44 
186 I 101870885 44 
187 I 102332044 44 
188 I 102464463 101 
189 I 102901416 101 
190 I 103222403 101 
191 I 104132790 98 
192 I 104541405 107 
193 I 104897179 101 
194 I 106107239 101 
195 I 106264079 101 
196 I 106449456 94 
197 I 106860935 101 
198 I 107225532 101 
199 I 107536786 44 
200 I 107746576 108 
201 I 107856256 44 
202 I 108270768 93 
203 I 108675158 88 
204 I 108976251 101 
205 I 109268840 101 
206 I 110165574 101 
207 I 110915975 44 
208 I 111244600 44 
209 I 111439973 101 
210 I 111767232 93 
211 I 112179085 101 
212 I 112670374 44 
213 I 112934805 44 
214 I 113868603 44 
215 I 114191375 82 
216 I 114908673 95 
217 I 115227586 101 
218 I 116776276 44 
219 I 120145731 101 
220 I 120409813 44 
221 I 120886669 44 
222 I 122387796 88 
223 I 123010845 108 
224 I 123322603 101 
225 I 123798357 105 
226 I 124038822 95 
227 I 124702680 98 
228 I 124878847 44 
229 I 125026100 101 
230 I 125413281 101 
231 I 125744578 101 
232 I 126352598 101 
233 I 127228014 101 
234 I 127379094 44 
235 I 127661992 44 
236 I 130091806 44 
237 I 130427954 82 
238 I 130987189 93 
239 I 131204520 101 
240 I 131670347 93 
241 I 131842679 44 
242 I 132007096 101 
243 I 132255102 44 
244 I 132460159 44 
245 I 132982058 105 
246 I 133204691 85 
247 I 133535325 101 
248 I 133907655 101 
249 I 134085174 101 
250 I 135363795 94 
251 I 135460702 44 
252 I 135776237 98 
253 I 136099876 83 
254 I 136983706 150 
255 I 137797755 101 
256 I 138244226 91 
257 I 138533664 89 
258 I 138805810 44 
259 I 140336400 44 
260 I 141210531 44 
261 I 141385620 77 
262 I 141757060 76 
263 I 142145640 44 
264 I 142540902 44 
265 I 142709798 101 
266 I 142851544 44 
267 I 142973868 44 
268 I 143194408 88 
269 I 144715057 44 
270 I 144935743 44 
271 I 145815255 44 
272 I 146319638 101 
273 I 146631431 97 
274 I 146864307 105 
275 I 147128964 44 
276 I 147663314 96 
277 I 148238231 91 
278 I 149725869 101 
279 I 150056721 99 
280 I 151471523 101 
281 I 152039856 44 
282 I 152231256 101 
283 I 152345817 44 
284 I 152715224 101 
285 I 153478262 101 
286 I 154861442 101 
287 I 156925461 101 
288 I 157113867 44 
289 I 157733121 44 
290 I 157944958 44 
291 I 158195417 101 
292 I 158293298 44 
293 I 158897041 88 
294 I 159157563 44 
295 I 159511300 101 
296 I 160038436 44 
297 I 160357440 44 
298 I 160598454 88 
299 I 160930881 44 
300 I 161244646 44 
301 I 162878166 93 
302 I 163255819 153 
303 I 164570163 93 
304 I 165308030 103 
305 I 166134321 101 
306 I 166374451 44 
307 I 166653442 44 
308 I 167461717 85 
309 I 168247895 101 
310 I 168623510 101 
311 I 169557225 93 
312 I 170000714 101 
313 I 170836636 142 
314 I 172163972 44 
315 I 172587972 101 
316 I 172970077 101 
317 I 173276464 44 
318 I 175551434 116 
319 I 176353168 83 
320 I 176539699 44 
321 I 177016931 101 
322 I 177925235 93 
323 I 178409385 44 
324 I 178732875 44 
325 I 179585477 101 
326 I 179939450 98 
327 I 180669844 94 
328 I 181392943 101 
329 I 181686274 44 
330 I 182182217 101 
331 I 182510631 101 
332 I 183427947 44 
333 I 183783710 101 
334 I 183880111 101 
335 I 184102991 92 
336 I 186286944 93 
337 I 187505353 101 
338 I 188155638 101 
339 I 188350818 44 
340 I 188922271 101 
341 I 189209716 92 
342 I 191051904 88 
343 I 191519395 83 
344 I 191969009 44 
345 I 192434396 101 
346 I 192779773 101 
347 I 193163366 44 
348 I 194381539 88 
349 I 194693807 101 
350 I 195747403 96 
351 I 196005624 44 
352 I 197239012 44 
353 I 197913650 101 
354 I 199249513 101 
355 I 200026946 101 
356 I 200863500 117 
357 I 200995814 44 
358 I 201312011 148 
359 I 201659040 101 
360 I 202379520 44 
361 I 202813541 101 
362 I 203249152 77 
363 I 204113112 44 
364 I 205336935 101 
365 I 205536498 44 
366 I 205960410 44 
367 I 206339356 101 
368 I 206728868 101 
369 I 207070409 44 
370 I 208855969 101 
371 I 209148140 44 
372 I 210286362 101 
373 I 210395469 44 
374 I 210796391 44 
375 I 211113859 44 
376 I 211976890 157 
377 I 212307130 92 
378 I 214177952 101 
379 I 214536790 101 
380 I 214781623 93 
381 I 216509360 92 
382 I 216704704 44 
383 I 217868577 101 
384 I 219444802 101 
385 I 220067752 101 
386 I 220508794 93 
387 I 220756326 77 
388 I 221105511 101 
389 I 221446697 101 
390 I 221926222 44 
391 I 222339312 101 
392 I 222582875 77 
393 I 223426947 101 
394 I 224147425 94 
395 I 224519559 101 
396 I 224914527 101 
397 I 225220154 44 
398 I 225542378 44 
399 I 226135074 105 
400 I 226568007 101 
401 I 228163259 101 
402 I 228417910 44 
403 I 228555554 91 
404 I 229255903 44 
405 I 229553993 101 
406 I 229894793 102 
407 I 230463529 44 
408 I 231783532 44 
409 I 231918276 44 
410 I 233355220 84 
411 I 233725490 101 
412 I 234308402 101 
413 I 234461057 44 
414 I 234757535 44 
415 I 235031172 102 
416 I 235361190 101 
417 I 237246850 44 
418 I 238362595 44 
419 I 238681875 44 
420 I 239101069 101 
421 I 239442093 158 
422 I 239980421 44 
423 I 240302850 44 
424 I 240767430 101 
425 I 241166434 101 
426 I 241407162 44 
427 I 243600790 44 
428 I 244047808 44 
429 I 245176533 101 
430 I 245596319 44 
431 I 245892737 44 
432 I 247704168 90 
433 I 248541629 101 
434 I 248712332 44 
435 I 250644719 82 
436 I 250946927 96 
437 I 252122005 44 
438 I 252978711 101 
439 I 253272100 101 
440 I 253557154 158 
441 I 253936842 101 
442 I 254322685 44 
443 I 254766392 101 
444 I 255200908 90 
445 I 255948758 44 
446 I 256447083 100 
447 I 256535390 44 
448 I 256815589 101 
449 I 257662349 84 
450 I 258063811 211 
451 I 258441372 541 
452 I 259053318 101 
453 I 259392788 101 
454 I 260444996 44 
455 I 261138663 44 
456 I 261312204 90 
457 I 261503670 162 
458 I 261630650 44 
459 I 261871077 152 
460 I 262179440 44 
461 I 262821481 100 
462 I 263003650 44 
463 I 263225832 101 
464 I 263516872 108 
465 I 264060141 44 
466 I 264386509 44 
467 I 266662627 44 
468 I 268102234 101 
469 I 268753180 192 
470 I 268959222 44 
471 I 270112045 101 
472 I 270422349 44 
473 I 271357304 101 
474 I 272072158 97 
475 I 273332741 44 
476 I 273589994 101 
477 I 273903423 44 
478 I 274288947 101 
479 I 274660473 101 
480 I 274933083 90 
481 I 275061480 80 
482 I 275166366 101 
483 I 275457686 95 
484 I 276860012 44 
485 I 277759233 101 
486 I 278032275 101 
487 I 278302401 91 
488 I 278642738 44 
489 I 278804143 101 
490 I 280051627 103 
491 I 280440379 44 
492 I 281328106 44 
493 I 281542880 44 
494 I 281965131 101 
495 I 282136560 44 
496 I 282351247 85 
497 I 282640910 101 
498 I 282956036 89 
499 I 283485472 100 
500 I 283974099 44 
501 I 284022665 145 
502 I 284314719 101 
503 I 285098739 101 
504 I 285453960 101 
505 I 285648316 44 
506 I 285773721 164 
507 I 285983748 88 
508 I 286472683 44 
509 I 287338245 44 
510 I 287742280 101 
511 I 288229607 44 
512 I 288408612 101 
513 I 288655739 44 
514 I 290407776 101 
515 I 290491544 44 
516 I 290908363 101 
517 I 291575765 198 
518 I 293493578 97 
519 I 293904552 101 
520 I 294174436 91 
521 I 294690456 101 
522 I 295002234 96 
523 I 295277025 89 
524 I 296312532 44 
525 I 296949145 101 
526 I 297289858 87 
527 I 297639671 44 
