0 I 0 1504 
1 I 9651 1504 
2 I 18401 1504 
3 I 30010 1504 
4 I 40102 1504 
5 I 2917010 1504 
6 I 2926058 1504 
7 I 2936998 1504 
8 I 2946220 1504 
9 I 2955517 1504 
10 I 5855264 1504 
11 I 5864680 1504 
12 I 5872738 1504 
13 I 5879736 1504 
14 I 5888529 1504 
15 I 5897347 1504 
16 I 7842206 1504 
17 I 7852135 1504 
18 I 7861170 1504 
19 I 7870473 1504 
20 I 7879364 1504 
21 I 7888209 1504 
22 I 9794031 1504 
23 I 9805168 1504 
24 I 9814561 1504 
25 I 9826922 1504 
26 I 9835026 1504 
27 I 10606261 1504 
28 I 10614817 1504 
29 I 12536132 1504 
30 I 12544921 1504 
31 I 12553776 1504 
32 I 12562898 1504 
33 I 12576383 1504 
34 I 13515431 1504 
35 I 13525558 1504 
36 I 15461927 1504 
37 I 15472517 1504 
38 I 15481352 1504 
39 I 15490172 1504 
40 I 15499013 1504 
41 I 15506456 1504 
42 I 15616862 1504 
43 I 15630921 1504 
44 I 17543589 1340 
45 I 20318381 1504 
46 I 20333016 1504 
47 I 20342543 1504 
48 I 20349976 1504 
49 I 20357856 1504 
50 I 20366929 1504 
51 I 20376071 1504 
52 I 20384673 1504 
53 I 22363256 1504 
54 I 22373815 1504 
55 I 22384196 1504 
56 I 22391938 1504 
57 I 23171970 1504 
58 I 23180996 1504 
59 I 23191359 1504 
60 I 23200352 1504 
61 I 23207738 1504 
62 I 25112559 1504 
63 I 25122191 1504 
64 I 25141847 1504 
65 I 25171045 1504 
66 I 25265857 1504 
67 I 25274970 1504 
68 I 26102745 1504 
69 I 26112239 1504 
70 I 26125085 1504 
71 I 26133013 1504 
72 I 28007458 1504 
73 I 28016843 1504 
74 I 28027119 1504 
75 I 28037384 1504 
76 I 28046252 1504 
77 I 29081154 1504 
78 I 29091327 1504 
79 I 29100544 1504 
80 I 29160319 1504 
81 I 30964987 1504 
82 I 30976866 1504 
83 I 30985809 1504 
84 I 30995405 1504 
85 I 31005115 1504 
86 I 31908669 1504 
87 I 31915902 1504 
88 I 31927981 1504 
89 I 31937323 1340 
90 I 34008835 1504 
91 I 34771047 1504 
92 I 34779882 1504 
93 I 34788098 1504 
94 I 34797192 1504 
95 I 34806786 1504 
96 I 35898830 1504 
97 I 36867775 1504 
98 I 36876064 1504 
99 I 36885219 1504 
100 I 36895637 1504 
101 I 36905443 1504 
102 I 38670828 1504 
103 I 38678918 1504 
104 I 40572487 1504 
105 I 40581467 1504 
106 I 40590447 1504 
107 I 40599633 1504 
108 I 40608934 1504 
109 I 42533817 1504 
110 I 42543501 1504 
111 I 44439409 1504 
112 I 44449764 1504 
113 I 44505309 1504 
114 I 44514579 1504 
115 I 45413003 1504 
116 I 45423348 1504 
117 I 45432971 1504 
118 I 47460026 1504 
119 I 47470073 1504 
120 I 47488896 1504 
121 I 47497907 1504 
122 I 48440758 1504 
123 I 48452580 1504 
124 I 48462104 1504 
125 I 50382895 1504 
126 I 51265032 1504 
127 I 51274703 1504 
128 I 51283495 1504 
129 I 53195597 1504 
130 I 54116600 1504 
131 I 54127372 1504 
132 I 54137120 1504 
133 I 54147900 1504 
134 I 56181278 1340 
135 I 59933901 1504 
136 I 59942418 1504 
137 I 59953135 1504 
138 I 59965525 1504 
139 I 59975640 1504 
140 I 59985208 1504 
141 I 62808039 1504 
142 I 62817006 1504 
143 I 62825296 1504 
144 I 62833993 1504 
145 I 62844150 1504 
146 I 62853809 1504 
147 I 65725245 1504 
148 I 65734817 1504 
149 I 65743535 1504 
150 I 65752724 1504 
151 I 65773280 1504 
152 I 65782100 1504 
153 I 65790951 1504 
154 I 67788225 1504 
155 I 67797058 1504 
156 I 67806289 1504 
157 I 68605204 1504 
158 I 68614036 1504 
159 I 68627379 1504 
160 I 68674512 1504 
161 I 68684832 1504 
162 I 70575219 1504 
163 I 70585372 1504 
164 I 70593764 1504 
165 I 71525089 1504 
166 I 71534323 1504 
167 I 71543963 1504 
168 I 71553956 1504 
169 I 71563180 1504 
170 I 72635463 1504 
171 I 72644823 1504 
172 I 72653836 1504 
173 I 73557311 1504 
174 I 73566708 1504 
175 I 73576005 1504 
176 I 73583249 1504 
177 I 73593651 1504 
178 I 73604739 1504 
179 I 74505331 1340 
180 I 76423803 1504 
181 I 76437032 1504 
182 I 76445815 1504 
183 I 76453060 1504 
184 I 76462919 1504 
185 I 76472528 1504 
186 I 76481328 1504 
187 I 76491124 1504 
188 I 76499575 1504 
189 I 78364385 1504 
190 I 78374955 1504 
191 I 78385511 1504 
192 I 78392740 1504 
193 I 78400645 1504 
194 I 78410770 1504 
195 I 78421846 1504 
196 I 78430364 1504 
197 I 78441191 1504 
198 I 78456527 1504 
199 I 80290777 1504 
200 I 80299957 1504 
201 I 80310241 1504 
202 I 80322149 1504 
203 I 80330972 1504 
204 I 80338549 1504 
205 I 80347382 1504 
206 I 80358544 1504 
207 I 80366952 1504 
208 I 80376881 1504 
209 I 82309818 1504 
210 I 82318809 1504 
211 I 82329516 1504 
212 I 83112189 1504 
213 I 83122957 1504 
214 I 83132558 1504 
215 I 83141971 1504 
216 I 83151828 1504 
217 I 83161190 1504 
218 I 83170084 1504 
219 I 84166837 1504 
220 I 84176144 1504 
221 I 84185050 1504 
222 I 86069454 1504 
223 I 86111199 1504 
224 I 86124258 1340 
225 I 88087244 1504 
226 I 88096896 1504 
227 I 88105991 1504 
228 I 88904425 1504 
229 I 89985603 1504 
230 I 89994546 1504 
231 I 90003915 1504 
232 I 90996439 1504 
233 I 92827158 1504 
234 I 92836525 1504 
235 I 92845563 1504 
236 I 92855166 1504 
237 I 93878016 1504 
238 I 95687702 1504 
239 I 95699276 1504 
240 I 96672489 1504 
241 I 98607448 1504 
242 I 98621277 1504 
243 I 98630968 1504 
244 I 99623742 1504 
245 I 100716335 1504 
246 I 101476573 1504 
247 I 101485391 1504 
248 I 102499840 1504 
249 I 102509826 1504 
250 I 103531075 1504 
251 I 104408322 1504 
252 I 104422021 1504 
253 I 105347956 1504 
254 I 105356192 1504 
255 I 105494443 1504 
256 I 107311174 1504 
257 I 107319318 1504 
258 I 107360239 1504 
259 I 107369105 1504 
260 I 107379880 1504 
261 I 108241834 1504 
262 I 109387147 1504 
263 I 110182639 1504 
264 I 110191634 1504 
265 I 110200667 1504 
266 I 111191776 1504 
267 I 112113968 1504 
268 I 112127007 1340 
269 I 113106830 1504 
270 I 116048684 1504 
271 I 116057782 1504 
272 I 116066931 1504 
273 I 118032582 1504 
274 I 118042015 1504 
275 I 118051029 1504 
276 I 118060033 1504 
277 I 120849383 1504 
278 I 120858946 1504 
279 I 120869610 1504 
280 I 121000278 1504 
281 I 122851731 1504 
282 I 122861604 1504 
283 I 122888628 1504 
284 I 122897619 1504 
285 I 123765702 1504 
286 I 126668008 1504 
287 I 126676828 1504 
288 I 126711420 1504 
289 I 126795493 1504 
290 I 127625652 1504 
291 I 127635555 1504 
292 I 129673245 1504 
293 I 129683645 1504 
294 I 129693301 1504 
295 I 130612169 1504 
296 I 130630730 1504 
297 I 132495424 1504 
298 I 132504494 1504 
299 I 132514889 1504 
300 I 132524388 1504 
301 I 133382202 1504 
302 I 133407886 1504 
303 I 135340204 1504 
304 I 135350419 1504 
305 I 135360194 1504 
306 I 135369740 1504 
307 I 135501581 1504 
308 I 137400388 1504 
309 I 137407606 1504 
310 I 138206522 1504 
311 I 140264537 1504 
312 I 140274637 1504 
313 I 141221396 1340 
314 I 143149777 1504 
315 I 146057518 1504 
316 I 146067836 1504 
317 I 148940304 1504 
318 I 148950207 1504 
319 I 150908692 1504 
320 I 150920487 1504 
321 I 150929487 1504 
322 I 153711499 1504 
323 I 153721044 1504 
324 I 153731008 1504 
325 I 155629001 1504 
326 I 155639505 1504 
327 I 155647821 1504 
328 I 155656767 1504 
329 I 157573323 1504 
330 I 157581449 1504 
331 I 157591750 1504 
332 I 157620575 1504 
333 I 159540833 1504 
334 I 159549969 1504 
335 I 159561704 1504 
336 I 159571589 1504 
337 I 159660175 1504 
338 I 161584042 1504 
339 I 161593926 1504 
340 I 161604672 1504 
341 I 161620951 1504 
342 I 162377003 1504 
343 I 162386590 1504 
344 I 164369367 1504 
345 I 164379696 1504 
346 I 164388533 1504 
347 I 164511630 1504 
348 I 165352317 1504 
349 I 165360496 1504 
350 I 167207094 1504 
351 I 167215932 1504 
352 I 167226593 1504 
353 I 167269371 1504 
354 I 167279525 1504 
355 I 168190371 1504 
356 I 168200200 1504 
357 I 170181557 1504 
358 I 170189439 1504 
359 I 170197881 1340 
360 I 172181961 1504 
361 I 172190776 1504 
362 I 172199830 1504 
363 I 172208250 1504 
364 I 172218421 1504 
365 I 173006841 1504 
366 I 173020500 1504 
367 I 175104418 1504 
368 I 175113999 1504 
369 I 175123961 1504 
370 I 175133540 1504 
371 I 175144570 1504 
372 I 175978004 1504 
373 I 175985535 1504 
374 I 178011854 1504 
375 I 178023095 1504 
376 I 178032161 1504 
377 I 178806924 1504 
378 I 178837036 1504 
379 I 178926669 1504 
380 I 179948212 1504 
381 I 180861592 1504 
382 I 180871014 1504 
383 I 180880709 1504 
384 I 180889606 1504 
385 I 182676520 1504 
386 I 183672095 1504 
387 I 183682014 1504 
388 I 183700946 1504 
389 I 183711251 1504 
390 I 185574079 1504 
391 I 185698116 1504 
392 I 185706757 1504 
393 I 185719975 1504 
394 I 185730368 1504 
395 I 186567598 1504 
396 I 188517222 1504 
397 I 188526323 1504 
398 I 188533471 1504 
399 I 188542969 1504 
400 I 188552152 1504 
401 I 189529068 1504 
402 I 189539453 1504 
403 I 191454876 1504 
404 I 191464852 1340 
405 I 194307188 1504 
406 I 194318301 1504 
407 I 194330837 1504 
408 I 194341000 1504 
409 I 194351111 1504 
410 I 194358930 1504 
411 I 194367924 1504 
412 I 196355526 1504 
413 I 196363296 1504 
414 I 196372141 1504 
415 I 196381736 1504 
416 I 196390754 1504 
417 I 196398619 1504 
418 I 196407797 1504 
419 I 196418468 1504 
420 I 199142354 1504 
421 I 199150050 1504 
422 I 199158864 1504 
423 I 199170548 1504 
424 I 199179959 1504 
425 I 199190322 1504 
426 I 199199160 1504 
427 I 199208369 1504 
428 I 202096823 1504 
429 I 202106216 1504 
430 I 202120187 1504 
431 I 202129881 1504 
432 I 202140189 1504 
433 I 202148314 1504 
434 I 202157513 1504 
435 I 202166755 1504 
436 I 202174128 1504 
437 I 204960032 1504 
438 I 204970650 1504 
439 I 204978886 1504 
440 I 204986273 1504 
441 I 204996029 1504 
442 I 205004421 1504 
443 I 205017949 1504 
444 I 205027736 1504 
445 I 205037279 1504 
446 I 205046297 1504 
447 I 207807143 1504 
448 I 207817618 1504 
449 I 207824494 1340 
450 I 209864770 1504 
451 I 209874286 1504 
452 I 209884134 1504 
453 I 209894322 1504 
454 I 209902672 1504 
455 I 209912812 1504 
456 I 209920399 1504 
457 I 209931196 1504 
458 I 209941270 1504 
459 I 210706982 1504 
460 I 211838833 1504 
461 I 211846424 1504 
462 I 211855527 1504 
463 I 211864523 1504 
464 I 211872399 1504 
465 I 212641709 1504 
466 I 212651877 1504 
467 I 212662647 1504 
468 I 212673378 1504 
469 I 212683719 1504 
470 I 215605398 1504 
471 I 215619456 1504 
472 I 215630035 1504 
473 I 215641364 1504 
474 I 215653404 1504 
475 I 218473412 1504 
476 I 218484066 1504 
477 I 218493741 1504 
478 I 218503794 1504 
479 I 218513042 1504 
480 I 221421357 1504 
481 I 221431861 1504 
482 I 221440084 1504 
483 I 221448895 1504 
484 I 221457744 1504 
485 I 221466581 1504 
486 I 224271490 1504 
487 I 224281618 1504 
488 I 224291410 1504 
489 I 224300621 1504 
490 I 224309791 1504 
491 I 224318681 1504 
492 I 224327714 1504 
493 I 227204890 1504 
494 I 227216100 1340 
495 I 229269905 1504 
496 I 230042606 1504 
497 I 230052218 1504 
498 I 230061404 1504 
499 I 230068847 1504 
500 I 230077195 1504 
501 I 230084193 1504 
502 I 232110393 1504 
503 I 232122118 1504 
504 I 232131750 1504 
505 I 232141861 1504 
506 I 232150955 1504 
507 I 232158372 1504 
508 I 232166703 1504 
509 I 232945089 1504 
510 I 234974510 1504 
511 I 234984762 1504 
512 I 234993691 1504 
513 I 235002993 1504 
514 I 235010283 1504 
515 I 235020372 1504 
516 I 235029760 1504 
517 I 235039797 1504 
518 I 235998084 1504 
519 I 237893451 1504 
520 I 237903074 1504 
521 I 237916245 1504 
522 I 237924530 1504 
523 I 237936245 1504 
524 I 237946534 1504 
525 I 237955363 1504 
526 I 237964463 1504 
527 I 238894170 1504 
528 I 240760823 1504 
529 I 240769899 1504 
530 I 240779340 1504 
531 I 240788503 1504 
532 I 240798285 1504 
533 I 240808608 1504 
534 I 240818459 1504 
535 I 240827819 1504 
536 I 240835658 1504 
537 I 242617292 1504 
538 I 243740959 1504 
539 I 243748805 1340 
540 I 245699182 1504 
541 I 245715309 1504 
542 I 246476035 1504 
543 I 246483715 1504 
544 I 246493117 1504 
545 I 246502990 1504 
546 I 246515208 1504 
547 I 246523786 1504 
548 I 246533885 1504 
549 I 246543496 1504 
550 I 246551690 1504 
551 I 248579729 1504 
552 I 248588194 1504 
553 I 249409648 1504 
554 I 249418497 1504 
555 I 249426745 1504 
556 I 249463896 1504 
557 I 249473475 1504 
558 I 249484130 1504 
559 I 249491960 1504 
560 I 249502374 1504 
561 I 252285084 1504 
562 I 252294151 1504 
563 I 252303580 1504 
564 I 252317493 1504 
565 I 252327526 1504 
566 I 252338157 1504 
567 I 255290921 1504 
568 I 255301315 1504 
569 I 255313183 1504 
570 I 255322109 1504 
571 I 255331503 1504 
572 I 255341902 1504 
573 I 255351795 1504 
574 I 258182211 1504 
575 I 258190323 1504 
576 I 258201252 1504 
577 I 258216338 1504 
578 I 258224068 1504 
579 I 258233083 1504 
580 I 258267668 1504 
581 I 261080565 1504 
582 I 261088731 1504 
583 I 261097477 1504 
584 I 261106252 1504 
585 I 261945711 1340 
586 I 265042178 1504 
587 I 265808601 1504 
588 I 265818890 1504 
589 I 265827855 1504 
590 I 265837017 1504 
591 I 265847549 1504 
592 I 265856417 1504 
593 I 265866442 1504 
594 I 265873794 1504 
595 I 267867516 1504 
596 I 268886968 1504 
597 I 268897484 1504 
598 I 269680469 1504 
599 I 269689500 1504 
600 I 269698311 1504 
601 I 269706864 1504 
602 I 269716258 1504 
603 I 269725646 1504 
604 I 270834145 1504 
605 I 272614399 1504 
606 I 272623448 1504 
607 I 273543499 1504 
608 I 273552478 1504 
609 I 273561666 1504 
610 I 273569734 1504 
611 I 273580019 1504 
612 I 274623742 1504 
613 I 275700989 1504 
614 I 276449950 1504 
615 I 276586992 1504 
616 I 276596095 1504 
617 I 276605345 1504 
618 I 276616456 1504 
619 I 276625296 1504 
620 I 276634101 1504 
621 I 278475535 1504 
622 I 279369702 1504 
623 I 279460276 1504 
624 I 279545830 1504 
625 I 279553421 1504 
626 I 282308539 1504 
627 I 283215013 1504 
628 I 283248000 1504 
629 I 283257934 1340 
630 I 286195704 1504 
631 I 289065123 1504 
632 I 289074140 1504 
633 I 289081449 1504 
634 I 292946208 1504 
635 I 292956593 1504 
636 I 292967103 1504 
637 I 296873495 1504 
638 I 296884020 1504 
639 I 296893887 1504 
640 I 296902917 1504 
