0 I 0 44 
1 I 30026 44 
2 I 1299829 44 
3 I 1304305 44 
4 I 2217897 44 
5 I 2768133 44 
6 I 2804266 44 
7 I 4422488 44 
8 I 4974578 44 
9 I 5112574 44 
10 I 6192720 44 
11 I 6204541 44 
12 I 7290521 44 
13 I 7302678 44 
14 I 8254002 44 
15 I 8281097 44 
16 I 8882917 44 
17 I 11470550 44 
18 I 11611562 44 
19 I 11755543 44 
20 I 11905583 44 
21 I 12067574 56 
22 I 12199635 56 
23 I 12223602 56 
24 I 12631603 56 
25 I 12643575 44 
26 I 13143740 44 
27 I 13284748 44 
28 I 14275562 56 
29 I 14401587 56 
30 I 14524703 44 
31 I 14740549 44 
32 I 14878059 44 
33 I 15166013 44 
34 I 15886024 56 
35 I 15910015 56 
36 I 16006144 56 
37 I 16042462 44 
38 I 16978030 44 
39 I 17128051 44 
40 I 18081991 56 
41 I 18214004 56 
42 I 18352035 44 
43 I 18663980 44 
44 I 19168000 44 
45 I 19306121 44 
46 I 20544530 44 
47 I 20652588 44 
48 I 20763522 44 
49 I 20799502 44 
50 I 20916540 44 
51 I 21897036 44 
52 I 21932978 44 
53 I 22990527 44 
54 I 23032637 44 
55 I 24096027 44 
56 I 24132076 44 
57 I 25215383 44 
58 I 25262730 44 
59 I 26302233 44 
60 I 26335286 44 
61 I 27568526 44 
62 I 27580478 44 
63 I 27925484 44 
64 I 27936023 44 
65 I 29806981 44 
66 I 29965833 44 
67 I 30185098 44 
68 I 30376919 44 
69 I 30514762 44 
70 I 31236833 44 
71 I 31362493 44 
72 I 31782573 44 
73 I 31818496 44 
74 I 32868645 44 
75 I 32904629 44 
76 I 33960550 44 
77 I 33996567 44 
78 I 35043961 44 
79 I 35081360 44 
80 I 36155382 44 
81 I 36191298 44 
82 I 37249529 44 
83 I 37297588 44 
84 I 37790531 44 
85 I 37824644 44 
86 I 38874546 44 
87 I 38916663 44 
88 I 39975625 44 
89 I 40008507 44 
90 I 41092524 44 
91 I 41104570 44 
92 I 42182560 44 
93 I 42224947 44 
94 I 43262283 44 
95 I 43290713 44 
96 I 43798644 44 
97 I 43832722 44 
98 I 44913557 44 
99 I 44943532 44 
100 I 45988284 44 
101 I 46024259 44 
102 I 47110499 44 
103 I 47152652 44 
104 I 48192581 44 
105 I 48228563 44 
106 I 49287781 44 
107 I 49323547 44 
108 I 49833505 44 
109 I 49872499 44 
110 I 51443226 44 
111 I 51447233 44 
112 I 51559236 44 
113 I 51581251 44 
114 I 51600659 44 
115 I 52017795 44 
116 I 52287740 44 
117 I 53293523 44 
118 I 53305677 44 
119 I 54343511 44 
120 I 54355570 44 
121 I 55040751 44 
122 I 55046849 44 
123 I 55880766 44 
124 I 55914173 44 
125 I 56981026 44 
126 I 57017084 44 
127 I 58079042 44 
128 I 58115068 44 
129 I 59333224 44 
130 I 59345250 44 
131 I 60329353 44 
132 I 60341103 44 
133 I 60353109 44 
134 I 71429798 52 
135 I 71642889 442 
136 I 71900787 44 
137 I 72059515 44 
138 I 72082665 44 
139 I 73234524 44 
140 I 73270544 44 
141 I 74308670 44 
142 I 74344635 44 
143 I 75340272 44 
144 I 75346584 44 
145 I 75980338 44 
146 I 77050616 44 
147 I 77086777 44 
148 I 78148506 44 
149 I 78178582 44 
150 I 79398095 44 
151 I 79771056 44 
152 I 79809982 44 
153 I 80865311 44 
154 I 80901420 44 
155 I 81973088 44 
156 I 82003030 44 
157 I 83056301 44 
158 I 83092266 44 
159 I 84162077 44 
160 I 84186006 44 
161 I 85272091 44 
162 I 85314044 44 
163 I 85800143 44 
164 I 85836155 44 
165 I 86886091 44 
166 I 86922142 44 
167 I 88002119 44 
168 I 88038047 44 
169 I 89106037 44 
170 I 89154096 44 
171 I 90234061 44 
172 I 90270053 44 
173 I 90774070 44 
174 I 90810030 44 
175 I 92064031 44 
176 I 92076023 44 
177 I 93000068 44 
178 I 93036088 44 
179 I 94116995 44 
180 I 94159041 44 
181 I 95233007 44 
182 I 104394498 44 
183 I 113251989 44 
184 I 113395997 44 
185 I 113546169 44 
186 I 113689998 44 
187 I 113840044 44 
188 I 113864163 44 
189 I 114307993 44 
190 I 114343992 44 
191 I 114866116 44 
192 I 114920033 44 
193 I 115936783 44 
194 I 115974776 44 
195 I 117037134 44 
196 I 117070098 44 
197 I 118133569 44 
198 I 118175529 44 
199 I 119237538 44 
200 I 119267533 44 
201 I 119783500 44 
202 I 119831556 44 
203 I 120875661 44 
204 I 120917592 44 
205 I 122152539 44 
206 I 122158662 44 
207 I 123212810 44 
208 I 123224762 44 
209 I 124322563 44 
210 I 124334525 44 
211 I 125249253 44 
212 I 125282247 44 
213 I 125796535 44 
214 I 125832541 44 
215 I 126894562 44 
216 I 126931158 44 
217 I 127998626 44 
218 I 128028795 44 
219 I 129531765 44 
220 I 129537940 44 
221 I 130201098 44 
222 I 130240530 44 
223 I 131302513 44 
224 I 131338579 44 
225 I 131842518 44 
226 I 131878498 44 
227 I 132934529 44 
228 I 132970510 44 
229 I 134032662 44 
230 I 134062568 44 
231 I 135130566 44 
232 I 135160535 44 
233 I 136228557 44 
234 I 136282555 44 
235 I 137494580 44 
236 I 137506624 44 
237 I 137860551 44 
238 I 137890605 44 
239 I 139016791 44 
240 I 139022784 44 
241 I 140069792 44 
242 I 140075823 44 
243 I 141141051 44 
244 I 141177045 44 
245 I 142389009 44 
246 I 142401112 44 
247 I 142779090 44 
248 I 142821134 44 
249 I 143871188 44 
250 I 143907170 44 
251 I 144969157 44 
252 I 145017066 44 
253 I 146436532 44 
254 I 146442605 44 
255 I 147144606 44 
256 I 147183525 44 
257 I 148250890 44 
258 I 148286456 44 
259 I 148802592 44 
260 I 148838452 44 
261 I 149894543 44 
262 I 149930476 44 
263 I 150998454 44 
264 I 151040441 44 
265 I 152120483 44 
266 I 152156470 44 
267 I 153236557 44 
268 I 153266648 44 
269 I 153782613 44 
270 I 153842629 44 
271 I 154874583 44 
272 I 154910723 44 
273 I 155972996 44 
274 I 156002986 44 
275 I 157065266 44 
276 I 157101075 44 
277 I 158163063 44 
278 I 158199048 44 
279 I 159249176 44 
280 I 159279015 44 
281 I 159801010 44 
282 I 159831075 44 
283 I 160894018 44 
284 I 160923995 44 
285 I 162010077 44 
286 I 162040019 44 
287 I 163126015 44 
288 I 163162176 44 
289 I 164206091 44 
290 I 164242273 44 
291 I 165595776 44 
292 I 165599948 44 
293 I 165845891 44 
294 I 165877722 44 
295 I 166934309 44 
296 I 166970297 44 
297 I 168269079 44 
298 I 168305095 44 
299 I 169133238 44 
300 I 169169093 44 
301 I 170231069 44 
302 I 170261026 44 
303 I 170777110 44 
304 I 170813079 44 
305 I 172024572 44 
306 I 172028464 44 
307 I 172989197 44 
308 I 173025069 44 
309 I 174114155 44 
310 I 174138073 56 
311 I 174835034 44 
312 I 175201238 44 
313 I 175246088 44 
314 I 176296541 44 
315 I 176326589 44 
316 I 176848515 44 
317 I 176878755 44 
318 I 177940506 44 
319 I 177970652 44 
320 I 179338392 44 
321 I 179341405 44 
322 I 180146958 44 
323 I 181231657 44 
324 I 181315565 44 
325 I 181789592 44 
326 I 182077685 44 
327 I 182869553 44 
328 I 182905574 44 
329 I 183967650 44 
330 I 184009628 44 
331 I 185059519 44 
332 I 185101548 44 
333 I 186236815 44 
334 I 186242557 44 
335 I 187254211 56 
336 I 187278084 56 
337 I 187290066 56 
338 I 187404200 44 
339 I 187794135 44 
340 I 187836021 44 
341 I 189018134 44 
342 I 189030055 44 
343 I 190002104 44 
344 I 190032022 44 
345 I 191108025 44 
346 I 191143990 44 
347 I 192241995 44 
348 I 192278078 44 
349 I 192851551 44 
350 I 192857544 44 
351 I 193883538 44 
352 I 193913626 44 
353 I 195209503 44 
354 I 195233606 44 
355 I 196067682 44 
356 I 196103534 44 
357 I 197153618 44 
358 I 197189501 44 
359 I 198251588 44 
360 I 198287592 44 
361 I 198803501 44 
362 I 198833711 44 
363 I 199877752 44 
364 I 199913627 44 
365 I 200973727 44 
366 I 201012750 44 
367 I 202079504 44 
368 I 202133524 44 
369 I 203171524 44 
370 I 203201575 44 
371 I 204269522 44 
372 I 204299682 44 
373 I 204809512 44 
374 I 204851631 44 
375 I 206032895 44 
376 I 206038774 44 
377 I 207004591 44 
378 I 207034542 44 
379 I 208108567 44 
380 I 208144543 44 
381 I 209200563 44 
382 I 209236786 44 
383 I 210298509 44 
384 I 210328516 44 
385 I 210844502 44 
386 I 210880688 44 
387 I 211936539 44 
388 I 211972507 44 
389 I 213125833 44 
390 I 213131816 44 
391 I 214129047 44 
392 I 214165056 44 
393 I 215221270 44 
394 I 215779067 44 
395 I 215815127 44 
396 I 217147118 44 
397 I 217155578 44 
398 I 217997091 44 
399 I 218033056 44 
400 I 219107023 44 
401 I 219143082 44 
402 I 220433824 44 
403 I 220445783 44 
404 I 221294023 44 
405 I 221323799 44 
406 I 222773650 44 
407 I 222941658 44 
408 I 223181630 44 
409 I 224405642 44 
410 I 224417620 44 
411 I 225131625 44 
412 I 225161633 44 
413 I 226225795 44 
414 I 226779574 56 
415 I 226791553 56 
416 I 226803605 56 
417 I 226815543 56 
418 I 226929604 44 
419 I 227895621 44 
420 I 228015674 44 
421 I 228921649 44 
422 I 228951595 44 
423 I 230043532 44 
424 I 230625536 44 
425 I 231111704 44 
426 I 231261554 44 
427 I 232239585 44 
428 I 232365711 44 
429 I 233349600 44 
430 I 233860040 44 
431 I 233901531 44 
432 I 234952639 44 
433 I 234988544 44 
434 I 236050651 44 
435 I 236080554 44 
436 I 237136572 44 
437 I 237172599 44 
438 I 238246584 44 
439 I 238276602 44 
440 I 238780582 44 
441 I 238882572 44 
442 I 239864108 44 
443 I 239900063 44 
444 I 240979892 44 
445 I 240996548 44 
446 I 242056320 44 
447 I 242086325 44 
448 I 243155080 44 
449 I 243203095 44 
450 I 244253041 44 
451 I 244289468 44 
452 I 244811208 44 
453 I 244829059 44 
454 I 245987093 44 
455 I 246011086 56 
456 I 246707098 44 
457 I 247271050 44 
458 I 247283100 44 
459 I 248099083 56 
460 I 248111148 56 
461 I 248129155 56 
462 I 248417184 44 
463 I 249191088 44 
464 I 249335114 44 
465 I 250295292 44 
466 I 250421290 44 
467 I 250928079 44 
468 I 250973098 44 
469 I 251780679 44 
470 I 252002708 44 
471 I 252228594 44 
472 I 253014586 44 
473 I 253488572 44 
474 I 254106098 44 
475 I 254146167 44 
476 I 255280379 44 
477 I 255286363 44 
478 I 256486591 44 
479 I 256490570 44 
480 I 256833123 44 
481 I 256964589 44 
482 I 257919944 44 
483 I 257960489 44 
484 I 259028355 44 
485 I 259073127 44 
486 I 260130743 44 
487 I 260166612 44 
488 I 261310272 44 
489 I 261314310 44 
490 I 261782336 44 
491 I 261810262 44 
492 I 262874659 44 
493 I 262916733 44 
494 I 264075240 44 
495 I 264081115 44 
496 I 265063632 44 
497 I 265102580 44 
498 I 266169551 44 
499 I 266199544 44 
500 I 267261533 44 
501 I 267291774 44 
502 I 267807574 44 
503 I 267843628 44 
504 I 269176956 44 
505 I 269181602 44 
506 I 270043101 44 
507 I 270066451 44 
508 I 271191569 44 
509 I 271389807 44 
510 I 272445634 44 
511 I 272790593 44 
512 I 273243604 44 
513 I 273678637 44 
514 I 273687633 44 
515 I 274073181 44 
516 I 274076112 44 
517 I 275265673 56 
518 I 275268636 56 
519 I 275271593 56 
520 I 275678277 44 
521 I 276017240 44 
522 I 276149126 44 
523 I 277290695 44 
524 I 277536692 44 
525 I 278019602 44 
526 I 278697671 44 
527 I 278748628 44 
528 I 279315608 44 
529 I 279849574 44 
530 I 280148955 44 
531 I 280197637 44 
532 I 281271581 44 
533 I 281274938 44 
534 I 282752655 44 
535 I 282758643 44 
536 I 283206923 44 
537 I 284240476 44 
538 I 284389021 44 
539 I 284772920 44 
540 I 284807429 44 
541 I 285874890 44 
542 I 285906862 44 
543 I 287043796 44 
544 I 288061188 44 
545 I 288259128 44 
546 I 289153203 44 
547 I 289189189 44 
548 I 290258671 44 
549 I 290308810 44 
550 I 290977875 44 
551 I 290983702 44 
552 I 291931727 44 
553 I 291937822 44 
554 I 293122014 44 
555 I 293173128 44 
556 I 294131389 44 
557 I 294143860 44 
558 I 295227886 44 
559 I 295279102 44 
560 I 296399885 44 
561 I 296501878 44 
562 I 297089920 44 
563 I 297287965 44 
564 I 298501401 56 
565 I 298504401 56 
566 I 298507439 56 
567 I 298510448 56 
568 I 298513432 44 
569 I 299087933 44 
570 I 299090865 44 
571 I 299099884 44 
572 I 299102895 44 
573 I 299105963 44 
