0 I 0 52 
1 I 698561 1504 
2 I 734317 213 
3 I 986629 1504 
4 I 1010090 120 
5 I 1316493 1504 
6 I 1508949 1504 
7 I 1537913 196 
8 I 1772186 1504 
9 I 1868255 1504 
10 I 1882824 196 
11 I 2900980 1504 
12 I 3093000 1504 
13 I 3122618 196 
14 I 3908937 1504 
15 I 4100949 1504 
16 I 4130678 196 
17 I 4916953 1504 
18 I 5108975 1504 
19 I 5138525 196 
20 I 5926155 1504 
21 I 6116996 1504 
22 I 6146604 196 
23 I 6933010 1504 
24 I 7124954 1504 
25 I 7154574 196 
26 I 7940977 1504 
27 I 8133002 1504 
28 I 8162546 196 
29 I 8943177 1504 
30 I 9134998 1504 
31 I 9164714 196 
32 I 9951047 1504 
33 I 10142972 1504 
34 I 10172618 196 
35 I 10958935 1504 
36 I 11150941 1504 
37 I 11180630 196 
38 I 11966946 1504 
39 I 12158969 1504 
40 I 12188554 196 
41 I 12968948 1504 
42 I 13161034 1504 
43 I 13190616 196 
44 I 13976971 1504 
45 I 14168944 1504 
46 I 14198631 196 
47 I 14984942 1504 
48 I 15176951 1504 
49 I 15206680 196 
50 I 15986941 1504 
51 I 16178957 1504 
52 I 16208728 196 
53 I 16995040 1504 
54 I 17186948 1504 
55 I 17216749 196 
56 I 18002952 1504 
57 I 18195092 1504 
58 I 18224718 196 
59 I 19011340 1504 
60 I 19202966 1504 
61 I 19232550 196 
62 I 20018950 1504 
63 I 20211026 1504 
64 I 20240607 196 
65 I 21026938 1504 
66 I 21218971 1504 
67 I 21248581 196 
68 I 22034951 1504 
69 I 22227026 1504 
70 I 22256603 196 
71 I 22449250 1504 
72 I 22640938 1504 
73 I 22670717 196 
74 I 23049122 1504 
75 I 23241037 1504 
76 I 23270576 196 
77 I 24051237 1504 
78 I 24243084 1504 
79 I 24272800 196 
80 I 24524966 1504 
81 I 25059002 1504 
82 I 25251387 1504 
83 I 25310903 196 
84 I 26067036 1504 
85 I 26259067 1504 
86 I 26288555 196 
87 I 27069043 1504 
88 I 27261150 1504 
89 I 27290714 196 
90 I 28077018 1504 
91 I 28269036 1504 
92 I 28298656 196 
93 I 29084957 1504 
94 I 29276964 1504 
95 I 29306658 196 
96 I 30087590 1504 
97 I 30278963 1504 
98 I 30308560 196 
99 I 31131077 1504 
100 I 31352576 196 
101 I 32144974 1504 
102 I 32337117 1504 
103 I 32366585 196 
104 I 32547475 1504 
105 I 32643454 1504 
106 I 32739463 1504 
107 I 32835465 1504 
108 I 32859131 348 
109 I 33075525 1504 
110 I 33171513 1504 
111 I 33249041 196 
112 I 40877145 196 
113 I 41471604 1504 
114 I 41879420 1504 
115 I 42071463 1504 
116 I 42263463 1504 
117 I 42381665 1504 
118 I 42576221 500 
119 I 43146479 1504 
120 I 43404865 1504 
121 I 44154545 1504 
122 I 44346484 1504 
123 I 44538465 1504 
124 I 44730605 1504 
125 I 44850969 1504 
126 I 44874461 348 
127 I 44970718 1504 
128 I 45066736 1504 
129 I 45162703 1504 
130 I 45243607 196 
131 I 46167978 1504 
132 I 46360096 1504 
133 I 46389635 196 
134 I 47175999 1504 
135 I 47368027 1504 
136 I 47397623 196 
137 I 48184037 1504 
138 I 48376033 1504 
139 I 48405618 196 
140 I 49185983 1504 
141 I 49378036 1504 
142 I 49407602 196 
143 I 50193975 1504 
144 I 50385980 1504 
145 I 50415637 196 
146 I 51202058 1504 
147 I 51394015 1504 
148 I 51423643 196 
149 I 52209980 1504 
150 I 52402050 1504 
151 I 52431755 196 
152 I 53211979 1504 
153 I 53403975 1504 
154 I 53434357 196 
155 I 54220030 1504 
156 I 54412024 1504 
157 I 54441722 196 
158 I 55365996 1504 
159 I 55557987 1504 
160 I 55587632 196 
161 I 55869989 1504 
162 I 56062072 1504 
163 I 56091646 196 
164 I 56877965 1504 
165 I 57069985 1504 
166 I 57099627 196 
167 I 57880016 1504 
168 I 58072007 1504 
169 I 58101693 196 
170 I 58887987 1504 
171 I 59080011 1504 
172 I 59109631 196 
173 I 59895986 1504 
174 I 60088028 1504 
175 I 60117598 196 
176 I 60904034 1504 
177 I 61096051 1504 
178 I 61125669 196 
179 I 61912002 1504 
180 I 62104056 1504 
181 I 62133587 196 
182 I 62920078 1504 
183 I 63111987 1504 
184 I 63142297 196 
185 I 63927973 1504 
186 I 64120024 1504 
187 I 64149810 196 
188 I 64837737 1504 
189 I 65027146 1504 
190 I 65056711 196 
191 I 65945359 1504 
192 I 66137025 1504 
193 I 66166798 196 
194 I 66953031 1504 
195 I 67144985 1504 
196 I 67174647 196 
197 I 67985054 1504 
198 I 68177174 1504 
199 I 68206569 196 
200 I 68992998 1504 
201 I 69185021 1504 
202 I 69214722 196 
203 I 69995252 1504 
204 I 70187145 1504 
205 I 70216671 196 
206 I 70962531 1504 
207 I 71154784 1504 
208 I 71184476 196 
209 I 72012525 1504 
210 I 72204475 1504 
211 I 72234169 196 
212 I 73020491 1504 
213 I 73212537 1504 
214 I 73242330 196 
215 I 74028482 1504 
216 I 74220604 1504 
217 I 74250165 196 
218 I 75072643 1504 
219 I 75252433 1504 
220 I 75281978 196 
221 I 76062979 1504 
222 I 76254885 1504 
223 I 76284464 196 
224 I 77045434 1504 
225 I 77237453 1504 
226 I 77267049 196 
227 I 78065900 1504 
228 I 78257907 1504 
229 I 78286030 196 
230 I 78382496 1504 
231 I 78478576 1504 
232 I 78492995 196 
233 I 79056428 1504 
234 I 79248412 1504 
235 I 79278132 196 
236 I 80070356 1504 
237 I 80262452 1504 
238 I 80292016 196 
239 I 81095379 1504 
240 I 81287409 1504 
241 I 81317246 196 
242 I 82079383 1504 
243 I 82271469 1504 
244 I 82300984 196 
245 I 83081516 1504 
246 I 83273509 1504 
247 I 83303039 196 
248 I 84089374 1504 
249 I 84281554 1504 
250 I 84311003 196 
251 I 85117956 1504 
252 I 85309944 1504 
253 I 85339491 196 
254 I 86107935 1504 
255 I 86299880 1504 
256 I 86329595 196 
257 I 87140409 1504 
258 I 87331937 1504 
259 I 87361642 196 
260 I 88141972 1504 
261 I 88333901 1504 
262 I 88363515 196 
263 I 89114395 1504 
264 I 89306432 1504 
265 I 89336143 196 
266 I 89445397 1504 
267 I 89541283 1504 
268 I 89555819 196 
269 I 90128953 1504 
270 I 90321036 1504 
271 I 90350602 196 
272 I 91137426 1504 
273 I 91329337 1504 
274 I 91358749 196 
275 I 92151710 1504 
276 I 92343435 1504 
277 I 92373099 196 
278 I 93198942 1504 
279 I 93390933 1504 
280 I 93420561 196 
281 I 94218954 1504 
282 I 94410955 1504 
283 I 94440552 196 
284 I 95287289 1504 
285 I 95479063 1504 
286 I 95508631 196 
287 I 96295056 1504 
288 I 96487014 1504 
289 I 96516639 196 
290 I 96947774 44 
291 I 97019790 44 
292 I 101107056 52 
293 I 101239124 221 
294 I 101251074 44 
295 I 101329015 44 
