0 I 0 98 
1 I 1134085 101 
2 I 1827136 93 
3 I 2305699 110 
4 I 2906814 101 
5 I 3351546 101 
6 I 3847064 44 
7 I 4175835 44 
8 I 4227266 89 
9 I 4700117 44 
10 I 4885630 44 
11 I 4976237 101 
12 I 5369563 97 
13 I 5675203 44 
14 I 5841099 101 
15 I 6164054 44 
16 I 6287874 101 
17 I 6868850 101 
18 I 7249284 44 
19 I 8583077 96 
20 I 9637409 44 
21 I 10558005 101 
22 I 10994869 44 
23 I 11062074 93 
24 I 11577412 96 
25 I 12045846 146 
26 I 12536012 101 
27 I 12753527 44 
28 I 13030113 44 
29 I 13460085 44 
30 I 14204860 97 
31 I 14748752 101 
32 I 15161930 44 
33 I 15347084 44 
34 I 15528058 44 
35 I 16309019 94 
36 I 16674631 44 
37 I 16873829 101 
38 I 17210663 44 
39 I 17695309 85 
40 I 18856613 44 
41 I 19812210 158 
42 I 20886485 101 
43 I 21257165 44 
44 I 21466215 44 
45 I 22483969 101 
46 I 22916288 101 
47 I 23296879 92 
48 I 23746294 44 
49 I 24085745 101 
50 I 24533802 98 
51 I 24734169 44 
52 I 25139495 101 
53 I 25693977 44 
54 I 25854289 247 
55 I 26348113 101 
56 I 26861706 101 
57 I 27398979 101 
58 I 27845260 90 
59 I 28758423 101 
60 I 29377911 90 
61 I 30534622 101 
62 I 30930596 44 
63 I 31055517 104 
64 I 31445294 101 
65 I 31965766 44 
66 I 31986598 101 
67 I 32407386 101 
68 I 32851927 154 
69 I 34492465 44 
70 I 34660770 101 
71 I 35107138 101 
72 I 35445507 44 
73 I 36024705 44 
74 I 36368980 44 
75 I 36539335 97 
76 I 37089738 101 
77 I 37603529 44 
78 I 37736768 101 
79 I 38159663 44 
80 I 39409696 191 
81 I 39966796 101 
82 I 41446479 44 
83 I 41826412 44 
84 I 42056433 93 
85 I 42497460 101 
86 I 42982105 101 
87 I 43464202 70 
88 I 43830671 44 
89 I 43846108 101 
90 I 44382840 87 
91 I 44716014 44 
92 I 45032627 101 
93 I 45328315 44 
94 I 46044203 44 
95 I 46245470 44 
96 I 46360819 101 
97 I 46727209 44 
98 I 46868155 101 
99 I 47298601 101 
100 I 47667832 44 
101 I 49065903 44 
102 I 49298604 81 
103 I 49900979 113 
104 I 50505523 114 
105 I 51103855 44 
106 I 51137912 101 
107 I 51517914 101 
108 I 52008083 44 
109 I 52082917 92 
110 I 52543267 44 
111 I 52860899 101 
112 I 53329348 44 
113 I 54428511 44 
114 I 54711374 44 
115 I 55393131 44 
116 I 55762388 183 
117 I 56859550 90 
118 I 57202487 98 
119 I 57698547 145 
120 I 59350288 83 
121 I 59880851 101 
122 I 60374439 44 
123 I 60645175 44 
124 I 61157636 152 
125 I 61749542 101 
126 I 62069321 44 
127 I 62214263 44 
128 I 62991299 88 
129 I 63546929 44 
130 I 63861224 44 
131 I 63950556 101 
132 I 64668478 94 
133 I 65202667 105 
134 I 65634120 101 
135 I 66001357 44 
136 I 66253416 44 
137 I 66421165 44 
138 I 66923427 44 
139 I 67427314 44 
140 I 67803775 92 
141 I 68272500 161 
142 I 68773619 44 
143 I 69348850 44 
144 I 70387520 101 
145 I 71242876 44 
146 I 72069157 92 
147 I 72430006 44 
148 I 72642336 44 
149 I 73578937 95 
150 I 75040734 44 
151 I 75103370 101 
152 I 75499805 153 
153 I 75952784 44 
154 I 76026263 101 
155 I 76441256 101 
156 I 76873937 44 
157 I 77215771 101 
158 I 77647258 96 
159 I 77961203 101 
160 I 78487295 44 
161 I 78673464 101 
162 I 79773848 101 
163 I 80794585 101 
164 I 83004583 108 
165 I 83582230 95 
166 I 84428819 44 
167 I 84466872 96 
168 I 85596738 101 
169 I 86022226 44 
170 I 86636245 101 
171 I 87333345 44 
172 I 87386160 88 
173 I 87850281 101 
174 I 88515660 158 
175 I 88853031 44 
176 I 88978726 84 
177 I 89221361 44 
178 I 90115515 44 
179 I 90825454 44 
180 I 91527508 44 
181 I 91842653 101 
182 I 92321982 101 
183 I 92692199 96 
184 I 93088648 44 
185 I 93218680 101 
186 I 93711764 93 
187 I 93866131 44 
188 I 94278481 96 
189 I 94642038 44 
190 I 95362267 101 
191 I 95842483 44 
192 I 96439050 44 
193 I 96567232 101 
194 I 97052489 44 
195 I 97331493 44 
196 I 97386950 98 
197 I 97856933 101 
198 I 98447068 101 
199 I 98929284 44 
200 I 99310654 155 
201 I 100776745 44 
202 I 100947739 44 
203 I 101496010 101 
204 I 102008646 44 
205 I 102656198 44 
206 I 103131890 101 
207 I 103541414 97 
208 I 103730812 101 
209 I 104162692 44 
210 I 104320177 94 
211 I 105539056 101 
212 I 106657090 44 
213 I 107313126 101 
214 I 107762477 84 
215 I 108527514 101 
216 I 109072316 139 
217 I 109401259 44 
218 I 109610803 101 
219 I 109997906 101 
220 I 110540021 44 
221 I 110915037 44 
222 I 111192713 44 
223 I 111440580 44 
224 I 111469367 88 
225 I 113620296 204 
226 I 114435342 94 
227 I 115630350 44 
228 I 115803242 44 
229 I 116649562 96 
230 I 117191896 44 
231 I 117489223 146 
232 I 118883405 90 
233 I 119894297 44 
234 I 120572036 252 
235 I 121119149 101 
236 I 121500901 101 
237 I 121972376 44 
238 I 122206509 44 
239 I 122264000 101 
240 I 122663677 101 
241 I 123094171 44 
242 I 123319713 44 
243 I 123383326 101 
244 I 123754187 44 
245 I 123851734 101 
246 I 124123848 44 
247 I 125067572 92 
248 I 125499321 44 
249 I 126129360 44 
250 I 127069378 44 
251 I 127618977 44 
252 I 127842916 44 
253 I 128558507 44 
254 I 129462366 95 
255 I 129838825 44 
256 I 129850771 97 
257 I 130439136 101 
258 I 130808029 44 
259 I 130951402 101 
260 I 131348850 44 
261 I 131539422 44 
262 I 132746179 44 
263 I 132956098 44 
264 I 135165089 44 
265 I 135551521 44 
266 I 135810002 101 
267 I 136235723 101 
268 I 136800985 44 
269 I 137168374 44 
270 I 137365734 44 
271 I 137986892 44 
272 I 138229023 101 
273 I 139957589 108 
274 I 140473250 101 
275 I 140872641 101 
276 I 141986844 44 
277 I 142627606 97 
278 I 143120751 101 
279 I 143650453 156 
280 I 144171706 101 
281 I 144458311 44 
282 I 144694908 44 
283 I 145794089 44 
284 I 145859424 101 
285 I 146982127 44 
286 I 147176051 101 
287 I 147197000 414 
288 I 147503773 98 
289 I 148347409 101 
290 I 148920731 44 
291 I 149079196 88 
292 I 149547656 102 
293 I 151096031 44 
294 I 152106280 44 
295 I 152661556 101 
296 I 153110725 101 
297 I 153561376 44 
298 I 153652002 101 
299 I 154026479 101 
300 I 154522315 44 
301 I 155824088 101 
302 I 156564039 93 
303 I 156963319 44 
304 I 156996466 101 
305 I 157405111 101 
306 I 157810774 101 
307 I 158000010 44 
308 I 158635769 44 
309 I 158828864 44 
310 I 159427468 44 
311 I 159976205 101 
312 I 160650556 44 
313 I 160757835 101 
314 I 162102796 101 
315 I 162823156 101 
316 I 163338328 101 
317 I 163808045 101 
318 I 164181003 101 
319 I 164595127 94 
320 I 164857235 44 
321 I 165346151 44 
322 I 165569469 44 
323 I 167532658 93 
324 I 168447277 84 
325 I 168805248 101 
326 I 169598563 101 
327 I 170120935 97 
328 I 170444674 101 
329 I 170871822 101 
330 I 171757013 101 
331 I 172170996 44 
332 I 172607185 93 
333 I 174275043 44 
334 I 174831293 44 
335 I 174954080 101 
336 I 175423939 101 
337 I 176035927 98 
338 I 176396715 44 
339 I 176473836 99 
340 I 176743636 44 
341 I 176935887 101 
342 I 177313478 142 
343 I 177744705 88 
344 I 177948495 44 
345 I 179375186 101 
346 I 180376000 44 
347 I 180599531 44 
348 I 180882985 44 
349 I 181484264 44 
350 I 181821478 44 
351 I 182251302 97 
352 I 182703065 44 
353 I 183941510 101 
354 I 184354423 84 
355 I 184792793 90 
356 I 185284451 101 
357 I 185509274 101 
358 I 186589008 101 
359 I 187049290 97 
360 I 187937815 101 
361 I 189260330 44 
362 I 189425176 44 
363 I 190464774 44 
364 I 192863162 44 
365 I 195537189 101 
366 I 195942085 76 
367 I 196083336 44 
368 I 196488506 44 
369 I 196912828 97 
370 I 197253386 92 
371 I 198069422 44 
372 I 198883437 44 
373 I 199362732 44 
374 I 199697404 101 
375 I 200878870 44 
376 I 201690726 44 
377 I 201814807 101 
378 I 202353547 101 
379 I 202777841 44 
380 I 202993999 104 
381 I 203407265 44 
382 I 203593697 44 
383 I 204095410 44 
384 I 205901147 101 
385 I 206435604 44 
386 I 207229864 99 
387 I 207926678 44 
388 I 208370903 91 
389 I 209384312 113 
390 I 210058425 101 
391 I 210415646 97 
392 I 210878364 101 
393 I 211204172 44 
394 I 211408878 44 
395 I 212135788 44 
396 I 212815262 44 
397 I 213329466 44 
398 I 214520083 44 
399 I 214767721 44 
400 I 215611546 44 
401 I 215825174 44 
402 I 216023849 44 
403 I 216420252 93 
404 I 216950650 44 
405 I 217114860 44 
406 I 219044286 44 
407 I 220426423 90 
408 I 221142605 44 
409 I 221661765 91 
410 I 222693990 101 
411 I 223130330 44 
412 I 223347023 44 
413 I 224185021 94 
414 I 224524481 44 
415 I 224775727 44 
416 I 224945366 101 
417 I 225347749 101 
418 I 225783994 44 
419 I 228813878 101 
420 I 229283860 101 
421 I 229604047 76 
422 I 229889799 44 
423 I 229941645 101 
424 I 230341191 44 
425 I 230439209 101 
426 I 230940454 95 
427 I 231581936 44 
428 I 232362926 88 
429 I 232700268 44 
430 I 233086588 44 
431 I 233669903 44 
432 I 234080627 44 
433 I 234356295 101 
434 I 235663123 101 
435 I 237446732 44 
436 I 237483006 88 
437 I 239721551 44 
438 I 240151206 101 
439 I 240641500 88 
440 I 241039719 101 
441 I 241472055 101 
442 I 242003713 44 
443 I 243484799 44 
444 I 243733905 44 
445 I 245135063 44 
446 I 246777063 101 
447 I 247606256 70 
448 I 249505334 91 
449 I 249981099 101 
450 I 250363835 44 
451 I 250734631 44 
452 I 251580167 101 
453 I 252071144 101 
454 I 252533268 101 
455 I 252910005 101 
456 I 253453477 101 
457 I 254124275 44 
458 I 255072181 44 
459 I 255252487 44 
460 I 256143158 44 
461 I 256347117 44 
462 I 257661757 99 
463 I 258705777 101 
464 I 259085047 44 
465 I 259505475 83 
466 I 259945477 82 
467 I 260494029 101 
468 I 260920840 44 
469 I 261163190 44 
470 I 261843818 100 
471 I 262329349 101 
472 I 264433593 101 
473 I 264869292 44 
474 I 264912422 101 
475 I 265549248 88 
476 I 266202091 44 
477 I 266622151 44 
478 I 267006523 101 
479 I 267550501 122 
480 I 268058137 101 
481 I 268602151 44 
482 I 268984889 44 
483 I 270296202 44 
484 I 270523147 101 
485 I 271180503 101 
486 I 271766177 98 
487 I 273209473 44 
488 I 274004338 44 
489 I 274241924 86 
490 I 274683778 44 
491 I 275042052 44 
492 I 275319219 44 
493 I 275625970 44 
494 I 275821372 44 
495 I 276507145 96 
496 I 276890756 44 
497 I 277775332 107 
498 I 278156059 44 
499 I 278445025 97 
500 I 279138825 82 
501 I 279476742 44 
502 I 279678558 85 
503 I 280088181 44 
504 I 280307551 101 
505 I 282542448 94 
506 I 283492237 101 
507 I 284621326 78 
508 I 285115558 101 
509 I 286086415 89 
510 I 286669327 44 
511 I 286897856 97 
512 I 287850030 44 
513 I 288052979 44 
514 I 288078231 101 
515 I 289264734 44 
516 I 290879306 44 
517 I 291074562 44 
518 I 291636285 101 
519 I 292883784 44 
520 I 293386525 44 
521 I 293573941 44 
522 I 293745292 101 
523 I 294531786 101 
524 I 295761367 101 
525 I 296226078 94 
526 I 296838735 94 
527 I 297155999 101 
528 I 297526843 101 
529 I 297829605 88 
530 I 298171762 88 
531 I 298894091 44 
