0 I 0 44 
1 I 390034 44 
2 I 2100077 44 
3 I 2598025 44 
4 I 3354072 44 
5 I 4344094 44 
6 I 5352061 44 
7 I 6366176 44 
8 I 8064018 44 
9 I 8478026 44 
10 I 9384090 44 
11 I 11196012 44 
12 I 11622132 44 
13 I 12024024 44 
14 I 13860100 44 
15 I 14273993 44 
16 I 15066288 44 
17 I 16169991 44 
18 I 17088185 44 
19 I 17994085 44 
20 I 19104075 44 
21 I 20208053 44 
22 I 21221985 44 
23 I 22932065 44 
24 I 23232050 44 
25 I 24246027 44 
26 I 25344054 44 
27 I 26148074 44 
28 I 27156037 44 
29 I 28362038 44 
30 I 29370014 44 
31 I 30282066 44 
32 I 31326021 44 
33 I 31854170 44 
34 I 32724011 44 
35 I 34362035 44 
36 I 34842054 44 
37 I 35946143 44 
38 I 36954081 44 
39 I 37968041 44 
40 I 38964049 44 
41 I 40068018 44 
42 I 40902126 44 
43 I 41808073 44 
44 I 42810146 44 
45 I 43788027 44 
46 I 44892044 44 
47 I 45834172 44 
48 I 46937997 44 
49 I 47124014 44 
50 I 47970029 44 
51 I 48803999 56 
52 I 48828233 56 
53 I 48852013 56 
54 I 49074044 44 
55 I 49230021 44 
56 I 49896112 44 
57 I 50220203 44 
58 I 50892058 44 
59 I 50910011 44 
60 I 51972016 44 
61 I 52008172 44 
62 I 52896061 44 
63 I 52962381 44 
64 I 53970036 44 
65 I 54000284 44 
66 I 54894056 44 
67 I 54930090 44 
68 I 55895114 44 
69 I 55913156 44 
70 I 56867085 44 
71 I 56909227 44 
72 I 57839423 44 
73 I 57875170 44 
74 I 58901233 44 
75 I 58979088 44 
76 I 60077133 44 
77 I 60113310 44 
78 I 60425170 44 
79 I 60455057 44 
80 I 61577266 44 
81 I 62615138 44 
82 I 62969131 44 
83 I 63209252 44 
84 I 63509119 44 
85 I 63539117 44 
86 I 64595377 44 
87 I 64625191 44 
88 I 65585079 44 
89 I 65699063 44 
90 I 66725148 44 
91 I 66755171 44 
92 I 67553150 44 
93 I 67583782 44 
94 I 68717083 44 
95 I 68789523 44 
96 I 69677157 44 
97 I 69713096 44 
98 I 70715167 44 
99 I 70787096 44 
100 I 72095108 44 
101 I 72401188 44 
102 I 73709128 44 
103 I 74063325 44 
104 I 74381204 44 
105 I 74741173 44 
106 I 74771158 44 
107 I 75077125 44 
108 I 75101197 44 
109 I 75527096 44 
110 I 76475164 56 
111 I 76517093 56 
112 I 76763156 56 
113 I 76871201 56 
114 I 76901156 44 
115 I 77195105 44 
116 I 77609085 56 
117 I 77861340 56 
118 I 78521134 56 
119 I 78551115 56 
120 I 78893117 56 
121 I 78995312 44 
122 I 79007141 44 
123 I 79145118 44 
124 I 79547087 52 
125 I 79829846 439 
126 I 80069197 44 
127 I 80309086 56 
128 I 80339152 56 
129 I 80417159 56 
130 I 80699155 56 
131 I 80711107 56 
132 I 82715060 44 
133 I 82991112 44 
134 I 83033291 44 
135 I 83327447 44 
136 I 83351143 44 
137 I 84497139 44 
138 I 84527203 44 
139 I 85403176 44 
140 I 85427189 44 
141 I 86579112 44 
142 I 86603139 44 
143 I 87437167 44 
144 I 87497364 44 
145 I 88649162 44 
146 I 89483590 56 
147 I 89555133 56 
148 I 89639981 56 
149 I 89897101 44 
150 I 90617210 56 
151 I 91631536 56 
152 I 91841196 56 
153 I 91877183 44 
154 I 92195215 44 
155 I 92399113 44 
156 I 92735213 44 
157 I 92975230 44 
158 I 93725126 44 
159 I 93755216 44 
160 I 94787337 56 
161 I 95705071 56 
162 I 95729445 56 
163 I 96011132 56 
164 I 96917223 44 
165 I 97181166 56 
166 I 97229077 56 
167 I 97511174 56 
168 I 97733369 56 
169 I 97763357 56 
170 I 99323129 44 
171 I 99521282 44 
172 I 99551175 44 
173 I 101585135 44 
174 I 101981159 44 
175 I 102233081 44 
176 I 102251090 44 
177 I 102545543 44 
178 I 102617102 44 
179 I 103511143 44 
180 I 104423171 56 
181 I 104465145 56 
182 I 104531102 56 
183 I 104567184 44 
184 I 104753167 44 
185 I 104873178 44 
186 I 105713204 44 
187 I 106829205 44 
188 I 107075121 56 
189 I 107219076 56 
190 I 107633154 56 
191 I 109331240 44 
192 I 109637240 44 
193 I 109829132 56 
194 I 109847501 56 
195 I 110081106 56 
196 I 110123138 44 
197 I 110387222 44 
198 I 110735167 44 
199 I 110993089 44 
200 I 111281101 44 
201 I 111335105 44 
202 I 112319452 44 
203 I 112355588 44 
204 I 113387274 44 
205 I 113417236 44 
206 I 114455112 44 
207 I 115457134 44 
208 I 115979311 44 
209 I 116351199 56 
210 I 116621444 56 
211 I 116957259 44 
212 I 117371399 44 
213 I 117587218 44 
214 I 117773084 44 
215 I 117893302 44 
216 I 118421223 44 
217 I 118583327 44 
218 I 119573121 44 
219 I 120485550 56 
220 I 120575203 56 
221 I 120599323 56 
222 I 120623116 44 
223 I 120773119 44 
224 I 120839263 44 
225 I 120917107 44 
226 I 120947095 44 
227 I 121547140 44 
228 I 122525150 44 
229 I 122801177 44 
230 I 123011202 44 
231 I 123215301 44 
232 I 123245130 44 
233 I 124601201 44 
234 I 124613153 44 
235 I 125213106 44 
236 I 127283202 44 
237 I 127685120 44 
238 I 127853093 56 
239 I 128021376 56 
240 I 128201284 44 
241 I 128537178 44 
242 I 128777243 44 
243 I 128951207 44 
244 I 129323169 44 
245 I 130313187 56 
246 I 130619246 56 
247 I 130865261 44 
248 I 131099111 44 
249 I 131441339 44 
250 I 132233246 56 
251 I 132263140 56 
252 I 132329278 44 
253 I 132593275 44 
254 I 132623098 44 
255 I 132959110 44 
256 I 133211135 56 
257 I 133373119 56 
258 I 133559290 44 
259 I 134327121 44 
260 I 134663214 44 
261 I 135317164 44 
262 I 136433223 44 
263 I 136691140 44 
264 I 136847091 44 
265 I 137375504 56 
266 I 138221171 44 
267 I 138557234 44 
268 I 138743123 44 
269 I 139355289 44 
270 I 139385145 44 
271 I 140477186 44 
272 I 140513284 44 
273 I 140933240 44 
274 I 140999167 44 
275 I 141905151 56 
276 I 141935118 56 
277 I 142193156 44 
278 I 143057125 56 
279 I 143621767 44 
280 I 143819116 44 
281 I 144191196 44 
282 I 144947161 56 
283 I 144983208 56 
284 I 145223225 44 
285 I 145331209 44 
286 I 146069250 56 
287 I 146297179 44 
288 I 146615115 44 
289 I 147083376 44 
290 I 147245306 44 
291 I 148321934 44 
292 I 149033161 56 
293 I 149207130 56 
294 I 149447161 56 
295 I 149495090 44 
296 I 149723173 44 
297 I 149795138 44 
298 I 150017174 44 
299 I 150041354 44 
300 I 150131109 44 
301 I 150143180 44 
302 I 151091154 44 
303 I 151289150 44 
304 I 152201222 44 
305 I 152309123 44 
306 I 153209193 44 
307 I 153239145 44 
308 I 154319474 56 
309 I 155195134 56 
310 I 155255196 56 
311 I 155279277 44 
312 I 155483174 44 
313 I 155549142 44 
314 I 155963217 44 
315 I 156293110 44 
316 I 156569154 44 
317 I 157343216 44 
318 I 157373266 44 
319 I 158249117 44 
320 I 158333139 44 
321 I 158951169 44 
322 I 159851153 44 
323 I 160103131 44 
324 I 160890188 44 
325 I 161921163 44 
326 I 162893695 44 
327 I 163859143 44 
328 I 164891230 44 
329 I 165893278 44 
330 I 166890277 44 
331 I 168047259 44 
332 I 168983299 44 
333 I 170255124 44 
334 I 170957120 56 
335 I 170975108 56 
336 I 171977158 56 
337 I 171995389 56 
338 I 172109244 44 
339 I 172301432 44 
340 I 173111133 44 
341 I 174149158 44 
342 I 174635180 44 
343 I 175181128 56 
344 I 175193144 56 
345 I 175367191 44 
346 I 176513132 44 
347 I 176909145 56 
348 I 177683100 44 
349 I 178007131 44 
350 I 178787479 44 
351 I 179837203 44 
352 I 181133356 44 
353 I 181991118 56 
354 I 182003211 56 
355 I 182117349 44 
356 I 182285179 44 
357 I 182303161 44 
358 I 183065127 44 
359 I 184133199 44 
360 I 185141158 44 
361 I 185663147 44 
362 I 185909435 56 
363 I 185921176 56 
364 I 186083401 44 
365 I 186563333 44 
366 I 187625265 44 
367 I 188597310 44 
368 I 190019214 44 
369 I 190703407 56 
370 I 190721248 56 
371 I 190859187 44 
372 I 191801272 44 
373 I 193133190 44 
374 I 193859814 56 
375 I 193871426 56 
376 I 194015231 44 
377 I 195053214 44 
378 I 195977217 44 
379 I 196535146 44 
380 I 197573434 44 
381 I 198809334 44 
382 I 199637346 56 
383 I 199655138 56 
384 I 199961210 44 
385 I 200621120 44 
386 I 201689129 44 
387 I 202691174 44 
388 I 203699149 44 
389 I 204821317 44 
390 I 206903246 44 
391 I 207119456 44 
392 I 207923231 44 
393 I 208745128 56 
394 I 208757196 56 
395 I 208901197 44 
396 I 209837177 44 
397 I 210971200 44 
398 I 211541164 44 
399 I 212453642 44 
400 I 213413127 44 
401 I 214481287 44 
402 I 215471260 44 
403 I 216455319 56 
404 I 217097136 44 
405 I 217469197 44 
406 I 218501194 44 
407 I 219570036 44 
408 I 220631138 44 
409 I 221543138 44 
410 I 222797366 44 
411 I 223553268 56 
412 I 223565263 56 
413 I 223751203 44 
414 I 224633170 44 
415 I 225671167 44 
416 I 226637198 44 
417 I 227759165 44 
418 I 228905157 44 
419 I 229739163 56 
420 I 229751241 56 
421 I 230129124 56 
422 I 230309177 56 
423 I 230327187 56 
424 I 231395425 56 
425 I 231413171 56 
426 I 231701323 56 
427 I 231713126 56 
428 I 231929215 56 
429 I 231997291 56 
430 I 239855221 44 
431 I 240125346 44 
432 I 240503188 44 
433 I 241637259 44 
434 I 242579186 44 
435 I 243683205 44 
436 I 244673369 44 
437 I 245603204 44 
438 I 245963555 44 
439 I 246539221 44 
440 I 247565236 44 
441 I 248135336 44 
442 I 249647165 44 
443 I 250601301 44 
444 I 251135202 44 
445 I 252395171 44 
446 I 253163442 56 
447 I 253181225 56 
448 I 253343314 44 
449 I 253397331 44 
450 I 254225178 44 
451 I 255359140 44 
452 I 256307162 44 
453 I 257585182 44 
454 I 258383168 56 
455 I 258401401 56 
456 I 258629291 44 
457 I 258743209 44 
458 I 258803162 44 
459 I 259505169 44 
460 I 260345135 56 
461 I 260357411 56 
462 I 260585405 44 
463 I 260615431 44 
464 I 260633189 44 
465 I 261659145 44 
466 I 262409272 56 
467 I 262925173 44 
468 I 263291284 44 
469 I 263465158 44 
470 I 264389407 44 
471 I 265475236 44 
472 I 266597328 44 
473 I 267497316 56 
474 I 267947130 44 
475 I 268337126 44 
476 I 268523289 44 
477 I 269081360 44 
478 I 270287213 44 
479 I 271091253 56 
480 I 271109186 56 
481 I 271373247 44 
482 I 272105285 44 
483 I 273329216 44 
484 I 274181310 56 
485 I 274199607 56 
486 I 274427163 44 
487 I 275183154 44 
488 I 276209216 44 
489 I 277199235 44 
490 I 278345144 44 
491 I 279293171 44 
492 I 280415546 44 
493 I 281681213 44 
494 I 281885382 56 
495 I 281927232 56 
496 I 282095333 44 
497 I 283992040 44 
498 I 284315522 44 
499 I 284567189 44 
500 I 285059221 44 
501 I 285911614 44 
502 I 287042166 44 
503 I 288059158 44 
504 I 289091157 44 
505 I 290105145 44 
506 I 291029352 44 
507 I 292019413 44 
508 I 293327193 44 
509 I 294173273 56 
510 I 294335145 44 
511 I 294509138 44 
512 I 295163336 44 
513 I 296297222 44 
514 I 297659173 44 
515 I 298361217 56 
516 I 298373233 56 
517 I 298631180 44 
518 I 298787241 44 
