0 I 0 105 
1 I 334449 44 
2 I 579820 82 
3 I 770783 74 
4 I 2117020 44 
5 I 2437963 44 
6 I 2783946 44 
7 I 2904518 97 
8 I 3101713 44 
9 I 3445160 101 
10 I 3573815 44 
11 I 4383817 154 
12 I 5273815 44 
13 I 5802639 44 
14 I 6132517 44 
15 I 6788907 44 
16 I 7566588 44 
17 I 7780275 101 
18 I 7968494 44 
19 I 9084497 44 
20 I 9463888 44 
21 I 9772585 44 
22 I 10107325 44 
23 I 10862197 101 
24 I 11279695 90 
25 I 11709388 44 
26 I 12433867 101 
27 I 13144406 44 
28 I 13685723 44 
29 I 15137668 97 
30 I 15270198 90 
31 I 15663392 91 
32 I 15963169 189 
33 I 16308518 101 
34 I 24687977 44 
35 I 24838219 44 
36 I 25640044 88 
37 I 25814903 88 
38 I 25941517 207 
39 I 26491178 305 
40 I 26738982 158 
41 I 27548949 101 
42 I 28428271 101 
43 I 29416280 44 
44 I 29674181 215 
45 I 29795375 101 
46 I 30726634 155 
47 I 31575818 102 
48 I 32609617 158 
49 I 33467158 84 
50 I 34447494 158 
51 I 35182693 93 
52 I 35618588 92 
53 I 36426911 84 
54 I 37412809 163 
55 I 38148178 96 
56 I 38493452 44 
57 I 39243689 87 
58 I 40081309 101 
59 I 42267491 99 
60 I 42999492 44 
61 I 43897003 313 
62 I 45861393 186 
63 I 47001826 163 
64 I 47363021 101 
65 I 48283019 204 
66 I 49230830 44 
67 I 49907119 44 
68 I 50245324 44 
69 I 51814823 69 
70 I 53279713 44 
71 I 53722062 44 
72 I 53939453 101 
73 I 55228482 101 
74 I 55570663 44 
75 I 55882810 101 
76 I 57565163 101 
77 I 58036145 101 
78 I 58651547 44 
79 I 58851094 44 
80 I 59153651 88 
81 I 59324401 44 
82 I 60476463 93 
83 I 60518819 44 
84 I 61710898 101 
85 I 62619083 158 
86 I 63550892 44 
87 I 64416415 44 
88 I 64657199 101 
89 I 65400706 44 
90 I 65567145 44 
91 I 66316918 101 
92 I 66689501 44 
93 I 67284433 44 
94 I 68500881 101 
95 I 69343559 44 
96 I 69460156 44 
97 I 69671255 101 
98 I 69856096 44 
99 I 70733936 101 
100 I 70873068 44 
101 I 71125721 131 
102 I 71468139 101 
103 I 71778078 158 
104 I 72030886 44 
105 I 72110399 90 
106 I 72972570 44 
107 I 74310457 101 
108 I 74532325 44 
109 I 74550495 101 
110 I 74882657 101 
111 I 75278050 102 
112 I 75817510 44 
113 I 76577959 44 
114 I 76788687 44 
115 I 77118076 44 
116 I 77900798 44 
117 I 78023051 88 
118 I 79092118 44 
119 I 79425632 44 
120 I 79638598 44 
121 I 79967441 44 
122 I 80182103 44 
123 I 80622269 44 
124 I 82070281 106 
125 I 82438130 213 
126 I 82928719 83 
127 I 84138622 101 
128 I 84392073 101 
129 I 84980469 101 
130 I 86156140 101 
131 I 87053806 101 
132 I 87458098 101 
133 I 87633138 44 
134 I 87871081 84 
135 I 88277666 101 
136 I 89597592 44 
137 I 89804369 101 
138 I 90029085 44 
139 I 90922695 44 
140 I 91140437 97 
141 I 92538859 44 
142 I 92824186 101 
143 I 93111774 44 
144 I 93663134 44 
145 I 93981503 101 
146 I 94684732 156 
147 I 94921332 44 
148 I 95623708 101 
149 I 95828067 101 
150 I 96673376 44 
151 I 97812184 88 
152 I 98664284 44 
153 I 98833575 259 
154 I 99794307 44 
155 I 99957622 92 
156 I 100616461 44 
157 I 100992729 44 
158 I 102303128 101 
159 I 102565447 44 
160 I 102761134 44 
161 I 103507786 44 
162 I 103779163 101 
163 I 104343433 44 
164 I 104663301 44 
165 I 105300109 101 
166 I 105573626 44 
167 I 105738498 101 
168 I 106070492 91 
169 I 106910113 44 
170 I 107414487 44 
171 I 108560089 44 
172 I 108842372 44 
173 I 109099175 80 
174 I 109404666 44 
175 I 109736374 44 
176 I 110175375 44 
177 I 110501285 44 
178 I 111611418 101 
179 I 111934165 44 
180 I 112779734 44 
181 I 112958614 101 
182 I 113146025 44 
183 I 113500339 105 
184 I 113825955 44 
185 I 115307625 44 
186 I 116059446 101 
187 I 116289986 44 
188 I 116492219 44 
189 I 117101941 44 
190 I 117702494 44 
191 I 117899923 101 
192 I 118080740 44 
193 I 118319841 101 
194 I 118608262 101 
195 I 118986308 101 
196 I 119373735 114 
197 I 119503365 101 
198 I 120099817 96 
199 I 120236140 44 
200 I 120396983 44 
201 I 121644615 96 
202 I 121845811 44 
203 I 122133531 85 
204 I 122815694 101 
205 I 122950316 44 
206 I 123516192 44 
207 I 126052010 101 
208 I 126373916 44 
209 I 126458024 101 
210 I 127013973 101 
211 I 127266983 101 
212 I 127885474 44 
213 I 127947544 101 
214 I 128836123 101 
215 I 129308459 101 
216 I 129629890 44 
217 I 129836655 44 
218 I 130559616 101 
219 I 130692492 44 
220 I 130797105 44 
221 I 131962586 101 
222 I 133565778 147 
223 I 133689092 69 
224 I 133995423 44 
225 I 134572890 204 
226 I 135555455 44 
227 I 136023134 101 
228 I 136424086 44 
229 I 136841903 44 
230 I 137144717 101 
231 I 138708189 44 
232 I 139447015 103 
233 I 139749206 101 
234 I 140136419 44 
235 I 140337411 44 
236 I 140701719 44 
237 I 141235844 44 
238 I 141565321 44 
239 I 141977432 91 
240 I 142444177 44 
241 I 142986785 44 
242 I 143654914 101 
243 I 143878870 110 
244 I 144185091 101 
245 I 144772308 44 
246 I 145485781 44 
247 I 146930564 44 
248 I 147198433 44 
249 I 147889011 44 
250 I 148109518 44 
251 I 149141765 101 
252 I 149865519 44 
253 I 150037212 101 
254 I 150236463 44 
255 I 150482848 95 
256 I 150656940 44 
257 I 151055214 44 
258 I 151285765 44 
259 I 151952281 44 
260 I 152328976 101 
261 I 152933747 44 
262 I 153540864 97 
263 I 153911876 44 
264 I 154191144 44 
265 I 155116445 44 
266 I 155320030 102 
267 I 155866910 150 
268 I 155983319 44 
269 I 156195196 44 
270 I 156773322 44 
271 I 157445538 101 
272 I 157873151 101 
273 I 158249644 88 
274 I 158620569 44 
275 I 159040284 44 
276 I 159978552 101 
277 I 160336010 194 
278 I 160495401 44 
279 I 160773397 113 
280 I 161466526 101 
281 I 163387609 97 
282 I 163561657 44 
283 I 164203703 154 
284 I 164296243 44 
285 I 164507042 44 
286 I 165219567 101 
287 I 168337386 101 
288 I 168524960 44 
289 I 170127811 88 
290 I 170177025 44 
291 I 170707239 92 
292 I 171390918 158 
293 I 172160399 155 
294 I 172369046 44 
295 I 172555994 44 
296 I 173025589 44 
297 I 173142274 97 
298 I 177134497 44 
299 I 177749197 101 
300 I 178099976 96 
301 I 178901898 44 
302 I 179054791 44 
303 I 179330689 101 
304 I 179731231 44 
305 I 179886748 101 
306 I 180185559 101 
307 I 180711165 101 
308 I 181049831 101 
309 I 181726686 106 
310 I 182781936 44 
311 I 183113147 44 
312 I 184163904 101 
313 I 185002049 44 
314 I 185412828 44 
315 I 186018210 96 
316 I 186384975 101 
317 I 186926250 101 
318 I 187589623 88 
319 I 189125489 98 
320 I 189681864 101 
321 I 190087501 97 
322 I 190724466 101 
323 I 190881490 44 
324 I 191021936 82 
325 I 191493354 44 
326 I 191756283 44 
327 I 193638861 44 
328 I 194481320 107 
329 I 194893928 158 
330 I 196021162 101 
331 I 196200029 44 
332 I 196563439 44 
333 I 197092041 101 
334 I 197326389 44 
335 I 197417911 101 
336 I 197653038 94 
337 I 198214077 44 
338 I 199267122 101 
339 I 199518579 44 
340 I 201369219 44 
341 I 202114639 101 
342 I 202433149 44 
343 I 202736366 80 
344 I 204378790 44 
345 I 206356018 44 
346 I 207389080 44 
347 I 207535595 44 
348 I 207731139 101 
349 I 208013314 101 
350 I 208263777 101 
351 I 208373178 215 
352 I 209204453 44 
353 I 209475763 44 
354 I 209923733 44 
355 I 211432036 44 
356 I 211656617 44 
357 I 212262270 101 
358 I 213405501 101 
359 I 214188447 44 
360 I 215259009 44 
361 I 216125832 101 
362 I 216560821 82 
363 I 216979668 96 
364 I 217384716 101 
365 I 217784506 88 
366 I 218138775 44 
367 I 218334764 101 
368 I 218662173 99 
369 I 219117455 99 
370 I 219653149 44 
371 I 219917255 101 
372 I 220345282 101 
373 I 220618452 44 
374 I 220951924 101 
375 I 221175339 44 
376 I 221390727 44 
377 I 223124175 44 
378 I 223323248 44 
379 I 224230468 44 
380 I 224441528 101 
381 I 224728733 44 
382 I 224978575 44 
383 I 225253552 101 
384 I 225432306 44 
385 I 225523125 100 
386 I 225991903 44 
387 I 226238649 102 
388 I 226502484 44 
389 I 226799766 92 
390 I 227838032 44 
391 I 228307122 44 
392 I 228628362 44 
393 I 229042843 101 
394 I 229187533 44 
395 I 229708031 101 
396 I 229828317 44 
397 I 230362487 101 
398 I 230485904 44 
399 I 230875967 44 
400 I 231064564 97 
401 I 231267818 44 
402 I 231565154 44 
403 I 231883977 44 
404 I 232237635 44 
405 I 232559514 44 
406 I 232996442 44 
407 I 233449304 101 
408 I 233853875 44 
409 I 234660039 44 
410 I 235384653 44 
411 I 235623992 101 
412 I 235768545 44 
413 I 235969464 44 
414 I 236496743 44 
415 I 238035605 101 
416 I 239863727 44 
417 I 241743240 101 
418 I 242031843 44 
419 I 242150613 101 
420 I 243028402 148 
421 I 243606862 101 
422 I 244245789 44 
423 I 244603909 94 
424 I 245180621 44 
425 I 245331265 101 
426 I 245718745 101 
427 I 246213346 44 
428 I 246568514 44 
429 I 246733515 99 
430 I 246922297 44 
431 I 247197845 44 
432 I 247416799 44 
433 I 247636589 44 
434 I 247980222 44 
435 I 248183440 44 
436 I 248414809 101 
437 I 249281393 44 
438 I 249621732 44 
439 I 250297203 44 
440 I 250703646 101 
441 I 251155764 44 
442 I 251354299 44 
443 I 251915774 44 
444 I 252175285 88 
445 I 252350432 44 
446 I 252845830 92 
447 I 253059516 44 
448 I 253641260 97 
449 I 253773918 44 
450 I 255086888 87 
451 I 255410224 91 
452 I 256191816 44 
453 I 256644581 44 
454 I 256943150 44 
455 I 258538381 101 
456 I 258757472 44 
457 I 259503882 106 
458 I 261106556 44 
459 I 261468598 44 
460 I 261824065 99 
461 I 262218804 101 
462 I 262535761 101 
463 I 262664341 44 
464 I 263817094 101 
465 I 264102974 115 
466 I 264393719 44 
467 I 266132252 44 
468 I 266569806 108 
469 I 267304276 92 
470 I 267471424 44 
471 I 267821752 101 
472 I 268239536 101 
473 I 268658890 94 
474 I 269534329 44 
475 I 269851893 44 
476 I 270292740 44 
477 I 270527833 101 
478 I 270671573 44 
479 I 270957535 44 
480 I 272145307 89 
481 I 272573197 44 
482 I 272779090 101 
483 I 273227392 97 
484 I 273592737 101 
485 I 274908955 44 
486 I 275085211 101 
487 I 275520029 97 
488 I 277193636 94 
489 I 278169072 149 
490 I 278233600 44 
491 I 278473111 44 
492 I 279166706 44 
493 I 279585378 44 
494 I 279792557 44 
495 I 280748870 44 
496 I 280782403 101 
497 I 281313652 84 
498 I 281568278 44 
499 I 281992137 44 
500 I 282485497 101 
501 I 282757850 44 
502 I 283491066 101 
503 I 284234875 101 
504 I 284411566 44 
505 I 284896575 44 
506 I 284987145 44 
507 I 285105511 44 
508 I 285922914 44 
509 I 286815735 44 
510 I 286993301 101 
511 I 287957241 44 
512 I 288285895 44 
513 I 288888264 44 
514 I 289198364 44 
515 I 289675197 101 
516 I 289960551 44 
517 I 290099661 101 
518 I 290308672 44 
519 I 290361369 316 
520 I 290638418 44 
521 I 291285839 44 
522 I 291551186 101 
523 I 291722093 100 
524 I 291972177 88 
525 I 292255384 88 
526 I 292484996 44 
527 I 292722268 101 
528 I 292952093 44 
529 I 293251893 101 
530 I 293569785 97 
531 I 293792794 44 
532 I 294413935 97 
533 I 294666940 44 
534 I 296095515 101 
535 I 296409426 101 
536 I 298065650 44 
537 I 298278619 44 
538 I 299171861 44 
539 I 299362593 101 
540 I 299497406 44 
541 I 299739563 101 
