0 I 0 44 
1 I 436172 99 
2 I 1403506 44 
3 I 1730092 101 
4 I 2046740 44 
5 I 2852721 101 
6 I 3198546 44 
7 I 3756252 97 
8 I 3846513 44 
9 I 3914105 44 
10 I 4103532 44 
11 I 4223003 1504 
12 I 4231834 1504 
13 I 4238661 1504 
14 I 4273520 1504 
15 I 4318693 1504 
16 I 4356469 969 
17 I 4680667 101 
18 I 4846535 44 
19 I 6495948 101 
20 I 6777989 101 
21 I 7229914 44 
22 I 7343893 69 
23 I 8394309 101 
24 I 9512253 101 
25 I 10044106 44 
26 I 11435810 44 
27 I 11865606 91 
28 I 12003182 145 
29 I 12734634 44 
30 I 14045976 44 
31 I 15731503 44 
32 I 15905513 44 
33 I 16145615 101 
34 I 16707478 89 
35 I 16819127 44 
36 I 16867263 98 
37 I 17541013 44 
38 I 18554704 44 
39 I 19262886 44 
40 I 19630691 107 
41 I 19912534 101 
42 I 20328480 98 
43 I 20880457 101 
44 I 21144468 101 
45 I 21262338 44 
46 I 21335421 592 
47 I 21699790 101 
48 I 21795626 44 
49 I 21999690 101 
50 I 22365562 44 
51 I 22765037 95 
52 I 24009789 44 
53 I 24317729 85 
54 I 25559367 91 
55 I 26271306 97 
56 I 26529180 101 
57 I 26657168 101 
58 I 26945309 259 
59 I 27821680 101 
60 I 27937587 44 
61 I 28244030 88 
62 I 29216504 101 
63 I 29702351 44 
64 I 30579277 99 
65 I 31372766 101 
66 I 32020652 88 
67 I 32300092 44 
68 I 32505503 44 
69 I 32805458 44 
70 I 33563421 89 
71 I 33663151 44 
72 I 34041244 101 
73 I 34317106 44 
74 I 34623668 44 
75 I 34813719 44 
76 I 35080079 44 
77 I 35514030 44 
78 I 36230074 96 
79 I 36479812 101 
80 I 36917739 44 
81 I 37293828 104 
82 I 37665615 108 
83 I 38535473 100 
84 I 39261422 103 
85 I 40340723 44 
86 I 41242936 101 
87 I 41554858 44 
88 I 41686754 89 
89 I 42078537 101 
90 I 42248496 44 
91 I 42364230 94 
92 I 42849843 44 
93 I 43049911 44 
94 I 43419992 98 
95 I 43721947 99 
96 I 43977974 44 
97 I 44239689 88 
98 I 46065645 101 
99 I 46463440 44 
100 I 46649452 44 
101 I 46857421 44 
102 I 47363135 88 
103 I 47953675 101 
104 I 48399882 101 
105 I 48752021 145 
106 I 49067802 101 
107 I 49471587 44 
108 I 49765605 44 
109 I 50369966 44 
110 I 50581466 101 
111 I 50911470 161 
112 I 51616963 101 
113 I 52029823 101 
114 I 52105637 44 
115 I 52331729 101 
116 I 54188731 101 
117 I 54588482 44 
118 I 55961836 98 
119 I 56093788 101 
120 I 56593687 44 
121 I 56925713 81 
122 I 57027607 44 
123 I 57633629 101 
124 I 58198976 44 
125 I 59791942 44 
126 I 60061421 101 
127 I 60153318 44 
128 I 61503650 44 
129 I 61751132 103 
130 I 62179126 101 
131 I 62481032 90 
132 I 62684763 91 
133 I 63622607 44 
134 I 64126707 101 
135 I 66593256 91 
136 I 66798655 90 
137 I 67016734 44 
138 I 67525620 104 
139 I 67887569 101 
140 I 68652698 91 
141 I 69552421 97 
142 I 69836284 44 
143 I 70126751 44 
144 I 71219523 101 
145 I 72221294 107 
146 I 72449178 103 
147 I 72685174 101 
148 I 72869767 44 
149 I 73178589 101 
150 I 74438079 44 
151 I 74518816 398 
152 I 74746149 44 
153 I 74961573 44 
154 I 75147837 44 
155 I 77859518 44 
156 I 78509530 89 
157 I 78765286 44 
158 I 79091021 90 
159 I 79184739 44 
160 I 80557740 156 
161 I 81845160 44 
162 I 82014452 44 
163 I 82353330 101 
164 I 83027221 101 
165 I 83143196 101 
166 I 84454569 91 
167 I 84840729 81 
168 I 85198776 158 
169 I 87287100 44 
170 I 87687075 94 
171 I 88107147 88 
172 I 88793067 44 
173 I 89095104 44 
174 I 89401037 44 
175 I 89715164 101 
176 I 90011118 44 
177 I 90191063 44 
178 I 90496949 91 
179 I 91369022 103 
180 I 92220857 44 
181 I 92714818 44 
182 I 92900212 44 
183 I 93118722 44 
184 I 93570330 100 
185 I 93906359 101 
186 I 94400404 101 
187 I 95689216 44 
188 I 95839361 101 
189 I 96048550 44 
190 I 96508563 101 
191 I 96730987 158 
192 I 97312329 44 
193 I 97514272 44 
194 I 98376366 88 
195 I 98624327 44 
196 I 101646017 44 
197 I 101941437 44 
198 I 102235433 44 
199 I 102437407 44 
200 I 103143499 44 
201 I 103173487 87 
202 I 103549131 44 
203 I 103557190 93 
204 I 104031305 87 
205 I 104232670 88 
206 I 104550039 44 
207 I 104744038 88 
208 I 104995992 99 
209 I 105606140 101 
210 I 106042057 101 
211 I 106491881 89 
212 I 106637775 44 
213 I 107263718 44 
214 I 108155803 44 
215 I 108875526 44 
216 I 109164890 44 
217 I 109352862 44 
218 I 109740403 90 
219 I 110227698 65 
220 I 111370338 44 
221 I 111660469 101 
222 I 111946459 156 
223 I 113334479 101 
224 I 113478403 44 
225 I 116165510 133 
226 I 116430795 101 
227 I 116694791 82 
228 I 117549348 101 
229 I 117785405 44 
230 I 118455118 91 
231 I 118711052 44 
232 I 120977245 44 
233 I 121891910 44 
234 I 124503802 81 
235 I 125105691 44 
236 I 125891788 101 
237 I 126063582 44 
238 I 127113009 101 
239 I 127447914 101 
240 I 127874395 81 
241 I 129040606 101 
242 I 130218270 44 
243 I 130461671 44 
244 I 130557055 44 
245 I 130912530 101 
246 I 131612512 44 
247 I 132103631 44 
248 I 133130483 44 
249 I 133484783 98 
250 I 134058852 82 
251 I 134374110 178 
252 I 134886219 101 
253 I 135540307 91 
254 I 136169220 93 
255 I 136665271 101 
256 I 136803177 44 
257 I 136923115 44 
258 I 137141980 44 
259 I 137749870 44 
260 I 138262913 44 
261 I 138626611 127 
262 I 139008357 101 
263 I 139474179 96 
264 I 139907619 101 
265 I 140196132 77 
266 I 140564181 101 
267 I 141099725 86 
268 I 141492217 44 
269 I 141657618 44 
270 I 142868566 44 
271 I 143679453 44 
272 I 143870196 44 
273 I 143942245 77 
274 I 144184238 44 
275 I 144584255 44 
276 I 144852257 90 
277 I 145400622 101 
278 I 146912422 97 
279 I 147201149 44 
280 I 147766602 88 
281 I 148033972 87 
282 I 148485292 44 
283 I 148983289 44 
284 I 149201460 44 
285 I 149480835 44 
286 I 149672907 85 
287 I 149812820 44 
288 I 150471125 85 
289 I 150998793 44 
290 I 152093502 44 
291 I 152501415 44 
292 I 152901402 44 
293 I 153145476 101 
294 I 154799451 44 
295 I 155371787 103 
296 I 155639820 101 
297 I 156011697 44 
298 I 156326495 44 
299 I 156515470 101 
300 I 156789640 77 
301 I 157476072 65 
302 I 157706224 44 
303 I 157999701 101 
304 I 158700517 145 
305 I 158851748 44 
306 I 159328874 87 
307 I 161440252 91 
308 I 161680638 44 
309 I 161952021 44 
310 I 162155559 148 
311 I 162494748 101 
312 I 162706037 44 
313 I 162834251 158 
314 I 164083996 101 
315 I 166551684 88 
316 I 167196008 144 
317 I 167388702 138 
318 I 167578489 88 
319 I 168104594 103 
320 I 168417639 44 
321 I 168881118 44 
322 I 169212184 101 
323 I 169658055 101 
324 I 170171712 44 
325 I 170382064 88 
326 I 170690085 101 
327 I 171227876 101 
328 I 171563323 84 
329 I 171916249 101 
330 I 172174069 44 
331 I 172852268 81 
332 I 173060129 44 
333 I 173097709 83 
334 I 173370065 44 
335 I 174782197 44 
336 I 175686754 44 
337 I 175987116 44 
338 I 176281289 44 
339 I 176582499 44 
340 I 176776468 44 
341 I 176978488 44 
342 I 177218361 91 
343 I 177498100 101 
344 I 177754332 44 
345 I 177993508 44 
346 I 178179780 44 
347 I 179334538 91 
348 I 179992450 44 
349 I 180691468 44 
350 I 181697594 88 
351 I 182332815 78 
352 I 182597642 44 
353 I 184776890 95 
354 I 185277919 87 
355 I 185611748 44 
356 I 185831748 71 
357 I 186053823 101 
358 I 186328555 101 
359 I 187022466 44 
360 I 187495342 87 
361 I 187955556 87 
362 I 188589363 88 
363 I 189310265 108 
364 I 189534832 101 
365 I 190104910 101 
366 I 190748897 44 
367 I 190922425 44 
368 I 191132404 44 
369 I 191335805 44 
370 I 192347566 44 
371 I 192527690 44 
372 I 193280008 101 
373 I 193545863 44 
374 I 193784084 155 
375 I 193982436 44 
376 I 194242027 136 
377 I 194486323 44 
378 I 194685593 82 
379 I 195103189 101 
380 I 195807264 44 
381 I 196551197 44 
382 I 197003428 96 
383 I 197528532 78 
384 I 197866588 1190 
385 I 198276583 44 
386 I 198452678 101 
387 I 198846035 44 
388 I 199034048 88 
389 I 199259961 44 
390 I 199746828 44 
391 I 200113032 44 
392 I 200185101 84 
393 I 200799292 44 
394 I 201328421 101 
395 I 201758331 101 
396 I 202413569 96 
397 I 202867418 101 
398 I 204361461 101 
399 I 205099244 78 
400 I 206548571 44 
401 I 206971463 101 
402 I 207469699 186 
403 I 207725144 44 
404 I 207891882 101 
405 I 208471007 143 
406 I 208896669 44 
407 I 209471691 44 
408 I 209715393 44 
409 I 209851662 44 
410 I 210029652 101 
411 I 211301279 44 
412 I 211583361 104 
413 I 211795922 44 
414 I 211899272 44 
415 I 212499509 44 
416 I 212649543 106 
417 I 212855065 44 
418 I 212945818 92 
419 I 213256994 44 
420 I 213527902 44 
421 I 214276799 74 
422 I 214653606 44 
423 I 215386475 77 
424 I 215803847 88 
425 I 216011096 44 
426 I 216201080 44 
427 I 216327122 65 
428 I 216815923 212 
429 I 217008216 44 
430 I 217816030 101 
431 I 218520025 158 
432 I 219056119 44 
433 I 220077794 101 
434 I 221103578 101 
435 I 221348876 79 
436 I 222039248 101 
437 I 222123348 44 
438 I 222661688 101 
439 I 223392666 158 
440 I 223637478 44 
441 I 223881977 44 
442 I 224156617 101 
443 I 224873628 101 
444 I 225197608 88 
445 I 225955639 101 
446 I 226669675 101 
447 I 227652837 44 
448 I 227925129 101 
449 I 228568497 101 
450 I 228844759 44 
451 I 229296438 108 
452 I 229854068 44 
453 I 230054058 44 
454 I 230525189 88 
455 I 230801351 88 
456 I 231081413 44 
457 I 231150378 146 
458 I 231372693 44 
459 I 231560941 44 
460 I 232959703 44 
461 I 233530037 90 
462 I 233888579 101 
463 I 234083675 44 
464 I 234201819 89 
465 I 234481540 85 
466 I 234785252 108 
467 I 235040185 44 
468 I 235280240 44 
469 I 235768978 44 
470 I 237074603 44 
471 I 237643188 77 
472 I 237905065 71 
473 I 238291640 97 
474 I 238478349 44 
475 I 238777938 101 
476 I 239644636 86 
477 I 240525681 256 
478 I 241556310 101 
479 I 242128950 44 
480 I 242207762 96 
481 I 242692335 44 
482 I 243350909 82 
483 I 243721788 101 
484 I 244089355 101 
485 I 244421382 101 
486 I 244893173 44 
487 I 244981531 91 
488 I 245501640 44 
489 I 246001812 44 
490 I 246193957 101 
491 I 246752280 143 
492 I 247071882 44 
493 I 247253880 99 
494 I 247509793 169 
495 I 248067007 94 
496 I 249031846 83 
497 I 250033608 44 
498 I 250481633 44 
499 I 251802205 90 
500 I 252931377 88 
501 I 253135338 44 
502 I 253523024 88 
503 I 253869211 101 
504 I 254843572 44 
505 I 255337079 44 
506 I 255895353 101 
507 I 256181292 101 
508 I 256674155 101 
509 I 257208602 101 
510 I 258007808 72 
511 I 258440803 81 
512 I 258842611 136 
513 I 259328334 101 
514 I 259511835 44 
515 I 259643732 44 
516 I 259727776 95 
517 I 259950154 44 
518 I 260020209 88 
519 I 260356194 149 
520 I 260994565 88 
521 I 261168496 44 
522 I 261362603 101 
523 I 262997608 83 
524 I 263554597 44 
525 I 263863998 44 
526 I 264275490 104 
527 I 265475355 44 
528 I 265815253 44 
529 I 266067949 44 
530 I 266300529 44 
531 I 266412028 101 
532 I 266549944 44 
533 I 266969509 44 
534 I 267172902 44 
535 I 267534755 90 
536 I 268082740 159 
537 I 268431350 44 
538 I 268750816 82 
539 I 269127927 44 
540 I 269423311 44 
541 I 269706780 44 
542 I 269878652 44 
543 I 270940821 104 
544 I 271301632 159 
545 I 272227404 88 
546 I 272841316 71 
547 I 273101139 44 
548 I 273459265 100 
549 I 274072696 101 
550 I 274893772 44 
551 I 275778388 44 
552 I 275876554 88 
553 I 276289960 92 
554 I 276561376 44 
555 I 276829668 101 
556 I 277059484 44 
557 I 277554991 101 
558 I 277926693 101 
559 I 278271407 101 
560 I 278804676 44 
561 I 279336704 96 
562 I 280350773 101 
563 I 280741195 101 
564 I 281105263 101 
565 I 281369800 44 
566 I 282342426 78 
567 I 282683456 215 
568 I 284226248 101 
569 I 284411726 155 
570 I 284728831 106 
571 I 285038333 44 
572 I 285934694 101 
573 I 286425856 101 
574 I 287029452 92 
575 I 287179152 44 
576 I 287305668 165 
577 I 288260260 101 
578 I 288490116 44 
579 I 288980253 101 
580 I 289157712 44 
581 I 290456415 44 
582 I 290647249 44 
583 I 290839264 78 
584 I 291394110 107 
585 I 291718002 44 
586 I 291770065 101 
587 I 292168059 88 
588 I 292535072 88 
589 I 292976452 101 
590 I 293351845 88 
591 I 293744847 44 
592 I 293853225 101 
593 I 294133371 101 
594 I 294518166 101 
595 I 294753170 44 
596 I 294965878 259 
597 I 295270407 44 
598 I 295421922 101 
599 I 295707563 86 
600 I 296743603 44 
601 I 296871724 98 
602 I 297416357 44 
603 I 297953335 44 
604 I 298584557 44 
