0 I 0 101 
1 I 3584271 88 
2 I 3832007 101 
3 I 4133705 128 
4 I 5222356 101 
5 I 6854125 101 
6 I 7027068 56 
7 I 7106688 88 
8 I 8012902 101 
9 I 8117745 56 
10 I 8802384 86 
11 I 9167538 92 
12 I 9915566 101 
13 I 10145591 88 
14 I 10426907 44 
15 I 10976126 44 
16 I 11296714 44 
17 I 11481748 101 
18 I 12170859 44 
19 I 15246363 101 
20 I 18206806 101 
21 I 18436612 78 
22 I 19463856 71 
23 I 20842804 101 
24 I 21150800 149 
25 I 21479498 44 
26 I 22788121 88 
27 I 23059597 101 
28 I 23327572 44 
29 I 23579974 88 
30 I 26030461 92 
31 I 26401400 44 
32 I 27426509 101 
33 I 27812447 101 
34 I 27944964 56 
35 I 28568205 101 
36 I 29245315 44 
37 I 30381339 101 
38 I 30532187 56 
39 I 33044098 44 
40 I 34746204 101 
41 I 34943313 44 
42 I 35518356 101 
43 I 35994190 101 
44 I 36246768 44 
45 I 38618326 100 
46 I 39740926 44 
47 I 40056780 44 
48 I 40510008 44 
49 I 40930269 44 
50 I 41258336 44 
51 I 44270262 101 
52 I 44550121 44 
53 I 45552181 44 
54 I 46083868 89 
55 I 46866712 101 
56 I 47050006 56 
57 I 47666230 88 
58 I 47777055 56 
59 I 48319156 88 
60 I 50548220 101 
61 I 50865341 101 
62 I 51897664 101 
63 I 52023892 56 
64 I 52154705 98 
65 I 55276702 44 
66 I 55800659 102 
67 I 58005935 44 
68 I 58211050 44 
69 I 59761805 101 
70 I 59925462 56 
71 I 60865978 44 
72 I 60925760 101 
73 I 61990445 96 
74 I 62366357 96 
75 I 62803391 101 
76 I 63517565 88 
77 I 64112481 92 
78 I 64293708 56 
79 I 64300580 101 
80 I 65369815 101 
81 I 65500699 56 
82 I 65667047 44 
83 I 66328714 101 
84 I 67586092 101 
85 I 69274245 101 
86 I 69460801 56 
87 I 70632385 101 
88 I 70888330 56 
89 I 70903181 101 
90 I 71772805 101 
91 I 72594805 152 
92 I 73235773 101 
93 I 73540935 44 
94 I 73742582 44 
95 I 73967412 44 
96 I 75190614 44 
97 I 75365053 101 
98 I 75537118 44 
99 I 75855630 158 
100 I 76100048 88 
101 I 76344074 80 
102 I 76698747 44 
103 I 76877763 101 
104 I 77877642 101 
105 I 78954088 244 
106 I 79390424 44 
107 I 79484728 44 
108 I 81052975 97 
109 I 81490396 101 
110 I 81956196 44 
111 I 82176144 44 
112 I 82797419 88 
113 I 85136173 44 
114 I 85462928 44 
115 I 87337822 101 
116 I 88245893 215 
117 I 88575615 100 
118 I 90877090 101 
119 I 91023194 56 
120 I 91238734 101 
121 I 91405721 56 
122 I 92485718 101 
123 I 92878420 96 
124 I 93353772 173 
125 I 94062870 101 
126 I 94553145 101 
127 I 94857475 101 
128 I 95836300 44 
129 I 97093265 98 
130 I 97351865 135 
131 I 98391930 101 
132 I 98730930 88 
133 I 100776233 44 
134 I 100983073 44 
135 I 101587368 101 
136 I 101851904 44 
137 I 105242952 44 
138 I 105750404 1504 
139 I 105759241 1504 
140 I 105768085 1504 
141 I 105776921 1504 
142 I 106092181 56 
143 I 106101793 1504 
144 I 106110636 1504 
145 I 106119481 1504 
146 I 106165320 1504 
147 I 106240954 1504 
148 I 106288649 1504 
149 I 106334592 1504 
150 I 106390277 1504 
151 I 106438424 1504 
152 I 106501325 1504 
153 I 106545028 1504 
154 I 106603122 1504 
155 I 106648822 1504 
156 I 106685136 1255 
157 I 106758701 101 
158 I 107436896 44 
159 I 107674598 44 
160 I 107853915 98 
161 I 107971132 44 
162 I 108156226 88 
163 I 109191019 44 
164 I 109415874 44 
165 I 111704941 44 
166 I 111932574 44 
167 I 112799419 101 
168 I 113014352 44 
169 I 113465613 84 
170 I 113769188 97 
171 I 115538247 44 
172 I 117075033 44 
173 I 117550693 101 
174 I 117903447 101 
175 I 118049313 56 
176 I 118221500 101 
177 I 119508267 101 
178 I 119701349 44 
179 I 120244972 44 
180 I 120896481 44 
181 I 121349287 101 
182 I 123339010 266 
183 I 123566791 88 
184 I 124404562 145 
185 I 126250798 88 
186 I 127183132 101 
187 I 127479911 44 
188 I 127666602 44 
189 I 127885147 44 
190 I 129120375 101 
191 I 130250898 101 
192 I 130381854 56 
193 I 130564870 56 
194 I 130739630 44 
195 I 131773615 101 
196 I 132289443 95 
197 I 132565930 44 
198 I 132888057 101 
199 I 133014371 44 
200 I 134902928 44 
201 I 135111135 101 
202 I 136176970 101 
203 I 136328468 56 
204 I 136641462 44 
205 I 137919432 97 
206 I 138878302 101 
207 I 139030761 56 
208 I 140251008 44 
209 I 140463056 101 
210 I 140890353 101 
211 I 142463664 44 
212 I 142772466 44 
213 I 142809938 88 
214 I 143474785 101 
215 I 144028539 101 
216 I 144280927 101 
217 I 145138951 98 
218 I 145280607 56 
219 I 145432048 101 
220 I 145612983 44 
221 I 146785452 86 
222 I 146931390 56 
223 I 147065943 56 
224 I 147160243 44 
225 I 147337516 101 
226 I 147930512 101 
227 I 148732338 88 
228 I 149172712 95 
229 I 149369697 56 
230 I 149488319 101 
231 I 150524769 44 
232 I 150745031 44 
233 I 152430378 102 
234 I 152583450 56 
235 I 154170625 88 
236 I 154388504 101 
237 I 154713800 89 
238 I 155602087 194 
239 I 155964938 56 
240 I 155971042 101 
241 I 156448043 98 
242 I 156557328 44 
243 I 158291977 95 
244 I 160040409 44 
245 I 160276591 44 
246 I 161724774 101 
247 I 162820472 102 
248 I 163036721 158 
249 I 163379486 101 
250 I 163712087 101 
251 I 164851335 101 
252 I 165744352 44 
253 I 167704702 44 
254 I 168297179 88 
255 I 168398047 56 
256 I 168582163 94 
257 I 168967096 148 
258 I 169560786 44 
259 I 169689502 44 
260 I 171529938 44 
261 I 171747769 44 
262 I 175126641 92 
263 I 175236353 44 
264 I 175362881 44 
265 I 176237515 95 
266 I 176408192 56 
267 I 176493190 56 
268 I 176552333 44 
269 I 176908599 93 
270 I 178433447 44 
271 I 179825670 95 
272 I 180034095 56 
273 I 180331612 90 
274 I 180700712 95 
275 I 180938663 44 
276 I 183279705 101 
277 I 183629190 88 
278 I 184052872 101 
279 I 184407960 101 
280 I 190004016 101 
281 I 190242904 88 
282 I 190925614 85 
283 I 191054583 101 
284 I 191442197 101 
285 I 193112775 101 
286 I 193275074 56 
287 I 193412258 158 
288 I 193597789 56 
289 I 195281906 272 
290 I 195896074 189 
291 I 196392634 101 
292 I 196922732 158 
293 I 198603745 101 
294 I 199214558 44 
295 I 200742618 101 
296 I 200905673 56 
297 I 202771976 101 
298 I 202917213 88 
299 I 203476142 101 
300 I 203783627 98 
301 I 204097884 101 
302 I 206857459 44 
303 I 207710969 89 
304 I 207962470 44 
305 I 208233026 101 
306 I 209896819 95 
307 I 210271054 101 
308 I 211888978 44 
309 I 212484353 101 
310 I 212960014 101 
311 I 214967784 101 
312 I 216197881 78 
313 I 216284129 56 
314 I 216458552 101 
315 I 216580433 56 
316 I 216667250 56 
317 I 216724726 44 
318 I 218353958 88 
319 I 218421809 56 
320 I 220191415 86 
321 I 220318798 56 
322 I 222730798 95 
323 I 222935859 44 
324 I 223149612 44 
325 I 225106389 44 
326 I 225453723 44 
327 I 225677344 44 
328 I 225888352 44 
329 I 226976869 44 
330 I 227181851 88 
331 I 227375532 44 
332 I 228268612 88 
333 I 228964751 44 
334 I 229221665 101 
335 I 230834188 44 
336 I 233710527 101 
337 I 234530285 101 
338 I 235177963 101 
339 I 235657733 101 
340 I 235776716 56 
341 I 236428403 91 
342 I 236802871 101 
343 I 236935311 44 
344 I 237851074 88 
345 I 237915496 56 
346 I 238678664 101 
347 I 238833809 56 
348 I 239836559 81 
349 I 240027669 56 
350 I 240681863 101 
351 I 241605002 109 
352 I 241771610 148 
353 I 243461788 87 
354 I 243709480 88 
355 I 244065439 101 
356 I 245462327 88 
357 I 246015235 101 
358 I 246169708 44 
359 I 247799253 101 
360 I 249243047 88 
361 I 249514455 44 
362 I 250980810 95 
363 I 251246414 101 
364 I 251923376 44 
365 I 252546890 88 
366 I 253717486 88 
367 I 253908517 44 
368 I 254235449 94 
369 I 254617205 101 
370 I 254753848 56 
371 I 256485985 101 
372 I 258692757 101 
373 I 259043208 101 
374 I 259419526 92 
375 I 261769966 101 
376 I 261964212 56 
377 I 261970323 94 
378 I 262158207 56 
379 I 262363000 101 
380 I 262374906 56 
381 I 262825414 88 
382 I 262973567 44 
383 I 263172277 101 
384 I 263591116 101 
385 I 264303371 158 
386 I 264729837 44 
387 I 264930735 44 
388 I 265166364 44 
389 I 267124947 44 
390 I 267839011 101 
391 I 269421646 44 
392 I 269633378 44 
393 I 269857721 44 
394 I 270341984 101 
395 I 270523013 44 
396 I 270810782 101 
397 I 270952934 101 
398 I 271298647 88 
399 I 274040707 97 
400 I 274547983 101 
401 I 274781998 101 
402 I 275515295 101 
403 I 275758654 44 
404 I 276089835 44 
405 I 276771880 88 
406 I 278729587 44 
407 I 279051244 44 
408 I 279383678 101 
409 I 279788559 150 
410 I 280750286 101 
411 I 281041998 101 
412 I 282229941 44 
413 I 288210620 88 
414 I 288463416 44 
415 I 291617493 44 
416 I 294461396 101 
417 I 294699679 56 
418 I 294705868 101 
419 I 294951280 56 
420 I 294957552 101 
421 I 295452980 44 
422 I 297238026 93 
423 I 297660592 101 
424 I 297929585 88 
425 I 298238566 101 
