0 I 0 95 
1 I 602532 212 
2 I 952277 44 
3 I 972022 82 
4 I 2389996 114 
5 I 3712165 147 
6 I 4045556 156 
7 I 4987358 101 
8 I 5419330 90 
9 I 5603386 101 
10 I 5783195 101 
11 I 6099881 44 
12 I 6230236 44 
13 I 6606549 88 
14 I 7119604 101 
15 I 8777908 89 
16 I 9004445 44 
17 I 9298634 44 
18 I 10754486 101 
19 I 11138788 101 
20 I 11552372 101 
21 I 12516637 101 
22 I 12800066 44 
23 I 13431476 101 
24 I 13598484 101 
25 I 13861124 87 
26 I 14383514 101 
27 I 14786409 162 
28 I 16054008 101 
29 I 16631862 146 
30 I 17181886 101 
31 I 19101901 101 
32 I 19344233 44 
33 I 19586464 158 
34 I 19729681 44 
35 I 19857336 44 
36 I 19934040 56 
37 I 20042938 56 
38 I 20241897 44 
39 I 20729747 94 
40 I 21021363 56 
41 I 21177216 82 
42 I 21320198 56 
43 I 21546392 56 
44 I 21739627 44 
45 I 21815703 44 
46 I 21977606 44 
47 I 22257992 44 
48 I 22497210 56 
49 I 22792029 88 
50 I 22937331 56 
51 I 23155686 56 
52 I 23225731 44 
53 I 23560365 95 
54 I 23661426 44 
55 I 23819329 44 
56 I 23980699 158 
57 I 24289229 44 
58 I 25887189 44 
59 I 26333295 101 
60 I 26509353 44 
61 I 27343489 101 
62 I 27528213 44 
63 I 28410945 115 
64 I 28996360 101 
65 I 30698245 94 
66 I 31704260 93 
67 I 33564736 102 
68 I 34156356 101 
69 I 34240961 44 
70 I 35413874 105 
71 I 35760031 56 
72 I 35766941 101 
73 I 36289016 101 
74 I 36821425 101 
75 I 37109221 56 
76 I 37854692 101 
77 I 38033122 44 
78 I 38465437 78 
79 I 38907179 44 
80 I 38995431 158 
81 I 39379329 44 
82 I 39680959 93 
83 I 40276283 94 
84 I 40653407 56 
85 I 40660508 103 
86 I 41329026 88 
87 I 41577551 44 
88 I 42420548 85 
89 I 42978340 44 
90 I 44322648 101 
91 I 44562115 56 
92 I 45491271 44 
93 I 46111471 101 
94 I 47423208 89 
95 I 47994180 94 
96 I 49037361 44 
97 I 49214532 44 
98 I 49456976 101 
99 I 50030569 124 
100 I 50585358 101 
101 I 51042002 101 
102 I 51586904 101 
103 I 53847787 44 
104 I 55582048 44 
105 I 55964745 101 
106 I 56560555 158 
107 I 56996342 100 
108 I 57518951 101 
109 I 57994858 101 
110 I 58471646 101 
111 I 58640208 44 
112 I 58918025 101 
113 I 58989506 88 
114 I 59181068 88 
115 I 59434031 44 
116 I 59611918 158 
117 I 60131612 150 
118 I 61411716 101 
119 I 62117308 97 
120 I 62664991 89 
121 I 63093244 44 
122 I 63477893 101 
123 I 63646964 80 
124 I 64417750 92 
125 I 64626828 101 
126 I 65001836 44 
127 I 65500376 44 
128 I 65966779 94 
129 I 66515479 101 
130 I 66990046 101 
131 I 67459153 101 
132 I 67825344 44 
133 I 68121555 44 
134 I 68641130 101 
135 I 69274050 101 
136 I 69762900 139 
137 I 71378099 102 
138 I 71877069 101 
139 I 72686398 97 
140 I 73469140 154 
141 I 73688795 56 
142 I 74224732 101 
143 I 74394834 44 
144 I 74791115 94 
145 I 75414147 44 
146 I 75439756 145 
147 I 75798264 241 
148 I 76544989 85 
149 I 76835895 101 
150 I 78450397 101 
151 I 79088611 44 
152 I 79313275 77 
153 I 79781395 44 
154 I 80020830 101 
155 I 80339885 44 
156 I 80976940 101 
157 I 81421393 101 
158 I 81755531 44 
159 I 84706198 101 
160 I 85045746 56 
161 I 85304183 101 
162 I 85503551 44 
163 I 85870640 97 
164 I 86268269 44 
165 I 86451697 101 
166 I 87115337 101 
167 I 87799946 92 
168 I 88159073 56 
169 I 88376377 66 
170 I 88595922 56 
171 I 88605389 87 
172 I 89100749 44 
173 I 89249611 101 
174 I 89436804 101 
175 I 89768499 101 
176 I 90256653 44 
177 I 91308811 44 
178 I 92172277 44 
179 I 92671677 44 
180 I 93079683 101 
181 I 93633404 89 
182 I 95957172 88 
183 I 96532956 101 
184 I 97134766 158 
185 I 97522208 56 
186 I 97761568 44 
187 I 98694755 100 
188 I 100527149 98 
189 I 100784836 44 
190 I 102238715 92 
191 I 103203404 101 
192 I 103418075 44 
193 I 103855589 96 
194 I 104654129 101 
195 I 105157590 83 
196 I 106478967 210 
197 I 106983322 101 
198 I 108924429 101 
199 I 109524310 139 
200 I 110147664 193 
201 I 110573859 56 
202 I 110618123 44 
203 I 111579810 101 
204 I 112638609 101 
205 I 113253396 92 
206 I 113955334 101 
207 I 115931789 101 
208 I 116488486 44 
209 I 116533270 158 
210 I 117005502 82 
211 I 117636682 158 
212 I 118180020 149 
213 I 118431757 44 
214 I 118769945 97 
215 I 118931587 44 
216 I 119247048 97 
217 I 119690860 44 
218 I 119986983 91 
219 I 120340195 44 
220 I 120609262 97 
221 I 121641922 93 
222 I 122127907 74 
223 I 122449157 44 
224 I 122604403 101 
225 I 123532605 96 
226 I 124000317 101 
227 I 124446416 44 
228 I 124674861 101 
229 I 125491977 101 
230 I 126101823 85 
231 I 126607823 56 
232 I 126615306 164 
233 I 127177475 44 
234 I 127230247 147 
235 I 127854376 101 
236 I 128573951 99 
237 I 128973715 101 
238 I 129538919 100 
239 I 130623149 101 
240 I 131494421 44 
241 I 131965512 44 
242 I 132292333 44 
243 I 132876305 101 
244 I 133151204 101 
245 I 135350293 94 
246 I 135933457 44 
247 I 136441307 101 
248 I 138146944 82 
249 I 138513508 56 
250 I 138519963 96 
251 I 139093683 101 
252 I 139487173 44 
253 I 139818222 147 
254 I 139991333 100 
255 I 140554246 156 
256 I 141982768 101 
257 I 143941444 87 
258 I 144140488 100 
259 I 144506409 101 
260 I 145007281 101 
261 I 145444857 44 
262 I 145965650 44 
263 I 146241968 93 
264 I 146813174 101 
265 I 147340706 94 
266 I 148160710 101 
267 I 148584740 56 
268 I 150525628 254 
269 I 150985476 101 
270 I 151306800 44 
271 I 151715677 44 
272 I 152008881 105 
273 I 153108668 101 
274 I 153852397 88 
275 I 154118982 44 
276 I 154465642 88 
277 I 155470059 94 
278 I 155678191 101 
279 I 156084472 101 
280 I 156708757 101 
281 I 158463277 101 
282 I 159345565 101 
283 I 159935422 91 
284 I 160491274 94 
285 I 161311794 101 
286 I 161604841 56 
287 I 162043848 56 
288 I 162521628 73 
289 I 162533058 44 
290 I 165576333 154 
291 I 167158990 96 
292 I 167561532 44 
293 I 168087502 44 
294 I 170984610 420 
295 I 171551021 101 
296 I 171964087 101 
297 I 173238764 86 
298 I 173665740 44 
299 I 174282069 93 
300 I 174599631 56 
301 I 175813648 44 
302 I 176061201 93 
303 I 176511271 44 
304 I 176956704 101 
305 I 178742720 262 
306 I 180414178 44 
307 I 180781137 44 
308 I 181200909 311 
309 I 182726609 87 
310 I 183306493 101 
311 I 183788658 158 
312 I 184558837 215 
313 I 185379711 101 
314 I 185672877 44 
315 I 186909618 158 
316 I 187303171 101 
317 I 189929986 101 
318 I 190257689 101 
319 I 190461093 101 
320 I 190609160 101 
321 I 190899720 44 
322 I 191136619 44 
323 I 191423835 101 
324 I 192967628 101 
325 I 193303512 56 
326 I 193446721 100 
327 I 193686649 44 
328 I 193980153 44 
329 I 195157928 101 
330 I 195344615 44 
331 I 197100189 369 
332 I 197917406 89 
333 I 198177691 44 
334 I 198471973 146 
335 I 198594010 44 
336 I 199203602 44 
337 I 199752395 101 
338 I 200211488 86 
339 I 200972391 144 
340 I 201430071 56 
341 I 201842752 86 
342 I 202043550 44 
343 I 202479185 44 
344 I 203034961 101 
345 I 203475693 56 
346 I 203484461 147 
347 I 204057723 44 
348 I 205022458 44 
349 I 205199344 101 
350 I 205457290 44 
351 I 205631739 44 
352 I 205842440 101 
353 I 207143797 101 
354 I 207644723 56 
355 I 207650859 99 
356 I 207803805 44 
357 I 208032419 44 
358 I 209963054 101 
359 I 210245211 44 
360 I 211134980 44 
361 I 214403014 320 
362 I 214710971 95 
363 I 215519700 134 
364 I 216277651 101 
365 I 216458364 44 
366 I 216723129 95 
367 I 216808614 44 
368 I 217914890 101 
369 I 218245425 44 
370 I 219185330 74 
371 I 219653521 64 
372 I 221226986 124 
373 I 221770404 101 
374 I 224008864 44 
375 I 224426333 148 
376 I 225367040 101 
377 I 226062710 101 
378 I 226719005 101 
379 I 227176973 44 
380 I 227439625 101 
381 I 227972859 44 
382 I 228106685 44 
383 I 228283897 101 
384 I 228432252 44 
385 I 229558393 44 
386 I 229737428 101 
387 I 230546875 158 
388 I 231481571 44 
389 I 231722365 99 
390 I 232556662 139 
391 I 233025878 88 
392 I 234813913 101 
393 I 235284180 101 
394 I 235955731 101 
395 I 236296190 44 
396 I 236605235 44 
397 I 236983227 98 
398 I 237259894 44 
399 I 237729843 44 
400 I 238095445 101 
401 I 239120352 215 
402 I 239547794 74 
403 I 240144205 100 
404 I 241350785 101 
405 I 242334154 253 
406 I 242622723 56 
407 I 243027351 44 
408 I 244492736 88 
409 I 244792313 82 
410 I 245175103 44 
411 I 245975465 44 
412 I 247233791 101 
413 I 247785455 44 
414 I 248797664 101 
415 I 249149128 89 
416 I 249276011 94 
417 I 250640714 101 
418 I 250947516 44 
419 I 251134804 99 
420 I 251902864 218 
421 I 253113818 44 
422 I 256868507 365 
423 I 257134551 101 
424 I 257582056 94 
425 I 258393729 101 
426 I 259061434 87 
427 I 259728267 90 
428 I 260258801 101 
429 I 260982818 44 
430 I 261247664 44 
431 I 262277956 161 
432 I 262993413 158 
433 I 265221964 44 
434 I 265290371 215 
435 I 265619120 149 
436 I 267116023 158 
437 I 267595127 44 
438 I 268058239 44 
439 I 268915682 101 
440 I 269006256 203 
441 I 269376394 44 
442 I 269424712 98 
443 I 269880035 72 
444 I 270189427 101 
445 I 270610304 207 
446 I 271141083 101 
447 I 271758500 158 
448 I 272492924 158 
449 I 272769400 44 
450 I 272907318 44 
451 I 273110270 44 
452 I 273685476 81 
453 I 275565454 264 
454 I 275724928 90 
455 I 278034720 101 
456 I 278077704 101 
457 I 278504146 104 
458 I 279252481 92 
459 I 279807143 95 
460 I 280192968 101 
461 I 281133728 44 
462 I 281294983 98 
463 I 281626018 98 
464 I 281925534 254 
465 I 282123145 44 
466 I 283497939 101 
467 I 283959807 101 
468 I 284956432 101 
469 I 285365266 159 
470 I 285996729 101 
471 I 287558732 44 
472 I 290658448 215 
473 I 292252434 145 
474 I 292776821 101 
475 I 293185032 101 
476 I 293553507 98 
477 I 294434132 98 
478 I 295112490 101 
479 I 295363723 56 
480 I 296188427 89 
481 I 296422291 44 
482 I 296758662 99 
483 I 298134821 101 
484 I 298806518 215 
