0 I 0 44 
1 I 393155 44 
2 I 2907678 44 
3 I 3196577 44 
4 I 12401473 44 
5 I 15293517 44 
6 I 15900644 44 
7 I 18394727 44 
8 I 19495444 44 
9 I 20301059 44 
10 I 21695783 44 
11 I 23495960 44 
12 I 23896375 44 
13 I 25094444 44 
14 I 25293352 44 
15 I 29395854 44 
16 I 34096591 44 
17 I 35397695 44 
18 I 37704692 44 
19 I 38797799 44 
20 I 39205567 44 
21 I 49507358 44 
22 I 50404902 44 
23 I 51900625 44 
24 I 52312408 44 
25 I 55797829 44 
26 I 58204795 44 
27 I 64500210 44 
28 I 67313040 44 
29 I 67698543 44 
30 I 71505967 44 
31 I 77298941 44 
32 I 77600823 44 
33 I 78601746 44 
34 I 78800609 44 
35 I 86299964 44 
36 I 89198422 44 
37 I 104003732 44 
38 I 109115155 44 
39 I 115806861 44 
40 I 118308858 44 
41 I 119511701 44 
42 I 129518954 44 
43 I 136327685 44 
44 I 136714035 44 
45 I 139117240 44 
46 I 139419441 44 
47 I 141225307 44 
48 I 144024980 44 
49 I 144531647 44 
50 I 145529949 44 
51 I 145925124 44 
52 I 146227556 44 
53 I 147225884 44 
54 I 149423982 44 
55 I 156322994 44 
56 I 158924105 44 
57 I 161623264 44 
58 I 163222607 44 
59 I 176024695 44 
60 I 187227361 44 
61 I 191818839 44 
62 I 194219699 44 
63 I 206522036 44 
64 I 207521294 44 
65 I 213720506 44 
66 I 214619235 44 
67 I 218228020 44 
68 I 219934111 44 
69 I 226329953 44 
70 I 226928844 44 
71 I 230922845 44 
72 I 243133650 44 
73 I 243530409 44 
74 I 245629747 44 
75 I 252829646 44 
76 I 256127907 44 
77 I 257634876 44 
78 I 258027893 44 
79 I 258430728 44 
80 I 259743323 44 
81 I 263635900 44 
82 I 265034052 44 
83 I 265431026 44 
84 I 270128459 44 
85 I 270927242 44 
86 I 274328130 44 
87 I 276529416 44 
88 I 277027107 44 
89 I 279134261 44 
90 I 288727389 44 
91 I 294027926 44 
92 I 296140458 44 
93 I 296527651 44 
