0 I 0 44 
1 I 900152 44 
2 I 2000657 44 
3 I 4447478 44 
4 I 4824632 44 
5 I 5141833 44 
6 I 5739533 44 
7 I 6298220 44 
8 I 6779002 44 
9 I 7029938 44 
10 I 7909687 44 
11 I 7915640 44 
12 I 8889666 44 
13 I 9118340 44 
14 I 9943870 56 
15 I 11902023 44 
16 I 12424821 44 
17 I 13459550 44 
18 I 16140525 44 
19 I 17269113 44 
20 I 18357917 44 
21 I 19047322 44 
22 I 19669873 44 
23 I 19849746 44 
24 I 20434696 44 
25 I 20549109 44 
26 I 21220624 44 
27 I 21281727 44 
28 I 21919507 44 
29 I 21958339 44 
30 I 22517809 44 
31 I 22638031 44 
32 I 22829818 44 
33 I 23321244 56 
34 I 23368188 56 
35 I 23566354 56 
36 I 23762552 56 
37 I 24148225 44 
38 I 26789451 44 
39 I 27641323 44 
40 I 28508587 44 
41 I 32567369 44 
42 I 33568288 44 
43 I 34407542 44 
44 I 34447114 56 
45 I 35336150 44 
46 I 35345601 56 
47 I 36289929 44 
48 I 37127154 44 
49 I 37930973 44 
50 I 43013616 44 
51 I 44067612 44 
52 I 44516393 44 
53 I 45428893 44 
54 I 47986287 44 
55 I 48956176 44 
56 I 49836990 44 
57 I 50536190 44 
58 I 50919948 44 
59 I 53686228 44 
60 I 54448391 44 
61 I 59167123 44 
62 I 59874238 44 
63 I 60646963 44 
64 I 61427507 44 
65 I 62137537 44 
66 I 62369642 44 
67 I 62902115 44 
68 I 63330836 44 
69 I 63728308 44 
70 I 63826912 44 
71 I 64212535 44 
72 I 64533422 56 
73 I 65030012 56 
74 I 65740605 44 
75 I 66441094 56 
76 I 67162402 56 
77 I 67971140 44 
78 I 67978241 44 
79 I 68465875 44 
80 I 68696938 44 
81 I 69157012 44 
82 I 69609484 44 
83 I 69756830 44 
84 I 70068278 44 
85 I 70368415 44 
86 I 70722578 44 
87 I 70990896 44 
88 I 71042833 44 
89 I 71532518 44 
90 I 71585725 44 
91 I 72523294 44 
92 I 72672139 44 
93 I 73761164 56 
94 I 74911626 56 
95 I 75739357 56 
96 I 75745293 44 
97 I 76089516 44 
98 I 76206681 44 
99 I 76289090 44 
100 I 76553237 44 
101 I 77184777 44 
102 I 77326209 44 
103 I 78231482 56 
104 I 96016676 44 
105 I 96507818 52 
106 I 97096075 44 
107 I 97187998 443 
108 I 98028394 44 
109 I 98945693 44 
110 I 99502776 44 
111 I 99570480 56 
112 I 99584230 56 
113 I 100736070 56 
114 I 100866918 44 
115 I 101459199 44 
116 I 105186713 44 
117 I 105724455 44 
118 I 106685246 44 
119 I 107319889 44 
120 I 129475672 44 
121 I 130014432 44 
122 I 130604506 44 
123 I 131181244 44 
124 I 131541038 44 
125 I 131765542 44 
126 I 131874977 44 
127 I 132247602 44 
128 I 132289921 44 
129 I 132605304 44 
130 I 132938035 56 
131 I 132963799 56 
132 I 133355387 56 
133 I 133779368 56 
134 I 134187461 56 
135 I 134965677 44 
136 I 135635580 44 
137 I 136508897 44 
138 I 137103166 44 
139 I 137534663 44 
140 I 137724546 44 
141 I 138194900 44 
142 I 138614069 44 
143 I 139396007 44 
144 I 139705633 44 
145 I 140194351 56 
146 I 140202866 56 
147 I 140546974 56 
148 I 141050180 64 
149 I 142245942 56 
150 I 152193711 44 
151 I 153223223 56 
152 I 157473079 44 
153 I 164843851 44 
154 I 165251601 44 
155 I 165913884 44 
156 I 166592745 44 
157 I 167360000 44 
158 I 167946788 56 
159 I 168093080 56 
160 I 168870256 56 
161 I 169361579 56 
162 I 169368747 56 
163 I 169624515 44 
164 I 169807471 44 
165 I 170187301 44 
166 I 170284956 44 
167 I 170450137 56 
168 I 171169604 56 
169 I 171439351 56 
170 I 173212854 44 
171 I 173603739 44 
172 I 174376990 44 
173 I 174465448 44 
174 I 174945413 44 
175 I 175433113 44 
176 I 175532490 44 
177 I 175722749 44 
178 I 176341007 44 
179 I 176432386 44 
180 I 176540203 44 
181 I 176548176 44 
182 I 177079542 44 
183 I 177604468 44 
184 I 177898984 44 
185 I 178031247 44 
186 I 178537107 44 
187 I 178543113 44 
188 I 178872036 44 
189 I 179059307 44 
190 I 179160791 56 
191 I 179192115 56 
192 I 179211154 56 
193 I 180026667 56 
194 I 180221254 56 
195 I 180330892 56 
196 I 180432812 44 
197 I 180676427 64 
198 I 181354184 44 
199 I 184439214 44 
200 I 185533723 44 
201 I 186163009 44 
202 I 186692521 56 
203 I 186937678 44 
204 I 187445307 44 
205 I 187482415 44 
206 I 187500267 44 
207 I 187793842 44 
208 I 187852066 44 
209 I 188755986 44 
210 I 188764700 56 
211 I 188771167 56 
212 I 188779037 56 
213 I 189858954 44 
214 I 189865838 56 
215 I 189871699 44 
216 I 189903683 44 
217 I 190925073 44 
218 I 191925202 44 
219 I 192722025 44 
220 I 193263270 44 
221 I 193841840 44 
222 I 194042586 44 
223 I 194513676 44 
224 I 194712162 44 
225 I 194736193 44 
226 I 195234365 44 
227 I 195244237 44 
228 I 195256252 44 
229 I 195383003 44 
230 I 195672057 44 
231 I 195694182 44 
232 I 195714986 44 
233 I 195756534 44 
234 I 195958434 44 
235 I 195990883 44 
236 I 196144242 44 
237 I 196340037 56 
238 I 196378944 56 
239 I 196385427 56 
240 I 196648268 56 
241 I 196660577 56 
242 I 196716888 64 
243 I 196774820 44 
244 I 197288271 56 
245 I 197295128 56 
246 I 197301057 44 
247 I 197815559 44 
248 I 198531784 44 
249 I 199278315 44 
250 I 199768582 44 
251 I 201048811 44 
252 I 201571450 44 
253 I 202161157 44 
254 I 202694535 56 
255 I 203003368 56 
256 I 203705659 44 
257 I 204107866 44 
258 I 204632737 56 
259 I 205023025 44 
260 I 205401703 44 
261 I 205724682 44 
262 I 206227795 44 
263 I 206234086 44 
264 I 206794952 44 
265 I 206803575 44 
266 I 208425504 44 
267 I 209000429 44 
268 I 209006322 44 
269 I 209321092 44 
270 I 209328039 44 
271 I 209721631 44 
272 I 209733143 44 
273 I 210155512 56 
274 I 210622474 56 
275 I 210740666 56 
276 I 210948868 44 
277 I 211332549 44 
278 I 212151547 44 
279 I 212364103 44 
280 I 213013159 44 
281 I 213941924 44 
282 I 215060300 44 
283 I 215178120 44 
284 I 216321969 44 
285 I 216885966 44 
286 I 217232385 44 
287 I 217901641 44 
288 I 217911079 44 
289 I 218369827 44 
290 I 218383939 56 
291 I 218723612 44 
292 I 218731250 56 
293 I 219140764 44 
294 I 219149213 44 
295 I 219894726 44 
296 I 219901729 44 
297 I 219907693 44 
298 I 220344975 44 
299 I 220649276 56 
300 I 220741169 56 
301 I 221662972 44 
302 I 222241569 44 
303 I 222247764 44 
304 I 224531934 44 
305 I 225310107 44 
306 I 225999928 44 
307 I 228642652 44 
308 I 229186834 44 
309 I 229711165 44 
310 I 230145974 44 
311 I 230539429 44 
312 I 230991624 44 
313 I 231048600 44 
314 I 231641740 44 
315 I 231694316 44 
316 I 231886503 44 
317 I 232237775 44 
318 I 232262026 44 
319 I 232476082 44 
320 I 232544454 44 
321 I 233003436 44 
322 I 233194174 44 
323 I 233203227 44 
324 I 233723943 56 
325 I 233732200 56 
326 I 233828423 44 
327 I 234207045 56 
328 I 235714565 56 
329 I 236287645 44 
330 I 239887501 44 
331 I 240396088 44 
332 I 248369068 44 
333 I 256790674 44 
334 I 257707707 44 
335 I 258684993 44 
336 I 259333451 44 
337 I 260254041 44 
338 I 260520845 44 
339 I 261292295 44 
340 I 261894804 44 
341 I 262330262 44 
342 I 262912684 44 
343 I 263364249 44 
344 I 263763837 56 
345 I 264089910 56 
346 I 264097952 56 
347 I 264659164 56 
348 I 265106205 44 
349 I 265362689 44 
350 I 268098748 44 
351 I 268810146 44 
352 I 269988853 44 
353 I 270830295 44 
354 I 271930566 44 
355 I 272549622 56 
356 I 272833780 64 
357 I 273538018 56 
358 I 273547496 44 
359 I 274340454 44 
360 I 276730451 44 
361 I 277425601 44 
362 I 277654520 44 
363 I 280271485 44 
364 I 280958601 44 
365 I 282060072 44 
366 I 284668496 44 
367 I 285521053 44 
368 I 286389332 44 
369 I 287420169 44 
370 I 288611070 44 
371 I 289631124 44 
372 I 290612327 44 
373 I 290901616 44 
374 I 291187248 44 
375 I 291457940 44 
376 I 291878959 44 
377 I 292043178 44 
378 I 292609930 44 
379 I 292831599 44 
380 I 292840015 44 
381 I 293438985 44 
382 I 293542940 44 
383 I 293580241 44 
384 I 294064982 44 
385 I 296462961 44 
386 I 297145250 44 
