0 I 0 44 
1 I 1429345 44 
2 I 1720224 44 
3 I 2060053 86 
4 I 2563409 101 
5 I 2932449 99 
6 I 3717325 101 
7 I 4125262 101 
8 I 4464177 101 
9 I 4752738 91 
10 I 5084403 158 
11 I 5468854 143 
12 I 5766863 44 
13 I 5809778 101 
14 I 6293263 101 
15 I 8275740 101 
16 I 8740371 98 
17 I 9133458 92 
18 I 9668625 101 
19 I 10669127 44 
20 I 11763164 44 
21 I 12575104 44 
22 I 12898051 44 
23 I 13843312 101 
24 I 14280580 94 
25 I 14595742 44 
26 I 15302202 92 
27 I 15614825 44 
28 I 16900275 44 
29 I 17036261 95 
30 I 17898735 96 
31 I 18531747 101 
32 I 19124481 101 
33 I 19424123 44 
34 I 19803186 44 
35 I 20005545 44 
36 I 20732415 91 
37 I 21714017 94 
38 I 22093178 114 
39 I 22593603 158 
40 I 22948895 101 
41 I 23278923 101 
42 I 23591457 158 
43 I 23925182 101 
44 I 24254111 101 
45 I 24794389 87 
46 I 25109726 89 
47 I 26169074 101 
48 I 26514383 44 
49 I 26760083 44 
50 I 27712939 44 
51 I 27874222 96 
52 I 28266407 94 
53 I 28639008 158 
54 I 29060447 101 
55 I 30355709 97 
56 I 30805325 101 
57 I 31268513 44 
58 I 32391743 44 
59 I 32560486 88 
60 I 33561380 101 
61 I 33907303 44 
62 I 34142846 101 
63 I 34600905 44 
64 I 34637392 91 
65 I 34946158 44 
66 I 34988306 202 
67 I 35211774 44 
68 I 36086484 44 
69 I 36623857 95 
70 I 37060891 86 
71 I 38950300 102 
72 I 39403547 89 
73 I 39760809 99 
74 I 40826455 44 
75 I 41369424 44 
76 I 41753450 44 
77 I 41906929 105 
78 I 42376149 97 
79 I 42609790 101 
80 I 44342687 91 
81 I 45148539 101 
82 I 45554685 88 
83 I 46180535 44 
84 I 46693999 44 
85 I 47765990 44 
86 I 48456328 101 
87 I 48949347 101 
88 I 49206988 44 
89 I 49472683 104 
90 I 50343544 101 
91 I 50918765 94 
92 I 51186180 44 
93 I 51323482 101 
94 I 52018855 44 
95 I 52300735 44 
96 I 53152951 101 
97 I 53678433 101 
98 I 54433864 101 
99 I 54752948 44 
100 I 54946024 93 
101 I 55430332 101 
102 I 56125357 44 
103 I 56435934 44 
104 I 56488081 101 
105 I 57002814 101 
106 I 57380360 101 
107 I 57689018 101 
108 I 59021490 105 
109 I 59367457 101 
110 I 59975244 44 
111 I 60262766 44 
112 I 60502609 114 
113 I 62468277 101 
114 I 62768106 85 
115 I 63055692 44 
116 I 64305250 410 
117 I 64636999 101 
118 I 65178600 44 
119 I 65947784 102 
120 I 66838348 101 
121 I 67294958 101 
122 I 67607834 101 
123 I 68696090 44 
124 I 69013926 44 
125 I 69909899 44 
126 I 69916130 88 
127 I 70384430 101 
128 I 70822053 97 
129 I 72635554 101 
130 I 73222863 44 
131 I 73830282 101 
132 I 74476821 94 
133 I 76055383 44 
134 I 76475123 101 
135 I 76984709 101 
136 I 77632009 44 
137 I 78046831 44 
138 I 78792920 44 
139 I 79692849 44 
140 I 79943512 101 
141 I 80919289 44 
142 I 80991135 44 
143 I 81091886 44 
144 I 81725486 101 
145 I 82766304 91 
146 I 83128712 101 
147 I 83572322 101 
148 I 83832057 123 
149 I 84258572 96 
150 I 84687898 44 
151 I 85502150 44 
152 I 85817021 101 
153 I 86154339 101 
154 I 86508833 92 
155 I 87011252 44 
156 I 87140628 101 
157 I 88721942 72 
158 I 89179441 122 
159 I 89869652 97 
160 I 90783401 101 
161 I 91232911 114 
162 I 91633339 101 
163 I 91952088 97 
164 I 92327224 97 
165 I 93760188 44 
166 I 94070683 44 
167 I 94514124 101 
168 I 94937282 101 
169 I 95278086 44 
170 I 95400162 145 
171 I 95766012 44 
172 I 95806295 93 
173 I 96883257 101 
174 I 98623490 96 
175 I 99291982 44 
176 I 99769858 44 
177 I 100220342 101 
178 I 100634717 104 
179 I 101900394 44 
180 I 102495432 44 
181 I 104028022 104 
182 I 104593685 101 
183 I 105013659 101 
184 I 105265012 44 
185 I 105694760 101 
186 I 106115986 93 
187 I 107283946 85 
188 I 107705030 88 
189 I 108087531 101 
190 I 108244419 44 
191 I 108626953 44 
192 I 109096762 101 
193 I 111246594 44 
194 I 112040448 44 
195 I 112512958 105 
196 I 113011677 44 
197 I 113356383 101 
198 I 113812138 158 
199 I 114192808 101 
200 I 114467561 44 
201 I 114776642 44 
202 I 115081552 44 
203 I 117190467 92 
204 I 117656817 101 
205 I 117944955 101 
206 I 118699291 44 
207 I 118847492 96 
208 I 119077233 44 
209 I 119334070 88 
210 I 119743773 101 
211 I 120137823 101 
212 I 120537335 101 
213 I 120884237 101 
214 I 121264446 101 
215 I 123125778 44 
216 I 124047319 100 
217 I 124509911 44 
218 I 124588912 100 
219 I 124903379 44 
220 I 126121183 44 
221 I 126323472 44 
222 I 127329406 44 
223 I 127590511 101 
224 I 127955383 101 
225 I 128491601 44 
226 I 129255480 101 
227 I 129905659 161 
228 I 130461263 96 
229 I 131657971 44 
230 I 132675458 101 
231 I 133587594 44 
232 I 133727754 95 
233 I 134152241 86 
234 I 134925689 101 
235 I 135895585 139 
236 I 136711962 44 
237 I 137002898 44 
238 I 137893760 101 
239 I 138319285 44 
240 I 138602022 44 
241 I 139553307 101 
242 I 140083511 212 
243 I 140416003 90 
244 I 140887102 101 
245 I 141080093 101 
246 I 141238786 44 
247 I 141562102 123 
248 I 141961737 44 
249 I 143321211 101 
250 I 143679543 94 
251 I 143843985 101 
252 I 144652321 44 
253 I 144705493 72 
254 I 145148190 101 
255 I 146411855 100 
256 I 146961297 101 
257 I 147354108 101 
258 I 148716580 101 
259 I 150150250 101 
260 I 150507412 88 
261 I 151266773 44 
262 I 151574913 44 
263 I 151987818 44 
264 I 152311518 44 
265 I 152776208 44 
266 I 153528004 44 
267 I 153787034 44 
268 I 153895558 101 
269 I 154421529 101 
270 I 154800527 44 
271 I 155226438 44 
272 I 155360810 98 
273 I 155747154 88 
274 I 157407169 44 
275 I 159019746 89 
276 I 160027095 44 
277 I 161525881 44 
278 I 162476881 101 
279 I 165083300 44 
280 I 165088987 101 
281 I 165480333 72 
282 I 166329747 100 
283 I 166752833 148 
284 I 167232646 193 
285 I 167802276 143 
286 I 168168485 101 
287 I 169781749 44 
288 I 170138748 44 
289 I 170454964 99 
290 I 170757878 105 
291 I 171084077 44 
292 I 171352359 101 
293 I 171902646 44 
294 I 172574936 101 
295 I 172861549 44 
296 I 173107825 44 
297 I 174040525 88 
298 I 174502225 101 
299 I 174929092 101 
300 I 175806026 101 
301 I 176291130 44 
302 I 176546196 101 
303 I 177227195 101 
304 I 177725372 44 
305 I 177820747 97 
306 I 178137841 44 
307 I 179535900 101 
308 I 181023500 90 
309 I 181502966 99 
310 I 181828372 98 
311 I 182305562 101 
312 I 182931451 97 
313 I 183895984 101 
314 I 184174784 44 
315 I 184489507 44 
316 I 184773691 44 
317 I 185423029 91 
318 I 186504822 88 
319 I 187083677 86 
320 I 187515824 105 
321 I 188554832 123 
322 I 189039248 158 
323 I 189454084 101 
324 I 190447908 101 
325 I 190705116 44 
326 I 191088723 101 
327 I 191878891 92 
328 I 192727576 44 
329 I 193231705 44 
330 I 193291616 101 
331 I 194586369 89 
332 I 195932483 101 
333 I 197836418 268 
334 I 198257734 102 
335 I 200427189 101 
336 I 201114050 96 
337 I 201932229 101 
338 I 202763951 101 
339 I 203094114 89 
340 I 203446434 44 
341 I 203500528 101 
342 I 203796563 44 
343 I 203864388 104 
344 I 204960443 101 
345 I 205320929 95 
346 I 207490661 101 
347 I 207964700 215 
348 I 208451123 158 
349 I 208847473 101 
350 I 209275654 44 
351 I 209508404 101 
352 I 209975156 101 
353 I 210250999 44 
354 I 210364169 98 
355 I 210785895 101 
356 I 211624727 44 
357 I 212091011 101 
358 I 212570283 155 
359 I 212980312 91 
360 I 213173901 101 
361 I 213570941 44 
362 I 213812137 101 
363 I 214176414 44 
364 I 214538966 101 
365 I 214776407 44 
366 I 214850615 95 
367 I 215141528 88 
368 I 216520820 105 
369 I 217352350 44 
370 I 217442789 101 
371 I 218162842 44 
372 I 219662954 94 
373 I 220095139 101 
374 I 221101796 98 
375 I 221510235 44 
376 I 221664750 101 
377 I 222008132 44 
378 I 222090836 101 
379 I 223269440 101 
380 I 223884439 86 
381 I 224192545 44 
382 I 224391753 44 
383 I 224612845 101 
384 I 225025772 44 
385 I 225488063 94 
386 I 225985898 101 
387 I 228554332 44 
388 I 228633988 101 
389 I 229066537 136 
390 I 230359657 44 
391 I 230755019 44 
392 I 230851704 101 
393 I 231292889 101 
394 I 232390323 44 
395 I 232725858 44 
396 I 232905404 44 
397 I 232968601 44 
398 I 233159580 44 
399 I 233764653 44 
400 I 234109563 88 
401 I 234662270 101 
402 I 235227963 101 
403 I 235744195 157 
404 I 236294814 44 
405 I 237581952 44 
406 I 238798702 44 
407 I 239367920 101 
408 I 239846014 101 
409 I 240628548 142 
410 I 241388263 101 
411 I 241811257 44 
412 I 242214200 44 
413 I 242393335 101 
414 I 243100283 44 
415 I 243202123 101 
416 I 243733031 101 
417 I 244581617 101 
418 I 244941179 44 
419 I 245328492 101 
420 I 245810874 101 
421 I 246280660 91 
422 I 246777200 145 
423 I 247343569 101 
424 I 247776501 44 
425 I 248195785 101 
426 I 248941345 44 
427 I 249538149 44 
428 I 249810990 101 
429 I 251569317 44 
430 I 251943130 101 
431 I 252228716 44 
432 I 252566992 101 
433 I 252862612 44 
434 I 253158121 101 
435 I 253758622 94 
436 I 254532440 101 
437 I 255081201 101 
438 I 255496040 44 
439 I 257301446 44 
440 I 257684024 101 
441 I 258054550 101 
442 I 258532135 91 
443 I 259179230 101 
444 I 259623713 178 
445 I 260078643 105 
446 I 260309423 44 
447 I 261810687 44 
448 I 262241751 101 
449 I 262647230 101 
450 I 263644973 44 
451 I 264050098 101 
452 I 265071003 73 
453 I 265460900 101 
454 I 266020665 44 
455 I 266471082 44 
456 I 267542634 44 
457 I 268409142 44 
458 I 268476648 92 
459 I 268949976 212 
460 I 269878742 101 
461 I 270987483 44 
462 I 272435427 44 
463 I 272875147 44 
464 I 274463383 101 
465 I 275031041 145 
466 I 275316785 86 
467 I 275754450 145 
468 I 277307272 44 
469 I 277838671 85 
470 I 278200850 44 
471 I 278477951 98 
472 I 279061584 101 
473 I 279307665 44 
474 I 279948615 44 
475 I 280991710 101 
476 I 281562108 101 
477 I 282140763 44 
478 I 282316423 101 
479 I 284310525 44 
480 I 284515759 154 
481 I 284643438 44 
482 I 287132227 101 
483 I 290072656 156 
484 I 290084620 44 
485 I 290592602 44 
486 I 291107428 101 
487 I 291731634 101 
488 I 292694815 44 
489 I 292814097 105 
490 I 293615077 158 
491 I 293830423 44 
492 I 294118284 88 
493 I 295546593 86 
494 I 296017721 94 
495 I 296901733 101 
496 I 297218434 94 
497 I 298419277 158 
498 I 298808963 44 
499 I 298866727 101 
500 I 299329423 119 
