0 I 0 158 
1 I 290793 44 
2 I 1176936 179 
3 I 2079938 88 
4 I 2590549 155 
5 I 3377673 201 
6 I 4245829 44 
7 I 5156998 44 
8 I 5820395 157 
9 I 6211271 44 
10 I 7054162 93 
11 I 7189015 44 
12 I 8688847 275 
13 I 9217644 44 
14 I 9881513 101 
15 I 10718165 44 
16 I 11024097 90 
17 I 11269765 101 
18 I 12050932 101 
19 I 12764421 56 
20 I 13803316 87 
21 I 14099375 44 
22 I 14918866 84 
23 I 15712901 56 
24 I 16507185 56 
25 I 16834855 104 
26 I 17467363 44 
27 I 17745134 158 
28 I 18769267 44 
29 I 19616375 44 
30 I 20628783 101 
31 I 20847382 44 
32 I 21582355 101 
33 I 21884910 44 
34 I 22238321 159 
35 I 22758929 92 
36 I 23287766 44 
37 I 23494365 215 
38 I 23774086 101 
39 I 24376128 101 
40 I 24603365 101 
41 I 25317042 94 
42 I 25681477 44 
43 I 26113124 44 
44 I 27491280 101 
45 I 28291947 101 
46 I 29218174 44 
47 I 30231963 44 
48 I 31917506 101 
49 I 32899421 158 
50 I 33932578 101 
51 I 34104424 44 
52 I 34814736 101 
53 I 35781458 158 
54 I 36881302 202 
55 I 38036876 44 
56 I 38794406 101 
57 I 39023111 44 
58 I 39698696 145 
59 I 40812010 158 
60 I 41088988 151 
61 I 41939067 44 
62 I 42591160 88 
63 I 42884974 44 
64 I 43730422 92 
65 I 43992314 44 
66 I 44829694 44 
67 I 46518667 44 
68 I 47438526 44 
69 I 47760663 92 
70 I 48486689 101 
71 I 49469743 88 
72 I 49747606 44 
73 I 50512802 44 
74 I 50665652 44 
75 I 51365738 44 
76 I 52194864 44 
77 I 52628113 44 
78 I 53647770 101 
79 I 53736017 44 
80 I 55184120 44 
81 I 56141344 44 
82 I 56635865 100 
83 I 57182144 44 
84 I 58067283 101 
85 I 58992632 101 
86 I 59382730 44 
87 I 60015030 156 
88 I 60446858 44 
89 I 61042829 144 
90 I 61957095 44 
91 I 62073114 152 
92 I 63839194 44 
93 I 64880919 101 
94 I 65223234 101 
95 I 66736528 264 
96 I 66926066 44 
97 I 68007826 44 
98 I 68192704 101 
99 I 68908499 198 
100 I 69115223 44 
101 I 69842094 44 
102 I 70128820 97 
103 I 70638775 101 
104 I 70929800 78 
105 I 71672617 44 
106 I 72041581 148 
107 I 72785670 44 
108 I 73837771 101 
109 I 74077517 44 
110 I 74519573 155 
111 I 75593138 75 
112 I 76426337 44 
113 I 76823540 44 
114 I 77645170 101 
115 I 77929356 44 
116 I 81193547 44 
117 I 82315841 89 
118 I 83327920 44 
119 I 85292216 89 
120 I 86050837 44 
121 I 86243224 44 
122 I 86638256 98 
123 I 87338399 215 
124 I 88137670 44 
125 I 89007103 44 
126 I 89424012 98 
127 I 90204512 44 
128 I 91073240 44 
129 I 91895025 44 
130 I 92807622 44 
131 I 93791520 90 
132 I 94871366 44 
133 I 95081259 94 
134 I 95884671 98 
135 I 96849769 88 
136 I 97987242 150 
137 I 99781690 82 
138 I 100821740 44 
139 I 101687724 101 
140 I 101950871 44 
141 I 102143608 101 
142 I 102930089 151 
143 I 103670555 88 
144 I 104086439 101 
145 I 104789509 101 
146 I 105697471 101 
147 I 106670228 44 
148 I 107590520 101 
149 I 107766844 110 
150 I 109444955 44 
151 I 110423609 44 
152 I 111244670 44 
153 I 112194359 44 
154 I 112500308 158 
155 I 113469823 158 
156 I 114118228 196 
157 I 114456805 44 
158 I 115224885 101 
159 I 116422141 97 
160 I 117350177 248 
161 I 118363294 44 
162 I 119034244 44 
163 I 119342229 44 
164 I 120186014 44 
165 I 120856292 44 
166 I 121111749 101 
167 I 121371603 44 
168 I 123067373 44 
169 I 124029690 99 
170 I 124423797 44 
171 I 124851598 44 
172 I 125274523 110 
173 I 125745821 44 
174 I 125909551 101 
175 I 126219967 158 
176 I 127112043 44 
177 I 127148220 101 
178 I 127945180 44 
179 I 128725703 101 
180 I 128951212 44 
181 I 129176903 101 
182 I 129979514 205 
183 I 131514649 44 
184 I 132588896 44 
185 I 133612052 44 
186 I 133688186 88 
187 I 134882872 101 
188 I 136320926 44 
189 I 136912870 101 
190 I 137639431 44 
191 I 138512849 94 
192 I 138686340 44 
193 I 140411525 101 
194 I 140857623 93 
195 I 141403805 44 
196 I 142329519 44 
197 I 143233526 44 
198 I 144091730 44 
199 I 144393509 101 
200 I 144613167 44 
201 I 145337107 99 
202 I 146333837 101 
203 I 146405399 44 
204 I 147029001 44 
205 I 147294696 101 
206 I 147995458 44 
207 I 148317084 44 
208 I 149116118 101 
209 I 149341308 44 
210 I 149924049 101 
211 I 150937057 101 
212 I 152012872 101 
213 I 153753840 44 
214 I 154066310 98 
215 I 154666549 44 
216 I 154866844 101 
217 I 155645041 98 
218 I 156253867 102 
219 I 157595680 44 
220 I 157709729 88 
221 I 158185718 150 
222 I 158677070 88 
223 I 159032464 44 
224 I 159721706 95 
225 I 160456256 44 
226 I 160788308 94 
227 I 161665819 101 
228 I 162635341 203 
229 I 163736678 44 
230 I 164824595 101 
231 I 166517388 44 
232 I 167290915 101 
233 I 167495356 101 
234 I 168240946 201 
235 I 168529879 101 
236 I 169518778 101 
237 I 170268784 101 
238 I 171113468 101 
239 I 172265698 152 
240 I 174310678 44 
241 I 174613364 101 
242 I 175333735 44 
243 I 176236031 101 
244 I 176425856 44 
245 I 177087291 90 
246 I 178033179 44 
247 I 179126767 101 
248 I 179274962 44 
249 I 180118879 90 
250 I 180943164 44 
251 I 181340712 101 
252 I 181463178 44 
253 I 181755249 44 
254 I 182976857 44 
255 I 183781721 44 
256 I 184058390 101 
257 I 184644248 44 
258 I 184887412 101 
259 I 185914944 101 
260 I 186027776 44 
261 I 186640120 44 
262 I 187667744 44 
263 I 188640531 95 
264 I 188742364 101 
265 I 189170110 44 
266 I 189590847 44 
267 I 189862709 101 
268 I 190589329 87 
269 I 190974226 101 
270 I 191581446 101 
271 I 192476723 44 
272 I 193518570 44 
273 I 194344618 44 
274 I 195265994 44 
275 I 196245047 44 
276 I 196637687 101 
277 I 197310348 44 
278 I 197481075 44 
279 I 198468943 44 
280 I 199212470 44 
281 I 199562129 101 
282 I 200225380 44 
283 I 200524093 90 
284 I 201384492 89 
285 I 202021670 44 
286 I 202225272 101 
287 I 203021814 44 
288 I 203317319 101 
289 I 204158870 44 
290 I 204310835 101 
291 I 205072490 101 
292 I 205486698 155 
293 I 206883218 101 
294 I 208136878 82 
295 I 209821967 148 
296 I 211072156 92 
297 I 212662221 44 
298 I 212745245 101 
299 I 213212919 81 
300 I 213626172 99 
301 I 213997527 44 
302 I 214654252 93 
303 I 214808953 98 
304 I 215143807 105 
305 I 215882868 108 
306 I 216758727 202 
307 I 217479571 44 
308 I 217862273 212 
309 I 218843251 88 
310 I 219002309 101 
311 I 219666736 158 
312 I 220603102 158 
313 I 221519138 56 
314 I 222409188 88 
315 I 222475567 56 
316 I 223301617 44 
317 I 223808110 101 
318 I 224400400 44 
319 I 224729394 87 
320 I 225287434 44 
321 I 225423740 102 
322 I 225747765 44 
323 I 226500464 101 
324 I 226683593 44 
325 I 227356686 44 
326 I 228538600 44 
327 I 229474408 44 
328 I 230387081 95 
329 I 230500831 44 
330 I 231258492 158 
331 I 232132548 44 
332 I 233161066 101 
333 I 233346255 44 
334 I 234047231 158 
335 I 235143693 44 
336 I 236214488 84 
337 I 236970772 101 
338 I 239136617 101 
339 I 239965295 97 
340 I 240125733 44 
341 I 241091009 145 
342 I 241668892 98 
343 I 242014710 101 
344 I 242646772 1504 
345 I 242655637 1504 
346 I 242664451 1504 
347 I 242673294 1504 
348 I 242682290 1504 
349 I 242691297 1504 
350 I 242702530 1504 
351 I 242711941 1504 
352 I 242720798 1504 
353 I 242738480 1504 
354 I 242901192 44 
355 I 243747201 44 
356 I 244144087 1504 
357 I 244151520 1504 
358 I 244160352 1504 
359 I 244169180 1504 
360 I 244538346 1504 
361 I 244547190 1504 
362 I 244555553 1255 
363 I 245669604 1504 
364 I 245824864 44 
365 I 245858990 1504 
366 I 246626508 149 
367 I 246820002 44 
368 I 247628223 44 
369 I 247816840 44 
370 I 248586048 44 
371 I 249825375 101 
372 I 250886481 152 
373 I 251725130 147 
374 I 252674594 101 
375 I 253595215 94 
376 I 254508403 101 
377 I 255529901 308 
378 I 257175180 44 
379 I 258143165 44 
380 I 259057973 44 
381 I 259530434 101 
382 I 260486882 101 
383 I 261230288 44 
384 I 262277928 101 
385 I 262994987 44 
386 I 263891436 101 
387 I 264049328 44 
388 I 264928978 101 
389 I 266059525 207 
390 I 266797812 44 
391 I 267811756 44 
392 I 269705483 101 
393 I 269935092 101 
394 I 271188777 158 
395 I 273040248 44 
396 I 273980250 98 
397 I 274873436 44 
398 I 275092006 88 
399 I 275730689 44 
400 I 276627572 88 
401 I 277555504 101 
402 I 279352161 44 
403 I 279934870 101 
404 I 281284645 44 
405 I 284291687 44 
406 I 284715705 88 
407 I 285694042 44 
408 I 286505537 155 
409 I 287218520 56 
410 I 287696197 101 
411 I 288103181 56 
412 I 288243484 56 
413 I 289021736 56 
414 I 289276646 56 
415 I 289573012 98 
416 I 290072989 56 
417 I 290525475 101 
418 I 291024630 56 
419 I 291030733 101 
420 I 291952772 56 
421 I 292276044 88 
422 I 293011784 309 
423 I 293910878 98 
424 I 294229231 44 
425 I 295240198 101 
426 I 296784633 93 
427 I 298771771 44 
