0 I 0 44 
1 I 448883 44 
2 I 1478283 44 
3 I 15318562 44 
4 I 16413090 44 
5 I 16512358 1504 
6 I 16930688 1504 
7 I 16937398 476 
8 I 17244979 101 
9 I 17506965 44 
10 I 17580846 101 
11 I 19447381 44 
12 I 22741792 198 
13 I 22899351 44 
14 I 23641717 158 
15 I 23697932 44 
16 I 23858396 88 
17 I 27994895 44 
18 I 30321951 168 
19 I 30521758 449 
20 I 37645649 340 
21 I 37951389 44 
22 I 40341861 146 
23 I 43245717 164 
24 I 43982909 158 
25 I 44289215 44 
26 I 44487944 101 
27 I 46197360 78 
28 I 46478530 101 
29 I 46492068 585 
30 I 46605341 101 
31 I 47036905 100 
32 I 47070369 44 
33 I 47335940 132 
34 I 48178165 44 
35 I 49955431 139 
36 I 50313048 44 
37 I 51418426 424 
38 I 53468779 212 
39 I 53716033 744 
40 I 58996698 380 
41 I 59607230 44 
42 I 61462555 44 
43 I 62766629 158 
44 I 64575808 88 
45 I 67161706 44 
46 I 67499660 44 
47 I 67828689 44 
48 I 68702858 101 
49 I 68826623 88 
50 I 69660876 101 
51 I 69793970 92 
52 I 69799949 101 
53 I 70080038 82 
54 I 70778355 98 
55 I 70978203 75 
56 I 71069871 101 
57 I 71968558 44 
58 I 73106944 88 
59 I 73541132 215 
60 I 74949030 158 
61 I 75299638 101 
62 I 76794714 86 
63 I 78311154 44 
64 I 79390492 44 
65 I 81501957 259 
66 I 82703058 101 
67 I 86503949 307 
68 I 86728710 735 
69 I 87196219 109 
70 I 87578559 101 
71 I 87915757 101 
72 I 89408118 88 
73 I 89875390 85 
74 I 90375500 267 
75 I 90834441 44 
76 I 91147403 44 
77 I 91439830 44 
78 I 91773787 44 
79 I 92097420 44 
80 I 92419474 44 
81 I 94749323 101 
82 I 95086381 101 
83 I 95627707 101 
84 I 97868079 183 
85 I 98223271 44 
86 I 98379136 297 
87 I 98684626 101 
88 I 99085962 44 
89 I 100219006 44 
90 I 103402099 101 
91 I 103536839 155 
92 I 103660312 101 
93 I 106200350 44 
94 I 106534218 44 
95 I 107902659 378 
96 I 109163271 44 
97 I 111552760 101 
98 I 112529824 130 
99 I 112654323 236 
100 I 112965992 101 
101 I 115735950 104 
102 I 115865350 56 
103 I 115987699 44 
104 I 118441817 137 
105 I 121623985 44 
106 I 124762322 166 
107 I 126563391 101 
108 I 126728755 101 
109 I 126899189 101 
110 I 126905176 88 
111 I 127032816 195 
112 I 127961164 44 
113 I 129480599 200 
114 I 129988983 44 
115 I 131534208 101 
116 I 133368815 213 
117 I 133506727 115 
118 I 133630970 88 
119 I 135062663 94 
120 I 135980860 101 
121 I 137192113 100 
122 I 138290039 110 
123 I 141132615 259 
124 I 143984629 161 
125 I 144179996 1502 
126 I 146409620 98 
127 I 146979004 101 
128 I 147116936 44 
129 I 147480948 89 
130 I 147642764 107 
131 I 149513172 44 
132 I 150531735 259 
133 I 150863554 148 
134 I 151891833 101 
135 I 152319217 101 
136 I 152831880 101 
137 I 153266172 44 
138 I 153500328 101 
139 I 153739195 44 
140 I 153795458 99 
141 I 156898035 101 
142 I 159132787 481 
143 I 159386789 79 
144 I 160115876 44 
145 I 160456637 44 
146 I 160781417 44 
147 I 161118197 691 
148 I 161389605 101 
149 I 161873628 44 
150 I 162540406 44 
151 I 163200557 156 
152 I 164302553 101 
153 I 168320090 93 
154 I 168768551 44 
155 I 169102906 197 
156 I 169482778 101 
157 I 170096554 101 
158 I 171067847 101 
159 I 171806358 88 
160 I 172271196 44 
161 I 172361039 96 
162 I 172617828 44 
163 I 172736638 104 
164 I 173030658 44 
165 I 173580406 161 
166 I 173802384 56 
167 I 173808467 101 
168 I 174016956 56 
169 I 174699322 86 
170 I 175108272 44 
171 I 177927929 44 
172 I 179066440 101 
173 I 179760765 101 
174 I 179886801 56 
175 I 181890912 44 
176 I 183311183 44 
177 I 183337966 101 
178 I 184637150 88 
179 I 184835173 145 
180 I 185442211 99 
181 I 186257702 44 
182 I 186565345 108 
183 I 186694049 44 
184 I 186721808 101 
185 I 187208501 101 
186 I 188460084 101 
187 I 188482939 151 
188 I 189814949 101 
189 I 191075682 44 
190 I 191161664 101 
191 I 191574794 101 
192 I 193648794 97 
193 I 193782364 97 
194 I 193839818 44 
195 I 194599948 101 
196 I 195775398 158 
197 I 196704889 88 
198 I 197024722 101 
199 I 199710392 44 
200 I 202064325 232 
201 I 208987531 217 
202 I 213608792 814 
203 I 214584696 44 
204 I 214926049 44 
205 I 215242828 44 
206 I 215314080 102 
207 I 215843466 101 
208 I 216281221 101 
209 I 217000842 44 
210 I 217334961 44 
211 I 218102417 101 
212 I 219935513 86 
213 I 220177213 44 
214 I 220502814 44 
215 I 221285493 101 
216 I 222570583 44 
217 I 222886079 101 
218 I 223176781 101 
219 I 223490155 101 
220 I 230670147 144 
221 I 231104174 44 
222 I 232851123 44 
223 I 235064021 101 
224 I 235184513 101 
225 I 235308378 103 
226 I 235803465 44 
227 I 239455002 247 
228 I 239580290 56 
229 I 240291413 44 
230 I 242822861 101 
231 I 244712385 101 
232 I 245111483 44 
233 I 245543285 362 
234 I 245807063 101 
235 I 246411925 44 
236 I 247301498 206 
237 I 248934606 44 
238 I 249273477 44 
239 I 250795167 44 
240 I 252647097 44 
241 I 253154749 215 
242 I 255059372 329 
243 I 255896202 94 
244 I 256316130 101 
245 I 256655422 98 
246 I 256955454 101 
247 I 257374091 88 
248 I 257846879 44 
249 I 257969991 85 
250 I 259337453 44 
251 I 260113936 215 
252 I 260774465 101 
253 I 260910319 56 
254 I 262055423 44 
255 I 262922315 88 
256 I 263167765 56 
257 I 263304617 56 
258 I 263442701 44 
259 I 263803183 101 
260 I 264718438 71 
261 I 264848751 56 
262 I 266212571 44 
263 I 266966959 81 
264 I 267966618 81 
265 I 268188251 44 
266 I 268518947 44 
267 I 268548375 101 
268 I 268733442 44 
269 I 269498221 44 
270 I 269825055 44 
271 I 272997843 44 
272 I 273205287 101 
273 I 273931387 101 
274 I 274578950 101 
275 I 274632442 278 
276 I 274980912 90 
277 I 276483053 87 
278 I 276623507 99 
279 I 276712334 193 
280 I 276761833 95 
281 I 276905393 91 
282 I 277175528 92 
283 I 277464080 90 
284 I 280765975 158 
285 I 281398465 83 
286 I 281811056 194 
287 I 282359337 101 
288 I 283894715 156 
289 I 285038300 44 
290 I 285074697 83 
291 I 285802653 91 
292 I 286544669 83 
293 I 286687056 56 
294 I 286817453 56 
295 I 286954532 44 
296 I 291139114 44 
297 I 296952061 474 
