0 I 0 44 
1 I 6159 44 
2 I 33896 44 
3 I 646673 44 
4 I 651244 44 
5 I 856080 44 
6 I 861337 44 
7 I 1087393 44 
8 I 1098079 44 
9 I 2418020 44 
10 I 2423597 44 
11 I 2545613 44 
12 I 2695866 44 
13 I 2700644 44 
14 I 2813922 44 
15 I 2883651 44 
16 I 3557490 44 
17 I 3561953 44 
18 I 3566963 44 
19 I 3571682 44 
20 I 3686268 44 
21 I 3815388 44 
22 I 3832914 44 
23 I 3837405 44 
24 I 4316379 44 
25 I 4321140 44 
26 I 4429531 44 
27 I 4434064 44 
28 I 4603446 44 
29 I 4753106 44 
30 I 5605128 44 
31 I 5609849 44 
32 I 5619523 44 
33 I 5805107 44 
34 I 5913437 44 
35 I 5918011 44 
36 I 5922942 44 
37 I 5932479 44 
38 I 6371807 44 
39 I 6376598 44 
40 I 6390956 44 
41 I 6410121 44 
42 I 6414921 44 
43 I 6460201 44 
44 I 6465947 44 
45 I 6470929 44 
46 I 6498050 44 
47 I 6502847 44 
48 I 6507533 44 
49 I 6919576 44 
50 I 6929306 44 
51 I 6978303 44 
52 I 7195523 44 
53 I 8078360 44 
54 I 8092853 44 
55 I 8131556 44 
56 I 8141093 44 
57 I 8297055 44 
58 I 8307399 44 
59 I 8312168 44 
60 I 8317373 44 
61 I 8321740 44 
62 I 8929495 44 
63 I 9022052 44 
64 I 9032272 44 
65 I 9037007 44 
66 I 9061018 44 
67 I 9066273 44 
68 I 9071199 44 
69 I 9075866 44 
70 I 9187034 44 
71 I 9199496 44 
72 I 9928159 44 
73 I 9933132 44 
74 I 10073548 44 
75 I 10830483 44 
76 I 10835868 44 
77 I 10848306 44 
78 I 10856546 44 
79 I 10924788 44 
80 I 10932899 44 
81 I 10938252 44 
82 I 10944023 44 
83 I 10948796 44 
84 I 10979718 44 
85 I 11277906 44 
86 I 11284428 44 
87 I 11386047 44 
88 I 11398171 44 
89 I 11633124 44 
90 I 11783555 44 
91 I 11924960 44 
92 I 11941430 44 
93 I 11946007 44 
94 I 12036682 44 
95 I 12142666 44 
96 I 12232996 44 
97 I 12237727 44 
98 I 13398849 44 
99 I 13403831 44 
100 I 13413273 44 
101 I 13541123 44 
102 I 13556374 44 
103 I 13566633 44 
104 I 14478365 44 
105 I 14488445 44 
106 I 14598312 44 
107 I 14603043 44 
108 I 14607820 44 
109 I 14612543 44 
110 I 14617408 44 
111 I 14735540 44 
112 I 14741443 44 
113 I 14755679 44 
114 I 14760088 44 
115 I 15291272 44 
116 I 15301230 44 
117 I 15413128 44 
118 I 15535320 44 
119 I 15733329 44 
120 I 15737942 44 
121 I 15933497 44 
122 I 16067910 44 
123 I 16924955 44 
124 I 16929892 44 
125 I 16934596 44 
126 I 16955354 44 
127 I 17229344 44 
128 I 17234060 44 
129 I 17238765 44 
130 I 17428130 44 
131 I 17645936 44 
132 I 17840435 44 
133 I 18012908 44 
134 I 18019968 44 
135 I 18024689 44 
136 I 18137956 44 
137 I 18146148 44 
138 I 18151781 44 
139 I 18164486 44 
140 I 18437055 44 
141 I 18441780 44 
142 I 18446530 44 
143 I 18727992 44 
144 I 19737234 44 
145 I 19742743 44 
146 I 19748609 44 
147 I 19753361 44 
148 I 19763011 44 
149 I 19839473 44 
150 I 19844353 44 
151 I 19849026 44 
152 I 19854140 44 
153 I 19859879 44 
154 I 19864464 44 
155 I 20691757 44 
156 I 20697024 44 
157 I 20831988 44 
158 I 20974826 44 
159 I 20979745 44 
160 I 20984743 44 
161 I 20994119 44 
162 I 20998786 44 
163 I 21081201 44 
164 I 21092407 44 
165 I 21097308 44 
166 I 23090910 44 
167 I 23913559 44 
168 I 28925514 44 
169 I 30263024 44 
170 I 30857223 44 
171 I 31649880 44 
172 I 32132893 44 
173 I 32874284 44 
174 I 34259764 44 
175 I 35469270 44 
176 I 36239130 44 
177 I 36782832 44 
178 I 37686480 44 
179 I 38103359 44 
180 I 38107745 44 
181 I 38964108 44 
182 I 39526107 44 
183 I 39638184 44 
184 I 40218706 44 
185 I 40805595 44 
186 I 40830545 44 
187 I 40843188 44 
188 I 41015039 44 
189 I 41082418 44 
190 I 41864441 44 
191 I 41869135 44 
192 I 41976981 44 
193 I 42130050 44 
194 I 43292708 44 
195 I 43450892 44 
196 I 43457811 44 
197 I 43472773 44 
198 I 43482235 44 
199 I 44432627 44 
200 I 44688535 44 
201 I 44693138 44 
202 I 44697587 44 
203 I 45878902 44 
204 I 46429186 44 
205 I 46434063 44 
206 I 46525119 44 
207 I 47379544 44 
208 I 47384364 44 
209 I 47389178 44 
210 I 47597575 44 
211 I 47728611 44 
212 I 47734888 44 
213 I 49095219 44 
214 I 49099592 44 
215 I 49220147 44 
216 I 49224303 44 
217 I 49288200 44 
218 I 49303129 44 
219 I 50136421 44 
220 I 50148189 44 
221 I 50191831 44 
222 I 50267688 44 
223 I 50277410 44 
224 I 50329397 44 
225 I 50449896 44 
226 I 51325176 44 
227 I 51336363 44 
228 I 51346041 44 
229 I 51355631 44 
230 I 51361866 44 
231 I 51366878 44 
232 I 51371503 44 
233 I 52086162 44 
234 I 52090926 44 
235 I 52098150 44 
236 I 52278802 44 
237 I 52441769 44 
238 I 52638968 44 
239 I 52643652 44 
240 I 52648430 44 
241 I 52662887 44 
242 I 52834709 44 
243 I 53083390 44 
244 I 53088539 44 
245 I 53234209 44 
246 I 53239355 44 
247 I 54025767 44 
248 I 54030599 44 
249 I 54039873 44 
250 I 54937803 44 
251 I 55064781 44 
252 I 55184695 44 
253 I 55189502 44 
254 I 55194450 44 
255 I 55328168 44 
256 I 55334673 44 
257 I 55351193 44 
258 I 55368675 44 
259 I 55373361 44 
260 I 55378782 44 
261 I 56079565 44 
262 I 56230906 44 
263 I 56469896 44 
264 I 56474495 44 
265 I 56486644 44 
266 I 56493209 44 
267 I 56498127 44 
268 I 56628669 44 
269 I 56825858 44 
270 I 56833654 44 
271 I 56937225 44 
272 I 57325703 44 
273 I 57555772 44 
274 I 57803926 44 
275 I 58118975 44 
276 I 58331488 44 
277 I 58338053 44 
278 I 58345936 44 
279 I 58461351 44 
280 I 58636246 44 
281 I 58890340 44 
282 I 59434881 44 
283 I 59439719 44 
284 I 59449446 44 
285 I 59454072 44 
286 I 59743716 44 
287 I 59748636 44 
288 I 59753334 44 
289 I 59901121 44 
290 I 60355267 44 
291 I 60598736 44 
292 I 60998814 44 
293 I 61003812 44 
294 I 61008434 44 
295 I 61234825 44 
296 I 62237066 44 
297 I 62245776 44 
298 I 62334850 44 
299 I 62347424 44 
300 I 62362170 44 
301 I 62367827 44 
302 I 62373384 44 
303 I 62465035 44 
304 I 62469774 44 
305 I 62611972 44 
306 I 62892276 44 
307 I 62910297 44 
308 I 62914824 44 
309 I 63027245 44 
310 I 63044059 44 
311 I 63048786 44 
312 I 63302788 44 
313 I 63403512 44 
314 I 63407529 44 
315 I 63511467 44 
316 I 63656166 44 
317 I 64091717 44 
318 I 64100973 44 
319 I 64126964 44 
320 I 64131795 44 
321 I 64157578 44 
322 I 64241524 44 
323 I 64246264 44 
324 I 64257982 44 
325 I 64263504 44 
326 I 64437451 44 
327 I 64964719 44 
328 I 64970038 44 
329 I 64993532 44 
330 I 65004440 44 
331 I 65024775 44 
332 I 65040029 44 
333 I 65050135 44 
334 I 65064235 44 
335 I 65152457 44 
336 I 65303223 44 
337 I 65698012 44 
338 I 65708197 44 
339 I 65720665 44 
340 I 65728308 44 
341 I 65734061 44 
342 I 65738671 44 
343 I 65888622 44 
344 I 65893815 44 
345 I 65903160 44 
346 I 66011500 44 
347 I 66518423 44 
348 I 66533011 44 
349 I 66693845 44 
350 I 66873138 44 
351 I 66938903 44 
352 I 67165553 44 
353 I 67181122 44 
354 I 67191898 44 
355 I 67196674 44 
356 I 67201542 44 
357 I 67279398 44 
358 I 67507579 44 
359 I 67728348 44 
360 I 67733148 44 
361 I 67866152 44 
362 I 67882088 44 
363 I 68034596 44 
364 I 68049530 44 
365 I 68059934 44 
366 I 68090117 44 
367 I 68094610 44 
368 I 68101128 44 
369 I 68285067 44 
370 I 68289765 44 
371 I 68479527 44 
372 I 68989308 44 
373 I 69007716 44 
374 I 69140903 44 
375 I 69146225 44 
376 I 69155920 44 
377 I 69160461 44 
378 I 69165586 44 
379 I 69170075 44 
380 I 69282586 44 
381 I 69287139 44 
382 I 69298150 44 
383 I 69303659 44 
384 I 69415797 44 
385 I 69429946 44 
386 I 69437428 44 
387 I 69608653 44 
388 I 69635623 44 
389 I 69830899 44 
390 I 69882286 44 
391 I 70122233 44 
392 I 70129872 44 
393 I 70135323 44 
394 I 70158726 44 
395 I 70163644 44 
396 I 70443672 44 
397 I 70533951 44 
398 I 70538978 44 
399 I 70685401 44 
400 I 70992300 44 
401 I 71329330 44 
402 I 71339819 44 
403 I 71347448 44 
404 I 71479027 44 
405 I 71486373 44 
406 I 71534310 44 
407 I 71544573 44 
408 I 71549288 44 
409 I 71554038 44 
410 I 71579422 44 
411 I 71584394 44 
412 I 72085475 44 
413 I 72091694 44 
414 I 72097988 44 
415 I 72348393 44 
416 I 72360697 44 
417 I 72366099 44 
418 I 72370816 44 
419 I 73241106 44 
420 I 73390992 44 
421 I 73405196 44 
422 I 73458115 44 
423 I 73468746 44 
424 I 73474573 44 
425 I 74718899 44 
426 I 74731515 44 
427 I 74880264 44 
428 I 74884971 44 
429 I 74993684 44 
430 I 75812475 44 
431 I 75817107 44 
432 I 75943110 44 
433 I 75948201 44 
434 I 75960420 44 
435 I 75965411 44 
436 I 76133327 44 
437 I 76225824 44 
438 I 76230664 44 
439 I 76235426 44 
440 I 76886836 44 
441 I 76995364 44 
442 I 77019677 44 
443 I 77030070 44 
444 I 77035737 44 
445 I 77183528 44 
446 I 77339752 44 
447 I 77747494 44 
448 I 77835088 44 
449 I 78025783 44 
450 I 78030232 44 
451 I 78055500 44 
452 I 78059937 44 
453 I 78162984 44 
454 I 78167737 44 
455 I 79452789 44 
456 I 79460843 44 
457 I 79559979 44 
458 I 79564746 44 
459 I 79569386 44 
460 I 79579124 44 
461 I 79674052 44 
462 I 79688336 44 
463 I 80507139 44 
464 I 80726403 44 
465 I 80739867 44 
466 I 80827924 44 
467 I 80945523 44 
468 I 80950457 44 
469 I 80959870 44 
470 I 80964833 44 
471 I 80973476 44 
472 I 81218079 44 
473 I 81222878 44 
474 I 81289841 44 
475 I 81428575 44 
476 I 81541450 44 
477 I 81718339 44 
478 I 81727827 44 
479 I 81737434 44 
480 I 81974399 44 
481 I 83130312 44 
482 I 83135184 44 
483 I 83140025 44 
484 I 83144487 44 
485 I 83149413 44 
486 I 83187451 44 
487 I 83858073 44 
488 I 83864238 44 
489 I 83938190 44 
490 I 84132384 44 
491 I 84310597 44 
492 I 84315319 44 
493 I 84444578 44 
494 I 85020882 44 
495 I 85028412 44 
496 I 85043029 44 
497 I 85050512 44 
498 I 85070176 44 
499 I 85129101 44 
500 I 85305395 44 
501 I 85310290 44 
502 I 86483832 44 
503 I 86488215 44 
504 I 86543474 44 
505 I 86554626 44 
506 I 86559340 44 
507 I 86571901 44 
508 I 86578158 44 
509 I 86742972 44 
510 I 87212735 44 
511 I 87336143 44 
512 I 87443139 44 
513 I 87450159 44 
514 I 87460923 44 
515 I 87466229 44 
516 I 87630040 44 
517 I 87639906 44 
518 I 87690522 44 
519 I 87695069 44 
520 I 87733282 44 
521 I 88286142 44 
522 I 88530304 44 
523 I 88535007 44 
524 I 88539747 44 
525 I 89384431 44 
526 I 89389464 44 
527 I 89538001 44 
528 I 89544180 44 
529 I 89549988 44 
530 I 89555917 44 
531 I 89660488 44 
532 I 89665180 44 
533 I 89782887 44 
534 I 89787892 44 
535 I 89792947 44 
536 I 89808524 44 
537 I 90238219 44 
538 I 90447796 44 
539 I 90452301 44 
540 I 90457006 44 
541 I 90542005 44 
542 I 90548466 44 
543 I 90553485 44 
544 I 90812376 44 
545 I 90823122 44 
546 I 90827737 44 
547 I 90832291 44 
548 I 90837186 44 
549 I 90841926 44 
550 I 90917631 44 
551 I 91051094 44 
552 I 94818107 44 
553 I 96340154 52 
554 I 97399440 44 
555 I 97805416 389 
556 I 99147736 44 
557 I 100344348 44 
558 I 100349364 44 
559 I 100630560 44 
560 I 101403395 44 
561 I 101629417 44 
562 I 101802222 44 
563 I 102658055 44 
564 I 102667084 44 
565 I 103079203 44 
566 I 103703414 44 
567 I 103839917 44 
568 I 103844435 44 
569 I 103849780 44 
570 I 104277495 44 
571 I 104282273 44 
572 I 104402389 44 
573 I 104862828 44 
574 I 104867458 44 
575 I 104883055 44 
576 I 104888089 44 
577 I 104892589 44 
578 I 104898504 44 
579 I 106000404 44 
580 I 106005371 44 
581 I 106184447 44 
582 I 106189292 44 
583 I 106304696 44 
584 I 106309881 44 
585 I 106315816 44 
586 I 106541991 44 
587 I 107242575 44 
588 I 107253129 44 
589 I 107371580 44 
590 I 107391683 44 
591 I 107409896 44 
592 I 107415456 44 
593 I 107420479 44 
594 I 109144175 44 
595 I 111982653 44 
596 I 113175147 44 
597 I 113575980 44 
598 I 114364346 44 
599 I 114477226 44 
600 I 114883304 44 
601 I 116024189 44 
602 I 117651635 44 
603 I 118489470 44 
604 I 118931677 44 
605 I 119042796 44 
606 I 119048206 44 
607 I 120022974 44 
608 I 120035268 44 
609 I 120041829 44 
610 I 120161607 44 
611 I 120242823 44 
612 I 121587329 44 
613 I 121687169 44 
614 I 121825975 44 
615 I 121835934 44 
616 I 121840892 44 
617 I 122003796 44 
618 I 122793980 44 
619 I 122798680 44 
620 I 122813960 44 
621 I 122822817 44 
622 I 122941204 44 
623 I 122946104 44 
624 I 122960044 44 
625 I 123077698 44 
626 I 123186325 44 
627 I 123191968 44 
628 I 123199586 44 
629 I 123209454 44 
630 I 124200759 44 
631 I 124315431 44 
632 I 124320343 44 
633 I 124325770 44 
634 I 124331734 44 
635 I 124398844 44 
636 I 124659600 44 
637 I 124802244 44 
638 I 125497672 44 
639 I 125998126 44 
640 I 127060710 44 
641 I 134428273 44 
642 I 135534770 44 
643 I 136931312 44 
644 I 138178272 44 
645 I 139243839 44 
646 I 139248702 44 
647 I 140540255 44 
648 I 140545141 44 
649 I 142058859 44 
650 I 143000964 44 
651 I 143011897 44 
652 I 143939946 44 
653 I 143944698 44 
654 I 145151463 44 
655 I 145161522 44 
656 I 145166096 44 
657 I 146429536 44 
658 I 146589845 44 
659 I 147441787 44 
660 I 147449595 44 
661 I 147786083 44 
662 I 147791066 44 
663 I 148622281 44 
664 I 149391910 44 
665 I 149520554 44 
666 I 150405348 44 
667 I 150530370 44 
668 I 150541431 44 
669 I 150558551 44 
670 I 150788141 44 
671 I 151446130 44 
672 I 151467762 44 
673 I 151925073 44 
674 I 152542153 44 
675 I 152633285 44 
676 I 152650370 44 
677 I 152839137 44 
678 I 153833177 44 
679 I 153838649 44 
680 I 154134796 44 
681 I 154139911 44 
682 I 154149166 44 
683 I 154859032 44 
684 I 154946947 44 
685 I 155086912 44 
686 I 155827816 44 
687 I 155835532 44 
688 I 156241650 44 
689 I 156246336 44 
690 I 156258096 44 
691 I 156439630 44 
692 I 157547633 44 
693 I 157556893 44 
694 I 157709181 44 
695 I 158547747 44 
696 I 158725895 44 
697 I 158731214 44 
698 I 158917362 44 
699 I 158922300 44 
700 I 160053317 44 
701 I 160057911 44 
702 I 160183525 44 
703 I 160355451 44 
704 I 160360850 44 
705 I 160369618 44 
706 I 160375181 44 
707 I 161138438 44 
708 I 161148165 44 
709 I 161251598 44 
710 I 161261293 44 
711 I 162233787 44 
712 I 162243435 44 
713 I 162252820 44 
714 I 162258187 44 
715 I 162267853 44 
716 I 163496001 44 
717 I 164558543 44 
718 I 164567861 44 
719 I 165506496 44 
720 I 165511538 44 
721 I 165516304 44 
722 I 165520822 44 
723 I 165583503 44 
724 I 165588215 44 
725 I 165609651 44 
726 I 165702957 44 
727 I 166155246 44 
728 I 166165380 44 
729 I 166175030 44 
730 I 166180369 44 
731 I 166209373 44 
732 I 166214277 44 
733 I 166218742 44 
734 I 166435009 44 
735 I 166444043 44 
736 I 166752487 44 
737 I 167053430 44 
738 I 167066127 44 
739 I 167146198 44 
740 I 167158459 44 
741 I 167260855 44 
742 I 167266320 44 
743 I 167271351 44 
744 I 167573176 44 
745 I 167825959 44 
746 I 167950293 44 
747 I 168848365 44 
748 I 169008315 44 
749 I 169012878 44 
750 I 169017559 44 
751 I 169022293 44 
752 I 169029261 44 
753 I 169033274 44 
754 I 169038137 44 
755 I 169042894 44 
756 I 169913060 44 
757 I 169922583 44 
758 I 170491032 44 
759 I 170513086 44 
760 I 170641778 44 
761 I 170652972 44 
762 I 171169321 44 
763 I 171325711 44 
764 I 171336369 44 
765 I 171431643 44 
766 I 172408998 44 
767 I 172423739 44 
768 I 172434297 44 
769 I 172439192 44 
770 I 172666251 44 
771 I 172680618 44 
772 I 172688071 44 
773 I 172698525 44 
774 I 173083346 44 
775 I 173088088 44 
776 I 173092713 44 
777 I 173200247 44 
778 I 173399581 44 
779 I 173409188 44 
780 I 173413737 44 
781 I 173424563 44 
782 I 173437176 44 
783 I 173927915 44 
784 I 174035880 44 
785 I 174198613 44 
786 I 174289373 44 
787 I 174296044 44 
788 I 174475927 44 
789 I 175331844 44 
790 I 175341211 44 
791 I 175346028 44 
792 I 175566654 44 
793 I 175576396 44 
794 I 175581165 44 
795 I 175637100 44 
796 I 175643485 44 
797 I 176252845 44 
798 I 176366055 44 
799 I 176375798 44 
800 I 176393052 44 
801 I 176404027 44 
802 I 176414007 44 
803 I 176848709 44 
804 I 176943322 44 
805 I 177152750 44 
806 I 177328635 44 
807 I 177336266 44 
808 I 177341542 44 
809 I 177483218 44 
810 I 177881630 44 
811 I 179235638 44 
812 I 179240976 44 
813 I 179250713 44 
814 I 179257812 44 
815 I 179364817 44 
816 I 179369928 44 
817 I 180005065 44 
818 I 180186069 44 
819 I 180195809 44 
820 I 180334591 44 
821 I 180344548 44 
822 I 180349599 44 
823 I 180447565 44 
824 I 180687115 44 
825 I 180691916 44 
826 I 180790717 44 
827 I 180948159 44 
828 I 180952855 44 
829 I 180960473 44 
830 I 181182371 44 
831 I 181187158 44 
832 I 182165670 44 
833 I 182170415 44 
834 I 182299624 44 
835 I 182309097 44 
836 I 182421341 44 
837 I 182552557 44 
838 I 182715696 44 
839 I 182775185 44 
840 I 182793019 44 
841 I 182928577 44 
842 I 183217914 44 
843 I 183228420 44 
844 I 183233218 44 
845 I 183242690 44 
846 I 183247498 44 
847 I 183256975 44 
848 I 183266715 44 
849 I 183674411 44 
850 I 183683974 44 
851 I 183737982 44 
852 I 183847267 44 
853 I 184923063 44 
854 I 184930878 44 
855 I 185088892 44 
856 I 185093689 44 
857 I 185438262 44 
858 I 185555120 44 
859 I 185680738 44 
860 I 186429815 44 
861 I 186434809 44 
862 I 186452585 44 
863 I 186489640 44 
864 I 187094476 44 
865 I 187099205 44 
866 I 187104032 44 
867 I 187933392 44 
868 I 187939924 44 
869 I 187949389 44 
870 I 188996432 44 
871 I 189085167 44 
872 I 189090120 44 
873 I 189094853 44 
874 I 189100059 44 
875 I 189192080 44 
876 I 189197423 44 
877 I 189289311 44 
878 I 190289020 44 
879 I 190307521 44 
880 I 190312839 44 
881 I 190317529 44 
882 I 190327413 44 
883 I 190338194 44 
884 I 190347773 44 
885 I 190398333 44 
886 I 190404314 44 
887 I 190904014 44 
888 I 191089502 44 
889 I 192166747 44 
890 I 192172454 44 
891 I 192429131 44 
892 I 192433936 44 
893 I 192521108 44 
894 I 192531989 44 
895 I 192542138 44 
896 I 192546778 44 
897 I 192738140 44 
898 I 193313384 44 
899 I 193531121 44 
900 I 193556302 44 
901 I 193561998 44 
902 I 193566481 44 
903 I 193575838 44 
904 I 193597679 44 
905 I 193605273 44 
906 I 193640905 44 
907 I 194288550 44 
908 I 195895829 44 
909 I 195900420 44 
910 I 195906473 44 
911 I 195986777 44 
912 I 196054658 44 
913 I 196997572 44 
914 I 197002339 44 
915 I 197008319 44 
916 I 197013436 44 
917 I 197150261 44 
918 I 197189360 44 
919 I 197349560 44 
920 I 197484219 44 
921 I 197489881 44 
922 I 197500589 44 
923 I 197505741 44 
924 I 197711149 44 
925 I 197733389 44 
926 I 197850939 44 
927 I 198713419 44 
928 I 198718613 44 
929 I 198872568 44 
930 I 198877220 44 
931 I 198910935 44 
932 I 198915723 44 
933 I 198920147 44 
934 I 198924880 44 
935 I 198939011 44 
936 I 198943877 44 
937 I 198986170 44 
938 I 199349444 44 
939 I 199363425 44 
940 I 199470360 44 
941 I 199480311 44 
942 I 199702995 44 
943 I 199725382 44 
944 I 199730186 44 
945 I 199792374 44 
946 I 199802086 44 
947 I 199916461 44 
948 I 200202086 44 
949 I 200207105 44 
950 I 201648284 44 
951 I 201653313 44 
952 I 201657855 44 
953 I 201787154 44 
954 I 201897553 44 
955 I 201911184 44 
956 I 201954984 44 
957 I 202574416 44 
958 I 202635443 44 
959 I 202639798 44 
960 I 202738073 44 
961 I 202743106 44 
962 I 202985080 44 
963 I 202989618 44 
964 I 203006749 44 
965 I 203019778 44 
966 I 203024888 44 
967 I 203037518 44 
968 I 204278993 44 
969 I 204434211 44 
970 I 204444008 44 
971 I 204453434 44 
972 I 204462986 44 
973 I 204467860 44 
974 I 204480076 44 
975 I 204485192 44 
976 I 204489716 44 
977 I 204494534 44 
978 I 204500079 44 
979 I 204507889 44 
980 I 204512684 44 
981 I 204808245 44 
982 I 205203654 44 
983 I 205208473 44 
984 I 205213350 44 
985 I 205230110 44 
986 I 205235344 44 
987 I 205586171 44 
988 I 205591223 44 
989 I 205716200 44 
990 I 205720685 44 
991 I 205725504 44 
992 I 205848226 44 
993 I 209882770 44 
994 I 210786045 44 
995 I 211330275 44 
996 I 212129545 44 
997 I 212441244 44 
998 I 212446526 44 
999 I 213467945 44 
1000 I 214044347 44 
1001 I 214627689 44 
1002 I 215192580 44 
1003 I 215198276 44 
1004 I 215202964 44 
1005 I 215927674 44 
1006 I 216373384 44 
1007 I 216382798 44 
1008 I 216387664 44 
1009 I 216397188 44 
1010 I 216937277 44 
1011 I 217431619 44 
1012 I 217436271 44 
1013 I 217568210 44 
1014 I 217573026 44 
1015 I 217647282 44 
1016 I 217660794 44 
1017 I 217786049 44 
1018 I 218227825 44 
1019 I 218298325 44 
1020 I 218389251 44 
1021 I 218395618 44 
1022 I 218549284 44 
1023 I 218557506 44 
1024 I 218567622 44 
1025 I 218572319 44 
1026 I 219212145 44 
1027 I 220525192 44 
1028 I 220669094 44 
1029 I 221739082 44 
1030 I 221746789 44 
1031 I 221766714 44 
1032 I 222809614 44 
1033 I 222820065 44 
1034 I 222825054 44 
1035 I 224039347 44 
1036 I 225725042 44 
1037 I 226793137 44 
1038 I 226914362 44 
1039 I 228021262 44 
1040 I 228039888 44 
1041 I 229128674 44 
1042 I 229142927 44 
1043 I 229148611 44 
1044 I 230084676 44 
1045 I 230091264 44 
1046 I 230212322 44 
1047 I 230220109 44 
1048 I 230828418 44 
1049 I 230945963 44 
1050 I 230950527 44 
1051 I 231543194 44 
1052 I 231692734 44 
1053 I 231847981 44 
1054 I 232445906 44 
1055 I 233304754 44 
1056 I 233398124 44 
1057 I 234086424 44 
1058 I 234211702 44 
1059 I 234709238 44 
1060 I 234839218 44 
1061 I 234844228 44 
1062 I 234873415 44 
1063 I 235387763 44 
1064 I 235545987 44 
1065 I 235754354 44 
1066 I 235769017 44 
1067 I 236357579 44 
1068 I 236362191 44 
1069 I 236498257 44 
1070 I 236504434 44 
1071 I 237177477 44 
1072 I 237182713 44 
1073 I 237218411 44 
1074 I 237223123 44 
1075 I 237750066 44 
1076 I 237819666 44 
1077 I 238423036 44 
1078 I 239139677 44 
1079 I 239851338 44 
1080 I 239870974 44 
1081 I 239878091 44 
1082 I 239884882 44 
1083 I 240160487 44 
1084 I 240592430 44 
1085 I 240685970 44 
1086 I 241606476 44 
1087 I 242430650 44 
1088 I 242439907 44 
1089 I 242547810 44 
1090 I 242553372 44 
1091 I 243493559 44 
1092 I 244672785 44 
1093 I 245251701 44 
1094 I 245844522 44 
1095 I 245849730 44 
1096 I 246684040 44 
1097 I 246784906 44 
1098 I 246789558 44 
1099 I 247875620 44 
1100 I 247888133 44 
1101 I 248833867 44 
1102 I 248984527 44 
1103 I 249113519 44 
1104 I 250087695 44 
1105 I 250095394 44 
1106 I 250227123 44 
1107 I 250236933 44 
1108 I 251031663 44 
1109 I 251036784 44 
1110 I 251586383 44 
1111 I 252197593 44 
1112 I 252216613 44 
1113 I 252412991 44 
1114 I 253447469 44 
1115 I 253453063 44 
1116 I 253465548 44 
1117 I 253727033 44 
1118 I 253746615 44 
1119 I 255116167 44 
1120 I 255120877 44 
1121 I 255144552 44 
1122 I 256808330 44 
1123 I 256813208 44 
1124 I 257011738 44 
1125 I 257956183 44 
1126 I 257960407 44 
1127 I 257967081 44 
1128 I 258085568 44 
1129 I 258090410 44 
1130 I 258158724 44 
1131 I 258164264 44 
1132 I 259240020 44 
1133 I 259246569 44 
1134 I 259250983 44 
1135 I 259347588 44 
1136 I 259356302 44 
1137 I 259366058 44 
1138 I 260391241 44 
1139 I 260520296 44 
1140 I 260524835 44 
1141 I 260529621 44 
1142 I 261393453 44 
1143 I 262302147 44 
1144 I 262650695 44 
1145 I 262749881 44 
1146 I 262940994 44 
1147 I 263395581 44 
1148 I 263755993 44 
1149 I 263770893 44 
1150 I 263835010 44 
1151 I 263839602 44 
1152 I 264011565 44 
1153 I 264344580 44 
1154 I 264799067 44 
1155 I 264809092 44 
1156 I 264820221 44 
1157 I 264834854 44 
1158 I 265618118 44 
1159 I 265623253 44 
1160 I 265627866 44 
1161 I 265753420 44 
1162 I 266080087 44 
1163 I 266647946 44 
1164 I 266801963 44 
1165 I 266825280 44 
1166 I 267304485 44 
1167 I 268640548 44 
1168 I 268645619 44 
1169 I 268650289 44 
1170 I 268809262 44 
1171 I 269582735 44 
1172 I 269591950 44 
1173 I 269596695 44 
1174 I 269618132 44 
1175 I 269732967 44 
1176 I 270734920 44 
1177 I 270741168 44 
1178 I 270745923 44 
1179 I 270750646 44 
1180 I 270832394 44 
1181 I 270836999 44 
1182 I 271755469 44 
1183 I 271765250 44 
1184 I 271851969 44 
1185 I 271858128 44 
1186 I 271871232 44 
1187 I 271880470 44 
1188 I 273214509 44 
1189 I 273220154 44 
1190 I 274523237 44 
1191 I 274530864 44 
1192 I 274664027 44 
1193 I 274670731 44 
1194 I 274675214 44 
1195 I 274685222 44 
1196 I 275237685 44 
1197 I 275242947 44 
1198 I 275255762 44 
1199 I 275260482 44 
1200 I 275270162 44 
1201 I 275284152 44 
1202 I 275288966 44 
1203 I 275338757 44 
1204 I 275445165 44 
1205 I 276228712 44 
1206 I 276247167 44 
1207 I 276251682 44 
1208 I 276263186 44 
1209 I 276275993 44 
1210 I 276280891 44 
1211 I 276285741 44 
1212 I 277007557 44 
1213 I 277031725 44 
1214 I 277125239 44 
1215 I 277148008 44 
1216 I 277847481 44 
1217 I 277894600 44 
1218 I 277908683 44 
1219 I 278068713 44 
1220 I 278135713 44 
1221 I 278140553 44 
1222 I 278145363 44 
1223 I 278332690 44 
1224 I 278412755 44 
1225 I 278468497 44 
1226 I 278887785 44 
1227 I 278898218 44 
1228 I 278902931 44 
1229 I 279044997 44 
1230 I 279079708 44 
1231 I 279190034 44 
1232 I 279326893 44 
1233 I 279334749 44 
1234 I 279442972 44 
1235 I 279448018 44 
1236 I 279625572 44 
1237 I 279632507 44 
1238 I 280039700 44 
1239 I 280130026 44 
1240 I 280139523 44 
1241 I 280299560 44 
1242 I 281495670 44 
1243 I 281508745 44 
1244 I 281601477 44 
1245 I 281613249 44 
1246 I 282474445 44 
1247 I 282480347 44 
1248 I 282487738 44 
1249 I 282495125 44 
1250 I 282510990 44 
1251 I 282544905 44 
1252 I 282561355 44 
1253 I 282690260 44 
1254 I 283641013 44 
1255 I 283646130 44 
1256 I 283651985 44 
1257 I 283656776 44 
1258 I 283666310 44 
1259 I 283671191 44 
1260 I 283685673 44 
1261 I 283821425 44 
1262 I 284832493 44 
1263 I 284837385 44 
1264 I 285041927 44 
1265 I 285054180 44 
1266 I 285063246 44 
1267 I 285160657 44 
1268 I 285170255 44 
1269 I 285175002 44 
1270 I 285834862 44 
1271 I 285842330 44 
1272 I 285973240 44 
1273 I 285983854 44 
1274 I 285989480 44 
1275 I 285994218 44 
1276 I 286047730 44 
1277 I 286055585 44 
1278 I 286144498 44 
1279 I 286441880 44 
1280 I 286750889 44 
1281 I 286755997 44 
1282 I 287061114 44 
1283 I 287070524 44 
1284 I 287161397 44 
1285 I 287165844 44 
1286 I 287292212 44 
1287 I 288745657 44 
1288 I 288750793 44 
1289 I 288763804 44 
1290 I 288777057 44 
1291 I 288895345 44 
1292 I 289022386 44 
1293 I 289436537 44 
1294 I 289450629 44 
1295 I 289541156 44 
1296 I 289724041 44 
1297 I 289733647 44 
1298 I 289738740 44 
1299 I 289743216 44 
1300 I 289748576 44 
1301 I 289798288 44 
1302 I 290042159 44 
1303 I 290138147 44 
1304 I 290351106 44 
1305 I 290541263 44 
1306 I 291124482 44 
1307 I 292050850 44 
1308 I 293637604 44 
1309 I 294578256 44 
1310 I 294831020 44 
1311 I 295833636 44 
1312 I 295838964 44 
1313 I 296142112 44 
1314 I 297247947 44 
1315 I 297253172 44 
1316 I 297257402 44 
1317 I 298745597 44 
1318 I 298791793 44 
1319 I 298796830 44 
1320 I 298813559 44 
1321 I 298821136 44 
1322 I 299495071 44 
