0 I 0 1504 
1 I 47284 1504 
2 I 55665 171 
3 I 101296 1504 
4 I 108730 305 
5 I 297467 1504 
6 I 303121 303 
7 I 356268 1504 
8 I 363658 302 
9 I 414169 1504 
10 I 424880 168 
11 I 468619 1504 
12 I 476568 298 
13 I 529702 1504 
14 I 535701 296 
15 I 583971 1504 
16 I 590175 165 
17 I 639175 1504 
18 I 645358 293 
19 I 1016843 1504 
20 I 1064787 1504 
21 I 1112431 1504 
22 I 1119066 102 
23 I 1212362 1504 
24 I 1218184 289 
25 I 1315380 1504 
26 I 1328146 797 
27 I 1385688 1504 
28 I 1388491 418 
29 I 1445705 1504 
30 I 1453408 159 
31 I 1494847 1504 
32 I 1501443 282 
33 I 1549296 1504 
34 I 1556255 411 
35 I 1602544 1361 
36 I 2217537 1504 
37 I 2266999 1504 
38 I 2315010 1504 
39 I 2360636 1504 
40 I 2407650 1504 
41 I 2458946 1504 
42 I 2504094 1504 
43 I 2552055 1504 
44 I 2598359 1504 
45 I 2646595 1504 
46 I 2694263 1504 
47 I 2742464 1504 
48 I 2788862 1504 
49 I 2818075 1206 
50 I 3542711 1504 
51 I 3590424 1504 
52 I 3596505 149 
53 I 3643031 1504 
54 I 3650535 149 
55 I 3697871 1504 
56 I 3746985 1504 
57 I 3751177 148 
58 I 3845391 1504 
59 I 3851155 148 
60 I 4008286 1504 
61 I 4056930 1504 
62 I 4061432 147 
63 I 4171450 1504 
64 I 4179283 147 
65 I 4228403 1504 
66 I 4273054 1504 
67 I 4280705 146 
68 I 4484539 1504 
69 I 4492079 146 
70 I 4541716 1504 
71 I 4571137 1307 
72 I 5317519 1504 
73 I 5363426 1504 
74 I 5371710 145 
75 I 5412847 1504 
76 I 5420578 249 
77 I 5470946 1504 
78 I 5478028 249 
79 I 5525620 1504 
80 I 5533182 247 
81 I 5580695 1504 
82 I 5586805 143 
83 I 5636889 1504 
84 I 5642492 246 
85 I 5742163 1504 
86 I 5746353 245 
87 I 5793217 1504 
88 I 5800096 141 
89 I 5945260 1504 
90 I 5949344 244 
91 I 5995766 1504 
92 I 6003271 243 
93 I 6051820 1504 
94 I 6057856 140 
95 I 6104398 1504 
96 I 6112639 242 
97 I 7037771 1504 
98 I 7086179 1504 
99 I 7092359 461 
100 I 7896857 1504 
101 I 7945257 1504 
102 I 7990756 1504 
103 I 8039989 1504 
104 I 8086192 1504 
105 I 8136721 1504 
106 I 8189899 1504 
107 I 8243635 1504 
108 I 8275955 1504 
109 I 8323660 1504 
110 I 8371681 1504 
111 I 8419371 1504 
112 I 8468316 1504 
113 I 8514219 1504 
114 I 8562865 1504 
115 I 8609630 1504 
116 I 8616531 500 
117 I 9200013 1504 
118 I 9244754 1504 
119 I 9250936 133 
120 I 9343987 1504 
121 I 9349895 133 
122 I 9700043 1504 
123 I 9746432 1504 
124 I 9753110 132 
125 I 9800377 1504 
126 I 9806326 132 
127 I 9857952 1504 
128 I 9900384 1504 
129 I 9907369 132 
130 I 9950913 1504 
131 I 9956994 131 
132 I 10004964 1504 
133 I 10052781 1504 
134 I 10058930 131 
135 I 10105012 1504 
136 I 10111920 131 
137 I 10264602 1504 
138 I 10312548 1504 
139 I 10322601 130 
140 I 10367235 1504 
141 I 10371348 130 
142 I 10556853 1504 
143 I 10563477 586 
144 I 10761945 1504 
145 I 10809726 1504 
146 I 10817185 130 
147 I 10954420 1504 
148 I 10960574 218 
149 I 11429136 218 
150 I 11538054 1504 
151 I 11583879 1504 
152 I 11589940 129 
153 I 11637408 1504 
154 I 11642822 216 
155 I 11750208 1504 
156 I 11758603 216 
157 I 11802705 1504 
158 I 11809630 216 
159 I 11857737 1504 
160 I 11861980 128 
161 I 11911580 1504 
162 I 11917838 214 
163 I 15446773 1098 
164 I 16477117 1504 
165 I 16524483 1504 
166 I 17402398 1504 
167 I 17448201 1504 
168 I 17490544 1504 
169 I 18231868 1504 
170 I 18281228 1504 
171 I 18325250 1504 
172 I 18373296 1504 
173 I 18427841 1504 
174 I 19035699 1504 
175 I 19078445 1504 
176 I 19127168 1504 
177 I 19173259 1504 
178 I 19225344 1504 
179 I 19267847 1504 
180 I 19316236 1504 
181 I 19362852 1504 
182 I 20034108 1504 
183 I 20076609 1504 
184 I 20124541 1504 
185 I 20171683 1504 
186 I 20224330 1504 
187 I 20267261 1504 
188 I 20314959 1504 
189 I 20325767 190 
190 I 20416627 1504 
191 I 20422861 188 
192 I 20473404 1504 
193 I 20522379 1504 
194 I 20525367 187 
195 I 21351768 1504 
196 I 21399791 1504 
197 I 21406547 185 
198 I 21459050 1504 
199 I 21463308 184 
200 I 21509776 1504 
201 I 21555731 1504 
202 I 21561911 183 
203 I 21609546 1504 
204 I 21615516 181 
205 I 22009328 1504 
206 I 22015894 326 
207 I 22067977 1504 
208 I 22073608 323 
209 I 22172584 1504 
210 I 22178856 178 
211 I 22228360 1504 
212 I 22235847 320 
213 I 23135829 1504 
214 I 23183578 1504 
215 I 23189491 176 
216 I 23287352 1504 
217 I 23295595 316 
218 I 23367164 1504 
219 I 23370908 314 
220 I 23400366 1504 
221 I 23406214 165 
222 I 24739124 1504 
223 I 24778842 1504 
224 I 24829782 1504 
225 I 24876349 1504 
226 I 24923748 1504 
227 I 24972824 1504 
228 I 25018714 1504 
229 I 25066728 1504 
230 I 25114215 1504 
231 I 25161916 1504 
232 I 25210054 1504 
233 I 25256981 1504 
234 I 25264054 646 
235 I 25887842 1504 
236 I 25940105 1504 
237 I 25945597 161 
238 I 25989461 1504 
239 I 25997659 160 
240 I 26153205 1504 
241 I 26200837 1504 
242 I 26207027 160 
243 I 26253546 1504 
244 I 26259885 159 
245 I 26308795 1504 
246 I 26356283 1504 
247 I 26363389 158 
248 I 26407486 1504 
249 I 26413528 157 
250 I 26459656 1504 
251 I 26507516 1504 
252 I 26515502 157 
253 I 26561930 1504 
254 I 26566965 156 
255 I 27012655 1504 
256 I 27057637 1504 
257 I 27127566 271 
258 I 27176740 1504 
259 I 27183066 270 
260 I 27236569 1504 
261 I 27242948 269 
262 I 27288871 1504 
263 I 27295503 152 
264 I 27342518 1504 
265 I 27348973 267 
266 I 27404930 1504 
267 I 27410963 265 
268 I 27461822 1504 
269 I 27467079 151 
270 I 27572460 1504 
271 I 27579187 263 
272 I 27686867 1504 
273 I 27693085 262 
274 I 27744391 1504 
275 I 27750957 149 
276 I 28462965 1504 
277 I 28509788 1504 
278 I 28514854 364 
279 I 28568988 1504 
280 I 28618179 1504 
281 I 28626073 868 
282 I 28682453 1504 
283 I 28735355 1504 
284 I 28755376 1179 
285 I 29640979 1504 
286 I 29687585 1504 
287 I 29736800 1504 
288 I 29785210 1504 
289 I 29835647 1504 
290 I 29878404 1504 
291 I 29924035 1504 
292 I 30625449 1504 
293 I 30673029 1504 
294 I 30679581 243 
295 I 30823585 1504 
296 I 30831327 239 
297 I 30879573 1504 
298 I 30926683 1504 
299 I 30935303 236 
300 I 30981504 1504 
301 I 30987386 233 
302 I 31147673 1504 
303 I 31155225 230 
304 I 31886377 1504 
305 I 31995499 505 
306 I 32053761 1504 
307 I 32099891 1504 
308 I 32147688 1504 
309 I 32195348 1504 
310 I 32247487 1504 
311 I 32288776 1504 
312 I 32341865 1504 
313 I 32385516 1504 
314 I 32549532 1504 
315 I 32592593 1504 
316 I 33417532 1504 
317 I 33589921 1504 
318 I 33637467 1504 
319 I 33642725 208 
320 I 33863499 1504 
321 I 33868344 329 
322 I 33920690 1504 
323 I 33924894 319 
324 I 34667492 1504 
325 I 34721431 309 
326 I 34775419 1504 
327 I 34782825 301 
328 I 35140903 1504 
329 I 35204690 1504 
330 I 35211185 554 
331 I 35751854 1504 
332 I 35760794 273 
333 I 35856070 1504 
334 I 35907737 1504 
335 I 36371378 1504 
336 I 36427160 1504 
337 I 36474175 1504 
338 I 36923240 1504 
339 I 37007107 1373 
340 I 37445925 984 
341 I 38108062 1504 
342 I 38155539 1504 
343 I 38496187 1504 
344 I 38542138 1504 
345 I 39496483 1504 
346 I 39503663 628 
347 I 39697147 1504 
348 I 39703717 547 
349 I 40467438 1504 
350 I 40614418 1504 
351 I 40638827 1147 
352 I 40693992 1504 
353 I 41393310 1504 
354 I 41441389 1504 
355 I 41489692 1504 
356 I 41538073 1504 
357 I 42126259 1504 
358 I 42172623 1504 
359 I 42225803 1504 
360 I 42269751 1504 
361 I 42553603 1504 
362 I 42715021 1504 
363 I 42762262 1504 
364 I 42810886 1504 
365 I 42857733 1504 
366 I 43121731 1504 
367 I 43534414 1504 
368 I 43582436 1504 
369 I 43632772 1504 
370 I 43677359 1504 
371 I 43724815 1504 
372 I 43778106 1504 
373 I 43825122 1504 
374 I 43871177 1504 
375 I 43918659 1504 
376 I 43973062 1504 
377 I 44018180 1504 
378 I 44106748 1504 
379 I 44751648 1504 
380 I 44801802 1387 
381 I 44852920 1504 
382 I 44858371 340 
383 I 44972244 1504 
384 I 45059879 1504 
385 I 45068003 329 
386 I 45572380 1504 
387 I 45624535 1504 
388 I 45630287 201 
389 I 45673340 1504 
390 I 45679942 309 
391 I 45733264 1504 
392 I 45739730 596 
393 I 45890798 1504 
394 I 45904242 578 
395 I 46143870 1504 
396 I 46189341 1504 
397 I 46195927 286 
398 I 46265004 586 
399 I 46744116 1504 
400 I 46794042 1504 
401 I 46841445 1504 
402 I 46890184 1504 
403 I 46935963 1504 
404 I 46983388 1504 
405 I 47034068 1504 
406 I 47040244 203 
407 I 47254953 1504 
408 I 47300490 1504 
409 I 47305812 249 
410 I 47354218 1504 
411 I 47361075 245 
412 I 47409259 1504 
413 I 47459311 1504 
414 I 47464727 241 
415 I 47560100 1504 
416 I 47566160 238 
417 I 47616430 1504 
418 I 47623662 393 
419 I 48033778 1504 
420 I 48077582 1504 
421 I 48084427 231 
422 I 48137262 1504 
423 I 48142080 433 
424 I 48194989 1504 
425 I 48201852 426 
426 I 48463249 1504 
427 I 48470431 222 
428 I 48519730 1504 
429 I 48527013 417 
430 I 48579141 1504 
431 I 48586273 411 
432 I 48926457 1504 
433 I 48937554 732 
434 I 49200192 1504 
435 I 49206712 397 
436 I 49262179 1504 
437 I 49267102 597 
438 I 49323981 1504 
439 I 49329925 206 
440 I 49432674 1504 
441 I 49439220 922 
442 I 49602458 1504 
443 I 49609960 573 
444 I 49791446 1504 
445 I 49798808 566 
446 I 50027125 1504 
447 I 50036115 885 
448 I 50472735 1504 
449 I 50478320 548 
450 I 50534620 1504 
451 I 50596535 1504 
452 I 50603036 354 
453 I 50717168 1504 
454 I 50744776 1068 
455 I 50901171 1504 
456 I 50964780 1504 
457 I 50972603 710 
458 I 51075284 1504 
459 I 51094064 1027 
460 I 51396839 449 
461 I 53665283 1504 
462 I 54619810 1504 
463 I 54667617 1504 
464 I 54716081 1504 
465 I 54762752 1312 
466 I 55612631 1504 
467 I 55661150 1504 
468 I 55709871 1504 
469 I 55755265 1504 
470 I 55806027 1504 
471 I 55851386 1504 
472 I 55899611 1504 
473 I 55956845 1504 
474 I 55963461 414 
475 I 56007751 1504 
476 I 56054425 1504 
477 I 56102093 1504 
478 I 57161264 1504 
479 I 57208304 1504 
480 I 57236238 1166 
481 I 57291869 1504 
482 I 57450887 1504 
483 I 58645634 1504 
484 I 58694015 1504 
485 I 58700905 592 
486 I 58760727 1504 
487 I 58804793 1504 
488 I 58811449 218 
489 I 58865293 1504 
490 I 60087869 1504 
491 I 60139451 1504 
492 I 60299070 1504 
493 I 60345184 1504 
494 I 60402013 1504 
495 I 60443254 1504 
496 I 61402501 1504 
497 I 61484730 1504 
498 I 61594453 1504 
499 I 61645597 1504 
500 I 61801115 1504 
501 I 61848917 1504 
502 I 62171188 1504 
503 I 62266556 1504 
504 I 62425838 1504 
505 I 62615486 1504 
506 I 62773327 1504 
507 I 62822073 1504 
508 I 62868445 1504 
509 I 62966060 1504 
510 I 63015092 1504 
511 I 63058322 1504 
512 I 63105328 1504 
513 I 63154012 1504 
514 I 63200511 1504 
515 I 63251324 1504 
516 I 63296873 1504 
517 I 63369013 1484 
518 I 63409678 1504 
519 I 63493335 1504 
520 I 63547177 1504 
521 I 63702389 1406 
522 I 64062859 1504 
523 I 64110457 1504 
524 I 64157808 1504 
525 I 64205444 1504 
526 I 64254080 1504 
527 I 64302181 1504 
528 I 64307851 99 
529 I 64531852 1504 
530 I 64578207 1504 
531 I 64584194 285 
532 I 64636376 1504 
533 I 64643732 279 
534 I 64746922 1504 
535 I 64786660 1504 
536 I 64792843 273 
537 I 64843300 1504 
538 I 64849836 267 
539 I 65138711 1504 
540 I 65186516 1504 
541 I 65195164 530 
542 I 65398313 1504 
543 I 65402939 494 
544 I 65452662 1504 
545 I 65460661 484 
546 I 65516396 1504 
547 I 65520359 474 
548 I 65573532 1504 
549 I 65582289 241 
550 I 65783505 1504 
551 I 65835516 1504 
552 I 65842518 651 
553 I 66176494 1504 
554 I 66186696 901 
555 I 66239478 1504 
556 I 66246753 675 
557 I 66302893 1504 
558 I 66470907 1504 
559 I 66477934 650 
560 I 66624593 1504 
561 I 66671173 1504 
562 I 66678622 585 
563 I 67178131 1504 
564 I 67231555 1504 
565 I 67236396 382 
566 I 67422949 1504 
567 I 67425577 208 
568 I 67460034 1504 
569 I 67469549 837 
570 I 67514314 1504 
571 I 67524908 662 
572 I 67735616 1504 
573 I 67773711 1504 
574 I 67817824 1504 
575 I 68445030 1504 
576 I 68496311 1504 
577 I 68539842 1504 
578 I 68590318 1504 
579 I 68634183 1504 
580 I 68641257 499 
581 I 69611058 1504 
582 I 69659653 1504 
583 I 69707412 1504 
584 I 69755145 1504 
585 I 69804182 1504 
586 I 70357964 1504 
587 I 70406474 1504 
588 I 70413424 298 
589 I 70467054 1504 
590 I 70475741 291 
591 I 70521454 1504 
592 I 70572055 1504 
593 I 70578475 284 
594 I 71363050 1504 
595 I 71394622 1118 
596 I 71431756 1504 
597 I 71475470 1504 
598 I 71523165 1504 
599 I 71733302 1504 
600 I 71781535 1504 
601 I 71827166 1504 
602 I 72689977 1504 
603 I 72930141 1504 
604 I 72964081 1503 
605 I 73012824 1504 
606 I 73018024 409 
607 I 74233764 1504 
608 I 74240864 387 
609 I 74296704 1504 
610 I 74339751 1504 
611 I 74346324 368 
612 I 74542019 1504 
613 I 74549725 719 
614 I 75484368 1504 
615 I 75491548 683 
616 I 75603431 1504 
617 I 75649330 1504 
618 I 75655960 329 
619 I 75755713 1504 
620 I 75804149 1504 
621 I 75809387 122 
622 I 76471202 1504 
623 I 76478489 939 
624 I 76642299 1504 
625 I 76676395 1504 
626 I 76683449 293 
627 I 76738354 1504 
628 I 76744456 571 
629 I 76801515 1504 
630 I 76810403 357 
631 I 77403758 1504 
632 I 77427636 1168 
633 I 77498415 1504 
634 I 77510037 268 
635 I 77547927 1504 
636 I 77555418 511 
637 I 77612152 1504 
638 I 77618008 318 
639 I 78565574 1504 
640 I 78613458 1504 
641 I 78663801 1504 
642 I 78707658 1504 
643 I 78756588 1504 
644 I 78805628 1504 
645 I 78854482 1504 
646 I 78897580 1376 
647 I 79509809 1504 
648 I 79551024 1504 
649 I 79557264 228 
650 I 79719441 1504 
651 I 79726021 225 
652 I 79774082 1504 
653 I 79820330 1504 
654 I 79826423 222 
655 I 79878533 1504 
656 I 79885335 220 
657 I 80226505 1504 
658 I 80269816 1504 
659 I 80276118 89 
660 I 80615461 45 
661 I 81004765 1504 
662 I 81052740 1504 
663 I 81058987 214 
664 I 81220749 1504 
665 I 81228363 562 
666 I 81292446 389 
667 I 81349786 1504 
668 I 81352733 384 
669 I 81531816 1504 
670 I 81538768 204 
671 I 81587149 1504 
672 I 81632303 1504 
673 I 81640667 534 
674 I 82738629 1504 
675 I 82748791 549 
676 I 82853477 1504 
677 I 82860394 364 
678 I 83015139 1504 
679 I 83076731 1504 
680 I 83131059 1504 
681 I 83171335 1504 
682 I 83219947 1504 
683 I 83266556 1504 
684 I 83321074 1504 
685 I 83370868 1504 
686 I 83413588 1504 
687 I 84398436 1504 
688 I 84453389 1504 
689 I 84559017 1504 
690 I 84605829 1504 
691 I 84947088 1504 
692 I 84993762 1504 
693 I 85167075 1504 
694 I 85175669 710 
695 I 85231447 1504 
696 I 85247398 109 
697 I 86482439 1504 
698 I 86531349 1504 
699 I 86565895 1337 
700 I 87770697 1504 
701 I 87817828 1504 
702 I 87832416 549 
703 I 87882664 1504 
704 I 87889153 328 
705 I 89053251 1504 
706 I 89100979 1504 
707 I 89107699 456 
708 I 89336853 1504 
709 I 89342411 930 
710 I 90345136 1504 
711 I 90392064 1504 
712 I 90410105 1022 
713 I 90747032 1504 
714 I 90767126 1081 
715 I 91594009 1504 
716 I 91642860 1504 
717 I 91690793 1503 
718 I 92137264 1504 
719 I 92182048 1504 
720 I 92206933 1132 
721 I 92958512 1504 
722 I 93006137 1504 
723 I 93012466 298 
724 I 93063588 1504 
725 I 93067566 289 
726 I 93255983 1504 
727 I 93301443 1504 
728 I 93309676 283 
729 I 94385665 1365 
730 I 94438770 1504 
731 I 94486200 1504 
732 I 94493834 271 
733 I 94542440 1504 
734 I 94548850 520 
735 I 94612959 1504 
736 I 94619708 506 
737 I 94718158 1504 
738 I 94728327 495 
739 I 95560802 1504 
740 I 95608688 1504 
741 I 95615041 113 
742 I 95660003 1504 
743 I 95664488 248 
744 I 95714503 1504 
745 I 95720932 471 
746 I 95779763 1504 
747 I 95787254 716 
748 I 95905811 1504 
749 I 95943664 1338 
750 I 97241272 1504 
751 I 97288811 1504 
752 I 97295967 230 
753 I 97363674 1504 
754 I 97370515 296 
755 I 97496989 1219 
756 I 99199248 1504 
757 I 99244768 1504 
758 I 99296147 1504 
759 I 99339967 1504 
760 I 99389778 1504 
761 I 99446803 1504 
762 I 99482566 1504 
763 I 99532952 1504 
764 I 99538555 71 
765 I 100915785 1504 
766 I 100973899 1504 
767 I 101009393 1504 
768 I 101058226 1504 
769 I 101105359 1504 
770 I 101156319 1504 
771 I 101204620 1504 
772 I 101257443 1504 
773 I 101299246 1504 
774 I 102767772 1504 
775 I 102937392 1504 
776 I 102989720 1504 
777 I 103000661 253 
778 I 103041067 1504 
779 I 103047258 327 
780 I 103123880 1504 
781 I 103132613 317 
782 I 104504804 1504 
783 I 104511414 308 
784 I 104562449 1504 
785 I 104610041 1504 
786 I 104616432 299 
787 I 104671426 1504 
788 I 104680224 501 
789 I 104738712 1504 
790 I 104749336 568 
791 I 106132042 1504 
792 I 106150765 1044 
793 I 106254341 1504 
794 I 106302571 1504 
795 I 106307566 267 
796 I 106364587 1504 
797 I 106375132 517 
798 I 106429806 1504 
799 I 106436762 714 
800 I 107539271 1504 
801 I 107587949 1504 
802 I 107594945 521 
803 I 107763404 1504 
804 I 107770135 245 
805 I 107820315 1504 
806 I 107825266 464 
807 I 107930860 1504 
808 I 107936319 710 
809 I 107992846 1504 
810 I 107999077 234 
811 I 108935638 1504 
812 I 108980262 1504 
813 I 108987199 568 
814 I 110165557 1504 
815 I 110210555 1504 
816 I 110259984 1504 
817 I 110310686 1504 
818 I 110356881 1504 
819 I 110402517 1504 
820 I 110453014 1504 
821 I 110496915 1504 
822 I 110544904 1495 
823 I 111627575 1504 
824 I 111674011 1504 
825 I 111680364 206 
826 I 111738984 1504 
827 I 111744988 204 
828 I 111916492 1504 
829 I 111963758 1504 
830 I 111976526 202 
831 I 112020117 1504 
832 I 112028967 200 
833 I 112072465 1504 
834 I 112121593 1504 
835 I 112128989 198 
836 I 112174127 1504 
837 I 112180318 188 
838 I 113069152 1504 
839 I 113115818 1504 
840 I 113122323 195 
841 I 113385587 1504 
842 I 113389782 355 
843 I 113440684 1504 
844 I 113488582 1504 
845 I 113498708 498 
846 I 113550036 1504 
847 I 113556623 347 
848 I 113609884 1504 
849 I 113617389 343 
850 I 113670445 1504 
851 I 113676013 340 
852 I 113728869 1504 
853 I 113734903 185 
854 I 114506730 1504 
855 I 114553793 1504 
856 I 114560536 465 
857 I 115012338 1504 
858 I 115019385 468 
859 I 115170615 1504 
860 I 115177285 490 
861 I 115282420 1504 
862 I 115289679 631 
863 I 115347739 1504 
864 I 115358780 176 
865 I 115398199 1504 
866 I 115405183 478 
867 I 115461538 1504 
868 I 115468476 473 
869 I 115524382 1504 
870 I 115893873 1504 
871 I 115954418 1504 
872 I 115958931 171 
873 I 116282157 1504 
874 I 116303347 1140 
875 I 116375221 970 
876 I 118831816 1504 
877 I 119780947 1504 
878 I 119827646 1504 
879 I 119878059 1504 
880 I 119924769 1504 
881 I 119970209 1504 
882 I 120019946 1504 
883 I 120029714 848 
884 I 120977917 1504 
885 I 121029346 1504 
886 I 121035750 266 
887 I 121129172 1504 
888 I 121135643 261 
889 I 121185336 1504 
890 I 121237264 1504 
891 I 121244407 257 
892 I 121294713 1504 
893 I 121300047 252 
894 I 121995907 1504 
895 I 122043200 1504 
896 I 122074236 1252 
897 I 122134904 1504 
898 I 122140698 462 
899 I 122195720 1504 
900 I 122202473 454 
901 I 122256878 1504 
902 I 122263581 447 
903 I 122318489 1504 
904 I 122325754 230 
905 I 123049398 1504 
906 I 123095309 1504 
907 I 123102164 616 
908 I 123158806 1504 
909 I 123206411 1504 
910 I 123213848 563 
911 I 123269050 1504 
912 I 123276067 627 
913 I 123333455 1504 
914 I 123339892 214 
915 I 123390976 1504 
916 I 123395095 615 
917 I 124103761 1504 
918 I 124152858 1504 
919 I 124159739 560 
920 I 124266545 1504 
921 I 124273701 778 
922 I 124330503 1504 
923 I 124450085 1504 
924 I 124458346 785 
925 I 124527453 1504 
926 I 124534151 370 
927 I 124583505 1504 
928 I 124589547 769 
929 I 125389584 1504 
930 I 125436433 1504 
931 I 125440696 196 
932 I 125581757 1504 
933 I 125587273 711 
934 I 125644048 1504 
935 I 126110046 723 
936 I 129537241 1504 
937 I 130907495 316 
938 I 131886716 1504 
939 I 131941397 1504 
940 I 131985276 1504 
941 I 132786192 1504 
942 I 132841011 1504 
943 I 132844901 530 
944 I 132903706 1504 
945 I 132906855 482 
946 I 133337376 1504 
947 I 133382841 1504 
948 I 133388451 445 
949 I 133547611 1504 
950 I 133554874 903 
951 I 133805951 1504 
952 I 133861863 1504 
953 I 133893258 1163 
954 I 133982421 1504 
955 I 134631201 1504 
956 I 134678340 1504 
957 I 134726662 1470 
958 I 134778520 1504 
959 I 134814868 1431 
960 I 135753434 1504 
961 I 135776047 1061 
962 I 135898695 1504 
963 I 135949320 1504 
964 I 135992689 1504 
965 I 137074412 1504 
966 I 137420892 1504 
967 I 137427013 288 
968 I 137553531 1504 
969 I 137560254 504 
970 I 138629292 1504 
971 I 138638181 463 
972 I 138754080 1504 
973 I 138762096 675 
974 I 138941390 1504 
975 I 138945130 405 
976 I 140465622 1504 
977 I 140507332 1504 
978 I 140514763 127 
979 I 140609532 1504 
980 I 140619541 983 
981 I 140784971 1504 
982 I 141903566 1504 
983 I 141952112 1504 
984 I 141957650 327 
985 I 142011244 1504 
986 I 142019036 400 
987 I 142448039 1504 
988 I 142493356 1502 
989 I 143837754 1504 
990 I 143842484 700 
991 I 143897989 1504 
992 I 143949512 1457 
993 I 147839242 1504 
994 I 148043870 1504 
995 I 148052574 1504 
996 I 148127829 1504 
997 I 148135207 1504 
998 I 148142711 774 
999 I 148207406 1504 
1000 I 148216101 1504 
1001 I 148228663 628 
1002 I 148294086 1504 
1003 I 148301841 1277 
1004 I 148310442 1504 
1005 I 148318154 1077 
1006 I 148381915 1504 
1007 I 148388115 1504 
1008 I 148395697 228 
1009 I 148479075 400 
1010 I 148495392 564 
1011 I 148595051 1504 
1012 I 148644734 1504 
1013 I 148690418 1504 
1014 I 148735014 1457 
1015 I 148785029 1504 
1016 I 148918608 1504 
1017 I 148961978 1504 
1018 I 149009069 1504 
1019 I 149015371 173 
1020 I 149158049 1504 
1021 I 149205793 1504 
1022 I 149215568 516 
1023 I 149270661 1504 
1024 I 149278154 471 
1025 I 149431023 1504 
1026 I 149438105 567 
1027 I 149493178 1504 
1028 I 149558956 1504 
1029 I 149565164 389 
1030 I 149729015 1504 
1031 I 149775806 1504 
1032 I 149781627 172 
1033 I 149831761 1504 
1034 I 149838805 342 
1035 I 149890544 1504 
1036 I 149898955 883 
1037 I 150003749 1504 
1038 I 150054320 1504 
1039 I 150102250 1504 
1040 I 150150800 1504 
1041 I 150196208 1504 
1042 I 150250476 1504 
1043 I 150391486 1504 
1044 I 150436853 1504 
1045 I 150501236 1504 
1046 I 150508209 451 
1047 I 150727961 1082 
1048 I 150749629 901 
1049 I 150903678 1504 
1050 I 150954273 1504 
1051 I 150962885 134 
1052 I 151235750 1504 
1053 I 151283678 1504 
1054 I 151290703 752 
1055 I 151645267 1504 
1056 I 151729774 1504 
1057 I 151753238 1197 
1058 I 151998598 1504 
1059 I 152004663 451 
1060 I 152059538 1504 
1061 I 152296766 1203 
1062 I 152354848 1504 
1063 I 152360555 245 
1064 I 152409418 1504 
1065 I 152942055 1504 
1066 I 152949607 774 
1067 I 153100929 1504 
1068 I 153107755 628 
1069 I 153613490 1504 
1070 I 153647102 1277 
1071 I 154089927 1504 
1072 I 154110568 1077 
1073 I 154756763 1504 
1074 I 154804088 1504 
1075 I 154810339 228 
1076 I 155662967 1504 
1077 I 155671833 424 
1078 I 156220088 1504 
1079 I 156266970 1504 
1080 I 156317347 1504 
1081 I 156325144 309 
1082 I 156717831 1504 
1083 I 156747413 1232 
1084 I 157520682 1504 
1085 I 157565654 1504 
1086 I 157572718 336 
1087 I 157694926 1504 
1088 I 157704654 325 
1089 I 158030225 1504 
1090 I 158076792 1504 
1091 I 158083702 568 
1092 I 158760253 1504 
1093 I 158804845 1504 
1094 I 158812090 297 
1095 I 158997830 1504 
1096 I 159005909 582 
1097 I 159283289 1504 
1098 I 159333471 1504 
1099 I 159651516 1504 
1100 I 159699219 1504 
1101 I 160025050 726 
1102 I 160317785 1504 
1103 I 160325676 123 
1104 I 160590084 797 
1105 I 164945800 1504 
1106 I 166472809 1504 
1107 I 166521665 1504 
1108 I 167775474 1064 
1109 I 167926701 1504 
1110 I 167976235 1504 
1111 I 168013065 1358 
1112 I 169002829 1504 
1113 I 169176508 1504 
1114 I 169188288 547 
1115 I 169239965 1504 
1116 I 169249132 347 
1117 I 170459178 1504 
1118 I 170500930 1504 
1119 I 170636092 1504 
1120 I 171412424 1504 
1121 I 171461374 1504 
1122 I 171484088 1039 
1123 I 171706336 1504 
1124 I 172703638 455 
1125 I 172720045 927 
1126 I 172881933 1504 
1127 I 172991669 1504 
1128 I 173374464 1504 
1129 I 174573825 1504 
1130 I 174618196 1504 
1131 I 174624445 173 
1132 I 174863161 1504 
1133 I 174870029 516 
1134 I 175840003 1504 
1135 I 175895736 1504 
1136 I 175903816 471 
1137 I 176091191 1504 
1138 I 177116448 1504 
1139 I 177166229 1504 
1140 I 177191845 1188 
1141 I 177464893 1504 
1142 I 177483915 1080 
1143 I 178470432 1504 
1144 I 178638423 1504 
1145 I 179123111 1504 
1146 I 179185690 1504 
1147 I 180001793 1504 
1148 I 180159674 1504 
1149 I 180526544 1504 
1150 I 180567963 1504 
1151 I 181285480 1504 
1152 I 181339381 1504 
1153 I 181457289 1504 
1154 I 181782076 1504 
1155 I 181892892 1504 
1156 I 182872879 1504 
1157 I 182927999 1504 
1158 I 182969619 1504 
1159 I 183015295 1504 
1160 I 183064758 1504 
1161 I 183111127 1504 
1162 I 183162767 1504 
1163 I 183185819 1176 
1164 I 183249208 461 
1165 I 183456989 1504 
1166 I 184627638 1504 
1167 I 184674960 1504 
1168 I 184728692 1504 
1169 I 184773160 1504 
1170 I 184779154 692 
1171 I 184964034 1504 
1172 I 185967126 1504 
1173 I 185975478 372 
1174 I 186022951 1504 
1175 I 186029893 356 
1176 I 186240252 1504 
1177 I 186462664 1504 
1178 I 186469925 331 
1179 I 187401703 1504 
1180 I 187408603 648 
1181 I 187467454 1504 
1182 I 187471917 622 
1183 I 187670642 1504 
1184 I 187676933 302 
1185 I 187730920 1504 
1186 I 188586749 1504 
1187 I 188635007 1504 
1188 I 188683296 1504 
1189 I 188731443 1504 
1190 I 189172288 1504 
1191 I 189223213 1504 
1192 I 189269981 1504 
1193 I 189812982 1504 
1194 I 189994398 1504 
1195 I 190101308 1504 
1196 I 190157515 1504 
1197 I 190607053 1504 
1198 I 190651678 1504 
1199 I 190699653 1504 
1200 I 190751592 1504 
1201 I 191151733 1504 
1202 I 191201462 1504 
1203 I 191623860 1504 
1204 I 191669090 1504 
1205 I 192376747 1504 
1206 I 192426977 1504 
1207 I 192467087 1504 
1208 I 192514555 1504 
1209 I 192564047 1504 
1210 I 192612344 1504 
1211 I 192658780 1504 
1212 I 192705840 1504 
1213 I 192713177 712 
1214 I 192775913 1504 
1215 I 192823012 1504 
1216 I 192868127 1504 
1217 I 193295090 1504 
1218 I 193362465 1504 
1219 I 193544140 1504 
1220 I 193588681 1504 
1221 I 194625242 1504 
1222 I 194856547 1504 
1223 I 194904625 1504 
1224 I 195047274 111 
1225 I 199685637 1090 
1226 I 201181777 1504 
1227 I 201231196 1504 
1228 I 202065108 1504 
1229 I 202112737 1504 
1230 I 202159496 1504 
1231 I 203641144 1504 
1232 I 203691838 1504 
1233 I 203737631 1504 
1234 I 203786608 1504 
1235 I 203792924 409 
1236 I 205380927 1504 
1237 I 205418418 1504 
1238 I 205429914 387 
1239 I 205476199 1504 
1240 I 205485629 369 
1241 I 205537426 1504 
1242 I 205544393 719 
1243 I 207066714 1504 
1244 I 207107581 1504 
1245 I 207114193 340 
1246 I 207163783 1504 
1247 I 207170737 672 
1248 I 207238524 1504 
1249 I 207240833 643 
1250 I 208682437 1504 
1251 I 208729375 1504 
1252 I 208763031 1240 
1253 I 208817075 1504 
1254 I 208825051 589 
1255 I 208879724 1504 
1256 I 208887322 914 
1257 I 210200881 1504 
1258 I 210247979 1504 
1259 I 210272778 1107 
1260 I 210324304 1504 
1261 I 210392442 1504 
1262 I 210402692 767 
1263 I 210450706 1504 
1264 I 211518014 1504 
1265 I 211564654 1504 
1266 I 211570914 253 
1267 I 211687252 1504 
1268 I 211733258 1504 
1269 I 211784341 1504 
1270 I 211792176 53 
1271 I 211833086 1504 
1272 I 212132458 45 
1273 I 212653201 1504 
1274 I 212675586 1128 
1275 I 212729961 1504 
1276 I 213151705 1504 
1277 I 213199328 1504 
1278 I 213247031 1504 
1279 I 213297443 1504 
1280 I 213303420 249 
1281 I 214266683 964 
1282 I 215262448 1504 
1283 I 215309209 1504 
1284 I 216286448 1504 
1285 I 216332247 1504 
1286 I 216339606 774 
1287 I 217253737 1504 
1288 I 217303214 1504 
1289 I 217315765 628 
1290 I 218194035 1504 
1291 I 218240270 1504 
1292 I 218291025 1504 
1293 I 218297568 266 
1294 I 219031786 1504 
1295 I 219080570 1504 
1296 I 219124122 1419 
1297 I 219173727 1504 
1298 I 219180333 400 
1299 I 219805218 1504 
1300 I 219852451 1504 
1301 I 219859051 921 
1302 I 219928525 1504 
1303 I 219935132 264 
1304 I 219980656 1504 
1305 I 219985366 692 
1306 I 220546252 1504 
1307 I 220591996 1504 
1308 I 220598530 325 
1309 I 221029171 1504 
1310 I 221074294 1504 
1311 I 221080391 212 
1312 I 221130523 1504 
1313 I 221385880 1504 
1314 I 221435913 1504 
1315 I 221439069 290 
1316 I 221587591 1504 
1317 I 221635371 1504 
1318 I 221642547 797 
1319 I 221851018 1504 
1320 I 221857207 439 
1321 I 222153637 1504 
1322 I 222163916 945 
1323 I 222223669 1504 
1324 I 222515914 1504 
1325 I 222661249 1504 
1326 I 222709944 1504 
1327 I 223065610 1504 
1328 I 223110876 1504 
1329 I 223159544 1504 
1330 I 223697428 1504 
1331 I 223702759 228 
1332 I 223928968 1504 
1333 I 223973921 1504 
1334 I 223980913 397 
1335 I 224034284 1504 
1336 I 224040852 378 
1337 I 224441249 1473 
1338 I 225189368 1504 
1339 I 225237563 1504 
1340 I 225284759 1504 
1341 I 225330857 1504 
1342 I 225377843 1504 
1343 I 225385001 913 
1344 I 226004789 1504 
1345 I 226051446 1504 
1346 I 226060811 304 
1347 I 226110851 1504 
1348 I 226118823 296 
1349 I 226231099 1504 
1350 I 226277939 1504 
1351 I 226284376 289 
1352 I 226863240 1504 
1353 I 226911641 1504 
1354 I 226955441 1383 
1355 I 227077154 1504 
1356 I 227084061 530 
1357 I 227202374 1504 
1358 I 227209159 517 
1359 I 227266244 1504 
1360 I 228050511 1504 
1361 I 228100277 1504 
1362 I 228106561 255 
1363 I 228153641 1504 
1364 I 228160114 130 
1365 I 228248783 1504 
1366 I 228312873 1504 
1367 I 228319510 716 
1368 I 228375271 1504 
1369 I 228382492 239 
1370 I 229111875 1504 
1371 I 229119208 505 
1372 I 229176125 1504 
1373 I 229231756 1504 
1374 I 229272307 1504 
1375 I 229793242 1504 
1376 I 229840447 1504 
1377 I 229889140 1504 
1378 I 229936475 1504 
1379 I 229984507 1504 
1380 I 230663208 1504 
1381 I 230823111 1504 
1382 I 230942987 1504 
1383 I 231091902 1504 
1384 I 231241737 1504 
1385 I 231290654 1504 
1386 I 231440204 1504 
1387 I 231641804 1504 
1388 I 232545053 1504 
1389 I 232592128 1504 
1390 I 232600975 942 
1391 I 232818253 1504 
1392 I 232909661 1504 
1393 I 233120440 1504 
1394 I 233222646 1504 
1395 I 234488260 1504 
1396 I 234527471 1504 
1397 I 234571798 1504 
1398 I 234621937 1504 
1399 I 234668032 1504 
1400 I 234721457 1504 
1401 I 234784773 1504 
1402 I 234810493 1504 
1403 I 234863793 1504 
1404 I 234905934 1504 
1405 I 234963107 1504 
1406 I 235000481 1504 
1407 I 235248813 1504 
1408 I 235393880 1504 
1409 I 236789240 1504 
1410 I 236837471 1504 
1411 I 236891922 1504 
1412 I 236934553 1504 
1413 I 236943540 223 
1414 I 236987695 1504 
1415 I 238003938 1504 
1416 I 238052931 1504 
1417 I 238059924 603 
1418 I 238119324 1504 
1419 I 238125654 309 
1420 I 238237603 1504 
1421 I 238250811 479 
1422 I 238477920 1504 
1423 I 238484533 293 
1424 I 239922928 1504 
1425 I 239975362 1504 
1426 I 239980580 286 
1427 I 240038435 838 
1428 I 240153921 1504 
1429 I 240161749 538 
1430 I 240449462 1504 
1431 I 240479535 1170 
1432 I 241701837 1504 
1433 I 241750427 1504 
1434 I 241757472 258 
1435 I 241809643 1504 
1436 I 241854444 1504 
1437 I 242206382 1504 
1438 I 242260365 1504 
1439 I 243430489 1504 
1440 I 243496568 1504 
1441 I 243546424 1504 
1442 I 243589630 1504 
1443 I 244436695 1504 
1444 I 244484320 1504 
1445 I 244490361 183 
1446 I 244537040 1504 
1447 I 244546327 400 
1448 I 244696450 1504 
1449 I 244702990 380 
1450 I 246250989 1504 
1451 I 246298767 1504 
1452 I 246305834 363 
1453 I 246355756 1473 
1454 I 248394605 1504 
1455 I 248440012 1504 
1456 I 248487034 1504 
1457 I 248534599 1504 
1458 I 248560941 1141 
1459 I 250134323 1504 
1460 I 250181762 1504 
1461 I 250232773 1504 
1462 I 250278415 1504 
1463 I 250331597 1504 
1464 I 251445665 1504 
1465 I 251495192 1504 
1466 I 251500751 369 
1467 I 251553758 1504 
1468 I 251560441 497 
1469 I 252693003 1504 
1470 I 252741695 1504 
1471 I 252749452 457 
1472 I 252809753 1504 
1473 I 252817425 751 
1474 I 253635516 1504 
1475 I 253681749 1504 
1476 I 253708851 1192 
1477 I 253768265 1504 
1478 I 253773568 777 
1479 I 254071654 1504 
1480 I 254119862 1504 
1481 I 254156966 1349 
1482 I 254300522 1504 
1483 I 254346588 1504 
1484 I 254364480 1017 
1485 I 254738112 1504 
1486 I 254784707 1504 
1487 I 254795292 306 
1488 I 254924985 1504 
1489 I 254936772 143 
1490 I 255075696 1504 
1491 I 255123116 1504 
1492 I 255129597 290 
1493 I 255231032 1504 
1494 I 255276805 1504 
1495 I 255321563 1490 
1496 I 255483279 1504 
1497 I 255687829 1504 
1498 I 255696749 365 
1499 I 255746819 1504 
1500 I 255753750 261 
1501 I 256109081 1504 
1502 I 256116788 502 
1503 I 256267988 1504 
1504 I 256319647 1504 
1505 I 256328608 238 
1506 I 256765360 1504 
1507 I 256771726 248 
1508 I 256823463 1504 
1509 I 256831728 533 
1510 I 261110138 470 
1511 I 261866743 1504 
1512 I 261923393 1504 
1513 I 262821571 1504 
1514 I 262868177 1504 
1515 I 262876299 774 
1516 I 263841484 1504 
1517 I 263886749 1504 
1518 I 263895156 628 
1519 I 264701929 1504 
1520 I 264751752 1504 
1521 I 264796435 1504 
1522 I 264803218 266 
1523 I 265526931 1504 
1524 I 265575399 1504 
1525 I 265618889 1419 
1526 I 265667237 1504 
1527 I 265673825 400 
1528 I 266547308 1504 
1529 I 266596320 1504 
1530 I 266603553 921 
1531 I 266661525 1504 
1532 I 266667868 264 
1533 I 266720428 1504 
1534 I 268030789 1504 
1535 I 268079653 1504 
1536 I 268086149 325 
1537 I 268138528 1504 
1538 I 268186178 1504 
1539 I 268192182 212 
1540 I 268306676 1504 
1541 I 268314757 297 
1542 I 269479231 1504 
1543 I 269542589 1504 
1544 I 269590877 1504 
1545 I 269646327 1504 
1546 I 269691279 1504 
1547 I 269785514 1504 
1548 I 269833359 1504 
1549 I 270756544 1504 
1550 I 270919388 1504 
1551 I 270966509 1504 
1552 I 271020275 1504 
1553 I 271060595 1504 
1554 I 271128463 1504 
1555 I 271283965 1504 
1556 I 271932041 1504 
1557 I 272487149 1504 
1558 I 272819681 1504 
1559 I 272863531 1504 
1560 I 272912818 1504 
1561 I 272985259 1504 
1562 I 273033741 1504 
1563 I 273353357 1504 
1564 I 273604923 1504 
1565 I 273649124 1504 
1566 I 273696398 1504 
1567 I 273746928 1504 
1568 I 273791929 1504 
1569 I 273839102 1466 
1570 I 274899358 1504 
1571 I 275327494 1504 
1572 I 275374924 1504 
1573 I 275420765 1504 
1574 I 275469008 1504 
1575 I 275519730 1504 
1576 I 275526739 549 
1577 I 276090870 1504 
1578 I 276907176 1504 
1579 I 276913519 317 
1580 I 276970192 1504 
1581 I 276975570 307 
1582 I 277028032 1504 
1583 I 277073697 1504 
1584 I 277080719 299 
1585 I 277670559 1504 
1586 I 277687904 1037 
1587 I 278576830 1504 
1588 I 278584335 551 
1589 I 278793305 1504 
1590 I 278800851 535 
1591 I 278861327 1504 
1592 I 278867673 267 
1593 I 278920768 1504 
1594 I 278925322 517 
1595 I 279287408 1504 
1596 I 279322673 1250 
1597 I 280171768 1504 
1598 I 280282631 1504 
1599 I 280290341 739 
1600 I 280352032 1504 
1601 I 280354796 467 
1602 I 280409008 1504 
1603 I 280416875 714 
1604 I 281021306 1504 
1605 I 281025972 237 
1606 I 282034050 1504 
1607 I 282082853 1504 
1608 I 282089782 167 
1609 I 282135343 1504 
1610 I 282252795 759 
1611 I 282308649 1504 
1612 I 282357387 1504 
1613 I 282404890 1504 
1614 I 282491162 1504 
1615 I 282540088 1504 
1616 I 283731645 1504 
1617 I 283780021 1504 
1618 I 283827987 1504 
1619 I 283874147 1504 
1620 I 285238470 1504 
1621 I 285286545 1504 
1622 I 285323252 1346 
1623 I 285375111 1504 
1624 I 285381209 342 
1625 I 285625771 1504 
1626 I 285636888 330 
1627 I 286846543 1504 
1628 I 286852746 206 
1629 I 288118989 1504 
1630 I 288166832 1504 
1631 I 288217349 1504 
1632 I 288263344 1504 
1633 I 288309022 1504 
1634 I 288357231 1504 
1635 I 288363652 300 
1636 I 288825710 45 
1637 I 289526138 1504 
1638 I 289573977 1504 
1639 I 289582242 279 
1640 I 289632313 1504 
1641 I 289637350 274 
1642 I 289689980 1504 
1643 I 289738075 1504 
1644 I 289744427 268 
1645 I 289793885 1504 
1646 I 289800447 263 
1647 I 290863233 1504 
1648 I 290910974 1504 
1649 I 290976875 1504 
1650 I 290982970 480 
1651 I 291252999 1504 
1652 I 291260134 472 
1653 I 291306779 1504 
1654 I 291315611 462 
1655 I 291368632 1504 
1656 I 291374555 235 
1657 I 292373462 1504 
1658 I 292427572 1504 
1659 I 292431944 635 
1660 I 292486929 1504 
1661 I 293085603 1504 
1662 I 293133286 1504 
1663 I 293180851 1504 
1664 I 293232397 1504 
1665 I 293280282 1504 
1666 I 293341978 1504 
1667 I 293954254 1504 
1668 I 294002292 1504 
1669 I 294049061 1504 
1670 I 294253027 1504 
1671 I 294863688 1504 
1672 I 294911261 1504 
1673 I 294960100 1504 
1674 I 295008206 1504 
1675 I 295054583 1504 
1676 I 295165067 1504 
1677 I 295218791 1504 
1678 I 295698267 1504 
1679 I 295841204 1504 
1680 I 295890049 1504 
1681 I 295935769 1504 
1682 I 296410026 1504 
1683 I 296459152 1504 
1684 I 296522883 1504 
1685 I 296571010 1504 
1686 I 296619511 1504 
1687 I 296665494 1504 
1688 I 296717910 1504 
1689 I 296760171 1504 
1690 I 296808863 1504 
1691 I 296855545 1504 
1692 I 296905408 1504 
1693 I 296911922 145 
1694 I 297006169 1504 
1695 I 298351821 1504 
1696 I 298399942 1504 
1697 I 298452764 1504 
1698 I 298495320 1504 
1699 I 298544707 1504 
1700 I 298584395 1402 
1701 I 299908441 1504 
