0 I 0 199 
1 I 1039937 101 
2 I 1987789 44 
3 I 2227467 44 
4 I 2964148 101 
5 I 4848459 120 
6 I 4889163 44 
7 I 6845476 158 
8 I 7741199 44 
9 I 8759675 101 
10 I 9732810 44 
11 I 11606513 215 
12 I 11645003 161 
13 I 13533211 132 
14 I 13548439 101 
15 I 13630068 197 
16 I 16504412 44 
17 I 18423795 88 
18 I 19362763 101 
19 I 21332459 142 
20 I 22248948 44 
21 I 26153453 87 
22 I 27088029 101 
23 I 29013298 44 
24 I 31949219 44 
25 I 33851361 229 
26 I 33917870 101 
27 I 37728001 195 
28 I 38726555 101 
29 I 41573725 97 
30 I 42619817 258 
31 I 45477658 82 
32 I 47435070 101 
33 I 50323570 138 
34 I 50323570 101 
35 I 52212455 101 
36 I 52235135 44 
37 I 52286929 404 
38 I 53196508 82 
39 I 53196549 189 
40 I 55164740 86 
41 I 57106092 145 
42 I 58966546 215 
43 I 59987921 93 
44 I 60947922 201 
45 I 62882901 44 
46 I 64788729 44 
47 I 65779638 94 
48 I 69673349 151 
49 I 72509201 44 
50 I 73467815 101 
51 I 74453365 44 
52 I 79340138 316 
53 I 80284825 145 
54 I 80370161 85 
55 I 83166713 101 
56 I 84106980 85 
57 I 84232455 101 
58 I 85119553 93 
59 I 85356929 101 
60 I 86495868 88 
61 I 86902803 44 
62 I 87221494 101 
63 I 88229272 44 
64 I 89816390 44 
65 I 89829651 101 
66 I 90021192 44 
67 I 91433234 44 
68 I 91460448 101 
69 I 91688630 101 
70 I 91909600 97 
71 I 92338141 44 
72 I 93341330 44 
73 I 93930607 44 
74 I 94891403 101 
75 I 94924153 44 
76 I 95439130 76 
77 I 95885368 101 
78 I 96871094 101 
79 I 97888705 101 
80 I 99576833 44 
81 I 100784425 44 
82 I 101299642 44 
83 I 101551063 76 
84 I 101902876 44 
85 I 102634353 44 
86 I 102899591 44 
87 I 103402032 44 
88 I 103599150 44 
89 I 103830161 101 
90 I 104724508 44 
91 I 105042189 101 
92 I 107285656 101 
93 I 107582460 101 
94 I 107885741 81 
95 I 108631097 44 
96 I 109837230 44 
97 I 111046858 44 
98 I 111242458 105 
99 I 111737725 101 
100 I 113670586 44 
101 I 114880440 44 
102 I 115885410 44 
103 I 116285121 44 
104 I 116688595 88 
105 I 117318782 95 
106 I 118244425 44 
107 I 118266937 85 
108 I 119173760 146 
109 I 121124539 215 
110 I 122075677 215 
111 I 122084767 44 
112 I 122125066 44 
113 I 122131711 88 
114 I 123049348 44 
115 I 123079472 215 
116 I 123147608 101 
117 I 124054085 97 
118 I 124967387 88 
119 I 125948209 101 
120 I 126033338 101 
121 I 126906983 44 
122 I 127235678 44 
123 I 127539656 44 
124 I 129835740 101 
125 I 130826279 77 
126 I 131765000 101 
127 I 132745749 145 
128 I 133697920 44 
129 I 133792700 103 
130 I 134677243 44 
131 I 135096527 44 
132 I 136589120 44 
133 I 137909368 44 
134 I 138126969 101 
135 I 138978197 101 
136 I 140245476 89 
137 I 140917274 44 
138 I 141115891 44 
139 I 141422891 44 
140 I 142631779 44 
141 I 143643131 44 
142 I 143931966 44 
143 I 144016685 101 
144 I 145938952 250 
145 I 146403288 85 
146 I 147382782 145 
147 I 148261849 44 
148 I 148458382 44 
149 I 149307173 44 
150 I 149372461 97 
151 I 150292434 44 
152 I 151191405 101 
153 I 152134613 44 
154 I 152150500 101 
155 I 153101386 88 
156 I 153150593 101 
157 I 154105765 214 
158 I 155102116 44 
159 I 156019887 44 
160 I 156323333 44 
161 I 156334460 101 
162 I 157005114 44 
163 I 157948893 101 
164 I 158915106 101 
165 I 158939365 44 
166 I 159186296 82 
167 I 159884748 88 
168 I 160202537 97 
169 I 163083843 101 
170 I 163520624 101 
171 I 167245412 76 
172 I 167482216 101 
173 I 167870167 44 
174 I 168074062 44 
175 I 168483580 44 
176 I 169094864 44 
177 I 169701174 44 
178 I 169735155 101 
179 I 170124690 101 
180 I 170710824 44 
181 I 170812427 101 
182 I 173208629 95 
183 I 173502954 44 
184 I 173802727 88 
185 I 174188023 101 
186 I 174508151 90 
187 I 174904655 88 
188 I 175115698 44 
189 I 175315958 44 
190 I 175536687 84 
191 I 175722195 44 
192 I 176325250 44 
193 I 176754183 104 
194 I 177109509 101 
195 I 178018360 100 
196 I 178534604 101 
197 I 178754284 93 
198 I 179554255 44 
199 I 179674343 83 
200 I 180045291 44 
201 I 180242614 44 
202 I 180448498 44 
203 I 181270086 97 
204 I 181485445 88 
205 I 181858207 44 
206 I 182045432 101 
207 I 182357252 44 
208 I 182587846 96 
209 I 184430319 88 
210 I 184652854 101 
211 I 185392701 100 
212 I 186531904 76 
213 I 186880483 44 
214 I 187339399 88 
215 I 188091756 44 
216 I 188924688 84 
217 I 189110010 44 
218 I 189280323 272 
219 I 190270068 101 
220 I 192174442 91 
221 I 192212850 44 
222 I 193141298 100 
223 I 193192723 147 
224 I 194091365 44 
225 I 194101226 44 
226 I 194223009 44 
227 I 195076602 44 
228 I 195202290 101 
229 I 195434104 44 
230 I 195634263 44 
231 I 196199072 101 
232 I 196535541 158 
233 I 197034635 44 
234 I 197245394 44 
235 I 198771813 44 
236 I 198985114 88 
237 I 199847093 101 
238 I 200998030 44 
239 I 201025445 148 
240 I 201974523 88 
241 I 202903914 88 
242 I 203891644 44 
243 I 204096485 44 
244 I 204844574 101 
245 I 205126061 97 
246 I 205397351 44 
247 I 205796449 44 
248 I 206515884 88 
249 I 208064712 101 
250 I 208430155 158 
251 I 210317769 101 
252 I 210728582 44 
253 I 211051124 101 
254 I 211621544 88 
255 I 212630859 44 
256 I 213064988 101 
257 I 214647675 44 
258 I 216152695 86 
259 I 216391001 89 
260 I 217066122 44 
261 I 217784183 106 
262 I 218017635 101 
263 I 218112210 101 
264 I 218988060 44 
265 I 219287066 44 
266 I 219573306 44 
267 I 219873084 44 
268 I 221187680 44 
269 I 222474294 158 
270 I 222720703 88 
271 I 222930374 92 
272 I 223266290 101 
273 I 223523271 44 
274 I 224174858 88 
275 I 224549831 85 
276 I 224671821 44 
277 I 225451789 101 
278 I 227124319 158 
279 I 228358587 476 
280 I 228629409 44 
281 I 228747377 101 
282 I 229130199 44 
283 I 229930171 44 
284 I 230136612 44 
285 I 230842318 44 
286 I 231037350 44 
287 I 231447250 44 
288 I 232028891 76 
289 I 232453284 44 
290 I 232850326 44 
291 I 233048716 44 
292 I 233472275 158 
293 I 233799031 93 
294 I 234719669 102 
295 I 235285056 44 
296 I 235292965 88 
297 I 236067095 44 
298 I 236474273 44 
299 I 236672568 44 
300 I 236871674 44 
301 I 237584688 44 
302 I 239187821 44 
303 I 240298493 44 
304 I 240592501 44 
305 I 241299722 44 
306 I 242208735 44 
307 I 242611808 44 
308 I 242820646 391 
309 I 244271463 88 
310 I 245226151 137 
311 I 245226932 44 
312 I 246165899 102 
313 I 246212612 150 
314 I 247134656 257 
315 I 247165071 44 
316 I 247172969 85 
317 I 248162735 44 
318 I 249123030 44 
319 I 249131847 88 
320 I 250060686 101 
321 I 251084891 44 
322 I 251085499 101 
323 I 252006975 102 
324 I 252934659 101 
325 I 253181504 44 
326 I 253437902 98 
327 I 253775918 44 
328 I 253972112 44 
329 I 254879275 44 
330 I 256082083 44 
331 I 256595957 44 
332 I 257996197 44 
333 I 258402347 44 
334 I 258698187 44 
335 I 259100046 44 
336 I 262980591 308 
337 I 263339726 44 
338 I 263730119 44 
339 I 263931759 44 
340 I 264816523 44 
341 I 268354166 44 
342 I 269575043 44 
343 I 271974953 44 
344 I 272378378 44 
345 I 276107931 44 
346 I 276302905 44 
347 I 276803364 44 
348 I 277015032 44 
349 I 277306439 44 
350 I 278322257 44 
351 I 278489451 507 
352 I 286611882 44 
353 I 288570735 196 
354 I 291449631 215 
355 I 291457306 44 
356 I 293444531 198 
357 I 294335130 44 
358 I 294389044 1318 
359 I 295325185 101 
360 I 295340271 44 
361 I 297301481 88 
362 I 297309086 44 
363 I 298269447 44 
364 I 298287978 44 
