0 I 0 44 
1 I 1551663 1504 
2 I 1599261 1504 
3 I 3991626 1504 
4 I 4037462 1504 
5 I 4086161 1504 
6 I 7504120 1504 
7 I 7552053 1504 
8 I 7599538 1504 
9 I 7649709 1504 
10 I 12620207 1504 
11 I 12671869 1504 
12 I 12717512 1504 
13 I 12765164 1504 
14 I 12810315 1504 
15 I 12858941 1504 
16 I 15492154 1504 
17 I 15538822 1504 
18 I 15608010 1504 
19 I 15650227 1504 
20 I 16001853 1504 
21 I 16047832 1504 
22 I 18786097 1504 
23 I 18832861 1504 
24 I 19471506 1504 
25 I 19520232 1504 
26 I 20115671 1504 
27 I 20160533 1504 
28 I 23883792 1504 
29 I 23930185 1504 
30 I 23981196 1504 
31 I 24026795 1504 
32 I 26921832 1504 
33 I 26967914 1504 
34 I 27016501 1504 
35 I 27065388 1504 
36 I 27114404 1504 
37 I 27161972 1504 
38 I 29526688 1504 
39 I 29574296 1504 
40 I 29996367 1504 
41 I 30046778 1504 
42 I 30093078 1504 
43 I 30199012 1504 
44 I 32876803 1504 
45 I 32921832 1504 
46 I 33219364 567 
47 I 34690670 44 
48 I 76368759 52 
49 I 78120333 220 
50 I 78126858 44 
51 I 79239717 44 
