0 I 0 44 
1 I 772485 44 
2 I 1533022 44 
3 I 2432544 44 
4 I 3287257 44 
5 I 4422575 44 
6 I 5914046 44 
7 I 6806930 44 
8 I 7740937 44 
9 I 8075549 44 
10 I 9413838 44 
11 I 10531185 44 
12 I 11072192 44 
13 I 12480129 44 
14 I 13772676 44 
15 I 14340774 44 
16 I 15550004 44 
17 I 16342707 44 
18 I 17382276 44 
19 I 18269264 44 
20 I 18774282 44 
21 I 20160489 44 
22 I 21477812 44 
23 I 22320577 44 
24 I 23561748 44 
25 I 24784915 44 
26 I 27220170 44 
27 I 27929348 44 
28 I 28556946 44 
29 I 29383455 44 
30 I 30340575 44 
31 I 31032466 44 
32 I 32352781 44 
33 I 33578625 44 
34 I 34111794 44 
35 I 36702070 44 
36 I 37623037 44 
37 I 38397146 44 
38 I 39063320 44 
39 I 39739888 44 
40 I 41442932 44 
41 I 42462958 44 
42 I 43487601 44 
43 I 44294839 44 
44 I 45392218 44 
45 I 48486339 44 
46 I 49559355 44 
47 I 50979514 44 
48 I 51988362 44 
49 I 52699897 44 
50 I 53581606 44 
51 I 54301065 44 
52 I 55365401 44 
53 I 56081905 44 
54 I 57215839 44 
55 I 58301554 44 
56 I 59203027 44 
57 I 60263232 44 
58 I 61528368 44 
59 I 62234905 44 
60 I 63258130 44 
61 I 64552364 44 
62 I 65613426 44 
63 I 66502937 44 
64 I 67435702 44 
65 I 68022195 44 
66 I 69141270 44 
67 I 70627914 44 
68 I 71319675 44 
69 I 74021499 44 
70 I 75064524 44 
71 I 77601211 44 
72 I 78480555 44 
73 I 80299171 44 
74 I 81439897 44 
75 I 82830589 44 
76 I 83104237 44 
77 I 83945958 44 
78 I 85523185 44 
79 I 86955176 44 
80 I 89236190 44 
81 I 90102348 44 
82 I 91689425 44 
83 I 92244892 44 
84 I 93387033 44 
85 I 94034413 44 
86 I 94918105 44 
87 I 96321133 44 
88 I 97802555 44 
89 I 98329805 44 
90 I 99606387 44 
91 I 100518465 44 
92 I 102138534 44 
93 I 102803110 44 
94 I 103042605 44 
95 I 104219218 44 
96 I 104703642 44 
97 I 105978053 44 
98 I 107248851 44 
99 I 108113666 44 
100 I 108873753 44 
101 I 110005962 44 
102 I 111515955 44 
103 I 112863841 44 
104 I 113155693 44 
105 I 114477524 44 
106 I 115669851 44 
107 I 116463101 44 
108 I 117010113 44 
109 I 290492381 52 
110 I 290622566 44 
111 I 290657314 456 
112 I 291414364 44 
113 I 292004121 44 
114 I 293167911 44 
115 I 294517388 44 
116 I 295070521 44 
117 I 296495197 44 
118 I 297328758 44 
119 I 298108234 44 
