0 I 0 52 
1 I 157366 1504 
2 I 166250 1504 
3 I 234988 1504 
4 I 244459 1504 
5 I 253077 1504 
6 I 313944 1504 
7 I 323170 1504 
8 I 332459 1504 
9 I 382866 1504 
10 I 395079 1504 
11 I 404518 1504 
12 I 414475 1504 
13 I 423976 1504 
14 I 433328 1504 
15 I 465146 1504 
16 I 473871 1504 
17 I 483308 1504 
18 I 496651 1504 
19 I 554011 1504 
20 I 563176 1504 
21 I 572449 1504 
22 I 1019661 1504 
23 I 1030791 1504 
24 I 1039633 1504 
25 I 1049731 1504 
26 I 1058676 1504 
27 I 1068052 1504 
28 I 1077757 1504 
29 I 1087654 1504 
30 I 1096848 1504 
31 I 1110933 1504 
32 I 1121667 1504 
33 I 1131690 1504 
34 I 1143139 1504 
35 I 1153538 1504 
36 I 1165932 1504 
37 I 1175123 1504 
38 I 1184179 1504 
39 I 1195457 1504 
40 I 1206751 1504 
41 I 1217367 1504 
42 I 1226675 1504 
43 I 2019172 1504 
44 I 2030195 1504 
45 I 2039230 1504 
46 I 2044686 479 
47 I 2115329 1504 
48 I 2124575 1504 
49 I 2134275 1504 
50 I 2143874 1504 
51 I 2156518 1504 
52 I 2165775 1504 
53 I 2175019 1504 
54 I 2185211 1504 
55 I 2195321 1504 
56 I 2204566 1504 
57 I 2215431 1504 
58 I 2224261 1504 
59 I 2235288 1504 
60 I 2250381 1504 
61 I 2260401 1504 
62 I 2269991 1504 
63 I 2279075 1504 
64 I 2290193 1504 
65 I 3019346 1504 
66 I 3030769 1504 
67 I 3040023 1504 
68 I 3049592 1504 
69 I 3058936 1504 
70 I 3067773 1504 
71 I 3077192 1504 
72 I 3086913 1504 
73 I 3098805 1504 
74 I 3110644 1504 
75 I 3119878 1504 
76 I 3129165 1504 
77 I 3137994 1504 
78 I 3150603 1504 
79 I 3159685 1504 
80 I 3168730 1504 
81 I 3177677 1504 
82 I 3190643 1504 
83 I 3200433 1504 
84 I 3211589 1504 
85 I 3224233 1504 
86 I 4018890 1504 
87 I 4031764 1504 
88 I 4040978 1504 
89 I 4050870 1504 
90 I 4061707 1504 
91 I 4072405 1504 
92 I 4081652 1504 
93 I 4090690 1504 
94 I 4100207 1504 
95 I 4109369 1492 
96 I 4118054 1504 
97 I 4127442 1504 
98 I 4136451 1504 
99 I 4150493 1504 
100 I 4160987 1504 
101 I 4169592 1504 
102 I 4178923 1504 
103 I 4188207 1340 
104 I 4261031 1504 
105 I 4270408 1504 
106 I 4279876 1504 
107 I 5020219 1504 
108 I 5030673 1504 
109 I 5042376 1504 
110 I 5051082 1504 
111 I 5060379 1504 
112 I 5069959 1504 
113 I 5079403 1504 
114 I 5088680 1504 
115 I 5098745 1504 
116 I 5110433 1504 
117 I 5119685 1504 
118 I 5129217 1504 
119 I 5138616 1504 
120 I 5147681 1504 
121 I 5156980 1504 
122 I 5166268 1504 
123 I 5177898 1504 
124 I 5190798 1504 
125 I 5200454 1504 
126 I 5209709 1504 
127 I 6019230 1504 
128 I 6028887 1504 
129 I 6038018 1504 
130 I 6047526 1504 
131 I 6056643 1504 
132 I 6065599 1504 
133 I 6075476 1504 
134 I 6085952 1504 
135 I 6095165 1504 
136 I 6104675 1504 
137 I 6115453 1504 
138 I 6124859 1504 
139 I 6155107 1504 
140 I 6164386 1504 
141 I 6173762 1504 
142 I 6182973 1504 
143 I 6193548 1504 
144 I 6204291 1504 
145 I 6214243 1504 
146 I 7033531 1504 
147 I 7043963 1504 
148 I 7053691 1340 
149 I 7290624 1504 
150 I 7301878 1504 
151 I 7310774 1504 
152 I 7319856 1504 
153 I 7329236 1504 
154 I 7338643 1504 
155 I 7350382 1504 
156 I 7361454 1504 
157 I 7371161 1504 
158 I 7380220 1504 
159 I 7389559 1504 
160 I 7398993 1504 
161 I 7408003 1504 
162 I 7417387 1504 
163 I 8020854 1504 
164 I 8030065 1504 
165 I 8039504 1504 
166 I 8049070 1504 
167 I 8057807 1504 
168 I 8070335 1504 
169 I 8079736 1504 
170 I 8089193 1504 
171 I 8126653 1504 
172 I 8135155 1504 
173 I 8144331 1504 
174 I 8155388 1504 
175 I 8164964 1504 
176 I 8174301 1504 
177 I 8183448 1504 
178 I 8193686 1504 
179 I 8204492 1504 
180 I 8215365 1504 
181 I 9022027 1504 
182 I 9033976 1504 
183 I 9043463 1504 
184 I 9053030 1504 
185 I 9062253 1504 
186 I 9072066 1504 
187 I 9081823 1504 
188 I 9091121 1504 
189 I 9100591 1504 
190 I 9112498 1504 
191 I 9122262 1504 
192 I 9131668 1504 
193 I 9155151 1340 
194 I 9564684 1504 
195 I 9575870 1504 
196 I 9584828 1504 
197 I 9595269 1504 
198 I 9609218 1504 
199 I 9620951 1504 
200 I 9629946 1504 
201 I 10019379 1504 
202 I 10029279 1504 
203 I 10038667 1504 
204 I 10049583 1504 
205 I 10060353 1504 
206 I 10070740 1504 
207 I 10080513 1504 
208 I 10090159 1504 
209 I 10100359 1504 
210 I 10110320 1504 
211 I 10120123 1504 
212 I 10139569 1504 
213 I 10150715 1504 
214 I 10160087 1504 
215 I 10169096 1504 
216 I 10178335 1504 
217 I 10187589 1504 
218 I 10198874 1504 
219 I 10209577 1504 
220 I 10218962 1504 
221 I 11020207 1504 
222 I 11030805 1504 
223 I 11041245 1504 
224 I 11051147 1504 
225 I 11060319 1504 
226 I 11069776 1504 
227 I 11079023 1504 
228 I 11089051 1504 
229 I 11098237 1504 
230 I 11110434 1504 
231 I 11119568 1504 
232 I 11147277 1504 
233 I 11156380 1504 
234 I 11165396 1504 
235 I 11175432 1504 
236 I 11190719 1504 
237 I 11199593 1504 
238 I 11209340 1340 
239 I 11296753 1504 
240 I 12019145 1504 
241 I 12029818 1504 
242 I 12039078 1504 
243 I 12048371 1504 
244 I 12057675 1504 
245 I 12070441 1504 
246 I 12080138 1504 
247 I 12089621 1504 
248 I 12098214 1504 
249 I 12107593 1504 
250 I 12117306 1504 
251 I 12138205 1504 
252 I 12150367 1504 
253 I 12161185 1504 
254 I 12173004 1504 
255 I 12181891 1504 
256 I 12193782 1504 
257 I 12205198 1504 
258 I 12217687 1504 
259 I 12230481 1504 
260 I 13019145 1504 
261 I 13030454 1504 
262 I 13039907 1504 
263 I 13049829 1504 
264 I 13059549 1504 
265 I 13068408 1504 
266 I 13077832 1504 
267 I 13087828 1504 
268 I 13097207 1504 
269 I 13110407 1504 
270 I 13121517 1504 
271 I 13132767 1504 
272 I 13147272 1504 
273 I 13156750 1504 
274 I 13166712 1504 
275 I 13175694 1504 
276 I 13190995 1504 
277 I 13201130 1504 
278 I 13210648 1504 
279 I 13222371 1504 
280 I 13235395 1504 
281 I 14022488 1504 
282 I 14038346 1504 
283 I 14374686 1340 
284 I 14677895 1504 
285 I 14687626 1504 
286 I 14699619 1504 
287 I 14710791 1504 
288 I 14722742 1504 
289 I 14732472 1504 
290 I 14742795 1504 
291 I 14752543 1504 
292 I 14762013 1504 
293 I 14771292 1504 
294 I 14781396 1504 
295 I 14792461 1504 
296 I 14803175 1504 
297 I 14812147 1504 
298 I 14820800 1504 
299 I 14832957 1504 
300 I 14841733 1504 
301 I 15019075 1504 
302 I 15032630 1504 
303 I 15042068 1504 
304 I 15051622 1504 
305 I 15061788 1504 
306 I 15070849 1504 
307 I 15080260 1504 
308 I 15089140 1504 
309 I 15098200 1504 
310 I 15115111 1504 
311 I 15124975 1504 
312 I 15134420 1504 
313 I 15143389 1504 
314 I 15154317 1504 
315 I 15163803 1504 
316 I 15201980 1504 
317 I 16020563 1504 
318 I 16029916 1504 
319 I 16039673 1504 
320 I 16049755 1504 
321 I 16059700 1504 
322 I 16070777 1504 
323 I 16097695 1504 
324 I 16106992 1504 
325 I 16119072 1504 
326 I 16128371 1504 
327 I 16137720 1504 
328 I 16150538 1340 
329 I 16557245 1504 
330 I 16566779 1504 
331 I 16575876 1504 
332 I 16585090 1504 
333 I 16594947 1504 
334 I 16603645 1504 
335 I 16612733 1504 
336 I 16622596 1504 
337 I 16634860 1504 
338 I 17018204 1504 
339 I 17030377 1504 
340 I 17039253 1504 
341 I 17048570 1504 
342 I 17058985 1504 
343 I 17069016 1504 
344 I 17078589 1504 
345 I 17088094 1504 
346 I 17097785 1504 
347 I 17110466 1504 
348 I 17120779 1504 
349 I 17130767 1504 
350 I 17139763 1504 
351 I 17150066 1504 
352 I 17160965 1504 
353 I 17190790 1504 
354 I 17201998 1504 
355 I 17213973 1504 
356 I 17225525 1504 
357 I 17235566 1504 
358 I 17248059 1504 
359 I 18019892 1504 
360 I 18029574 1504 
361 I 18038946 1504 
362 I 18048312 1504 
363 I 18057848 1504 
364 I 18070468 1504 
365 I 18080013 1504 
366 I 18088969 1504 
367 I 18098072 1504 
368 I 18109031 1504 
369 I 18118360 1504 
370 I 18127744 1504 
371 I 18137656 1504 
372 I 18150517 1504 
373 I 18161605 1340 
374 I 18531304 1504 
375 I 18540506 1504 
376 I 18550827 1504 
377 I 18561067 1504 
378 I 18570286 1504 
379 I 18581233 1504 
380 I 19021011 1504 
381 I 19032471 1504 
382 I 19041343 1504 
383 I 19050686 1504 
384 I 19060040 1504 
385 I 19069278 1504 
386 I 19078845 1504 
387 I 19087911 1504 
388 I 19097225 1504 
389 I 19110712 1504 
390 I 19119583 1504 
391 I 19131071 1504 
392 I 19140820 1504 
393 I 19152038 1504 
394 I 19161057 1504 
395 I 19170560 1504 
396 I 19179675 1504 
397 I 19193263 1504 
398 I 19203925 1504 
399 I 19215473 1504 
400 I 19239627 1504 
401 I 20025105 1504 
402 I 20034962 1504 
403 I 20044174 1504 
404 I 20053230 1504 
405 I 20063000 1504 
406 I 20072392 1504 
407 I 20081822 1504 
408 I 20092370 1504 
409 I 20104130 1504 
410 I 20117299 1504 
411 I 20127071 1504 
412 I 20136070 1504 
413 I 20145157 1504 
414 I 20158896 1504 
415 I 20169686 1504 
416 I 20179153 1504 
417 I 20204492 1504 
418 I 20377063 1340 
419 I 20521224 1504 
420 I 20530623 1504 
421 I 21032401 1504 
422 I 21041472 1504 
423 I 21050968 1504 
424 I 21062038 1504 
425 I 21071056 1504 
426 I 21080174 1504 
427 I 21089704 1504 
428 I 21102990 1504 
429 I 21119610 1504 
430 I 21129491 1504 
431 I 21139745 1504 
432 I 21150882 1504 
433 I 21161050 1504 
434 I 21180737 1504 
435 I 21192506 1504 
436 I 21204568 1504 
437 I 21218141 1504 
438 I 21239833 1504 
439 I 21252889 1504 
440 I 21283881 1504 
441 I 22025241 1504 
442 I 22035812 1504 
443 I 22045229 1504 
444 I 22054386 1504 
445 I 22070382 1504 
446 I 22081589 1504 
447 I 22161115 1504 
448 I 22170075 1504 
449 I 22179417 1504 
450 I 22189437 1504 
451 I 22200096 1504 
452 I 22212274 1504 
453 I 22233261 1504 
454 I 22245916 1504 
455 I 22257003 1504 
456 I 22265972 1504 
457 I 22275237 1504 
458 I 22284078 1504 
459 I 22293078 1504 
460 I 22303300 1504 
461 I 22318053 1504 
462 I 23022995 1504 
463 I 23037732 1340 
464 I 23244938 1504 
465 I 23255251 1504 
466 I 23270669 1504 
467 I 23282226 1504 
468 I 23291458 1504 
469 I 23300603 1504 
470 I 23309387 1504 
471 I 23318691 1504 
472 I 23327378 1504 
473 I 23336695 1504 
474 I 23350845 1504 
475 I 23422161 1504 
476 I 23436451 1504 
477 I 23457192 1504 
478 I 23466022 1504 
479 I 23475781 1504 
480 I 23485154 1504 
481 I 23494650 1504 
482 I 24021790 1504 
483 I 24032371 1504 
484 I 24042255 1504 
485 I 24051282 1504 
486 I 24063032 1504 
487 I 24074104 1504 
488 I 24084899 1504 
489 I 24094602 1504 
490 I 24281167 1504 
491 I 24290293 1504 
492 I 24300195 1504 
493 I 24310826 1504 
494 I 24321578 1504 
495 I 24330864 1504 
496 I 24340443 1504 
497 I 24349904 1504 
498 I 24359490 1504 
499 I 24367898 1504 
500 I 24377155 1504 
501 I 24495566 1504 
502 I 24560382 1504 
503 I 25019305 1504 
504 I 25037234 1504 
505 I 25046476 1504 
506 I 25057309 1504 
507 I 25066194 1504 
508 I 25075589 1340 
509 I 25332499 1504 
510 I 25341869 1504 
511 I 25352373 1504 
512 I 25363392 1504 
513 I 25372860 1504 
514 I 25381480 1504 
515 I 25391030 1504 
516 I 25400235 1504 
517 I 25409489 1504 
518 I 25418885 1504 
519 I 25433315 1504 
520 I 25442648 1504 
521 I 25583654 1504 
522 I 25592525 1504 
523 I 25609783 1504 
524 I 26021475 1504 
525 I 26032250 1504 
526 I 26041425 1504 
527 I 26052489 1504 
528 I 26063281 1504 
529 I 26074860 1504 
530 I 26084398 1504 
531 I 26093245 1504 
532 I 26102666 1504 
533 I 26111969 1504 
534 I 26120681 1504 
535 I 26129879 1504 
536 I 26138807 1504 
537 I 26150386 1504 
538 I 26173924 1504 
539 I 26183033 1504 
540 I 26240425 1504 
541 I 26249962 1504 
542 I 26291140 1504 
543 I 26300186 1504 
544 I 26323193 1504 
545 I 27021582 1504 
546 I 27033586 1504 
547 I 27044566 1504 
548 I 27055069 1504 
549 I 27064151 1504 
550 I 27073483 1504 
551 I 27083229 1504 
552 I 27092742 1504 
553 I 28186716 1340 
554 I 28195540 1340 
555 I 28277199 1504 
556 I 28287457 1504 
557 I 28419508 1504 
558 I 28431506 1504 
559 I 28440889 1504 
560 I 28616162 1504 
561 I 28630756 1504 
562 I 28639899 1504 
563 I 28794441 1504 
564 I 28805163 1504 
565 I 28835854 1504 
566 I 28845026 1504 
567 I 28858046 1504 
568 I 28939358 1504 
569 I 28953286 1504 
570 I 28986236 1504 
571 I 28996449 1504 
572 I 29006907 1504 
573 I 29015517 1504 
574 I 29204636 1504 
575 I 29213290 1504 
576 I 29222488 1504 
577 I 29231666 1504 
578 I 29240856 1504 
579 I 29250687 1504 
580 I 29319816 1504 
581 I 29329205 1504 
582 I 29338288 1504 
583 I 29350766 1504 
584 I 29359466 1504 
585 I 29380214 1504 
586 I 29392281 1504 
587 I 29514241 1504 
588 I 29523594 1504 
589 I 29556392 1504 
590 I 29565732 1504 
591 I 29600405 1504 
592 I 29609552 1504 
593 I 29752533 1504 
594 I 29764136 1504 
595 I 30216186 1504 
596 I 30230784 1504 
597 I 30240092 1504 
598 I 30249087 1504 
599 I 30259320 1340 
600 I 30520362 1504 
601 I 30529826 1504 
602 I 30539267 1504 
603 I 30550816 1504 
604 I 30560197 1504 
605 I 30568984 1504 
606 I 30578325 1504 
607 I 30588115 1504 
608 I 30712520 1504 
609 I 30723318 1504 
610 I 30749935 1504 
611 I 30764728 1504 
612 I 30783677 1504 
613 I 30793583 1504 
614 I 30804577 1504 
615 I 30821945 1504 
616 I 31201931 1504 
617 I 31211061 1504 
618 I 31223873 1504 
619 I 31233324 1504 
620 I 31242982 1504 
621 I 31252493 1504 
622 I 31261582 1504 
623 I 31276812 1504 
624 I 31290682 1504 
625 I 31299787 1504 
626 I 31309821 1504 
627 I 31327762 1504 
628 I 31337207 1504 
629 I 31359645 1504 
630 I 31369090 1504 
631 I 31395688 1504 
632 I 31405495 1504 
633 I 31414697 1504 
634 I 31423930 1504 
635 I 31434103 1504 
636 I 31467723 1504 
637 I 32205493 1504 
638 I 32215974 1504 
639 I 32225259 1504 
640 I 32235494 1504 
641 I 32244280 1504 
642 I 32253690 1504 
643 I 32263106 1504 
644 I 32271655 1340 
645 I 32485014 1504 
646 I 32494111 1504 
647 I 32504034 1504 
648 I 32513634 1504 
649 I 32522233 1504 
650 I 32531579 1504 
651 I 32540594 1504 
652 I 32551149 1504 
653 I 32559623 1504 
654 I 32570196 1504 
655 I 32579817 1504 
656 I 32589238 1504 
657 I 33203185 1504 
658 I 33213897 1504 
659 I 33225802 1504 
660 I 33236649 1504 
661 I 33245999 1504 
662 I 33255305 1504 
663 I 33263924 1504 
