0 I 0 44 
1 I 549770 44 
2 I 1132976 44 
3 I 1262970 44 
4 I 2008064 44 
5 I 2016634 44 
6 I 2910474 44 
7 I 5921524 44 
8 I 6226310 44 
9 I 6549721 44 
10 I 6606450 44 
11 I 6889973 44 
12 I 6994982 44 
13 I 7245297 44 
14 I 7378126 44 
15 I 7482638 56 
16 I 7715146 56 
17 I 7738041 56 
18 I 8048325 44 
19 I 8107409 56 
20 I 8651180 56 
21 I 9247551 44 
22 I 10267275 44 
23 I 10918873 44 
24 I 13653857 44 
25 I 14432226 44 
26 I 15288279 44 
27 I 16000144 44 
28 I 16693982 44 
29 I 16754172 44 
30 I 17393606 44 
31 I 17511524 44 
32 I 17647094 44 
33 I 17653838 44 
34 I 18237002 44 
35 I 18243851 44 
36 I 18520380 44 
37 I 19060774 44 
38 I 19677661 44 
39 I 19685394 44 
40 I 19722821 44 
41 I 20325209 44 
42 I 20333149 44 
43 I 20347455 44 
44 I 20376097 44 
45 I 21230726 44 
46 I 21243554 44 
47 I 21643569 44 
48 I 21652100 44 
49 I 22114744 44 
50 I 22201660 44 
51 I 22671351 44 
52 I 22833756 44 
53 I 23148136 56 
54 I 23154077 56 
55 I 23481351 64 
56 I 23532623 64 
57 I 23544656 64 
58 I 23790597 64 
59 I 23805342 56 
60 I 24044942 56 
61 I 24242496 64 
62 I 24752445 64 
63 I 25145103 64 
64 I 25193574 56 
65 I 25199613 44 
66 I 25476653 44 
67 I 26021056 44 
68 I 26362526 44 
69 I 26905719 44 
70 I 27022014 56 
71 I 27447015 56 
72 I 27606530 56 
73 I 28131411 56 
74 I 29305943 44 
75 I 30012801 44 
76 I 30018801 44 
77 I 30660006 44 
78 I 31169967 56 
79 I 31176117 56 
80 I 33397676 56 
81 I 34390734 44 
82 I 34416367 44 
83 I 34955238 44 
84 I 34985125 44 
85 I 37528080 44 
86 I 38177313 44 
87 I 39490069 44 
88 I 39941034 44 
89 I 40880100 44 
90 I 40888077 52 
91 I 41245793 44 
92 I 42498470 52 
93 I 47663741 52 
94 I 49306081 52 
95 I 49563803 435 
96 I 50017540 44 
97 I 50393808 56 
98 I 50714947 64 
99 I 51038468 56 
100 I 51055223 56 
101 I 51074087 44 
102 I 51395734 44 
103 I 51578471 44 
104 I 51750577 44 
105 I 52074092 44 
106 I 52116135 44 
107 I 52412208 44 
108 I 52457015 44 
109 I 52670726 44 
110 I 52796327 44 
111 I 52972326 44 
112 I 53114954 44 
113 I 53160941 44 
114 I 53344066 44 
115 I 53452109 44 
116 I 53498160 44 
117 I 53672113 44 
118 I 53817531 44 
119 I 53964771 56 
120 I 54160157 56 
121 I 54178224 56 
122 I 54460557 64 
123 I 54501493 56 
124 I 54804725 56 
125 I 55190019 56 
126 I 55524791 44 
127 I 55906184 44 
128 I 57782752 44 
129 I 58281930 44 
130 I 61685206 44 
131 I 62046696 44 
132 I 62386889 44 
133 I 62586976 44 
134 I 62815752 44 
135 I 62995225 44 
136 I 63156670 44 
137 I 63452470 44 
138 I 63469021 44 
139 I 63586683 44 
140 I 63747102 44 
141 I 63960018 44 
142 I 64041436 44 
143 I 64189114 44 
144 I 64331127 44 
145 I 64388884 56 
146 I 64496182 56 
147 I 64626983 56 
148 I 64644945 56 
149 I 64727867 56 
150 I 64837392 44 
151 I 64990686 44 
152 I 65075263 44 
153 I 65383626 56 
154 I 65636775 56 
155 I 65894649 56 
156 I 66259571 44 
157 I 66792738 44 
158 I 67081923 56 
159 I 67420780 56 
160 I 67760780 44 
161 I 68060203 44 
162 I 68389413 44 
163 I 68610277 44 
164 I 68902379 44 
165 I 69252396 44 
166 I 69260343 44 
167 I 69607238 44 
168 I 69842549 56 
169 I 69871289 56 
170 I 70098384 56 
171 I 70140284 44 
172 I 70407514 44 
173 I 70626508 44 
174 I 70804173 44 
175 I 71024860 44 
176 I 71327621 44 
177 I 71351216 44 
178 I 71626753 44 
179 I 71648786 44 
180 I 71802962 44 
181 I 71934111 44 
182 I 72120052 44 
183 I 72470424 56 
184 I 72770023 56 
185 I 73063241 56 
186 I 73082970 56 
187 I 73105311 44 
188 I 73603686 44 
189 I 73952370 56 
190 I 74283639 56 
191 I 74665648 44 
192 I 75204196 44 
193 I 75557950 56 
194 I 75816493 56 
195 I 76041037 44 
196 I 76389915 44 
197 I 76742826 44 
198 I 76912380 44 
199 I 78418198 44 
200 I 84817528 44 
201 I 85189489 44 
202 I 85399835 44 
203 I 85616816 44 
204 I 85845157 44 
205 I 85874598 44 
206 I 86159943 44 
207 I 86275796 44 
208 I 86503389 44 
209 I 86566239 44 
210 I 86588359 44 
211 I 86899120 44 
212 I 86919114 44 
213 I 87219064 56 
214 I 87240030 56 
215 I 87260112 56 
216 I 87571498 64 
217 I 87814909 64 
218 I 88109824 64 
219 I 88389925 64 
220 I 90239445 56 
221 I 90596598 44 
222 I 90608559 44 
223 I 90932584 44 
224 I 90964187 44 
225 I 91128199 44 
226 I 91258385 44 
227 I 91512288 44 
228 I 91629203 44 
229 I 91728219 44 
230 I 91856604 44 
231 I 92064861 44 
232 I 92239856 44 
233 I 92431765 44 
234 I 92763890 44 
235 I 92801381 44 
236 I 92930935 44 
237 I 93009517 56 
238 I 93024620 56 
239 I 93126818 56 
240 I 93295936 56 
241 I 93317917 56 
242 I 93337146 56 
243 I 93363116 44 
244 I 93635110 44 
245 I 93657389 44 
246 I 93841159 44 
247 I 94001575 44 
248 I 94331435 44 
249 I 94641750 56 
250 I 94895663 56 
251 I 95134482 56 
252 I 95158550 44 
253 I 95496104 44 
254 I 95739647 44 
255 I 95773001 44 
256 I 96047364 44 
257 I 96097754 44 
258 I 96418003 44 
259 I 96574291 56 
260 I 96763612 56 
261 I 97020363 56 
262 I 98269129 56 
263 I 98604987 44 
264 I 98623957 44 
265 I 98952214 44 
266 I 98960226 44 
267 I 99278921 56 
268 I 99299998 56 
269 I 99632281 56 
270 I 99644435 44 
271 I 99959393 44 
272 I 100240617 44 
273 I 100453451 44 
274 I 100640472 44 
275 I 100734027 44 
276 I 100925261 44 
277 I 101008574 44 
278 I 101310219 44 
279 I 101334597 56 
280 I 101590124 56 
281 I 101624226 56 
282 I 101682106 56 
283 I 101868028 44 
284 I 101971560 44 
285 I 102343306 44 
286 I 102645175 56 
287 I 102667225 56 
288 I 102980640 44 
289 I 103294329 56 
290 I 103616096 56 
291 I 103979724 44 
292 I 104549427 44 
293 I 104872545 56 
294 I 107884196 44 
295 I 108229382 44 
296 I 108361683 44 
297 I 108653395 44 
298 I 108806183 56 
299 I 108816334 56 
300 I 109150801 56 
301 I 109174590 44 
302 I 110554555 44 
303 I 110899894 44 
304 I 112263490 44 
305 I 126585932 44 
306 I 126949123 44 
307 I 127283257 44 
308 I 127483818 44 
309 I 127686846 44 
310 I 127980452 44 
311 I 128004147 44 
312 I 128331207 44 
313 I 128600307 56 
314 I 128616282 56 
315 I 128970971 56 
316 I 129012409 44 
317 I 129306356 56 
318 I 129648159 56 
319 I 129948795 44 
320 I 130314834 44 
321 I 136908838 44 
322 I 137234524 44 
323 I 137504013 44 
324 I 137695287 44 
325 I 137899724 44 
326 I 138033815 44 
327 I 138139547 44 
328 I 138452386 56 
329 I 138484122 56 
330 I 138510754 56 
331 I 138837167 56 
332 I 138865073 44 
333 I 139998514 44 
334 I 141988875 44 
335 I 146006838 44 
336 I 146378510 44 
337 I 146724621 44 
338 I 146983277 44 
339 I 147912360 44 
340 I 149581225 44 
341 I 149969428 44 
342 I 152960279 44 
343 I 156881707 44 
344 I 164371515 44 
345 I 164739372 44 
346 I 166042093 44 
347 I 166440245 44 
348 I 167513855 44 
349 I 167897744 44 
350 I 168313889 44 
351 I 168568672 56 
352 I 168894960 56 
353 I 169247324 44 
354 I 170349201 44 
355 I 170705590 44 
356 I 171043404 44 
357 I 171244633 44 
358 I 171444714 44 
359 I 171617014 44 
360 I 171743936 44 
361 I 171944163 44 
362 I 172021015 44 
363 I 172354110 56 
364 I 172588003 56 
365 I 172607510 56 
366 I 172909470 44 
367 I 173287571 44 
368 I 173615405 44 
369 I 173746821 44 
370 I 174949334 44 
371 I 175303483 44 
372 I 175624633 44 
373 I 175772410 44 
374 I 175964103 44 
375 I 177005489 44 
376 I 177349308 44 
377 I 179315616 44 
378 I 189547189 44 
379 I 190044608 44 
380 I 190333298 44 
381 I 190489962 44 
382 I 190971137 44 
383 I 191319604 44 
384 I 191341605 44 
385 I 191681877 44 
386 I 191740537 44 
387 I 191953940 44 
388 I 192099922 44 
389 I 192312170 44 
390 I 192526654 44 
391 I 192634018 44 
392 I 192734361 44 
393 I 192967789 44 
394 I 193096501 44 
395 I 193286510 44 
396 I 193308183 44 
397 I 193436838 44 
398 I 193456947 44 
399 I 193591845 44 
400 I 193649794 44 
401 I 193715468 44 
402 I 193755487 44 
403 I 193932540 44 
404 I 194281007 44 
405 I 194302162 44 
406 I 194476859 44 
407 I 194593648 56 
408 I 194615344 56 
409 I 194635442 56 
410 I 194894220 64 
411 I 194934156 64 
412 I 194954078 56 
413 I 195016512 56 
414 I 195169608 56 
415 I 195210006 56 
416 I 195379344 44 
417 I 195641517 44 
418 I 195951338 44 
419 I 196080016 44 
420 I 196380406 44 
421 I 196430682 44 
422 I 196580315 44 
423 I 196728941 44 
424 I 197028166 56 
425 I 197174454 56 
426 I 197237722 56 
427 I 197606764 56 
428 I 197999698 56 
429 I 198382682 56 
430 I 198582486 56 
431 I 198855781 56 
432 I 199220771 44 
433 I 199582050 44 
434 I 199821679 44 
435 I 200318611 44 
436 I 200622598 44 
437 I 202089690 44 
438 I 202558725 44 
439 I 203008535 44 
440 I 203490472 44 
441 I 203828026 44 
442 I 204190279 44 
443 I 204512383 44 
444 I 204548431 44 
445 I 204831909 44 
446 I 204910014 44 
447 I 205289821 56 
448 I 205669184 64 
449 I 206034930 56 
450 I 206040905 56 
451 I 206062916 44 
452 I 206398343 44 
453 I 206440294 44 
454 I 206720628 44 
455 I 206780579 44 
456 I 206956049 44 
457 I 207015176 44 
458 I 207301209 44 
459 I 207317172 44 
460 I 207497020 44 
461 I 207595092 44 
462 I 207698094 44 
463 I 207765714 44 
464 I 208071104 44 
465 I 208124171 56 
466 I 208382766 56 
467 I 208434986 56 
468 I 208470999 56 
469 I 209675369 44 
470 I 209888080 44 
471 I 210098280 44 
472 I 210281510 44 
473 I 210443374 44 
474 I 210546491 44 
475 I 210699445 44 
476 I 210862628 44 
477 I 210933257 44 
478 I 211020949 44 
479 I 211169747 44 
480 I 211275953 44 
481 I 211401190 44 
482 I 211459054 56 
483 I 211488332 56 
484 I 211526280 56 
485 I 211621406 56 
486 I 211685496 56 
487 I 211749738 56 
488 I 211804543 44 
489 I 211959529 44 
490 I 212070963 44 
491 I 212293149 56 
492 I 212409303 56 
493 I 212593351 56 
494 I 212772588 44 
495 I 214211889 44 
496 I 220477869 44 
497 I 220775021 44 
498 I 222317009 44 
499 I 222630893 44 
500 I 223036647 44 
501 I 223348982 44 
502 I 223388666 44 
503 I 223728860 44 
504 I 223756888 44 
505 I 223980179 44 
506 I 224027007 44 
507 I 224344297 44 
508 I 224626355 56 
509 I 224652297 56 
510 I 224680328 56 
511 I 224915769 56 
512 I 224929788 44 
513 I 225220302 44 
514 I 233164029 44 
515 I 233739191 44 
516 I 234106084 56 
517 I 242841097 44 
518 I 243234948 44 
519 I 243347264 44 
520 I 243666600 56 
521 I 244023857 56 
522 I 247852372 44 
523 I 248195407 44 
524 I 248549895 44 
525 I 248757436 44 
526 I 248955656 44 
527 I 249255350 44 
528 I 249444848 56 
529 I 249457141 56 
530 I 249740751 56 
531 I 249760702 44 
532 I 249975378 44 
533 I 250263447 44 
534 I 250457583 44 
535 I 250840931 56 
536 I 251117056 64 
537 I 251443554 56 
538 I 251471550 44 
539 I 251626638 44 
540 I 251811467 44 
541 I 252109230 44 
542 I 252147232 44 
543 I 252437357 44 
544 I 252965985 44 
545 I 253333831 44 
546 I 253355748 44 
547 I 253543969 56 
548 I 253564105 56 
549 I 253615063 56 
550 I 256708647 44 
551 I 256952254 44 
552 I 257194514 44 
553 I 257376598 44 
554 I 257616342 44 
555 I 257768277 44 
556 I 257990372 44 
557 I 258170676 44 
558 I 258298766 44 
559 I 258469601 44 
560 I 258662224 44 
561 I 258917636 44 
562 I 259108407 44 
563 I 259302236 44 
564 I 259388429 44 
565 I 259611937 44 
566 I 259633927 44 
567 I 259793299 44 
568 I 260055622 44 
569 I 260071609 44 
570 I 260136947 44 
571 I 260356601 44 
572 I 260419366 44 
573 I 260631341 56 
574 I 260661391 56 
575 I 260698534 56 
576 I 260710513 56 
577 I 260863723 56 
578 I 260895746 56 
579 I 261002696 44 
580 I 261230151 44 
581 I 261453162 56 
582 I 261738600 56 
583 I 262001238 44 
584 I 262320112 44 
585 I 262688105 44 
586 I 263888480 44 
587 I 264178607 44 
588 I 264476091 44 
589 I 264679530 44 
590 I 264880762 44 
591 I 264954569 44 
592 I 265079470 44 
593 I 265290716 44 
594 I 265550499 56 
595 I 265831608 56 
596 I 266193471 56 
597 I 266221499 44 
598 I 266466923 44 
599 I 266718017 44 
600 I 267038552 44 
601 I 268251920 44 
602 I 268595183 44 
603 I 271223320 44 
604 I 271788177 44 
605 I 272062429 56 
606 I 272425655 56 
607 I 272806030 44 
608 I 272955381 44 
609 I 273322726 44 
610 I 273493284 44 
611 I 273817968 44 
612 I 273823935 44 
613 I 273997844 44 
614 I 274352236 44 
615 I 274650612 44 
616 I 274691281 44 
617 I 274703291 44 
618 I 275101633 44 
619 I 275107798 44 
620 I 275304631 44 
621 I 275383388 44 
622 I 275427025 44 
623 I 275621509 44 
624 I 275696469 44 
625 I 275821763 44 
626 I 276036822 56 
627 I 276058645 56 
628 I 276161154 56 
629 I 277609002 56 
630 I 277876110 44 
631 I 277896943 44 
632 I 292318003 44 
