0 I 0 52 
1 I 113479 44 
2 I 118233 56 
3 I 366589 1504 
4 I 413951 1504 
5 I 462415 1504 
6 I 875543 44 
7 I 1102132 1504 
8 I 1148840 1504 
9 I 1153493 44 
10 I 1197343 1504 
11 I 1255531 1504 
12 I 1293611 1504 
13 I 1445137 44 
14 I 1462607 1504 
15 I 1510051 1504 
16 I 1559998 1504 
17 I 1605774 1504 
18 I 1727464 44 
19 I 1761043 1504 
20 I 1809223 1504 
21 I 1861339 1504 
22 I 2278269 1504 
23 I 2325218 1504 
24 I 2334539 44 
25 I 2380112 56 
26 I 2408163 1261 
27 I 2429904 56 
28 I 2434710 56 
29 I 2546260 56 
30 I 2556005 56 
31 I 2567846 56 
32 I 2636762 56 
33 I 2720082 44 
34 I 2731015 164 
35 I 2846389 93 
36 I 3100787 44 
37 I 3297735 44 
38 I 3999234 92 
39 I 4215513 98 
40 I 4508900 44 
41 I 5972601 152 
42 I 6421428 194 
43 I 7232334 44 
44 I 7893567 216 
45 I 8226075 44 
46 I 8530722 44 
47 I 8739269 100 
48 I 9738547 44 
49 I 11059524 101 
50 I 12443201 155 
51 I 12757019 44 
52 I 13162353 44 
53 I 13382497 44 
54 I 13605902 158 
55 I 13860774 44 
56 I 14203153 146 
57 I 16498832 249 
58 I 17685150 44 
59 I 20025273 505 
60 I 20320938 101 
61 I 21006255 44 
62 I 21402473 44 
63 I 21608219 44 
64 I 21806218 44 
65 I 22013516 44 
66 I 22711551 44 
67 I 24017680 44 
68 I 24221340 44 
69 I 24424321 44 
70 I 26540756 44 
71 I 26732072 44 
72 I 26934425 44 
73 I 27341733 44 
74 I 27739007 44 
75 I 28443090 44 
76 I 29654687 44 
77 I 29850489 44 
78 I 30052204 44 
79 I 30252323 44 
80 I 30672109 1504 
81 I 31017043 526 
82 I 31111970 80 
83 I 32574844 44 
84 I 32869607 44 
85 I 33181111 44 
86 I 34790674 44 
87 I 35112439 97 
88 I 35627773 101 
89 I 35708151 44 
90 I 35727215 101 
91 I 35877290 261 
92 I 36017983 88 
93 I 36305202 87 
94 I 36520452 101 
95 I 36830613 89 
96 I 38000226 96 
97 I 38319249 44 
98 I 41327216 88 
99 I 43075479 189 
100 I 43224280 85 
101 I 43318369 98 
102 I 44548152 44 
103 I 48045097 391 
104 I 48156946 44 
105 I 48270849 101 
106 I 49881665 97 
107 I 51999387 301 
108 I 52207688 56 
109 I 54398271 44 
110 I 54897845 44 
111 I 54989359 154 
112 I 55311753 299 
113 I 57129379 87 
114 I 58128130 44 
115 I 59743185 292 
116 I 59925936 44 
117 I 61257972 155 
118 I 61556861 101 
119 I 61740382 44 
120 I 63261152 158 
121 I 63822469 88 
122 I 64049166 246 
123 I 64358349 44 
124 I 64653373 44 
125 I 67114726 398 
126 I 67373563 44 
127 I 67679725 44 
128 I 67771044 446 
129 I 67972876 44 
130 I 68018135 77 
131 I 68174175 44 
132 I 68413720 88 
133 I 68805592 44 
134 I 69685519 44 
135 I 70289830 101 
136 I 71002317 93 
137 I 72022937 1504 
138 I 72031480 1410 
139 I 72099577 44 
140 I 72127875 1504 
141 I 72132313 89 
142 I 72322775 1504 
143 I 72332020 1504 
144 I 72342667 1504 
145 I 72444697 1504 
146 I 72452267 774 
147 I 72550903 1504 
148 I 72560441 1504 
149 I 72566111 628 
150 I 72653896 1504 
151 I 72661828 1277 
152 I 72671563 1504 
153 I 72680473 1077 
154 I 72823588 1504 
155 I 72829455 455 
156 I 72834757 44 
157 I 72844266 1504 
158 I 72858775 1504 
159 I 72865196 197 
160 I 72928205 1504 
161 I 72932913 125 
162 I 73105708 44 
163 I 74010607 44 
164 I 75676697 101 
165 I 76232086 86 
166 I 77325137 44 
167 I 77792672 93 
168 I 78135677 44 
169 I 78432612 44 
170 I 78939872 44 
171 I 79432901 44 
