0 I 0 44 
1 I 834427 101 
2 I 950438 101 
3 I 1672028 44 
4 I 2001529 97 
5 I 3620068 44 
6 I 3819077 44 
7 I 6580112 44 
8 I 7506424 44 
9 I 7531726 98 
10 I 7835155 44 
11 I 8044601 44 
12 I 9306293 101 
13 I 9750529 44 
14 I 10149338 44 
15 I 10376096 44 
16 I 11196417 44 
17 I 11387466 44 
18 I 12084259 44 
19 I 12439640 74 
20 I 13092683 44 
21 I 13118716 92 
22 I 13497424 44 
23 I 13549494 76 
24 I 13793561 44 
25 I 13917790 101 
26 I 17270205 44 
27 I 17289810 44 
28 I 18217539 44 
29 I 18918516 80 
30 I 19301538 101 
31 I 20199092 101 
32 I 21182851 97 
33 I 22070804 44 
34 I 22186953 101 
35 I 23023339 101 
36 I 24001017 44 
37 I 24289607 44 
38 I 24361718 101 
39 I 24968246 101 
40 I 25904763 44 
41 I 26184297 44 
42 I 26590369 44 
43 I 26869654 44 
44 I 27201854 44 
45 I 27861036 44 
46 I 28125365 44 
47 I 29794193 44 
48 I 30138448 101 
49 I 30738831 105 
50 I 31738371 98 
51 I 31738852 44 
52 I 32716368 101 
53 I 32944209 101 
54 I 33695064 44 
55 I 33889825 88 
56 I 34618709 44 
57 I 34690716 95 
58 I 34711243 1504 
59 I 35571815 1504 
60 I 35578554 1504 
61 I 35586081 1504 
62 I 35593953 1465 
63 I 35618274 44 
64 I 36588733 133 
65 I 37530405 44 
66 I 37794561 44 
67 I 38522449 101 
68 I 38555548 44 
69 I 39474523 101 
70 I 40422086 44 
71 I 40430713 101 
72 I 41407732 44 
73 I 41494799 101 
74 I 42409000 101 
75 I 43349008 101 
76 I 45264760 272 
77 I 45280812 101 
78 I 46204832 101 
79 I 46243137 101 
80 I 47187273 101 
81 I 47211106 162 
82 I 47263975 210 
83 I 48174127 101 
84 I 49112239 44 
85 I 50081405 107 
86 I 50114376 44 
87 I 50159228 183 
88 I 51045628 115 
89 I 51070245 44 
90 I 51252385 101 
91 I 52059835 44 
92 I 52288021 44 
93 I 53002108 44 
94 I 53393709 44 
95 I 53590344 101 
96 I 53937212 44 
97 I 54506951 44 
98 I 54696007 44 
99 I 55104160 44 
100 I 55406359 44 
101 I 56214772 44 
102 I 57109136 44 
103 I 57147421 101 
104 I 57876221 44 
105 I 58135280 44 
106 I 58383254 88 
107 I 58819873 44 
108 I 59617724 80 
109 I 60834973 44 
110 I 61040355 44 
111 I 61233751 44 
112 I 61539181 44 
113 I 62495408 92 
114 I 62646402 44 
115 I 63681301 44 
116 I 64628059 44 
117 I 64894366 44 
118 I 65236760 101 
119 I 66105114 44 
120 I 66257128 98 
121 I 66311969 44 
122 I 66486590 44 
123 I 66550081 101 
124 I 66687787 44 
125 I 68475330 89 
126 I 68688337 101 
127 I 68721733 101 
128 I 69525920 44 
129 I 69710642 44 
130 I 69910419 44 
131 I 70946390 87 
132 I 72453003 44 
133 I 72519583 101 
134 I 72622427 44 
135 I 73395037 88 
136 I 73528701 44 
137 I 75329361 95 
138 I 76316465 44 
139 I 79212173 101 
140 I 79589170 44 
141 I 80154709 101 
142 I 80317097 92 
143 I 81137766 44 
144 I 81233346 101 
145 I 82172137 44 
146 I 83105367 44 
147 I 84051970 101 
148 I 84113812 44 
149 I 84988870 44 
150 I 85963126 44 
151 I 85972155 88 
152 I 86947755 44 
153 I 86956740 101 
154 I 87913217 101 
155 I 87949304 44 
156 I 88853183 44 
157 I 88934734 88 
158 I 89836746 101 
159 I 90805278 206 
160 I 91754689 44 
161 I 91754789 101 
162 I 91953524 81 
163 I 92893696 44 
164 I 93722159 101 
165 I 93908833 145 
166 I 94688986 101 
167 I 94712409 44 
168 I 94754018 158 
169 I 95666818 158 
170 I 96605883 94 
171 I 96824388 101 
172 I 98538371 101 
173 I 98616153 44 
174 I 99511512 77 
175 I 99519426 87 
176 I 99738058 44 
177 I 100609557 101 
178 I 101422158 56 
179 I 101422166 97 
180 I 102450692 56 
181 I 102457816 101 
182 I 103362464 44 
183 I 103412822 101 
184 I 103536954 101 
185 I 104347016 44 
186 I 104591583 44 
187 I 104780663 44 
188 I 105364083 44 
189 I 105601229 44 
190 I 106283205 44 
191 I 106306051 101 
192 I 106495894 44 
193 I 106691561 44 
194 I 107392070 44 
195 I 108096166 44 
196 I 108535237 101 
197 I 108934547 93 
198 I 109194093 101 
199 I 109505734 101 
200 I 110180088 101 
201 I 111104386 88 
202 I 112055844 94 
203 I 112284920 44 
204 I 113040726 88 
205 I 113988084 101 
206 I 114110743 88 
207 I 114339003 44 
208 I 114564459 101 
209 I 114988753 189 
210 I 115254903 81 
211 I 115922481 44 
212 I 117150628 44 
213 I 117531463 101 
214 I 117754183 44 
215 I 118921124 88 
216 I 119812149 44 
217 I 119828487 101 
218 I 119874013 44 
219 I 120799202 44 
220 I 121001876 44 
221 I 122005801 44 
222 I 123009736 44 
223 I 123080363 72 
224 I 123739148 92 
225 I 123915225 44 
226 I 124123100 105 
227 I 124427341 44 
228 I 124724494 44 
229 I 124764314 101 
230 I 125047314 101 
231 I 125986528 101 
232 I 126427279 44 
233 I 127489118 101 
234 I 127551866 101 
235 I 128088371 101 
236 I 129572974 44 
237 I 129745254 44 
238 I 130251972 101 
239 I 130374933 44 
240 I 133700676 44 
241 I 134011517 44 
242 I 134197804 44 
243 I 134639383 99 
244 I 134869053 88 
245 I 135043539 101 
246 I 136412145 44 
247 I 137379378 44 
248 I 137379462 88 
249 I 137398085 44 
250 I 137432103 120 
251 I 137638303 44 
252 I 138349051 105 
253 I 139933622 44 
254 I 140456429 44 
255 I 140753856 44 
256 I 140942097 44 
257 I 141468121 44 
258 I 141747363 44 
259 I 142145919 44 
260 I 142346103 44 
261 I 142852112 44 
262 I 143054398 44 
263 I 143520596 101 
264 I 144132678 101 
265 I 144600530 44 
266 I 144754565 101 
267 I 144980834 497 
268 I 145283392 44 
269 I 145585764 44 
270 I 145787511 44 
271 I 145975823 101 
272 I 146243823 89 
273 I 146610017 44 
274 I 146802025 44 
275 I 147102184 44 
276 I 147579634 89 
277 I 147806961 44 
278 I 148134956 101 
279 I 148372975 101 
280 I 148625098 94 
281 I 149129244 82 
282 I 149278764 101 
283 I 149510792 44 
284 I 149571211 513 
285 I 150130954 98 
286 I 150356168 101 
287 I 151055502 44 
288 I 151075151 104 
289 I 151221781 44 
290 I 151788637 84 
291 I 152088379 101 
292 I 152768897 101 
293 I 153915753 88 
294 I 154836163 94 
295 I 155109186 96 
296 I 155267728 44 
297 I 155950564 44 
298 I 156387002 44 
299 I 157276316 100 
300 I 157593812 101 
301 I 157854823 101 
302 I 158088239 97 
303 I 158949879 101 
304 I 159803537 44 
305 I 160320122 101 
306 I 160542628 101 
307 I 160696321 44 
308 I 160802215 101 
309 I 160999971 44 
310 I 161594181 1293 
311 I 162755434 101 
312 I 163619277 44 
313 I 164726801 44 
314 I 164996296 101 
315 I 166095144 107 
316 I 166242215 44 
317 I 166324038 98 
318 I 166739596 44 
319 I 167497302 98 
320 I 167737536 44 
321 I 168043456 44 
322 I 168439028 82 
323 I 168749191 44 
324 I 168951578 44 
325 I 169129054 85 
326 I 169352836 44 
327 I 169749268 44 
328 I 169955462 44 
329 I 169965867 88 
330 I 170696431 85 
331 I 172522703 44 
332 I 172555471 97 
333 I 173472369 44 
334 I 173710652 44 
335 I 173744466 88 
336 I 174438353 158 
337 I 174600353 44 
338 I 174703297 215 
339 I 174907596 44 
340 I 175102624 44 
341 I 175323871 44 
342 I 176624252 44 
343 I 176691173 88 
344 I 176896378 88 
345 I 177120608 44 
346 I 178627366 44 
347 I 178696668 101 
348 I 179233828 101 
349 I 179310290 88 
350 I 179632218 44 
351 I 179697589 101 
352 I 179905457 142 
353 I 180262287 44 
354 I 180835337 44 
355 I 181039963 44 
356 I 181397163 88 
357 I 181724214 101 
358 I 182042080 44 
359 I 182656152 44 
360 I 182773405 101 
361 I 182846684 44 
362 I 183281980 101 
363 I 184382601 44 
364 I 184905425 101 
365 I 185281649 44 
366 I 185481784 44 
367 I 185683437 44 
368 I 186310598 44 
369 I 186475080 101 
370 I 187104339 44 
371 I 187292464 44 
372 I 187905802 44 
373 I 188108412 44 
374 I 188304682 44 
375 I 188368200 143 
376 I 188758655 101 
377 I 189131937 85 
378 I 189710709 44 
379 I 189911580 44 
380 I 190427502 44 
381 I 191021398 44 
382 I 191339623 101 
383 I 191577923 97 
384 I 191813760 93 
385 I 192073523 101 
386 I 193005557 88 
387 I 193895785 85 
388 I 193969304 85 
389 I 194892077 97 
390 I 194931844 44 
391 I 195829180 44 
392 I 195867405 94 
393 I 195905026 44 
394 I 196827121 44 
395 I 196827387 88 
396 I 197755531 85 
397 I 199724360 101 
398 I 200659225 101 
399 I 202627465 44 
400 I 203555632 339 
401 I 204521407 301 
402 I 204585185 101 
403 I 205488012 44 
404 I 205504405 101 
405 I 205734650 44 
406 I 205926758 44 
407 I 206467291 101 
408 I 207091589 101 
409 I 207449148 44 
410 I 210576508 44 
411 I 210702639 101 
412 I 210794109 101 
413 I 211080397 44 
414 I 211277058 44 
415 I 211686884 44 
416 I 211888236 44 
417 I 212197071 44 
418 I 212385880 44 
419 I 212686690 44 
420 I 213325146 101 
421 I 213395350 44 
422 I 213504717 91 
423 I 213602915 88 
424 I 215803658 44 
425 I 216011514 44 
426 I 216608307 44 
427 I 217166311 95 
428 I 217624418 44 
429 I 218159452 158 
430 I 218318798 101 
431 I 218642017 96 
432 I 219259844 44 
433 I 219544252 44 
434 I 219912495 101 
435 I 220212529 101 
436 I 220618799 415 
437 I 220868659 101 
438 I 220957136 932 
439 I 221988331 121 
440 I 222456345 44 
441 I 223874096 101 
442 I 224486647 44 
443 I 225687409 44 
444 I 225786926 101 
445 I 226194297 44 
446 I 226497863 44 
447 I 226566998 64 
448 I 227594104 44 
449 I 228104451 44 
450 I 228307950 44 
451 I 228516681 101 
452 I 229001743 101 
453 I 229194193 101 
454 I 229401881 44 
455 I 229954760 44 
456 I 229967154 88 
457 I 230110715 44 
458 I 230720358 44 
459 I 231046228 107 
460 I 231300413 101 
461 I 231513129 101 
462 I 231883494 101 
463 I 232912828 101 
464 I 233108298 155 
465 I 233320846 94 
466 I 233867471 88 
467 I 234818642 101 
468 I 235158751 101 
469 I 235771635 88 
470 I 236941218 83 
471 I 237245224 101 
472 I 238131576 96 
473 I 238372057 101 
474 I 238895054 44 
475 I 240594326 44 
476 I 240806993 44 
477 I 242814415 44 
478 I 243767458 101 
479 I 244667209 44 
480 I 245644558 101 
481 I 246604201 158 
482 I 246665582 101 
483 I 248575916 44 
484 I 249486415 868 
485 I 249569296 44 
486 I 251517143 158 
487 I 254354705 142 
488 I 258230590 44 
489 I 260194981 262 
490 I 261165693 667 
491 I 262064312 44 
492 I 262132867 97 
493 I 263077153 101 
494 I 263084816 44 
495 I 263135095 101 
496 I 264011062 101 
497 I 264189859 88 
498 I 264486814 44 
499 I 265710734 101 
500 I 266004492 44 
501 I 266593993 44 
502 I 267646234 101 
503 I 267838010 101 
504 I 268501105 44 
505 I 268833016 101 
506 I 269808365 44 
507 I 270101981 101 
508 I 270457749 101 
509 I 271661304 88 
510 I 274163630 101 
511 I 274221366 56 
512 I 275243682 44 
513 I 275539562 44 
514 I 276357422 44 
515 I 276853427 44 
516 I 277047015 44 
517 I 277250503 44 
518 I 277978096 44 
519 I 278385050 44 
520 I 278418291 101 
521 I 278584451 44 
522 I 278689674 107 
523 I 279082268 44 
524 I 280987234 83 
525 I 281003009 44 
526 I 281991532 83 
527 I 282029457 44 
528 I 282939328 101 
529 I 282998514 215 
530 I 283922362 44 
531 I 284836832 44 
532 I 285024642 44 
533 I 285149121 95 
534 I 285322127 101 
535 I 285820391 44 
536 I 287136636 44 
537 I 287322463 88 
538 I 287634174 44 
539 I 288086226 101 
540 I 288445595 44 
541 I 288850024 44 
542 I 289003062 98 
543 I 289255987 101 
544 I 289429423 101 
545 I 289903897 44 
546 I 290165261 44 
547 I 291986132 44 
548 I 292279299 91 
549 I 292478973 44 
550 I 293359068 84 
551 I 293684100 88 
552 I 293892295 89 
553 I 294205338 44 
554 I 294691607 44 
555 I 295402072 44 
556 I 297040485 101 
557 I 297729382 44 
558 I 297913746 44 
559 I 298112513 44 
560 I 298526818 44 
561 I 298918639 44 
562 I 298951708 99 
