0 I 0 101 
1 I 542102 44 
2 I 772877 101 
3 I 1444293 44 
4 I 1646452 44 
5 I 2477748 100 
6 I 2951993 44 
7 I 3150635 44 
8 I 3652541 44 
9 I 4257511 101 
10 I 5302126 101 
11 I 5652779 101 
12 I 5943414 158 
13 I 6632809 101 
14 I 6662538 215 
15 I 7263682 44 
16 I 7668613 44 
17 I 9180856 44 
18 I 9343939 98 
19 I 9600023 101 
20 I 10673956 44 
21 I 11075459 44 
22 I 11280190 44 
23 I 11476351 44 
24 I 12354070 101 
25 I 13186980 44 
26 I 13783945 44 
27 I 14071888 101 
28 I 15100045 44 
29 I 16027457 101 
30 I 17096078 44 
31 I 17900491 44 
32 I 18597433 44 
33 I 18899098 44 
34 I 19323698 101 
35 I 19702589 44 
36 I 20507843 44 
37 I 20597488 101 
38 I 21526644 101 
39 I 21908819 44 
40 I 22113384 101 
41 I 23865205 44 
42 I 24118421 44 
43 I 24318789 44 
44 I 26125221 145 
45 I 27129826 44 
46 I 27627017 44 
47 I 27826939 44 
48 I 28363045 44 
49 I 29533027 44 
50 I 29934784 44 
51 I 30140553 44 
52 I 32443038 44 
53 I 32817834 44 
54 I 33143814 44 
55 I 33566652 101 
56 I 33846617 44 
57 I 34057320 44 
58 I 35853133 44 
59 I 36180658 98 
60 I 36346203 107 
61 I 36856282 44 
62 I 37142000 101 
63 I 37358392 44 
64 I 37589872 101 
65 I 38232338 101 
66 I 39463816 44 
67 I 39667313 44 
68 I 39865383 44 
69 I 40167226 44 
70 I 40606256 101 
71 I 41270183 44 
72 I 41795333 101 
73 I 41973153 44 
74 I 42338309 90 
75 I 43177862 335 
76 I 43376239 44 
77 I 43747581 101 
78 I 44171549 101 
79 I 44381174 44 
80 I 44884760 101 
81 I 45552086 99 
82 I 45995016 44 
83 I 46329697 96 
84 I 47945492 230 
85 I 48392239 44 
86 I 48527272 101 
87 I 48696196 44 
88 I 48759908 80 
89 I 49121543 77 
90 I 49395427 44 
91 I 50297808 44 
92 I 50602295 44 
93 I 50873673 91 
94 I 51691083 44 
95 I 52706037 44 
96 I 52879091 101 
97 I 53028093 101 
98 I 53274816 88 
99 I 55877508 44 
100 I 55999830 95 
101 I 56088793 95 
102 I 56317194 44 
103 I 56532256 113 
104 I 56716932 99 
105 I 57119824 44 
106 I 57319340 44 
107 I 58123033 44 
108 I 58323417 44 
109 I 58424084 81 
110 I 58824933 44 
111 I 58986525 101 
112 I 59900760 101 
113 I 60340231 145 
114 I 61435431 44 
115 I 61613839 77 
116 I 62092734 101 
117 I 62350381 82 
118 I 62884916 87 
119 I 63170364 102 
120 I 63353081 101 
121 I 63551221 97 
122 I 63752595 101 
123 I 65230959 103 
124 I 65750628 44 
125 I 66148685 44 
126 I 67122166 101 
127 I 67612856 101 
128 I 67953797 44 
129 I 68154391 44 
130 I 68431308 101 
131 I 70162699 44 
132 I 70281264 88 
133 I 70473310 44 
134 I 71345634 101 
135 I 72340910 101 
136 I 72668630 44 
137 I 73507493 101 
138 I 73775953 44 
139 I 73875075 101 
140 I 74037706 101 
141 I 74574681 44 
142 I 75140297 101 
143 I 75982378 94 
144 I 76188753 101 
145 I 76487080 90 
146 I 76660049 101 
147 I 77039973 101 
148 I 77229152 101 
149 I 77434689 108 
150 I 77632011 237 
151 I 77833743 85 
152 I 78296233 44 
153 I 78989274 44 
154 I 79289937 44 
155 I 80192680 44 
156 I 80541026 101 
157 I 81438441 101 
158 I 81793718 88 
159 I 82200411 101 
160 I 83264911 87 
161 I 83402092 44 
162 I 83904019 44 
163 I 84054784 101 
164 I 84934704 101 
165 I 85411506 101 
166 I 85832852 101 
167 I 85987928 101 
168 I 86178423 88 
169 I 86827299 101 
170 I 87113513 44 
171 I 87515371 44 
172 I 87662644 100 
173 I 87918192 44 
174 I 88119176 44 
175 I 88275065 108 
176 I 88616658 44 
177 I 88688556 101 
178 I 89038732 101 
179 I 89319923 44 
180 I 91025465 44 
181 I 91501826 88 
182 I 91731368 44 
183 I 92003031 44 
184 I 92329519 44 
185 I 92687287 101 
186 I 93267741 88 
187 I 93620940 214 
188 I 94438298 44 
189 I 94737874 44 
190 I 94862328 101 
191 I 95441747 44 
192 I 96244832 44 
193 I 96669619 91 
194 I 97446524 44 
195 I 98047947 44 
196 I 98450665 44 
197 I 99243122 91 
198 I 99553864 44 
199 I 100355536 44 
200 I 100859422 44 
201 I 101059938 44 
202 I 101096002 80 
203 I 101358632 44 
204 I 102666619 93 
205 I 102877845 44 
206 I 102893926 93 
207 I 103100319 44 
208 I 103468760 98 
209 I 103765886 44 
210 I 104786982 101 
211 I 104969911 44 
212 I 105085631 101 
213 I 106551042 101 
214 I 106776094 44 
215 I 107497406 87 
216 I 107721015 101 
217 I 108336765 101 
218 I 108716156 88 
219 I 109539070 240 
220 I 110587060 44 
221 I 110794064 44 
222 I 111412119 101 
223 I 111474778 44 
224 I 111514956 101 
225 I 111895011 44 
226 I 112091125 44 
227 I 112361598 77 
228 I 112594094 44 
229 I 112793183 44 
230 I 113095165 44 
231 I 113296033 44 
232 I 114000597 44 
233 I 114198835 44 
234 I 114400807 101 
235 I 114893283 101 
236 I 115100763 44 
237 I 115303874 44 
238 I 115718328 101 
239 I 116204878 44 
240 I 116411681 44 
241 I 117607881 44 
242 I 117910412 44 
243 I 118314641 101 
244 I 118573564 135 
245 I 118917055 44 
246 I 119115767 44 
247 I 119326878 99 
248 I 119615760 44 
249 I 120117378 44 
250 I 120417845 44 
251 I 120721758 44 
252 I 121222962 44 
253 I 121925285 44 
254 I 122123795 44 
255 I 122526354 44 
256 I 122905386 101 
257 I 123227486 44 
258 I 123486505 101 
259 I 123923323 101 
260 I 124637083 101 
261 I 124700266 90 
262 I 125406138 101 
263 I 125754810 101 
264 I 126527300 80 
265 I 127245467 80 
266 I 127533995 44 
267 I 127849362 44 
268 I 128851487 44 
269 I 129433017 101 
270 I 129646686 44 
271 I 130008044 101 
272 I 130752573 101 
273 I 130832748 44 
274 I 131464725 44 
275 I 131857055 101 
276 I 132658388 89 
277 I 132710128 44 
278 I 132876134 44 
279 I 133358503 44 
280 I 133560526 44 
281 I 133620005 98 
282 I 134965533 44 
283 I 135278759 101 
284 I 135469310 100 
285 I 135671079 101 
286 I 136067749 44 
287 I 136267429 44 
288 I 138273767 44 
289 I 138475575 44 
290 I 138747415 44 
291 I 138976255 44 
292 I 140080323 44 
293 I 140565226 44 
294 I 140782694 44 
295 I 141256716 96 
296 I 141482633 44 
297 I 141652344 88 
298 I 141940264 101 
299 I 142189272 113 
300 I 142489776 84 
301 I 143313989 89 
302 I 143552716 101 
303 I 143914724 44 
304 I 144097980 44 
305 I 145068744 112 
306 I 145764830 90 
307 I 146032887 102 
308 I 146465121 101 
309 I 146698209 87 
310 I 147295678 97 
311 I 147517804 44 
312 I 147914601 101 
313 I 148307371 44 
314 I 148505945 44 
315 I 148608596 101 
316 I 150914055 44 
317 I 151113590 44 
318 I 151369904 101 
319 I 151735106 101 
320 I 152150452 44 
321 I 152317366 88 
322 I 152546676 92 
323 I 153325347 44 
324 I 153522135 44 
325 I 153723629 44 
326 I 154224142 44 
327 I 154393012 91 
328 I 154826344 44 
329 I 156177827 101 
330 I 156635139 101 
331 I 156855181 78 
332 I 157134519 44 
333 I 157745834 101 
334 I 158035545 44 
335 I 158236869 44 
336 I 158361543 102 
337 I 159037975 44 
338 I 160339889 44 
339 I 160544597 44 
340 I 161547571 44 
341 I 162063139 101 
342 I 162249809 44 
343 I 162451409 44 
344 I 162651791 44 
345 I 162953455 44 
346 I 163914863 100 
347 I 164586012 88 
348 I 164921229 90 
349 I 165145670 100 
350 I 165342047 101 
351 I 165863037 44 
352 I 166062518 44 
353 I 166263209 44 
354 I 166664756 44 
355 I 166711416 101 
356 I 166968331 44 
357 I 168250464 44 
358 I 168429695 44 
359 I 168564278 102 
360 I 168713445 44 
361 I 168821737 147 
362 I 169264686 101 
363 I 169464278 101 
364 I 169693082 88 
365 I 170073308 44 
366 I 170485517 101 
367 I 171078465 44 
368 I 172284871 214 
369 I 172784753 44 
370 I 173364469 82 
371 I 173856392 119 
372 I 173856615 1504 
373 I 174105225 95 
374 I 174427383 98 
375 I 175458359 44 
376 I 175694299 44 
377 I 176092140 44 
378 I 176293413 44 
379 I 176595103 44 
380 I 177552678 108 
381 I 177824454 99 
382 I 178400174 44 
383 I 179003436 90 
384 I 179301860 44 
385 I 180899570 84 
386 I 181817878 44 
387 I 181884486 105 
388 I 182011204 44 
389 I 182149234 95 
390 I 183113347 101 
391 I 183616316 101 
392 I 183817587 44 
393 I 184106474 101 
394 I 184612012 106 
395 I 184880294 101 
396 I 185923730 44 
397 I 186387884 101 
398 I 186561533 78 
399 I 187746050 101 
400 I 188030364 44 
401 I 188232852 44 
402 I 189432962 44 
403 I 189534959 44 
404 I 189978761 101 
405 I 190441715 44 
406 I 191439722 44 
407 I 191841750 44 
408 I 192743476 44 
409 I 192935535 100 
410 I 194395610 93 
411 I 194794614 101 
412 I 195450190 82 
413 I 195619519 145 
414 I 196056366 44 
415 I 196758563 44 
416 I 197601314 100 
417 I 197861806 44 
418 I 198072393 101 
419 I 198863830 44 
420 I 199068925 44 
421 I 199208771 101 
422 I 199465747 44 
423 I 199694478 101 
424 I 199942300 104 
425 I 201858691 44 
426 I 201910726 44 
427 I 202086525 90 
428 I 202578307 44 
429 I 202832688 111 
430 I 203075402 91 
431 I 204089815 98 
432 I 204470351 98 
433 I 204706949 64 
434 I 204923315 101 
435 I 205277578 84 
436 I 206788766 44 
437 I 207693129 44 
438 I 207896436 44 
439 I 208494431 44 
440 I 208565652 99 
441 I 208871982 101 
442 I 209296896 44 
443 I 209697659 44 
444 I 210099845 44 
445 I 210581831 101 
446 I 211607723 44 
447 I 212611571 44 
448 I 212714264 94 
449 I 213413681 88 
450 I 213733022 88 
451 I 214513939 44 
452 I 214913131 44 
453 I 215503258 101 
454 I 215687713 93 
455 I 215927234 44 
456 I 215936418 101 
457 I 216222567 44 
458 I 216546476 89 
459 I 216744123 93 
460 I 217220438 44 
461 I 217411863 92 
462 I 218559749 101 
463 I 219027711 44 
464 I 220659351 101 
465 I 220933115 44 
466 I 221126458 98 
467 I 221547481 143 
468 I 222939326 44 
469 I 223143679 44 
470 I 223541093 44 
471 I 223835627 91 
472 I 224087687 90 
473 I 225246464 44 
474 I 225949528 44 
475 I 226952158 44 
476 I 227698964 97 
477 I 227907538 95 
478 I 228347459 101 
479 I 228631730 152 
480 I 230864112 44 
481 I 231166314 44 
482 I 231723995 101 
483 I 231936506 131 
484 I 232147969 198 
485 I 232221553 101 
486 I 232776636 44 
487 I 233098237 101 
488 I 233575041 44 
489 I 233874052 101 
490 I 235377030 44 
491 I 235879676 44 
492 I 235951278 101 
493 I 236080604 44 
494 I 236156593 113 
495 I 236870486 101 
496 I 237298445 44 
497 I 237744842 98 
498 I 237965327 125 
499 I 238309906 44 
500 I 238677999 44 
501 I 239292973 101 
502 I 239727220 101 
503 I 241697813 44 
504 I 242528152 90 
505 I 242692319 101 
506 I 244808759 44 
507 I 246785245 101 
508 I 246877052 87 
509 I 247415681 44 
510 I 248520918 44 
511 I 249234447 44 
512 I 249824489 44 
513 I 250425485 44 
514 I 250880809 101 
515 I 251186135 101 
516 I 251331602 158 
517 I 251628888 44 
518 I 251832746 44 
519 I 252133735 44 
520 I 252706335 101 
521 I 252958565 101 
522 I 253295218 137 
523 I 254708086 92 
524 I 254971787 99 
525 I 255141566 44 
526 I 255512378 88 
527 I 256445298 44 
528 I 258249933 44 
529 I 258804140 103 
530 I 258985205 101 
531 I 259782795 101 
532 I 260030084 101 
533 I 260355833 101 
534 I 260691470 206 
535 I 261585441 44 
536 I 261801618 85 
537 I 262222049 101 
538 I 262394147 88 
539 I 262611283 101 
540 I 263771669 44 
541 I 263974239 44 
542 I 265978310 44 
543 I 268787743 44 
544 I 269587602 44 
545 I 269786301 44 
546 I 270088572 44 
547 I 270287881 44 
548 I 271292315 44 
549 I 271362079 101 
550 I 271496243 44 
551 I 271775496 101 
552 I 272395790 44 
553 I 273096439 44 
554 I 273206745 101 
555 I 273600644 44 
556 I 273807775 44 
557 I 274405112 44 
558 I 274706272 44 
559 I 274902617 44 
560 I 275202846 44 
561 I 276006769 44 
562 I 277209975 44 
563 I 277411757 44 
564 I 277715696 44 
565 I 279101677 101 
566 I 279621771 44 
567 I 279823879 101 
568 I 280010209 101 
569 I 280322660 44 
570 I 280932265 101 
571 I 281135160 101 
572 I 281328299 101 
573 I 281832610 111 
574 I 281952351 44 
575 I 282324359 44 
576 I 282927822 44 
577 I 284012660 93 
578 I 284243129 100 
579 I 284614847 101 
580 I 284845480 88 
581 I 286098998 101 
582 I 286239098 44 
583 I 286439290 44 
584 I 286535911 101 
585 I 288950970 44 
586 I 289245946 44 
587 I 289835433 239 
588 I 290531625 87 
589 I 290845828 101 
590 I 291060726 44 
591 I 291101419 92 
592 I 291256620 44 
593 I 291860598 98 
594 I 293483564 107 
595 I 294663491 44 
596 I 295167101 44 
597 I 296477560 101 
598 I 296878310 44 
599 I 297076303 44 
600 I 297487449 101 
601 I 298489142 101 
602 I 298677118 44 
