0 I 0 44 
1 I 19882 44 
2 I 227625 44 
3 I 248275 44 
4 I 463112 44 
5 I 502225 44 
6 I 664911 44 
7 I 721804 44 
8 I 767239 44 
9 I 989534 44 
10 I 1274494 44 
11 I 1284728 56 
12 I 1444798 56 
13 I 1461356 56 
14 I 1474989 56 
15 I 1549212 56 
16 I 1570010 44 
17 I 1614823 44 
18 I 1679521 44 
19 I 1722054 44 
20 I 2037422 44 
21 I 2081460 44 
22 I 2392384 56 
23 I 2403380 56 
24 I 2741511 56 
25 I 2784606 44 
26 I 3081100 44 
27 I 3161565 44 
28 I 3269959 44 
29 I 3288614 44 
30 I 3615890 44 
31 I 3628102 44 
32 I 4179012 44 
33 I 4461522 56 
34 I 4660638 56 
35 I 4835189 56 
36 I 4853149 44 
37 I 5152401 44 
38 I 5460118 44 
39 I 5495784 44 
40 I 5748375 44 
41 I 5833332 44 
42 I 6085938 44 
43 I 6160678 44 
44 I 6184271 44 
45 I 6270690 44 
46 I 6306458 44 
47 I 6463683 44 
48 I 6478323 44 
49 I 6543034 44 
50 I 6676460 44 
51 I 6738219 44 
52 I 6756812 44 
53 I 6868077 44 
54 I 6883749 44 
55 I 6999839 44 
56 I 7032082 44 
57 I 7123541 44 
58 I 7188835 44 
59 I 7334731 44 
60 I 7355760 44 
61 I 7441935 44 
62 I 7456315 44 
63 I 7711308 44 
64 I 7741733 44 
65 I 7779936 44 
66 I 7797983 44 
67 I 7989847 44 
68 I 8060064 44 
69 I 8099722 44 
70 I 8116757 44 
71 I 8191893 56 
72 I 8287156 56 
73 I 8311401 56 
74 I 8324286 56 
75 I 8342240 56 
76 I 8364907 56 
77 I 8390621 56 
78 I 8408522 56 
79 I 8510562 44 
80 I 8555247 44 
81 I 8583496 44 
82 I 8668653 44 
83 I 8776814 44 
84 I 8816976 44 
85 I 8839713 44 
86 I 8955212 44 
87 I 9021885 44 
88 I 9064219 44 
89 I 9126017 44 
90 I 9230471 44 
91 I 9276204 44 
92 I 9316214 44 
93 I 9403386 44 
94 I 9512051 44 
95 I 9724328 44 
96 I 9739694 44 
97 I 9788037 44 
98 I 9804674 44 
99 I 9986144 44 
100 I 9999847 44 
101 I 10199498 44 
102 I 10276389 56 
103 I 10298036 56 
104 I 10320843 56 
105 I 10422285 56 
106 I 10442150 56 
107 I 10501702 56 
108 I 10541864 56 
109 I 10563918 44 
110 I 10586590 44 
111 I 10647737 44 
112 I 10669492 44 
113 I 10895376 44 
114 I 11030078 56 
115 I 11181957 56 
116 I 11212700 56 
117 I 11354082 56 
118 I 11478633 56 
119 I 11524165 44 
120 I 11807480 44 
121 I 12001622 44 
122 I 12095667 44 
123 I 12301046 44 
124 I 12385053 44 
125 I 12429114 44 
126 I 12532891 44 
127 I 12576343 44 
128 I 12594330 44 
129 I 12869585 44 
130 I 13407343 44 
131 I 13718480 56 
132 I 13948502 56 
133 I 15207903 56 
134 I 15314510 56 
135 I 15669561 44 
136 I 16034909 44 
137 I 16354075 56 
138 I 16375713 56 
139 I 16526042 56 
140 I 16545851 44 
141 I 16737055 44 
142 I 16940754 44 
143 I 17077785 44 
144 I 17325372 44 
145 I 17359349 44 
146 I 17534680 44 
147 I 17580519 44 
148 I 17745695 44 
149 I 17813543 44 
150 I 17834845 44 
151 I 18035540 44 
152 I 18050252 44 
153 I 18218457 44 
154 I 18340727 44 
155 I 18385642 44 
156 I 18572662 44 
157 I 18720163 56 
158 I 18740737 56 
159 I 18799712 56 
160 I 18819933 56 
161 I 18904109 56 
162 I 18929751 44 
163 I 19211030 44 
164 I 19229223 44 
165 I 19502861 44 
166 I 19526281 44 
167 I 19724662 44 
168 I 19845586 44 
169 I 20013693 44 
170 I 20164642 44 
171 I 20282364 44 
172 I 20306567 44 
173 I 20384398 44 
174 I 20479126 44 
175 I 20523040 44 
176 I 20541656 44 
177 I 20731674 44 
178 I 20855706 56 
179 I 20880602 56 
180 I 20897065 56 
181 I 21088824 56 
182 I 21218904 56 
183 I 21241217 56 
184 I 21259965 44 
185 I 21518050 44 
186 I 21582753 44 
187 I 21783082 44 
188 I 21858223 44 
189 I 21909423 44 
190 I 21936419 44 
191 I 21994653 44 
192 I 22012042 44 
193 I 22076196 44 
194 I 22093650 44 
195 I 22423443 44 
196 I 22443135 44 
197 I 22632022 44 
198 I 22785480 56 
199 I 22896063 64 
200 I 22911755 64 
201 I 23084900 64 
202 I 23170111 56 
203 I 23189595 56 
204 I 23222202 44 
205 I 23432833 44 
206 I 23484161 44 
207 I 23539887 44 
208 I 23575586 44 
209 I 23622339 44 
210 I 23641064 44 
211 I 23703237 44 
212 I 23731152 44 
213 I 23764981 44 
214 I 24024467 44 
215 I 24069857 44 
216 I 24087256 44 
217 I 24238655 44 
218 I 24406546 44 
219 I 24450426 44 
220 I 24556689 56 
221 I 24723603 56 
222 I 24747438 56 
223 I 24809271 56 
224 I 24898127 64 
225 I 25029213 56 
226 I 25048454 56 
227 I 25109507 56 
228 I 25184915 56 
229 I 25271712 56 
230 I 25289171 44 
231 I 25394141 44 
232 I 25724748 44 
233 I 25942005 44 
234 I 26142062 44 
235 I 26194975 44 
236 I 26344977 44 
237 I 26514348 44 
238 I 26689645 44 
239 I 26718349 44 
240 I 26792705 44 
241 I 26817577 44 
242 I 26875426 44 
243 I 26892864 44 
244 I 26940332 44 
245 I 26962268 44 
246 I 27014100 44 
247 I 27254762 44 
248 I 27309565 44 
249 I 27322083 44 
250 I 27367409 44 
251 I 27617684 44 
252 I 27686052 56 
253 I 27702388 56 
254 I 27963285 56 
255 I 28011924 56 
256 I 28044242 56 
257 I 28067333 44 
258 I 28261720 44 
259 I 28282365 44 
260 I 28485430 44 
261 I 28503368 44 
262 I 28587990 44 
263 I 28693826 44 
264 I 28714475 44 
265 I 28864547 44 
266 I 28913569 44 
267 I 28948908 44 
268 I 29043347 44 
269 I 29161986 44 
270 I 29197952 44 
271 I 29269037 44 
272 I 29292672 44 
273 I 29458916 44 
274 I 29483240 44 
275 I 29524552 44 
276 I 29585121 44 
277 I 29734313 44 
278 I 29753371 44 
279 I 29798761 44 
280 I 29821331 44 
281 I 30012208 44 
282 I 30033938 44 
283 I 30116357 44 
284 I 30144561 44 
285 I 30331527 44 
286 I 30352358 44 
287 I 30393574 44 
288 I 30424210 44 
289 I 30494105 44 
290 I 30587651 44 
291 I 30638255 44 
292 I 30659927 44 
293 I 30760581 44 
294 I 30790366 44 
295 I 30826433 44 
296 I 30848375 44 
297 I 30894357 44 
298 I 30911831 44 
299 I 31042531 44 
300 I 31103885 44 
301 I 31147594 44 
302 I 31168703 44 
303 I 31208255 44 
304 I 31232102 44 
305 I 31359281 44 
306 I 31381059 44 
307 I 31423932 44 
308 I 31442549 44 
309 I 31550552 44 
310 I 31573130 44 
311 I 31634317 56 
312 I 31653189 56 
313 I 31718313 56 
314 I 31770219 56 
315 I 31801320 56 
316 I 31812142 64 
317 I 31825374 64 
318 I 31847634 64 
319 I 31888993 64 
320 I 31909927 56 
321 I 31974037 56 
322 I 32016574 56 
323 I 32041672 56 
324 I 32058238 56 
325 I 32094161 56 
326 I 32104223 56 
327 I 32141264 56 
328 I 32189327 44 
329 I 32319190 44 
330 I 32412139 44 
331 I 32442801 44 
332 I 32508737 44 
333 I 32618811 44 
334 I 32655883 44 
335 I 32762241 44 
336 I 32784018 44 
337 I 32918550 44 
338 I 32933651 44 
339 I 33104593 44 
340 I 33123697 44 
341 I 33165270 44 
342 I 33321269 44 
343 I 33361964 44 
344 I 33387392 44 
345 I 33486882 44 
346 I 33499653 44 
347 I 33542544 44 
348 I 33561779 44 
349 I 33646984 44 
350 I 33838513 44 
351 I 33858384 44 
352 I 33922294 56 
353 I 33946019 56 
354 I 33973845 56 
355 I 34156335 56 
356 I 34193661 56 
357 I 34210344 56 
358 I 34234662 56 
359 I 34255777 44 
360 I 34460756 44 
361 I 34631972 44 
362 I 34657236 44 
363 I 34848644 44 
364 I 34867983 44 
365 I 35080847 44 
366 I 35170389 44 
367 I 35333065 44 
368 I 35359007 44 
369 I 35399628 44 
370 I 35586944 44 
371 I 35611370 44 
372 I 35627281 44 
373 I 35787695 44 
374 I 35809380 44 
375 I 35850647 44 
376 I 35865080 44 
377 I 36128249 44 
378 I 36142177 44 
379 I 36188963 44 
380 I 36204853 44 
381 I 36539608 56 
382 I 36556077 56 
383 I 36580118 56 
384 I 36830645 56 
385 I 36854885 56 
386 I 36884267 56 
387 I 36913329 44 
388 I 37036486 44 
389 I 37055833 44 
390 I 37177493 44 
391 I 37192664 44 
392 I 37311904 44 
393 I 37320957 44 
394 I 37404163 44 
395 I 37425224 44 
396 I 37457461 44 
397 I 37643933 44 
398 I 37688609 44 
399 I 37709859 44 
400 I 37868886 44 
401 I 37894675 44 
402 I 37965671 44 
403 I 38003339 44 
404 I 38100943 44 
405 I 38158637 44 
406 I 38227640 44 
407 I 38247077 44 
408 I 38357015 44 
409 I 38374040 44 
410 I 38512146 44 
411 I 38533786 44 
412 I 38630666 44 
413 I 38650747 44 
414 I 38760642 44 
415 I 38797587 44 
416 I 38868687 44 
417 I 38910037 44 
418 I 38997378 44 
419 I 39064231 44 
420 I 39146600 44 
421 I 39196388 44 
422 I 39310815 44 
423 I 39336504 44 
424 I 39384367 44 
425 I 39411490 44 
426 I 39434692 44 
427 I 39460217 44 
428 I 39502380 44 
429 I 39523481 44 
430 I 39563287 44 
431 I 39601211 44 
432 I 39628479 44 
433 I 39840253 56 
434 I 39863778 56 
435 I 39884500 56 
436 I 39905002 56 
437 I 39926219 56 
438 I 39969300 56 
439 I 39978902 56 
440 I 40137958 56 
441 I 40225216 56 
442 I 40245349 64 
443 I 40277500 64 
444 I 40335109 64 
445 I 40483799 64 
446 I 40570782 56 
447 I 40611213 56 
448 I 40628431 44 
449 I 40735539 44 
450 I 40819965 44 
451 I 40904582 44 
452 I 40930400 44 
453 I 41067437 44 
454 I 41089822 44 
455 I 41291527 44 
456 I 41404423 44 
457 I 41418370 44 
458 I 41464738 44 
459 I 41671791 44 
460 I 41712902 44 
461 I 41746870 44 
462 I 41892697 44 
463 I 41912905 44 
464 I 41956424 44 
465 I 41985498 44 
466 I 42074988 44 
467 I 42095958 44 
468 I 42136837 44 
469 I 42157761 44 
470 I 42210612 44 
471 I 42216343 44 
472 I 42260065 44 
473 I 42281821 44 
474 I 42325728 44 
475 I 42356955 44 
476 I 42496211 44 
477 I 42536954 44 
478 I 42585408 44 
479 I 42612630 44 
480 I 42650369 44 
481 I 42773619 44 
482 I 42881198 44 
483 I 42911361 44 
484 I 42945942 44 
485 I 42961657 44 
486 I 43152103 44 
487 I 43185500 44 
488 I 43218659 44 
489 I 43244914 44 
490 I 43287523 44 
491 I 43308714 44 
492 I 43482088 44 
493 I 43497810 44 
494 I 43545798 44 
495 I 43558234 44 
496 I 43610888 44 
497 I 43627854 44 
498 I 43813667 44 
499 I 43841707 44 
500 I 43882197 44 
501 I 43906316 44 
502 I 43921160 56 
503 I 43949259 56 
504 I 43964403 56 
505 I 44184377 56 
506 I 44199711 64 
507 I 44225390 64 
508 I 44242356 64 
509 I 44260502 64 
510 I 44289633 56 
511 I 44308769 56 
512 I 44450016 56 
513 I 44474247 56 
514 I 44512299 56 
515 I 44517810 56 
516 I 44536773 56 
517 I 44553345 56 
518 I 44595516 44 
519 I 44635986 44 
520 I 44656633 44 
521 I 44916090 44 
522 I 44932124 44 
523 I 45165816 44 
524 I 45253214 44 
525 I 45532881 44 
526 I 45551730 56 
527 I 45809049 56 
528 I 45832441 56 
529 I 45854690 56 
530 I 45996460 44 
531 I 46032465 44 
532 I 46230389 44 
533 I 46420303 44 
534 I 46527726 44 
535 I 46888471 44 
536 I 47165300 56 
537 I 47187505 56 
538 I 47220929 56 
539 I 47331302 56 
540 I 47359356 44 
541 I 47469727 44 
542 I 47791129 44 
543 I 47912765 44 
544 I 48188681 44 
545 I 48315575 44 
546 I 48531247 44 
547 I 48718748 44 
548 I 48800527 44 
549 I 48877524 44 
550 I 48904866 44 
551 I 48963974 44 
552 I 48979843 44 
553 I 49118642 44 
554 I 49418527 44 
555 I 49442786 44 
556 I 49469109 44 
557 I 49725789 44 
558 I 49767290 44 
559 I 49793128 44 
560 I 49915765 44 
561 I 49939857 56 
562 I 49981343 56 
563 I 50008349 56 
564 I 50024165 56 
565 I 50153138 56 
566 I 50173895 56 
567 I 50200005 44 
568 I 50261721 44 
569 I 50365306 44 
570 I 50449981 44 
571 I 50556656 44 
572 I 50686274 44 
573 I 50705696 44 
574 I 50766011 44 
575 I 50791898 44 
576 I 50858105 44 
577 I 50885466 44 
578 I 50935048 44 
579 I 50948292 44 
580 I 51122397 44 
581 I 51177552 44 
582 I 51218168 44 
583 I 51374912 44 
584 I 51483800 44 
585 I 51508568 44 
586 I 51624135 44 
587 I 51802264 44 
588 I 51818691 44 
589 I 51857730 44 
590 I 51885276 44 
591 I 52032071 44 
592 I 52154966 44 
593 I 52195489 44 
594 I 52287928 56 
595 I 52463811 56 
596 I 52485438 56 
597 I 52531854 56 
598 I 52550122 56 
599 I 52568470 64 
600 I 52595503 64 
601 I 52619301 56 
602 I 52645096 56 
603 I 52658640 56 
604 I 52678639 56 
605 I 52701003 56 
606 I 52952645 56 
607 I 52977952 44 
608 I 53020733 44 
609 I 53236037 44 
610 I 53430208 44 
611 I 53631355 44 
612 I 53722220 44 
613 I 53914304 44 
614 I 53947413 44 
615 I 54016642 44 
616 I 54039044 44 
617 I 54099911 44 
618 I 54118361 44 
619 I 54330928 44 
620 I 54423562 44 
621 I 54463694 44 
622 I 54793027 44 
623 I 54826284 56 
624 I 55100168 64 
625 I 55123916 64 
626 I 55166128 64 
627 I 55247911 56 
628 I 55277058 44 
629 I 55312302 44 
630 I 55485438 44 
631 I 55528615 44 
632 I 55646266 44 
633 I 55688909 44 
634 I 55713302 44 
635 I 55927725 44 
636 I 55946362 44 
637 I 56120885 44 
638 I 56143341 44 
639 I 56187421 44 
640 I 56362665 44 
641 I 56408810 44 
642 I 56429797 44 
643 I 56596941 44 
644 I 56661492 44 
645 I 56706044 44 
646 I 56728078 44 
647 I 56878029 44 
648 I 56974652 44 
649 I 57003574 44 
650 I 57030909 44 
651 I 57193660 44 
652 I 57218052 44 
653 I 57442014 44 
654 I 57548133 44 
655 I 57566168 44 
656 I 57613057 44 
657 I 57631668 44 
658 I 57842255 44 
659 I 57889030 56 
660 I 57906544 56 
661 I 57929215 56 
662 I 57948263 56 
663 I 57985695 56 
664 I 58141315 56 
665 I 58226805 56 
666 I 58298934 64 
667 I 58376611 64 
668 I 58400902 64 
669 I 58500457 64 
670 I 58557957 56 
671 I 58600832 44 
672 I 58773112 44 
673 I 58881982 44 
674 I 59045698 44 
675 I 59072025 44 
676 I 59166903 44 
677 I 59188271 44 
678 I 59279507 44 
679 I 59293824 44 
680 I 59362587 44 
681 I 59394277 44 
682 I 59546955 44 
683 I 59616924 56 
684 I 59639288 56 
685 I 59658535 56 
686 I 59787601 56 
687 I 59935248 56 
688 I 59958732 44 
689 I 60152288 44 
690 I 60318118 44 
691 I 60346140 44 
692 I 60598107 44 
693 I 60620124 44 
694 I 60782906 44 
695 I 60822738 44 
696 I 60876617 44 
697 I 60888043 44 
698 I 60957510 44 
699 I 60981723 44 
700 I 61023054 44 
701 I 61279592 44 
702 I 61319895 44 
703 I 61341394 44 
704 I 61563747 44 
705 I 61639358 44 
706 I 61683135 44 
707 I 61702023 44 
708 I 61979850 44 
709 I 62002457 44 
710 I 63057489 44 
711 I 63163261 44 
712 I 63276123 44 
713 I 63309600 44 
714 I 63423636 44 
715 I 63450818 44 
716 I 63548281 44 
717 I 63562870 44 
718 I 63646933 44 
719 I 63666400 44 
720 I 63774883 44 
721 I 63798941 44 
722 I 63837626 56 
723 I 63963593 56 
724 I 63990537 56 
725 I 64009190 56 
726 I 64038398 56 
727 I 64165607 44 
728 I 64247284 44 
729 I 64279856 44 
730 I 64481125 44 
731 I 64501509 44 
732 I 64695520 44 
733 I 64753715 44 
734 I 64964688 44 
735 I 65012318 44 
736 I 65167225 44 
737 I 65309940 44 
738 I 65356624 44 
739 I 65474675 44 
740 I 65535537 44 
741 I 65551123 44 
742 I 65593877 44 
743 I 65617949 44 
744 I 65658778 44 
745 I 65685746 44 
746 I 65721623 44 
747 I 65745135 44 
748 I 65980035 44 
749 I 66000542 44 
750 I 66040485 44 
751 I 66061575 44 
752 I 66315481 44 
753 I 66340176 44 
754 I 66384825 44 
755 I 66405329 44 
756 I 66573613 44 
757 I 66657725 44 
758 I 66698177 44 
759 I 66723450 44 
760 I 66872413 44 
761 I 66891158 56 
762 I 66982435 56 
763 I 67001761 56 
764 I 67019328 56 
765 I 67041433 56 
766 I 67066920 56 
767 I 67146047 56 
768 I 67192441 56 
769 I 67253166 44 
770 I 67297756 44 
771 I 67324056 44 
772 I 67444165 44 
773 I 67476857 44 
774 I 67589084 44 
775 I 67607736 44 
776 I 67652900 44 
777 I 67673354 44 
778 I 67712969 44 
779 I 67732961 44 
780 I 67785215 44 
781 I 67803634 44 
782 I 67845346 44 
783 I 67987646 44 
784 I 68041036 44 
785 I 68222507 44 
786 I 68241945 44 
787 I 68295498 44 
788 I 68314868 44 
789 I 68482928 44 
790 I 68515583 44 
791 I 68553209 44 
792 I 68569716 44 
793 I 68756946 44 
794 I 68841264 44 
795 I 68900702 44 
796 I 68911926 44 
797 I 69097669 56 
798 I 69110861 56 
799 I 69162688 56 
800 I 69181271 56 
801 I 69202294 56 
802 I 69227539 56 
803 I 69402061 56 
804 I 69428801 56 
805 I 69438163 44 
806 I 69503946 44 
807 I 69531936 44 
808 I 69658416 44 
809 I 69683951 44 
810 I 69763461 44 
811 I 69792094 44 
812 I 69828493 44 
813 I 70063313 44 
814 I 70107797 44 
815 I 70127799 44 
816 I 70279899 44 
817 I 71188213 44 
818 I 71485463 44 
819 I 71752360 44 
820 I 71799897 44 
821 I 72074019 44 
822 I 72287912 44 
823 I 72396838 56 
824 I 72450860 56 
825 I 72539459 56 
826 I 72579674 44 
827 I 72771055 44 
828 I 72897972 44 
829 I 73046581 44 
830 I 73067060 44 
831 I 73244777 44 
832 I 73260901 44 
833 I 73453448 44 
834 I 73472927 44 
835 I 73643378 44 
836 I 73662352 44 
837 I 73854788 44 
838 I 73882577 44 
839 I 73961306 44 
840 I 74038419 44 
841 I 74078458 44 
842 I 74109811 44 
843 I 74143178 44 
844 I 74183323 44 
845 I 74212348 44 
846 I 74229303 44 
847 I 74275521 44 
848 I 74293595 44 
849 I 74567567 44 
850 I 74586151 44 
851 I 74631738 44 
852 I 74651039 44 
853 I 74952637 56 
854 I 74973005 56 
855 I 74998792 56 
856 I 75206293 56 
857 I 75251857 56 
858 I 75272142 56 
859 I 75291348 44 
860 I 75431157 44 
861 I 75464919 44 
862 I 75599340 44 
863 I 75678486 44 
864 I 75803357 44 
865 I 75865196 44 
866 I 75907189 44 
867 I 76002143 44 
868 I 76084836 44 
869 I 76166413 44 
870 I 76227425 44 
871 I 76286204 44 
872 I 76324287 44 
873 I 76346288 44 
874 I 76389246 44 
875 I 76431804 44 
876 I 76474326 44 
877 I 76503146 44 
878 I 76708039 44 
879 I 76732515 44 
880 I 76899689 44 
881 I 77113987 44 
882 I 77132164 44 
883 I 77178017 44 
884 I 77203881 44 
885 I 77407107 44 
886 I 77452802 44 
887 I 77501288 44 
888 I 77521760 44 
889 I 77670663 56 
890 I 77731500 56 
891 I 77752952 56 
892 I 77795245 56 
893 I 77821312 56 
894 I 77839238 56 
895 I 77886365 56 
896 I 77965887 44 
897 I 78009271 44 
898 I 78073826 44 
899 I 78116781 44 
900 I 78202551 44 
901 I 78273458 44 
902 I 78286077 44 
903 I 78363855 44 
904 I 78386848 44 
905 I 78430176 44 
906 I 78448125 44 
907 I 78497955 44 
908 I 78512557 44 
909 I 78555343 44 
910 I 78580190 44 
911 I 78618288 44 
912 I 78636190 44 
913 I 78806125 44 
914 I 78839019 44 
915 I 78872808 44 
916 I 78894959 44 
917 I 79090518 44 
918 I 79105938 44 
919 I 79170954 44 
920 I 79194995 44 
921 I 79408167 44 
922 I 79434112 44 
923 I 79480453 44 
924 I 79502783 44 
925 I 79671095 56 
926 I 79710370 56 
927 I 79731952 56 
928 I 79776830 56 
929 I 79799707 56 
930 I 79826581 56 
931 I 79966789 56 
932 I 79989682 56 
933 I 80053626 44 
934 I 80096451 44 
935 I 80138167 44 
936 I 80353253 44 
937 I 80432110 44 
938 I 80574166 44 
939 I 80598313 44 
940 I 80640206 44 
941 I 80659888 44 
942 I 80703610 44 
943 I 80721342 44 
944 I 80766057 44 
945 I 81042533 44 
946 I 81063150 44 
947 I 81107012 44 
948 I 81128237 44 
949 I 81393593 44 
950 I 81408178 44 
951 I 81449794 44 
952 I 81475550 44 
953 I 81724847 56 
954 I 81748067 56 
955 I 81766337 56 
956 I 81790132 56 
957 I 81919894 64 
958 I 81941339 56 
959 I 81959156 56 
960 I 81997912 56 
961 I 82111291 56 
962 I 82133904 56 
963 I 82176316 44 
964 I 82284943 44 
965 I 82411930 44 
966 I 82518091 44 
967 I 82600646 44 
968 I 82646058 44 
969 I 82679345 44 
970 I 82768755 56 
971 I 82796412 56 
972 I 82897442 56 
973 I 82920754 56 
974 I 83043500 44 
975 I 83168084 44 
976 I 83259976 44 
977 I 83392105 44 
978 I 83411217 44 
979 I 83578616 44 
980 I 83595868 44 
981 I 83786583 44 
982 I 83810936 44 
983 I 83997100 44 
984 I 84024928 44 
985 I 84221845 44 
986 I 84232096 44 
987 I 84277520 44 
988 I 84328121 44 
989 I 84383682 44 
990 I 84392581 44 
991 I 84439335 44 
992 I 84468522 44 
993 I 84521418 44 
994 I 84532242 44 
995 I 84574118 44 
996 I 84592573 44 
997 I 84847613 44 
998 I 84857433 44 
999 I 84894513 44 
1000 I 84919182 44 
1001 I 85127226 44 
1002 I 85233902 56 
1003 I 85387711 56 
1004 I 85532242 56 
1005 I 85616401 56 
1006 I 85805466 56 
1007 I 85827791 56 
1008 I 85851238 44 
1009 I 86127496 44 
1010 I 86340477 44 
1011 I 86589259 44 
1012 I 86614383 44 
1013 I 86830814 44 
1014 I 86932751 44 
1015 I 87141854 56 
1016 I 87247787 56 
1017 I 87271564 56 
1018 I 87387621 56 
1019 I 87445958 44 
1020 I 87613708 44 
1021 I 87709066 44 
1022 I 87751020 44 
1023 I 87805463 44 
1024 I 87855287 44 
1025 I 87899472 44 
1026 I 87942754 44 
1027 I 87969583 44 
1028 I 88162402 44 
1029 I 88188029 44 
1030 I 88396412 44 
1031 I 88414108 44 
1032 I 88470388 44 
1033 I 88625241 44 
1034 I 88673242 44 
1035 I 88716343 44 
1036 I 88848352 44 
1037 I 88975121 44 
1038 I 89058497 44 
1039 I 89076938 44 
1040 I 89242292 44 
1041 I 89314829 44 
1042 I 89547739 44 
1043 I 89569915 44 
1044 I 89611779 44 
1045 I 89631439 44 
1046 I 89747683 44 
1047 I 89781209 44 
1048 I 89820145 44 
1049 I 89832018 44 
1050 I 89877990 44 
1051 I 89895880 44 
1052 I 90154070 44 
1053 I 90184432 44 
1054 I 90347146 44 
1055 I 90431678 56 
1056 I 90453279 56 
1057 I 90478303 56 
1058 I 90629154 56 
1059 I 90747945 56 
1060 I 90922716 64 
1061 I 91028147 64 
1062 I 91251168 64 
1063 I 91353842 64 
1064 I 91375562 56 
1065 I 91400087 44 
1066 I 91409614 44 
1067 I 91511909 44 
1068 I 91532222 44 
1069 I 91810444 44 
1070 I 91829343 44 
1071 I 92128168 44 
1072 I 92148592 44 
1073 I 92361375 44 
1074 I 92448140 44 
1075 I 92648923 44 
1076 I 92842852 44 
1077 I 92861869 44 
1078 I 92902702 44 
1079 I 92991344 44 
1080 I 93032880 44 
1081 I 93075622 44 
1082 I 93251738 44 
1083 I 93373040 56 
1084 I 93519566 56 
1085 I 93864408 56 
1086 I 94954618 56 
1087 I 95199999 44 
1088 I 95221625 44 
1089 I 95499205 44 
1090 I 95568160 44 
1091 I 95902670 44 
1092 I 95921835 44 
1093 I 96278002 44 
1094 I 96593479 56 
1095 I 96614544 56 
1096 I 96634297 56 
1097 I 96818186 56 
1098 I 96839328 44 
1099 I 96963455 44 
1100 I 97182508 44 
1101 I 97422179 44 
1102 I 97651323 44 
1103 I 97692775 44 
1104 I 97929899 44 
1105 I 98017020 44 
1106 I 98272914 44 
1107 I 98380994 44 
1108 I 98405414 44 
1109 I 99469753 44 
1110 I 99769364 44 
1111 I 100087661 44 
1112 I 100128541 44 
1113 I 100403187 44 
1114 I 100473633 44 
1115 I 100511906 44 
1116 I 100577860 44 
1117 I 100595693 44 
1118 I 100664500 44 
1119 I 100682924 44 
1120 I 100872512 44 
1121 I 101161111 56 
1122 I 101408187 56 
1123 I 102401448 56 
1124 I 102665210 44 
1125 I 102991738 44 
1126 I 103007364 44 
1127 I 103326905 44 
1128 I 103350424 44 
1129 I 103604627 44 
1130 I 103628470 44 
1131 I 103684807 44 
1132 I 103704089 44 
1133 I 103804436 44 
1134 I 103848863 44 
1135 I 103872554 44 
1136 I 104127915 44 
1137 I 104171378 44 
1138 I 104189645 44 
1139 I 104415847 44 
1140 I 104587816 44 
1141 I 104866790 44 
1142 I 104903582 44 
1143 I 104936612 44 
1144 I 105094968 56 
1145 I 105112935 56 
1146 I 105136723 56 
1147 I 105196523 56 
1148 I 105220554 56 
1149 I 105261306 56 
1150 I 105290717 44 
1151 I 105351534 44 
1152 I 105370604 44 
1153 I 105539284 44 
1154 I 105560926 44 
1155 I 105690941 44 
1156 I 105798523 44 
1157 I 105867429 44 
1158 I 106014703 44 
1159 I 106145639 44 
1160 I 106166086 44 
1161 I 106290085 44 
1162 I 106356735 44 
1163 I 106401777 44 
1164 I 106508092 44 
1165 I 106617241 44 
1166 I 106638107 44 
1167 I 106683204 44 
1168 I 106761986 44 
1169 I 106926531 44 
1170 I 106952933 44 
1171 I 106995507 44 
1172 I 107033612 44 
1173 I 107180434 44 
1174 I 107203781 44 
1175 I 107244598 44 
1176 I 107264753 44 
1177 I 107309850 44 
1178 I 107331311 44 
1179 I 107374148 44 
1180 I 107394640 44 
1181 I 107440287 44 
1182 I 107456179 44 
1183 I 107511280 44 
1184 I 107715254 44 
1185 I 107756493 44 
1186 I 107775601 44 
1187 I 107824621 56 
1188 I 107840603 56 
1189 I 108097214 64 
1190 I 108119748 64 
1191 I 108150018 64 
1192 I 108334253 56 
1193 I 108376776 56 
1194 I 108398923 56 
1195 I 108421094 44 
1196 I 108504207 44 
1197 I 108592264 44 
1198 I 108635307 44 
1199 I 108653967 44 
1200 I 108761235 44 
1201 I 108823491 44 
1202 I 108873776 44 
1203 I 108936807 44 
1204 I 109103622 44 
1205 I 109218002 44 
1206 I 109243163 44 
1207 I 109281980 44 
1208 I 109300436 44 
1209 I 109495599 44 
1210 I 109513290 44 
1211 I 109598862 44 
1212 I 109621749 44 
1213 I 109815596 44 
1214 I 109833843 44 
1215 I 109876400 44 
1216 I 109897312 44 
1217 I 110117381 44 
1218 I 110162045 44 
1219 I 110195968 44 
1220 I 110218192 44 
1221 I 110392691 56 
1222 I 110451694 56 
1223 I 110473716 56 
1224 I 110496680 56 
1225 I 110520315 56 
1226 I 110544766 56 
1227 I 110717614 56 
1228 I 110812677 44 
1229 I 110858354 44 
1230 I 110877361 44 
1231 I 111008630 44 
1232 I 111191979 44 
1233 I 111228389 44 
1234 I 111249585 44 
1235 I 111339686 44 
1236 I 111358758 44 
1237 I 111461518 44 
1238 I 111482228 44 
1239 I 111525507 44 
1240 I 111782634 44 
1241 I 111822031 44 
1242 I 112122575 56 
1243 I 112143677 56 
1244 I 112173980 56 
1245 I 112452765 56 
1246 I 112611251 56 
1247 I 112696590 64 
1248 I 112943292 64 
1249 I 113046510 56 
1250 I 113064235 44 
1251 I 113173964 44 
1252 I 113470132 44 
1253 I 113614223 44 
1254 I 113839841 44 
1255 I 114015565 44 
1256 I 114105685 44 
1257 I 114375631 56 
1258 I 114398570 56 
1259 I 114574282 56 
1260 I 114658346 44 
1261 I 114897937 44 
1262 I 115038511 44 
1263 I 115131337 44 
1264 I 115145881 44 
1265 I 115328294 44 
1266 I 115353504 44 
1267 I 115443962 44 
1268 I 115456759 44 
1269 I 115623752 44 
1270 I 115770526 44 
1271 I 115792653 44 
1272 I 115927762 44 
1273 I 116043232 44 
1274 I 116075790 44 
1275 I 116216971 44 
1276 I 116328453 44 
1277 I 116343721 44 
1278 I 116538708 44 
1279 I 116642461 44 
1280 I 116691172 44 
1281 I 116806861 56 
1282 I 116827004 56 
1283 I 116931078 56 
1284 I 116954296 56 
1285 I 116968951 56 
1286 I 117072321 56 
1287 I 117090571 44 
1288 I 117281810 44 
1289 I 117300433 44 
1290 I 117435215 44 
1291 I 117523180 44 
1292 I 117588412 44 
1293 I 117713527 44 
1294 I 117851984 44 
1295 I 117874959 44 
1296 I 118057922 44 
1297 I 118072763 44 
1298 I 118153594 44 
1299 I 118215222 44 
1300 I 118260904 44 
1301 I 118305563 44 
1302 I 118559861 44 
1303 I 118579770 44 
1304 I 118616980 44 
1305 I 118643594 44 
1306 I 118958626 56 
1307 I 119148991 56 
1308 I 119288773 56 
1309 I 119296189 56 
1310 I 119339647 44 
1311 I 119554376 44 
1312 I 119580166 44 
1313 I 119711995 44 
1314 I 119729990 44 
1315 I 119882309 44 
1316 I 119894504 44 
1317 I 120038095 44 
1318 I 120131906 44 
1319 I 120175225 44 
1320 I 120216527 44 
1321 I 120368815 44 
1322 I 120392563 44 
1323 I 120508651 44 
1324 I 120523972 44 
1325 I 120641103 44 
1326 I 120681053 44 
1327 I 120726425 44 
1328 I 120746698 44 
1329 I 121027328 56 
1330 I 121041098 56 
1331 I 122341343 56 
1332 I 122661789 44 
1333 I 122693016 44 
1334 I 124954841 44 
1335 I 125327414 44 
1336 I 125671106 44 
1337 I 125854216 44 
1338 I 126113683 44 
1339 I 126257350 44 
1340 I 126317180 44 
1341 I 126528030 44 
1342 I 126553653 44 
1343 I 126702694 44 
1344 I 126724884 44 
1345 I 126941541 44 
1346 I 126952586 44 
1347 I 127155956 44 
1348 I 127213324 44 
1349 I 127258345 44 
1350 I 127458114 44 
1351 I 127485222 44 
1352 I 127535247 44 
1353 I 127662612 44 
1354 I 127813346 44 
1355 I 127847472 44 
1356 I 127893864 44 
1357 I 128158370 44 
1358 I 128191391 44 
1359 I 128365370 44 
1360 I 128468027 56 
1361 I 128517098 56 
1362 I 128533790 56 
1363 I 128789595 56 
1364 I 128811134 44 
1365 I 130269073 44 
1366 I 130768952 44 
1367 I 131028074 56 
1368 I 131287194 56 
1369 I 131583557 44 
1370 I 131861700 44 
1371 I 132138007 44 
1372 I 132273338 44 
1373 I 132433746 44 
1374 I 132576892 44 
1375 I 132595373 44 
1376 I 132899007 44 
1377 I 132920024 44 
1378 I 133079709 44 
1379 I 133213087 44 
1380 I 133340488 44 
1381 I 133509123 44 
1382 I 133615780 44 
1383 I 133634683 44 
1384 I 133742610 44 
1385 I 133973919 44 
1386 I 134065872 56 
1387 I 134087288 56 
1388 I 134312012 56 
1389 I 134331665 56 
1390 I 134413424 56 
1391 I 134581067 56 
1392 I 134608785 56 
1393 I 134689943 56 
1394 I 134758083 56 
1395 I 134926059 56 
1396 I 134991458 44 
1397 I 135170318 44 
1398 I 135275019 44 
1399 I 135413179 44 
1400 I 135438199 44 
1401 I 135798744 44 
1402 I 135817688 44 
1403 I 136074110 44 
1404 I 136093107 44 
1405 I 136288235 44 
1406 I 136372247 44 
1407 I 136522217 44 
1408 I 136627698 44 
1409 I 136755861 44 
1410 I 136784140 44 
1411 I 136907641 44 
1412 I 137058953 44 
1413 I 137098590 44 
1414 I 137225146 44 
1415 I 137390543 44 
1416 I 137428905 44 
1417 I 137556621 56 
1418 I 137670970 56 
1419 I 137686898 56 
1420 I 137708851 56 
1421 I 137768998 56 
1422 I 137901526 44 
1423 I 137984789 44 
1424 I 138289121 56 
1425 I 138303927 56 
1426 I 138644154 56 
1427 I 138665582 44 
1428 I 138945388 44 
1429 I 139178084 44 
1430 I 139405017 44 
1431 I 139599158 44 
1432 I 139685979 44 
1433 I 139854728 44 
1434 I 140194776 44 
1435 I 140219131 44 
1436 I 140492195 56 
1437 I 140512202 56 
1438 I 140543671 56 
1439 I 140727710 56 
1440 I 140771447 44 
1441 I 140898478 44 
1442 I 141069297 44 
1443 I 141262656 44 
1444 I 141291373 44 
1445 I 141474992 44 
1446 I 141496849 44 
1447 I 141674141 44 
1448 I 141688020 44 
1449 I 141901693 44 
1450 I 142012016 44 
1451 I 142203137 44 
1452 I 142307702 44 
1453 I 142346267 44 
1454 I 142538878 44 
1455 I 142648022 44 
1456 I 142859596 56 
1457 I 142964413 56 
1458 I 142985442 56 
1459 I 143008597 56 
1460 I 143095712 56 
1461 I 143223856 44 
1462 I 143273211 44 
1463 I 143328790 44 
1464 I 143477476 44 
1465 I 143500091 44 
1466 I 143808366 44 
1467 I 144154481 44 
1468 I 144178205 44 
1469 I 144505083 56 
1470 I 144529980 56 
1471 I 144539093 56 
1472 I 144712990 56 
1473 I 144794622 44 
1474 I 144860851 44 
1475 I 144988104 44 
1476 I 145071918 44 
1477 I 145171131 56 
1478 I 145196422 56 
1479 I 145292490 56 
1480 I 145376901 44 
1481 I 145481064 44 
1482 I 145703899 44 
1483 I 145891630 44 
1484 I 146086227 44 
1485 I 146127531 44 
1486 I 146386389 44 
1487 I 146491778 44 
1488 I 146663712 44 
1489 I 146818484 44 
1490 I 147017722 44 
1491 I 147023922 56 
1492 I 147168305 56 
1493 I 147298514 56 
1494 I 147322169 56 
1495 I 147467906 44 
1496 I 147636185 44 
1497 I 147982655 44 
1498 I 148125041 44 
1499 I 148255471 44 
1500 I 148478087 44 
1501 I 148501618 44 
1502 I 148675674 44 
1503 I 148701157 44 
1504 I 148834054 44 
1505 I 149011079 44 
1506 I 149074916 44 
1507 I 149244924 44 
1508 I 149289191 44 
1509 I 149306916 44 
1510 I 149498704 44 
1511 I 149524778 44 
1512 I 149563027 44 
1513 I 149710977 44 
1514 I 149754430 44 
1515 I 149826621 44 
1516 I 149887902 44 
1517 I 150014243 44 
1518 I 150119757 44 
1519 I 150138134 44 
1520 I 150222345 44 
1521 I 150247499 44 
1522 I 150433722 44 
1523 I 150455098 44 
1524 I 150532141 44 
1525 I 150553877 44 
1526 I 150661954 44 
1527 I 150682281 44 
1528 I 150829910 44 
1529 I 150954949 56 
1530 I 151932519 56 
1531 I 152181490 44 
1532 I 152640747 44 
1533 I 152983331 56 
1534 I 153010715 56 
1535 I 153215871 56 
1536 I 153302902 44 
1537 I 153524727 44 
1538 I 153604180 44 
1539 I 153698160 44 
1540 I 153796841 44 
1541 I 153840942 44 
1542 I 153959844 44 
1543 I 154002592 44 
1544 I 154154149 44 
1545 I 154259510 44 
1546 I 154287089 44 
1547 I 154428995 44 
1548 I 154437288 44 
1549 I 154643709 44 
1550 I 154708710 44 
1551 I 154749992 44 
1552 I 154859848 44 
1553 I 154977861 44 
1554 I 154992741 44 
1555 I 155145573 44 
1556 I 155207479 44 
1557 I 155275145 44 
1558 I 155290485 44 
1559 I 155596245 56 
1560 I 155611892 56 
1561 I 155633622 56 
1562 I 155956619 44 
1563 I 156447579 44 
1564 I 156738162 56 
1565 I 156942911 56 
1566 I 157134226 44 
1567 I 157453766 44 
1568 I 157677368 44 
1569 I 157849832 44 
1570 I 158207691 44 
1571 I 158573810 56 
1572 I 158914730 56 
1573 I 159461073 56 
1574 I 160407311 44 
1575 I 160642484 44 
1576 I 160907761 44 
1577 I 161067157 44 
1578 I 161186067 44 
1579 I 161316024 44 
1580 I 161342290 44 
1581 I 161495145 44 
1582 I 161533887 44 
1583 I 161663236 44 
1584 I 161719974 44 
1585 I 161864161 44 
1586 I 162068749 56 
1587 I 162081793 56 
1588 I 162189358 56 
1589 I 162208186 56 
1590 I 162311311 56 
1591 I 162417884 44 
1592 I 162550460 56 
1593 I 162742817 56 
1594 I 162995028 44 
1595 I 163251021 44 
1596 I 163420621 44 
1597 I 163569740 44 
1598 I 163758040 44 
1599 I 163780904 44 
1600 I 164057232 44 
1601 I 164081632 44 
1602 I 164387296 44 
1603 I 164402834 44 
1604 I 164577294 44 
1605 I 164752327 44 
1606 I 164850640 44 
1607 I 165053434 44 
1608 I 165094272 44 
1609 I 165159160 44 
1610 I 165307060 44 
1611 I 165329987 44 
1612 I 165393742 44 
1613 I 165679051 56 
1614 I 165691694 56 
1615 I 165986526 56 
1616 I 166032329 56 
1617 I 166052465 56 
1618 I 166940367 44 
1619 I 167069270 44 
1620 I 167275219 44 
1621 I 167472374 44 
1622 I 167693156 44 
1623 I 167728711 44 
1624 I 168026272 44 
1625 I 168071197 44 
1626 I 168341408 44 
1627 I 168426694 44 
1628 I 168437954 44 
1629 I 168745940 44 
1630 I 168764049 44 
1631 I 168890250 44 
1632 I 169010710 44 
1633 I 169048832 44 
1634 I 169153530 44 
1635 I 169308211 44 
1636 I 169328102 44 
1637 I 169492462 44 
1638 I 169523129 44 
1639 I 169770928 56 
1640 I 169858063 56 
1641 I 169877654 56 
1642 I 170208398 64 
1643 I 170392013 64 
1644 I 171470787 56 
1645 I 171808353 44 
1646 I 171824846 44 
1647 I 174006158 44 
1648 I 174202186 44 
1649 I 174384161 44 
1650 I 174679970 44 
1651 I 174691028 44 
1652 I 174697862 44 
1653 I 174981071 44 
1654 I 175013334 44 
1655 I 175390096 52 
1656 I 175560496 44 
1657 I 175569743 443 
1658 I 176108973 44 
1659 I 179599477 44 
1660 I 185539149 44 
1661 I 185785291 44 
1662 I 186034044 44 
1663 I 186281278 44 
1664 I 186438355 44 
1665 I 186575697 44 
1666 I 186876318 44 
1667 I 186893996 44 
1668 I 187161223 44 
1669 I 187179662 44 
1670 I 187344850 44 
1671 I 187471207 44 
1672 I 187556065 44 
1673 I 187725021 44 
1674 I 187764999 44 
1675 I 187814695 44 
1676 I 187949646 44 
1677 I 188050798 44 
1678 I 188089093 44 
1679 I 188236877 44 
1680 I 188383448 44 
1681 I 188408380 44 
1682 I 188455762 44 
1683 I 188604852 44 
1684 I 188732586 44 
1685 I 188773017 44 
1686 I 188827477 56 
1687 I 188975941 56 
1688 I 189212961 56 
1689 I 189234016 44 
1690 I 189492188 44 
1691 I 189505422 44 
1692 I 189693262 44 
1693 I 189708934 44 
1694 I 189815597 44 
1695 I 189838791 44 
1696 I 189952164 44 
1697 I 189971583 44 
1698 I 190153952 44 
1699 I 190277381 56 
1700 I 190304427 56 
1701 I 190333275 56 
1702 I 190466133 56 
1703 I 190633890 56 
1704 I 190747297 64 
1705 I 190920045 64 
1706 I 191046549 64 
1707 I 191262078 64 
1708 I 191409079 64 
1709 I 191546685 64 
1710 I 191573009 56 
1711 I 191590703 56 
1712 I 191631914 56 
1713 I 191653527 44 
1714 I 191674911 44 
1715 I 191699182 44 
1716 I 191717859 44 
1717 I 191739046 44 
1718 I 191768341 44 
1719 I 191785105 44 
1720 I 191848461 44 
1721 I 191888314 44 
1722 I 191908375 44 
1723 I 191953260 44 
1724 I 191995734 44 
1725 I 192044303 44 
1726 I 192064577 44 
1727 I 192209308 44 
1728 I 192231065 44 
1729 I 192343937 44 
1730 I 192383036 44 
1731 I 192451754 44 
1732 I 192477888 44 
1733 I 192658416 44 
1734 I 192769253 44 
1735 I 192790533 44 
1736 I 192825573 44 
1737 I 192972661 44 
1738 I 193016096 44 
1739 I 193086768 44 
1740 I 193229360 44 
1741 I 193252366 44 
1742 I 193320363 44 
1743 I 193338115 44 
1744 I 193534123 44 
1745 I 193590955 44 
1746 I 193656854 44 
1747 I 193681616 44 
1748 I 193872280 44 
1749 I 193912087 44 
1750 I 193979591 56 
1751 I 193996108 56 
1752 I 194015946 56 
1753 I 194231803 56 
1754 I 194322045 64 
1755 I 194358462 56 
1756 I 194393985 56 
1757 I 194594564 56 
1758 I 194629022 56 
1759 I 194694134 56 
1760 I 194804775 44 
1761 I 194917981 44 
1762 I 195016177 44 
1763 I 195170917 44 
1764 I 195255322 44 
1765 I 195364006 44 
1766 I 195415262 44 
1767 I 195562515 44 
1768 I 195588976 44 
1769 I 195771879 44 
1770 I 197073751 44 
1771 I 197407940 44 
1772 I 197769464 44 
1773 I 198090297 56 
1774 I 198396288 56 
1775 I 198643209 44 
1776 I 198930192 44 
1777 I 199034442 44 
1778 I 199148425 44 
1779 I 199514800 44 
1780 I 199679860 44 
1781 I 199842360 56 
1782 I 199954753 56 
1783 I 200146800 56 
1784 I 200232676 44 
1785 I 200435313 44 
1786 I 200646814 44 
1787 I 200784454 44 
1788 I 201050551 44 
1789 I 201194391 44 
1790 I 201484640 56 
1791 I 201797333 56 
1792 I 202129196 44 
1793 I 202426668 44 
1794 I 202767934 44 
1795 I 202893145 44 
1796 I 203134613 44 
1797 I 203307243 44 
1798 I 203418587 44 
1799 I 203620242 44 
1800 I 203858222 44 
1801 I 203877831 44 
1802 I 204103378 44 
1803 I 204154425 44 
1804 I 204400817 44 
1805 I 204500676 44 
1806 I 204674435 56 
1807 I 204772686 56 
1808 I 204798646 56 
1809 I 204986623 56 
1810 I 205091537 44 
1811 I 205304369 44 
1812 I 205444039 44 
1813 I 205488851 44 
1814 I 205658188 44 
1815 I 206001580 44 
1816 I 206224625 56 
1817 I 206585720 56 
1818 I 206954392 56 
1819 I 208274032 44 
1820 I 208587130 44 
1821 I 208956713 44 
1822 I 209252710 56 
1823 I 209550708 56 
1824 I 209869955 44 
1825 I 210212216 44 
1826 I 210410893 44 
1827 I 210601711 44 
1828 I 210809565 44 
1829 I 210853164 44 
1830 I 211074080 44 
1831 I 211141147 44 
1832 I 211339503 44 
1833 I 211473632 44 
1834 I 211494295 44 
1835 I 211598757 44 
1836 I 211616962 44 
1837 I 211820516 44 
1838 I 212129395 56 
1839 I 212340839 56 
1840 I 212663570 56 
1841 I 212682807 56 
1842 I 212703641 44 
1843 I 212983003 44 
1844 I 213006577 44 
1845 I 213215471 44 
1846 I 213260676 44 
1847 I 213434539 44 
1848 I 213474822 44 
1849 I 213624363 44 
1850 I 213698946 44 
1851 I 213806337 44 
1852 I 213834500 44 
1853 I 213999017 44 
1854 I 214057866 44 
1855 I 214099813 44 
1856 I 214318960 44 
1857 I 214383564 44 
1858 I 214402890 44 
1859 I 214626911 44 
1860 I 214639767 56 
1861 I 214658949 56 
1862 I 214686569 56 
1863 I 214743222 56 
1864 I 214970244 56 
1865 I 215006827 56 
1866 I 215601456 44 
1867 I 215832246 44 
1868 I 215849428 44 
1869 I 215896309 44 
1870 I 216104512 44 
1871 I 216150853 44 
1872 I 216174898 44 
1873 I 216335472 44 
1874 I 216496467 44 
1875 I 216530780 44 
1876 I 216656255 56 
1877 I 216851988 56 
1878 I 216872552 56 
1879 I 216893630 56 
1880 I 216915259 64 
1881 I 217058161 56 
1882 I 217137505 56 
1883 I 217164937 56 
1884 I 217181608 56 
1885 I 217290158 56 
1886 I 217356413 44 
1887 I 217509950 44 
1888 I 217642312 44 
1889 I 217812611 44 
1890 I 217977516 44 
1891 I 218018584 44 
1892 I 218252722 44 
1893 I 218301097 44 
1894 I 218552056 44 
1895 I 218611253 44 
1896 I 218633854 44 
1897 I 218957679 44 
1898 I 218976451 44 
1899 I 220245358 44 
1900 I 220644864 44 
1901 I 221155477 44 
1902 I 221316304 44 
1903 I 221419624 56 
1904 I 221562859 56 
1905 I 221774065 44 
1906 I 221795558 44 
1907 I 221920832 44 
1908 I 221941427 44 
