0 I 0 563 
1 I 746326 1504 
2 I 806036 1504 
3 I 899618 1504 
4 I 939900 1504 
5 I 1057239 1504 
6 I 1114390 1504 
7 I 1157362 1504 
8 I 1209911 1504 
9 I 1253759 1504 
10 I 1317388 1504 
11 I 1351574 1504 
12 I 64554494 52 
13 I 64564870 44 
14 I 64569423 44 
15 I 67914664 52 
16 I 68024634 44 
17 I 68541118 1504 
18 I 68589756 1504 
19 I 71677903 1504 
20 I 71982685 1504 
21 I 72030608 1504 
22 I 75645451 1504 
23 I 75686810 1504 
24 I 75792501 1504 
25 I 75841467 1504 
26 I 75889180 1504 
27 I 80356245 1504 
28 I 80409759 1504 
29 I 80453253 1504 
30 I 80555049 1504 
31 I 80604083 1504 
32 I 80650122 1504 
33 I 81121506 1504 
34 I 81178098 1504 
35 I 86292730 1504 
36 I 86345526 1504 
37 I 86388263 1504 
38 I 86486696 1504 
39 I 86534761 1504 
40 I 86578184 1504 
41 I 86626053 1504 
42 I 86674291 1504 
43 I 86722837 1504 
44 I 86959820 1504 
45 I 87009731 1504 
46 I 87056999 1504 
47 I 92447330 1504 
48 I 92494436 1504 
49 I 92541773 1504 
50 I 92595326 1504 
51 I 92642920 1504 
52 I 92688564 1504 
53 I 92742976 1504 
54 I 92785846 1504 
55 I 92829204 1504 
56 I 93073723 1504 
57 I 93124314 1504 
58 I 93171583 1504 
59 I 93221320 1504 
60 I 93270361 1504 
61 I 93412620 1504 
62 I 93423117 695 
63 I 99295151 1504 
64 I 99339835 1504 
65 I 99389972 1504 
66 I 99433151 1504 
67 I 99480919 1504 
68 I 99527472 1504 
69 I 99576982 1504 
70 I 99623961 1504 
71 I 99671900 1504 
72 I 99720620 1504 
73 I 99770839 1504 
74 I 99814084 1504 
75 I 99861423 1504 
76 I 99908298 1504 
77 I 99961129 1504 
78 I 100008890 1504 
79 I 100052359 1504 
80 I 100098809 1504 
81 I 100146670 1504 
82 I 100195822 1504 
83 I 100242326 1504 
84 I 100310594 1504 
85 I 100339284 1504 
86 I 100387502 1504 
87 I 100433712 1504 
88 I 100481080 1504 
89 I 100529625 1504 
90 I 100575679 1504 
91 I 104768027 1504 
92 I 104812583 1504 
93 I 104861104 1504 
94 I 104908882 1504 
95 I 104954679 1504 
96 I 105001195 1504 
97 I 105195046 1504 
98 I 105242229 1504 
99 I 105292941 1504 
100 I 105587885 1504 
101 I 105634109 1504 
102 I 105685794 1504 
103 I 105737553 1504 
104 I 105781923 1504 
105 I 105828936 1504 
106 I 105978571 1504 
107 I 106017932 1340 
108 I 108272264 821 
109 I 111595015 1504 
110 I 111641604 1504 
111 I 111690152 1504 
112 I 111739245 1504 
113 I 111791360 1504 
114 I 111831501 1504 
115 I 111884342 1504 
116 I 111927306 1504 
117 I 111974273 1504 
118 I 112024373 1504 
119 I 112073275 1504 
120 I 112117556 1504 
121 I 112177379 1504 
122 I 112226517 1504 
123 I 112263976 1504 
124 I 112308513 1504 
125 I 112355933 1504 
126 I 112406660 1504 
127 I 112453093 1504 
128 I 112499293 1504 
129 I 112546617 1504 
130 I 112594640 1504 
131 I 112643781 1504 
132 I 112689128 1504 
133 I 112737294 1504 
134 I 112786272 1504 
135 I 112832329 1504 
136 I 112887990 1504 
137 I 112927104 1504 
138 I 112974058 1504 
139 I 113023451 1504 
140 I 113070271 1504 
141 I 113122101 1504 
142 I 113164677 1504 
143 I 113215478 1504 
144 I 113272261 1504 
145 I 113307999 1504 
146 I 113356978 1504 
147 I 113413726 1504 
148 I 113452196 1504 
149 I 113498757 1504 
150 I 113546722 1504 
151 I 113594930 1504 
152 I 113641753 1504 
153 I 117120621 1339 
154 I 117857727 45 
155 I 122927900 1504 
156 I 122972411 1504 
157 I 123020062 1504 
158 I 123069234 1504 
159 I 123119965 1504 
160 I 123173117 1504 
161 I 123221966 1504 
162 I 123265718 1504 
163 I 123306196 1504 
164 I 123360059 1504 
165 I 123402170 1504 
166 I 123455627 1504 
167 I 123495176 1504 
168 I 123543784 1504 
169 I 123592394 1504 
170 I 123638051 1504 
171 I 123688496 1504 
172 I 123733447 1504 
173 I 123788356 1504 
174 I 123835667 1504 
175 I 123885386 1504 
176 I 123936945 1504 
177 I 123970821 1504 
178 I 124025056 1504 
179 I 124067456 1504 
180 I 124114469 1504 
181 I 124164494 1504 
182 I 124212975 1504 
183 I 124266230 1504 
184 I 124306026 1504 
185 I 124400995 1504 
186 I 124447372 1504 
187 I 124494805 1504 
188 I 124555637 1504 
189 I 124591877 1504 
190 I 124638179 1504 
191 I 124690055 1504 
192 I 124737139 1504 
193 I 124786853 1504 
194 I 124828606 1504 
195 I 124888833 1504 
196 I 124927384 1504 
197 I 129454565 1504 
198 I 129490364 1340 
199 I 130396651 1504 
200 I 135306959 1504 
201 I 135358406 1504 
202 I 135402995 1504 
203 I 135450540 1504 
204 I 135497630 1504 
205 I 135544952 1504 
206 I 135592258 1504 
207 I 135643718 1504 
208 I 135690020 1504 
209 I 135736896 1504 
210 I 135785130 1504 
211 I 135831432 1504 
212 I 135886829 1504 
213 I 135929526 1504 
214 I 135980183 1504 
215 I 136025510 1504 
216 I 136070087 1504 
217 I 136118443 1504 
218 I 136176470 1504 
219 I 136212286 1504 
220 I 136262520 1504 
221 I 136310574 1504 
222 I 140811857 691 
223 I 141063584 1504 
224 I 141121117 1504 
225 I 141262856 1504 
226 I 141300206 1504 
227 I 141443196 1504 
228 I 141488442 1504 
229 I 141631070 1504 
230 I 141684818 1504 
231 I 141774501 1504 
232 I 141822336 1504 
233 I 141870565 1504 
234 I 142061455 1504 
235 I 142110118 1504 
236 I 142450721 1504 
237 I 142497062 1504 
238 I 142561160 1504 
239 I 142608174 1504 
240 I 142791139 1504 
241 I 142836106 1504 
242 I 142884036 1504 
243 I 142931938 1504 
244 I 160000630 693 
245 I 164674535 1504 
246 I 164719220 1504 
247 I 168459655 1504 
248 I 168506859 1504 
249 I 168556591 1504 
250 I 173376646 1504 
251 I 173420190 1504 
252 I 173467861 1504 
253 I 173613028 1504 
254 I 173660012 1504 
255 I 178376487 1504 
256 I 178403425 1504 
257 I 178459884 1504 
258 I 178600217 1504 
259 I 178644096 1504 
260 I 178696620 1504 
261 I 179162074 1504 
262 I 179207348 1504 
263 I 184251589 1504 
264 I 184287552 1504 
265 I 184330346 1504 
266 I 184813410 1504 
267 I 184860549 1504 
268 I 184907557 1504 
269 I 185220740 1504 
270 I 185278774 1504 
271 I 185316048 1504 
272 I 185419398 1504 
273 I 185466981 1504 
274 I 185520984 1504 
275 I 190543163 1504 
276 I 190591584 1504 
277 I 190737249 1504 
278 I 190939200 1504 
279 I 190986225 1504 
280 I 191089430 1504 
281 I 191240531 1504 
282 I 191289116 1504 
283 I 191404105 1504 
284 I 191455948 1504 
285 I 191500800 1504 
286 I 191540225 1504 
287 I 196288093 1504 
288 I 196334264 1504 
289 I 196469530 1340 
290 I 202616597 1504 
291 I 202669232 1504 
292 I 202715080 1504 
293 I 202762370 1504 
294 I 202807491 1504 
295 I 202855348 1504 
296 I 202909359 1504 
297 I 202953627 1504 
298 I 203003927 1504 
299 I 203050383 1504 
300 I 203096596 1504 
301 I 203141236 1504 
302 I 203191526 1504 
303 I 208778457 431 
304 I 209789509 1504 
305 I 209842308 1504 
306 I 210028583 1504 
307 I 210080393 1504 
308 I 210590006 1504 
309 I 210635584 1504 
310 I 210699763 1504 
311 I 210746394 1504 
312 I 210797756 1504 
313 I 210847263 1504 
314 I 211503526 1504 
315 I 211550514 1504 
316 I 211888347 1504 
317 I 215718106 799 
318 I 216069421 1504 
319 I 216129777 1504 
320 I 216477687 1504 
321 I 216520759 1504 
322 I 217134951 1504 
323 I 217188722 1504 
324 I 217463372 1504 
325 I 217501625 1504 
326 I 217643319 1504 
327 I 217691513 1504 
328 I 219434743 1504 
329 I 219482599 1504 
330 I 219524868 1504 
331 I 225187268 1504 
332 I 225238098 1504 
333 I 225278779 1504 
334 I 225474743 1504 
335 I 225504143 1504 
336 I 225507508 198 
337 I 234153773 1504 
338 I 234197630 1504 
339 I 234241823 1504 
340 I 234291720 1504 
341 I 234337272 1504 
342 I 234385782 1504 
343 I 234432493 1504 
344 I 234482171 1504 
345 I 234529995 1504 
346 I 234577228 1504 
347 I 234627085 1504 
348 I 234671059 1504 
349 I 234724184 1504 
350 I 234767089 1504 
351 I 234814384 1504 
352 I 239860103 374 
353 I 242064940 1504 
354 I 242120490 1504 
355 I 242160291 1504 
356 I 242211211 1504 
357 I 242256414 1504 
358 I 242303725 1504 
359 I 242358912 1504 
360 I 242411064 1504 
361 I 242456671 1504 
362 I 242501592 1504 
363 I 242553338 1504 
364 I 242600364 1504 
365 I 242650186 1504 
366 I 242703513 1504 
367 I 242745214 1504 
368 I 246438007 1218 
369 I 247923131 1504 
370 I 247976112 1504 
371 I 248020874 1504 
372 I 248068744 1504 
373 I 248112488 1504 
374 I 248158745 1504 
375 I 248211589 1504 
376 I 248257468 1504 
377 I 248451987 1504 
378 I 248495409 1504 
379 I 248945478 1504 
380 I 248994984 1504 
381 I 249036022 1504 
382 I 249076577 1296 
383 I 254766664 1504 
384 I 254814270 1504 
385 I 254868602 1504 
386 I 254910012 1504 
387 I 254974467 1504 
388 I 255019248 1504 
389 I 255051828 1504 
390 I 255099718 1504 
391 I 255168579 1504 
392 I 255211538 1504 
393 I 255248372 1504 
394 I 255295761 1504 
395 I 255342943 1504 
396 I 255400700 1504 
397 I 255477677 1504 
398 I 255521512 1504 
399 I 259797506 1186 
400 I 261305526 1504 
401 I 261333825 1504 
402 I 261387374 1504 
403 I 261433024 1504 
404 I 261938877 1504 
405 I 261985820 1504 
406 I 262178691 1504 
407 I 262228322 1504 
408 I 262273212 1504 
409 I 262318913 1504 
410 I 262367149 1504 
411 I 262415200 1504 
412 I 262463757 1504 
413 I 262510458 1504 
414 I 262895981 1504 
415 I 262942185 1504 
416 I 267032141 1504 
417 I 268354664 1504 
418 I 268409846 1504 
419 I 268451651 1504 
420 I 268497571 1504 
421 I 269246632 1504 
422 I 269295075 1504 
423 I 270282565 1504 
424 I 270328377 1504 
425 I 270429074 1504 
426 I 270468340 1504 
427 I 270565324 1504 
428 I 270574034 198 
429 I 278443137 1504 
430 I 278491199 1504 
431 I 278537770 1504 
432 I 278588965 1504 
433 I 278635746 1504 
434 I 278683194 1504 
435 I 278731482 1504 
436 I 278780488 1504 
437 I 278825652 1504 
438 I 278882808 1504 
439 I 278920870 1504 
440 I 278969916 1504 
441 I 279017305 1504 
442 I 279062100 1504 
443 I 279112720 1504 
444 I 279156351 1504 
445 I 279204846 1504 
446 I 279253123 1504 
447 I 282677498 262 
448 I 286143941 1504 
449 I 286204189 1504 
450 I 286238552 1504 
451 I 286286312 1504 
452 I 286339656 1504 
453 I 286379778 1504 
454 I 286458368 1504 
455 I 286502467 1504 
456 I 286555609 1504 
457 I 286598092 1504 
458 I 286840073 1504 
459 I 286887302 1504 
460 I 287077115 1504 
461 I 287123975 1504 
462 I 287180445 1504 
463 I 287222821 1504 
464 I 287451781 1504 
465 I 287499366 1504 
466 I 290816754 1051 
467 I 292066633 1504 
468 I 292112571 1504 
469 I 292298745 1504 
470 I 292351302 1504 
471 I 292397148 1504 
472 I 292442494 1504 
473 I 292489892 1504 
474 I 292535719 1504 
475 I 292541778 115 
476 I 298531557 1504 
477 I 298578328 1504 
478 I 298625925 1504 
479 I 298675073 1504 
480 I 298719701 1504 
481 I 298770375 1504 
482 I 298814962 1504 
483 I 298866048 1504 
484 I 298912454 1504 
485 I 298957151 1504 
486 I 299006372 1504 
487 I 299052527 1504 
488 I 299100015 1504 
489 I 299152949 1504 
490 I 299196806 1504 
491 I 299246244 1504 
492 I 299292512 1504 
493 I 299340251 1504 
494 I 299391645 1504 
