0 I 0 52 
1 I 1535069 44 
2 I 2672301 44 
3 I 2680476 44 
4 I 31003839 52 
5 I 32842873 44 
6 I 34780329 44 
7 I 34790149 44 
8 I 61998650 52 
9 I 63084050 44 
10 I 64427724 44 
11 I 64433424 44 
12 I 93013058 52 
13 I 93945197 44 
14 I 95027334 44 
15 I 95032653 44 
16 I 124003935 52 
17 I 125580207 44 
18 I 127501942 44 
19 I 127507903 44 
20 I 155003978 52 
21 I 156461971 52 
22 I 157053465 44 
23 I 158081822 44 
24 I 158086669 44 
25 I 185992714 52 
26 I 186952762 44 
27 I 187818996 44 
28 I 187827952 44 
29 I 217482235 52 
30 I 218876319 44 
31 I 219903967 44 
32 I 219910139 44 
33 I 247996741 52 
34 I 249216699 44 
35 I 250715196 44 
36 I 250721192 44 
37 I 279001128 52 
38 I 280658578 44 
39 I 282493737 44 
40 I 282500447 44 
