0 I 0 44 
1 I 4748979 44 
2 I 10569240 44 
3 I 21376684 44 
4 I 30609602 44 
5 I 39769409 44 
6 I 40724453 44 
7 I 41019815 48 
8 I 47576468 44 
9 I 51451663 44 
10 I 91583333 44 
11 I 92879693 44 
12 I 97905316 44 
13 I 98503800 44 
14 I 103910316 44 
15 I 107122833 44 
16 I 107838256 44 
17 I 110588916 44 
18 I 112044983 44 
19 I 125569395 44 
20 I 127292746 44 
21 I 128324887 44 
22 I 129857276 44 
23 I 130127527 44 
24 I 150312214 44 
25 I 151475214 44 
26 I 167709591 44 
27 I 169818700 48 
28 I 175955967 44 
29 I 179049141 44 
30 I 180175910 44 
31 I 199708103 44 
32 I 201925820 44 
33 I 209242755 44 
34 I 214958837 44 
35 I 230729113 44 
36 I 235533514 44 
37 I 242153085 44 
38 I 245362096 44 
39 I 258593327 44 
40 I 268374694 44 
41 I 269235703 44 
42 I 269851463 44 
43 I 276482660 44 
44 I 288687276 44 
45 I 291431168 44 
46 I 291629393 44 
