0 I 0 56 
1 I 1056957 44 
2 I 2054490 44 
3 I 3287609 44 
4 I 4599933 56 
5 I 6120986 56 
6 I 6627535 44 
7 I 8142967 44 
8 I 9178407 56 
9 I 10641813 56 
10 I 11182711 44 
11 I 12143520 44 
12 I 12604056 44 
13 I 13669617 44 
14 I 14821120 56 
15 I 17128391 44 
16 I 18588498 56 
17 I 20114051 56 
18 I 21639421 44 
19 I 22612642 44 
20 I 23707305 44 
21 I 25084851 56 
22 I 26141833 56 
23 I 26647594 44 
24 I 27114802 44 
25 I 27735712 44 
26 I 28434141 44 
27 I 29042329 44 
28 I 29606071 44 
29 I 30604973 56 
30 I 30664249 56 
31 I 31669214 56 
32 I 31725947 44 
33 I 32860521 44 
34 I 35879817 44 
35 I 37094261 44 
36 I 38295518 44 
37 I 39292797 44 
38 I 40440404 56 
39 I 41519112 56 
40 I 42568202 56 
41 I 43274138 44 
42 I 44400905 44 
43 I 45624743 44 
44 I 46684436 56 
45 I 47749542 56 
46 I 48603971 44 
47 I 48711955 44 
48 I 49695124 44 
49 I 50124195 44 
50 I 51586318 44 
51 I 53090940 56 
52 I 54134653 56 
53 I 55155992 44 
54 I 55649581 44 
55 I 56654016 56 
56 I 57596859 56 
57 I 58598906 56 
58 I 59635953 56 
59 I 60652152 56 
60 I 62124846 56 
61 I 63102492 44 
62 I 63601156 44 
63 I 65136183 44 
64 I 65144288 44 
65 I 65634258 44 
66 I 66631756 44 
67 I 67607806 44 
68 I 68123961 44 
69 I 69186142 44 
70 I 69654074 44 
71 I 71101404 56 
72 I 71161797 56 
73 I 71185755 56 
74 I 73117541 44 
75 I 75174560 44 
76 I 77121863 56 
77 I 78608645 56 
78 I 79144235 44 
79 I 80099732 44 
80 I 80611752 44 
81 I 81618957 44 
82 I 82134891 44 
83 I 83185956 56 
84 I 84623043 56 
85 I 86112597 44 
86 I 87642014 44 
87 I 88702154 44 
88 I 90129767 44 
89 I 91090443 56 
90 I 91112090 56 
91 I 92136471 56 
92 I 92161245 44 
93 I 93077774 44 
94 I 94278153 44 
95 I 95121056 44 
96 I 96114198 44 
97 I 97160941 56 
98 I 97228219 56 
99 I 98094398 56 
100 I 98248581 44 
101 I 99200550 44 
102 I 100355221 44 
103 I 101373278 56 
104 I 102387505 56 
105 I 103517183 44 
106 I 104732703 44 
107 I 105887781 44 
108 I 107076794 56 
109 I 108154852 56 
110 I 109147256 44 
111 I 110641414 44 
112 I 111731898 44 
113 I 113091350 44 
114 I 114180737 44 
115 I 114582145 44 
116 I 115242165 44 
117 I 115667633 56 
118 I 116567013 56 
119 I 116610065 56 
120 I 117099829 56 
121 I 117705279 44 
122 I 118161910 44 
123 I 118659343 44 
124 I 119689372 44 
125 I 120576052 44 
126 I 121123498 44 
127 I 122131685 56 
128 I 122624112 56 
129 I 123659116 56 
130 I 124580589 44 
131 I 125086931 44 
132 I 126163747 44 
133 I 126574863 44 
134 I 127602448 44 
135 I 128081588 44 
136 I 129590093 56 
137 I 129622808 56 
138 I 130593390 56 
139 I 130603455 44 
140 I 133083708 44 
141 I 134660994 44 
142 I 136092006 44 
143 I 137139045 56 
144 I 137920354 56 
145 I 138939524 44 
146 I 140084257 44 
147 I 141130152 44 
148 I 142308567 44 
149 I 143441935 56 
150 I 146345420 44 
151 I 147460332 44 
152 I 148587421 56 
153 I 149618585 56 
154 I 150726628 44 
155 I 150791997 44 
156 I 151791947 56 
157 I 151860945 56 
158 I 153108500 44 
159 I 153151221 44 
160 I 154123785 44 
161 I 154599445 44 
162 I 155172667 44 
163 I 156126043 56 
164 I 157186001 64 
165 I 158627115 56 
166 I 158634450 56 
167 I 160617327 56 
168 I 160622427 56 
169 I 162128263 44 
170 I 162152456 44 
171 I 163656436 44 
172 I 165659777 44 
173 I 167592432 44 
174 I 167597255 44 
175 I 169098553 56 
176 I 169116599 56 
177 I 170588568 56 
178 I 170610622 44 
179 I 172093117 44 
180 I 173659213 44 
181 I 177636589 44 
182 I 178705895 56 
183 I 179673507 56 
184 I 181082532 44 
185 I 182123450 44 
186 I 183192069 44 
187 I 184278830 44 
188 I 185592933 44 
189 I 185654284 44 
190 I 186709196 44 
191 I 186862772 44 
192 I 187810414 44 
193 I 188133324 44 
194 I 189081401 56 
195 I 189135396 56 
196 I 189158108 56 
197 I 190145899 56 
198 I 190154330 44 
199 I 190692991 44 
200 I 191590453 44 
201 I 192061332 44 
202 I 192692511 44 
203 I 193581748 44 
204 I 194118936 44 
205 I 194733735 44 
206 I 195633815 44 
207 I 196628127 44 
208 I 197172864 56 
209 I 197690248 56 
210 I 197704791 56 
211 I 198139852 56 
212 I 198680828 44 
213 I 203172160 44 
214 I 204581682 44 
215 I 206159388 44 
216 I 207652532 44 
217 I 209127292 44 
218 I 209183478 44 
219 I 210618969 44 
220 I 212220038 44 
221 I 213082417 44 
222 I 214088782 56 
223 I 214094412 56 
224 I 214628233 56 
225 I 216078788 56 
226 I 216088216 44 
227 I 216654550 44 
228 I 217615600 44 
229 I 218160370 44 
230 I 219151021 44 
231 I 219617217 56 
232 I 220661784 56 
233 I 221616915 56 
234 I 222190660 44 
235 I 223205357 44 
236 I 225120024 56 
237 I 227120166 56 
238 I 227602745 44 
239 I 229133709 44 
240 I 229650996 44 
241 I 231175363 44 
242 I 232107999 44 
243 I 233667644 56 
244 I 235676139 56 
245 I 237680808 44 
246 I 239112790 44 
247 I 240646144 44 
248 I 242149476 44 
249 I 243600720 56 
250 I 244676874 64 
251 I 245633015 56 
252 I 249354632 44 
253 I 250175535 44 
254 I 251613736 44 
255 I 252623236 56 
256 I 254183267 56 
257 I 255625670 44 
258 I 256614784 44 
259 I 257676143 44 
260 I 258713186 56 
261 I 260101046 56 
262 I 261172211 44 
263 I 263089631 44 
264 I 264600507 44 
265 I 266130367 56 
266 I 267164210 56 
267 I 268662195 44 
268 I 270557422 56 
269 I 272588985 56 
270 I 273132501 44 
271 I 273669584 44 
272 I 274568361 44 
273 I 275129293 44 
274 I 275905253 44 
275 I 276499029 44 
276 I 276988365 44 
277 I 277633974 44 
278 I 278601966 56 
279 I 278606050 56 
280 I 279470534 56 
281 I 279615863 44 
282 I 281147869 56 
283 I 282163636 56 
284 I 283582560 44 
285 I 285150714 44 
286 I 286593883 44 
287 I 287667181 44 
288 I 289140587 56 
289 I 289143123 56 
290 I 290631250 56 
291 I 290644648 44 
292 I 292167788 44 
293 I 293590076 44 
294 I 295177621 56 
