0 I 0 1504 
1 I 7207 699 
2 I 14818 1504 
3 I 67667 1504 
4 I 76503 1504 
5 I 83333 1504 
6 I 89746 283 
7 I 396854 1504 
8 I 403223 1265 
9 I 526679 1504 
10 I 533524 1504 
11 I 592340 1504 
12 I 599698 1504 
13 I 819376 1504 
14 I 823706 283 
15 I 832202 1504 
16 I 840560 1265 
17 I 847483 1504 
18 I 898062 1504 
19 I 1243083 1504 
20 I 1249916 1504 
21 I 1256245 283 
22 I 1527273 1504 
23 I 1534102 1504 
24 I 1542932 1504 
25 I 1551290 1265 
26 I 1780945 1504 
27 I 1789761 1504 
28 I 1798595 1504 
29 I 1804326 968 
30 I 2075377 1504 
31 I 2083876 1352 
32 I 2334134 1504 
33 I 2342984 1504 
34 I 2351814 1504 
35 I 2358661 1504 
36 I 2365765 632 
37 I 2473477 1504 
38 I 2482286 1504 
39 I 2488823 375 
40 I 2513146 1504 
41 I 2563992 1504 
42 I 2568510 359 
43 I 2620781 1504 
44 I 2628449 933 
45 I 2665632 1504 
46 I 2670063 333 
47 I 2722499 1504 
48 I 2729615 653 
49 I 2904727 1504 
50 I 2909800 627 
51 I 2971516 1504 
52 I 2977943 303 
53 I 3036336 1504 
54 I 3042494 1184 
55 I 3173796 1504 
56 I 3182633 1504 
57 I 3191460 1504 
58 I 3196027 105 
59 I 3236801 1504 
60 I 3241178 303 
61 I 3269628 1504 
62 I 3282483 1504 
63 I 3288630 1184 
64 I 3330505 1504 
65 I 3375347 1504 
66 I 3430161 1504 
67 I 3434190 105 
68 I 3478989 1504 
69 I 3485347 303 
70 I 10144894 303 
71 I 10584323 1504 
72 I 10591141 1504 
73 I 11016527 1504 
74 I 11023350 1504 
75 I 11030728 774 
76 I 11375719 1504 
77 I 11384574 1504 
78 I 11389684 628 
79 I 11780909 1504 
80 I 11787752 1504 
81 I 11796168 1277 
82 I 11987519 1504 
83 I 11997433 1504 
84 I 12004228 1488 
85 I 12019089 1504 
86 I 12023303 197 
87 I 12344776 1504 
88 I 12353620 1504 
89 I 12358248 400 
90 I 12408081 277 
91 I 12655574 1504 
92 I 12664409 1504 
93 I 12671248 1504 
94 I 12680082 1504 
95 I 12709287 1504 
96 I 12715806 329 
97 I 12766118 1504 
98 I 12815308 1504 
99 I 12819748 325 
100 I 12872134 1504 
101 I 12920950 1504 
102 I 12925341 314 
103 I 12977768 1504 
104 I 12984792 590 
105 I 13040577 1504 
106 I 13044943 297 
107 I 13099393 1504 
108 I 13106100 435 
109 I 13158246 1504 
110 I 13207039 1504 
111 I 13259889 1504 
112 I 13266293 314 
113 I 13312771 1504 
114 I 13317758 590 
115 I 13371602 1504 
116 I 13378033 297 
117 I 13434093 1504 
118 I 13438784 435 
119 I 13492953 1504 
120 I 13516960 1113 
121 I 13989241 1504 
122 I 13997507 1504 
123 I 14004343 1504 
124 I 14013189 1504 
125 I 14041999 1504 
126 I 14090839 1504 
127 I 14174190 1504 
128 I 14185025 1504 
129 I 14233895 1504 
130 I 14278726 1504 
131 I 14329886 1504 
132 I 14374734 1504 
133 I 14483559 1504 
134 I 14492402 1504 
135 I 14521251 1504 
136 I 14568139 1504 
137 I 14809918 1504 
138 I 14911436 1504 
139 I 14920270 1504 
140 I 14929107 1504 
141 I 15161936 1504 
142 I 15168782 1504 
143 I 15176900 1165 
144 I 15681695 1504 
145 I 15690518 1504 
146 I 15699877 1504 
147 I 15708741 1504 
148 I 15733561 1504 
149 I 15740141 383 
150 I 15928392 1504 
151 I 15937224 1504 
152 I 15945355 1165 
153 I 15952346 1504 
154 I 15975193 1504 
155 I 16022028 1504 
156 I 16028615 383 
157 I 16180853 1504 
158 I 16187685 1504 
159 I 16203801 1165 
160 I 16256796 1504 
161 I 16306216 1504 
162 I 16355076 1504 
163 I 16361700 383 
164 I 16501271 1504 
165 I 16508095 1504 
166 I 16610933 1504 
167 I 16619078 1165 
168 I 16784255 1504 
169 I 16796518 1504 
170 I 16853370 1504 
171 I 16857998 383 
172 I 17026454 1504 
173 I 17033306 1504 
174 I 17130127 1504 
175 I 17136246 1165 
176 I 17145251 1504 
177 I 17154086 1504 
178 I 17249487 1504 
179 I 17254093 383 
180 I 17448300 1504 
181 I 17455130 1504 
182 I 17463969 1504 
183 I 17470068 1165 
184 I 17617687 1504 
185 I 17624527 1504 
186 I 17822721 1504 
187 I 17829555 1504 
188 I 17836111 383 
189 I 23711088 383 
190 I 24069825 1504 
191 I 24078664 1504 
192 I 24226903 1504 
193 I 24233734 1504 
194 I 24241067 774 
195 I 24413907 1504 
196 I 24418228 271 
197 I 24607251 1504 
198 I 24616091 1504 
199 I 24624909 1504 
200 I 24630427 850 
201 I 24743751 1504 
202 I 24750584 1504 
203 I 24757319 455 
204 I 24765412 1504 
205 I 24783716 1230 
206 I 24963119 1504 
207 I 24969948 1504 
208 I 24976581 400 
209 I 24984767 1504 
210 I 24990160 791 
211 I 25263568 1504 
212 I 25267604 89 
213 I 25286402 1504 
214 I 25296888 1504 
215 I 25301392 349 
216 I 25309720 1504 
217 I 25317010 692 
218 I 25650846 1504 
219 I 25658810 1072 
220 I 25667776 1504 
221 I 25672317 359 
222 I 25788610 1504 
223 I 25796868 1504 
224 I 25803718 1504 
225 I 25809864 161 
226 I 25886534 1504 
227 I 25894193 1072 
228 I 25949149 1504 
229 I 25955665 359 
230 I 26017985 1504 
231 I 26024854 1504 
232 I 26039668 1504 
233 I 26115447 1504 
234 I 26119565 161 
235 I 26184300 1504 
236 I 26190468 1072 
237 I 26197895 1504 
238 I 26204486 359 
239 I 26246729 1504 
240 I 26414241 1504 
241 I 26423082 1504 
242 I 26517295 1504 
243 I 26521460 161 
244 I 26530123 1504 
245 I 26538098 1072 
246 I 26591067 1504 
247 I 26596144 359 
248 I 26861499 1504 
249 I 27095913 1504 
250 I 27104741 1504 
251 I 27113577 1504 
252 I 27122408 1504 
253 I 27130592 1189 
254 I 27293641 188 
255 I 27712488 1504 
256 I 27721337 1504 
257 I 27728178 1504 
258 I 27737011 1504 
259 I 27763859 1504 
260 I 27804385 1360 
261 I 28127285 1504 
262 I 28134118 1504 
263 I 28140303 188 
264 I 28148945 1504 
265 I 28155793 1504 
266 I 28188604 1504 
267 I 28223115 1360 
268 I 28404053 1504 
269 I 28497520 1504 
270 I 28501715 188 
271 I 28510354 1504 
272 I 28519198 1504 
273 I 28578027 1504 
274 I 28586515 1360 
275 I 28913508 1504 
276 I 28920346 1504 
277 I 28929198 1504 
278 I 28936017 1504 
279 I 28966859 1504 
280 I 28971047 188 
281 I 29241672 1504 
282 I 29248484 1504 
283 I 29256998 1360 
284 I 29265948 1504 
285 I 29290772 1504 
286 I 29339256 1504 
287 I 29536054 1504 
288 I 29540272 188 
289 I 29548896 1504 
290 I 29575370 1360 
291 I 29626330 1504 
292 I 29677149 1504 
293 I 29809237 1504 
294 I 29816077 1504 
295 I 29822310 188 
296 I 29876902 1504 
297 I 29975728 1504 
298 I 29982219 1360 
299 I 30107749 1504 
300 I 30114581 1504 
301 I 30123432 1504 
302 I 30127630 188 
303 I 30154230 1504 
304 I 30169066 1504 
305 I 30448358 1340 
306 I 30721273 1504 
307 I 30730115 1504 
308 I 30736962 1504 
309 I 30745794 1504 
310 I 30772809 1504 
311 I 30779096 208 
312 I 31094754 1504 
313 I 31101614 1504 
314 I 31110065 1340 
315 I 31166989 1504 
316 I 31175842 1504 
317 I 31182675 1504 
318 I 31188897 208 
319 I 31313589 1504 
320 I 31320441 1504 
321 I 31328899 1340 
322 I 31509831 1504 
323 I 31518657 1504 
324 I 31525519 1504 
325 I 31531734 208 
326 I 31706318 1504 
327 I 31715157 1504 
328 I 31818461 1504 
329 I 31824918 1340 
330 I 31853879 1504 
331 I 31862722 1504 
332 I 32113432 1504 
333 I 32117664 208 
334 I 32150270 1504 
335 I 32159098 1504 
336 I 32165948 1504 
337 I 32174395 1340 
338 I 32325348 1504 
339 I 32545522 1504 
340 I 32552378 1504 
341 I 32558566 208 
342 I 32567187 1504 
343 I 32574022 1504 
344 I 32682901 1504 
345 I 32689367 1340 
346 I 32888587 1504 
347 I 32897962 1504 
348 I 32906783 1504 
349 I 32913028 208 
350 I 32965618 1504 
351 I 32996446 1504 
352 I 33065262 1504 
353 I 33074106 1504 
354 I 33091265 1340 
355 I 33144485 1504 
356 I 33180944 1340 
357 I 33421633 1504 
358 I 33430483 1504 
359 I 33437308 1504 
360 I 33446157 1504 
361 I 33474987 1504 
362 I 33523830 1504 
363 I 33568657 1504 
364 I 33618049 1504 
365 I 33666881 1504 
366 I 33713722 1504 
367 I 33760543 1504 
368 I 33809528 1504 
369 I 33856357 1504 
370 I 33904542 1504 
371 I 33949397 1504 
372 I 34000204 1504 
373 I 34131047 1504 
374 I 34139895 1504 
375 I 34191391 1504 
376 I 34236763 1504 
377 I 34283585 1504 
378 I 34332442 1504 
379 I 34449787 1504 
380 I 34456628 1504 
381 I 34561464 1504 
382 I 34568298 1504 
383 I 34597136 1504 
384 I 34617976 1504 
385 I 34668806 1504 
386 I 34713647 1504 
387 I 34840464 1504 
388 I 34849306 1504 
389 I 34907469 1504 
390 I 34914308 1504 
391 I 35007163 1504 
392 I 35014006 1504 
393 I 35210200 1504 
394 I 35217058 1504 
395 I 35225865 1504 
396 I 35232710 1504 
397 I 35379528 1504 
398 I 35386363 1504 
399 I 35514515 1504 
400 I 35521372 1504 
401 I 35529816 1340 
402 I 36150921 1504 
403 I 36157754 1504 
404 I 36166597 1504 
405 I 36175428 1504 
406 I 36204788 1504 
407 I 36208989 208 
408 I 36406094 1504 
409 I 36412919 1504 
410 I 36421393 1340 
411 I 36430325 1504 
412 I 36455179 1504 
413 I 36502014 1504 
414 I 36508211 208 
415 I 36558806 1504 
416 I 36604630 1504 
417 I 36639083 1340 
418 I 36696320 1504 
419 I 36743149 1504 
420 I 36796244 1504 
421 I 36800426 208 
422 I 36847173 1504 
423 I 36895325 1504 
424 I 36940152 1504 
425 I 36978627 1340 
426 I 37029569 1504 
427 I 37080402 1504 
428 I 37125400 1504 
429 I 37131599 208 
430 I 37204210 1504 
431 I 37227044 1504 
432 I 37596018 1504 
433 I 37602479 1340 
434 I 37673447 1504 
435 I 37677675 208 
436 I 37716630 1504 
437 I 37725465 1504 
438 I 37732298 1504 
439 I 38012562 1504 
440 I 38021388 1504 
441 I 38030216 1504 
442 I 38085042 1504 
443 I 38095318 1504 
444 I 38197272 1504 
445 I 38396058 1504 
446 I 38402895 1504 
447 I 38411736 1504 
448 I 38418574 1504 
449 I 38449410 1504 
450 I 38497743 1504 
451 I 38761875 1176 
452 I 39055293 1504 
453 I 39064117 1504 
454 I 39072972 1504 
455 I 39079812 1504 
456 I 39108652 1504 
457 I 39113227 372 
458 I 39397339 1504 
459 I 39404177 1504 
460 I 39412369 1176 
461 I 39421294 1504 
462 I 39442147 1504 
463 I 39502921 1504 
464 I 39507556 372 
465 I 39666356 1504 
466 I 39675198 1504 
467 I 39683321 1176 
468 I 39690311 1504 
469 I 39729351 1504 
470 I 39774157 1504 
471 I 39780772 372 
472 I 39837016 1504 
473 I 39881864 1504 
474 I 39932706 1504 
475 I 39956881 1176 
476 I 40012065 1504 
477 I 40056901 1504 
478 I 40107743 1504 
479 I 40112294 372 
480 I 40170588 1504 
481 I 40215412 1504 
482 I 40648288 1504 
483 I 40657107 1504 
484 I 40663953 1504 
485 I 40672112 1176 
486 I 40696779 1504 
487 I 40701338 372 
488 I 40801615 1504 
489 I 40933113 1504 
490 I 40939954 1504 
491 I 40948789 1504 
492 I 40957652 1504 
493 I 40965800 1176 
494 I 41040980 1504 
495 I 41045552 372 
496 I 41153791 1504 
497 I 41162633 1504 
498 I 41173479 1504 
499 I 41224286 1504 
500 I 41271138 1504 
501 I 41297292 1176 
502 I 41385897 1340 
503 I 41845376 1504 
504 I 41852222 1504 
505 I 41861034 1504 
506 I 41867868 1504 
507 I 41900709 1504 
508 I 41945541 1504 
509 I 42115909 1504 
510 I 42122736 1504 
511 I 42195250 1504 
512 I 42202086 1504 
513 I 42211019 1504 
514 I 42231752 1504 
515 I 42394939 1504 
516 I 42403769 1504 
517 I 42490621 1504 
518 I 42498943 1504 
519 I 42525765 1504 
520 I 42532609 1504 
521 I 42764939 1504 
522 I 42773789 1504 
523 I 42782614 1504 
524 I 42789464 1504 
525 I 42816833 1504 
526 I 42865679 1504 
527 I 43065157 1504 
528 I 43071979 1504 
529 I 43080805 1504 
530 I 43087664 1504 
531 I 43173688 1504 
532 I 43409647 1504 
533 I 43418494 1504 
534 I 43441325 1504 
535 I 43448152 1504 
536 I 43536972 1504 
537 I 43543796 1504 
538 I 43730531 1504 
539 I 43739382 1504 
540 I 43746191 1504 
541 I 43755029 1504 
542 I 43781869 1504 
543 I 43833162 1504 
544 I 43877980 1504 
545 I 43926876 1504 
546 I 43975676 1504 
547 I 44012157 1340 
548 I 44588894 1504 
549 I 44598224 1504 
550 I 44607066 1504 
551 I 44613908 1504 
552 I 44642750 1504 
553 I 44689569 1504 
554 I 44805915 1504 
555 I 44812784 1504 
556 I 44835606 1504 
557 I 44880451 1504 
558 I 44977955 1504 
559 I 44986769 1504 
560 I 45108979 1504 
561 I 45115813 1504 
562 I 45148667 1504 
563 I 45167503 1504 
564 I 45272312 1504 
565 I 45279117 1504 
566 I 45520995 1504 
567 I 45527851 1504 
568 I 45536688 1504 
569 I 45543508 1504 
570 I 45686322 1504 
571 I 45695951 1504 
572 I 45850801 1504 
573 I 45857627 1504 
574 I 45946480 1504 
575 I 45953312 1504 
576 I 46156158 1504 
577 I 46164993 1504 
578 I 46173837 1504 
579 I 46180675 1504 
580 I 46376888 1504 
581 I 46385725 1504 
582 I 46625954 1504 
583 I 46634780 1504 
584 I 46671601 1504 
585 I 46680431 1504 
586 I 46689276 1504 
587 I 46728644 1504 
588 I 46920313 1504 
589 I 46929162 1504 
590 I 46937989 1504 
591 I 47034812 1504 
592 I 47041294 1340 
593 I 47352214 1504 
594 I 47361059 1504 
595 I 47368036 1504 
596 I 47376869 1504 
597 I 47405700 1504 
598 I 47409896 208 
599 I 47520499 1504 
600 I 47527325 1504 
601 I 47545796 1340 
602 I 47564762 1504 
603 I 47606357 1504 
604 I 47651185 1504 
605 I 47657369 208 
606 I 47728037 1504 
607 I 47754875 1504 
608 I 47795171 1340 
609 I 47844109 1504 
610 I 47894375 1504 
611 I 47939189 1504 
612 I 47945401 208 
613 I 47996548 1504 
614 I 48043391 1504 
615 I 48259544 1504 
616 I 48268004 1340 
617 I 48460322 1504 
618 I 48467186 1504 
619 I 48476014 1504 
620 I 48480218 208 
621 I 48800880 1504 
622 I 48809711 1504 
623 I 48842539 1504 
624 I 48849375 1504 
625 I 48857829 1340 
626 I 48864959 1504 
627 I 49225743 1504 
628 I 49234586 1504 
629 I 49238822 208 
630 I 49261422 1504 
631 I 49270264 1504 
632 I 49276727 1340 
633 I 49509631 1504 
634 I 49518469 1504 
635 I 49525319 1504 
636 I 49531504 208 
637 I 49540144 1504 
638 I 49570957 1504 
639 I 49631783 1504 
640 I 49664623 1504 
641 I 49703714 1340 
642 I 49754647 1504 
643 I 49794758 1340 
644 I 50000600 1504 
645 I 50007442 1504 
646 I 50016451 1504 
647 I 50023440 1504 
648 I 50054276 1504 
649 I 50103108 1504 
650 I 50396520 1504 
651 I 50403335 1504 
652 I 50412202 1504 
653 I 50419038 1504 
654 I 50451857 1504 
655 I 50501815 1504 
656 I 50769533 1504 
657 I 50778386 1504 
658 I 50785207 1504 
659 I 50794042 1504 
660 I 50838889 1504 
661 I 50871682 1504 
662 I 50919517 1504 
663 I 50964355 1504 
664 I 51013559 1504 
665 I 51062365 1504 
666 I 51129203 1504 
667 I 51158050 1504 
668 I 51258867 1504 
669 I 51267702 1504 
670 I 51299083 1504 
671 I 51347899 1504 
672 I 51394754 1504 
673 I 51443585 1504 
674 I 51538827 1504 
675 I 51583623 1504 
676 I 51632424 1504 
677 I 51681257 1504 
678 I 51766107 1504 
679 I 51780914 1504 
680 I 51927725 1504 
681 I 51936572 1504 
682 I 51943403 1504 
683 I 51952242 1504 
684 I 52133843 1504 
685 I 52140652 1504 
686 I 52327969 1504 
687 I 52376801 1504 
688 I 52415277 1340 
689 I 52660265 1504 
690 I 52669099 1504 
691 I 52675946 1504 
692 I 52684781 1504 
693 I 52716896 1504 
694 I 52721167 208 
695 I 53196593 1504 
696 I 53203417 1504 
697 I 53211901 1340 
698 I 53218837 1504 
699 I 53245691 1504 
700 I 54118319 1504 
701 I 54588144 1504 
702 I 54597514 1504 
703 I 54910874 1504 
704 I 54919711 1504 
705 I 54926536 1504 
706 I 54973378 1504 
707 I 55236624 1504 
708 I 55241561 530 
709 I 55343466 1504 
710 I 55350302 1504 
711 I 55357057 482 
712 I 55627441 1504 
713 I 55635065 931 
714 I 55666320 1504 
715 I 55670984 417 
716 I 55679153 1504 
717 I 55686635 832 
718 I 55930711 1504 
719 I 55937077 1262 
720 I 56026414 1504 
721 I 56030945 359 
722 I 56039229 1504 
723 I 56046440 718 
724 I 56319060 1504 
725 I 56325901 1504 
726 I 56334002 1157 
727 I 56754025 1504 
728 I 56762886 1504 
729 I 56769707 1504 
730 I 56778134 1301 
731 I 56799257 1504 
732 I 56843875 1416 
733 I 57204034 1504 
734 I 57212905 1504 
735 I 57217242 295 
736 I 57237709 1504 
737 I 57246550 1504 
738 I 57253379 1504 
739 I 57261729 1253 
740 I 57437781 1504 
741 I 57444615 1504 
742 I 57453460 1504 
743 I 57457889 295 
744 I 57465094 928 
745 I 57617095 1504 
746 I 57626097 1504 
747 I 57633114 1504 
748 I 57641923 1504 
749 I 57680785 1504 
750 I 57687290 369 
751 I 57865566 1504 
752 I 57872412 1504 
753 I 57880618 1179 
754 I 57897563 1504 
755 I 57906392 1504 
756 I 57933225 1504 
757 I 57937789 369 
758 I 58184034 1504 
759 I 58195184 1504 
760 I 58203350 1179 
761 I 58210344 1504 
762 I 58227300 1504 
763 I 58274152 1504 
764 I 58280722 369 
765 I 58546514 1504 
766 I 58555357 1504 
767 I 58564186 1504 
768 I 58570361 1179 
769 I 58615861 1504 
770 I 58620480 369 
771 I 58787118 1504 
772 I 58925935 1504 
773 I 58932761 1504 
774 I 58941600 1504 
775 I 58948443 1504 
776 I 58958617 1179 
777 I 59194556 1504 
778 I 59201434 1504 
779 I 59207991 369 
780 I 59216262 1504 
781 I 59223084 1504 
782 I 59259924 1504 
783 I 59286058 1179 
784 I 59513291 1504 
785 I 59520125 1504 
786 I 59528971 1504 
787 I 59533564 369 
788 I 59541795 1504 
789 I 59586643 1504 
790 I 59886748 1504 
791 I 59895580 1504 
792 I 59902427 1504 
793 I 59910558 1179 
794 I 59947562 1504 
795 I 59954104 369 
796 I 60055588 1015 
797 I 60394619 1504 
798 I 60401436 1504 
799 I 60410286 1504 
800 I 60417149 1504 
801 I 60447956 1504 
802 I 60454178 208 
803 I 60752774 1504 
804 I 60759602 1504 
805 I 60768055 1340 
806 I 60777009 1504 
807 I 60802461 1504 
808 I 60847291 1504 
809 I 60853515 208 
810 I 61150089 1504 
811 I 61158918 1504 
812 I 61165376 1340 
813 I 61174359 1504 
814 I 61199161 1504 
815 I 61246012 1504 
816 I 61252257 208 
817 I 61494794 1504 
818 I 61503616 1504 
819 I 61512446 1504 
820 I 61520916 1340 
821 I 61541869 1504 
822 I 61594426 1504 
823 I 61647232 1504 
824 I 61684071 1504 
825 I 61688297 208 
826 I 61738132 1504 
827 I 61782925 1504 
828 I 61823352 1340 
829 I 61874321 1504 
830 I 61923135 1504 
831 I 61969985 1504 
832 I 61976199 208 
833 I 62026349 1504 
834 I 62071176 1504 
835 I 62368140 1504 
836 I 62376973 1504 
837 I 62383833 1504 
838 I 62393709 1340 
839 I 62570630 1504 
840 I 62579476 1504 
841 I 62583703 208 
842 I 62705629 1504 
843 I 62714480 1504 
844 I 62723321 1504 
845 I 62796908 1504 
846 I 62803375 1340 
847 I 62811981 1340 
848 I 63121518 1504 
849 I 63128360 1504 
850 I 63137178 1504 
851 I 63144010 1504 
852 I 63174866 1504 
853 I 63222912 1504 
854 I 63367727 1504 
855 I 63374564 1504 
856 I 63383404 1504 
857 I 63412241 1504 
858 I 63505084 1504 
859 I 63511916 1504 
860 I 63807760 1504 
861 I 63814608 1504 
862 I 63823441 1504 
863 I 63834284 1504 
864 I 63885103 1504 
865 I 63931458 1504 
866 I 64106774 1504 
867 I 64115610 1504 
868 I 64124436 1504 
869 I 64131279 1504 
870 I 64186125 1504 
871 I 64216956 1504 
872 I 64446520 1504 
873 I 64453380 1504 
874 I 64478196 1504 
875 I 64485036 1504 
876 I 64520461 1504 
877 I 64547296 1504 
878 I 64784343 1504 
879 I 64794617 1504 
880 I 64801452 1504 
881 I 64810284 1504 
882 I 64837140 1504 
883 I 64885972 1504 
884 I 65123865 1504 
885 I 65132718 1504 
886 I 65155720 1504 
887 I 65164557 1504 
888 I 65230213 1504 
889 I 65239050 1504 
890 I 65436180 1504 
891 I 65445025 1504 
892 I 65508825 1340 
893 I 65964474 1504 
894 I 65973289 1504 
895 I 65980136 1504 
896 I 65988965 1504 
897 I 66032661 1504 
898 I 66036897 208 
899 I 66287687 1504 
900 I 66295037 1504 
901 I 66301495 1340 
902 I 66324457 1504 
903 I 66333294 1504 
904 I 66356108 1504 
905 I 66362322 208 
906 I 66638062 1504 
907 I 66646910 1504 
908 I 66655527 1340 
909 I 66662488 1504 
910 I 66687316 1504 
911 I 66734705 1504 
912 I 66740971 208 
913 I 67013721 1504 
914 I 67020530 1504 
915 I 67029362 1504 
916 I 67035832 1340 
917 I 67109394 1504 
918 I 67113612 208 
919 I 67122201 1504 
920 I 67207033 1504 
921 I 67255860 1504 
922 I 67302717 1504 
923 I 67339186 1340 
924 I 67393556 1504 
925 I 67397876 208 
926 I 67444373 1504 
927 I 67495503 1504 
928 I 67539693 1504 
929 I 67590535 1504 
930 I 67647019 1504 
931 I 67677473 1340 
932 I 67730451 1504 
933 I 67734778 208 
934 I 67783423 1504 
935 I 67832948 1504 
936 I 68078887 1504 
937 I 68087723 1504 
938 I 68097109 1504 
939 I 68105583 1340 
940 I 68128527 1504 
941 I 68132717 208 
942 I 68441314 1504 
943 I 68450151 1504 
944 I 68458298 1176 
945 I 69650311 1176 
946 I 69941464 1504 
947 I 69948292 1504 
948 I 70182508 1504 
949 I 70193757 1504 
950 I 70200754 1504 
951 I 70629661 1504 
952 I 70636518 1504 
953 I 70643329 530 
954 I 70777429 1504 
955 I 70782233 482 
956 I 70916274 1504 
957 I 70923098 1504 
958 I 70929778 445 
959 I 71075894 1504 
960 I 71082710 1504 
961 I 71090771 231 
962 I 71226950 1504 
963 I 71231521 375 
964 I 71239780 1504 
965 I 71247265 760 
966 I 71558820 1504 
967 I 71565656 1504 
968 I 71572518 532 
969 I 71628644 1504 
970 I 71633768 664 
971 I 71641506 1504 
972 I 71649392 1038 
973 I 71770646 1504 
974 I 71777045 312 
975 I 71802008 1504 
976 I 71867371 791 
977 I 71874820 1504 
978 I 71882428 915 
979 I 71893440 1504 
980 I 71897390 84 
981 I 72018316 1504 
982 I 72026750 1306 
983 I 72055700 1504 
984 I 72063091 791 
985 I 72072537 1504 
986 I 72080192 915 
987 I 72136019 1504 
988 I 72140007 84 
989 I 72184842 1504 
990 I 72264024 1504 
991 I 72270464 1306 
992 I 72387391 1504 
993 I 72393362 791 
994 I 72500754 1504 
995 I 72506478 955 
996 I 72721551 1504 
997 I 72728384 1504 
998 I 72737239 1504 
999 I 72743649 1306 
1000 I 73050036 1504 
1001 I 73184252 791 
1002 I 73192658 1504 
1003 I 73382497 1504 
1004 I 73393021 1504 
1005 I 73401863 1504 
1006 I 73408692 1504 
1007 I 73437521 1504 
1008 I 73482358 1504 
1009 I 73677177 1504 
1010 I 73686025 1504 
1011 I 73694852 1504 
1012 I 73701676 1504 
1013 I 73730707 1504 
1014 I 73779530 1504 
1015 I 73983705 1504 
1016 I 73993129 1504 
1017 I 73999917 1504 
1018 I 74008797 1504 
1019 I 74057614 1504 
1020 I 74084446 1504 
1021 I 74376693 1504 
1022 I 74385538 1504 
1023 I 74394364 1504 
1024 I 74403229 1504 
1025 I 74508388 1504 
1026 I 74515219 1504 
1027 I 74838067 1504 
1028 I 74846916 1504 
1029 I 74853743 1504 
1030 I 74862598 1504 
1031 I 74916385 1504 
1032 I 74937223 1504 
1033 I 75215112 1504 
1034 I 75221982 1504 
1035 I 75230775 1504 
1036 I 75237610 1504 
1037 I 75322476 1504 
1038 I 75329324 1504 
1039 I 75549512 1504 
1040 I 75556349 1504 
1041 I 75565196 1504 
1042 I 75572182 1504 
1043 I 75681196 1504 
1044 I 75693710 1504 
1045 I 75768528 1504 
1046 I 75775378 1504 
1047 I 75783856 1340 
1048 I 76054086 1504 
1049 I 76062937 1504 
1050 I 76069924 1504 
1051 I 76078773 1504 
1052 I 76108783 1504 
1053 I 76112970 208 
1054 I 76576111 1504 
1055 I 76582946 1504 
1056 I 76593517 1340 
1057 I 76602476 1504 
1058 I 76625304 1504 
1059 I 76672163 1504 
1060 I 76678363 208 
1061 I 76885896 1504 
1062 I 76895265 1504 
1063 I 76903731 1340 
1064 I 76958675 1504 
1065 I 76965517 1504 
1066 I 77000354 1504 
1067 I 77004544 208 
1068 I 77069164 1504 
1069 I 77078002 1504 
1070 I 77235047 1504 
1071 I 77241549 1340 
1072 I 77298752 1504 
1073 I 77305593 1504 
1074 I 77370395 1504 
1075 I 77374704 208 
1076 I 77567087 1504 
1077 I 77573930 1504 
1078 I 77582770 1504 
1079 I 77592659 1340 
1080 I 77700606 1504 
1081 I 77704844 208 
1082 I 77952307 1504 
1083 I 77961144 1504 
1084 I 77967978 1504 
1085 I 78158786 1504 
1086 I 78167632 1504 
1087 I 78176466 1504 
1088 I 78301139 1504 
1089 I 78309993 1504 
1090 I 78376783 1504 
1091 I 78385635 1504 
1092 I 78394460 1504 
1093 I 78403302 1504 
1094 I 78484146 1504 
1095 I 78499001 1504 
1096 I 78684333 1504 
1097 I 78692996 1176 
1098 I 79492569 1504 
1099 I 79833702 1504 
1100 I 79840533 1504 
1101 I 80063374 1504 
1102 I 80072200 1504 
1103 I 80081048 1504 
1104 I 80522783 1504 
1105 I 80529571 1504 
1106 I 80536422 530 
1107 I 80646428 1504 
1108 I 80653153 482 
1109 I 80958597 1504 
1110 I 80965448 1504 
1111 I 80974281 1504 
1112 I 80979940 931 
1113 I 81227594 1504 
1114 I 81235805 1205 
1115 I 81244790 1504 
1116 I 81251608 1504 
1117 I 81258222 375 
1118 I 81593164 1504 
1119 I 81600009 1504 
1120 I 81605999 87 
1121 I 81614847 1504 
1122 I 81621681 1494 
1123 I 81650491 1504 
1124 I 81657639 653 
1125 I 81854357 1504 
1126 I 81861196 1504 
1127 I 81867638 312 
1128 I 81888024 1504 
1129 I 81893059 346 
1130 I 82017376 1504 
1131 I 82024193 1504 
1132 I 82030546 285 
1133 I 82254365 1504 
1134 I 82259523 693 
1135 I 82267202 1504 
1136 I 82273588 312 
1137 I 82300049 1504 
1138 I 82304535 346 
1139 I 82411410 1504 
1140 I 82418260 1504 
1141 I 82424604 285 
1142 I 82577053 1504 
1143 I 82584238 693 
1144 I 82594197 1504 
1145 I 82645025 1504 
1146 I 82651418 312 
1147 I 82799472 1504 
1148 I 82806321 1504 
1149 I 82812841 346 
1150 I 82929134 1504 
1151 I 82935460 285 
1152 I 82943966 1504 
1153 I 82951159 693 
1154 I 83127860 1504 
1155 I 83134680 1504 
1156 I 83141074 312 
1157 I 83149527 1504 
1158 I 83153417 47 
1159 I 83668207 1504 
1160 I 83677066 1504 
1161 I 83683872 1504 
1162 I 83692962 1504 
1163 I 83719791 1504 
1164 I 83770823 1501 
1165 I 84001626 1504 
1166 I 84008452 1504 
1167 I 84014353 47 
1168 I 84065290 1504 
1169 I 84072125 1504 
1170 I 84104952 1504 
1171 I 84111796 1501 
1172 I 84372575 1504 
1173 I 84407410 1504 
1174 I 84411318 47 
1175 I 84506798 1504 
1176 I 84513620 1504 
1177 I 84574437 1504 
1178 I 84581271 1501 
1179 I 84778120 1504 
1180 I 84786939 1504 
1181 I 84796307 1504 
1182 I 84802262 47 
1183 I 84979109 1504 
1184 I 84987932 1504 
1185 I 85060773 1504 
1186 I 85069613 1504 
1187 I 85076442 1501 
1188 I 85085284 1504 
1189 I 85301222 1504 
1190 I 85308050 1504 
1191 I 85314020 47 
1192 I 85655430 1504 
1193 I 85662256 1504 
1194 I 85671085 1504 
1195 I 85677936 1501 
1196 I 85934818 1504 
1197 I 85943637 1504 
1198 I 85950633 1504 
1199 I 85959469 1504 
1200 I 85963366 47 
1201 I 85992595 1504 
1202 I 86037414 1501 
1203 I 86104847 1504 
1204 I 86131673 1504 
1205 I 86180495 1504 
1206 I 86228525 1504 
1207 I 86277354 1504 
1208 I 86329830 1343 
1209 I 86771806 1504 
1210 I 86778717 1504 
1211 I 86787487 1504 
1212 I 86794863 1504 
1213 I 86825671 1504 
1214 I 86831898 205 
1215 I 87066537 1504 
1216 I 87075379 1504 
1217 I 87083839 1343 
1218 I 87093618 1504 
1219 I 87114463 1504 
1220 I 87163289 1504 
1221 I 87167518 205 
1222 I 87500223 1504 
1223 I 87507057 1504 
1224 I 87515523 1343 
1225 I 87522472 1504 
1226 I 87528678 205 
1227 I 87774915 1504 
1228 I 87783755 1504 
1229 I 87848592 1504 
1230 I 87857448 1504 
1231 I 87866272 1504 
1232 I 87991726 1504 
1233 I 87998552 1504 
1234 I 88007396 1504 
1235 I 88212385 1504 
1236 I 88219212 1504 
1237 I 88232051 1504 
1238 I 88238885 1504 
1239 I 88265731 1504 
1240 I 88459434 1504 
1241 I 88466285 1504 
1242 I 88475120 1504 
1243 I 88481954 1504 
1244 I 88513109 1504 
1245 I 88853499 1504 
1246 I 88933124 1504 
1247 I 88939957 1504 
1248 I 88948780 1504 
1249 I 88955619 1504 
1250 I 89177863 1504 
1251 I 89340668 1504 
1252 I 89637623 1504 
1253 I 89644445 1504 
1254 I 89653276 1504 
1255 I 89660120 1504 
1256 I 89670309 1179 
1257 I 90134788 1504 
1258 I 90141644 1504 
1259 I 90150462 1504 
1260 I 90157312 1504 
1261 I 90163860 369 
1262 I 90498655 1504 
1263 I 90505486 1504 
1264 I 90513676 1179 
1265 I 90576616 1504 
1266 I 90583459 1504 
1267 I 90592309 1504 
1268 I 90893394 1504 
1269 I 90900231 1504 
1270 I 90906791 369 
1271 I 90915078 1504 
1272 I 90921225 1179 
1273 I 90970222 1504 
1274 I 91017210 1504 
1275 I 91286013 1504 
1276 I 91295376 1504 
1277 I 91318231 1504 
1278 I 91324816 369 
1279 I 91333055 1504 
1280 I 91339231 1179 
1281 I 91491618 1504 
1282 I 91522458 1504 
1283 I 91531297 1504 
1284 I 91540129 1504 
1285 I 91544711 369 
1286 I 91556966 1504 
1287 I 91583113 1179 
1288 I 91637691 1504 
1289 I 91686501 1504 
1290 I 91731856 1504 
1291 I 91800708 1504 
1292 I 91817536 1504 
1293 I 91866341 1504 
1294 I 92059408 1504 
1295 I 92063971 369 
1296 I 92295237 1504 
1297 I 92304071 1504 
1298 I 92310901 1504 
1299 I 92319745 1504 
1300 I 92325930 1179 
1301 I 92413092 1504 
1302 I 92417701 369 
1303 I 92612448 1504 
1304 I 92619259 1504 
1305 I 92644085 1504 
1306 I 92650921 1504 
1307 I 92947814 1015 
1308 I 93452072 1504 
1309 I 93458894 1504 
1310 I 93467736 1504 
1311 I 93474722 1504 
1312 I 93505990 1504 
1313 I 93510897 533 
1314 I 93893058 1504 
1315 I 93901893 1504 
1316 I 93907718 1015 
1317 I 93914736 1504 
1318 I 93931576 1504 
1319 I 93978415 1504 
1320 I 93985287 533 
1321 I 94286282 1504 
1322 I 94293640 1504 
1323 I 94302475 1504 
1324 I 94311312 1504 
1325 I 94519333 1504 
1326 I 94526164 1504 
1327 I 94595014 1504 
1328 I 94603845 1504 
1329 I 94612676 1504 
1330 I 94619543 1504 
1331 I 94849927 1504 
1332 I 94858764 1504 
1333 I 94913085 1504 
1334 I 94919936 1504 
1335 I 94976756 1504 
1336 I 94983587 1504 
1337 I 95024775 1504 
1338 I 95049710 1504 
1339 I 95138461 1504 
1340 I 95147307 1504 
1341 I 95299261 1504 
1342 I 95306099 1504 
1343 I 95426921 1504 
1344 I 95435743 1504 
1345 I 95529260 1504 
1346 I 95538101 1504 
1347 I 95663633 1504 
1348 I 95670473 1504 
1349 I 95743296 1504 
1350 I 95752112 1504 
1351 I 95786971 1504 
1352 I 95794318 1504 
1353 I 95811155 1504 
1354 I 95818692 851 
1355 I 95936005 1504 
1356 I 95942833 1504 
1357 I 95969679 1504 
1358 I 96017378 1504 
1359 I 96062212 1504 
1360 I 96113053 1504 
1361 I 96354286 1504 
1362 I 96363138 1504 
1363 I 96423962 1504 
1364 I 96432800 1504 
1365 I 96463644 1504 
1366 I 96470480 1504 
1367 I 96686698 1504 
1368 I 96696051 1504 
1369 I 96803755 1504 
1370 I 96810570 1504 
1371 I 96819393 1504 
1372 I 96826231 1504 
1373 I 96965050 1504 
1374 I 96971912 1504 
1375 I 97093094 1504 
1376 I 97101905 1504 
1377 I 97108731 1504 
1378 I 97117557 1504 
1379 I 97247440 1504 
1380 I 97254271 1504 
1381 I 97405082 1504 
1382 I 97413930 1504 
1383 I 97422766 1504 
1384 I 97429610 1504 
1385 I 97572450 1504 
1386 I 97581289 1504 
1387 I 97782078 1504 
1388 I 97792362 1504 
1389 I 97799185 1504 
1390 I 97808031 1504 
1391 I 97836844 1504 
1392 I 97883712 1504 
1393 I 98025642 1504 
1394 I 98032483 1504 
1395 I 104619028 1504 
1396 I 104901854 1504 
1397 I 104910657 1504 
1398 I 105179972 1504 
1399 I 105186800 1504 
1400 I 105194172 774 
1401 I 105691690 610 
1402 I 106154945 1504 
1403 I 106161963 1504 
1404 I 106170787 1504 
1405 I 106175438 401 
1406 I 106425902 1504 
1407 I 106432742 1504 
1408 I 106439543 493 
1409 I 106447592 1504 
1410 I 106453033 812 
1411 I 106623580 1504 
1412 I 106632418 1504 
1413 I 106637062 424 
1414 I 106645245 1504 
1415 I 106652761 849 
1416 I 106858076 1504 
1417 I 106866188 1148 
1418 I 106927601 1504 
1419 I 106933030 743 
1420 I 106940604 1504 
1421 I 106947086 349 
1422 I 107197604 1504 
1423 I 107204446 1504 
1424 I 107212419 1066 
1425 I 107221394 1504 
1426 I 107225853 314 
1427 I 107246222 1504 
1428 I 107264041 1004 
1429 I 107535905 1504 
1430 I 107542757 1504 
1431 I 107549984 712 
1432 I 107557585 1504 
1433 I 107565546 1066 
1434 I 107605856 1504 
1435 I 107610272 314 
1436 I 107819617 1504 
1437 I 107828459 1504 
1438 I 107834269 1004 
1439 I 107841294 1504 
1440 I 107848532 712 
1441 I 107898123 1504 
1442 I 107906107 1066 
1443 I 108208123 1504 
1444 I 108216941 1504 
1445 I 108221333 314 
1446 I 108241764 1504 
1447 I 108249577 1004 
1448 I 108276608 1504 
1449 I 108281852 712 
1450 I 108572672 1504 
1451 I 108579529 1504 
1452 I 108589559 1066 
1453 I 108598546 1504 
1454 I 108602978 314 
1455 I 108621343 1504 
1456 I 108639154 1004 
1457 I 108938471 1504 
1458 I 108947308 1504 
1459 I 108951199 61 
1460 I 109290433 1504 
1461 I 109299256 1504 
1462 I 109306116 1504 
1463 I 109315109 1504 
1464 I 109341942 1504 
1465 I 109390735 1487 
1466 I 109636416 1504 
1467 I 109645266 1504 
1468 I 109651173 61 
1469 I 109660098 1504 
1470 I 109668946 1504 
1471 I 109711771 1504 
1472 I 109839116 1487 
1473 I 109845931 1504 
1474 I 109904785 1504 
1475 I 109908671 61 
1476 I 109917604 1504 
1477 I 109926391 1487 
1478 I 110138172 1504 
1479 I 110144037 61 
1480 I 110176976 1504 
1481 I 110394133 1487 
1482 I 110400982 1504 
1483 I 110409819 1504 
1484 I 110413783 61 
1485 I 110594682 1504 
1486 I 110601467 1487 
1487 I 110610328 1504 
1488 I 110616261 61 
1489 I 110791768 1504 
1490 I 110798575 1487 
1491 I 110807427 1504 
1492 I 110813322 61 
1493 I 111230008 1504 
1494 I 111236821 1504 
1495 I 111245642 1504 
1496 I 111252509 1504 
1497 I 111283291 1487 
1498 I 111330133 1504 
1499 I 111336031 61 
1500 I 111572910 1504 
1501 I 111581749 1504 
1502 I 111591728 1504 
1503 I 111598568 1504 
1504 I 111735667 1504 
1505 I 111742462 1487 
1506 I 112003345 1504 
1507 I 112012194 1504 
1508 I 112019012 1504 
1509 I 112027845 1504 
1510 I 112054672 1504 
1511 I 112060597 61 
1512 I 112338133 1340 
1513 I 112728371 1504 
1514 I 112735179 1504 
1515 I 112744008 1504 
1516 I 112750856 1504 
1517 I 112781660 1504 
1518 I 112789289 191 
1519 I 113083540 1504 
1520 I 113092888 1504 
1521 I 113099407 1357 
1522 I 113108347 1504 
1523 I 113131196 1504 
1524 I 113180025 1504 
1525 I 113184238 191 
1526 I 113356820 1504 
1527 I 113390584 1504 
1528 I 113399084 1357 
1529 I 113406058 1504 
1530 I 113412234 191 
1531 I 113774886 1504 
1532 I 113781722 1504 
1533 I 113790592 1504 
1534 I 113799422 1504 
1535 I 113828283 1504 
1536 I 113866768 1357 
1537 I 114189932 1504 
1538 I 114198770 1504 
1539 I 114202941 191 
1540 I 114209578 1504 
1541 I 114456426 1504 
1542 I 114465224 1504 
1543 I 114589795 1504 
1544 I 114598290 1357 
1545 I 114651263 1504 
1546 I 114657423 191 
1547 I 114718065 1504 
1548 I 114726885 1504 
1549 I 114945776 1504 
1550 I 114954621 1504 
1551 I 114963461 1504 
1552 I 114969952 1357 
1553 I 115043098 1504 
1554 I 115047298 191 
1555 I 115220817 1504 
1556 I 115253653 1504 
1557 I 115260490 1504 
1558 I 115269340 1504 
1559 I 115291637 1504 
1560 I 115318135 1357 
1561 I 115489965 1504 
1562 I 115498797 1504 
1563 I 115609297 191 
1564 I 115617262 1193 
1565 I 116102555 1504 
1566 I 116111389 1504 
1567 I 116118218 1504 
1568 I 116127064 1504 
1569 I 116153915 1504 
1570 I 116160457 355 
1571 I 116370735 1504 
1572 I 116379557 1504 
1573 I 116387774 1193 
1574 I 116396274 1504 
1575 I 116413080 1504 
1576 I 116461936 1504 
1577 I 116466476 355 
1578 I 116719581 1504 
1579 I 116728389 1504 
1580 I 116734593 1193 
1581 I 116791565 1504 
1582 I 116800393 1504 
1583 I 116807231 1504 
1584 I 116813743 355 
1585 I 116999114 1504 
1586 I 117005951 1504 
1587 I 117162798 1504 
1588 I 117170980 1193 
1589 I 117179958 1504 
1590 I 117190911 1504 
1591 I 117568835 1504 
1592 I 117577681 1504 
1593 I 117586516 1504 
1594 I 117591547 355 
1595 I 117599885 1504 
1596 I 117612073 1193 
1597 I 117958255 1504 
1598 I 117965070 1504 
1599 I 118025957 1504 
1600 I 118032780 1504 
1601 I 118041602 1504 
1602 I 118046120 355 
1603 I 118349707 1504 
1604 I 118358566 1504 
1605 I 118364720 1193 
1606 I 118385721 1504 
1607 I 118417045 1504 
1608 I 118453884 1504 
1609 I 118563232 1504 
1610 I 118567799 355 
1611 I 118576095 1504 
1612 I 118590066 1193 
1613 I 118705039 1504 
1614 I 118711862 1504 
1615 I 118982982 1340 
1616 I 119274595 1504 
1617 I 119283445 1504 
1618 I 119291709 1504 
1619 I 119298544 1504 
1620 I 119329400 1504 
1621 I 119333612 208 
1622 I 119814349 1504 
1623 I 119823187 1504 
1624 I 119829637 1340 
1625 I 119876559 1504 
1626 I 120081374 1504 
1627 I 120091900 1504 
1628 I 120096120 208 
1629 I 120104735 1504 
1630 I 120165561 1504 
1631 I 120172378 1504 
1632 I 120180851 1340 
1633 I 120323816 1504 
1634 I 120332639 1504 
1635 I 120391740 1504 
1636 I 120397976 208 
1637 I 120428577 1504 
1638 I 120477379 1504 
1639 I 120560201 1504 
1640 I 120568659 1340 
1641 I 120657627 1504 
1642 I 120666460 1504 
1643 I 120710914 1504 
1644 I 120715129 208 
1645 I 120769725 1504 
1646 I 120812562 1504 
1647 I 120861398 1504 
1648 I 120895890 1340 
1649 I 120950987 1504 
1650 I 120995947 1504 
1651 I 121124938 1504 
1652 I 121129141 208 
1653 I 121196169 1504 
1654 I 121203000 1504 
1655 I 121261833 1504 
1656 I 121268275 1340 
1657 I 121391341 1504 
1658 I 121398163 1504 
1659 I 121404577 208 
1660 I 121453173 1504 
1661 I 121553955 1504 
1662 I 121562789 1504 
1663 I 121623632 1504 
1664 I 121632110 1340 
1665 I 121639055 1504 
1666 I 121645300 208 
1667 I 121830639 1176 
1668 I 122342659 1504 
1669 I 122349491 1504 
1670 I 122358321 1504 
1671 I 122365160 1504 
1672 I 122396411 1504 
1673 I 122400659 208 
1674 I 122664275 1504 
1675 I 122673100 1504 
1676 I 122679560 1340 
1677 I 122689960 1504 
1678 I 122712804 1504 
1679 I 122759648 1504 
1680 I 122765888 208 
1681 I 122977969 1504 
1682 I 123015323 1504 
1683 I 123021780 1340 
1684 I 123030758 1504 
1685 I 123037585 1504 
1686 I 123090767 1504 
1687 I 123095002 208 
1688 I 123407547 1504 
1689 I 123414378 1504 
1690 I 123441211 1504 
1691 I 123447675 1340 
1692 I 123456657 1504 
1693 I 123502987 1504 
1694 I 123716329 1504 
1695 I 123725170 1504 
1696 I 123731427 208 
1697 I 123812058 1504 
1698 I 123820872 1504 
1699 I 123827337 1340 
1700 I 124044240 1504 
1701 I 124051070 1504 
1702 I 124059903 1504 
1703 I 124064097 208 
1704 I 124148057 1504 
1705 I 124156875 1504 
1706 I 124353710 1504 
1707 I 124362531 1504 
1708 I 124369009 1340 
1709 I 124416271 1504 
1710 I 124679919 1504 
1711 I 124690195 1504 
1712 I 124696420 208 
1713 I 124715045 1504 
1714 I 124721845 1504 
1715 I 124730305 1340 
1716 I 124948103 1504 
1717 I 124956939 1504 
1718 I 126490755 1340 
1719 I 126990372 1504 
1720 I 126999190 1504 
1721 I 127323931 1504 
1722 I 127330764 1504 
1723 I 127339593 1504 
1724 I 127549630 1504 
1725 I 127558447 1504 
1726 I 127563306 530 
1727 I 127783912 1504 
1728 I 127790696 482 
1729 I 127825436 1504 
1730 I 127832275 1504 
1731 I 127838971 445 
1732 I 128229522 1504 
1733 I 128236355 1504 
1734 I 128242586 231 
1735 I 128251188 1504 
1736 I 128255773 375 
1737 I 128264026 1504 
1738 I 128271355 760 
1739 I 128595558 1504 
1740 I 128602402 1504 
1741 I 128608890 345 
1742 I 128617231 1504 
1743 I 128622067 520 
1744 I 128630089 1504 
1745 I 128637163 653 
1746 I 128960894 1504 
1747 I 128969313 1287 
1748 I 128976199 1504 
1749 I 128983223 596 
1750 I 128991033 1504 
1751 I 128997993 560 
1752 I 129043862 1504 
1753 I 129323951 1504 
1754 I 129330777 1504 
1755 I 129337436 436 
1756 I 129345613 1504 
1757 I 129352463 1504 
1758 I 129359516 596 
1759 I 129411671 1504 
1760 I 129416551 560 
1761 I 129770412 1504 
1762 I 129779244 1504 
1763 I 129784081 436 
1764 I 129793476 1504 
1765 I 129799513 1112 
1766 I 129824501 1504 
1767 I 129873319 1504 
1768 I 130107304 1504 
1769 I 130116141 1504 
1770 I 130122973 1504 
1771 I 130129638 436 
1772 I 130137800 1504 
1773 I 130147794 1112 
1774 I 130375231 1504 
1775 I 130409313 924 
1776 I 130731555 1504 
1777 I 130740403 1504 
1778 I 130747259 1504 
1779 I 130756076 1504 
1780 I 130784908 1504 
1781 I 130834244 1504 
1782 I 131035952 1504 
1783 I 131044786 1504 
1784 I 131051790 1504 
1785 I 131060625 1504 
1786 I 131090877 1504 
1787 I 131135691 1504 
1788 I 131254496 1504 
1789 I 131261335 1504 
1790 I 131289913 1504 
1791 I 131326760 1504 
1792 I 131375579 1504 
1793 I 131422431 1504 
1794 I 131471240 1504 
1795 I 131518587 1504 
1796 I 131563428 1504 
1797 I 131614595 1504 
1798 I 131661415 1504 
1799 I 131710274 1504 
1800 I 131757062 1504 
1801 I 131803892 1504 
1802 I 131860764 1504 
1803 I 131897649 1504 
1804 I 132084458 1504 
1805 I 132091842 1504 
1806 I 132178651 1504 
1807 I 132189272 1504 
1808 I 132506530 1504 
1809 I 132515337 1504 
1810 I 132524178 1504 
1811 I 132531008 1504 
1812 I 132661846 1504 
1813 I 132670693 1504 
1814 I 133038518 1504 
1815 I 133047506 1504 
1816 I 133054356 1504 
1817 I 133063213 1504 
1818 I 133090244 1504 
1819 I 133141082 1504 
1820 I 133307885 1340 
1821 I 133814553 1504 
1822 I 133823384 1504 
1823 I 133830219 1504 
1824 I 133839067 1504 
1825 I 133865910 1504 
1826 I 133872086 208 
1827 I 134153911 1504 
1828 I 134160773 1504 
1829 I 134169219 1340 
1830 I 134176337 1504 
1831 I 134203607 1504 
1832 I 134248467 1504 
1833 I 134254647 208 
1834 I 134558514 1504 
1835 I 134567352 1504 
1836 I 134574180 1504 
1837 I 134583016 1504 
1838 I 134600007 1340 
1839 I 134808970 1504 
1840 I 134817805 1504 
1841 I 134824220 208 
1842 I 134832779 1504 
1843 I 135017679 1504 
1844 I 135024511 1504 
1845 I 135032967 1340 
1846 I 135378581 1504 
1847 I 135388856 1504 
1848 I 135397687 1504 
1849 I 135401874 208 
1850 I 135598833 1504 
1851 I 135605658 1504 
1852 I 135614105 1340 
1853 I 135779307 1504 
1854 I 135789070 1504 
1855 I 135797892 1504 
1856 I 135802812 530 
1857 I 136039004 1504 
1858 I 136047841 1504 
1859 I 136054605 482 
1860 I 136064661 1504 
1861 I 136070350 931 
1862 I 136314813 1504 
1863 I 136321655 1504 
1864 I 136328400 417 
1865 I 136416539 1504 
1866 I 136421991 832 
1867 I 136701177 1504 
1868 I 136708016 1504 
1869 I 136716869 1504 
1870 I 136720892 117 
1871 I 136773664 1504 
1872 I 136780881 718 
1873 I 137101032 1504 
1874 I 137107864 1504 
1875 I 137116451 1399 
1876 I 137125372 1504 
1877 I 137129791 312 
1878 I 137194273 214 
1879 I 137590885 1504 
1880 I 137597721 1504 
1881 I 137606565 1504 
1882 I 137613401 1504 
1883 I 137644233 1504 
1884 I 137662232 1066 
1885 I 137968215 1504 
1886 I 137977053 1504 
1887 I 137981814 482 
1888 I 138001931 1504 
1889 I 138010778 1504 
1890 I 138021595 1504 
1891 I 138043565 1066 
1892 I 138235882 1504 
1893 I 138242739 1504 
1894 I 138249473 482 
1895 I 138275567 1504 
1896 I 138282388 1504 
1897 I 138291754 1504 
1898 I 138311741 1066 
1899 I 138470671 1504 
1900 I 138477503 1504 
1901 I 138654331 1504 
1902 I 138661111 482 
1903 I 138689174 1504 
1904 I 138695144 1066 
1905 I 138956503 1504 
1906 I 138965351 1504 
1907 I 138974182 1504 
1908 I 139029908 1504 
1909 I 139036718 1504 
1910 I 139045562 1504 
1911 I 139302423 1504 
1912 I 139309268 1504 
1913 I 139318113 1504 
1914 I 139342928 1504 
1915 I 139391759 1504 
1916 I 139438587 1504 
1917 I 139748494 1504 
1918 I 139757300 1504 
1919 I 139766154 1504 
1920 I 139772983 1504 
1921 I 139801820 1504 
1922 I 139848681 1504 
1923 I 140711619 1504 
1924 I 140836851 1504 
1925 I 140843673 1504 
1926 I 141088536 1504 
1927 I 141097369 1504 
1928 I 141104198 1504 
1929 I 141348406 1504 
1930 I 141653217 1504 
1931 I 141662075 1504 
1932 I 141668894 1504 
1933 I 141675294 318 
1934 I 142082799 1504 
1935 I 142091631 1504 
1936 I 142099922 1230 
1937 I 142108861 1504 
1938 I 142522032 1504 
1939 I 142528892 1504 
1940 I 142537738 1504 
1941 I 142544566 1504 
1942 I 142551650 632 
1943 I 142842738 1504 
1944 I 142849564 1504 
1945 I 142856184 375 
1946 I 142876390 1504 
1947 I 142883237 1504 
1948 I 142890262 359 
1949 I 143290358 1504 
1950 I 143297174 1504 
1951 I 143305442 1222 
1952 I 143324401 1504 
1953 I 143329531 653 
1954 I 143337223 1504 
1955 I 143344301 627 
1956 I 143669408 1504 
1957 I 143675835 303 
1958 I 143684215 1504 
1959 I 143691541 1473 
1960 I 143736379 1504 
1961 I 143740888 366 
1962 I 143749201 1504 
1963 I 143766918 954 
1964 I 144056876 1504 
1965 I 144061338 303 
1966 I 144069680 1504 
1967 I 144096570 1504 
1968 I 144103342 1473 
1969 I 144126194 1504 
1970 I 144130152 75 
1971 I 144445073 1504 
1972 I 144453889 1504 
1973 I 144506760 1504 
1974 I 144515583 1504 
1975 I 144524421 1504 
1976 I 144531192 1473 
1977 I 144802262 1504 
1978 I 144811104 1504 
1979 I 144815019 75 
1980 I 144925942 1504 
1981 I 144932806 1504 
1982 I 144941599 1504 
1983 I 144950390 1473 
1984 I 145153252 1504 
1985 I 145160091 1504 
1986 I 145252957 1504 
1987 I 145256952 75 
1988 I 145312617 671 
1989 I 145612249 1504 
1990 I 145621095 1504 
1991 I 145627935 1504 
1992 I 145636780 1504 
1993 I 145663606 1504 
1994 I 145679177 846 
1995 I 146025316 1504 
1996 I 146034168 1504 
1997 I 146041393 702 
1998 I 146058979 1504 
1999 I 146065832 1504 
2000 I 146080659 1504 
2001 I 146088180 846 
2002 I 146435037 1504 
2003 I 146467859 1504 
2004 I 146475039 702 
2005 I 146484689 1504 
2006 I 146492043 1504 
2007 I 146498895 1504 
2008 I 146506430 846 
2009 I 146748041 1504 
2010 I 146756887 1504 
2011 I 146775702 1504 
2012 I 146783059 702 
2013 I 146790912 1504 
2014 I 146809736 1504 
2015 I 146924575 1504 
2016 I 146931423 1504 
2017 I 146938990 846 
2018 I 146980232 1504 
2019 I 147027947 1504 
2020 I 147033133 702 
2021 I 147244890 1504 
2022 I 147251717 1504 
2023 I 147260563 1504 
2024 I 147266104 846 
2025 I 147378635 1504 
2026 I 147389694 1504 
2027 I 147589004 1504 
2028 I 147595806 1504 
2029 I 147602981 702 
2030 I 147610630 1504 
2031 I 147905160 1504 
2032 I 147912017 1504 
2033 I 147919546 846 
2034 I 147938826 1504 
2035 I 147945665 1504 
2036 I 147953187 702 
2037 I 148168792 1504 
2038 I 148236163 1504 
2039 I 148242620 1340 
2040 I 149352126 1340 
2041 I 149715729 1504 
2042 I 149724538 1504 
2043 I 149799683 1504 
2044 I 149806504 1504 
2045 I 149815329 1504 
2046 I 149907391 1504 
2047 I 149914229 1504 
2048 I 149921113 530 
2049 I 150031089 1504 
2050 I 150035860 482 
2051 I 150057882 1504 
2052 I 150078744 1504 
2053 I 150083380 445 
2054 I 150218440 1504 
2055 I 150226026 903 
2056 I 150233256 1504 
2057 I 150240773 832 
2058 I 150254793 891 
2059 I 150647219 44 
