0 I 0 44 
1 I 298226 44 
2 I 419242 44 
3 I 947617 44 
4 I 1277489 101 
5 I 1596299 101 
6 I 1781102 215 
7 I 1816527 101 
8 I 2103660 101 
9 I 2226781 44 
10 I 3970337 152 
11 I 4440162 105 
12 I 5323849 44 
13 I 6228503 44 
14 I 6694658 101 
15 I 8144340 129 
16 I 8893255 158 
17 I 9316822 44 
18 I 9384126 300 
19 I 11968004 124 
20 I 12340978 91 
21 I 12402414 44 
22 I 12747702 44 
23 I 13755340 266 
24 I 14419902 594 
25 I 14603335 92 
26 I 15196710 44 
27 I 16389644 158 
28 I 16613788 44 
29 I 16806510 88 
30 I 17463364 101 
31 I 18112308 95 
32 I 19809997 101 
33 I 20199558 44 
34 I 21603439 44 
35 I 21935295 90 
36 I 22014028 147 
37 I 22254807 44 
38 I 22300960 88 
39 I 23339089 94 
40 I 24132969 44 
41 I 24815097 101 
42 I 25277304 101 
43 I 25588926 44 
44 I 26509427 88 
45 I 27113892 44 
46 I 29094643 158 
47 I 29611196 44 
48 I 31608962 101 
49 I 32826552 44 
50 I 33907996 159 
51 I 34295607 44 
52 I 34993473 216 
53 I 35439496 88 
54 I 35577815 44 
55 I 35810836 100 
56 I 36308407 44 
57 I 36669077 44 
58 I 36900182 101 
59 I 37122184 44 
60 I 37298396 77 
61 I 38326832 101 
62 I 38809951 44 
63 I 39236565 44 
64 I 39596651 101 
65 I 40141822 145 
66 I 40675609 44 
67 I 40905608 101 
68 I 41323025 101 
69 I 41745183 86 
70 I 41966791 44 
71 I 42266570 96 
72 I 42462405 44 
73 I 43975760 44 
74 I 44085560 101 
75 I 44378990 44 
76 I 44929416 44 
77 I 45820461 44 
78 I 46635727 118 
79 I 47122149 44 
80 I 47484823 44 
81 I 48529857 88 
82 I 48952913 89 
83 I 49319598 44 
84 I 49667652 44 
85 I 49851160 158 
86 I 50177585 44 
87 I 50552614 96 
88 I 50981105 101 
89 I 52442418 99 
90 I 52690411 44 
91 I 54149826 44 
92 I 54973175 101 
93 I 55201907 158 
94 I 55874536 44 
95 I 56766955 44 
96 I 57079652 147 
97 I 57619108 44 
98 I 57877571 146 
99 I 58014288 306 
100 I 59137108 44 
101 I 60597790 227 
102 I 60910073 44 
103 I 61366698 44 
104 I 61669274 44 
105 I 62525986 398 
106 I 62898025 158 
107 I 63496042 44 
108 I 63741252 44 
109 I 64629058 44 
110 I 65197535 100 
111 I 65492763 44 
112 I 66030107 44 
113 I 66251065 44 
114 I 68285897 44 
115 I 68540471 44 
116 I 68953333 44 
117 I 69435156 101 
118 I 69485830 172 
119 I 70216630 97 
120 I 72658714 44 
121 I 72825305 157 
122 I 73284354 101 
123 I 75681523 95 
124 I 75994198 44 
125 I 76541478 44 
126 I 76975819 44 
127 I 78119653 248 
128 I 78538618 90 
129 I 78926178 89 
130 I 79278070 44 
131 I 79447285 101 
132 I 79961898 101 
133 I 80917577 44 
134 I 81249752 44 
135 I 81678715 44 
136 I 82415637 88 
137 I 82870494 44 
138 I 82916582 249 
139 I 83322518 44 
140 I 85025869 89 
141 I 85215280 192 
142 I 85580050 101 
143 I 85853989 90 
144 I 87199651 44 
145 I 87982999 44 
146 I 88370364 44 
147 I 88631058 82 
148 I 88924523 172 
149 I 89441824 83 
150 I 89991312 101 
151 I 90205841 44 
152 I 91740666 101 
153 I 92079129 139 
154 I 92420607 101 
155 I 92894937 92 
156 I 94039271 44 
157 I 94809655 44 
158 I 95248029 101 
159 I 97526983 190 
160 I 97887283 101 
161 I 98191455 90 
162 I 98525531 157 
163 I 98689054 44 
164 I 98937470 158 
165 I 99397126 44 
166 I 99807201 87 
167 I 100203165 261 
168 I 100850927 101 
169 I 100942658 44 
170 I 101282442 105 
171 I 101802293 44 
172 I 102242892 44 
173 I 102665532 101 
174 I 103566526 44 
175 I 104245824 44 
176 I 104548682 44 
177 I 105092281 44 
178 I 105585005 101 
179 I 105712654 107 
180 I 105983215 44 
181 I 106969986 98 
182 I 107929465 101 
183 I 108587118 101 
184 I 108767350 44 
185 I 108983326 101 
186 I 109155204 44 
187 I 110044007 44 
188 I 110774060 99 
189 I 111283181 204 
190 I 112245319 44 
191 I 112439635 101 
192 I 112493661 44 
193 I 112740669 44 
194 I 113386510 96 
195 I 113589701 44 
196 I 113706252 44 
197 I 115293199 101 
198 I 115592930 44 
199 I 116255693 101 
200 I 117343086 44 
201 I 117631807 92 
202 I 117690603 1151 
203 I 117882988 44 
204 I 119077487 44 
205 I 119379850 98 
206 I 119481100 142 
207 I 119633817 44 
208 I 119964828 101 
209 I 120311600 44 
210 I 120632847 44 
211 I 120881102 105 
212 I 120990819 44 
213 I 121279100 44 
214 I 121363743 88 
215 I 121724097 101 
216 I 122029926 44 
217 I 122510387 44 
218 I 122902546 101 
219 I 123308238 92 
220 I 123569474 89 
221 I 123884087 44 
222 I 124431189 44 
223 I 124774779 44 
224 I 125784528 101 
225 I 126071010 44 
226 I 128049803 44 
227 I 128257950 44 
228 I 129827001 44 
229 I 130352799 44 
230 I 132009787 158 
231 I 132091391 44 
232 I 132399334 44 
233 I 132628026 90 
234 I 133068343 101 
235 I 133714180 101 
236 I 134165157 44 
237 I 134433334 94 
238 I 135041847 44 
239 I 135397886 44 
240 I 136810600 44 
241 I 136899529 158 
242 I 137320051 101 
243 I 138007486 44 
244 I 138065826 44 
245 I 138292998 96 
246 I 138393122 44 
247 I 138468432 93 
248 I 141538185 101 
249 I 141660615 94 
250 I 142026716 132 
251 I 143416541 101 
252 I 143784923 96 
253 I 144569705 44 
254 I 144610505 88 
255 I 145817496 44 
256 I 146518798 264 
257 I 147438635 44 
258 I 147729261 44 
259 I 148585578 99 
260 I 148826726 44 
261 I 149200313 142 
262 I 150900788 44 
263 I 152433741 44 
264 I 153078828 101 
265 I 153363794 44 
266 I 154201988 263 
267 I 154649263 101 
268 I 154880326 44 
269 I 155456155 88 
270 I 156298040 92 
271 I 156449016 44 
272 I 156879791 44 
273 I 157293138 44 
274 I 157572224 44 
275 I 158787471 158 
276 I 159250217 101 
277 I 159559480 44 
278 I 159913003 101 
279 I 160199318 145 
280 I 160559718 101 
281 I 161179862 44 
282 I 161624616 44 
283 I 162853564 101 
284 I 162967130 147 
285 I 164601787 44 
286 I 164913233 44 
287 I 166011496 44 
288 I 166489472 44 
289 I 166879319 101 
290 I 168298369 158 
291 I 168358728 272 
292 I 169083463 44 
293 I 169628416 44 
294 I 170217937 44 
295 I 170493393 44 
296 I 170822696 44 
297 I 171142067 44 
298 I 171460676 44 
299 I 171921739 44 
300 I 172797472 44 
301 I 173165232 142 
302 I 173442821 44 
303 I 174228627 304 
304 I 174658065 44 
305 I 176071826 44 
306 I 176622505 44 
307 I 177039271 44 
308 I 177494911 44 
309 I 178589966 101 
310 I 178999160 158 
311 I 179445227 44 
312 I 179673472 44 
313 I 180125098 44 
314 I 180487976 44 
315 I 180757402 44 
316 I 181089737 44 
317 I 181308224 44 
318 I 181415531 88 
319 I 181852461 95 
320 I 182206667 44 
321 I 183512657 44 
322 I 183837913 44 
323 I 186685328 215 
324 I 187300284 101 
325 I 187886700 100 
326 I 188219807 44 
327 I 188788394 101 
328 I 189946848 101 
329 I 191270688 44 
330 I 192964261 161 
331 I 193643910 88 
332 I 194004780 44 
333 I 195380700 158 
334 I 195668792 215 
335 I 196049117 143 
336 I 196594760 101 
337 I 197479993 101 
338 I 197929169 101 
339 I 198044683 44 
340 I 198726149 93 
341 I 200098489 78 
342 I 200582198 44 
343 I 201108533 44 
344 I 201318491 101 
345 I 201815901 88 
346 I 202097695 44 
347 I 202803446 103 
348 I 203131203 94 
349 I 203489583 44 
350 I 203727178 88 
351 I 203983915 44 
352 I 204261293 101 
353 I 204517139 101 
354 I 205754770 44 
355 I 206244955 44 
356 I 206569049 44 
357 I 207455022 44 
358 I 207808372 44 
359 I 208029084 203 
360 I 208126734 260 
361 I 208511965 86 
362 I 209366699 101 
363 I 210115118 101 
364 I 210435405 44 
365 I 210706500 101 
366 I 210853164 44 
367 I 211396318 44 
368 I 211851732 44 
369 I 213256494 215 
370 I 213712828 272 
371 I 213939466 44 
372 I 214164003 101 
373 I 214581897 44 
374 I 214652821 88 
375 I 214901335 44 
376 I 216329728 44 
377 I 218462299 258 
378 I 218908178 44 
379 I 219055409 95 
380 I 219866432 44 
381 I 219972767 88 
382 I 220296670 44 
383 I 220502798 104 
384 I 221121008 44 
385 I 221713315 101 
386 I 222430272 44 
387 I 222762591 44 
388 I 223340350 44 
389 I 223646577 44 
390 I 224472527 44 
391 I 224869647 158 
392 I 225388434 270 
393 I 225923651 86 
394 I 226008644 44 
395 I 226499323 44 
396 I 226903048 95 
397 I 227158115 44 
398 I 227516109 101 
399 I 227828661 78 
400 I 227948203 44 
401 I 228127949 44 
402 I 228441200 101 
403 I 228870212 101 
404 I 229550722 44 
405 I 229985317 44 
406 I 230540987 44 
407 I 231731930 44 
408 I 231953713 44 
409 I 232178111 104 
410 I 234783060 272 
411 I 234908231 329 
412 I 236016499 44 
413 I 237022842 44 
414 I 237297359 101 
415 I 238345548 144 
416 I 239092157 44 
417 I 239545705 44 
418 I 239711266 392 
419 I 241084868 44 
420 I 241612658 101 
421 I 242007420 101 
422 I 243162069 44 
423 I 243429173 44 
424 I 243653821 44 
425 I 244553496 44 
426 I 245783606 88 
427 I 246076390 44 
428 I 246453380 158 
429 I 246871301 130 
430 I 247054796 44 
431 I 247100749 88 
432 I 247294773 88 
433 I 247522949 98 
434 I 247949830 101 
435 I 248171645 44 
436 I 248304813 101 
437 I 249789590 44 
438 I 250030239 103 
439 I 250133320 44 
440 I 250990874 44 
441 I 251700126 44 
442 I 251985146 81 
443 I 253630110 44 
444 I 253960168 44 
445 I 254318669 44 
446 I 254874386 44 
447 I 254919493 88 
448 I 255192250 101 
449 I 255360038 44 
450 I 255691973 44 
451 I 257097277 44 
452 I 257233853 147 
453 I 257679476 101 
454 I 258042344 101 
455 I 258532739 101 
456 I 258909676 89 
457 I 259186366 44 
458 I 260391551 88 
459 I 260790954 101 
460 I 261188392 101 
461 I 262214974 88 
462 I 262444287 88 
463 I 263578177 95 
464 I 263724843 74 
465 I 264574032 101 
466 I 265324137 101 
467 I 266181127 101 
468 I 266602477 101 
469 I 267169199 44 
470 I 268539108 95 
471 I 268823025 152 
472 I 269522344 94 
473 I 270345459 44 
474 I 271673815 44 
475 I 272287936 102 
476 I 272583321 92 
477 I 272992144 82 
478 I 273067886 88 
479 I 273337854 101 
480 I 273488863 44 
481 I 273698033 44 
482 I 274230829 88 
483 I 274537492 82 
484 I 274835280 88 
485 I 275207030 78 
486 I 276116979 44 
487 I 276483260 44 
488 I 278285757 203 
489 I 278738566 44 
490 I 279141833 101 
491 I 279348147 94 
492 I 279777286 88 
493 I 281929724 44 
494 I 282130221 88 
495 I 282477028 44 
496 I 283037766 101 
497 I 284189884 112 
498 I 285117147 44 
499 I 285440717 44 
500 I 285756583 44 
501 I 286411757 101 
502 I 286966678 44 
503 I 287638769 44 
504 I 288065194 44 
505 I 288270242 44 
506 I 288523718 101 
507 I 288847901 44 
508 I 289190049 44 
509 I 289719646 44 
510 I 290163046 44 
511 I 291319624 126 
512 I 291564606 44 
513 I 291772299 44 
514 I 292680373 170 
515 I 292900113 101 
516 I 293002409 82 
517 I 293232918 44 
518 I 293506580 90 
519 I 293633795 44 
520 I 294422402 95 
521 I 295167934 88 
522 I 295443862 101 
523 I 295896644 101 
524 I 296167157 88 
525 I 296302183 44 
526 I 296751669 89 
527 I 296949582 101 
528 I 297213203 101 
529 I 297537306 111 
530 I 298232143 44 
