0 I 0 52 
1 I 6048 52 
2 I 47023 44 
3 I 53002 44 
4 I 338375 44 
5 I 382399 44 
6 I 388342 44 
7 I 426012 44 
8 I 431969 44 
9 I 437940 44 
10 I 482162 44 
11 I 487850 44 
12 I 519714 44 
13 I 531677 44 
14 I 535700 44 
15 I 539722 44 
16 I 559696 44 
17 I 608841 44 
18 I 614827 44 
19 I 650748 44 
20 I 656729 44 
21 I 662710 44 
22 I 668741 44 
23 I 704671 44 
24 I 710671 44 
25 I 758572 44 
26 I 1361943 44 
27 I 1404856 44 
28 I 1410845 44 
29 I 1446845 44 
30 I 1454864 44 
31 I 1460840 44 
32 I 1488761 44 
33 I 1496479 44 
34 I 1502479 44 
35 I 1508429 44 
36 I 1514395 44 
37 I 1744344 44 
38 I 1792296 44 
39 I 1834602 44 
40 I 1840777 44 
41 I 1876561 44 
42 I 1884518 44 
43 I 1890556 44 
44 I 1918535 44 
45 I 1926451 44 
46 I 1932501 44 
47 I 1938505 44 
48 I 1958490 56 
49 I 1964457 44 
50 I 2648051 44 
51 I 2690705 44 
52 I 2696745 44 
53 I 2731568 44 
54 I 2737536 44 
55 I 2749465 44 
56 I 2755472 44 
57 I 2774294 44 
58 I 2780266 44 
59 I 2794234 44 
60 I 2800227 44 
61 I 2806263 44 
62 I 2849036 44 
63 I 2855034 44 
64 I 2893535 44 
65 I 2899460 44 
66 I 2905476 44 
67 I 2935444 44 
68 I 2941456 44 
69 I 2947490 56 
70 I 2953399 44 
71 I 2959401 44 
72 I 3061298 44 
73 I 3065228 44 
74 I 3069301 44 
75 I 3073204 44 
76 I 3077242 44 
77 I 3106032 44 
78 I 3111904 44 
79 I 3117915 44 
80 I 3123925 44 
81 I 3129921 44 
82 I 3135867 44 
83 I 6037799 44 
84 I 7036247 44 
85 I 9024399 44 
86 I 9030343 44 
87 I 48254429 52 
88 I 48293625 44 
89 I 48344279 44 
90 I 48385151 44 
91 I 48391087 44 
92 I 48427889 44 
93 I 48431901 44 
94 I 48435882 44 
95 I 48470600 44 
96 I 48476862 44 
97 I 48490866 44 
98 I 48496788 44 
99 I 48502789 44 
100 I 48664272 44 
101 I 52035547 44 
102 I 58337672 44 
103 I 229236495 52 
104 I 229242469 52 
105 I 229275302 44 
106 I 229281915 44 
107 I 229445637 56 
108 I 229464523 44 
109 I 229793716 44 
110 I 229844427 44 
111 I 229850462 44 
112 I 229893244 56 
113 I 229899229 44 
114 I 229905247 44 
115 I 229911478 44 
116 I 229917236 44 
117 I 229943964 44 
118 I 232947994 44 
119 I 232953990 44 
120 I 232985979 44 
121 I 232992794 44 
122 I 233353979 52 
123 I 233359904 52 
124 I 233392902 44 
125 I 233398897 44 
126 I 233602704 44 
127 I 233823653 44 
128 I 233852479 44 
129 I 237015670 44 
130 I 237021693 44 
131 I 238484317 44 
132 I 251002433 44 
133 I 251467415 52 
134 I 251471465 52 
135 I 251505114 44 
136 I 251509110 44 
137 I 251759212 44 
138 I 251771210 44 
139 I 251800862 44 
140 I 251806858 44 
141 I 251839777 56 
142 I 251843752 44 
143 I 251861607 44 
144 I 251866447 44 
145 I 251894602 56 
146 I 251900572 44 
147 I 251906581 44 
148 I 251912557 44 
149 I 251919352 44 
150 I 251937336 44 
151 I 251941340 56 
152 I 251945324 44 
153 I 251976009 44 
154 I 251982635 44 
155 I 251988410 44 
156 I 251994389 44 
157 I 252019259 56 
158 I 252025233 44 
159 I 253465228 44 
160 I 253502097 44 
161 I 255014746 44 
162 I 268462753 44 
