0 I 0 52 
1 I 1445314 1504 
2 I 1492103 1504 
3 I 3053884 1504 
4 I 3103148 1504 
5 I 3151758 1504 
6 I 4732858 1504 
7 I 4779615 1504 
8 I 4829912 1504 
9 I 4874739 1504 
10 I 4923403 1504 
11 I 6226939 1504 
12 I 6277745 1504 
13 I 6321850 1504 
14 I 6374677 1504 
15 I 6417386 1504 
16 I 6469029 1504 
17 I 6514153 1504 
18 I 7772832 1504 
19 I 7822951 1504 
20 I 7867714 1504 
21 I 7917473 1504 
22 I 7962815 1504 
23 I 9175764 1504 
24 I 9219508 1504 
25 I 9359669 1504 
26 I 9411315 1504 
27 I 10599791 1504 
28 I 10650092 1504 
29 I 10690633 1504 
30 I 10740297 1504 
31 I 10783969 1504 
32 I 10829258 1504 
33 I 12010703 1504 
34 I 12103454 1504 
35 I 12854939 1504 
36 I 12945985 1504 
37 I 14248380 1504 
38 I 14529636 1504 
39 I 15535457 1504 
40 I 15728414 1504 
41 I 15777533 1504 
42 I 16840479 1504 
43 I 17129060 1504 
44 I 17171645 1504 
45 I 18248028 1504 
46 I 18256836 409 
47 I 23266256 1504 
48 I 24813879 1504 
49 I 24861591 1504 
50 I 26589524 1504 
51 I 26644841 1504 
52 I 28140727 1504 
53 I 28190532 1504 
54 I 29688317 1504 
55 I 29737116 1504 
56 I 31154093 1504 
57 I 31199853 1504 
58 I 32630490 1504 
59 I 32674353 1504 
60 I 34111853 1504 
61 I 34161796 1504 
62 I 35613010 1504 
63 I 35664493 1504 
64 I 35709046 1504 
65 I 37256991 1504 
66 I 37307253 1504 
67 I 37401822 1504 
68 I 38736610 1504 
69 I 38785366 1504 
70 I 38830373 1504 
71 I 38926342 1504 
72 I 40198724 1504 
73 I 40242376 1504 
74 I 40285212 1504 
75 I 40335965 1504 
76 I 41316426 1504 
77 I 41367218 1504 
78 I 41412844 1504 
79 I 41455630 1504 
80 I 41506595 1504 
81 I 42621734 1504 
82 I 42670496 1504 
83 I 42714831 1504 
84 I 42765571 1504 
85 I 43198233 1504 
86 I 44088285 1504 
87 I 44139841 1504 
88 I 44274592 1504 
89 I 44323340 1504 
90 I 44368349 1504 
91 I 45001326 1340 
92 I 46359953 1504 
93 I 46410889 1504 
94 I 46453687 1504 
95 I 46505353 1504 
96 I 46550151 1504 
97 I 46597600 1504 
98 I 47917865 1504 
99 I 47962661 1504 
100 I 48015862 1504 
101 I 48058606 1504 
102 I 48110184 1504 
103 I 48154564 1504 
104 I 48209581 1504 
105 I 49468073 1504 
106 I 49511329 1504 
107 I 49562141 1504 
108 I 49611135 1504 
109 I 49657969 1504 
110 I 49704205 1504 
111 I 50961863 1504 
112 I 51006734 1504 
113 I 51245914 1504 
114 I 51290697 1504 
115 I 51343660 1504 
116 I 51389067 1504 
117 I 51438363 1504 
118 I 52699067 1504 
119 I 52835522 1504 
120 I 52882490 1504 
121 I 52976279 1504 
122 I 53026598 1504 
123 I 53071393 1504 
124 I 54018676 1504 
125 I 54349743 1504 
126 I 54498492 1504 
127 I 54541239 1504 
128 I 54682132 1504 
129 I 54723600 1504 
130 I 55101486 1504 
131 I 55587594 1504 
132 I 55778948 1504 
133 I 55822243 1504 
134 I 55873870 1504 
135 I 56063127 1504 
136 I 56209833 1504 
137 I 56489730 1504 
138 I 56536017 1504 
139 I 56584767 1504 
140 I 56630315 1504 
141 I 56683042 1504 
142 I 56720644 1340 
143 I 57506463 1504 
144 I 58171280 1504 
145 I 58208981 1504 
146 I 58259721 1504 
147 I 58306634 1504 
148 I 59958382 1504 
149 I 60005078 1504 
150 I 61547473 1504 
151 I 61598741 1504 
152 I 62996763 1504 
153 I 64539721 1504 
154 I 65608106 1504 
155 I 66173856 1504 
156 I 66225159 1504 
157 I 67021911 1504 
158 I 67069498 1504 
