0 I 0 44 
1 I 951417 44 
2 I 1056688 44 
3 I 2495764 44 
4 I 2761012 44 
5 I 2856684 44 
6 I 5003974 44 
7 I 5989377 44 
8 I 6049456 44 
9 I 8616059 44 
10 I 9041857 44 
11 I 9088674 44 
12 I 11671725 44 
13 I 11967459 44 
14 I 12009604 44 
15 I 15467195 44 
16 I 15646128 44 
17 I 18183791 44 
18 I 18244010 44 
19 I 18273757 44 
20 I 22136980 44 
21 I 22180549 44 
22 I 22222426 44 
23 I 24097162 44 
24 I 24180501 44 
25 I 24226345 44 
26 I 28784377 44 
27 I 28841520 44 
28 I 28876513 44 
29 I 30778239 44 
30 I 30913110 44 
31 I 30952399 44 
32 I 35119713 44 
33 I 35498747 44 
34 I 35559265 44 
35 I 36940375 44 
36 I 37320363 44 
37 I 37408635 44 
38 I 40619363 44 
39 I 42003984 44 
40 I 43784408 44 
41 I 43823545 44 
42 I 44015755 44 
43 I 48131007 44 
44 I 48172977 44 
45 I 48302511 44 
46 I 49594799 44 
47 I 50176092 44 
48 I 50218830 44 
49 I 50339556 44 
50 I 51240124 44 
51 I 52297674 44 
52 I 52338584 44 
53 I 52540907 44 
54 I 55787944 44 
55 I 55826883 44 
56 I 55901601 44 
57 I 57573666 44 
58 I 57615697 44 
59 I 57662696 44 
60 I 61692629 44 
61 I 61784863 44 
62 I 61923581 44 
63 I 63490287 44 
64 I 63662200 44 
65 I 63841056 44 
66 I 67806707 44 
67 I 67846208 44 
68 I 68042041 44 
69 I 69672897 44 
70 I 69708633 44 
71 I 69800442 44 
72 I 73206554 44 
73 I 73255702 44 
74 I 74266964 44 
75 I 75855919 44 
76 I 75897968 44 
77 I 76043191 44 
78 I 79677505 44 
79 I 79720319 44 
80 I 79757395 44 
81 I 82544060 44 
82 I 82729810 44 
83 I 82776919 44 
84 I 87144352 44 
85 I 87393013 44 
86 I 87432614 44 
87 I 89810780 44 
88 I 90091084 44 
89 I 94714278 44 
90 I 94774163 44 
91 I 94795350 44 
92 I 97188453 44 
93 I 97236117 44 
94 I 97274677 44 
95 I 101641618 44 
96 I 101712388 44 
97 I 101785712 44 
98 I 104483773 44 
99 I 104629346 44 
100 I 104691530 44 
101 I 109193996 44 
102 I 109301686 44 
103 I 109405737 44 
104 I 112300815 44 
105 I 112470681 44 
106 I 112521431 44 
107 I 116276513 44 
108 I 116488287 44 
109 I 116493534 44 
110 I 119780457 44 
111 I 120060531 44 
112 I 123718201 44 
113 I 123750625 44 
114 I 123961616 44 
115 I 127618470 44 
116 I 127668847 44 
117 I 127880802 44 
118 I 128067160 44 
119 I 131741152 44 
120 I 131879097 44 
121 I 132071558 44 
122 I 135214653 44 
123 I 135360637 44 
124 I 135407351 44 
125 I 135560185 44 
126 I 139194912 44 
127 I 139539765 44 
128 I 139662352 44 
129 I 139976333 44 
130 I 142213738 44 
131 I 142604262 44 
132 I 142855924 44 
133 I 144358348 44 
134 I 146034239 44 
135 I 147441907 44 
136 I 147867528 44 
137 I 148662108 44 
138 I 149669505 44 
139 I 150418445 44 
140 I 150968157 44 
141 I 155665473 44 
142 I 155708513 44 
143 I 155893988 44 
144 I 158862195 44 
145 I 158963700 44 
146 I 159030073 44 
147 I 162941254 44 
148 I 163034624 44 
149 I 163129095 44 
150 I 165557698 44 
151 I 165650768 44 
152 I 165688736 44 
153 I 169151195 44 
154 I 169187609 44 
155 I 169230230 44 
156 I 172135488 44 
157 I 172230691 44 
158 I 172261730 44 
159 I 175530515 44 
160 I 175638017 44 
161 I 175681381 44 
162 I 178774468 44 
163 I 178823880 44 
164 I 182226225 44 
165 I 182265837 44 
166 I 182306038 44 
167 I 185290749 44 
168 I 185344853 44 
169 I 185377350 44 
170 I 188510272 44 
171 I 188547160 44 
172 I 188589567 44 
173 I 192107313 44 
174 I 192194417 44 
175 I 192237986 44 
176 I 195286960 44 
177 I 195318552 44 
178 I 195372001 44 
179 I 199430649 44 
180 I 199514227 44 
181 I 199784952 44 
182 I 202684821 44 
183 I 202728424 44 
184 I 202928647 44 
185 I 206581741 44 
186 I 206806614 44 
187 I 210400924 44 
188 I 210443490 44 
189 I 210642128 44 
190 I 214186528 44 
191 I 214230214 44 
192 I 214293735 44 
193 I 217469120 44 
194 I 217507982 44 
195 I 217549655 44 
196 I 221544376 44 
197 I 221581595 44 
198 I 221621508 44 
199 I 224892642 44 
200 I 224936880 44 
201 I 224977508 44 
202 I 228500745 44 
203 I 229094303 44 
204 I 229136450 44 
205 I 232072884 44 
206 I 232579603 44 
207 I 232611544 44 
208 I 236348444 44 
209 I 236432295 44 
210 I 239130363 44 
211 I 239168570 44 
212 I 239212839 44 
213 I 243521926 44 
214 I 243561038 44 
215 I 243603266 44 
216 I 246571739 44 
217 I 246719319 44 
218 I 247058345 44 
219 I 250647535 44 
220 I 250729879 44 
221 I 250857795 44 
222 I 251362954 44 
223 I 253598722 44 
224 I 253700410 44 
225 I 253856123 44 
226 I 254367792 44 
227 I 256933856 44 
228 I 257709065 44 
229 I 258079525 44 
230 I 258384693 44 
231 I 259870584 44 
232 I 260447994 44 
233 I 260880087 44 
234 I 261082526 44 
235 I 263422073 44 
236 I 264684994 44 
237 I 267498217 44 
238 I 267545537 44 
239 I 267677565 44 
240 I 271582764 44 
241 I 271621898 44 
242 I 271777601 44 
243 I 272094272 44 
244 I 274109374 44 
245 I 274194659 44 
246 I 274755921 44 
247 I 275171089 44 
248 I 277594973 44 
249 I 277680357 44 
250 I 278962582 44 
251 I 279259932 44 
252 I 280088853 44 
253 I 280136601 44 
254 I 281262470 44 
255 I 281661891 44 
256 I 282938340 44 
257 I 283744611 44 
258 I 285467163 44 
259 I 285861655 44 
260 I 286049471 44 
261 I 286425503 44 
262 I 287661677 44 
263 I 287959400 44 
264 I 288117565 44 
265 I 289242705 44 
266 I 292378852 44 
267 I 292426419 44 
268 I 292458692 44 
269 I 294678169 44 
270 I 295675382 44 
271 I 295760877 44 
272 I 298849126 44 
273 I 299060793 44 
274 I 299121680 44 
