0 I 0 44 
1 I 92919 44 
2 I 142061 44 
3 I 3104469 44 
4 I 3110462 44 
5 I 3117239 44 
6 I 3121953 44 
7 I 6895697 44 
8 I 6994499 44 
9 I 7000615 44 
10 I 7436339 52 
11 I 10250810 52 
12 I 10352009 44 
13 I 10401184 437 
14 I 14809365 44 
15 I 17130101 44 
16 I 19361975 44 
17 I 20858392 44 
18 I 22739775 44 
19 I 23687605 44 
20 I 26269860 44 
21 I 27944559 44 
22 I 30166792 44 
23 I 31918330 44 
24 I 33851510 44 
25 I 35888537 44 
26 I 37312153 44 
27 I 40373957 44 
28 I 41169812 44 
29 I 41175555 44 
30 I 44135000 44 
31 I 44984152 44 
32 I 44991041 44 
33 I 48097482 44 
34 I 48198317 44 
35 I 48336188 44 
36 I 48348480 44 
37 I 52450504 44 
38 I 52457883 44 
39 I 52599982 44 
40 I 52694678 44 
41 I 55708018 44 
42 I 55814120 44 
43 I 55820859 44 
44 I 59874968 44 
45 I 59880309 44 
46 I 59925706 56 
47 I 59975883 56 
48 I 63627815 56 
49 I 63641213 56 
50 I 63646910 56 
51 I 63656683 56 
52 I 63661775 56 
53 I 63668990 56 
54 I 66688688 44 
55 I 66732881 44 
56 I 66736773 44 
57 I 69905798 44 
58 I 69917914 44 
59 I 70150082 44 
60 I 73393287 44 
61 I 73400889 44 
62 I 73536813 44 
63 I 76847386 44 
64 I 76854413 44 
65 I 77340309 44 
66 I 80487728 44 
67 I 80681023 44 
68 I 80920833 44 
69 I 80941033 44 
70 I 82244023 44 
71 I 82580897 44 
72 I 84012464 56 
73 I 84020701 56 
74 I 85824827 56 
75 I 85836784 56 
76 I 85843001 56 
77 I 86693187 44 
78 I 89196406 44 
79 I 89202338 44 
80 I 92950994 44 
81 I 93059327 44 
82 I 93211436 44 
83 I 95929298 44 
84 I 96313183 44 
85 I 97288321 44 
86 I 100288728 44 
87 I 100294800 44 
88 I 101472354 44 
89 I 103620967 44 
90 I 103628590 44 
91 I 105146983 44 
92 I 107211664 44 
93 I 107221771 44 
94 I 107458814 44 
95 I 108753452 44 
96 I 110789576 44 
97 I 110797292 44 
98 I 111079389 44 
99 I 113109462 44 
100 I 114198840 56 
101 I 114207612 56 
102 I 114213137 56 
103 I 114258156 56 
104 I 115150708 56 
105 I 116676939 56 
106 I 116680678 44 
107 I 116685016 44 
108 I 118943153 44 
109 I 119654178 44 
110 I 123286166 44 
111 I 123478699 44 
112 I 126335878 44 
113 I 126559446 44 
114 I 126614678 44 
115 I 128962793 44 
116 I 128968187 44 
117 I 129026325 44 
118 I 132989621 44 
119 I 132993654 44 
120 I 132998262 44 
121 I 133010589 44 
122 I 134892349 44 
123 I 134896426 44 
124 I 134909106 44 
125 I 134921886 44 
126 I 137381414 44 
127 I 137388901 44 
128 I 137407898 44 
129 I 137426127 44 
130 I 137445554 44 
131 I 139744015 44 
132 I 139748628 44 
133 I 139754804 44 
134 I 139761180 44 
135 I 139955692 44 
136 I 142554118 44 
137 I 142559037 44 
138 I 142565992 44 
139 I 142577179 44 
140 I 145779220 44 
141 I 145785399 44 
142 I 145842113 44 
143 I 145896601 44 
144 I 145904904 44 
145 I 145913576 44 
146 I 147674116 44 
147 I 147690413 44 
148 I 147802238 44 
149 I 147807546 44 
150 I 148009977 44 
151 I 148105852 44 
152 I 149789868 44 
153 I 149794081 44 
154 I 150023295 44 
155 I 150116812 44 
156 I 150220260 44 
157 I 151470927 44 
158 I 151476689 44 
159 I 152912807 44 
160 I 152922830 44 
161 I 153058698 44 
162 I 153071735 44 
163 I 153115018 44 
164 I 154003837 44 
165 I 154009451 44 
166 I 155252368 44 
167 I 155258642 44 
168 I 155356592 44 
169 I 156203693 44 
170 I 156215459 44 
171 I 158037443 44 
172 I 158042776 44 
173 I 158055471 44 
174 I 158059480 44 
175 I 158069170 44 
176 I 158073493 44 
177 I 158077488 44 
178 I 161727526 44 
179 I 161738021 44 
180 I 161744306 44 
181 I 161788808 44 
182 I 161796496 44 
183 I 161811537 44 
184 I 163795868 44 
185 I 163830241 44 
186 I 163835718 44 
187 I 163842363 44 
188 I 163854360 44 
189 I 163941197 44 
190 I 163953645 44 
191 I 168003209 44 
192 I 168027681 44 
193 I 170485355 44 
194 I 170489617 44 
195 I 170579662 44 
196 I 170591715 44 
197 I 170603523 44 
198 I 170609014 44 
199 I 170689099 44 
200 I 174019528 44 
201 I 174030315 44 
202 I 174037103 44 
203 I 174051876 44 
204 I 174063166 44 
205 I 174071705 44 
206 I 174084907 44 
207 I 174100719 44 
208 I 176753790 44 
209 I 176758718 44 
210 I 176771020 44 
211 I 176776159 44 
212 I 176786747 56 
213 I 180592010 56 
214 I 180602997 56 
215 I 180614688 56 
216 I 180618848 56 
217 I 180622889 56 
218 I 184256369 44 
219 I 184555257 44 
220 I 187572605 44 
221 I 187582432 44 
222 I 187586469 44 
223 I 187599813 44 
224 I 190270119 44 
225 I 190276634 44 
226 I 190365595 44 
227 I 190371955 44 
228 I 193683538 44 
229 I 193690438 44 
230 I 193709326 44 
231 I 197054370 44 
232 I 197060519 44 
233 I 197106599 44 
234 I 197112622 44 
235 I 197118536 44 
236 I 200175969 44 
237 I 200180100 44 
238 I 200275541 44 
239 I 200281565 44 
240 I 200370256 44 
241 I 203128058 44 
242 I 203134703 44 
243 I 203993038 44 
244 I 205924844 44 
245 I 206063186 44 
246 I 209173889 44 
247 I 209181693 44 
248 I 209266545 44 
249 I 209274933 44 
250 I 212296719 44 
251 I 212302357 44 
252 I 212365641 44 
253 I 212377611 44 
254 I 215263548 44 
255 I 215360138 44 
256 I 215365520 44 
257 I 215410536 44 
258 I 218589942 44 
259 I 218869625 44 
260 I 218924289 44 
261 I 218965780 44 
262 I 219063973 44 
263 I 219068418 44 
264 I 219464686 44 
265 I 221740989 44 
266 I 221799235 44 
267 I 221881665 44 
268 I 222742287 56 
269 I 223121562 56 
270 I 223126984 56 
271 I 223134058 56 
272 I 226269474 44 
273 I 230594364 44 
274 I 230600422 44 
275 I 230775529 44 
276 I 232861250 44 
277 I 233912546 44 
278 I 234012927 44 
279 I 234024505 44 
280 I 234176980 44 
281 I 234181261 44 
282 I 237158119 44 
283 I 237685398 44 
284 I 237873258 44 
285 I 237891589 44 
286 I 241181099 44 
287 I 241187272 44 
288 I 245434784 44 
289 I 245451119 56 
290 I 249426257 56 
291 I 249431107 56 
292 I 249434959 56 
293 I 252405954 44 
294 I 252648423 44 
295 I 256678895 56 
296 I 259785895 56 
297 I 260739313 44 
298 I 263488416 44 
299 I 263744775 44 
300 I 267301204 44 
301 I 267627493 44 
302 I 270913731 44 
303 I 270919901 44 
304 I 274954747 44 
305 I 274993400 44 
306 I 280033668 44 
307 I 280127555 44 
308 I 280228037 44 
309 I 282363139 44 
310 I 282466930 44 
311 I 282471938 44 
312 I 282477937 44 
313 I 286101313 44 
314 I 286108203 44 
315 I 286117214 44 
316 I 288788314 44 
317 I 288801173 44 
318 I 288888552 44 
319 I 288894487 44 
320 I 291244251 56 
321 I 291390590 56 
322 I 291488923 56 
323 I 291494966 56 
324 I 293658442 56 
325 I 293676324 56 
326 I 293682109 56 
327 I 293695445 44 
328 I 293705178 44 
329 I 296039797 44 
330 I 296052337 44 
