0 I 0 101 
1 I 659622 101 
2 I 1041702 44 
3 I 1450040 44 
4 I 2268343 101 
5 I 2451361 44 
6 I 2517688 97 
7 I 3390505 44 
8 I 3537309 101 
9 I 3649865 44 
10 I 3796774 101 
11 I 4054366 44 
12 I 4373852 101 
13 I 4681612 89 
14 I 5169075 97 
15 I 5673918 44 
16 I 7698145 145 
17 I 7963448 44 
18 I 8269111 44 
19 I 8765829 44 
20 I 9103899 44 
21 I 9193775 101 
22 I 10019011 44 
23 I 10895443 101 
24 I 10975823 44 
25 I 11384714 79 
26 I 11585799 44 
27 I 12087994 44 
28 I 12321284 90 
29 I 13346957 101 
30 I 13897455 44 
31 I 14853107 101 
32 I 15166853 91 
33 I 16282908 101 
34 I 16795748 44 
35 I 17062125 1504 
36 I 17070387 305 
37 I 17763049 101 
38 I 18647939 101 
39 I 19044124 44 
40 I 19181741 101 
41 I 19516830 44 
42 I 19833033 44 
43 I 20491925 101 
44 I 20818299 44 
45 I 21057933 101 
46 I 21363103 91 
47 I 21903715 101 
48 I 22193225 100 
49 I 22561950 88 
50 I 23112230 44 
51 I 23675292 101 
52 I 23993476 97 
53 I 24644606 101 
54 I 25521457 101 
55 I 26628657 44 
56 I 26915047 101 
57 I 27248834 44 
58 I 27526352 44 
59 I 27862575 101 
60 I 28232498 44 
61 I 28534836 44 
62 I 29298111 101 
63 I 29446860 44 
64 I 29736381 44 
65 I 29916261 101 
66 I 31357248 113 
67 I 31986730 101 
68 I 33048500 44 
69 I 34309469 101 
70 I 34665453 44 
71 I 35458762 44 
72 I 35835410 84 
73 I 36105243 84 
74 I 36775072 44 
75 I 38194719 101 
76 I 38361674 101 
77 I 38514399 101 
78 I 39351626 101 
79 I 40360462 101 
80 I 40519376 88 
81 I 40774806 44 
82 I 41094976 44 
83 I 41207114 101 
84 I 41334000 44 
85 I 41516854 101 
86 I 42253332 44 
87 I 42690621 275 
88 I 43180996 44 
89 I 43324670 101 
90 I 43678665 44 
91 I 44336358 44 
92 I 44909324 101 
93 I 45189033 44 
94 I 45613871 320 
95 I 46078094 85 
96 I 46146764 101 
97 I 47925874 101 
98 I 49554758 101 
99 I 50018244 101 
100 I 50115561 44 
101 I 50248570 101 
102 I 50556488 86 
103 I 50837820 102 
104 I 51108004 44 
105 I 51635092 44 
106 I 52326439 215 
107 I 52585348 101 
108 I 52710313 44 
109 I 53077950 94 
110 I 53930761 44 
111 I 54235702 101 
112 I 54415336 44 
113 I 54600570 158 
114 I 55121260 97 
115 I 55422792 44 
116 I 55525967 204 
117 I 56540893 44 
118 I 57693336 101 
119 I 58027019 44 
120 I 58334792 44 
121 I 58632831 44 
122 I 58958100 44 
123 I 59392492 101 
124 I 60102392 81 
125 I 60564914 44 
126 I 60795264 88 
127 I 61055557 44 
128 I 61723231 97 
129 I 61998629 88 
130 I 62374254 151 
131 I 62811940 88 
132 I 63145003 84 
133 I 64556874 101 
134 I 65721137 101 
135 I 66329408 101 
136 I 66656307 101 
137 I 66967877 44 
138 I 67078540 101 
139 I 67539013 101 
140 I 67876762 44 
141 I 68168976 44 
142 I 69300622 101 
143 I 69519821 101 
144 I 70004020 91 
145 I 71070365 44 
146 I 71722988 158 
147 I 72098835 44 
148 I 72906358 44 
149 I 73176172 44 
150 I 73567949 101 
151 I 73825351 101 
152 I 74143160 101 
153 I 75303473 101 
154 I 75629190 98 
155 I 75896723 92 
156 I 76182350 44 
157 I 76520170 44 
158 I 76910228 44 
159 I 77698635 44 
160 I 78001564 44 
161 I 78597651 44 
162 I 79220886 44 
163 I 79515265 44 
164 I 79740722 1504 
165 I 79746610 1504 
166 I 79752695 1504 
167 I 80030907 1504 
168 I 80038132 1504 
169 I 80045001 1504 
170 I 80180949 1504 
171 I 80187168 1504 
172 I 80221306 223 
173 I 80532878 1504 
174 I 80539086 1504 
175 I 81915731 44 
176 I 82545007 101 
177 I 83144287 101 
178 I 84312938 44 
179 I 84637331 44 
180 I 84885578 101 
181 I 86048194 92 
182 I 86328513 44 
183 I 87825878 44 
184 I 88724895 101 
185 I 89111851 101 
186 I 89941499 44 
187 I 91620694 101 
188 I 91892133 109 
189 I 92748823 44 
190 I 93712075 85 
191 I 93852823 101 
192 I 94086124 101 
193 I 94343507 44 
194 I 94641155 44 
195 I 94960833 44 
196 I 95172010 101 
197 I 95614539 101 
198 I 96364445 44 
199 I 96577763 101 
200 I 97257376 44 
201 I 97402231 101 
202 I 97752132 81 
203 I 97955303 44 
204 I 98129053 101 
205 I 98248937 101 
206 I 100236323 101 
207 I 101183737 88 
208 I 101464373 44 
209 I 101564991 101 
210 I 101776172 44 
211 I 102594646 101 
212 I 102940575 101 
213 I 103372864 44 
214 I 103795220 44 
215 I 104074805 44 
216 I 104376288 44 
217 I 104933391 101 
218 I 105174770 44 
219 I 105410145 101 
220 I 105488760 44 
221 I 106612532 101 
222 I 106802992 44 
223 I 107308256 44 
224 I 107581812 44 
225 I 108750534 101 
226 I 109013651 44 
227 I 109890498 44 
228 I 110034339 81 
229 I 110304654 44 
230 I 111036740 101 
231 I 111382889 158 
232 I 112273506 101 
233 I 113120198 44 
234 I 113303109 101 
235 I 113715410 44 
236 I 114704754 44 
237 I 115199528 83 
238 I 115515235 96 
239 I 116009870 44 
240 I 116317711 44 
241 I 116824413 44 
242 I 117129968 44 
243 I 117514051 44 
244 I 117759460 87 
245 I 119319998 44 
246 I 119625664 44 
247 I 119776646 91 
248 I 119874963 101 
249 I 120006060 158 
250 I 121147982 101 
251 I 121473744 97 
252 I 121861868 84 
253 I 122342568 44 
254 I 122638063 44 
255 I 123109113 97 
256 I 123241506 44 
257 I 123542429 44 
258 I 124936775 101 
259 I 125250380 44 
260 I 125459548 101 
261 I 125803825 101 
262 I 126044750 44 
263 I 126543508 44 
264 I 126805347 107 
265 I 126895416 44 
266 I 126993935 101 
267 I 128649009 88 
268 I 128860485 44 
269 I 129159825 44 
270 I 129296528 101 
271 I 129462692 44 
272 I 131273338 44 
273 I 131504522 101 
274 I 131597111 44 
275 I 132013771 101 
276 I 132408613 101 
277 I 133602015 44 
278 I 133885577 44 
279 I 134291772 44 
280 I 135187131 101 
281 I 135307372 44 
282 I 135736646 101 
283 I 135976987 44 
284 I 136379209 44 
285 I 137616014 44 
286 I 137888275 44 
287 I 138790479 101 
288 I 138891671 44 
289 I 139100761 44 
290 I 140875977 101 
291 I 142104558 44 
292 I 142520736 44 
293 I 143143234 88 
294 I 143233160 44 
295 I 143498213 44 
296 I 145163284 101 
297 I 145402484 44 
298 I 145754442 101 
299 I 146804148 101 
300 I 147061658 101 
301 I 147625879 96 
302 I 147884160 101 
303 I 148250139 101 
304 I 148714695 44 
305 I 149030354 101 
306 I 149525043 44 
307 I 151538121 44 
308 I 151932327 78 
309 I 152308140 101 
310 I 152445046 44 
311 I 153156949 101 
312 I 153838895 44 
313 I 154059955 92 
314 I 154375609 101 
315 I 154914480 101 
316 I 155025062 87 
317 I 155451521 44 
318 I 156651975 44 
319 I 156821020 89 
320 I 156944259 44 
321 I 157243608 44 
322 I 157679909 102 
323 I 157798238 44 
324 I 158045570 101 
325 I 158335313 209 
326 I 158644895 44 
327 I 158876546 101 
328 I 159758403 44 
329 I 160101236 44 
330 I 160464864 44 
331 I 160601616 88 
332 I 160724179 44 
333 I 161377272 101 
334 I 161508533 44 
335 I 161928096 101 
336 I 162069645 85 
337 I 163205855 101 
338 I 163473282 44 
339 I 163790311 44 
340 I 164141089 101 
341 I 165375710 44 
342 I 166592361 97 
343 I 167477096 44 
344 I 168824510 101 
345 I 169096676 44 
346 I 169401099 44 
347 I 169681244 44 
348 I 170588381 44 
349 I 171691131 44 
350 I 172104461 44 
351 I 172389983 44 
352 I 173059724 101 
353 I 173600651 94 
354 I 175211439 44 
355 I 176205083 44 
356 I 177208485 44 
357 I 177433581 83 
358 I 177516001 44 
359 I 177928360 44 
360 I 178290282 101 
361 I 178662413 97 
362 I 179524952 44 
363 I 180110222 101 
364 I 180747719 101 
365 I 181121725 44 
366 I 181618479 44 
367 I 182139643 44 
368 I 182568466 44 
369 I 182632340 101 
370 I 182825081 44 
371 I 183046300 100 
372 I 183393233 127 
373 I 184421785 101 
374 I 184657021 44 
375 I 184727490 96 
376 I 185968229 44 
377 I 186398644 84 
378 I 188032609 113 
379 I 188562339 44 
380 I 188715205 101 
381 I 188845882 44 
382 I 190122902 101 
383 I 190552165 95 
384 I 191249068 44 
385 I 191752800 44 
386 I 192160047 44 
387 I 192301094 101 
388 I 192654859 44 
389 I 192682935 92 
390 I 192851816 44 
391 I 192874112 44 
392 I 193002673 44 
393 I 193022784 44 
394 I 193149497 44 
395 I 193258097 101 
396 I 193324737 44 
397 I 193336585 44 
398 I 193352598 44 
399 I 193469956 44 
400 I 193497806 44 
401 I 193571810 44 
402 I 193575740 44 
403 I 193867379 44 
404 I 194313023 101 
405 I 194471544 44 
406 I 194786882 101 
407 I 195166868 44 
408 I 195490283 44 
409 I 196340861 80 
410 I 196977096 44 
411 I 197278394 44 
412 I 197523362 101 
413 I 198174955 101 
414 I 198585990 44 
415 I 198884130 96 
416 I 199114099 94 
417 I 199699208 44 
418 I 200821375 101 
419 I 202788156 44 
420 I 203359227 97 
421 I 204630072 158 
422 I 204928686 107 
423 I 205406370 44 
424 I 206106627 44 
425 I 206409901 44 
426 I 206538663 101 
427 I 206699567 44 
428 I 208416096 44 
429 I 208720979 44 
430 I 211154534 44 
431 I 211280655 101 
432 I 211419306 44 
433 I 211604268 88 
434 I 212440938 44 
435 I 212646081 101 
436 I 213729882 94 
437 I 213977282 101 
438 I 215346870 44 
439 I 215793282 95 
440 I 215929924 44 
441 I 216346261 44 
442 I 216619695 101 
443 I 217218985 101 
444 I 217297445 44 
445 I 217498564 101 
446 I 218140092 44 
447 I 218771574 101 
448 I 219054991 44 
449 I 220050428 44 
450 I 221194902 145 
451 I 221860590 44 
452 I 222007196 87 
453 I 222131831 44 
454 I 223044913 101 
455 I 223364558 44 
456 I 223587757 101 
457 I 224712063 101 
458 I 225663910 44 
459 I 226072686 44 
460 I 226471641 44 
461 I 226972268 44 
462 I 227368488 101 
463 I 227674156 44 
464 I 227969769 83 
465 I 228181008 99 
466 I 229303887 101 
467 I 229372004 44 
468 I 230680609 44 
469 I 230994239 101 
470 I 231478861 44 
471 I 231712182 101 
472 I 231957569 101 
473 I 232213003 84 
474 I 232635365 98 
475 I 233011376 101 
476 I 235241547 97 
477 I 235585350 88 
478 I 235945935 101 
479 I 236335507 101 
480 I 237272585 44 
481 I 238201007 44 
482 I 238501292 44 
483 I 239406000 44 
484 I 239656834 101 
485 I 239787823 44 
486 I 240129039 89 
487 I 240447089 88 
488 I 240614053 44 
489 I 240921489 44 
490 I 241411205 44 
491 I 241720245 44 
492 I 242024494 44 
493 I 242185401 115 
494 I 242485245 158 
495 I 242968398 94 
496 I 243225114 101 
497 I 243641398 101 
498 I 244343328 101 
499 I 245056437 44 
500 I 245960075 101 
501 I 247027922 44 
502 I 247349900 44 
503 I 248015429 101 
504 I 249624457 101 
505 I 249867440 101 
506 I 250340137 89 
507 I 251667252 101 
508 I 252143905 44 
509 I 252449497 44 
510 I 252489863 88 
511 I 252679259 101 
512 I 253778790 44 
513 I 254653532 101 
514 I 254889081 101 
515 I 256588100 44 
516 I 257744826 96 
517 I 257864531 44 
518 I 258293483 44 
519 I 259844097 94 
520 I 260107389 101 
521 I 260477471 44 
522 I 260598886 101 
523 I 260897723 101 
524 I 261374461 44 
525 I 261688132 44 
526 I 262015762 92 
527 I 262285456 44 
528 I 262520733 101 
529 I 263163461 101 
530 I 263737218 94 
531 I 264004744 115 
532 I 264404809 44 
533 I 264684367 44 
534 I 264915675 101 
535 I 265243403 89 
536 I 266621902 101 
537 I 266892863 44 
538 I 267510411 44 
539 I 269607345 101 
540 I 269718909 44 
541 I 269917398 44 
542 I 270146214 94 
543 I 270236680 44 
544 I 270683965 98 
545 I 272209514 82 
546 I 272507134 101 
547 I 272739015 101 
548 I 273341782 101 
549 I 274842469 44 
550 I 275300431 101 
551 I 275857505 104 
552 I 276027201 44 
553 I 276531225 44 
554 I 277084988 101 
555 I 278152053 44 
556 I 278260749 88 
557 I 279636114 44 
558 I 279934576 44 
559 I 280445648 44 
560 I 280535051 88 
561 I 280760216 44 
562 I 280959395 101 
563 I 281546806 44 
564 I 281904954 97 
565 I 282344008 44 
566 I 282729017 101 
567 I 283398842 101 
568 I 283481120 44 
569 I 283688292 101 
570 I 283986027 101 
571 I 284363972 44 
572 I 285262837 44 
573 I 285884578 99 
574 I 286666548 101 
575 I 287384399 44 
576 I 288261228 44 
577 I 288558939 101 
578 I 288986378 101 
579 I 289176228 44 
580 I 290370973 44 
581 I 290672797 44 
582 I 291961533 101 
583 I 292232977 91 
584 I 292579563 101 
585 I 293996678 44 
586 I 294720543 101 
587 I 295138791 44 
588 I 296614976 44 
589 I 297105574 44 
590 I 297489586 44 
591 I 297622692 155 
592 I 297879832 44 
593 I 297918217 153 
594 I 298191477 44 
595 I 298917491 44 
596 I 299215422 44 
597 I 299500698 44 
598 I 299729093 113 
