0 I 0 136 
1 I 899536 44 
2 I 1048710 101 
3 I 1312630 44 
4 I 2234123 101 
5 I 2427120 200 
6 I 5012431 44 
7 I 6303723 100 
8 I 6534123 101 
9 I 6821777 44 
10 I 6890154 101 
11 I 7162090 88 
12 I 7933695 44 
13 I 8210134 88 
14 I 8454842 44 
15 I 8795202 101 
16 I 9432984 44 
17 I 9670401 101 
18 I 9931043 81 
19 I 10350164 89 
20 I 10575480 44 
21 I 10758187 44 
22 I 11227096 88 
23 I 11786015 44 
24 I 12059463 44 
25 I 12240219 101 
26 I 14594367 44 
27 I 15377515 44 
28 I 15776898 44 
29 I 15969112 44 
30 I 17189729 101 
31 I 17299373 93 
32 I 17717595 44 
33 I 17994793 44 
34 I 18294135 44 
35 I 18500322 101 
36 I 18792787 44 
37 I 18990273 44 
38 I 19387998 44 
39 I 19705160 44 
40 I 20043287 44 
41 I 20179879 88 
42 I 20922996 44 
43 I 22132417 88 
44 I 22686795 95 
45 I 22818520 44 
46 I 22863264 101 
47 I 23715287 44 
48 I 24044636 44 
49 I 25022736 44 
50 I 25540038 44 
51 I 25828183 44 
52 I 26044236 44 
53 I 26455118 101 
54 I 27174346 44 
55 I 27580755 90 
56 I 27818477 101 
57 I 28221285 101 
58 I 28353450 44 
59 I 28465140 88 
60 I 29949470 44 
61 I 30867527 101 
62 I 30988594 44 
63 I 31292812 44 
64 I 31947219 88 
65 I 32512433 88 
66 I 33191777 44 
67 I 33832848 92 
68 I 34287042 44 
69 I 34414836 101 
70 I 34522536 44 
71 I 34794664 44 
72 I 35511801 83 
73 I 35608536 44 
74 I 36435044 44 
75 I 36689236 44 
76 I 36998545 44 
77 I 37137759 95 
78 I 37394951 44 
79 I 38215899 101 
80 I 38415231 44 
81 I 38626246 44 
82 I 39041025 88 
83 I 39321185 44 
84 I 39613944 44 
85 I 40108554 44 
86 I 40812590 44 
87 I 41014978 44 
88 I 41280859 101 
89 I 43137651 44 
90 I 43330839 44 
91 I 43532768 44 
92 I 43863142 44 
93 I 44078931 94 
94 I 44354752 101 
95 I 45776152 44 
96 I 46061847 44 
97 I 47027445 101 
98 I 47264255 44 
99 I 48024649 88 
100 I 48700812 44 
101 I 48904765 101 
102 I 49184691 44 
103 I 49520554 44 
104 I 49780080 44 
105 I 50832298 44 
106 I 51298007 44 
107 I 51667672 101 
108 I 51907065 81 
109 I 52391421 44 
110 I 52708768 44 
111 I 53139268 44 
112 I 53542595 88 
113 I 53708994 44 
114 I 53889855 44 
115 I 54164619 79 
116 I 55268714 101 
117 I 55532327 101 
118 I 55922460 44 
119 I 56172831 92 
120 I 57031357 44 
121 I 58097519 104 
122 I 58336899 44 
123 I 59215053 101 
124 I 59429602 44 
125 I 59630177 44 
126 I 60334557 101 
127 I 60602256 88 
128 I 61556661 44 
129 I 62155541 44 
130 I 62219805 101 
131 I 62657775 44 
132 I 63065109 101 
133 I 63440798 101 
134 I 64486697 44 
135 I 65824441 101 
136 I 67084995 101 
137 I 67189578 44 
138 I 67584967 101 
139 I 68280421 88 
140 I 68616597 44 
141 I 68919290 44 
142 I 69178409 44 
143 I 69498548 44 
144 I 70020935 101 
145 I 70497118 44 
146 I 70738462 101 
147 I 71136810 88 
148 I 71491749 44 
149 I 71711652 44 
150 I 73289746 101 
151 I 74423833 101 
152 I 75815137 101 
153 I 76509677 105 
154 I 76939424 44 
155 I 77475947 101 
156 I 77833708 44 
157 I 78644093 44 
158 I 78956114 44 
159 I 79674906 44 
160 I 79909156 103 
161 I 80062558 44 
162 I 80275627 145 
163 I 80531050 203 
164 I 80752694 44 
165 I 81078843 44 
166 I 81612748 101 
167 I 82072093 44 
168 I 82269065 88 
169 I 82480287 101 
170 I 82626462 101 
171 I 83083098 88 
172 I 83976150 44 
173 I 84097922 111 
174 I 84280913 44 
175 I 84353649 71 
176 I 85498597 101 
177 I 85686376 44 
178 I 85888352 44 
179 I 85921286 88 
180 I 86316273 44 
181 I 86464499 1039 
182 I 86780183 101 
183 I 87086405 101 
184 I 87817460 44 
185 I 88064270 88 
186 I 88299985 44 
187 I 88703960 44 
188 I 89002753 44 
189 I 89499069 44 
190 I 89720936 44 
191 I 90074050 91 
192 I 90415347 44 
193 I 92585943 88 
194 I 93150451 90 
195 I 94276140 44 
196 I 95008493 1504 
197 I 95019993 933 
198 I 95166489 94 
199 I 95914356 44 
200 I 97231370 87 
201 I 97397397 44 
202 I 97846511 44 
203 I 98762101 101 
204 I 98919745 133 
205 I 99260623 44 
206 I 101026284 177 
207 I 101103336 799 
208 I 101270980 44 
209 I 102171266 44 
210 I 102481089 44 
211 I 102583186 101 
212 I 102793183 44 
213 I 103111068 44 
214 I 103692203 44 
215 I 104120909 101 
216 I 104598843 44 
217 I 105002199 44 
218 I 105086270 101 
219 I 105520921 44 
220 I 105723235 98 
221 I 106115791 101 
222 I 106309652 44 
223 I 106596767 44 
224 I 107105313 44 
225 I 107299450 44 
226 I 107509216 44 
227 I 107713212 101 
228 I 108151825 44 
229 I 108529712 44 
230 I 108728565 44 
231 I 109052839 44 
232 I 109304625 101 
233 I 110930876 44 
234 I 112355708 44 
235 I 113876429 44 
236 I 114335626 93 
237 I 114604457 76 
238 I 114922589 101 
239 I 117569436 44 
240 I 117988052 101 
241 I 119777123 44 
242 I 120989574 44 
243 I 121257302 88 
244 I 121611330 91 
245 I 121903954 44 
246 I 122099544 44 
247 I 122694707 44 
248 I 124227286 91 
249 I 124478821 101 
250 I 125551499 92 
251 I 126009536 101 
252 I 126209525 95 
253 I 126813878 44 
254 I 127368247 44 
255 I 127424045 101 
256 I 128050043 44 
257 I 128188616 88 
258 I 128542965 314 
259 I 128860975 44 
260 I 129262735 44 
261 I 129539353 44 
262 I 130071387 44 
263 I 130316036 88 
264 I 131156734 88 
265 I 131445862 101 
266 I 131656920 105 
267 I 131945664 126 
268 I 132661718 44 
269 I 132974806 44 
270 I 133150963 44 
271 I 133835592 89 
272 I 133994267 91 
273 I 134675395 44 
274 I 134871306 44 
275 I 135258786 44 
276 I 135314905 101 
277 I 135635000 101 
278 I 136030316 95 
279 I 136181677 44 
280 I 136688415 110 
281 I 136876195 44 
282 I 137141824 44 
283 I 138483048 44 
284 I 138997839 44 
285 I 139490234 44 
286 I 139711653 44 
287 I 139854471 95 
288 I 140028501 44 
289 I 140161399 88 
290 I 140480978 99 
291 I 140794976 44 
292 I 141112345 44 
293 I 141271542 91 
294 I 141662030 101 
295 I 142119309 101 
296 I 142433441 88 
297 I 142749621 44 
298 I 143210592 44 
299 I 143485540 98 
300 I 144153522 44 
301 I 144631992 44 
302 I 144996677 44 
303 I 145932945 44 
304 I 146244488 44 
305 I 146651077 44 
306 I 147929024 101 
307 I 148244249 44 
308 I 148741625 44 
309 I 148992623 87 
310 I 149269692 105 
311 I 149571749 44 
312 I 149650587 104 
313 I 150137733 101 
314 I 150767925 44 
315 I 151135638 101 
316 I 151974160 44 
317 I 152155874 88 
318 I 152673813 44 
319 I 153525048 44 
320 I 153672561 101 
321 I 153849065 95 
322 I 154299626 44 
323 I 154675892 92 
324 I 156480461 93 
325 I 157920775 101 
326 I 158186788 101 
327 I 158421129 101 
328 I 158768488 101 
329 I 159513984 93 
330 I 159908827 89 
331 I 160133242 88 
332 I 160546377 44 
333 I 161053267 97 
334 I 161263960 44 
335 I 161546594 44 
336 I 162214723 44 
337 I 163083548 101 
338 I 163709795 96 
339 I 163944851 44 
340 I 164194728 101 
341 I 164337145 44 
342 I 164637730 44 
343 I 164737071 96 
344 I 165450439 44 
345 I 165785979 88 
346 I 166169392 44 
347 I 166449494 44 
348 I 166661253 44 
349 I 167148841 44 
350 I 167437792 101 
351 I 167660596 44 
352 I 168993291 44 
353 I 170178026 44 
354 I 170377909 44 
355 I 170776962 44 
356 I 171009133 101 
357 I 171254066 101 
358 I 171604500 158 
359 I 172353931 101 
360 I 172587190 89 
361 I 173468829 101 
362 I 173681033 98 
363 I 173985114 83 
364 I 174218846 44 
365 I 174534173 44 
366 I 174826715 44 
367 I 174897326 97 
368 I 175099824 44 
369 I 175387659 96 
370 I 176549225 44 
371 I 176813592 101 
372 I 177786767 44 
373 I 178886540 103 
374 I 179073191 44 
375 I 179276110 158 
376 I 179440978 44 
377 I 179756835 158 
378 I 180194177 101 
379 I 180436517 44 
380 I 180764602 89 
381 I 181093151 101 
382 I 181426069 93 
383 I 181748039 44 
384 I 181934506 44 
385 I 182131236 80 
386 I 182736984 88 
387 I 183482988 44 
388 I 183566505 101 
389 I 184687332 44 
390 I 185298416 101 
391 I 187199296 44 
392 I 188153793 88 
393 I 188513614 144 
394 I 188984475 44 
395 I 189995653 44 
396 I 190384311 44 
397 I 190464382 88 
398 I 190908623 44 
399 I 191294191 88 
400 I 193077658 101 
401 I 193557389 44 
402 I 194209375 101 
403 I 195353705 88 
404 I 196222201 44 
405 I 196535487 93 
406 I 197638390 44 
407 I 197898709 101 
408 I 198640722 44 
409 I 198949796 44 
410 I 199248395 44 
411 I 199557437 44 
412 I 199890325 1358 
413 I 200178686 88 
414 I 200470359 101 
415 I 200984232 96 
416 I 201365063 92 
417 I 201454962 44 
418 I 201972377 44 
419 I 202170957 44 
420 I 202227927 88 
421 I 202494025 101 
422 I 202777056 44 
423 I 203095646 44 
424 I 203475274 44 
425 I 204596508 233 
426 I 205073704 96 
427 I 205180514 44 
428 I 205417869 97 
429 I 205537086 44 
430 I 205882558 44 
431 I 207283723 44 
432 I 207613446 44 
433 I 207972238 101 
434 I 208107190 97 
435 I 208331492 101 
436 I 208491196 83 
437 I 208685253 284 
438 I 209128813 101 
439 I 209984715 98 
440 I 210036400 141 
441 I 211022132 44 
442 I 211335987 44 
443 I 211836449 44 
444 I 212035611 44 
445 I 212319747 88 
446 I 212939629 44 
447 I 213137276 44 
448 I 213208904 97 
449 I 213820545 44 
450 I 214105116 101 
451 I 215127963 44 
452 I 215732752 44 
453 I 216142807 101 
454 I 217046806 44 
455 I 217471711 44 
456 I 218069325 44 
457 I 219099494 44 
458 I 219391107 44 
459 I 219685108 44 
460 I 219987373 44 
461 I 220066262 88 
462 I 220327101 87 
463 I 220566141 44 
464 I 221137956 101 
465 I 221682466 44 
466 I 221873005 101 
467 I 223799529 101 
468 I 224394469 44 
469 I 224806033 44 
470 I 225376579 101 
471 I 225775637 101 
472 I 226504554 44 
473 I 226696869 44 
474 I 226993136 95 
475 I 228195226 101 
476 I 228818178 44 
477 I 229101462 101 
478 I 229244091 101 
479 I 230915256 101 
480 I 231351163 44 
481 I 232164978 88 
482 I 233067900 44 
483 I 233248655 44 
484 I 235438389 87 
485 I 235855327 101 
486 I 237504654 89 
487 I 237817204 101 
488 I 238640809 101 
489 I 238871931 44 
490 I 239370004 44 
491 I 239722373 98 
492 I 240862791 94 
493 I 241287481 101 
494 I 241600114 97 
495 I 241994180 101 
496 I 242464370 80 
497 I 242830305 101 
498 I 242869308 1504 
499 I 242875421 154 
500 I 243479041 101 
501 I 243729644 88 
502 I 244214928 44 
503 I 244405634 44 
504 I 244615165 44 
505 I 244658197 96 
506 I 245220037 44 
507 I 245406359 44 
508 I 245644616 97 
509 I 245881424 101 
510 I 246118247 101 
511 I 246730648 44 
512 I 248444089 44 
513 I 248840088 44 
514 I 249099703 88 
515 I 249527570 95 
516 I 250634570 44 
517 I 251513103 88 
518 I 251852036 44 
519 I 252193609 88 
520 I 252673956 44 
521 I 254081873 44 
522 I 257182827 44 
523 I 257480184 44 
524 I 257802608 44 
525 I 258496646 44 
526 I 258681990 44 
527 I 258806090 99 
528 I 259109118 101 
529 I 259314485 44 
530 I 259435109 95 
531 I 259592677 44 
532 I 260058597 101 
533 I 261015163 44 
534 I 261722219 44 
535 I 263388052 88 
536 I 263651778 145 
537 I 264128668 1019 
538 I 265139042 44 
539 I 265749782 44 
540 I 265924528 44 
541 I 266323798 101 
542 I 266637244 145 
543 I 267037869 101 
544 I 267634148 101 
545 I 268215114 101 
546 I 268887762 44 
547 I 268974264 104 
548 I 269946991 101 
549 I 270318375 95 
550 I 270630560 91 
551 I 271256657 44 
552 I 271563028 101 
553 I 272191336 44 
554 I 272605807 101 
555 I 272852927 87 
556 I 273084779 44 
557 I 274180350 101 
558 I 274375778 44 
559 I 274582767 44 
560 I 275175713 88 
561 I 275487297 44 
562 I 276085271 44 
563 I 276609273 44 
564 I 276897884 44 
565 I 277415945 44 
566 I 278441672 44 
567 I 279168809 341 
568 I 280064348 101 
569 I 280727930 44 
570 I 281131470 44 
571 I 281729571 44 
572 I 282114322 101 
573 I 283485349 459 
574 I 283780960 95 
575 I 284042022 44 
576 I 285168700 44 
577 I 285297169 101 
578 I 285461812 44 
579 I 285763431 44 
580 I 286090113 44 
581 I 287167928 44 
582 I 287325883 101 
583 I 287449308 44 
584 I 287664670 93 
585 I 288278969 44 
586 I 288437132 88 
587 I 288793407 44 
588 I 289162710 44 
589 I 289589015 44 
590 I 289906263 44 
591 I 290267215 87 
592 I 291346829 101 
593 I 292103470 44 
594 I 293005186 44 
595 I 293616965 101 
596 I 293769186 44 
597 I 293962258 133 
598 I 294088847 44 
599 I 295121798 44 
600 I 296128138 44 
601 I 296711102 44 
602 I 297756094 44 
603 I 299144876 44 
