0 I 0 44 
1 I 1065244 44 
2 I 2116888 44 
3 I 3250154 44 
4 I 4170153 44 
5 I 5349720 44 
6 I 6385047 44 
7 I 7082825 44 
8 I 7925886 44 
9 I 9132041 44 
10 I 9424383 44 
11 I 10910726 44 
12 I 11620105 44 
13 I 12644385 44 
14 I 13743923 44 
15 I 14738305 44 
16 I 15931448 44 
17 I 16851319 44 
18 I 17937443 44 
19 I 18839102 44 
20 I 19938788 44 
21 I 21151321 44 
22 I 22326629 44 
23 I 22902830 44 
24 I 23709161 44 
25 I 24940753 44 
26 I 25949723 44 
27 I 27047429 44 
28 I 28050845 44 
29 I 29074086 44 
30 I 30281806 44 
31 I 31290152 44 
32 I 32200515 44 
33 I 32640505 44 
34 I 33911067 44 
35 I 34839542 44 
36 I 36283322 44 
37 I 36782523 44 
38 I 37612393 44 
39 I 38674622 44 
40 I 39777588 44 
41 I 40948548 44 
42 I 41582324 44 
43 I 42773120 44 
44 I 43750569 44 
45 I 45015074 44 
46 I 45885682 44 
47 I 46977157 44 
48 I 48083227 44 
49 I 49095905 44 
50 I 50039798 44 
51 I 51074820 44 
52 I 51403266 44 
53 I 52677971 44 
54 I 53866369 44 
55 I 54894851 44 
56 I 55902671 44 
57 I 56863209 44 
58 I 57765359 44 
59 I 58680981 44 
60 I 59881589 44 
61 I 60945313 44 
62 I 61750901 44 
63 I 63023618 44 
64 I 63980410 44 
65 I 65216086 44 
66 I 66151908 44 
67 I 66833227 44 
68 I 67928234 44 
69 I 68553984 44 
70 I 69582027 44 
71 I 70550837 44 
72 I 71799448 44 
73 I 72561144 44 
74 I 73650630 44 
75 I 74860305 44 
76 I 75952461 44 
77 I 76850427 44 
78 I 78094749 44 
79 I 79222519 44 
80 I 79955085 44 
81 I 80613813 44 
82 I 81688973 44 
83 I 82671470 44 
84 I 83850889 44 
85 I 84942935 44 
86 I 86048139 44 
87 I 86763283 44 
88 I 88094340 44 
89 I 88971128 44 
90 I 90500928 44 
91 I 91173115 44 
92 I 92005151 44 
93 I 93135475 44 
94 I 94231707 44 
95 I 94730020 44 
96 I 95774272 44 
97 I 96877244 44 
98 I 97943217 44 
99 I 99112338 44 
100 I 100106710 44 
101 I 101143897 44 
102 I 102289084 44 
103 I 103335082 44 
104 I 104420069 44 
105 I 104758176 44 
106 I 105920298 44 
107 I 106759609 44 
108 I 108057642 44 
109 I 109107035 44 
110 I 109896998 44 
111 I 111008691 44 
112 I 111461836 44 
113 I 112767088 44 
114 I 113572752 44 
115 I 114517239 44 
116 I 115469667 44 
117 I 116499192 44 
118 I 117704253 44 
119 I 118706711 44 
120 I 119946017 44 
121 I 120669428 44 
122 I 121710561 44 
123 I 123412874 44 
124 I 123685104 44 
125 I 124961335 44 
126 I 125901547 44 
127 I 127053691 44 
128 I 128120417 44 
129 I 129318881 44 
130 I 129932318 44 
131 I 130890236 44 
132 I 131751576 44 
133 I 132737681 44 
134 I 133595082 44 
135 I 134662238 44 
136 I 135614155 44 
137 I 136512977 44 
138 I 137595397 44 
139 I 138563636 44 
140 I 139790607 44 
141 I 140656892 44 
142 I 141817927 44 
143 I 142917581 44 
144 I 143753041 44 
145 I 144879266 44 
146 I 145912983 44 
147 I 147067722 44 
148 I 147810518 44 
149 I 148905726 44 
150 I 150010853 44 
151 I 151123336 44 
152 I 152231506 44 
153 I 152648008 44 
154 I 153600074 44 
155 I 154577866 44 
156 I 155903941 44 
157 I 156808924 44 
158 I 158092619 44 
159 I 159037416 44 
160 I 160195854 44 
161 I 160771063 44 
162 I 161618762 44 
163 I 162875843 44 
164 I 163773304 44 
165 I 164961504 44 
166 I 165997113 44 
167 I 167157929 44 
168 I 167840175 44 
169 I 168936346 44 
170 I 170184984 44 
171 I 171264265 44 
172 I 172325291 44 
173 I 172989386 44 
174 I 173695194 44 
175 I 174711152 44 
176 I 175563480 44 
177 I 176728942 44 
178 I 177507003 44 
179 I 178853329 44 
180 I 179718557 44 
181 I 180967700 44 
182 I 181928846 44 
183 I 183036084 44 
184 I 184189342 44 
185 I 185259067 44 
186 I 186287268 44 
187 I 186759965 44 
188 I 187645543 44 
189 I 188775574 44 
190 I 189628354 44 
191 I 190688297 44 
192 I 191789618 44 
193 I 192899525 44 
194 I 193602792 44 
195 I 194945268 44 
196 I 195832587 44 
197 I 197032665 44 
198 I 198022793 44 
199 I 199185968 44 
200 I 200282981 44 
201 I 201393061 44 
202 I 202483495 44 
203 I 203245345 44 
204 I 203920730 44 
205 I 204664890 44 
206 I 205776902 44 
207 I 206897206 44 
208 I 208005542 44 
209 I 208651672 44 
210 I 209598995 44 
211 I 210672213 44 
212 I 211697675 44 
213 I 212902881 44 
214 I 213851129 44 
215 I 214882963 44 
216 I 215908214 44 
217 I 217008549 44 
218 I 218120362 44 
219 I 218838703 44 
220 I 219797263 44 
221 I 220889736 44 
222 I 222177978 44 
223 I 222898523 44 
224 I 223913116 44 
225 I 224938399 44 
226 I 225578053 44 
227 I 226741824 44 
228 I 227732202 44 
229 I 228961461 44 
230 I 229597647 44 
231 I 230622422 44 
232 I 231602890 44 
233 I 232599791 44 
234 I 233701515 44 
235 I 234701958 44 
236 I 235707760 44 
237 I 236838563 44 
238 I 237757256 44 
239 I 239030261 44 
240 I 239843781 44 
241 I 240988369 44 
242 I 241846090 44 
243 I 243046232 44 
244 I 243909926 44 
245 I 245059691 44 
246 I 245796843 44 
247 I 246912603 44 
248 I 248011073 44 
249 I 248897096 44 
250 I 250142917 44 
251 I 251049650 44 
252 I 251719934 44 
253 I 252887852 44 
254 I 253924408 44 
255 I 255238238 44 
256 I 256311721 44 
257 I 257414268 44 
258 I 257845659 44 
259 I 259430485 44 
260 I 260023515 44 
261 I 261111604 44 
262 I 262171842 44 
263 I 262404509 44 
264 I 263613447 44 
265 I 264448532 44 
266 I 265526066 44 
267 I 266634730 44 
268 I 267621767 44 
269 I 268738189 44 
270 I 269611950 44 
271 I 270724860 44 
272 I 271806717 44 
273 I 272907812 44 
274 I 273406774 44 
275 I 274517013 44 
276 I 275820635 44 
277 I 276600689 44 
278 I 277712638 44 
279 I 278572712 44 
280 I 279515663 44 
281 I 280837370 44 
282 I 281682567 44 
283 I 282860124 44 
284 I 283775275 44 
285 I 284793921 44 
286 I 285812310 44 
287 I 286776129 44 
288 I 287774271 44 
289 I 288775147 44 
290 I 289773922 44 
291 I 290852075 44 
292 I 291773903 44 
293 I 292904568 44 
294 I 293875180 44 
295 I 294479479 44 
296 I 295473714 44 
297 I 296476670 44 
298 I 297475126 44 
299 I 298574265 44 
