0 I 0 64 
1 I 46457 64 
2 I 46822 64 
3 I 2746792 64 
4 I 2747886 64 
5 I 2751159 64 
6 I 2751785 64 
7 I 2752524 64 
8 I 2792544 64 
9 I 2793799 64 
10 I 2796317 64 
11 I 2797118 64 
12 I 2797663 64 
13 I 2843849 64 
14 I 2847756 64 
15 I 2891394 64 
16 I 3044173 76 
17 I 3205439 64 
18 I 3216418 64 
19 I 18221550 64 
20 I 18221554 64 
21 I 18221633 64 
22 I 18261491 64 
23 I 18391479 64 
24 I 23271386 64 
25 I 25245479 64 
26 I 25246016 64 
27 I 25246379 64 
28 I 25246747 64 
29 I 25247560 64 
30 I 25247934 64 
