0 I 0 64 
1 I 14836 1438 
2 I 14942 1438 
3 I 14947 911 
4 I 84189 1438 
5 I 84221 1438 
6 I 84227 906 
7 I 2880039 64 
8 I 2897389 1438 
9 I 2897394 887 
10 I 3000016 64 
11 I 3007076 1438 
12 I 3007080 1351 
13 I 15150219 64 
14 I 15165547 1438 
15 I 15165551 971 
16 I 15231433 1438 
17 I 15231438 971 
18 I 17924065 64 
19 I 17924136 1438 
20 I 17924142 1191 
21 I 18030259 64 
22 I 18055635 1438 
23 I 18055655 1438 
24 I 18055687 1438 
25 I 18055691 1274 
26 I 19271360 1438 
27 I 19271382 1438 
28 I 19271387 613 
29 I 19380268 64 
30 I 19389067 1438 
31 I 19389098 1438 
32 I 19389103 1264 
33 I 22380319 64 
34 I 22386960 1438 
35 I 22386965 868 
36 I 22488428 64 
37 I 22488517 1438 
38 I 22488541 1438 
39 I 22488562 1438 
40 I 22488567 286 
41 I 25410335 64 
42 I 25484641 1438 
43 I 25484645 1184 
44 I 25580834 64 
45 I 25580929 1438 
46 I 25580983 960 
47 I 27973165 1438 
48 I 27973182 566 
49 I 28060139 1438 
50 I 28060155 790 
51 I 38200549 64 
52 I 38201463 1438 
53 I 38201468 524 
54 I 38286346 1438 
55 I 38286351 987 
56 I 41760570 64 
57 I 41791696 1438 
58 I 41791720 1438 
59 I 41791741 1438 
60 I 41791745 642 
61 I 41900557 64 
62 I 41921873 1438 
63 I 41921903 1438 
64 I 41921908 1252 
65 I 42039570 1438 
66 I 42039601 1438 
67 I 42039605 1257 
68 I 42110406 1438 
69 I 42110437 1438 
70 I 42110442 1252 
71 I 44020597 64 
72 I 44055805 1438 
73 I 44055870 594 
74 I 44160597 64 
75 I 44203200 1438 
76 I 44203221 1438 
77 I 44203225 497 
78 I 55119511 69 
79 I 55170770 64 
80 I 55204194 1438 
81 I 55204198 1111 
82 I 55286257 600 
83 I 71060952 64 
84 I 71144001 1438 
85 I 71144024 1438 
86 I 71144044 1438 
87 I 71144049 621 
88 I 71260963 64 
89 I 71275835 1438 
90 I 71275878 1438 
91 I 71275888 1438 
92 I 71275953 1438 
93 I 71275958 1438 
94 I 71275962 1350 
95 I 71310648 1326 
96 I 98745562 64 
97 I 98745655 1438 
98 I 98745676 1438 
99 I 98745697 1438 
100 I 98745717 1438 
101 I 98745753 1438 
102 I 98745758 1350 
103 I 99321417 1438 
104 I 99355809 1320 
105 I 99483710 1438 
106 I 99483730 1438 
107 I 99483750 1438 
108 I 99518141 606 
109 I 100376786 1438 
110 I 100376896 1438 
111 I 100376917 1438 
112 I 100411268 1438 
113 I 100411289 1438 
114 I 100445599 1350 
115 I 100445603 1305 
116 I 100601398 64 
117 I 100606062 1438 
118 I 100606083 1438 
119 I 100606104 1438 
120 I 100606125 1438 
121 I 100640535 202 
122 I 101351365 64 
123 I 101363827 1438 
124 I 101363832 1267 
125 I 101463382 64 
126 I 101463510 1438 
127 I 101463518 1324 
128 I 108354078 69 
129 I 108411438 64 
130 I 108430317 1438 
131 I 108430338 1438 
132 I 108430343 578 
133 I 108509489 584 
134 I 121291610 64 
135 I 121320385 1438 
136 I 121320390 741 
137 I 121407873 1438 
138 I 121407878 640 
139 I 125833653 64 
140 I 125833750 1438 
141 I 125833755 1216 
142 I 125923658 1438 
143 I 125923662 826 
144 I 131591765 64 
145 I 131607498 1438 
146 I 131607502 418 
147 I 131711767 64 
148 I 131769241 1438 
149 I 131769261 1438 
150 I 131769281 1438 
151 I 131971927 256 
152 I 137221963 64 
153 I 137239148 1438 
154 I 137239152 1045 
155 I 137341815 64 
156 I 137342156 1438 
157 I 137342191 1438 
158 I 137342200 1340 
159 I 139083975 1438 
160 I 139083983 1261 
161 I 139181826 1438 
162 I 139181847 1438 
163 I 139181852 129 
164 I 140668411 1438 
165 I 140668416 1053 
166 I 140771869 64 
167 I 140782263 1438 
168 I 140782283 1438 
169 I 140782305 1438 
170 I 140782329 1438 
171 I 140782334 862 
172 I 144851931 64 
173 I 144936827 1438 
174 I 144936885 1438 
175 I 144936890 1438 
176 I 144936894 514 
177 I 145023974 1438 
178 I 145024016 1438 
179 I 145024021 1438 
180 I 145024025 518 
181 I 145841931 64 
182 I 145877495 1438 
183 I 145877516 1438 
184 I 145877521 94 
185 I 145964615 1438 
186 I 145964637 1438 
187 I 145964641 94 
188 I 150477834 1438 
189 I 150477855 1438 
190 I 150477860 89 
191 I 150565117 1438 
192 I 150565121 1396 
193 I 152062003 64 
194 I 152062424 1410 
195 I 152150288 1438 
196 I 152150293 111 
197 I 155150296 1438 
198 I 155150301 170 
199 I 155252085 64 
200 I 155253888 1438 
201 I 155253893 330 
202 I 155360736 1438 
203 I 155360743 622 
204 I 155416655 1438 
205 I 155416676 406 
206 I 159586887 1438 
207 I 159586892 406 
208 I 159669839 1438 
209 I 159669844 575 
210 I 166946994 1438 
211 I 166946998 581 
212 I 167005300 1438 
213 I 167005305 795 
214 I 168293818 1438 
215 I 168293824 575 
216 I 168392235 64 
217 I 168445868 1438 
218 I 168445873 1097 
219 I 168535917 1438 
220 I 168535921 1092 
221 I 168642241 64 
222 I 168656726 1438 
223 I 168656747 1438 
224 I 168656752 140 
225 I 181822543 1438 
226 I 181822565 1438 
227 I 181822569 119 
228 I 181932415 64 
229 I 181968061 1438 
230 I 181968065 1391 
231 I 183551118 1438 
232 I 183551122 516 
233 I 183613234 1438 
234 I 183613239 1060 
235 I 324464405 85 
