0 I 0 152 
1 I 3466 131 
2 I 18134 131 
3 I 41823 64 
4 I 45599 130 
5 I 1716862 1438 
6 I 1716866 359 
7 I 17111785 64 
8 I 17149978 449 
9 I 18867769 266 
10 I 18897482 374 
11 I 18900898 298 
12 I 18904564 253 
13 I 18912636 64 
14 I 18934725 291 
15 I 18939010 229 
16 I 18943213 298 
17 I 18991797 64 
18 I 19004221 1260 
19 I 60007927 291 
20 I 60041793 64 
21 I 60118456 180 
22 I 61975092 1262 
23 I 81658277 246 
24 I 81661805 64 
25 I 81661854 272 
26 I 81665388 227 
27 I 81721652 64 
28 I 82867521 274 
29 I 82873089 213 
30 I 82877545 272 
31 I 82912249 64 
32 I 83295049 1438 
33 I 83295054 147 
34 I 133616948 274 
35 I 133651643 64 
36 I 133654820 185 
37 I 133669389 1438 
38 I 133669394 147 
39 I 144651545 64 
40 I 144665743 237 
41 I 144669141 263 
42 I 144672619 227 
43 I 144721513 64 
44 I 144934717 280 
45 I 144938652 204 
46 I 144942793 263 
47 I 144991511 64 
48 I 145323244 1438 
49 I 145323249 498 
50 I 149725780 263 
51 I 149730395 172 
52 I 149897542 1438 
53 I 149897547 1201 
54 I 149914571 123 
55 I 149928210 675 
56 I 190200183 280 
57 I 190239294 64 
58 I 190239317 151 
59 I 190253135 1438 
60 I 190253140 500 
61 I 208637854 356 
62 I 210581658 172 
63 I 210621447 64 
64 I 210640608 270 
65 I 210644013 256 
66 I 210647468 244 
67 I 210701410 64 
68 I 210752508 274 
69 I 210756934 210 
70 I 210761169 256 
71 I 210811372 64 
72 I 211010383 1438 
73 I 211010388 753 
74 I 222190695 274 
75 I 222231366 64 
76 I 222248347 197 
77 I 222261280 1438 
78 I 222261285 752 
79 I 277212605 324 
80 I 279625261 151 
81 I 279671330 64 
82 I 279676602 233 
83 I 279680016 360 
84 I 279683475 227 
85 I 279731267 64 
86 I 279737092 280 
87 I 279741315 204 
88 I 279745496 360 
89 I 279771456 239 
90 I 289959811 280 
91 I 290001237 64 
92 I 290115743 174 
93 I 292489989 181 
94 I 301874883 360 
95 I 301878063 138 
96 I 302015708 189 
97 I 302019568 123 
98 I 302028249 675 
99 I 317075677 130 
100 I 317080020 140 
101 I 317569973 128 
