0 I 0 66 
1 I 876 64 
2 I 408756 64 
3 I 409884 64 
4 I 410606 64 
5 I 411038 64 
6 I 411477 64 
7 I 412133 64 
8 I 412199 64 
9 I 412496 64 
10 I 518374 64 
11 I 518706 64 
12 I 518772 70 
13 I 519000 70 
14 I 519070 64 
15 I 519394 64 
16 I 519422 64 
17 I 519679 64 
18 I 519995 64 
19 I 520090 64 
20 I 520340 64 
21 I 520662 64 
22 I 520721 64 
23 I 521005 64 
24 I 521041 70 
25 I 521117 64 
26 I 737817 64 
27 I 737906 64 
28 I 738195 64 
29 I 738244 70 
30 I 738287 70 
31 I 738633 64 
32 I 738988 64 
