0 I 0 131 
1 I 25977 186 
2 I 209508 64 
3 I 1431835 155 
4 I 1631412 64 
5 I 16911072 131 
6 I 16959676 186 
7 I 17272298 64 
8 I 18638623 155 
9 I 18912961 64 
10 I 59581032 131 
11 I 59598385 186 
12 I 59929264 64 
13 I 60764975 155 
14 I 61023036 64 
15 I 74924266 131 
16 I 74949858 186 
17 I 75242041 64 
18 I 76483695 155 
19 I 76663922 64 
20 I 120866048 131 
21 I 120910550 186 
22 I 121289672 64 
23 I 122049774 155 
24 I 122274054 64 
25 I 166167944 131 
26 I 166191361 186 
27 I 166462301 64 
28 I 167399742 155 
29 I 167665450 64 
30 I 180663159 131 
31 I 180706298 186 
32 I 181009416 64 
33 I 182135352 155 
34 I 182321940 64 
35 I 200846317 131 
36 I 200874802 186 
37 I 201134764 64 
38 I 202253856 155 
39 I 202447277 64 
40 I 243364144 131 
41 I 243390904 186 
42 I 243572966 64 
43 I 244892229 155 
44 I 245213630 64 
45 I 261259274 131 
46 I 261286191 186 
47 I 261510766 64 
48 I 262547453 155 
49 I 262823290 64 
