0 I 0 66 
1 I 81803 64 
2 I 18048833 66 
3 I 18130543 64 
4 I 23551496 66 
5 I 23634811 64 
6 I 23967449 74 
7 I 59172546 66 
8 I 59254183 64 
9 I 72667271 66 
10 I 72748964 64 
11 I 77069624 66 
12 I 77151328 64 
13 I 77448583 64 
14 I 78322967 66 
15 I 78404733 64 
16 I 79048011 66 
17 I 79129842 64 
18 I 79880237 66 
19 I 79962260 64 
20 I 80679928 66 
21 I 80762300 64 
22 I 81498322 66 
23 I 81579934 64 
24 I 82297039 66 
25 I 82378709 64 
26 I 83794810 73 
27 I 83995558 66 
28 I 84077475 64 
29 I 89642799 66 
30 I 89724566 64 
31 I 90020242 64 
32 I 91574846 66 
33 I 91656780 64 
34 I 92004814 64 
35 I 92560485 66 
36 I 92643525 64 
37 I 93494405 92 
38 I 94033391 66 
39 I 94116599 64 
40 I 95072817 66 
41 I 95154752 64 
42 I 95889456 66 
43 I 95971095 64 
44 I 96722473 66 
45 I 96804754 64 
46 I 97906285 66 
47 I 97988766 64 
48 I 98735357 66 
49 I 98817219 64 
50 I 100546589 66 
51 I 100628321 64 
52 I 101345457 66 
53 I 101427199 64 
54 I 102573553 66 
55 I 102655372 64 
56 I 103412515 66 
57 I 103494199 64 
58 I 104228045 66 
59 I 104310285 64 
60 I 106239547 66 
61 I 106321293 64 
62 I 107064824 66 
63 I 107146606 64 
64 I 107864236 66 
65 I 107945994 64 
66 I 108681168 66 
67 I 108762843 64 
68 I 109489942 66 
69 I 109571832 64 
70 I 110610048 96 
71 I 110911522 66 
72 I 110993488 64 
73 I 111284506 75 
74 I 111517333 66 
75 I 111599157 64 
76 I 112338244 66 
77 I 112420213 64 
78 I 113413120 66 
79 I 113494744 64 
