0 I 0 250 
1 I 9306 250 
2 I 16926 250 
3 I 26713 253 
4 I 29158 250 
5 I 36754 250 
6 I 44765 250 
7 I 53119 250 
8 I 62537 978 
9 I 69732 333 
10 I 74008 280 
11 I 78913 244 
12 I 88559 64 
13 I 88994 1208 
14 I 88999 919 
15 I 95885 1208 
16 I 96936 1208 
17 I 100326 549 
18 I 102969 244 
19 I 134712 974 
20 I 137822 317 
21 I 141512 244 
22 I 157714 1208 
23 I 157719 672 
24 I 174301 1208 
25 I 174307 914 
26 I 180287 882 
27 I 183763 422 
28 I 186392 397 
29 I 189963 366 
30 I 192489 326 
31 I 232524 253 
32 I 325671 250 
33 I 344032 691 
34 I 2894164 916 
35 I 9032223 1208 
36 I 9032228 919 
37 I 9032276 357 
38 I 24056419 250 
39 I 24064744 250 
40 I 24072786 250 
41 I 24080923 250 
42 I 24093200 253 
43 I 24097286 250 
44 I 24107045 250 
45 I 24114862 250 
46 I 24124548 250 
47 I 24134480 250 
48 I 24145797 978 
49 I 24152920 284 
50 I 24162580 280 
51 I 24167986 244 
52 I 24180573 64 
53 I 24180972 1208 
54 I 24180977 919 
55 I 24186886 1208 
56 I 24186890 131 
57 I 24186894 919 
58 I 24193177 244 
59 I 24233764 253 
60 I 24308796 250 
61 I 24325615 691 
62 I 26044463 916 
63 I 28208284 777 
64 I 38328807 250 
65 I 38338220 250 
66 I 38346843 250 
67 I 38355889 250 
68 I 38365828 250 
69 I 38378221 64 
70 I 38387788 253 
71 I 38393994 250 
72 I 38404120 250 
73 I 38411922 250 
74 I 38419582 250 
75 I 38427297 250 
76 I 38435715 250 
77 I 38444503 978 
78 I 38449421 378 
79 I 38454184 280 
80 I 38456818 244 
81 I 38467150 64 
82 I 38467579 1208 
83 I 38467583 919 
84 I 38487183 1208 
85 I 38487188 919 
86 I 38487237 368 
87 I 38498262 244 
88 I 38519920 1050 
89 I 38531784 245 
90 I 38548924 739 
91 I 38552457 244 
92 I 38554998 244 
93 I 38562068 245 
94 I 38566321 736 
95 I 38569147 244 
96 I 38571573 245 
97 I 38574543 872 
98 I 38578663 244 
99 I 38654819 974 
100 I 38665720 454 
101 I 38669748 244 
102 I 38722605 1208 
103 I 38722609 449 
104 I 38730073 1164 
105 I 38733991 366 
106 I 38789803 253 
107 I 38795944 250 
108 I 38823647 298 
109 I 38833426 405 
110 I 38835965 180 
111 I 38839204 141 
112 I 38842491 143 
113 I 38845239 145 
114 I 38847850 143 
115 I 38850547 143 
116 I 38852807 145 
117 I 38855085 149 
118 I 38871050 147 
119 I 38873633 143 
120 I 38876870 147 
121 I 38879115 177 
122 I 38882502 189 
123 I 38885201 173 
124 I 38887896 173 
125 I 38900195 179 
126 I 38907740 179 
127 I 38910123 165 
128 I 38912640 173 
129 I 38919268 175 
130 I 38928456 171 
131 I 38933609 179 
132 I 38940013 181 
133 I 38949080 171 
134 I 38955573 179 
135 I 38962522 181 
136 I 38968711 171 
137 I 38977083 177 
138 I 38985403 171 
139 I 38996608 179 
140 I 39017284 181 
141 I 39049990 171 
142 I 39055571 179 
143 I 39083939 173 
144 I 39098134 185 
145 I 39100835 187 
146 I 39111648 183 
147 I 39119017 181 
148 I 39126532 185 
149 I 39132620 163 
150 I 39138584 163 
151 I 39143158 171 
152 I 39152545 181 
153 I 39155189 181 
154 I 39167722 189 
155 I 39170855 191 
156 I 39194887 181 
157 I 39214916 171 
158 I 39231396 189 
159 I 39240814 208 
160 I 39251829 192 
161 I 39262752 151 
162 I 39271384 148 
163 I 39285635 166 
164 I 39296144 168 
165 I 39304552 160 
166 I 39320432 162 
167 I 39336030 166 
168 I 39352335 165 
169 I 39399756 181 
170 I 39403104 181 
171 I 39416887 177 
172 I 39432546 179 
173 I 39440756 199 
174 I 39452871 177 
175 I 39472499 191 
176 I 39486358 191 
177 I 39502183 189 
178 I 39527268 189 
179 I 39531121 181 
180 I 39543945 173 
181 I 39555248 178 
182 I 39570130 175 
183 I 39583121 167 
184 I 39600256 167 
185 I 39611065 171 
186 I 39645021 207 
187 I 39653568 321 
188 I 39666974 246 
189 I 39669760 157 
190 I 39672586 173 
191 I 39686953 181 
192 I 39704615 325 
193 I 39719471 378 
194 I 39735459 374 
195 I 39739115 381 
196 I 39744485 372 
197 I 39748428 378 
198 I 39751458 317 
199 I 39817868 319 
200 I 39833422 335 
201 I 39836413 336 
202 I 39840093 335 
203 I 39843757 336 
204 I 39848125 328 
205 I 39851127 169 
206 I 39853740 171 
207 I 39856614 167 
208 I 39860024 179 
209 I 39862533 161 
210 I 39865429 164 
211 I 39868176 174 
212 I 39872627 168 
213 I 39876662 164 
214 I 39880955 176 
215 I 39883864 210 
216 I 39889158 210 
217 I 39892979 204 
218 I 39902195 206 
219 I 39909943 208 
220 I 39914227 176 
221 I 39917431 172 
222 I 39920083 192 
223 I 39922875 170 
224 I 39926782 183 
225 I 39932730 160 
226 I 39935412 160 
227 I 39938122 168 
228 I 39943396 174 
229 I 39947543 176 
230 I 39950622 200 
231 I 39953292 178 
232 I 39956099 188 
233 I 39959897 147 
234 I 39964664 184 
235 I 39967781 190 
236 I 39970536 182 
237 I 39973346 172 
238 I 39976834 182 
239 I 39980873 191 
240 I 39984530 142 
241 I 39987251 187 
242 I 39990062 148 
243 I 39993295 196 
244 I 39998174 256 
245 I 40002246 142 
246 I 40005978 163 
247 I 40010314 225 
248 I 40014787 212 
249 I 40017767 215 
250 I 40020677 210 
251 I 40025703 175 
252 I 40032578 209 
253 I 40050905 228 
254 I 40053833 219 
255 I 40058888 233 
256 I 40061693 207 
257 I 40064535 193 
258 I 40067235 184 
259 I 40069967 168 
260 I 40072856 170 
261 I 40076056 168 
262 I 40078851 182 
263 I 40081575 190 
264 I 40084177 162 
265 I 40091791 184 
266 I 40094504 186 
267 I 40098587 208 
268 I 40101460 210 
269 I 40104587 212 
270 I 40109691 214 
271 I 40112379 235 
272 I 40115243 237 
273 I 40118074 204 
274 I 40120880 196 
275 I 40123713 194 
276 I 40127055 202 
277 I 40130946 198 
278 I 40134436 196 
279 I 40137409 200 
280 I 40142672 174 
281 I 40145454 168 
282 I 40148360 164 
283 I 40151111 196 
284 I 40153778 178 
285 I 40156538 156 
286 I 40159985 168 
287 I 40164165 176 
288 I 40167391 176 
289 I 40170104 184 
290 I 40172987 157 
291 I 40176356 160 
292 I 40179093 208 
293 I 40181741 188 
294 I 40184471 229 
295 I 40187384 223 
296 I 40190205 223 
297 I 40193414 175 
298 I 40197213 179 
299 I 40200023 225 
300 I 40202856 242 
301 I 40205826 162 
302 I 40210164 180 
303 I 40215100 176 
304 I 40217836 180 
305 I 40220586 200 
306 I 40223322 172 
307 I 40226702 172 
308 I 40230817 179 
309 I 40233640 195 
310 I 40236408 196 
311 I 40239121 174 
312 I 40243735 184 
313 I 40247272 186 
314 I 40252615 216 
315 I 40255219 216 
316 I 40259142 224 
317 I 40264063 174 
318 I 40266744 200 
319 I 40269631 192 
320 I 40272409 189 
321 I 40276896 182 
322 I 40280919 201 
323 I 40283832 193 
324 I 40286795 166 
325 I 40289453 164 
326 I 40293571 150 
327 I 40298023 164 
328 I 40300678 192 
329 I 40303867 158 
330 I 40306577 190 
331 I 40311645 166 
332 I 40315323 154 
333 I 40318077 251 
334 I 40321790 162 
335 I 40326512 144 
336 I 40330832 142 
337 I 40333553 139 
338 I 40336052 140 
339 I 40338777 148 
340 I 40343712 143 
341 I 40347601 143 
342 I 40350306 145 
343 I 40353061 143 
344 I 40355704 141 
345 I 40359610 146 
346 I 40366644 147 
347 I 40369405 148 
348 I 40372091 148 
349 I 40380942 149 
350 I 40383698 140 
351 I 40386525 139 
352 I 40389072 148 
353 I 40393665 148 
354 I 40397768 183 
355 I 40400585 154 
356 I 40403143 166 
357 I 40406274 178 
358 I 40411173 178 
359 I 40415192 167 
360 I 40418017 190 
361 I 40420710 170 
362 I 40423451 170 
363 I 40426890 191 
364 I 40445013 143 
365 I 40449219 154 
366 I 40452263 149 
367 I 40455586 149 
368 I 40461200 147 
369 I 40464723 153 
370 I 40467211 146 
371 I 40469723 202 
372 I 40472422 209 
373 I 40477134 181 
374 I 40481493 185 
375 I 40484130 191 
376 I 40486725 215 
377 I 40489423 193 
378 I 40493679 211 
379 I 40498102 163 
380 I 40500689 190 
381 I 40503320 190 
382 I 40505902 297 
383 I 40510611 229 
384 I 40514161 302 
385 I 40517144 157 
386 I 40519601 187 
387 I 40522151 175 
388 I 40527904 177 
389 I 40532965 161 
390 I 40535502 167 
391 I 40537954 160 
392 I 40544450 154 
393 I 40548224 155 
394 I 40551352 346 
395 I 40554180 189 
396 I 40556597 162 
397 I 40560779 163 
398 I 40564474 161 
399 I 40567014 161 
400 I 40569620 167 
401 I 40572034 158 
402 I 40577181 158 
403 I 40581438 177 
404 I 40583942 184 
405 I 40586501 188 
406 I 40588913 171 
407 I 40594448 165 
408 I 40609890 153 
409 I 40614760 150 
410 I 40617175 192 
411 I 40619625 177 
412 I 40626487 169 
413 I 40630574 183 
414 I 40638525 161 
415 I 40643897 153 
416 I 40648306 160 
417 I 40650853 139 
418 I 40653367 138 
419 I 40655778 187 
420 I 40660916 218 
421 I 40664520 172 
422 I 40666866 177 
423 I 40669423 172 
424 I 40671942 191 
425 I 40676895 184 
426 I 40680148 150 
427 I 40683086 169 
428 I 40685945 185 
429 I 40688459 163 
430 I 40693008 185 
431 I 40697301 155 
432 I 40699841 198 
433 I 40702354 156 
434 I 40704754 174 
435 I 40727369 154 
436 I 40731071 173 
437 I 40733696 150 
438 I 40736188 178 
439 I 40738757 258 
440 I 40742607 399 
441 I 40752521 267 
442 I 40755540 169 
443 I 40761968 165 
444 I 40764422 145 
445 I 40766761 207 
446 I 40769287 194 
447 I 40771766 180 
448 I 40777538 187 
449 I 40780754 186 
450 I 40783156 166 
451 I 40785719 181 
452 I 40788414 175 
453 I 40792623 200 
454 I 40795226 207 
455 I 40797804 225 
456 I 40800395 171 
457 I 40802973 153 
458 I 40805357 149 
459 I 40810308 159 
460 I 40813544 159 
461 I 40816341 155 
462 I 40819269 149 
463 I 40821823 149 
464 I 40826312 157 
465 I 40831067 157 
466 I 40833489 152 
467 I 40835890 161 
468 I 40838394 155 
469 I 40842249 187 
470 I 40844704 153 
471 I 40847650 139 
472 I 40852102 145 
473 I 40854561 141 
474 I 40858911 164 
475 I 40861233 142 
476 I 40864401 159 
477 I 40866901 155 
478 I 40869486 173 
479 I 40872380 183 
480 I 40876504 149 
481 I 40880350 175 
482 I 40882693 177 
483 I 40885432 183 
484 I 40888009 155 
485 I 40892403 163 
486 I 40894881 185 
487 I 40897631 189 
488 I 40900197 159 
489 I 40902708 165 
490 I 40905071 157 
491 I 40908922 179 
492 I 40932995 177 
493 I 40935585 165 
494 I 40938010 199 
495 I 40943024 160 
496 I 40947680 175 
497 I 40950432 185 
498 I 40953205 163 
499 I 40955847 151 
500 I 40960403 171 
501 I 40963417 173 
502 I 40967056 165 
503 I 40980604 159 
504 I 40983114 157 
505 I 40985665 185 
506 I 40988316 175 
507 I 40995010 165 
508 I 40998407 183 
509 I 41000890 171 
510 I 41003457 159 
511 I 41005831 149 
512 I 41008373 159 
513 I 41010800 177 
514 I 41013878 167 
515 I 41016317 179 
516 I 41018948 173 
517 I 41021451 169 
518 I 41026201 171 
519 I 41030447 165 
520 I 41032929 157 
521 I 41035423 159 
522 I 41037917 175 
523 I 41042685 169 
524 I 41045209 175 
525 I 41048744 177 
526 I 41051218 202 
527 I 41054254 150 
528 I 41056546 144 
529 I 41059337 146 
530 I 41061835 144 
531 I 41064310 144 
532 I 41066739 149 
533 I 41071267 151 
534 I 41080435 152 
535 I 41082889 149 
536 I 41085444 182 
537 I 41087850 175 
538 I 41093225 145 
539 I 41097726 152 
540 I 41100255 161 
541 I 41102843 158 
542 I 41105310 168 
543 I 41108963 147 
544 I 41111402 153 
545 I 41114344 156 
546 I 41118726 163 
547 I 41121275 163 
548 I 41125406 169 
549 I 41127902 148 
550 I 41131543 153 
551 I 41134063 151 
552 I 41136546 165 
553 I 41139071 174 
554 I 41142229 158 
555 I 41144558 170 
556 I 41147411 157 
557 I 41150340 167 
558 I 41152714 146 
559 I 41155112 152 
560 I 41158718 157 
561 I 41161090 149 
562 I 41164405 152 
563 I 41169538 145 
564 I 41172144 138 
565 I 41175445 154 
566 I 41177698 159 
567 I 41180589 187 
568 I 41184640 156 
569 I 41187168 142 
570 I 41206381 156 
571 I 41209456 145 
572 I 41213483 144 
573 I 41215817 161 
574 I 41218698 145 
575 I 41221151 149 
576 I 41225355 143 
577 I 41227818 146 
578 I 41231087 143 
579 I 41233836 161 
580 I 41236315 148 
581 I 41238886 151 
582 I 41242477 156 
583 I 41244899 156 
584 I 41247420 161 
585 I 41249892 150 
586 I 41252797 150 
587 I 41255220 148 
588 I 41259244 148 
589 I 41261641 148 
590 I 41264128 145 
591 I 41266422 157 
592 I 41268808 144 
593 I 41271233 140 
594 I 41275310 145 
595 I 41277950 144 
596 I 41280895 156 
597 I 41283420 158 
598 I 41286280 151 
599 I 41288879 165 
600 I 41292524 152 
601 I 41294808 146 
602 I 41297395 145 
603 I 41300605 147 
604 I 41303050 236 
605 I 41305533 286 
606 I 41308767 178 
607 I 41311211 158 
608 I 41314215 146 
609 I 41316694 179 
610 I 41319251 176 
611 I 41321991 148 
612 I 41325359 159 
613 I 41327818 158 
614 I 41331519 168 
615 I 41333880 166 
616 I 41336398 166 
617 I 41338809 169 
618 I 41342393 147 
619 I 41344736 169 
620 I 41347621 149 
621 I 41350072 155 
622 I 41352379 154 
623 I 41354897 147 
624 I 41358107 146 
625 I 41360665 160 
626 I 41363562 147 
627 I 41367675 152 
628 I 41369958 159 
629 I 41372256 150 
630 I 41382344 157 
631 I 41388422 150 
632 I 41391894 151 
633 I 41394359 166 
634 I 41397409 153 
635 I 41399942 157 
636 I 41403055 159 
637 I 41405897 157 
638 I 41409759 151 
639 I 41413326 152 
640 I 41416838 165 
641 I 41419345 158 
642 I 41422180 157 
643 I 41425644 155 
644 I 41428184 156 
645 I 41430701 155 
646 I 41433565 148 
647 I 41436154 153 
648 I 41439347 152 
649 I 41442231 163 
650 I 41444619 157 
651 I 41448438 149 
652 I 41452234 151 
653 I 41454725 143 
654 I 41458645 142 
655 I 41460895 147 
656 I 41463623 144 
657 I 41466132 149 
658 I 41468536 162 
659 I 41471284 155 
660 I 41475277 165 
661 I 41477966 161 
662 I 41481015 161 
663 I 41484017 155 
664 I 41486294 143 
665 I 41488739 187 
666 I 41491493 161 
667 I 41493900 199 
668 I 41496697 137 
669 I 41499299 165 
670 I 41502655 222 
671 I 41505454 149 
672 I 41508452 158 
673 I 41511052 157 
674 I 41513978 158 
675 I 41516479 153 
676 I 41519042 152 
677 I 41521377 154 
678 I 41524859 152 
679 I 41527227 157 
680 I 41530890 147 
681 I 41533341 157 
682 I 41536822 147 
683 I 41539328 154 
684 I 41542423 143 
685 I 41546846 180 
686 I 41549341 191 
687 I 41551634 158 
688 I 41554082 147 
689 I 41558687 157 
690 I 41565243 160 
691 I 41567978 153 
692 I 41570914 158 
693 I 41575523 148 
694 I 41577935 152 
695 I 41582533 156 
696 I 41585225 159 
697 I 41588034 153 
698 I 41592000 155 
699 I 41594785 160 
700 I 41597303 149 
701 I 41599840 152 
702 I 41602236 158 
703 I 41604739 151 
704 I 41608592 151 
705 I 41610984 149 
706 I 41613981 146 
707 I 41616460 150 
708 I 41618940 151 
709 I 41621415 162 
710 I 41625709 149 
711 I 41630140 167 
712 I 41632608 153 
713 I 41635924 161 
714 I 41638737 147 
715 I 41642483 147 
716 I 41645066 163 
717 I 41648138 175 
718 I 41651584 155 
719 I 41654004 197 
720 I 41656387 197 
721 I 41659024 165 
722 I 41663164 177 
723 I 41665608 163 
724 I 41668180 177 
725 I 41671300 179 
726 I 41676279 150 
727 I 41680303 155 
728 I 41682788 152 
729 I 41686243 163 
730 I 41688739 148 
731 I 41692390 165 
732 I 41697352 157 
733 I 41699744 157 
734 I 41702194 172 
735 I 41705543 152 
736 I 41709264 155 
737 I 41713607 187 
738 I 41716120 158 
739 I 41718619 163 
740 I 41721009 173 
741 I 41725324 161 
742 I 41728200 153 
743 I 41731372 149 
744 I 41733810 152 
745 I 41736222 144 
746 I 41738776 147 
747 I 41744075 173 
748 I 41746856 155 
749 I 41749296 177 
750 I 41752110 155 
751 I 41755013 163 
752 I 41759360 173 
753 I 41763048 161 
754 I 41765527 175 
755 I 41768004 161 
756 I 41770357 175 
757 I 41772974 157 
758 I 41776153 171 
759 I 41779717 171 
760 I 41782785 169 
761 I 41785579 181 
762 I 41787934 175 
763 I 41792076 167 
764 I 41794649 179 
765 I 41799841 165 
766 I 41802273 173 
767 I 41804733 187 
768 I 41810056 173 
769 I 41812964 173 
770 I 41815518 165 
771 I 41818029 147 
772 I 41821761 161 
773 I 41826022 169 
774 I 41830700 163 
775 I 41834043 159 
776 I 41836722 163 
777 I 41839305 183 
778 I 41847669 171 
779 I 41850193 159 
780 I 41852505 169 
781 I 41855437 145 
782 I 41859062 147 
783 I 41863465 152 
784 I 41867151 160 
785 I 41869626 158 
786 I 41872940 173 
787 I 41875403 135 
788 I 41883624 135 
789 I 41887035 135 
790 I 41892279 135 
791 I 41894660 239 
792 I 41901983 173 
793 I 41909597 135 
794 I 41925450 135 
795 I 41929838 135 
796 I 41932338 135 
797 I 41936446 153 
798 I 41938953 167 
799 I 41942927 171 
800 I 41946325 193 
801 I 41948927 181 
802 I 41951455 191 
803 I 41953949 155 
804 I 41959414 155 
805 I 41963469 155 
806 I 41965857 164 
807 I 41968316 169 
808 I 41971002 163 
809 I 41977010 167 
810 I 41981048 159 
811 I 41983529 141 
812 I 41985952 155 
813 I 41988199 151 
814 I 41992361 147 
815 I 41997150 153 
816 I 41999722 155 
817 I 42002901 167 
818 I 42005330 200 
819 I 42009380 194 
820 I 42013383 159 
821 I 42015948 165 
822 I 42018395 159 
823 I 42020945 159 
824 I 42026119 159 
825 I 42030093 173 
826 I 42032668 151 
827 I 42035087 161 
828 I 42038055 149 
829 I 42042632 163 
830 I 42048277 147 
831 I 42050636 157 
832 I 42053106 146 
833 I 42055556 155 
834 I 42059479 160 
835 I 42063766 149 
836 I 42066177 157 
837 I 42068620 210 
838 I 42071535 189 
839 I 42076481 143 
840 I 42081813 153 
841 I 42084275 153 
842 I 42086737 163 
843 I 42089324 153 
844 I 42096320 163 
845 I 42098919 158 
846 I 42101457 169 
847 I 42104113 163 
848 I 42108930 165 
849 I 42111310 148 
850 I 42113933 152 
851 I 42116689 165 
852 I 42119544 150 
853 I 42122043 172 
854 I 42125589 169 
855 I 42127955 171 
856 I 42130624 169 
857 I 42133117 173 
858 I 42135620 192 
859 I 42138112 151 
860 I 42142481 185 
861 I 42146776 162 
862 I 42149313 159 
863 I 42151789 159 
864 I 42154263 159 
865 I 42158563 178 
866 I 42161317 151 
867 I 42163912 159 
868 I 42166380 147 
869 I 42168794 144 
870 I 42171273 146 
871 I 42176208 163 
872 I 42181744 161 
873 I 42184543 171 
874 I 42187344 162 
875 I 42192071 150 
876 I 42199155 147 
877 I 42202138 147 
878 I 42204509 153 
879 I 42209897 157 
880 I 42214163 163 
881 I 42217647 166 
882 I 42220526 197 
883 I 42226383 199 
884 I 42229490 177 
885 I 42232015 226 
886 I 42234700 172 
887 I 42237348 159 
888 I 42244036 198 
889 I 42246876 170 
890 I 42249432 202 
891 I 42251875 195 
892 I 42254444 151 
893 I 42258952 160 
894 I 42263373 157 
895 I 42265959 173 
896 I 42268736 226 
897 I 42271286 147 
898 I 42276401 207 
899 I 42279717 159 
900 I 42282067 160 
901 I 42285429 159 
902 I 42289273 153 
903 I 42292393 153 
904 I 42296374 146 
905 I 42298703 149 
906 I 42301104 169 
907 I 42303820 150 
908 I 42313876 155 
909 I 42316383 185 
910 I 42319147 192 
911 I 42321949 155 
912 I 42326887 141 
913 I 42331565 169 
914 I 42334347 164 
915 I 42337124 150 
916 I 42341864 171 
917 I 42349131 281 
918 I 42352497 271 
919 I 42355476 153 
920 I 42359286 192 
921 I 42363519 202 
922 I 42366205 153 
923 I 42368982 169 
924 I 42371546 145 
925 I 42375787 151 
926 I 42380018 257 
927 I 42382782 179 
928 I 42386779 185 
929 I 42392124 181 
930 I 42408742 185 
931 I 42411407 308 
932 I 42415547 142 
933 I 42419355 148 
934 I 42421860 183 
935 I 42425866 174 
936 I 42430709 151 
937 I 42433459 155 
938 I 42435973 177 
939 I 42441931 181 
940 I 42451060 155 
941 I 42454015 164 
942 I 42460118 200 
943 I 42463217 265 
944 I 42465870 154 
945 I 42468647 153 
946 I 42471380 281 
947 I 42474950 331 
948 I 42477524 369 
949 I 42483034 177 
950 I 42485373 231 
951 I 42498893 156 
952 I 42503362 160 
953 I 42508983 153 
954 I 42512797 153 
955 I 42515348 160 
956 I 42518021 159 
957 I 42520775 213 
958 I 42525387 158 
959 I 42530708 160 
960 I 42533589 156 
961 I 42538043 183 
962 I 42542758 212 
963 I 42547112 212 
964 I 42550517 215 
965 I 42553059 200 
966 I 42560999 201 
967 I 42564055 205 
968 I 42566688 210 
969 I 42569250 199 
970 I 42586428 212 
971 I 42612985 195 
972 I 42616619 225 
973 I 42619938 205 
974 I 42624870 220 
975 I 42630111 219 
976 I 42633537 147 
977 I 42636195 219 
978 I 42638748 192 
979 I 42642916 190 
980 I 42647588 167 
981 I 42650535 182 
982 I 42654178 193 
983 I 42657531 281 
984 I 42660065 285 
985 I 42663514 175 
986 I 42666681 369 
987 I 42669557 321 
988 I 42674247 344 
989 I 42676895 175 
990 I 42679855 424 
991 I 42682610 205 
992 I 42685218 537 
993 I 42688246 201 
994 I 42691990 603 
995 I 42695975 159 
996 I 42698534 299 
997 I 42701112 149 
998 I 42703979 340 
999 I 42707663 163 
1000 I 42710016 265 
1001 I 42714355 211 
1002 I 42716703 214 
1003 I 42719738 221 
1004 I 42722218 197 
1005 I 42725675 196 
1006 I 42730016 211 
1007 I 42733960 204 
1008 I 42736639 384 
1009 I 42741525 229 
1010 I 42744009 199 
1011 I 42747221 199 
1012 I 42749788 233 
1013 I 42752533 196 
1014 I 42755314 472 
1015 I 42758709 218 
1016 I 42763206 218 
1017 I 42766177 214 
1018 I 42768900 244 
1019 I 42771446 541 
1020 I 42775337 214 
1021 I 42777962 210 
1022 I 42780998 200 
1023 I 42783357 202 
1024 I 42786811 206 
1025 I 42792321 201 
1026 I 42796040 198 
1027 I 42798839 198 
1028 I 42801462 198 
1029 I 42804966 198 
1030 I 42808301 178 
1031 I 42813341 172 
1032 I 42818223 353 
1033 I 42825168 198 
1034 I 42827898 218 
1035 I 42831277 155 
1036 I 42842055 144 
1037 I 42844794 149 
1038 I 42847414 160 
1039 I 42849987 151 
1040 I 42852355 213 
1041 I 42854907 171 
1042 I 42859340 141 
1043 I 42863692 151 
1044 I 42866357 158 
1045 I 42868890 182 
1046 I 42871747 187 
1047 I 42874957 257 
1048 I 42877606 174 
1049 I 42880338 206 
1050 I 42882688 202 
1051 I 42885166 230 
1052 I 42887736 200 
1053 I 42892641 184 
1054 I 42895975 174 
1055 I 42898741 177 
1056 I 42901239 172 
1057 I 42903753 145 
1058 I 42907754 184 
1059 I 42910188 174 
1060 I 42913161 155 
1061 I 42915708 148 
1062 I 42918269 187 
1063 I 42920792 174 
1064 I 42924803 196 
1065 I 42927381 261 
1066 I 42930334 200 
1067 I 42934022 370 
1068 I 42937187 178 
1069 I 42940765 152 
1070 I 42943228 301 
1071 I 42945907 185 
1072 I 42948288 170 
1073 I 42950665 158 
1074 I 42953128 192 
1075 I 42955619 135 
1076 I 42958042 234 
1077 I 42960607 182 
1078 I 42963474 238 
1079 I 42966395 223 
1080 I 42974324 394 
1081 I 42977176 391 
1082 I 42980310 218 
1083 I 42982828 198 
1084 I 42985211 199 
1085 I 42988025 162 
1086 I 42991261 166 
1087 I 42993905 160 
1088 I 42996626 162 
1089 I 42999587 171 
1090 I 43002329 196 
1091 I 43005212 203 
1092 I 43011431 187 
1093 I 43014059 157 
1094 I 43017017 153 
1095 I 43019903 152 
1096 I 43022377 162 
1097 I 43024899 151 
1098 I 43027217 284 
1099 I 43030568 170 
1100 I 43033161 181 
1101 I 43035979 183 
1102 I 43038510 192 
1103 I 43041890 172 
1104 I 43044470 177 
1105 I 43046897 186 
1106 I 43049496 192 
1107 I 43051962 176 
1108 I 43054471 169 
1109 I 43058453 177 
1110 I 43062841 174 
1111 I 43065382 176 
1112 I 43069578 175 
1113 I 43072162 174 
1114 I 43076001 177 
1115 I 43079569 184 
1116 I 43082011 184 
1117 I 43084658 174 
1118 I 43087241 193 
1119 I 43090561 184 
1120 I 43092998 181 
1121 I 43098968 184 
1122 I 43101517 190 
1123 I 43104405 183 
1124 I 43107547 183 
1125 I 43110084 184 
1126 I 43112987 179 
1127 I 43115514 176 
1128 I 43118041 176 
1129 I 43120599 182 
1130 I 43125115 178 
1131 I 43127699 179 
1132 I 43134079 168 
1133 I 43137622 174 
1134 I 43141540 177 
1135 I 43144493 177 
1136 I 43147233 188 
1137 I 43149668 182 
1138 I 43152193 172 
1139 I 43154608 168 
1140 I 43158163 172 
1141 I 43160769 188 
1142 I 43164386 192 
1143 I 43166966 190 
1144 I 43169564 212 
1145 I 43172225 202 
1146 I 43176043 205 
1147 I 43179205 238 
1148 I 43181966 180 
1149 I 43184456 188 
1150 I 43186991 206 
1151 I 43190569 139 
1152 I 43268878 250 
1153 I 43281019 691 
1154 I 54828565 916 
1155 I 60618140 1208 
1156 I 60618145 919 
1157 I 60618149 356 
1158 I 64248625 379 
1159 I 65693659 250 
1160 I 65704041 250 
1161 I 65721915 250 
1162 I 65729822 250 
1163 I 65737720 250 
1164 I 65747806 250 
1165 I 65761516 253 
1166 I 65765099 250 
1167 I 65773321 250 
1168 I 65781163 250 
1169 I 65789580 250 
1170 I 65798048 250 
1171 I 65805775 250 
1172 I 65873270 250 
1173 I 65882735 978 
1174 I 65886739 355 
1175 I 65891412 280 
1176 I 65894254 244 
1177 I 65907192 64 
1178 I 65907617 1208 
1179 I 65907622 919 
1180 I 65931127 1208 
1181 I 65931131 919 
1182 I 65931220 888 
1183 I 65942587 998 
1184 I 65948436 244 
1185 I 66035026 253 
1186 I 74817815 916 
1187 I 76879597 777 
1188 I 94910881 1208 
1189 I 94910886 919 
1190 I 94910947 1208 
1191 I 94914314 1208 
1192 I 94914319 1208 
1193 I 94917172 1048 
1194 I 94922178 1208 
1195 I 94922183 919 
1196 I 94922247 1208 
1197 I 94926554 1208 
1198 I 94926559 1208 
1199 I 94926563 1208 
1200 I 94929732 340 
1201 I 94933157 1208 
1202 I 94933161 919 
1203 I 94933224 1208 
1204 I 94936430 1208 
1205 I 94936451 1208 
1206 I 94939415 797 
1207 I 94943266 1208 
1208 I 94943270 919 
1209 I 94943345 1208 
1210 I 94946493 1208 
1211 I 94949628 1142 
1212 I 94953990 1208 
1213 I 94953994 919 
1214 I 94954075 1208 
1215 I 94957576 1208 
1216 I 94957598 1208 
1217 I 94960422 412 
1218 I 115012840 250 
1219 I 115021025 250 
1220 I 115029106 250 
1221 I 115037316 250 
1222 I 115046386 250 
1223 I 115054169 250 
1224 I 115063282 250 
1225 I 115086606 253 
1226 I 115091322 250 
1227 I 115099634 250 
1228 I 115107615 250 
1229 I 115115518 250 
1230 I 115124198 250 
1231 I 115132479 250 
1232 I 115140587 250 
1233 I 115149140 250 
1234 I 115158622 978 
1235 I 115169180 359 
1236 I 115173446 280 
1237 I 115176416 244 
1238 I 115185257 64 
1239 I 115185772 1208 
1240 I 115185777 919 
1241 I 115222216 1208 
1242 I 115222220 919 
1243 I 115222313 889 
1244 I 115225952 773 
1245 I 115230499 244 
1246 I 115302872 974 
1247 I 115307589 266 
1248 I 115314219 244 
1249 I 115345105 1208 
1250 I 115345110 862 
1251 I 115355651 1208 
1252 I 115355656 919 
1253 I 115355671 811 
1254 I 115366582 878 
1255 I 115370885 418 
1256 I 115374468 397 
1257 I 115379784 366 
1258 I 115385546 326 
1259 I 115397388 974 
1260 I 115404837 570 
1261 I 115409283 244 
1262 I 115442623 1208 
1263 I 115442628 919 
1264 I 115442677 551 
1265 I 115458701 1208 
1266 I 115458706 919 
1267 I 115458764 1208 
1268 I 115466652 1208 
1269 I 115469413 597 
1270 I 115474203 1208 
1271 I 115474207 919 
1272 I 115474265 1208 
1273 I 115479828 1208 
1274 I 115485112 73 
1275 I 115492682 1208 
1276 I 115492686 919 
1277 I 115492755 1208 
1278 I 115492776 1109 
1279 I 115503369 1208 
1280 I 115503373 919 
1281 I 115503458 1208 
1282 I 115503463 938 
1283 I 115518444 1208 
1284 I 115518449 614 
1285 I 115540228 896 
1286 I 115554822 516 
1287 I 115558679 455 
1288 I 115563554 409 
1289 I 115567214 326 
1290 I 115574608 974 
1291 I 115580912 431 
1292 I 115585338 244 
1293 I 115598674 1208 
1294 I 115598679 675 
1295 I 115614250 1208 
1296 I 115614254 919 
1297 I 115614314 1208 
1298 I 115624192 1208 
1299 I 115631504 322 
1300 I 115634516 1208 
1301 I 115634520 919 
1302 I 115634589 1208 
1303 I 115640383 1208 
1304 I 115663108 135 
1305 I 115668103 1208 
1306 I 115668108 919 
1307 I 115668159 1208 
1308 I 115668192 1109 
1309 I 115683212 1208 
1310 I 115683239 919 
1311 I 115683315 1208 
1312 I 115683320 935 
1313 I 115693652 301 
1314 I 115701496 898 
1315 I 115707550 557 
1316 I 115712665 443 
1317 I 115718271 366 
1318 I 115723662 326 
1319 I 115730025 974 
1320 I 115734631 250 
1321 I 115740455 244 
1322 I 115752926 1208 
1323 I 115752931 742 
1324 I 115760702 1208 
1325 I 115760707 72 
1326 I 115769521 880 
1327 I 115775197 425 
1328 I 115781135 397 
1329 I 115787094 366 
1330 I 115791069 326 
1331 I 115797089 974 
1332 I 115801389 258 
1333 I 115806417 244 
1334 I 115845767 1208 
1335 I 115845772 656 
1336 I 115853937 1208 
1337 I 115853942 568 
1338 I 115863652 878 
1339 I 115873607 439 
1340 I 115879955 397 
1341 I 115884957 366 
1342 I 115889983 326 
1343 I 115904325 248 
1344 I 115913058 245 
1345 I 115923245 706 
1346 I 115927088 244 
1347 I 115932524 974 
1348 I 115937713 271 
1349 I 115942088 244 
1350 I 115989637 64 
1351 I 116018794 1208 
1352 I 116018798 919 
1353 I 116018829 702 
1354 I 116029941 769 
1355 I 116033744 841 
1356 I 116037260 930 
1357 I 116041101 893 
1358 I 116045319 876 
1359 I 116049327 873 
1360 I 116053014 930 
1361 I 116056713 873 
1362 I 116060513 1112 
1363 I 116064543 987 
1364 I 116068482 1034 
1365 I 116126908 1208 
1366 I 116126913 919 
1367 I 116126958 1208 
1368 I 116133495 1208 
1369 I 116133500 1208 
1370 I 116133504 1208 
1371 I 116133508 1208 
1372 I 116139047 593 
1373 I 116148302 1208 
1374 I 116148306 919 
1375 I 116148353 1208 
1376 I 116156444 1208 
1377 I 116156448 1208 
1378 I 116156452 1208 
1379 I 116161639 1204 
1380 I 116174653 1208 
1381 I 116174658 919 
1382 I 116174691 1208 
1383 I 116184919 1208 
1384 I 116184956 1208 
1385 I 116184961 1208 
1386 I 116190109 702 
1387 I 116201149 1208 
1388 I 116201154 461 
1389 I 116209900 366 
1390 I 116255282 253 
1391 I 116272971 250 
1392 I 116283305 974 
1393 I 116290699 270 
1394 I 116295243 244 
1395 I 116321746 1208 
1396 I 116321752 69 
1397 I 116321776 919 
1398 I 116357120 1208 
1399 I 116357124 919 
1400 I 116357182 1208 
1401 I 116363830 1208 
1402 I 116367591 187 
1403 I 116372975 1208 
1404 I 116372980 232 
1405 I 116389675 64 
1406 I 116392255 965 
1407 I 116409118 485 
1408 I 116435546 397 
1409 I 116442263 366 
1410 I 116454009 326 
1411 I 116492247 250 
1412 I 116503890 974 
1413 I 116517111 269 
1414 I 116542035 244 
1415 I 116587634 1208 
1416 I 116587639 688 
1417 I 116598719 1208 
1418 I 116598724 919 
1419 I 116598758 1208 
1420 I 116613630 1208 
1421 I 116623836 264 
1422 I 116635940 1143 
1423 I 116648455 880 
1424 I 116677075 463 
1425 I 116685549 397 
1426 I 116700840 366 
1427 I 116712758 326 
1428 I 116830889 250 
1429 I 116880680 691 
1430 I 120325267 916 
1431 I 188082674 1208 
1432 I 188082679 919 
1433 I 188082730 1208 
1434 I 188085971 1208 
1435 I 188085976 1208 
1436 I 188088734 1048 
1437 I 188092613 1208 
1438 I 188092618 919 
1439 I 188092675 1208 
1440 I 188095945 1208 
1441 I 188095950 1208 
1442 I 188095954 1208 
1443 I 188099148 340 
1444 I 188102501 1208 
1445 I 188102505 919 
1446 I 188102569 1208 
1447 I 188105606 1208 
1448 I 188105610 1208 
1449 I 188108341 797 
1450 I 188112161 1208 
1451 I 188112165 919 
1452 I 188112255 1208 
1453 I 188116014 1208 
1454 I 188118581 1142 
1455 I 188123551 1208 
1456 I 188123556 919 
1457 I 188123614 1208 
1458 I 188126835 1208 
1459 I 188126839 1208 
1460 I 188129809 412 
