0 I 0 66 
1 I 1068 64 
2 I 209441 64 
3 I 210978 64 
4 I 212210 64 
5 I 212763 64 
6 I 214948 64 
7 I 214952 64 
8 I 217620 64 
9 I 218143 64 
10 I 219251 64 
11 I 4341845 64 
12 I 4341868 64 
13 I 4344496 64 
14 I 4344557 64 
15 I 4347151 64 
16 I 4347181 64 
17 I 4350702 64 
18 I 4784652 64 
19 I 17615793 64 
20 I 32624899 64 
21 I 33821966 64 
22 I 33828715 66 
23 I 33829786 64 
24 I 35201416 64 
25 I 35202554 64 
26 I 35203737 64 
27 I 35204263 64 
28 I 35206913 64 
29 I 35206939 64 
30 I 35209630 64 
31 I 35210155 64 
32 I 35212804 64 
33 I 35212812 64 
34 I 35214418 64 
35 I 39451501 64 
36 I 39451525 64 
37 I 39454154 64 
38 I 39454181 64 
39 I 39457276 64 
40 I 39457303 64 
41 I 39460408 64 
42 I 40103112 64 
43 I 55104331 64 
44 I 66178035 64 
45 I 112640229 66 
46 I 112641301 64 
47 I 112859455 64 
48 I 112860531 64 
49 I 112862728 64 
50 I 112863261 64 
51 I 112865896 64 
52 I 112865928 64 
53 I 112869021 64 
54 I 112869049 64 
55 I 112877720 64 
56 I 117404701 64 
57 I 117404726 64 
58 I 117407844 64 
59 I 117407871 64 
60 I 117410495 64 
61 I 117413601 64 
62 I 117413627 64 
63 I 117415681 64 
64 I 125734427 64 
65 I 125734454 64 
66 I 125737128 64 
67 I 125737655 64 
68 I 125740326 64 
69 I 125740349 64 
70 I 125742991 64 
71 I 125743019 64 
72 I 125745540 64 
73 I 140810854 64 
74 I 141209308 64 
75 I 143139205 66 
76 I 143140277 64 
77 I 144397237 64 
78 I 144398315 64 
79 I 144400478 64 
80 I 144400504 64 
81 I 144403139 64 
82 I 144403161 64 
83 I 144406254 64 
84 I 144406280 64 
85 I 144408807 64 
86 I 148651299 64 
87 I 148651817 64 
88 I 148654436 64 
89 I 148654465 64 
90 I 148657136 64 
91 I 148657140 64 
92 I 148660220 64 
93 I 148660246 64 
94 I 148662778 64 
95 I 163720283 64 
96 I 171209068 64 
97 I 201609144 66 
98 I 201610213 64 
99 I 201865028 64 
100 I 201866129 64 
101 I 201867829 64 
102 I 201867875 64 
103 I 201870954 64 
104 I 201870978 64 
105 I 201873651 64 
106 I 201873680 64 
107 I 201876239 64 
108 I 214652617 64 
109 I 214653139 64 
110 I 214655772 64 
111 I 214655794 64 
112 I 214658495 64 
113 I 214659011 64 
114 I 214662553 64 
115 I 215302232 64 
116 I 225145909 64 
117 I 238032707 64 
118 I 238032730 64 
119 I 238035711 64 
120 I 238035735 64 
121 I 238038588 64 
122 I 238038615 64 
123 I 238041498 64 
124 I 238041521 64 
125 I 238044357 64 
126 I 238044384 64 
127 I 238046620 64 
128 I 238271192 64 
129 I 242616242 64 
130 I 242616270 64 
131 I 242618899 64 
132 I 242618926 64 
133 I 242621634 64 
134 I 242622129 64 
135 I 242625723 64 
136 I 242625750 64 
137 I 243192762 64 
138 I 257986891 64 
139 I 261209060 64 
140 I 286015478 66 
141 I 286016541 64 
142 I 286286330 64 
143 I 286967493 64 
144 I 286967498 64 
145 I 286970113 64 
146 I 286970142 64 
147 I 286972769 64 
148 I 286972795 64 
149 I 286975914 64 
150 I 286975940 64 
151 I 286977521 64 
152 I 293826691 64 
153 I 293827772 64 
154 I 293829473 64 
155 I 293829477 64 
156 I 293832598 64 
157 I 293832623 64 
158 I 293835655 64 
159 I 294598943 64 
160 I 309395039 64 
161 I 321208323 64 
162 I 328468742 66 
163 I 328469821 64 
164 I 328833350 64 
