0 I 0 379 
1 I 1348 158 
2 I 3480 400 
3 I 49697 64 
4 I 68633 438 
5 I 35185706 199 
6 I 35239615 64 
7 I 35305748 1518 
8 I 35305767 1518 
9 I 35305772 329 
10 I 43277217 526 
11 I 43316237 417 
12 I 43370095 141 
13 I 57125124 128 
14 I 57127584 128 
15 I 57179541 64 
16 I 57190750 129 
17 I 58143560 537 
18 I 60713411 199 
19 I 60769506 64 
20 I 60816080 1518 
21 I 60816084 1402 
22 I 64382220 526 
23 I 64420067 417 
24 I 64473618 141 
25 I 71259580 128 
26 I 71262398 128 
27 I 71270426 129 
28 I 72311127 537 
29 I 74296873 199 
30 I 74349480 64 
31 I 74384883 1518 
32 I 74384887 1015 
33 I 77132086 526 
34 I 77171585 417 
35 I 77228163 141 
36 I 83363188 128 
37 I 83366237 128 
38 I 83373252 129 
39 I 86289264 537 
40 I 88304228 199 
41 I 88359464 64 
42 I 88377863 1518 
43 I 88377868 628 
44 I 90301144 526 
45 I 90340697 417 
46 I 90394963 141 
47 I 95899859 128 
48 I 95902361 128 
49 I 95909738 129 
50 I 97214553 537 
51 I 102713218 199 
52 I 122260829 417 
53 I 125801163 199 
