0 I 0 66 
1 I 834 64 
2 I 1159757 159 
3 I 6103926 64 
4 I 6106005 149 
5 I 6256532 64 
6 I 6265197 1518 
7 I 6265221 1518 
8 I 6265242 1518 
9 I 6265271 1518 
10 I 6265275 1223 
11 I 6274954 612 
12 I 6279701 1109 
13 I 6286759 166 
14 I 6300153 1518 
15 I 6300176 1518 
16 I 6300204 1518 
17 I 6300209 1149 
18 I 6310025 1518 
19 I 6310076 463 
20 I 6326479 64 
21 I 6331287 1518 
22 I 6331312 1518 
23 I 6331334 1518 
24 I 6331356 1518 
25 I 6331381 1518 
26 I 6331402 1518 
27 I 6331423 1518 
28 I 6331445 1518 
29 I 6331470 1518 
30 I 6331491 1518 
31 I 6331514 1518 
32 I 6331537 1518 
33 I 6331564 1518 
34 I 6331577 1518 
35 I 6332146 1518 
36 I 6332168 1518 
37 I 6332190 1518 
38 I 6332464 1518 
39 I 6332489 1518 
40 I 6332510 1518 
41 I 6332530 1518 
42 I 6332676 1518 
43 I 6332699 1518 
44 I 6332720 1518 
45 I 6333069 1518 
46 I 6333090 1518 
47 I 6333114 1518 
48 I 6333134 1518 
49 I 6333564 1518 
50 I 6333586 1518 
51 I 6333612 1518 
52 I 6333633 1518 
53 I 6333690 1518 
54 I 6333713 1518 
55 I 6333735 1518 
56 I 6334057 1518 
57 I 6334083 1518 
58 I 6334104 1518 
59 I 6334113 1518 
60 I 6334253 1518 
61 I 6334276 1518 
62 I 6334297 1518 
63 I 6334665 1518 
64 I 6334701 1518 
65 I 6334705 1354 
66 I 6483328 122 
67 I 6532095 1518 
68 I 6532120 1518 
69 I 6532143 1518 
70 I 6532148 593 
71 I 6628022 811 
72 I 6630868 155 
73 I 6654596 1518 
74 I 6654619 1518 
75 I 6654623 657 
76 I 6662565 698 
77 I 9176387 318 
78 I 9285260 375 
79 I 26276465 64 
80 I 26313216 608 
81 I 29516469 64 
82 I 29612719 1518 
83 I 29612724 971 
84 I 30562402 599 
85 I 33594133 64 
86 I 33594216 888 
87 I 33656534 275 
88 I 41427557 314 
89 I 41429094 157 
90 I 41432226 716 
91 I 41576474 64 
92 I 41957946 754 
93 I 48592207 64 
94 I 48592259 730 
95 I 50296374 64 
96 I 50316848 1518 
97 I 50316853 1387 
98 I 51130538 656 
99 I 52956396 64 
100 I 52960245 1006 
101 I 53021282 296 
102 I 54712261 656 
103 I 55772711 896 
104 I 55832577 287 
105 I 62531999 314 
106 I 62533403 157 
107 I 62536510 724 
108 I 62626401 64 
109 I 62642398 762 
110 I 69918370 64 
111 I 69918425 661 
112 I 72135864 1518 
113 I 72135868 1161 
114 I 73210814 625 
115 I 74156424 963 
116 I 74217627 302 
117 I 126622582 313 
118 I 126624186 157 
119 I 126627365 788 
120 I 126723091 64 
121 I 126735706 826 
122 I 155984257 372 
123 I 155985971 157 
124 I 155989274 800 
125 I 156067272 838 
