0 I 0 82 
1 I 42542 70 
2 I 992961 70 
3 I 2055328 86 
4 I 2087461 75 
5 I 7459055 70 
6 I 7459234 70 
7 I 103988935 82 
8 I 104031881 70 
9 I 104498491 75 
10 I 104768826 70 
11 I 106258894 92 
12 I 106284736 75 
13 I 108152209 70 
14 I 108883239 78 
15 I 109762236 70 
16 I 110880728 75 
17 I 113222119 70 
18 I 115512147 70 
19 I 115777596 87 
20 I 115837467 75 
21 I 117252163 70 
22 I 118719415 94 
23 I 118732945 86 
24 I 119672131 70 
25 I 123562224 70 
26 I 123913769 75 
27 I 129132101 70 
28 I 129363333 83 
29 I 129420271 75 
30 I 132112078 70 
31 I 133560146 86 
32 I 137102056 70 
33 I 138545504 82 
34 I 138588540 70 
35 I 142389688 84 
36 I 142572132 70 
37 I 144012290 86 
38 I 144362343 70 
39 I 145747027 92 
40 I 148016823 70 
41 I 148017011 70 
