0 I 0 64 
1 I 219933 64 
2 I 226430327 66 
3 I 226431385 64 
4 I 228569971 66 
5 I 228570979 64 
6 I 228575012 64 
7 I 228602805 64 
8 I 229821460 64 
9 I 230487079 64 
10 I 230631352 64 
11 I 235191242 64 
12 I 245700923 64 
13 I 245928576 64 
14 I 245980877 64 
15 I 248267467 66 
16 I 248268517 64 
17 I 248269592 73 
18 I 248270274 64 
19 I 248491067 64 
20 I 263420302 64 
21 I 263500355 64 
22 I 275991545 66 
23 I 275992666 64 
24 I 277954672 66 
25 I 277955688 64 
26 I 277957422 64 
27 I 277983659 64 
28 I 286479406 64 
29 I 287975328 64 
30 I 288169284 64 
31 I 303048766 64 
32 I 303208831 64 
