0 I 0 66 
1 I 99294 64 
2 I 1781920 66 
3 I 1874368 64 
4 I 3567431 66 
5 I 3650288 64 
6 I 4205611 66 
7 I 4287620 64 
8 I 4999260 66 
9 I 5081411 64 
10 I 5712357 66 
11 I 5795803 64 
12 I 6544559 66 
13 I 6627275 64 
14 I 7317702 66 
15 I 7399320 64 
16 I 8084378 66 
17 I 8166111 64 
18 I 8466680 72 
19 I 8695454 66 
20 I 8778499 64 
21 I 9349449 66 
22 I 9431192 64 
23 I 10206581 66 
24 I 10292540 64 
25 I 10946867 66 
26 I 11028862 64 
27 I 11325922 72 
28 I 11743299 66 
29 I 11824962 64 
30 I 12845705 96 
31 I 13176387 66 
32 I 13258118 64 
33 I 15048271 66 
34 I 15134517 64 
35 I 15462494 74 
36 I 15880301 66 
37 I 15962677 64 
38 I 16737945 70 
39 I 17083362 66 
40 I 17165092 64 
41 I 17483557 64 
42 I 17926516 66 
43 I 18008374 64 
44 I 18691723 66 
45 I 18773715 64 
46 I 20941939 66 
47 I 21023977 64 
48 I 21738692 66 
49 I 21821780 64 
50 I 22142115 72 
51 I 22551173 66 
52 I 22632997 64 
53 I 23379563 66 
54 I 23461417 64 
55 I 25272318 66 
56 I 25354021 64 
57 I 25669460 71 
58 I 25868394 66 
59 I 25950095 64 
60 I 27098117 66 
61 I 27180287 64 
62 I 27507605 72 
63 I 28740719 66 
64 I 28823169 64 
65 I 29165729 64 
66 I 119651895 66 
67 I 119733597 64 
68 I 120040238 64 
69 I 121264945 66 
70 I 121349587 64 
71 I 121942624 66 
72 I 122025268 64 
73 I 122773266 66 
74 I 122877622 64 
75 I 123577685 66 
76 I 123659329 64 
77 I 124850639 79 
78 I 125174597 66 
79 I 125256585 64 
80 I 125625866 75 
81 I 126006216 66 
82 I 126089277 64 
83 I 126798351 66 
84 I 126881789 64 
85 I 127618288 66 
86 I 127699939 64 
87 I 128083224 75 
88 I 128444670 66 
89 I 128526523 64 
90 I 129245885 66 
91 I 129327692 64 
92 I 130077939 66 
93 I 130159649 64 
94 I 131296582 66 
95 I 131383123 64 
96 I 132157836 66 
97 I 132240175 64 
98 I 133102406 73 
99 I 133374468 66 
100 I 133456238 64 
101 I 134184830 66 
102 I 134266631 64 
103 I 134994556 66 
104 I 135076397 64 
105 I 135803057 66 
106 I 135884686 64 
107 I 136221349 64 
108 I 136616576 66 
109 I 136698360 64 
110 I 137416671 66 
111 I 137498847 64 
112 I 138367532 67 
113 I 138376745 84 
114 I 138634472 66 
115 I 138716829 64 
116 I 140474828 66 
117 I 140557002 64 
118 I 141369366 66 
119 I 141451101 64 
120 I 141753218 72 
121 I 141978789 66 
122 I 142061271 64 
123 I 143820512 66 
124 I 143902376 64 
125 I 146242863 66 
126 I 146324609 64 
127 I 147055442 66 
128 I 147137114 64 
129 I 147470030 64 
130 I 148663646 66 
131 I 148771055 64 
