0 I 0 66 
1 I 9066 64 
2 I 463720 66 
3 I 465110 66 
4 I 472683 64 
5 I 474318 64 
6 I 484545 72 
7 I 497359 64 
8 I 497529 64 
9 I 497676 64 
10 I 498342 66 
11 I 498829 66 
12 I 499016 66 
13 I 507420 64 
14 I 507706 64 
15 I 508156 64 
16 I 517453 64 
17 I 517867 64 
18 I 518361 64 
19 I 15530977 64 
20 I 15531106 64 
21 I 15540988 64 
22 I 15541061 64 
23 I 15541171 64 
24 I 15541254 64 
25 I 27326197 64 
26 I 29372680 64 
27 I 29372733 64 
28 I 29372772 64 
29 I 29372802 64 
30 I 29372842 64 
