0 I 0 64 
1 I 1934766 1518 
2 I 1934791 1518 
3 I 1934812 1518 
4 I 1934817 231 
5 I 1984207 1518 
6 I 1984231 1518 
7 I 1984252 1518 
8 I 1984256 64 
9 I 1991686 1518 
10 I 1991710 1518 
11 I 1991730 1518 
12 I 1991736 127 
13 I 1999587 1518 
14 I 1999608 1518 
15 I 1999627 1450 
16 I 2006074 1518 
17 I 2006097 1518 
18 I 2006118 1518 
19 I 2006123 73 
20 I 2012509 1518 
21 I 2012514 1518 
22 I 2012518 1400 
23 I 2018443 1074 
24 I 10273062 411 
25 I 10299784 64 
26 I 10325173 1518 
27 I 10325178 129 
28 I 100249393 1044 
29 I 100391928 138 
30 I 100439583 64 
31 I 101608320 1212 
32 I 113689554 64 
33 I 113690587 752 
34 I 115749689 64 
35 I 115759398 1518 
36 I 115759403 651 
37 I 115919543 64 
38 I 115924174 1518 
39 I 115924195 962 
40 I 128173781 64 
41 I 128175935 1518 
42 I 128175940 163 
43 I 128439299 64 
44 I 128447430 138 
45 I 128452568 64 
46 I 128916870 1518 
47 I 128916875 698 
48 I 142546676 1216 
49 I 142714170 138 
50 I 142759479 64 
51 I 143168988 1518 
52 I 143168992 280 
53 I 158769462 64 
54 I 158773093 1176 
55 I 183079452 64 
56 I 183088895 1518 
57 I 183088899 607 
58 I 183219849 1518 
59 I 183219853 757 
60 I 183353539 1518 
61 I 183353544 529 
62 I 245881586 1518 
63 I 245881590 69 
64 I 246099862 64 
65 I 246108481 138 
66 I 246113229 64 
67 I 247402110 1518 
68 I 247402115 229 
69 I 291153249 64 
70 I 291155210 1518 
71 I 291155216 192 
72 I 291360541 64 
73 I 291366825 138 
74 I 291371857 64 
75 I 291767220 1518 
76 I 291767225 436 
77 I 310013563 64 
78 I 310015375 1518 
79 I 310015381 87 
80 I 310226517 64 
81 I 310232751 138 
82 I 310237978 64 
83 I 310405511 1518 
84 I 310405515 317 
85 I 314699174 1518 
86 I 314699200 1518 
87 I 314699221 1518 
88 I 314699226 174 
89 I 314747023 1518 
90 I 314747048 1518 
91 I 314747081 1518 
92 I 314747086 178 
93 I 314754521 1518 
94 I 314754542 1518 
95 I 314754564 1494 
96 I 314760968 1518 
97 I 314760978 1518 
98 I 314760985 1419 
99 I 314767321 1518 
100 I 314767346 1518 
101 I 314767368 1518 
102 I 314767373 112 
103 I 314773758 1518 
104 I 314773796 1518 
105 I 314773801 1399 
106 I 314780132 731 
