0 I 0 64 
1 I 12017464 64 
2 I 20494441 64 
3 I 22203498 64 
4 I 22517405 64 
5 I 30026992 64 
6 I 43018624 64 
7 I 50993918 64 
8 I 53266300 64 
9 I 60994269 64 
10 I 73277956 64 
11 I 81582120 64 
12 I 82207412 64 
13 I 82211036 64 
14 I 83280584 64 
15 I 91043765 64 
16 I 103286491 64 
17 I 112008677 64 
18 I 114221672 64 
19 I 121802227 64 
20 I 135018025 64 
21 I 141995643 64 
22 I 142205114 64 
23 I 142213105 64 
24 I 142216772 64 
25 I 142223831 64 
26 I 142223836 64 
27 I 142224897 64 
28 I 142242184 64 
29 I 142242189 64 
30 I 145019335 64 
31 I 151996549 64 
32 I 165218991 64 
33 I 171996521 64 
34 I 175218221 64 
35 I 181996795 64 
36 I 195340929 64 
37 I 202207421 64 
38 I 202608734 64 
39 I 205318636 64 
40 I 212221093 64 
41 I 225729251 64 
42 I 232264202 64 
43 I 235730810 64 
44 I 242782810 64 
45 I 245370395 64 
46 I 262206348 64 
47 I 262996667 64 
48 I 266322456 64 
49 I 266322724 64 
50 I 272997507 64 
51 I 286343863 64 
52 I 293447046 64 
53 I 296344753 64 
54 I 303971476 64 
55 I 316352638 64 
56 I 322208391 64 
57 I 324575979 64 
58 I 327218408 64 
59 I 334009516 64 
