0 I 0 70 
1 I 405 64 
2 I 534 196 
3 I 496664 64 
4 I 497211 253 
5 I 608861 64 
6 I 2841050 253 
7 I 2927522 64 
8 I 6622525 256 
9 I 6677509 64 
10 I 6852887 256 
11 I 6954865 64 
12 I 6954893 255 
13 I 7007495 64 
14 I 31101240 70 
15 I 31102742 64 
16 I 31102949 195 
17 I 31704436 64 
18 I 31704622 127 
19 I 31779643 64 
20 I 32127419 131 
21 I 32141523 1518 
22 I 32141549 1518 
23 I 32141573 1518 
24 I 32141596 1518 
25 I 32141618 1518 
26 I 32141637 1518 
27 I 32142071 1518 
28 I 32142097 1518 
29 I 32142118 1518 
30 I 32142218 1518 
31 I 32142234 1518 
32 I 32142253 1518 
33 I 32142284 1518 
34 I 32142309 1518 
35 I 32142348 1518 
36 I 32142406 1518 
37 I 32142425 1518 
38 I 32142430 778 
39 I 32246635 64 
40 I 34825236 392 
41 I 34957510 64 
