0 I 0 80 
1 I 418745 44 
2 I 642618 74 
3 I 869052 44 
4 I 1285212 93 
5 I 1927785 66 
6 I 2570522 85 
7 I 2828827 44 
8 I 3210884 289 
9 I 3512416 44 
10 I 3853791 251 
11 I 3944363 44 
12 I 4493823 66 
13 I 4705344 44 
14 I 5136988 64 
15 I 5777148 62 
16 I 5955366 44 
17 I 6417331 97 
18 I 6495091 44 
19 I 7060060 60 
20 I 7699781 77 
21 I 7756995 44 
22 I 8157659 44 
23 I 8344281 602 
24 I 8746785 44 
25 I 8985518 161 
26 I 9627784 72 
27 I 10270615 90 
28 I 10911431 82 
29 I 11261917 44 
30 I 11553987 85 
31 I 11566214 44 
32 I 12196549 125 
33 I 12836999 71 
34 I 13046222 44 
35 I 13479878 201 
36 I 13758036 44 
37 I 14120954 65 
38 I 14759905 193 
39 I 14877357 44 
40 I 15403046 75 
41 I 15638369 44 
42 I 15991824 44 
43 I 16044280 58 
44 I 16686896 68 
45 I 17326941 57 
46 I 17968612 57 
47 I 18611127 66 
48 I 19253952 214 
49 I 19523227 44 
50 I 19896191 57 
51 I 19913404 44 
52 I 20539003 63 
53 I 21180949 70 
54 I 21824015 67 
55 I 22466198 56 
56 I 23108441 62 
57 I 23749115 62 
58 I 24392493 152 
59 I 24469811 44 
60 I 25035398 56 
61 I 25676510 63 
62 I 26190040 63 
63 I 26411002 70 
64 I 26959929 57 
65 I 27600132 57 
66 I 28242901 55 
67 I 28315499 44 
68 I 28885314 60 
69 I 29527927 304 
70 I 29939046 44 
71 I 30170624 132 
72 I 30812874 56 
73 I 31228137 44 
74 I 31453469 68 
75 I 32096063 56 
76 I 32274178 44 
77 I 32738483 61 
78 I 32871329 44 
79 I 33381619 57 
80 I 33583343 44 
81 I 34022925 68 
82 I 34664978 174 
83 I 35304795 162 
84 I 35947131 58 
85 I 36016268 44 
86 I 36589809 58 
87 I 37229877 58 
88 I 37870711 58 
89 I 38403990 44 
90 I 38513143 61 
91 I 38853312 44 
92 I 39156044 57 
93 I 39200414 44 
94 I 39798098 58 
95 I 40441263 62 
96 I 41081266 63 
97 I 41675824 44 
98 I 41722050 56 
99 I 42115082 44 
100 I 42365069 191 
101 I 42493434 44 
102 I 42909118 44 
103 I 43007748 56 
104 I 43443065 44 
105 I 43649268 60 
106 I 44200117 44 
107 I 44291862 56 
108 I 44526447 44 
109 I 44908860 44 
110 I 44932839 283 
111 I 45195531 56 
112 I 45264013 44 
113 I 45434129 283 
114 I 45573910 56 
115 I 45689943 44 
116 I 46095768 44 
117 I 46213387 57 
118 I 46594110 44 
119 I 46854108 62 
120 I 47392858 44 
121 I 47496770 58 
122 I 47658427 44 
123 I 48095859 44 
124 I 48139383 62 
125 I 48613374 44 
126 I 48779430 60 
127 I 48822519 44 
128 I 49257924 44 
129 I 49420266 58 
130 I 49712794 44 
131 I 50047202 44 
132 I 50062512 300 
133 I 50628860 44 
134 I 50704220 59 
135 I 50805506 44 
136 I 51296785 44 
137 I 51345115 59 
138 I 51706737 44 
139 I 51971004 44 
140 I 51986298 57 
141 I 52414068 44 
142 I 52629439 59 
143 I 52837438 44 
144 I 53256430 44 
145 I 53271396 68 
146 I 53699047 44 
147 I 53914476 58 
148 I 54118718 44 
149 I 54541082 44 
150 I 54556775 63 
151 I 54989674 44 
152 I 55197056 59 
153 I 55452751 44 
154 I 55824134 44 
155 I 55840472 58 
156 I 56483189 58 
157 I 56987502 58 
158 I 57323322 58 
159 I 57762455 58 
160 I 58404583 63 
161 I 59044321 60 
162 I 59409022 44 
163 I 59686696 59 
164 I 60329881 64 
165 I 60972693 59 
166 I 61612529 58 
167 I 62254268 58 
168 I 62895677 58 
169 I 63537269 58 
170 I 64178293 57 
171 I 64253210 44 
172 I 64820983 57 
173 I 65463044 57 
174 I 66104104 57 
175 I 66747628 56 
176 I 67330200 44 
177 I 67388889 56 
178 I 68031394 55 
179 I 68673337 61 
180 I 69252385 44 
181 I 69314652 214 
182 I 69613960 44 
183 I 69625665 44 
184 I 69956758 82 
185 I 70085584 44 
186 I 70489848 44 
187 I 70597444 60 
188 I 70937045 44 
189 I 71240233 62 
190 I 71458673 44 
191 I 71806471 44 
192 I 71882853 56 
193 I 72436878 44 
194 I 72526308 57 
195 I 72624327 44 
196 I 73106683 44 
197 I 73165629 57 
198 I 73567611 44 
199 I 73808974 57 
200 I 73905507 44 
201 I 74376149 44 
202 I 74448996 57 
203 I 74778715 44 
204 I 75038167 44 
205 I 75092522 332 
206 I 75450491 44 
207 I 75733621 57 
208 I 75996986 44 
209 I 76361056 44 
210 I 76376432 61 
211 I 76838729 44 
212 I 77018537 58 
213 I 77069149 44 
214 I 77349425 56 
215 I 77478522 44 
216 I 77661097 221 
217 I 77806546 44 
218 I 78227238 44 
219 I 78303977 91 
220 I 78656859 44 
221 I 78945178 57 
222 I 79108002 44 
223 I 79569471 44 
224 I 79584576 57 
225 I 79947725 44 
226 I 80189947 44 
227 I 80227477 63 
228 I 80870820 224 
229 I 81512005 70 
230 I 81605781 44 
231 I 81660623 44 
232 I 81875086 44 
233 I 82111540 44 
234 I 82152735 96 
235 I 82451390 44 
236 I 82718945 44 
237 I 82793164 86 
238 I 83118076 44 
239 I 83434408 57 
240 I 84011890 44 
241 I 84074274 56 
242 I 84246227 44 
243 I 84648418 44 
244 I 84715114 61 
245 I 85099596 44 
246 I 85357133 197 
247 I 85437365 44 
248 I 85853659 44 
249 I 85998103 57 
250 I 86304458 44 
251 I 86625238 44 
252 I 86641139 163 
253 I 87226281 44 
254 I 87283402 61 
255 I 87413689 44 
256 I 87878499 44 
257 I 87925748 102 
258 I 88556271 44 
259 I 88567228 56 
260 I 88759775 44 
261 I 89048777 56 
262 I 89089379 56 
263 I 89147118 44 
264 I 89409867 57 
265 I 89527797 44 
266 I 89849963 56 
267 I 89938996 44 
268 I 90345024 44 
269 I 90492074 62 
270 I 90796144 44 
271 I 91116980 44 
272 I 91132685 57 
273 I 91741402 44 
274 I 91774587 67 
275 I 91893757 44 
276 I 92370335 44 
277 I 92415763 140 
278 I 92821332 44 
279 I 93043321 44 
280 I 93057672 58 
281 I 93524376 44 
282 I 93700894 57 
283 I 93913233 44 
284 I 94327489 44 
285 I 94343042 62 
286 I 94743547 44 
287 I 94983736 74 
288 I 95197999 44 
289 I 95600352 44 
290 I 95625958 97 
291 I 96047555 44 
292 I 96266112 57 
293 I 96907912 65 
294 I 97548346 119 
295 I 97798069 44 
296 I 98143843 44 
297 I 98190243 70 
298 I 98583584 44 
299 I 98832476 58 
300 I 99004578 44 
301 I 99420254 44 
302 I 99473495 117 
303 I 99849837 44 
304 I 100115409 61 
305 I 100453104 44 
306 I 100755819 97 
307 I 100974754 44 
308 I 101397046 105 
309 I 101535168 44 
310 I 102034981 44 
311 I 102040036 103 
312 I 102423756 44 
313 I 102681984 137 
314 I 103019627 44 
315 I 103324877 179 
316 I 103966846 68 
317 I 104263299 44 
318 I 104474395 68 
319 I 104609759 58 
320 I 104707186 44 
321 I 105040640 44 
322 I 105252053 262 
323 I 105511374 44 
324 I 105877122 44 
325 I 105892565 107 
326 I 106353055 44 
327 I 106532183 84 
328 I 106645940 44 
329 I 107120559 44 
330 I 107173168 119 
331 I 107542887 44 
332 I 107813704 61 
333 I 107876882 44 
334 I 108366496 44 
335 I 108454560 69 
336 I 108754724 44 
337 I 109081725 44 
338 I 109096304 71 
339 I 109573400 44 
340 I 109737592 94 
341 I 109798218 44 
342 I 110284305 44 
343 I 110377924 60 
344 I 110731629 44 
345 I 111003776 44 
346 I 111019830 284 
347 I 111635677 44 
348 I 111661526 69 
349 I 111901238 44 
350 I 112270339 44 
351 I 112301628 59 
352 I 112787948 44 
353 I 112941805 84 
354 I 113061269 44 
355 I 113479503 44 
356 I 113582106 67 
357 I 113944203 44 
358 I 114225530 96 
359 I 114454366 44 
360 I 114852542 44 
361 I 114867397 59 
362 I 115295380 44 
363 I 115507494 60 
364 I 115914808 44 
365 I 116148820 258 
366 I 116265981 44 
367 I 116774384 44 
368 I 116789138 59 
369 I 117164363 44 
370 I 117429393 57 
371 I 117633649 44 
372 I 118055332 44 
373 I 118070404 61 
374 I 118461180 44 
375 I 118677890 44 
376 I 118710163 85 
377 I 119209295 44 
378 I 119353723 98 
379 I 119558607 44 
380 I 119980959 44 
381 I 119995793 58 
382 I 120371090 44 
383 I 120636395 81 
384 I 120818231 44 
385 I 121220585 44 
386 I 121277360 217 
387 I 121654051 44 
388 I 121831971 44 
389 I 121919538 59 
390 I 122347450 44 
391 I 122561953 95 
392 I 122734007 44 
393 I 123095592 95 
394 I 123193571 56 
395 I 123481605 59 
396 I 123843568 75 
397 I 124212776 44 
398 I 124485633 99 
399 I 124636133 44 
400 I 125026729 44 
401 I 125126322 63 
402 I 125534514 44 
403 I 125767181 68 
404 I 126059843 44 
405 I 126331306 44 
406 I 126407640 236 
407 I 126751521 44 
408 I 127033449 44 
409 I 127048237 125 
410 I 127381977 44 
411 I 127688999 59 
412 I 127772548 44 
413 I 128219724 44 
414 I 128331230 59 
415 I 128672978 44 
416 I 128956537 44 
417 I 128972336 64 
418 I 129544462 44 
419 I 129614711 64 
420 I 129702040 44 
421 I 130256977 60 
422 I 130899084 60 
423 I 131541450 193 
424 I 132181847 59 
425 I 132822947 64 
426 I 133462987 122 
427 I 134103895 70 
428 I 134305406 44 
429 I 134744812 70 
430 I 135238542 70 
431 I 135469890 64 
432 I 136026948 114 
433 I 136384881 44 
434 I 136667833 202 
435 I 137308674 69 
436 I 137541433 44 
437 I 137949887 98 
438 I 138591823 76 
439 I 138838550 44 
440 I 139231990 100 
441 I 139872549 63 
442 I 140337724 44 
443 I 140514918 63 
444 I 140730044 44 
445 I 141122542 44 
446 I 141156016 61 
447 I 141618764 44 
448 I 141797002 222 
449 I 142437301 60 
450 I 143080641 61 
451 I 143722163 61 
452 I 144363399 63 
453 I 145005389 61 
454 I 145648485 60 
455 I 146289691 59 
456 I 146636568 44 
457 I 146931497 227 
458 I 147573278 84 
459 I 148214684 62 
460 I 148854369 57 
461 I 149494963 57 
462 I 150135598 57 
463 I 150778012 95 
464 I 151420212 57 
465 I 151694826 44 
466 I 152060572 56 
467 I 152701391 56 
468 I 153222840 56 
469 I 153685897 61 
470 I 153984404 57 
471 I 154625260 56 
472 I 154906494 44 
473 I 155267311 67 
474 I 155909215 72 
475 I 156550266 67 
476 I 156766718 44 
477 I 157172277 44 
478 I 157190592 138 
479 I 157597727 44 
480 I 157832007 103 
481 I 157952925 44 
482 I 158423459 44 
483 I 158473978 94 
484 I 158823907 44 
485 I 159115400 58 
486 I 159304199 44 
487 I 159546398 44 
488 I 159757208 58 
489 I 160013084 44 
490 I 160398055 57 
491 I 160575532 44 
492 I 161007115 44 
493 I 161040766 57 
494 I 161317685 44 
495 I 161589088 44 
496 I 161684019 56 
497 I 161987489 44 
498 I 162324319 129 
499 I 162907405 44 
500 I 162966205 56 
501 I 163147883 44 
502 I 163593572 44 
503 I 163609403 56 
504 I 164063524 44 
505 I 164251121 56 
506 I 164430577 44 
507 I 164878546 44 
508 I 164893813 56 
509 I 165326942 44 
510 I 165536609 56 
511 I 165582990 44 
512 I 165995279 44 
513 I 166178698 56 
514 I 166481945 44 
515 I 166805878 44 
516 I 166821154 55 
517 I 167289866 44 
518 I 167463417 144 
519 I 167592491 44 
520 I 168104353 55 
521 I 168256628 56 
522 I 168600050 55 
523 I 168707353 44 
524 I 168747022 55 
525 I 168848666 44 
526 I 168974321 44 
527 I 169197652 44 
528 I 169389436 55 
529 I 169477087 44 
530 I 169945603 44 
531 I 170032803 55 
532 I 170424442 44 
533 I 170673717 55 
534 I 170721132 44 
535 I 171111523 44 
536 I 171315049 55 
537 I 171580193 44 
538 I 171942555 44 
539 I 171958110 59 
540 I 172412477 44 
541 I 172597763 141 
542 I 172670023 44 
543 I 173064368 44 
544 I 173238670 55 
545 I 173587775 44 
546 I 173880797 55 
547 I 173967623 44 
548 I 174169165 44 
549 I 174521942 55 
550 I 174846083 44 
551 I 175164090 55 
552 I 175721182 44 
553 I 175771229 44 
554 I 175807710 55 
555 I 176259751 44 
556 I 176447832 55 
557 I 176747771 44 
558 I 177046352 44 
559 I 177090132 58 
560 I 177595290 44 
561 I 177730235 211 
562 I 177831729 44 
563 I 178251354 44 
564 I 178373422 59 
565 I 178751249 44 
566 I 179000550 44 
567 I 179015968 102 
568 I 179589194 44 
569 I 179655398 143 
570 I 179792347 44 
571 I 180251171 44 
572 I 180296616 60 
573 I 180759187 44 
574 I 180924237 44 
575 I 180939797 93 
576 I 181582396 57 
577 I 182222210 60 
578 I 182428811 44 
579 I 182865273 86 
580 I 183505901 153 
581 I 184146356 68 
582 I 184788290 66 
583 I 185430921 57 
584 I 186072517 66 
585 I 186714380 57 
586 I 187219296 57 
587 I 187404011 44 
588 I 187513769 57 
589 I 187995504 56 
590 I 188637551 315 
591 I 189280337 59 
592 I 189490775 44 
593 I 189922997 83 
594 I 190564907 64 
595 I 190781065 44 
596 I 191208362 88 
597 I 191465100 44 
598 I 191849269 76 
599 I 191850989 44 
600 I 192278401 44 
601 I 192489002 71 
602 I 192640668 44 
603 I 193074186 44 
604 I 193131181 89 
605 I 193603357 44 
606 I 193773537 66 
607 I 193872665 44 
608 I 194319935 44 
609 I 194417174 334 
610 I 195056115 70 
611 I 195699575 62 
612 I 196343254 78 
613 I 196590560 44 
614 I 196984989 57 
615 I 197037974 44 
616 I 197423468 44 
617 I 197625889 66 
618 I 197805842 44 
619 I 198266258 81 
620 I 198662016 44 
621 I 198906603 74 
622 I 199039746 44 
623 I 199204246 56 
624 I 199422831 74 
625 I 199462989 44 
626 I 199599739 118 
627 I 200188841 72 
628 I 200722007 44 
629 I 200831310 74 
630 I 201245308 44 
631 I 201462514 44 
632 I 201474041 57 
633 I 201891275 44 
634 I 202116445 64 
635 I 202281956 44 
636 I 202715588 44 
637 I 202759523 59 
638 I 203182144 44 
639 I 203401254 64 
640 I 203484944 44 
641 I 204043487 59 
642 I 204687506 167 
643 I 205329650 62 
644 I 205439262 44 
645 I 205821663 44 
646 I 205971338 58 
647 I 206283901 44 
648 I 206611485 58 
649 I 206695054 44 
650 I 207162211 44 
651 I 207252387 65 
652 I 207580243 44 
653 I 207894728 58 
654 I 208537815 58 
655 I 209017751 44 
656 I 209178367 98 
657 I 209576101 44 
658 I 209791036 44 
659 I 209821553 155 
660 I 210168557 44 
661 I 210462757 58 
662 I 210550504 44 
663 I 210984031 44 
664 I 211106270 61 
665 I 211455421 44 
666 I 211734067 44 
667 I 211750590 58 
668 I 212327929 44 
669 I 212388956 58 
670 I 212519331 44 
671 I 213016014 44 
672 I 213032238 56 
673 I 213436893 44 
674 I 213674175 56 
675 I 213819805 44 
676 I 214299375 44 
677 I 214314900 56 
678 I 214601104 44 
679 I 214941291 44 
680 I 214956727 58 
681 I 215515369 44 
682 I 215599363 144 
683 I 215761112 44 
684 I 216224994 44 
685 I 216239937 55 
686 I 216614285 44 
687 I 216882984 55 
688 I 217102577 44 
689 I 217503217 44 
690 I 217522862 59 
691 I 217973910 44 
692 I 218150970 44 
693 I 218165866 61 
694 I 218633899 44 
695 I 218806179 56 
696 I 218934606 44 
697 I 219324975 56 
698 I 219433210 56 
699 I 219715778 56 
700 I 220091551 56 
701 I 220147069 44 
702 I 220539659 44 
703 I 220732166 106 
704 I 221049715 44 
705 I 221358608 44 
706 I 221375064 55 
707 I 222015278 55 
708 I 222657043 55 
709 I 223299261 55 
710 I 223942234 55 
711 I 224584244 55 
712 I 225226033 55 
713 I 225866186 117 
714 I 226173785 44 
715 I 226408358 44 
716 I 226508964 66 
717 I 226793576 44 
718 I 227148728 55 
719 I 227210753 44 
720 I 227681452 44 
721 I 227789264 55 
722 I 228150116 44 
723 I 228414327 44 
724 I 228429270 55 
725 I 229025040 44 
726 I 229070328 60 
727 I 229714359 55 
728 I 230353483 56 
729 I 230996296 216 
730 I 231353041 44 
731 I 231495999 216 
732 I 231735476 56 
733 I 232279142 55 
734 I 232628030 44 
735 I 232770361 44 
736 I 232921164 55 
737 I 233101609 44 
738 I 233413233 44 
739 I 233565324 60 
740 I 233884467 44 
741 I 234191710 44 
742 I 234206909 56 
743 I 234714105 44 
744 I 234849143 61 
745 I 235038784 44 
746 I 235373539 44 
747 I 235491231 57 
748 I 235760236 44 
749 I 236131169 57 
750 I 236235945 44 
751 I 236649149 44 
752 I 236773118 56 
753 I 237113937 44 
754 I 237400064 44 
755 I 237415118 113 
756 I 237969357 44 
757 I 238057562 56 
758 I 238219305 44 
759 I 238684555 44 
760 I 238699677 56 
761 I 239035582 44 
762 I 239340708 56 
763 I 239389330 44 
764 I 239817364 44 
765 I 239983487 60 
766 I 240305046 44 
767 I 240614684 44 
768 I 240629838 56 
769 I 241138899 44 
770 I 241268120 56 
771 I 241367947 44 
772 I 241806787 44 
773 I 241909261 56 
774 I 242349718 44 
775 I 242534210 44 
776 I 242549696 56 
777 I 243138740 44 
778 I 243192590 170 
779 I 243518732 44 
780 I 243834001 56 
781 I 243903600 44 
782 I 244308564 44 
783 I 244475076 56 
784 I 244742056 44 
785 I 245116736 55 
786 I 245587594 44 
787 I 245758016 55 
788 I 245997803 44 
789 I 246243920 55 
790 I 246493953 44 
791 I 246584482 55 
792 I 246964651 44 
793 I 247040807 58 
794 I 247421489 44 
795 I 247663627 44 
796 I 247680795 92 
797 I 248321839 140 
798 I 248964267 56 
799 I 249604834 135 
800 I 250245694 56 
801 I 250888370 56 
802 I 251529700 56 
803 I 252170835 98 
804 I 252709919 44 
805 I 252812412 56 
806 I 253455950 149 
807 I 254095192 54 
808 I 254737474 59 
809 I 255381051 55 
810 I 255794981 44 
811 I 255931549 44 
812 I 256020305 153 
813 I 256632915 44 
814 I 256662451 55 
815 I 257018004 44 
816 I 257303632 55 
817 I 257389018 44 
818 I 257838529 44 
819 I 257945270 55 
820 I 258276074 44 
821 I 258573004 44 
822 I 258588383 55 
823 I 259205275 44 
824 I 259229733 55 
825 I 259870957 57 
826 I 260511972 61 
827 I 261153293 153 
828 I 261798137 55 
829 I 262436328 55 
830 I 263078252 56 
831 I 263478379 44 
832 I 263721849 56 
833 I 264360729 56 
834 I 265001820 88 
835 I 265605143 88 
836 I 265894633 56 
837 I 266000129 44 
838 I 266287277 152 
839 I 266458772 44 
840 I 266767599 44 
841 I 266927780 56 
842 I 267134165 44 
843 I 267555499 44 
844 I 267570945 60 
845 I 267926942 44 
846 I 268211972 56 
847 I 268294337 44 
848 I 268653516 44 
849 I 268853730 56 
850 I 269168994 44 
851 I 269480755 44 
852 I 269496735 56 
853 I 270010697 44 
854 I 270138149 56 
855 I 270260717 44 
856 I 270606358 44 
857 I 270778654 56 
858 I 271106303 44 
859 I 271405839 44 
860 I 271421827 56 
861 I 271994864 44 
862 I 272061257 55 
863 I 272147174 44 
864 I 272610035 44 
865 I 272702061 55 
866 I 273070999 44 
867 I 273329118 44 
868 I 273343663 55 
869 I 273936064 44 
870 I 273984752 55 
871 I 274176298 44 
872 I 274531709 44 
873 I 274626495 55 
874 I 275006392 44 
875 I 275253015 44 
876 I 275267724 55 
877 I 275865669 44 
878 I 275909355 55 
879 I 276074618 44 
880 I 276515954 44 
881 I 276550568 55 
882 I 277191546 56 
883 I 277701274 56 
884 I 277831771 60 
885 I 278472830 56 
886 I 279113346 56 
887 I 279753772 55 
888 I 280128793 44 
889 I 280394015 141 
890 I 280449293 44 
891 I 280823971 44 
892 I 281035113 59 
893 I 281286969 44 
894 I 281662380 44 
895 I 281677352 55 
896 I 282226254 44 
897 I 282319693 59 
898 I 282435101 44 
899 I 282858872 44 
900 I 282960670 55 
901 I 283343194 44 
902 I 283601103 55 
903 I 284188807 44 
904 I 284241820 85 
905 I 284421191 44 
906 I 284856700 44 
907 I 284883590 56 
908 I 285351048 44 
909 I 285524914 56 
910 I 285589081 44 
911 I 286018723 44 
912 I 286166840 65 
913 I 286473856 44 
914 I 286790706 44 
915 I 286806285 153 
916 I 287356542 44 
917 I 287448502 56 
918 I 287575152 44 
919 I 288005082 44 
920 I 288088735 61 
921 I 288471621 44 
922 I 288729236 57 
923 I 289323249 44 
924 I 289369857 75 
925 I 289514755 44 
926 I 289977252 44 
927 I 290010478 59 
928 I 290436242 44 
929 I 290651391 59 
930 I 290751240 44 
931 I 291147065 44 
932 I 291292133 64 
933 I 291650993 44 
934 I 291933996 64 
935 I 292498425 44 
936 I 292574925 116 
937 I 292721107 44 
938 I 293178223 44 
939 I 293216883 58 
940 I 293672206 44 
941 I 293857661 58 
942 I 294267764 44 
943 I 294498707 58 
944 I 294707191 44 
945 I 295121226 44 
946 I 295141141 58 
947 I 295601618 44 
948 I 295783622 57 
949 I 295902380 44 
950 I 296314430 44 
951 I 296423747 57 
952 I 296765655 44 
953 I 297049353 44 
954 I 297064655 57 
955 I 297145938 56 
956 I 297439940 44 
957 I 297554590 57 
958 I 297725786 198 
959 I 298347977 58 
960 I 298602788 44 
961 I 298989726 59 
962 I 299194390 44 
963 I 299538267 44 
964 I 299630492 59 
