0 I 0 64 
1 I 442286 56 
2 I 442756 1504 
3 I 442885 1504 
4 I 879426 1504 
5 I 879591 1504 
6 I 879724 1504 
7 I 1313523 1504 
8 I 1313714 1504 
9 I 1313899 1504 
10 I 1740121 1504 
11 I 1740208 1504 
12 I 1740343 1504 
13 I 2156096 1504 
14 I 2156446 1504 
15 I 3596224 1504 
16 I 5085319 1504 
17 I 5586129 1504 
18 I 6565211 1504 
19 I 6989078 1504 
20 I 7915378 1504 
21 I 8336148 1504 
22 I 8336286 1504 
23 I 8769785 1504 
24 I 8769939 1504 
25 I 9203665 1504 
26 I 9575379 1504 
27 I 10004427 1504 
28 I 10004601 1504 
29 I 10004730 1504 
30 I 10429549 1504 
31 I 10429649 1504 
32 I 10850958 1504 
33 I 10851124 1504 
34 I 11282054 1504 
35 I 11717415 1504 
36 I 12158364 1504 
37 I 12696529 1504 
38 I 13226928 1504 
39 I 13227054 1504 
40 I 13657439 1504 
41 I 13657590 1504 
42 I 14088987 1504 
43 I 14335723 1504 
44 I 14779737 1504 
45 I 14779839 1504 
46 I 14779966 1504 
47 I 15228530 1504 
48 I 15678131 1504 
49 I 18826273 1504 
50 I 19281943 1504 
51 I 20316229 1504 
52 I 20777712 1504 
53 I 20777811 1504 
54 I 21235814 1504 
55 I 21236100 1504 
56 I 22636556 1504 
57 I 23074222 1504 
58 I 23074363 1504 
59 I 23509857 1504 
60 I 23509953 1504 
61 I 23510092 1504 
62 I 23951041 1504 
63 I 23952318 1504 
64 I 24796619 1504 
65 I 25236105 1504 
66 I 25236200 1504 
67 I 25660731 1504 
68 I 26456983 1504 
69 I 26868860 1504 
70 I 26868997 1504 
71 I 27281602 1504 
72 I 27282439 1504 
73 I 28038055 1504 
74 I 28433380 1504 
75 I 28433464 1504 
76 I 28820551 1504 
77 I 28820732 1504 
78 I 29536904 1504 
79 I 29917676 1504 
80 I 30617184 1504 
81 I 30990492 1504 
82 I 30990670 1504 
83 I 31345603 1504 
84 I 31345905 1504 
85 I 31997531 1504 
86 I 32356520 1504 
87 I 32719308 1504 
88 I 32719442 1504 
89 I 32719609 1504 
90 I 33087130 1504 
91 I 33087254 1504 
92 I 33461042 1504 
93 I 33461142 1504 
94 I 33833072 1504 
95 I 33833197 1504 
96 I 34201354 1504 
97 I 34560562 1504 
98 I 36417645 1504 
99 I 36804725 1504 
100 I 37286515 1504 
101 I 37286653 1504 
102 I 37907635 1504 
103 I 38295383 1504 
104 I 38776545 1504 
105 I 38776628 1504 
106 I 39170826 1504 
107 I 39564853 1504 
108 I 39564990 1504 
109 I 39952257 1504 
110 I 40427531 1504 
111 I 40427606 1504 
112 I 41438063 1504 
113 I 41834885 1504 
114 I 41835063 1504 
115 I 42226882 1504 
116 I 42227042 1504 
117 I 42227151 1504 
118 I 42618824 1504 
119 I 42620437 1504 
120 I 43005748 1504 
121 I 44888278 1504 
122 I 45285437 1504 
123 I 45793032 1504 
124 I 45793176 1504 
125 I 46818738 1504 
126 I 47209079 1504 
127 I 47209183 1504 
128 I 47602083 1504 
129 I 47602228 1504 
130 I 47602392 1504 
131 I 48096991 1504 
132 I 48097099 1504 
133 I 48497220 1504 
134 I 49138813 1504 
135 I 49526682 1504 
136 I 51438832 1504 
137 I 53999085 1504 
138 I 54413984 1504 
139 I 54414131 1504 
140 I 54840818 1504 
141 I 54840928 1504 
142 I 54841068 1504 
143 I 55263018 1504 
144 I 55263155 1504 
145 I 55263805 1504 
146 I 55674586 1504 
147 I 55674707 1504 
148 I 55674852 1504 
149 I 55674959 1504 
150 I 56094553 1504 
151 I 56094677 1504 
152 I 56095033 1504 
153 I 56095141 1504 
154 I 56518152 1504 
155 I 56518233 1504 
156 I 56518527 1504 
157 I 56946777 1504 
158 I 56946933 1504 
159 I 56947099 1504 
160 I 56947248 1504 
161 I 57380757 1504 
162 I 57381598 1504 
163 I 58459308 1504 
164 I 58957779 1504 
165 I 58957853 1504 
166 I 59372859 1504 
167 I 59372943 1504 
168 I 59373037 1504 
169 I 59785995 1504 
170 I 59786496 1504 
171 I 60207954 1504 
172 I 60208624 1504 
173 I 60429756 1504 
174 I 60857684 1504 
175 I 62029839 1504 
176 I 62548331 1504 
177 I 63067475 1504 
178 I 63067629 1504 
179 I 63739903 1504 
180 I 64163100 1504 
181 I 64163248 1504 
182 I 64576437 1504 
183 I 64576677 1504 
184 I 64993682 1504 
185 I 64993815 1504 
186 I 65660139 1504 
187 I 66076094 1504 
188 I 66076270 1504 
189 I 66485816 1504 
190 I 66485933 1504 
191 I 66894835 1504 
192 I 67550425 1504 
193 I 67940947 1504 
194 I 68600194 1504 
195 I 69000317 1504 
196 I 69000498 1504 
197 I 69404094 1504 
198 I 69404213 1504 
199 I 69810450 1504 
200 I 69810646 1504 
201 I 70217119 1504 
202 I 70613917 1504 
203 I 70613989 1504 
204 I 71007514 1504 
205 I 71413626 1504 
206 I 71640449 1504 
207 I 72052277 1504 
208 I 72052457 1504 
209 I 72052604 1504 
210 I 72467398 1504 
211 I 72883072 1504 
212 I 73100619 1504 
213 I 73505964 1504 
214 I 73506224 1504 
215 I 74140930 1504 
216 I 74559256 1504 
217 I 74559317 1504 
218 I 74986775 1504 
219 I 74986904 1504 
220 I 75415359 1504 
221 I 75415461 1504 
222 I 75845618 1504 
223 I 76270377 1504 
224 I 76778135 1504 
225 I 77288002 1504 
226 I 77288167 1504 
227 I 77702719 1504 
228 I 77702858 1504 
229 I 77702961 1504 
230 I 78113007 1504 
231 I 78113140 1504 
232 I 78113534 1504 
233 I 78518105 1504 
234 I 78518251 1504 
235 I 78518601 1504 
236 I 78926630 1504 
237 I 79571144 1504 
238 I 80871221 1504 
239 I 83471796 1504 
240 I 83884028 1504 
241 I 83884088 1504 
242 I 84293992 1504 
243 I 84294551 1504 
244 I 84294636 1504 
245 I 88841815 1504 
246 I 89257002 1504 
247 I 89257103 1504 
248 I 89668727 601 
249 I 89668735 1504 
250 I 90083732 56 
