0 I 0 48 
1 I 2145875 48 
2 I 3522589 44 
3 I 3539183 48 
4 I 5011970 44 
5 I 5043230 48 
6 I 5909946 48 
7 I 6772765 44 
8 I 6787405 48 
9 I 8596692 44 
10 I 8614960 48 
11 I 9909866 44 
12 I 9943443 48 
13 I 11575761 44 
14 I 11592299 48 
15 I 13032690 44 
16 I 13065004 48 
17 I 14409731 44 
18 I 14442507 48 
19 I 15741395 44 
20 I 15771106 48 
21 I 17467982 44 
22 I 17484594 48 
23 I 18045650 44 
24 I 18748809 44 
25 I 18765900 48 
26 I 19595725 44 
27 I 20654913 44 
28 I 20685519 48 
29 I 22671815 44 
30 I 22687832 48 
31 I 23534626 44 
32 I 23566747 48 
33 I 25570175 44 
34 I 25585050 48 
35 I 25968574 44 
36 I 25985696 48 
37 I 27507005 44 
38 I 28019911 44 
