0 I 0 52 
1 I 50098 44 
2 I 401938 44 
3 I 464023 44 
4 I 493918 44 
5 I 528024 44 
6 I 559981 44 
7 I 573841 44 
8 I 600408 44 
9 I 629980 44 
10 I 659856 44 
11 I 690054 44 
12 I 766196 44 
13 I 772067 44 
14 I 779913 44 
15 I 786438 44 
16 I 832088 44 
17 I 3224054 52 
18 I 3256270 52 
19 I 3270170 44 
20 I 3304129 52 
21 I 3310347 44 
22 I 3354286 44 
23 I 3426402 52 
24 I 3432327 52 
25 I 3472195 44 
26 I 3482082 44 
27 I 3844053 52 
28 I 4011975 44 
29 I 4018167 44 
30 I 4025998 44 
31 I 4132143 44 
32 I 4163957 44 
33 I 4178151 44 
34 I 4184075 44 
35 I 4192302 44 
36 I 4198083 44 
37 I 4254048 44 
38 I 4326233 44 
39 I 4333894 44 
40 I 4340090 44 
41 I 4345996 44 
42 I 4501993 44 
43 I 10048046 44 
44 I 10054236 44 
45 I 10060447 44 
46 I 11048011 44 
47 I 11054383 44 
48 I 11062088 44 
49 I 12210286 44 
50 I 12218226 44 
51 I 12223902 44 
52 I 12230383 44 
53 I 12238081 52 
54 I 12286403 44 
55 I 12300448 44 
56 I 12306433 44 
57 I 12492042 44 
58 I 12562229 44 
59 I 12584321 44 
60 I 12628435 44 
61 I 12654150 44 
62 I 12672238 44 
63 I 12750263 44 
64 I 12758356 44 
65 I 12764019 44 
66 I 12788201 44 
67 I 12794350 44 
68 I 12799961 44 
69 I 13288168 52 
70 I 13307963 52 
71 I 13318169 52 
72 I 13336195 44 
73 I 13390311 44 
74 I 13442118 44 
75 I 13496038 44 
76 I 13516217 44 
77 I 13572138 44 
78 I 13588196 44 
79 I 13616125 44 
80 I 13626235 44 
81 I 13642227 44 
82 I 13667983 44 
83 I 13684039 44 
84 I 13712101 44 
85 I 13742295 44 
86 I 13769990 44 
87 I 13798211 44 
88 I 13819942 44 
89 I 13936144 44 
90 I 13944234 52 
91 I 14016322 44 
92 I 14022487 44 
93 I 14078139 44 
94 I 14148151 44 
95 I 14212203 44 
96 I 14244057 44 
97 I 14274111 44 
98 I 14308063 44 
99 I 14338361 44 
100 I 14368107 44 
101 I 15399980 52 
102 I 15526183 52 
103 I 15576305 44 
104 I 15784196 44 
105 I 15792149 44 
106 I 15854281 44 
107 I 15862039 44 
108 I 15868457 44 
109 I 15874267 44 
110 I 15894273 44 
111 I 15920232 44 
112 I 15934213 44 
113 I 16096106 44 
114 I 22048033 44 
115 I 22056418 44 
116 I 22062150 44 
117 I 22067964 44 
118 I 22076043 44 
119 I 22082170 44 
120 I 25498278 44 
121 I 25504434 44 
122 I 25510266 44 
123 I 25516093 44 
124 I 25524281 52 
125 I 25574292 44 
126 I 25934463 44 
127 I 25998375 44 
128 I 26018506 44 
129 I 26024380 44 
130 I 26030440 44 
131 I 26064273 44 
132 I 26096010 44 
133 I 26110386 44 
134 I 26140271 44 
135 I 26166414 44 
136 I 26196321 44 
137 I 26230138 44 
138 I 26236252 44 
139 I 26282322 44 
140 I 26812698 52 
141 I 26832261 52 
142 I 26838248 52 
143 I 26858122 44 
144 I 26914196 44 
145 I 26972390 44 
146 I 27140237 52 
147 I 27196353 44 
148 I 27318066 44 
149 I 27378330 44 
150 I 27386424 44 
151 I 27514301 44 
152 I 34046268 44 
153 I 34054585 44 
154 I 34060213 44 
155 I 34066450 44 
156 I 38048147 44 
157 I 38054173 44 
158 I 38062159 44 
159 I 38068492 44 
160 I 54696641 52 
161 I 54746586 44 
162 I 54872343 44 
163 I 54882370 44 
164 I 54888524 44 
165 I 55912198 52 
166 I 55992367 44 
167 I 56178433 52 
168 I 56324637 44 
169 I 56498524 44 
170 I 56512703 44 
171 I 56518369 44 
172 I 56724380 44 
173 I 56738440 44 
174 I 56768343 44 
175 I 56826319 52 
176 I 56850538 52 
177 I 56864284 52 
178 I 56876569 44 
179 I 56892333 52 
180 I 56970438 44 
181 I 57028576 44 
182 I 57082499 44 
183 I 57220304 44 
184 I 57228671 44 
185 I 57234591 44 
186 I 57240313 44 
187 I 57900279 44 
188 I 64042550 44 
189 I 64048802 44 
190 I 64054325 44 
191 I 64062516 44 
192 I 64188440 44 
193 I 64194358 44 
194 I 64200614 44 
195 I 64206353 44 
196 I 65548476 52 
197 I 65598621 44 
198 I 66290795 44 
199 I 66354608 44 
200 I 66384331 44 
201 I 66420630 44 
202 I 66446761 44 
203 I 66462336 44 
204 I 66492496 44 
205 I 66588664 44 
206 I 66596540 44 
207 I 66602446 44 
208 I 66608627 44 
209 I 66616543 44 
210 I 66622408 44 
211 I 67040569 52 
212 I 67052853 52 
213 I 67066491 52 
214 I 67088463 44 
215 I 67146583 44 
216 I 67202551 44 
217 I 67486393 52 
218 I 67708293 44 
219 I 67880377 44 
220 I 67946309 44 
221 I 67954724 44 
222 I 68080378 44 
223 I 69258618 44 
224 I 69322592 44 
225 I 69352460 44 
226 I 69388387 44 
227 I 69414528 44 
228 I 69430306 44 
229 I 69460360 44 
230 I 69544329 44 
231 I 69550511 44 
232 I 69556462 44 
233 I 69564671 44 
234 I 69570441 44 
235 I 74042456 44 
236 I 74048328 44 
237 I 74056733 44 
238 I 75406675 44 
239 I 75414240 44 
240 I 75420507 44 
241 I 85062542 52 
242 I 85108648 44 
243 I 85974509 44 
244 I 86036474 44 
245 I 86066823 44 
246 I 86100768 44 
247 I 86130574 44 
248 I 86146793 44 
249 I 86177010 44 
250 I 86202546 44 
251 I 86236478 44 
252 I 86262593 44 
253 I 86274769 44 
254 I 86358537 44 
255 I 93354706 52 
256 I 93404607 44 
257 I 93656500 44 
258 I 93666575 44 
259 I 93672714 44 
260 I 94474613 52 
261 I 94726738 44 
262 I 94976756 44 
263 I 94990480 44 
264 I 95004738 44 
265 I 95066365 52 
266 I 95116850 44 
267 I 95536749 44 
268 I 95554452 44 
269 I 95560668 44 
270 I 141363047 52 
271 I 141408797 44 
272 I 141752945 44 
273 I 141816927 44 
274 I 141846723 44 
275 I 141878882 44 
276 I 141908887 44 
277 I 141924948 44 
278 I 141955157 44 
279 I 141984941 44 
280 I 142018755 44 
281 I 142098741 44 
282 I 142104638 44 
283 I 142111097 44 
284 I 142117012 44 
285 I 142125078 44 
286 I 142134914 44 
287 I 142190747 44 
288 I 152929225 52 
289 I 152977066 44 
290 I 153680861 44 
291 I 153745269 44 
292 I 153775016 44 
293 I 153810966 44 
294 I 153846961 44 
295 I 153854999 44 
296 I 153882917 44 
297 I 153970923 44 
298 I 153977097 44 
299 I 153982900 44 
300 I 153989095 44 
301 I 154018836 44 
302 I 154032826 44 
303 I 154048942 44 
304 I 154066803 44 
305 I 154124604 44 
306 I 183525234 52 
307 I 183573325 44 
308 I 184571135 44 
309 I 184633048 44 
310 I 184663043 44 
311 I 184701154 44 
312 I 184733179 44 
313 I 184743386 44 
314 I 184773130 44 
315 I 184869070 44 
316 I 184874903 44 
317 I 184883116 44 
318 I 184889108 44 
319 I 184895145 44 
320 I 184959476 44 
321 I 185001283 44 
322 I 196352921 52 
323 I 196399157 44 
324 I 196523133 44 
325 I 196533276 44 
326 I 196539254 44 
327 I 197443349 52 
328 I 197529296 44 
329 I 197731317 44 
330 I 197739412 44 
331 I 197758946 44 
332 I 197871227 52 
333 I 197917058 44 
334 I 198153358 44 
335 I 198163088 44 
336 I 198169055 44 
337 I 247803353 52 
338 I 247853652 44 
339 I 248205706 44 
340 I 248271393 44 
341 I 248301473 44 
342 I 248333374 44 
343 I 248363388 44 
344 I 248379468 44 
345 I 248409453 44 
346 I 248445930 44 
347 I 248469471 44 
348 I 248499452 44 
349 I 248519597 44 
350 I 248545474 44 
351 I 248625413 44 
352 I 248631583 44 
353 I 248639915 44 
354 I 248651444 44 
355 I 272336003 52 
356 I 272385566 44 
357 I 272727776 44 
358 I 272789499 44 
359 I 272819570 44 
360 I 272853873 44 
361 I 272883518 44 
362 I 272895529 44 
363 I 272931429 44 
364 I 272955434 44 
365 I 272989649 44 
366 I 273009708 44 
367 I 273101909 44 
368 I 273107601 44 
369 I 273115604 44 
370 I 276073597 52 
371 I 276121524 44 
372 I 276245720 44 
373 I 276251709 44 
374 I 276257600 44 
375 I 277235688 52 
376 I 277327716 44 
377 I 277507695 44 
378 I 277513641 44 
379 I 277533892 44 
380 I 277579720 52 
381 I 277629529 44 
382 I 277827590 44 
383 I 277837560 44 
384 I 277845564 44 
385 I 287129778 52 
386 I 287358130 44 
387 I 287537524 44 
388 I 287543692 44 
389 I 287559828 44 
390 I 287675577 52 
391 I 287723700 44 
392 I 287931526 44 
393 I 287941832 44 
394 I 287947533 44 
395 I 288051733 52 
396 I 288067703 52 
397 I 288087827 52 
398 I 288099563 44 
399 I 288183823 44 
400 I 288189801 52 
401 I 288263633 44 
402 I 288415805 44 
403 I 288487863 44 
404 I 288495529 44 
405 I 288537616 44 
406 I 288871756 44 
407 I 288975584 44 
408 I 295023696 44 
409 I 295029945 44 
410 I 295037641 44 
411 I 295043842 44 
412 I 298415682 44 
413 I 298421697 44 
414 I 298429755 44 
415 I 298435839 44 
