0 I 0 48 
1 I 284580 44 
2 I 654658 44 
3 I 1015769 44 
4 I 1308211 44 
5 I 1314154 48 
6 I 1629352 44 
7 I 1896272 44 
8 I 2179504 44 
9 I 2190784 44 
10 I 2537991 44 
11 I 2568999 44 
12 I 2575641 44 
13 I 2885487 44 
14 I 2892202 44 
15 I 2930050 44 
16 I 2932554 44 
17 I 2936271 44 
18 I 3180237 44 
19 I 3477428 44 
20 I 3477641 44 
21 I 3479559 44 
22 I 3857696 44 
23 I 4167355 44 
24 I 4173587 44 
25 I 4275014 48 
26 I 4644285 44 
27 I 5010033 44 
28 I 5010853 44 
29 I 5967117 48 
30 I 6206015 44 
31 I 6299569 44 
32 I 6518611 44 
33 I 6526139 44 
34 I 6544335 44 
35 I 6544335 44 
36 I 6625789 44 
37 I 6632350 44 
38 I 6770139 44 
39 I 6786527 44 
40 I 6970674 44 
41 I 7007212 44 
42 I 7010122 44 
43 I 8205010 48 
44 I 8537098 44 
45 I 8543337 48 
46 I 8867600 44 
47 I 8869230 44 
48 I 8877422 44 
49 I 9174420 44 
50 I 9503906 44 
51 I 9515866 44 
52 I 9846404 44 
53 I 9862426 44 
54 I 9865501 44 
55 I 9868085 44 
56 I 9871850 44 
57 I 10265921 48 
58 I 10623941 44 
59 I 10970757 44 
60 I 11327331 44 
61 I 11338130 44 
62 I 11681482 44 
63 I 11701478 44 
64 I 11701961 44 
65 I 11897751 44 
66 I 12059461 44 
67 I 12067153 44 
68 I 12074408 44 
69 I 12240536 44 
70 I 12556549 44 
71 I 15477630 44 
72 I 15778138 44 
73 I 15779609 44 
74 I 16368290 48 
75 I 16696172 44 
76 I 17016065 44 
77 I 17362906 44 
78 I 17367224 44 
79 I 17725153 44 
80 I 17737919 44 
81 I 17740401 44 
82 I 18096287 48 
83 I 18426876 44 
84 I 18750797 44 
85 I 19025087 44 
86 I 19028497 44 
87 I 19031616 44 
88 I 22510361 48 
89 I 22852738 44 
90 I 23189664 44 
91 I 23194131 44 
92 I 23490144 48 
93 I 23716590 44 
94 I 23977774 44 
95 I 24265747 44 
96 I 24276409 44 
97 I 24595764 44 
98 I 24617311 44 
99 I 24625244 44 
100 I 24801517 44 
101 I 24925448 44 
102 I 24969623 44 
103 I 24986816 44 
104 I 25279088 44 
105 I 25282041 44 
106 I 25331558 44 
107 I 25368816 44 
108 I 25627954 44 
109 I 25632980 44 
110 I 25666567 44 
111 I 25718282 44 
112 I 25998502 44 
113 I 26008347 44 
114 I 26064864 44 
115 I 26311639 44 
116 I 26329149 44 
117 I 26329150 44 
118 I 26364402 44 
119 I 26588008 44 
120 I 26883566 44 
121 I 26897160 44 
122 I 26900780 44 
123 I 27210458 44 
124 I 27218292 44 
125 I 27219141 44 
126 I 32366249 48 
127 I 32601860 44 
128 I 36107551 44 
129 I 36352172 44 
130 I 36367185 44 
131 I 36577744 44 
132 I 36599679 44 
133 I 36606592 44 
134 I 36834079 44 
135 I 36877258 44 
136 I 36923099 44 
137 I 36950948 44 
138 I 37216575 44 
139 I 37221932 44 
140 I 37224558 44 
141 I 37826331 48 
142 I 41094625 48 
143 I 41370016 44 
144 I 48243848 44 
145 I 48262558 44 
146 I 48787785 48 
147 I 52035411 48 
148 I 52258384 44 
149 I 52565084 44 
150 I 52851484 44 
151 I 52871343 44 
152 I 53169969 44 
153 I 53185537 44 
154 I 53186860 44 
155 I 53345344 44 
156 I 53538283 44 
157 I 53557366 44 
158 I 53563192 44 
159 I 53843679 44 
160 I 53849414 44 
161 I 53880537 44 
162 I 53885784 44 
163 I 54151527 44 
164 I 54167507 44 
165 I 54218904 44 
166 I 54236142 44 
167 I 54463479 44 
168 I 54506753 44 
169 I 54555101 44 
170 I 54573083 44 
171 I 54753649 44 
172 I 54823927 44 
173 I 54887990 44 
174 I 54892402 44 
175 I 55070501 44 
176 I 55144788 44 
177 I 55241903 44 
178 I 55247777 44 
179 I 55408247 44 
180 I 55592485 44 
181 I 55607274 44 
182 I 55761777 44 
183 I 55959854 44 
184 I 55966243 44 
185 I 56087850 44 
186 I 56265375 44 
187 I 56518519 44 
188 I 57973181 44 
189 I 58213461 44 
190 I 58554153 44 
191 I 58705133 44 
192 I 59027195 44 
193 I 59259208 44 
194 I 59383059 44 
195 I 59669304 44 
196 I 59676399 44 
197 I 59803476 44 
198 I 59907917 44 
199 I 60110667 44 
200 I 60189782 44 
201 I 60349689 44 
202 I 60424587 44 
203 I 60536985 44 
204 I 60684267 44 
205 I 60786985 44 
206 I 60893946 44 
207 I 61018376 44 
208 I 61027687 44 
209 I 61098508 44 
210 I 61359936 44 
211 I 61370301 44 
212 I 61463034 44 
213 I 61467902 44 
214 I 61712557 44 
215 I 61725296 44 
216 I 61814921 44 
217 I 61820649 44 
218 I 62009600 44 
219 I 62013464 44 
220 I 62134227 44 
221 I 62145703 44 
222 I 62333004 44 
223 I 62339094 44 
224 I 62435249 44 
225 I 62443568 44 
226 I 62655283 44 
227 I 62661184 44 
228 I 62758859 44 
229 I 62771431 44 
230 I 62973581 44 
231 I 62984723 44 
232 I 63109072 44 
233 I 63115948 44 
234 I 63293385 44 
235 I 63325541 44 
236 I 63429060 44 
237 I 63436922 44 
238 I 63596838 44 
239 I 63747885 44 
240 I 63755973 44 
241 I 63939117 44 
242 I 63943373 44 
243 I 64111600 44 
244 I 64132179 44 
245 I 64264577 44 
246 I 64265120 44 
247 I 64447995 44 
248 I 64489086 44 
249 I 64620481 44 
250 I 64625118 44 
251 I 64778627 44 
252 I 64806947 44 
253 I 64897077 44 
254 I 64902289 44 
255 I 65053675 44 
256 I 65107128 44 
257 I 65222201 44 
258 I 65235861 44 
259 I 65368084 44 
260 I 65410670 44 
261 I 65568286 44 
262 I 65576997 44 
263 I 65715111 44 
264 I 65733964 44 
265 I 65888588 44 
266 I 65908586 44 
267 I 66014419 44 
268 I 66040794 44 
269 I 66195183 44 
270 I 66210055 44 
271 I 66322999 44 
272 I 66354387 44 
273 I 66509863 44 
274 I 66516400 44 
275 I 66694523 44 
276 I 66713355 44 
277 I 66891441 44 
278 I 67043815 44 
279 I 67050210 44 
280 I 67079911 44 
281 I 67168704 44 
282 I 67180846 44 
283 I 67330868 44 
284 I 67591250 44 
285 I 67603508 44 
286 I 67603510 44 
287 I 123037131 48 
288 I 123332008 44 
289 I 123708531 44 
290 I 124028005 44 
291 I 124041758 44 
292 I 124331412 44 
293 I 124373365 44 
294 I 124379262 44 
295 I 124548989 44 
296 I 124709112 44 
297 I 124752170 44 
298 I 124912269 44 
299 I 125051344 44 
300 I 125057221 44 
301 I 125119983 44 
302 I 125360645 44 
303 I 125647090 44 
304 I 125663587 44 
305 I 125983411 44 
306 I 125983888 44 
307 I 125992572 44 
308 I 126331390 44 
309 I 126332050 44 
310 I 126341888 44 
311 I 126660754 44 
312 I 126668091 44 
313 I 126676945 44 
314 I 126960530 44 
315 I 126995428 44 
316 I 127000839 44 
317 I 127341291 44 
318 I 127346704 44 
319 I 127355881 44 
320 I 127704733 44 
321 I 127711261 44 
322 I 129148925 44 
323 I 129439896 44 
324 I 129446777 44 
325 I 129452729 44 
326 I 129459401 44 
327 I 129779424 44 
328 I 129798055 44 
329 I 130150814 44 
330 I 130150816 44 
331 I 130158180 44 
332 I 130469962 44 
333 I 130470115 44 
334 I 130477010 44 
335 I 130807152 44 
336 I 130807785 44 
337 I 130809921 44 
338 I 131155626 44 
339 I 131159384 44 
340 I 131330597 44 
341 I 131524587 44 
342 I 131531216 44 
343 I 131865079 44 
344 I 131885838 44 
345 I 132219583 44 
346 I 132239321 44 
347 I 132256982 44 
348 I 132547572 44 
349 I 132552484 44 
350 I 132588727 44 
351 I 132894108 44 
352 I 132902131 44 
353 I 132922623 44 
354 I 133236894 44 
355 I 133242287 44 
356 I 133258981 44 
357 I 133580798 44 
358 I 133587473 44 
359 I 133604029 44 
360 I 133914981 44 
361 I 133922845 44 
362 I 133948744 44 
363 I 134223168 44 
364 I 134230052 44 
365 I 134262418 44 
366 I 134566378 44 
367 I 134569218 44 
368 I 134607855 44 
369 I 134956174 44 
370 I 134963396 44 
371 I 134976265 44 
372 I 135281444 44 
373 I 135293175 44 
374 I 135299280 44 
375 I 135653475 44 
376 I 135664300 44 
377 I 135816267 44 
378 I 135975085 44 
379 I 135989381 44 
380 I 136154834 44 
381 I 137033175 44 
382 I 137371326 44 
383 I 137371337 44 
384 I 137380006 44 
385 I 137687885 44 
386 I 137712126 44 
387 I 137725281 44 
388 I 138035525 44 
389 I 138048465 44 
390 I 138055188 44 
391 I 138329293 44 
392 I 138345590 44 
393 I 138352060 44 
394 I 138640621 44 
395 I 138675893 44 
396 I 138686467 44 
397 I 138923177 44 
398 I 138996923 44 
399 I 138996937 44 
400 I 139356429 44 
401 I 139364946 44 
402 I 140298613 44 
403 I 140654478 44 
404 I 140663490 44 
405 I 140669881 44 
406 I 140950747 44 
407 I 140964632 44 
408 I 140970562 44 
409 I 141963411 44 
410 I 142316458 44 
411 I 142332823 44 
412 I 142702806 44 
413 I 143690750 44 
414 I 144059739 44 
415 I 145722171 44 
416 I 146061753 44 
417 I 146061759 44 
418 I 146069094 44 
419 I 146418159 44 
420 I 146532858 44 
421 I 146765335 44 
422 I 146891336 44 
423 I 147130851 44 
424 I 147409217 44 
425 I 147416755 44 
426 I 147625537 44 
427 I 147714457 44 
428 I 148001613 44 
429 I 148065300 44 
430 I 148069148 44 
431 I 148440425 44 
432 I 148445987 44 
433 I 148793870 44 
434 I 148802346 44 
435 I 149121266 44 
436 I 149123014 44 
437 I 149125881 44 
438 I 149401678 44 
439 I 149405596 44 
