0 I 0 78 
1 I 43009 70 
2 I 1175225 70 
3 I 1175230 70 
4 I 1186332 70 
5 I 1186525 70 
6 I 1186529 70 
7 I 1186533 70 
8 I 1186617 70 
9 I 1186857 70 
10 I 1218516 70 
11 I 1218520 70 
12 I 1218640 70 
13 I 1229294 70 
14 I 1229298 70 
15 I 1229530 70 
16 I 1229534 70 
17 I 6892458 70 
18 I 6935815 70 
19 I 53702995 78 
20 I 53745039 70 
21 I 55161457 70 
22 I 55161462 70 
23 I 55175160 70 
24 I 55175286 70 
25 I 55175609 70 
26 I 55175614 70 
27 I 55175618 70 
28 I 55175733 70 
29 I 55203934 70 
30 I 55203939 70 
31 I 55203943 70 
32 I 55204001 70 
33 I 55217195 70 
34 I 61552708 70 
35 I 61552713 70 
36 I 61564359 70 
37 I 61564363 70 
38 I 61564576 70 
39 I 61564790 70 
40 I 61564795 70 
41 I 61564799 70 
42 I 61564803 70 
43 I 61565057 70 
44 I 61574220 70 
45 I 61574224 70 
46 I 61579097 70 
47 I 61579102 70 
48 I 61579613 70 
49 I 61579618 70 
50 I 61579622 70 
51 I 61597911 70 
52 I 63475865 70 
53 I 63475904 70 
54 I 63490338 70 
55 I 63490342 70 
56 I 63490347 70 
57 I 63490366 70 
58 I 63490447 70 
59 I 63490803 70 
60 I 63490808 70 
61 I 63490832 70 
62 I 63491519 70 
63 I 63491524 70 
64 I 63491528 70 
65 I 63518250 70 
66 I 63518255 70 
67 I 63518259 70 
68 I 63518263 70 
69 I 63523888 70 
70 I 66228980 70 
71 I 66228985 70 
72 I 66239073 70 
73 I 66239078 70 
74 I 66239083 70 
75 I 66239087 70 
76 I 66239439 70 
77 I 66239443 70 
78 I 66239537 70 
79 I 66239542 70 
80 I 66239546 70 
81 I 66239758 70 
82 I 66271279 70 
83 I 66271283 70 
84 I 66271630 70 
85 I 66281211 70 
86 I 69061334 70 
87 I 69061499 70 
88 I 69071692 70 
89 I 69071698 70 
90 I 69071702 70 
91 I 69071861 70 
92 I 69071866 70 
93 I 69071870 70 
94 I 69072133 70 
95 I 69072137 70 
96 I 69103743 70 
97 I 69103748 70 
98 I 69103859 70 
99 I 69114226 70 
100 I 74249499 70 
101 I 74292472 70 
