0 I 0 66 
1 I 11264 64 
2 I 360404 64 
3 I 378803 64 
4 I 394992 66 
5 I 395363 70 
6 I 396788 66 
7 I 398194 66 
8 I 400051 66 
9 I 402520 66 
10 I 402525 64 
11 I 416177 64 
12 I 416182 64 
13 I 416186 64 
14 I 417646 64 
15 I 418062 64 
16 I 418067 64 
17 I 425823 70 
18 I 425827 64 
19 I 448575 70 
20 I 448700 64 
21 I 462689 70 
22 I 462694 64 
23 I 465303 70 
24 I 470023 64 
25 I 473346 70 
26 I 477823 64 
27 I 480733 70 
28 I 485665 64 
29 I 487957 70 
30 I 492832 64 
31 I 495560 70 
32 I 503608 64 
33 I 507278 64 
34 I 511154 70 
35 I 521393 70 
36 I 523844 64 
37 I 533952 70 
38 I 535477 64 
39 I 541575 64 
40 I 542935 64 
41 I 543664 64 
42 I 554281 70 
43 I 564838 64 
44 I 567176 70 
45 I 572456 78 
46 I 579461 70 
47 I 588054 70 
48 I 595391 64 
49 I 598777 70 
50 I 603695 64 
51 I 609075 64 
52 I 620248 64 
53 I 623167 70 
54 I 627811 64 
55 I 630672 78 
56 I 639539 78 
57 I 639661 64 
58 I 646108 64 
59 I 646245 78 
60 I 653489 70 
61 I 655154 70 
62 I 660277 70 
63 I 661451 64 
64 I 667158 78 
65 I 670046 64 
66 I 674670 78 
67 I 677622 78 
68 I 685431 70 
69 I 685856 70 
70 I 692480 64 
71 I 693141 64 
72 I 705276 64 
73 I 712243 64 
74 I 715851 70 
75 I 720091 64 
76 I 723353 70 
77 I 730465 70 
78 I 743353 64 
79 I 747007 78 
80 I 750752 64 
81 I 758126 70 
82 I 761711 70 
83 I 765432 70 
84 I 769007 64 
85 I 776109 64 
86 I 780002 64 
87 I 783638 70 
88 I 790304 64 
89 I 793963 64 
90 I 796925 64 
91 I 803676 70 
92 I 803680 78 
93 I 804854 64 
94 I 810936 70 
95 I 828327 70 
96 I 832995 70 
97 I 833645 70 
98 I 842541 78 
99 I 844088 70 
100 I 848517 78 
101 I 848649 64 
102 I 855457 64 
103 I 856176 78 
104 I 862731 70 
105 I 868251 70 
106 I 874544 78 
107 I 881670 64 
108 I 881694 78 
109 I 887984 64 
110 I 893356 78 
111 I 898477 64 
112 I 900740 64 
113 I 904971 78 
114 I 915642 78 
115 I 916182 64 
116 I 923068 78 
117 I 932191 70 
118 I 932945 78 
119 I 938510 78 
120 I 942154 70 
121 I 945884 78 
122 I 953693 78 
123 I 957580 64 
124 I 960851 78 
125 I 965657 64 
126 I 968087 70 
127 I 978979 78 
128 I 984766 70 
129 I 986051 78 
130 I 992767 78 
131 I 995999 70 
132 I 1000946 70 
133 I 1004176 70 
134 I 1007721 64 
135 I 1011239 70 
136 I 1013873 64 
137 I 1017917 70 
138 I 1021746 64 
139 I 1027252 70 
140 I 1032872 70 
141 I 1040477 70 
142 I 1040615 64 
143 I 1043896 64 
144 I 1051232 70 
145 I 1053427 64 
146 I 1057417 78 
147 I 1060519 64 
148 I 1063759 70 
149 I 1067642 70 
150 I 1075736 64 
151 I 1075740 64 
152 I 1082340 64 
153 I 1091270 64 
154 I 1091275 64 
155 I 1099100 70 
156 I 1099105 70 
157 I 1106705 70 
158 I 1108771 64 
159 I 1114657 64 
160 I 1121843 70 
161 I 1121890 70 
162 I 1129224 64 
163 I 1129473 70 
164 I 1136375 78 
165 I 1136955 70 
166 I 1144552 70 
167 I 1144606 64 
168 I 1154263 70 
169 I 1162924 64 
170 I 1162929 70 
171 I 1167951 70 
172 I 1170394 70 
173 I 1180692 70 
174 I 1191909 64 
175 I 1196868 64 
176 I 1197965 64 
177 I 1211630 64 
178 I 1215744 70 
179 I 1219286 64 
180 I 1221873 78 
181 I 1229574 64 
182 I 1235291 64 
183 I 1237396 64 
184 I 1251169 64 
185 I 1258897 64 
186 I 1258906 64 
187 I 1264853 64 
188 I 1272452 64 
189 I 1275144 70 
190 I 1280373 70 
191 I 1287346 64 
192 I 1312568 70 
193 I 1320714 70 
194 I 1329682 64 
195 I 1330664 70 
196 I 1348152 70 
197 I 1357497 64 
198 I 1357505 70 
199 I 1365512 64 
200 I 1384474 64 
201 I 1384479 64 
202 I 1402599 70 
203 I 1409432 64 
204 I 1427921 78 
205 I 1430320 64 
206 I 1433084 70 
207 I 1438354 64 
208 I 1445668 70 
209 I 1453090 70 
210 I 1453394 70 
211 I 1460071 78 
212 I 1460474 64 
213 I 1470317 64 
214 I 1477395 70 
215 I 1485941 70 
216 I 1492464 70 
217 I 1507249 64 
218 I 1513579 64 
219 I 1551817 64 
220 I 1562031 64 
221 I 1562150 70 
222 I 1576502 64 
223 I 1578379 70 
224 I 1583041 64 
225 I 1588344 64 
226 I 1607618 64 
227 I 1635711 64 
228 I 1652518 64 
229 I 1652523 70 
230 I 1669262 64 
231 I 1676229 70 
232 I 1686717 64 
233 I 1691081 70 
234 I 1708430 64 
235 I 1709336 70 
236 I 1729457 64 
237 I 1745961 64 
238 I 1746589 70 
239 I 1753206 64 
240 I 1764209 70 
241 I 1770703 70 
242 I 1771350 70 
243 I 1779483 64 
244 I 1791492 70 
245 I 1793936 64 
246 I 1799982 64 
247 I 1818359 70 
248 I 1818395 64 
249 I 1825662 64 
250 I 1841456 64 
251 I 1851967 70 
252 I 1859547 64 
253 I 1866492 78 
254 I 1876288 70 
255 I 1881453 70 
256 I 1892588 64 
257 I 1893238 70 
258 I 1899138 64 
259 I 1907587 64 
260 I 1914143 64 
261 I 1921268 70 
262 I 1940591 70 
263 I 1941313 78 
264 I 1946421 70 
265 I 1953304 64 
266 I 1961389 64 
267 I 1971960 64 
268 I 1992044 70 
269 I 2022543 78 
270 I 2025120 70 
271 I 2039650 70 
272 I 2053648 64 
273 I 2058542 70 
274 I 2067074 64 
275 I 2087761 70 
276 I 2092260 64 
277 I 2093427 70 
278 I 2099950 64 
279 I 2111869 64 
280 I 2135289 64 
281 I 2243679 64 
282 I 2251971 64 
283 I 2267233 70 
284 I 2269675 64 
285 I 2335410 64 
286 I 2350055 64 
287 I 2356777 64 
288 I 2364521 64 
289 I 2374135 70 
290 I 2376168 64 
291 I 2383587 64 
292 I 2399089 64 
293 I 2419722 64 
294 I 2427573 64 
295 I 2434872 64 
296 I 2441900 70 
297 I 2442152 64 
298 I 2463455 70 
299 I 2463789 64 
300 I 2473072 64 
301 I 2495557 70 
302 I 2495562 64 
303 I 2501478 64 
304 I 2509113 70 
305 I 2510596 64 
306 I 2516680 64 
307 I 2547591 70 
308 I 2547711 64 
309 I 2554627 64 
310 I 2570116 70 
311 I 2585480 64 
312 I 2600956 64 
313 I 2628893 70 
314 I 2643322 64 
315 I 2652015 64 
316 I 2661455 70 
317 I 2682926 64 
318 I 2685457 64 
319 I 2707706 70 
320 I 2745544 64 
321 I 2901845 64 
322 I 2993673 70 
323 I 3009277 70 
324 I 3009497 78 
325 I 3009709 64 
326 I 3012500 70 
327 I 3021171 64 
328 I 3034452 70 
329 I 3039567 78 
330 I 3045173 70 
331 I 3045666 78 
332 I 3052633 70 
333 I 3053132 78 
334 I 3059734 70 
335 I 3066876 64 
336 I 3067544 64 
337 I 3089065 64 
338 I 3109911 64 
339 I 3118144 64 
340 I 3126757 70 
341 I 3135662 64 
342 I 3147849 64 
343 I 3156754 70 
344 I 3165228 64 
345 I 3169233 64 
346 I 3177616 64 
347 I 3181565 70 
348 I 3190852 64 
349 I 3196228 64 
350 I 3224732 64 
351 I 3250825 64 
352 I 3264506 70 
353 I 3266339 64 
354 I 3286395 70 
355 I 3286400 64 
356 I 3286419 64 
357 I 3300273 70 
358 I 3302168 64 
359 I 3302637 70 
360 I 3310122 64 
361 I 3324611 64 
362 I 3350750 64 
363 I 3375793 70 
364 I 3386829 64 
365 I 3392366 70 
366 I 3393311 78 
367 I 3401290 70 
368 I 3402048 78 
369 I 3409365 70 
370 I 3415902 64 
371 I 3422647 70 
372 I 3443232 70 
373 I 3443814 64 
374 I 3447243 64 
375 I 3480875 70 
376 I 3480880 64 
377 I 3507986 64 
378 I 3516074 64 
379 I 3522300 64 
380 I 3562514 64 
381 I 3591095 64 
382 I 3639778 64 
383 I 3654043 64 
384 I 3686990 70 
385 I 3699066 64 
386 I 3723448 64 
387 I 3723809 70 
388 I 3738261 78 
389 I 3738287 70 
390 I 3738291 64 
391 I 3760700 64 
392 I 3760705 64 
393 I 3776056 64 
394 I 3776244 64 
395 I 3776482 64 
396 I 3777171 64 
397 I 3832489 64 
398 I 3884713 64 
399 I 15967603 64 
400 I 15974450 64 
401 I 15998225 64 
402 I 16009161 64 
403 I 16027987 70 
404 I 16030851 64 
405 I 16037685 64 
406 I 16056022 70 
407 I 16056494 70 
408 I 16066997 64 
409 I 16327459 64 
410 I 16328202 64 
411 I 16339203 64 
412 I 16347300 64 
413 I 16383793 64 
414 I 16386250 64 
415 I 16393855 64 
416 I 16398576 70 
417 I 16402444 64 
418 I 16402449 70 
419 I 16409731 64 
420 I 16415903 64 
421 I 16421181 64 
422 I 16427049 64 
423 I 16436111 64 
424 I 16481160 64 
425 I 16500292 64 
426 I 16507013 70 
427 I 16518142 64 
428 I 16528294 70 
429 I 16546292 64 
430 I 16546296 64 
431 I 16548531 70 
432 I 16550852 78 
433 I 16551013 64 
434 I 16560260 70 
435 I 16567304 64 
436 I 16567947 64 
437 I 16639024 64 
438 I 16646877 64 
439 I 16661118 70 
440 I 16669262 64 
441 I 16745247 70 
442 I 16750139 64 
443 I 16790632 64 
444 I 17101104 70 
445 I 17113356 70 
446 I 17113482 64 
447 I 17138081 64 
448 I 17169975 64 
449 I 17170668 70 
450 I 17193244 70 
451 I 17198630 64 
452 I 17223254 64 
453 I 17229783 70 
454 I 17237914 64 
455 I 17253192 64 
456 I 17276388 64 
457 I 17295263 70 
458 I 17317611 64 
459 I 17317616 64 
460 I 17347585 70 
461 I 17372144 64 
462 I 17557382 64 
463 I 37296720 64 
464 I 37298008 64 
465 I 37298713 64 
466 I 37298895 64 
467 I 37298900 64 
468 I 37299154 64 
469 I 37303452 64 
470 I 37304578 64 
471 I 37307466 64 
472 I 37307738 64 
473 I 37307743 64 
474 I 37309632 64 
475 I 37309636 64 
476 I 37309641 64 
