0 I 0 44 
1 I 14608760 52 
2 I 15294248 44 
3 I 16093279 44 
4 I 31647777 44 
5 I 64545534 52 
6 I 65155766 44 
7 I 65765236 56 
8 I 66367893 56 
9 I 66962674 56 
10 I 67563531 44 
11 I 67568384 44 
12 I 68340767 44 
13 I 68963092 44 
14 I 69584957 44 
15 I 69740496 44 
16 I 70204005 44 
17 I 70539948 44 
18 I 70836132 44 
19 I 70836493 44 
20 I 71550096 44 
21 I 72143606 56 
22 I 72726590 64 
23 I 73313128 56 
24 I 75870802 56 
25 I 76456435 44 
26 I 76576078 44 
27 I 77164554 56 
28 I 77775321 56 
29 I 77777551 56 
30 I 78392656 56 
31 I 78394429 44 
32 I 78396473 44 
33 I 79181399 44 
34 I 79806175 44 
35 I 80436117 44 
36 I 80591561 44 
37 I 81063632 44 
38 I 81391785 44 
39 I 81691071 44 
40 I 82022200 44 
41 I 82324006 44 
42 I 82491485 44 
43 I 82799230 44 
44 I 82953655 56 
45 I 83116016 56 
46 I 83417158 56 
47 I 83420372 56 
48 I 83571857 56 
49 I 84013637 44 
50 I 84616152 44 
51 I 85210135 44 
52 I 85396419 44 
53 I 85807925 44 
54 I 86196232 44 
55 I 86410147 44 
56 I 86415303 44 
57 I 86897520 44 
58 I 87013586 44 
59 I 87202386 44 
60 I 87602408 44 
61 I 87607570 44 
62 I 87807310 44 
63 I 88203182 44 
64 I 88402347 44 
65 I 88601978 44 
66 I 88801432 44 
67 I 88902032 44 
68 I 89001324 44 
69 I 89005397 44 
70 I 89307484 44 
71 I 89488529 44 
72 I 89582088 44 
73 I 89587252 44 
74 I 90013403 44 
75 I 90081285 44 
76 I 90180350 44 
77 I 90185960 44 
78 I 90670898 44 
79 I 90771221 44 
80 I 90776050 44 
81 I 91267942 44 
82 I 91378540 44 
83 I 91382589 44 
84 I 91873367 44 
85 I 91982401 44 
86 I 91984537 44 
87 I 92121739 44 
88 I 92487694 44 
89 I 92598159 44 
90 I 92600859 44 
91 I 92928105 44 
92 I 93115624 44 
93 I 93228262 44 
94 I 93230334 44 
95 I 93729174 44 
96 I 93731643 44 
97 I 93857045 44 
98 I 93861739 44 
99 I 94363543 44 
100 I 94487481 44 
101 I 94492477 44 
102 I 94999085 44 
103 I 95132330 44 
104 I 95136170 44 
105 I 95619937 44 
106 I 95751738 44 
107 I 95756474 44 
108 I 96329258 44 
109 I 96340121 56 
110 I 96342601 56 
111 I 96344102 56 
112 I 96347161 56 
113 I 96922024 56 
114 I 96934302 44 
115 I 97532719 44 
116 I 98152431 44 
117 I 98338766 44 
118 I 98754110 44 
119 I 98941590 44 
120 I 99140376 44 
121 I 99354949 44 
122 I 99525766 44 
123 I 99738429 44 
124 I 99939257 44 
125 I 100243405 44 
126 I 100333278 44 
127 I 100524288 44 
128 I 102147868 44 
129 I 102759709 44 
130 I 103382218 44 
131 I 103554515 44 
132 I 104011158 44 
133 I 104154995 44 
134 I 104354075 44 
135 I 104629897 44 
136 I 104954129 44 
137 I 104972086 44 
138 I 105246567 44 
139 I 105361483 44 
140 I 105578780 44 
141 I 105859377 44 
142 I 105987829 44 
143 I 106212217 44 
144 I 106481216 44 
145 I 106601983 44 
146 I 106758511 44 
147 I 106824073 44 
148 I 107091732 44 
149 I 107214368 44 
150 I 107446167 44 
151 I 107713541 56 
152 I 107715714 56 
153 I 107832960 56 
154 I 108070798 56 
155 I 108072219 56 
156 I 108457533 44 
157 I 109090131 44 
158 I 109724362 44 
159 I 109864399 44 
160 I 110366499 44 
161 I 110516069 56 
162 I 111020393 56 
163 I 111022234 56 
164 I 111174208 56 
165 I 111654146 44 
166 I 111975428 44 
167 I 112475962 44 
168 I 112606474 44 
169 I 113229652 44 
170 I 113375770 44 
171 I 113849094 44 
172 I 113975287 44 
173 I 114175696 44 
174 I 114461570 44 
175 I 114581535 44 
176 I 114976074 44 
177 I 115086678 44 
178 I 115199805 44 
179 I 115605123 44 
180 I 115687526 44 
181 I 115800445 44 
182 I 116290149 44 
183 I 116294132 44 
184 I 116396094 44 
185 I 116880058 44 
186 I 116891049 44 
187 I 116990013 44 
188 I 117475503 44 
189 I 117490005 44 
190 I 117604014 44 
191 I 118055545 44 
192 I 118066330 44 
193 I 118172605 44 
194 I 118377124 44 
195 I 118630359 44 
196 I 118634519 44 
197 I 118737470 44 
198 I 119076502 44 
199 I 119208604 44 
200 I 119211242 44 
201 I 119313236 44 
202 I 119776801 44 
203 I 120592503 44 
204 I 134609114 44 
205 I 136939786 44 
206 I 146865950 44 
