0 I 0 48 
1 I 1180205 44 
2 I 7955837 44 
3 I 12081358 44 
4 I 20251366 44 
5 I 29325408 48 
6 I 30436021 44 
7 I 38712877 44 
8 I 39847486 44 
9 I 59638460 48 
10 I 60781109 44 
11 I 67242933 44 
12 I 71978832 44 
13 I 89382278 48 
14 I 90584758 44 
15 I 98627398 44 
16 I 99858284 44 
17 I 103490085 44 
18 I 119610119 48 
19 I 120698770 44 
20 I 127459348 44 
21 I 128539498 44 
22 I 132015301 44 
23 I 152653735 48 
24 I 155658233 48 
25 I 158676830 48 
26 I 171692421 44 
27 I 178015578 44 
28 I 179110690 44 
29 I 179636022 48 
30 I 180707665 44 
31 I 187880761 44 
32 I 188867461 44 
33 I 209330214 48 
34 I 210391035 44 
35 I 218061795 44 
36 I 219090308 44 
37 I 239609423 48 
38 I 240618841 44 
39 I 247673034 44 
40 I 248727543 44 
41 I 252255277 44 
42 I 269316717 48 
43 I 270336815 44 
44 I 278540578 44 
45 I 279637926 44 
