0 I 0 44 
1 I 3438361 44 
2 I 4260403 56 
3 I 24697887 44 
4 I 51795088 44 
5 I 52546685 44 
6 I 53288402 44 
7 I 58652899 44 
8 I 59454915 44 
9 I 66608698 44 
10 I 67412069 44 
11 I 68210687 44 
12 I 68994508 44 
13 I 69777882 56 
14 I 69847535 44 
15 I 70617022 44 
16 I 70781788 44 
17 I 71385686 44 
18 I 71540272 44 
19 I 72114700 56 
20 I 72121017 44 
21 I 72258647 44 
22 I 72281781 44 
23 I 72957890 56 
24 I 73025777 64 
25 I 73111380 64 
26 I 73715534 64 
27 I 73771647 64 
28 I 74468801 72 
29 I 79980712 44 
30 I 80770729 44 
31 I 80775467 44 
32 I 86411344 64 
33 I 87196610 64 
34 I 87824935 56 
35 I 88615762 44 
36 I 88729975 44 
37 I 89413061 44 
38 I 90157051 44 
39 I 90907471 56 
40 I 90913338 44 
41 I 91685874 44 
42 I 91734131 56 
43 I 92481173 56 
44 I 92486561 56 
45 I 92550317 64 
46 I 93349065 64 
47 I 95252849 56 
48 I 97693231 56 
49 I 98472275 56 
50 I 103117072 44 
51 I 103911776 44 
52 I 104715099 44 
53 I 105517398 44 
54 I 106337322 44 
55 I 107113053 56 
56 I 107138073 56 
57 I 107902855 56 
58 I 108267622 44 
59 I 111072960 44 
60 I 112071122 44 
61 I 112876205 56 
62 I 114085588 44 
63 I 114889090 44 
64 I 115686731 56 
65 I 116774590 44 
66 I 117506970 44 
67 I 118238121 44 
68 I 118998985 56 
69 I 119710996 56 
70 I 122674250 44 
71 I 127891130 44 
72 I 138261584 44 
73 I 138939614 44 
74 I 139623999 44 
75 I 140439551 44 
76 I 141591618 44 
77 I 142448031 44 
78 I 143128073 56 
79 I 145743998 44 
80 I 146438100 44 
81 I 147083840 56 
82 I 147755037 56 
83 I 148581880 56 
84 I 150600305 44 
85 I 151212352 56 
86 I 151830708 56 
87 I 153982872 44 
88 I 154802501 44 
89 I 155448124 56 
90 I 156055134 56 
91 I 156662356 44 
92 I 156673794 44 
93 I 157298929 56 
94 I 157310832 56 
95 I 157986281 64 
96 I 157989266 64 
97 I 161202754 56 
98 I 166452325 56 
99 I 167172258 56 
100 I 177506844 44 
101 I 178233618 56 
102 I 178235192 44 
103 I 178919687 44 
104 I 179589246 56 
105 I 180271038 56 
106 I 180710060 44 
107 I 180933334 44 
108 I 181636883 56 
109 I 182344775 56 
110 I 198274412 44 
111 I 198881675 44 
112 I 199488499 44 
113 I 201477845 44 
114 I 202055875 56 
115 I 204412769 44 
116 I 205008070 44 
117 I 209740151 44 
118 I 210340003 44 
119 I 210948063 56 
120 I 211565543 56 
121 I 212323724 56 
122 I 214561693 44 
123 I 219379293 44 
124 I 219964098 44 
125 I 220567318 44 
126 I 221186589 44 
127 I 221941623 44 
128 I 222814938 44 
129 I 223420524 44 
130 I 224023682 56 
131 I 224616949 56 
132 I 225353023 56 
133 I 228331367 44 
134 I 233881264 44 
135 I 234558855 44 
136 I 235233931 44 
137 I 235895197 56 
138 I 236582789 56 
139 I 237012239 44 
140 I 237192536 44 
141 I 237618281 56 
142 I 237792497 56 
143 I 238394918 56 
144 I 238411721 56 
145 I 238417948 56 
146 I 238423003 56 
147 I 239036725 56 
148 I 241348129 44 
149 I 242000109 56 
150 I 242009596 56 
151 I 242095924 64 
152 I 242106177 56 
153 I 242631022 56 
154 I 242637848 44 
155 I 242726003 56 
156 I 242732889 44 
157 I 243430677 44 
158 I 243611305 44 
159 I 244048144 44 
160 I 244648373 56 
161 I 244673984 56 
162 I 245248158 56 
163 I 245416664 56 
164 I 249550257 44 
165 I 263972786 44 
166 I 264603600 44 
167 I 265379948 44 
168 I 266061385 56 
169 I 266697456 56 
170 I 267271874 44 
171 I 267852202 44 
172 I 268440307 44 
173 I 269020856 44 
174 I 270190288 44 
175 I 270764146 44 
176 I 271367916 56 
177 I 272416444 44 
178 I 273205759 44 
179 I 273799480 56 
180 I 274463046 56 
181 I 275028184 44 
182 I 282871977 44 
183 I 283495993 44 
184 I 284176708 44 
185 I 285396121 44 
186 I 286033771 44 
187 I 288605533 44 
188 I 289361742 44 
189 I 289992948 56 
190 I 290653237 56 
191 I 291032588 44 
192 I 291280467 44 
193 I 291676498 56 
194 I 291914790 56 
195 I 292469366 56 
196 I 292548305 56 
197 I 292553268 56 
198 I 292558110 56 
199 I 293391782 56 
200 I 296359879 44 
201 I 297022200 56 
202 I 297031491 44 
203 I 297623523 44 
204 I 298241359 44 
205 I 298388173 44 
206 I 298867745 44 
