0 I 0 52 
1 I 46297 44 
2 I 74953 44 
3 I 5063223 52 
4 I 5758705 44 
5 I 5758968 44 
6 I 6004095 52 
7 I 8700501 44 
8 I 8700769 44 
9 I 8888711 44 
10 I 9011373 52 
11 I 10700035 44 
12 I 11997017 44 
13 I 12787493 44 
14 I 13295161 52 
15 I 13727917 44 
16 I 14473367 44 
17 I 15036324 44 
18 I 15937551 44 
19 I 16317943 44 
20 I 18974782 44 
21 I 18975013 44 
22 I 19489181 44 
23 I 20838665 52 
24 I 20940950 44 
25 I 21729175 44 
26 I 22245103 52 
27 I 22319723 52 
28 I 23162200 44 
29 I 23240369 44 
30 I 23939452 52 
31 I 24827412 44 
32 I 26112248 44 
33 I 111829869 44 
34 I 113305167 44 
35 I 113314816 44 
36 I 114941887 44 
37 I 116900556 44 
38 I 117969361 44 
39 I 118364584 52 
40 I 118375378 44 
41 I 119326543 44 
42 I 119771078 52 
43 I 119873099 44 
44 I 119977541 44 
45 I 120702783 44 
46 I 121252475 44 
47 I 121348468 44 
48 I 122747799 44 
49 I 127155292 44 
50 I 128421504 44 
51 I 129098018 52 
52 I 129728632 44 
53 I 129965343 44 
54 I 135645492 44 
55 I 136919937 44 
56 I 138210415 44 
57 I 144152075 44 
58 I 145428793 44 
59 I 146732383 44 
60 I 152706414 44 
61 I 155670015 44 
62 I 156972520 44 
63 I 162853073 44 
64 I 164138203 52 
65 I 164998932 44 
66 I 209472636 44 
67 I 210674273 44 
68 I 214475860 52 
69 I 215709783 52 
70 I 216512462 44 
71 I 216620727 44 
72 I 217428602 52 
73 I 217431545 44 
74 I 218246788 44 
75 I 220000131 44 
76 I 224968338 44 
77 I 226213562 44 
78 I 232249292 52 
79 I 235232614 52 
80 I 241267700 52 
81 I 242099015 44 
82 I 255135677 44 
83 I 260216173 44 
84 I 261211311 44 
85 I 261604476 44 
86 I 262978945 52 
87 I 265911738 52 
88 I 271949387 52 
89 I 272839856 44 
90 I 284822432 44 
