0 I 0 44 
1 I 89575 44 
2 I 5837578 44 
3 I 6212837 44 
4 I 8728197 44 
5 I 13488491 44 
6 I 28193198 44 
7 I 29028775 44 
8 I 38298776 44 
9 I 43681104 44 
10 I 46761429 44 
11 I 53204553 44 
12 I 59542782 44 
13 I 59788660 44 
14 I 69855071 44 
15 I 78021806 44 
16 I 81274374 44 
17 I 81888360 44 
18 I 85940125 44 
19 I 100213565 44 
20 I 102122377 44 
21 I 103408587 44 
22 I 104327478 44 
23 I 104730713 44 
24 I 105034529 44 
25 I 105133952 44 
26 I 105636376 44 
27 I 106631939 44 
28 I 106934204 44 
29 I 107035952 44 
30 I 107930776 44 
31 I 108324647 44 
32 I 109233718 44 
33 I 109627699 44 
34 I 109921109 44 
35 I 111139116 44 
36 I 111233975 44 
37 I 111533379 44 
38 I 111632719 44 
39 I 112418406 44 
40 I 112809230 44 
41 I 113109219 44 
42 I 114013025 44 
43 I 114305942 44 
44 I 115502423 44 
45 I 115793585 44 
46 I 116999495 44 
47 I 117302088 44 
48 I 118203138 44 
49 I 118407899 44 
50 I 118503880 44 
51 I 119683982 44 
52 I 122316150 44 
53 I 123497187 44 
54 I 123580593 44 
55 I 128045327 44 
56 I 133862889 44 
57 I 137370093 44 
58 I 137772579 44 
59 I 149567374 44 
60 I 162754516 44 
61 I 165933785 44 
62 I 166426431 44 
63 I 171789977 44 
64 I 183072072 44 
65 I 186650347 44 
66 I 186762524 44 
67 I 191536329 44 
68 I 197192800 44 
69 I 202479814 44 
70 I 202495947 44 
71 I 211363825 44 
72 I 225026150 44 
73 I 229425564 44 
74 I 229828423 44 
75 I 238654325 44 
76 I 244921203 44 
77 I 249711388 44 
78 I 249963430 44 
79 I 258036012 44 
80 I 270511493 44 
81 I 277785944 44 
82 I 278561805 44 
83 I 285267206 44 
