0 I 0 52 
1 I 577948 104 
2 I 3804206 184 
3 I 10343785 184 
4 I 10837230 92 
5 I 11547007 69 
6 I 12129301 113 
7 I 15168502 119 
8 I 15751369 56 
9 I 16880367 44 
10 I 16939720 309 
11 I 16966486 1496 
12 I 16987639 1192 
13 I 17522494 1496 
14 I 17767452 1496 
15 I 18302555 1496 
16 I 18328737 1496 
17 I 18555806 1496 
18 I 18958117 1496 
19 I 18984115 1496 
20 I 19261448 1496 
21 I 19287423 1496 
22 I 19791613 1496 
23 I 19870071 1496 
24 I 19883134 697 
25 I 20445925 1237 
26 I 21031219 1344 
27 I 23280435 1496 
28 I 23874263 1344 
29 I 23900789 1496 
30 I 23904639 157 
31 I 24717095 1496 
32 I 24744095 1496 
33 I 25282630 1496 
34 I 25308673 1496 
35 I 25862523 1496 
36 I 25888932 1496 
37 I 25915742 1496 
38 I 26462940 1496 
39 I 26489544 1496 
40 I 27212867 1496 
41 I 27238846 1496 
42 I 27256304 972 
43 I 27811218 1496 
44 I 28365638 128 
45 I 28383107 972 
46 I 30855724 1496 
47 I 31546739 1496 
48 I 31573445 1496 
49 I 32091908 1496 
50 I 32118699 1496 
51 I 32121127 118 
52 I 36091014 1496 
53 I 36690033 1496 
54 I 36716030 1496 
55 I 37245037 1496 
56 I 37418206 1496 
57 I 37976356 1496 
58 I 38003482 1496 
59 I 39735611 1496 
60 I 43203604 1496 
61 I 43773238 1496 
62 I 43799019 1496 
63 I 44348947 1496 
64 I 44864942 658 
65 I 51795613 1496 
66 I 52277444 1496 
67 I 52303073 1496 
68 I 52779338 1496 
69 I 52806103 1496 
70 I 53292715 1496 
71 I 53319343 1496 
72 I 53345673 1496 
73 I 53801565 1496 
74 I 53828050 1496 
75 I 54012039 1496 
76 I 54310506 1496 
77 I 54337143 1496 
78 I 54363602 1496 
79 I 54365241 56 
80 I 54777716 1496 
81 I 54789695 664 
82 I 54831724 1457 
83 I 56499385 1496 
84 I 58686541 1496 
85 I 63092988 1496 
86 I 71819044 1496 
87 I 72310188 1496 
88 I 72336800 1496 
89 I 72791347 1496 
90 I 72939809 1496 
91 I 73414044 1496 
92 I 73441166 1496 
93 I 73467044 1496 
94 I 73928700 1496 
95 I 73954925 1496 
96 I 74137199 1496 
97 I 74471579 1496 
98 I 74497990 1496 
99 I 74522095 1362 
100 I 74792873 1496 
101 I 74985136 1496 
102 I 75008107 1305 
103 I 75032905 1344 
104 I 75076970 1496 
105 I 75451221 1496 
106 I 75486201 1496 
107 I 75502668 888 
108 I 75920820 1496 
109 I 75942709 1192 
110 I 75968848 1496 
111 I 75992967 1344 
112 I 76370659 157 
113 I 76846473 1344 
114 I 77717808 1496 
115 I 78198034 1344 
116 I 78357930 1496 
117 I 78833432 1496 
118 I 78859857 1496 
119 I 79329209 1496 
120 I 79355176 1496 
121 I 80563620 1496 
122 I 83188994 1496 
123 I 88436511 1496 
124 I 88991771 1496 
125 I 89017819 1496 
126 I 89673495 1496 
127 I 90208535 1496 
128 I 90719389 697 
129 I 92155739 1496 
130 I 95218264 1496 
131 I 101373435 1496 
132 I 101843962 1496 
133 I 101870482 1496 
134 I 102336777 1496 
135 I 102363196 1496 
136 I 102831534 1496 
137 I 102857404 1496 
138 I 103466797 1496 
139 I 103493139 1496 
140 I 103983689 1496 
141 I 104489605 1046 
142 I 106733951 1496 
143 I 107250721 1496 
144 I 107277235 1496 
145 I 107795908 1496 
146 I 107822978 1496 
147 I 109042983 1496 
148 I 109687741 1496 
149 I 109713790 1496 
150 I 112279968 1496 
151 I 112804265 1496 
152 I 112830885 1496 
153 I 117967995 1496 
154 I 128467393 1496 
155 I 128957000 1496 
156 I 128983622 1496 
157 I 129589743 1496 
158 I 130989320 1496 
159 I 133827684 1496 
160 I 139514922 1496 
