0 I 0 52 
1 I 13501 52 
2 I 431592 44 
3 I 543098 44 
4 I 586807 44 
5 I 592096 44 
6 I 1157957 44 
7 I 1171628 44 
8 I 1454185 44 
9 I 1469561 44 
10 I 2054480 44 
11 I 2069835 44 
12 I 2357786 44 
13 I 2369491 44 
14 I 2649689 44 
15 I 2668007 44 
16 I 2951652 44 
17 I 2972754 44 
18 I 3250655 44 
19 I 3271793 44 
20 I 3558455 44 
21 I 3576699 44 
22 I 3848835 44 
23 I 3873945 44 
24 I 4146583 44 
25 I 4173657 44 
26 I 4449631 44 
27 I 4462865 44 
28 I 4747353 44 
29 I 4773919 44 
30 I 5031793 44 
31 I 5058203 44 
32 I 5458822 44 
33 I 5477122 44 
34 I 5749029 44 
35 I 5765479 44 
36 I 6051095 44 
37 I 6075511 44 
38 I 6348990 44 
39 I 6365494 44 
40 I 6658515 44 
41 I 6676877 44 
42 I 6953894 44 
43 I 6971191 44 
44 I 7273766 44 
45 I 7298693 44 
46 I 7551445 44 
47 I 7571105 44 
48 I 7858780 44 
49 I 7878557 44 
50 I 8255455 44 
51 I 8273622 44 
52 I 8451893 44 
53 I 8483297 44 
54 I 8858531 44 
55 I 8888596 44 
56 I 9154831 44 
57 I 9163876 44 
58 I 9453449 44 
59 I 9473056 44 
60 I 9751808 44 
61 I 9786253 44 
62 I 10055417 44 
63 I 10076004 44 
64 I 10359987 44 
65 I 10386660 44 
66 I 10660069 44 
67 I 10676518 44 
68 I 10836433 44 
69 I 10848642 44 
70 I 11258074 44 
71 I 11278635 44 
72 I 11565567 44 
73 I 11592514 44 
74 I 11857697 44 
75 I 11879384 44 
76 I 12359430 44 
77 I 12378469 44 
78 I 12661066 44 
79 I 12685086 44 
80 I 12966727 44 
81 I 12980795 44 
82 I 13261195 44 
83 I 13287791 44 
84 I 13580699 44 
85 I 13714966 44 
86 I 13960468 44 
87 I 13972882 44 
88 I 14263897 44 
89 I 14283153 44 
90 I 14563052 44 
91 I 14575914 44 
92 I 14866223 44 
93 I 14887103 44 
94 I 15175795 44 
95 I 15227639 44 
96 I 15462268 44 
97 I 15478679 44 
98 I 15759970 44 
99 I 15778047 44 
100 I 16079831 44 
101 I 16108183 44 
102 I 16657854 44 
103 I 16678822 44 
104 I 16959481 44 
105 I 16980693 44 
106 I 17258203 44 
107 I 17283965 44 
108 I 17559428 44 
109 I 17580753 44 
110 I 17859872 44 
111 I 17886564 44 
112 I 18157202 44 
113 I 18184236 44 
114 I 18675801 44 
115 I 18681727 44 
116 I 18694304 44 
117 I 18715138 44 
118 I 18865261 44 
119 I 18897103 44 
120 I 19188283 44 
121 I 19209110 44 
122 I 19488938 44 
123 I 19511311 44 
124 I 19793922 44 
125 I 19817324 44 
126 I 20138619 44 
127 I 20166974 44 
128 I 20492714 44 
129 I 20503925 44 
130 I 21600506 52 
131 I 21605332 52 
132 I 22178917 44 
133 I 22285842 44 
134 I 22363515 44 
135 I 22366567 44 
136 I 22959270 44 
137 I 22971916 44 
138 I 23424837 44 
139 I 23503042 44 
140 I 24561499 44 
141 I 24577221 44 
142 I 24958451 44 
143 I 25006731 44 
144 I 25365192 44 
145 I 25378754 44 
146 I 25662901 44 
147 I 25669013 44 
148 I 27262456 44 
149 I 27281497 44 
150 I 27564716 44 
151 I 27581646 44 
152 I 28562277 44 
153 I 28575628 44 
154 I 28931817 44 
155 I 28942891 44 
156 I 29251382 44 
157 I 29374835 44 
158 I 29599048 44 
159 I 29604026 44 
160 I 30728429 56 
161 I 30755907 56 
162 I 31042225 56 
163 I 31054065 56 
164 I 32602476 64 
165 I 32632469 64 
166 I 33010651 52 
167 I 33083215 52 
168 I 34632506 44 
169 I 34635145 44 
170 I 35078858 44 
171 I 35086381 44 
172 I 35120279 44 
173 I 35198548 44 
174 I 35847364 44 
175 I 35863367 44 
176 I 38271895 44 
177 I 38292616 44 
178 I 38469514 44 
179 I 38526288 44 
180 I 41105216 44 
181 I 41123580 44 
182 I 42827333 44 
183 I 42832536 44 
184 I 43096711 44 
185 I 43115821 44 
186 I 43566571 44 
187 I 43580293 44 
188 I 44164574 44 
189 I 44182856 44 
190 I 44364630 44 
191 I 44394887 44 
192 I 46366105 44 
193 I 46381865 44 
194 I 47176282 44 
195 I 47187317 44 
196 I 47672150 44 
197 I 47688963 44 
198 I 47991750 44 
199 I 47995760 44 
200 I 50378561 44 
201 I 50399027 44 
202 I 50672294 44 
203 I 50689799 44 
204 I 51970244 44 
205 I 51986438 44 
206 I 52473055 44 
207 I 52494783 44 
208 I 55473303 44 
209 I 55488693 44 
210 I 55771955 44 
211 I 55788967 44 
212 I 57171458 44 
213 I 57194050 44 
214 I 57478773 44 
215 I 57503675 44 
216 I 59541522 44 
217 I 59548177 44 
218 I 60182365 56 
219 I 60211420 56 
220 I 60729176 56 
221 I 60752613 56 
222 I 61536006 56 
223 I 61552620 56 
224 I 62259073 56 
225 I 62277782 56 
226 I 64692008 44 
227 I 64710488 44 
228 I 65359796 44 
229 I 65382939 44 
230 I 132304818 52 
231 I 132314712 52 
232 I 133105534 44 
233 I 133220682 44 
234 I 133323520 44 
235 I 133329158 44 
236 I 134173157 44 
237 I 134187202 44 
238 I 134470487 44 
239 I 134488447 44 
240 I 135079021 44 
241 I 135090100 44 
242 I 135377026 44 
243 I 135396180 44 
244 I 135786142 44 
245 I 135802514 44 
246 I 136126996 44 
247 I 136130959 44 
248 I 136473141 44 
249 I 136492122 44 
250 I 136872006 44 
251 I 136892969 44 
252 I 137174676 44 
253 I 137194262 44 
254 I 137474826 44 
255 I 137483681 44 
256 I 137773615 44 
257 I 137802062 44 
258 I 138010479 44 
259 I 138020788 44 
260 I 138489666 44 
261 I 138497396 44 
262 I 138788430 44 
263 I 138802189 44 
264 I 139078879 44 
265 I 139108833 44 
266 I 139419027 44 
267 I 139422834 44 
268 I 139777090 44 
269 I 139790241 44 
270 I 140087717 44 
271 I 140095105 44 
272 I 140475988 44 
273 I 140497525 44 
274 I 140771574 44 
275 I 140798904 44 
276 I 141078329 44 
277 I 141096081 44 
278 I 141375520 44 
279 I 141402199 44 
280 I 141693868 44 
281 I 141697756 44 
282 I 142074884 44 
283 I 142086459 44 
284 I 142377706 44 
285 I 142389851 44 
286 I 142677300 44 
287 I 142695739 44 
288 I 143073604 44 
289 I 143088212 44 
290 I 143373606 44 
291 I 143392560 44 
292 I 143673314 44 
293 I 143691049 44 
294 I 143978526 44 
295 I 143998417 44 
296 I 144190174 44 
297 I 144218533 44 
298 I 144677815 44 
299 I 144700513 44 
300 I 144974911 44 
301 I 144995187 44 
302 I 145269795 44 
303 I 145302195 44 
304 I 145773636 44 
305 I 145800287 44 
306 I 146079075 44 
307 I 146101481 44 
308 I 146395216 44 
309 I 146400362 44 
310 I 146778178 44 
311 I 146802988 44 
312 I 147134751 44 
313 I 147294666 44 
314 I 147486998 44 
315 I 147495489 44 
316 I 147768598 44 
317 I 147784737 44 
318 I 148076080 44 
319 I 148090287 44 
320 I 148372227 44 
321 I 148394202 44 
322 I 148704291 44 
323 I 148706990 44 
324 I 149191189 44 
325 I 149195443 44 
326 I 149472455 44 
327 I 149494852 44 
328 I 149771299 44 
329 I 149799031 44 
330 I 150170326 44 
331 I 150181673 44 
332 I 150508974 44 
333 I 150514346 44 
334 I 150874670 44 
335 I 150884019 44 
336 I 151568784 44 
337 I 151586010 44 
338 I 151872457 44 
339 I 151895768 44 
340 I 152273679 44 
341 I 152287640 44 
342 I 152650609 44 
343 I 152727900 44 
344 I 152967844 44 
345 I 152997950 44 
346 I 153270778 44 
347 I 153290787 44 
348 I 153571029 44 
349 I 153600775 44 
350 I 153876887 44 
351 I 153890283 44 
352 I 154170518 44 
353 I 154191952 44 
354 I 155176304 44 
355 I 155198315 44 
356 I 155580889 44 
357 I 155594736 44 
358 I 155978078 44 
359 I 155997377 44 
360 I 156277413 44 
361 I 156299366 44 
362 I 156578080 44 
363 I 156602897 44 
364 I 156875639 44 
365 I 156902633 44 
366 I 156906256 44 
367 I 156919633 44 
368 I 157374960 44 
369 I 157399196 44 
370 I 158177368 44 
371 I 158198892 44 
372 I 158469958 44 
373 I 158492406 44 
374 I 158772004 44 
375 I 158802294 44 
376 I 159173626 44 
377 I 159191967 44 
378 I 159481306 44 
379 I 159494623 44 
380 I 159777826 44 
381 I 159794642 44 
382 I 160478368 44 
383 I 160502069 44 
384 I 160778739 44 
385 I 160797865 44 
386 I 161278570 44 
387 I 161303466 44 
388 I 162071088 44 
389 I 162099245 44 
390 I 162377656 44 
391 I 162393227 44 
392 I 162873100 44 
393 I 162890122 44 
394 I 163379368 44 
395 I 163392260 44 
396 I 163766642 44 
397 I 163792056 44 
398 I 164076841 44 
399 I 164094704 44 
400 I 164376087 44 
401 I 164391852 44 
402 I 164676008 44 
403 I 164694380 44 
404 I 164979753 44 
405 I 164999652 44 
406 I 165271665 44 
407 I 165295333 44 
408 I 165567515 44 
409 I 165598806 44 
410 I 165870879 44 
411 I 165901961 44 
412 I 166169980 44 
413 I 166187364 44 
414 I 166673047 44 
415 I 166701810 44 
416 I 166988336 44 
417 I 167022869 44 
418 I 167267490 44 
419 I 167298751 44 
420 I 167575283 44 
421 I 167594251 44 
422 I 167911822 44 
423 I 167917857 44 
424 I 168267684 44 
425 I 168297461 44 
426 I 168968360 44 
427 I 168993707 44 
428 I 169386209 44 
429 I 169414157 44 
430 I 169673617 44 
431 I 169707473 44 
432 I 169972547 44 
433 I 169999965 44 
434 I 170369024 44 
435 I 170388296 44 
436 I 170672990 44 
437 I 170697939 44 
438 I 170970675 44 
439 I 170986661 44 
440 I 171279847 44 
441 I 171301017 44 
442 I 171574065 44 
443 I 171595448 44 
444 I 171877212 44 
445 I 171899076 44 
446 I 172170387 44 
447 I 172195206 44 
448 I 172470460 44 
449 I 172503264 44 
450 I 172771841 44 
451 I 172790310 44 
452 I 173167274 44 
453 I 173194642 44 
454 I 173472090 44 
455 I 173497021 44 
456 I 173769393 44 
457 I 173805574 44 
458 I 174081380 44 
459 I 174098265 44 
460 I 174374706 44 
461 I 174405824 44 
462 I 174683883 44 
463 I 174698442 44 
464 I 175031057 44 
465 I 175034728 44 
466 I 175386574 44 
467 I 175404641 44 
468 I 175683451 44 
469 I 175699885 44 
470 I 175984361 44 
471 I 176004448 44 
472 I 176283203 44 
473 I 176302640 44 
474 I 176678458 44 
475 I 176691655 44 
476 I 177178764 44 
477 I 177190867 44 
478 I 177475429 44 
479 I 177493269 44 
480 I 177774437 44 
481 I 177791540 44 
482 I 178178487 44 
483 I 178209997 44 
484 I 178483723 44 
485 I 178496876 44 
486 I 178776641 44 
487 I 178794136 44 
488 I 179179135 44 
489 I 179197213 44 
490 I 179482153 44 
491 I 179506743 44 
492 I 179787642 44 
493 I 179801525 44 
494 I 180079611 44 
495 I 180104885 44 
496 I 180514563 44 
497 I 180527471 44 
498 I 180981551 44 
499 I 181011596 44 
500 I 181276319 44 
501 I 181301204 44 
502 I 181596360 44 
503 I 181624457 44 
504 I 181928902 44 
505 I 181934301 44 
506 I 182279906 44 
507 I 182294536 44 
508 I 182576095 44 
509 I 182605002 44 
510 I 183279987 44 
511 I 183297782 44 
512 I 183592845 44 
513 I 183612414 44 
514 I 183881947 44 
515 I 183900447 44 
516 I 184476628 44 
517 I 184513238 44 
518 I 184779427 44 
519 I 184798146 44 
520 I 185075303 44 
521 I 185101772 44 
522 I 185882635 44 
523 I 185900785 44 
524 I 186174946 44 
525 I 186193956 44 
526 I 186482647 44 
527 I 186505365 44 
528 I 186874299 44 
529 I 186891857 44 
530 I 187180994 44 
531 I 187204591 44 
532 I 187678238 44 
533 I 187871444 44 
534 I 188573584 44 
535 I 188594899 44 
536 I 188876170 44 
537 I 188900315 44 
538 I 189171489 44 
539 I 189203443 44 
540 I 189484954 44 
541 I 189505745 44 
542 I 190036714 44 
543 I 190104969 44 
544 I 190275720 44 
545 I 190291527 44 
546 I 191176018 44 
547 I 191196128 44 
548 I 191482976 44 
549 I 191495937 44 
550 I 191877339 44 
551 I 191897582 44 
552 I 192433086 44 
553 I 192535581 44 
554 I 192684882 44 
555 I 192699496 44 
556 I 192978201 44 
557 I 192991344 44 
558 I 193448851 44 
559 I 193453200 44 
560 I 193791944 44 
561 I 193812226 44 
562 I 194249611 44 
563 I 194340683 44 
564 I 194475089 44 
565 I 194504274 44 
566 I 194780424 44 
567 I 194801323 44 
568 I 195178626 44 
569 I 195196508 44 
570 I 195581015 44 
571 I 195596390 44 
572 I 196243819 44 
573 I 196285667 44 
574 I 196479607 44 
575 I 196508940 44 
576 I 196780911 44 
577 I 196801017 44 
578 I 197082923 44 
579 I 197097543 44 
580 I 197480993 44 
581 I 197500741 44 
582 I 197940139 44 
583 I 198015112 44 
584 I 198177489 44 
585 I 198202472 44 
586 I 198488603 44 
587 I 198530636 44 
588 I 198791411 44 
589 I 198850749 44 
590 I 199219190 44 
591 I 199228306 44 
592 I 199586578 44 
593 I 199631483 44 
594 I 199880074 44 
595 I 199893364 44 
596 I 200176757 44 
597 I 200196258 44 
598 I 200488389 44 
599 I 200496078 44 
600 I 200994378 44 
601 I 201070127 44 
602 I 201408450 44 
603 I 201413486 44 
604 I 201681237 44 
605 I 201698689 44 
606 I 201974098 44 
607 I 201999337 44 
608 I 202378906 44 
609 I 202399346 44 
610 I 203061679 44 
611 I 203180034 44 
612 I 203325894 44 
613 I 203330135 44 
614 I 203391857 44 
615 I 203453422 44 
616 I 203776662 44 
617 I 203794658 44 
618 I 204083970 44 
619 I 204103056 44 
620 I 204455091 44 
621 I 204495644 44 
622 I 205077426 44 
623 I 205107515 44 
624 I 205382225 44 
625 I 205420402 44 
626 I 205677640 44 
627 I 205700337 44 
628 I 206091651 44 
629 I 206107602 44 
630 I 206386630 44 
631 I 206396506 44 
632 I 206681569 44 
633 I 206701360 44 
634 I 207086662 44 
635 I 207107868 44 
636 I 207378413 44 
637 I 207399329 44 
638 I 207677077 44 
639 I 207691697 44 
640 I 207982544 44 
641 I 207999368 44 
642 I 208279997 44 
643 I 208291344 44 
644 I 208573926 44 
645 I 208590910 44 
646 I 208777685 44 
647 I 208792379 44 
648 I 208990915 44 
649 I 209016011 44 
