0 I 0 64 
1 I 586318 56 
2 I 752170 105 
3 I 1504852 92 
4 I 2088643 56 
5 I 2315229 118 
6 I 3274842 1122 
7 I 3994915 104 
8 I 4705809 76 
9 I 5420644 80 
10 I 6123592 69 
11 I 6794525 104 
12 I 7480679 64 
13 I 8028751 56 
14 I 8174966 1504 
15 I 8175168 126 
16 I 8175183 1504 
17 I 8890541 1504 
18 I 8890689 1504 
19 I 8890838 1504 
20 I 9605555 1008 
21 I 9605774 1504 
22 I 9606143 1504 
23 I 9606221 1256 
24 I 10316858 1504 
25 I 10317226 1504 
26 I 10317468 1256 
27 I 10317647 1504 
28 I 10317753 1504 
29 I 10317810 1256 
30 I 11027538 1504 
31 I 11027697 1504 
32 I 11027894 1256 
33 I 11027990 1504 
34 I 11028272 1504 
35 I 11028355 1256 
36 I 11744960 1504 
37 I 11745312 1504 
38 I 11745417 1256 
39 I 11852099 1504 
40 I 11852464 1504 
41 I 11852535 1256 
42 I 12518199 1504 
43 I 12518349 1504 
44 I 12518477 1256 
45 I 12518647 1504 
46 I 12518816 1504 
47 I 12519000 1256 
48 I 13135345 1504 
49 I 13135491 1504 
50 I 13135605 1256 
51 I 13138066 1504 
52 I 13138227 1504 
53 I 13138385 1256 
54 I 13765522 1504 
55 I 13765676 1504 
56 I 13765755 1256 
57 I 13766265 1504 
58 I 13766408 1504 
59 I 13766654 1256 
60 I 14379270 1504 
61 I 14379468 1504 
62 I 14379607 1256 
63 I 14380707 1504 
64 I 14380974 1504 
65 I 14381121 1256 
66 I 15001291 1504 
67 I 15001423 1504 
68 I 15001545 1256 
69 I 15002103 1504 
70 I 15002191 1504 
71 I 15002286 1256 
72 I 15600526 1504 
73 I 15600624 1504 
74 I 15600883 1256 
75 I 15601058 1504 
76 I 15601158 1504 
77 I 15601245 1256 
78 I 16203002 1504 
79 I 16203177 1504 
80 I 16203296 1256 
81 I 16203432 1504 
82 I 16203610 1504 
83 I 16203786 1256 
84 I 16799960 1504 
85 I 16800112 1504 
86 I 16800206 1256 
87 I 16801656 1504 
88 I 16802126 1504 
89 I 16802484 1256 
90 I 17408917 1504 
91 I 17409067 1504 
92 I 17409182 1256 
93 I 17409592 1504 
94 I 17409712 1504 
95 I 17409814 1256 
96 I 18023191 1504 
97 I 18023334 1504 
98 I 18023489 1256 
99 I 18023591 1504 
100 I 18023761 1504 
101 I 18023921 1256 
102 I 18610696 1504 
103 I 18610968 1504 
104 I 18611054 1256 
105 I 18611171 1504 
106 I 18611385 1504 
107 I 18611457 1256 
108 I 19200651 1504 
109 I 19200824 1504 
110 I 19200910 1256 
111 I 19201577 1504 
112 I 19201889 1504 
113 I 19202038 1256 
114 I 19809927 1504 
115 I 19810121 1504 
116 I 19810253 1256 
117 I 19810594 1504 
118 I 19810915 1504 
119 I 19811107 1256 
120 I 20440085 1504 
121 I 20440289 1504 
122 I 20440374 1256 
123 I 20440592 1504 
124 I 20440683 1504 
125 I 20440837 1256 
126 I 21064677 1504 
127 I 21064880 1504 
128 I 21065062 1256 
129 I 21065221 1504 
130 I 21065421 1504 
131 I 21065604 1256 
132 I 21665600 1504 
133 I 21666058 1504 
134 I 21666272 1256 
135 I 21666464 1504 
136 I 21666628 1504 
137 I 21666830 1256 
138 I 22261144 1504 
139 I 22261634 1504 
140 I 22261760 1256 
141 I 22262238 1504 
142 I 22262334 1504 
143 I 22262401 1256 
144 I 22875976 1504 
145 I 22876377 1504 
146 I 22876727 1256 
147 I 22877244 1504 
148 I 22877496 1504 
149 I 22877637 1256 
150 I 23493563 1504 
151 I 23493810 1504 
152 I 23493886 1256 
153 I 23494104 1504 
154 I 23494309 1504 
155 I 23494368 1256 
156 I 24111840 1504 
157 I 24112103 1504 
158 I 24112160 1256 
159 I 24112388 1504 
160 I 24112594 1504 
161 I 24112769 1256 
162 I 24729637 1504 
163 I 24729751 1504 
164 I 24729834 1256 
165 I 24730160 1504 
166 I 24730353 1504 
167 I 24730528 1256 
168 I 25343876 1504 
169 I 25344145 1504 
170 I 25344306 1256 
171 I 25344581 1504 
172 I 25344780 1504 
173 I 25344858 1256 
174 I 25974724 1504 
175 I 25975005 1504 
176 I 25975066 1256 
177 I 25978010 1504 
178 I 25978243 1504 
179 I 25978506 1256 
180 I 26599055 1504 
181 I 26599228 1504 
182 I 26599342 1256 
183 I 26599635 1504 
184 I 26599739 1504 
185 I 26599990 1256 
186 I 27209011 1504 
187 I 27209109 1504 
188 I 27209272 1256 
189 I 27222808 1504 
190 I 27223049 1504 
191 I 27223206 1256 
192 I 27820272 1504 
193 I 27820526 1504 
194 I 27820822 1256 
195 I 27821147 1504 
196 I 27821425 1504 
197 I 27821690 1256 
198 I 28438351 1504 
199 I 28438600 1504 
200 I 28438676 1256 
201 I 28438819 1504 
202 I 28438932 1504 
203 I 28439025 1256 
204 I 29051002 1504 
205 I 29051135 1504 
206 I 29051266 1256 
207 I 29051537 1504 
208 I 29051651 1504 
209 I 29051739 1256 
210 I 29655384 1504 
211 I 29655530 1504 
212 I 29655659 1256 
213 I 29657524 1504 
214 I 29657677 1504 
215 I 29657780 1256 
216 I 30253438 1504 
217 I 30253650 1504 
218 I 30253724 1256 
219 I 30253915 1504 
220 I 30254145 1504 
221 I 30254279 1256 
222 I 30830684 1504 
223 I 30830863 1504 
224 I 30831152 1256 
225 I 30831453 1504 
226 I 30831685 1504 
227 I 30831839 1256 
228 I 31396568 1504 
229 I 31396846 1504 
230 I 31396913 1256 
231 I 31397873 1504 
232 I 31398092 1504 
233 I 31398154 1256 
234 I 31976401 1504 
235 I 31976563 1504 
236 I 31976734 1256 
237 I 31978785 1504 
238 I 31978875 1504 
239 I 31978926 1256 
240 I 32578533 1504 
241 I 32578903 1504 
242 I 32579064 1256 
243 I 32579162 1504 
244 I 32579333 1504 
245 I 32579416 1256 
246 I 33171521 1504 
247 I 33171741 1504 
248 I 33171818 1256 
249 I 33172148 1504 
250 I 33172331 1504 
251 I 33172395 1256 
252 I 33748699 1504 
253 I 33748842 1504 
254 I 33748920 1256 
255 I 33749565 1504 
256 I 33749772 1504 
257 I 33749915 1256 
258 I 34335994 1504 
259 I 34336156 1504 
260 I 34336224 1256 
261 I 34336324 1504 
262 I 34336617 1504 
263 I 34336767 1256 
264 I 34945970 1504 
265 I 34946285 1504 
266 I 34946369 1256 
267 I 34946597 1504 
268 I 34946879 1504 
269 I 34946947 1256 
270 I 35570240 1504 
271 I 35570405 1504 
272 I 35570486 1256 
273 I 35570711 1504 
274 I 35570846 1504 
275 I 35571001 1256 
276 I 36181415 1504 
277 I 36181774 1504 
278 I 36181862 1256 
279 I 36196471 1504 
280 I 36196619 1504 
281 I 36196750 1256 
282 I 36798747 1504 
283 I 36798902 1504 
284 I 36798992 1256 
285 I 36799325 1504 
286 I 36799483 1504 
287 I 36799635 1256 
288 I 37409660 1504 
289 I 37409863 1504 
290 I 37409935 1256 
291 I 37417740 1504 
292 I 37418114 1504 
293 I 37418271 1256 
294 I 38025557 1504 
295 I 38025786 1504 
296 I 38025908 1256 
297 I 38026131 1504 
298 I 38026498 1504 
299 I 38026586 1256 
300 I 38636713 1504 
301 I 38636875 1504 
302 I 38637020 1256 
303 I 38637313 1504 
304 I 38637432 1504 
305 I 38637592 1256 
306 I 39244428 1504 
307 I 39244672 1504 
308 I 39244791 1256 
309 I 39244947 1504 
310 I 39245054 1504 
311 I 39245212 1256 
312 I 39835186 1504 
313 I 39835405 1504 
314 I 39835533 1256 
315 I 39835633 1504 
316 I 39835852 1504 
317 I 39835966 1256 
318 I 40422062 1504 
319 I 40422272 1504 
320 I 40422448 1256 
321 I 40422666 1504 
322 I 40422951 1504 
323 I 40423089 1256 
324 I 41025905 1504 
325 I 41026169 1504 
326 I 41026355 1256 
327 I 41026464 1504 
328 I 41026629 1504 
329 I 41026751 1256 
330 I 41637260 1504 
331 I 41637539 1504 
332 I 41637623 1256 
333 I 41637863 1504 
334 I 41637998 1504 
335 I 41638076 1256 
336 I 42247405 1504 
337 I 42247582 1504 
338 I 42247781 1256 
339 I 42247940 1504 
340 I 42248042 1504 
341 I 42248106 1256 
342 I 42838424 1504 
343 I 42838627 1504 
344 I 42838695 1256 
345 I 42838975 1504 
346 I 42839187 1504 
347 I 42839296 1256 
348 I 43440087 1504 
349 I 43440249 1504 
350 I 43440441 1256 
351 I 43442861 1504 
352 I 43443123 1504 
353 I 43443294 1256 
354 I 44051314 1504 
355 I 44051501 1504 
356 I 44051653 1256 
357 I 44051858 1504 
358 I 44051932 1504 
359 I 44052108 1256 
360 I 44692714 1504 
361 I 44692836 1504 
362 I 44692918 1256 
363 I 44801707 1504 
364 I 44802005 1504 
365 I 44802151 1256 
366 I 45379697 1504 
367 I 45379916 1504 
368 I 45380016 1256 
369 I 45590540 1504 
370 I 45590765 1504 
371 I 45590835 1256 
372 I 46203206 1504 
373 I 46203327 1504 
374 I 46203502 1256 
375 I 46413880 1504 
376 I 46414102 1504 
377 I 46414263 1256 
378 I 47041119 1504 
379 I 47041227 1504 
380 I 47041425 1256 
381 I 47257869 1504 
382 I 47257957 1504 
383 I 47258051 1256 
384 I 47890252 1504 
385 I 47890410 1504 
386 I 47890489 1256 
387 I 48076168 1504 
388 I 48076263 1504 
389 I 48076331 1256 
390 I 48646599 1504 
391 I 48646760 1504 
392 I 48646999 1256 
393 I 48832164 1504 
394 I 48832294 1504 
395 I 48832426 1256 
396 I 49467617 1504 
397 I 49467810 1504 
398 I 49467883 1256 
399 I 49543952 1504 
400 I 49544135 1504 
401 I 49544196 1256 
402 I 50255409 1504 
403 I 50255573 1504 
404 I 50255755 1256 
405 I 50418325 1504 
406 I 50418612 1504 
407 I 50418770 1256 
408 I 51016754 1504 
409 I 51017061 1504 
410 I 51017213 1256 
411 I 51229737 1504 
412 I 51229842 1504 
413 I 51229918 1256 
414 I 51803628 1504 
415 I 51803759 1504 
416 I 51803934 1256 
417 I 51986245 1504 
418 I 51986366 1504 
419 I 51986512 1256 
420 I 52593010 1504 
421 I 52593153 1504 
422 I 52593369 1256 
423 I 52834213 1504 
424 I 52834394 1504 
425 I 52834531 1256 
426 I 53388545 1504 
427 I 53388754 1504 
428 I 53388818 1256 
429 I 53592125 1504 
430 I 53592297 1504 
431 I 53592412 1256 
432 I 54215825 1504 
433 I 54216014 1504 
434 I 54216158 1256 
435 I 54403961 1504 
436 I 54404124 1504 
437 I 54404273 1256 
438 I 54992158 1504 
439 I 54992358 1504 
440 I 54992426 1256 
441 I 55227541 1504 
442 I 55227887 1504 
443 I 55227989 1256 
444 I 55781135 1504 
445 I 55781391 1504 
446 I 55781470 1256 
447 I 55990427 1504 
448 I 55990652 1504 
449 I 55990763 1256 
450 I 56613506 1504 
451 I 56613713 1504 
452 I 56613810 1256 
453 I 56782966 1504 
454 I 56783414 1504 
455 I 56783520 1256 
456 I 57375237 1504 
457 I 57375325 1504 
458 I 57375412 1256 
459 I 57570484 1504 
460 I 57570685 1504 
461 I 57570755 1256 
462 I 58172575 1504 
463 I 58172785 1504 
464 I 58173018 1256 
465 I 58392689 1504 
466 I 58393041 1504 
467 I 58393188 1256 
468 I 58979056 1504 
469 I 58979222 1504 
470 I 58979416 1256 
471 I 59168623 1504 
472 I 59168821 1504 
473 I 59169155 1256 
474 I 59766928 1504 
475 I 59767143 1504 
476 I 59767269 1256 
477 I 59986270 1504 
478 I 59986355 1504 
479 I 59986595 1256 
480 I 60567727 1504 
481 I 60567983 1504 
482 I 60568055 1256 
483 I 60760474 1504 
484 I 60760724 1504 
485 I 60760827 1256 
486 I 61390456 1504 
487 I 61390606 1504 
488 I 61390671 1256 
489 I 61601329 1504 
490 I 61601615 1504 
491 I 61601841 1256 
492 I 62187282 1504 
493 I 62187430 1504 
494 I 62187551 1256 
495 I 62376808 1504 
496 I 62377081 1504 
497 I 62377149 1256 
498 I 62977697 1504 
499 I 62977875 1504 
500 I 62978048 1256 
501 I 63179569 1504 
502 I 63179689 1504 
503 I 63179880 1256 
504 I 63761207 1504 
505 I 63761477 1504 
506 I 63761586 1256 
507 I 63960495 1504 
508 I 63960799 1504 
509 I 63960976 1256 
510 I 64352564 1504 
511 I 64352885 1504 
512 I 64353013 1256 
513 I 64569818 1504 
514 I 64569927 1504 
515 I 64570003 1256 
516 I 64952729 1504 
517 I 64952872 1504 
518 I 64953052 1256 
519 I 65153213 1504 
520 I 65153459 1504 
521 I 65153633 1256 
522 I 65568733 1504 
523 I 65568910 1504 
524 I 65569011 1256 
525 I 65760444 1504 
526 I 65760619 1504 
527 I 65760691 1256 
528 I 66157632 1504 
529 I 66157793 1504 
530 I 66157942 1256 
531 I 66358777 1504 
532 I 66358942 1504 
533 I 66359091 1256 
534 I 66757558 1504 
535 I 66757900 1504 
536 I 66758391 1256 
537 I 66979617 1504 
538 I 66979791 1504 
539 I 66979948 1256 
540 I 67598904 1504 
541 I 67599072 1504 
542 I 67599152 1256 
543 I 67795083 1504 
544 I 67795355 1504 
545 I 67795655 1256 
546 I 68411227 1504 
547 I 68411372 1504 
548 I 68411449 1256 
549 I 68612556 1504 
550 I 68612688 1504 
551 I 68612836 1256 
552 I 69206761 1504 
553 I 69207056 1504 
554 I 69207148 1256 
555 I 69398526 1504 
556 I 69398736 1504 
557 I 69398831 1256 
558 I 69996865 1504 
559 I 69997143 1504 
560 I 69997349 1256 
561 I 70198258 1504 
562 I 70198426 1504 
563 I 70198512 1256 
564 I 70785489 1504 
565 I 70785754 1504 
566 I 70786084 1256 
567 I 71004259 1504 
568 I 71004399 1504 
569 I 71004474 1256 
570 I 71590100 1504 
571 I 71590241 1504 
572 I 71590489 1256 
573 I 71784515 1504 
574 I 71784695 1504 
575 I 71784846 1256 
576 I 72401176 1504 
577 I 72401425 1504 
578 I 72401603 1256 
579 I 72612732 1504 
580 I 72612993 1504 
581 I 72613116 1256 
582 I 73184864 1504 
583 I 73185054 1504 
584 I 73185120 1256 
585 I 73394997 1504 
586 I 73395250 1504 
587 I 73395344 1256 
588 I 73989783 1504 
589 I 73989923 1504 
590 I 73990075 1256 
591 I 74190761 1504 
592 I 74191100 1504 
593 I 74191195 1256 
594 I 74799574 1504 
595 I 74799816 1504 
596 I 74799883 1256 
597 I 74997443 1504 
598 I 74997817 1504 
599 I 74997911 1256 
600 I 75610838 1504 
601 I 75610998 1504 
602 I 75611091 1256 
603 I 75805154 1504 
604 I 75805349 1504 
605 I 75805415 1256 
606 I 76401777 1504 
607 I 76401860 1504 
608 I 76401963 1256 
609 I 76600423 1504 
610 I 76600760 1504 
611 I 76600869 1256 
612 I 77200308 1504 
613 I 77200462 1504 
614 I 77200631 1256 
615 I 77399336 1504 
616 I 77399490 1504 
617 I 77399579 1256 
618 I 77995460 1504 
619 I 77995613 1504 
620 I 77995717 1256 
621 I 78189589 1504 
622 I 78189902 1504 
623 I 78190035 1256 
624 I 78793534 1504 
625 I 78793672 1504 
626 I 78793820 1256 
627 I 78984074 1504 
628 I 78984300 1504 
629 I 78984446 1256 
630 I 79610869 1504 
631 I 79610998 1504 
632 I 79611090 1256 
633 I 79808326 1504 
634 I 79808641 1504 
635 I 79808869 1256 
636 I 80413921 1504 
637 I 80414076 1504 
638 I 80414139 1256 
639 I 80908850 1504 
640 I 80909057 1504 
641 I 80909126 1256 
642 I 81182650 1504 
643 I 81182915 1504 
644 I 81182984 1256 
645 I 81585612 1504 
646 I 81585814 1504 
647 I 81585902 1256 
648 I 81969617 1504 
649 I 81970073 1504 
650 I 81970155 1256 
651 I 82377877 1504 
652 I 82377989 1504 
653 I 82378090 1256 
654 I 82772936 1504 
655 I 82773249 1504 
656 I 82773456 1256 
657 I 83146528 1504 
658 I 83146818 1504 
659 I 83146908 1256 
660 I 83558332 1504 
661 I 83558711 1504 
662 I 83558776 1256 
663 I 83748581 1504 
664 I 83748711 1504 
665 I 83748821 1256 
666 I 84146215 1504 
667 I 84146408 1504 
668 I 84146570 1256 
669 I 84338023 1504 
670 I 84338267 1504 
671 I 84338336 1256 
672 I 84740641 1504 
673 I 84740732 1504 
674 I 84740863 1256 
675 I 84939496 1504 
676 I 84939774 1504 
677 I 84939944 1256 
678 I 85369678 1504 
679 I 85369816 1504 
680 I 85369954 1256 
681 I 85571343 1504 
682 I 85571482 1504 
683 I 85571648 1256 
684 I 86160230 1504 
685 I 86160411 1504 
686 I 86160564 1256 
687 I 86369429 1504 
688 I 86369679 1504 
689 I 86369824 1256 
690 I 86975784 1504 
691 I 86976055 1504 
692 I 86976275 1256 
693 I 87172123 1504 
694 I 87172283 1504 
695 I 87172452 1256 
696 I 87759677 1504 
697 I 87760039 1504 
698 I 87760254 1256 
699 I 87961425 1504 
700 I 87961696 1504 
701 I 87961891 1256 
702 I 88355010 1504 
703 I 88355301 1504 
704 I 88355397 1256 
705 I 88771613 1504 
706 I 88771812 1504 
707 I 88771992 1256 
708 I 88967544 1504 
709 I 88967692 1504 
710 I 88967772 1256 
711 I 89379458 1504 
712 I 89380008 1504 
713 I 89380332 1256 
714 I 89755841 1504 
715 I 89756050 1504 
716 I 89756190 1256 
717 I 90157704 1504 
718 I 90157865 1504 
719 I 90158025 1256 
720 I 90363097 1504 
721 I 90363261 1504 
722 I 90363363 1256 
723 I 90755635 1504 
724 I 90755906 1504 
725 I 90756114 1256 
726 I 90971484 1504 
727 I 90971884 1504 
728 I 90972143 1256 
729 I 91351554 1504 
730 I 91351712 1504 
731 I 91351829 1256 
732 I 91766648 1504 
733 I 91766792 1504 
734 I 91767047 1256 
735 I 91967403 1504 
736 I 91967631 1504 
737 I 91967796 1256 
738 I 92576549 1504 
739 I 92576840 1504 
740 I 92577172 1256 
741 I 92772582 1504 
742 I 92772815 1504 
743 I 92772890 1256 
744 I 93372235 1504 
745 I 93372412 1504 
746 I 93372544 1256 
747 I 93582136 1504 
748 I 93582378 1504 
749 I 93582544 1256 
750 I 94176123 1504 
751 I 94176297 1504 
752 I 94176477 1256 
753 I 94368809 1504 
754 I 94369044 1504 
755 I 94369175 1256 
756 I 94963886 1504 
757 I 94964174 1504 
758 I 94964348 1256 
759 I 95179896 1504 
760 I 95180162 1504 
761 I 95180324 1256 
762 I 95773925 1504 
763 I 95774053 1504 
764 I 95774182 1256 
765 I 95968745 1504 
766 I 95969000 1504 
767 I 95969055 1256 
768 I 96568732 1504 
769 I 96568905 1504 
770 I 96568992 1256 
771 I 96767997 1504 
772 I 96768199 1504 
773 I 96768378 1256 
774 I 97363781 1504 
775 I 97363932 1504 
776 I 97364009 1256 
777 I 97571861 1504 
778 I 97571965 1504 
779 I 97572135 1256 
780 I 98173432 1504 
781 I 98173676 1504 
782 I 98173830 1256 
783 I 98369953 1504 
784 I 98370115 1504 
785 I 98370179 1256 
786 I 98980403 1504 
787 I 98980574 1504 
788 I 98980829 1256 
789 I 99177206 1504 
790 I 99177393 1504 
791 I 99177554 1256 
792 I 99788594 1504 
793 I 99788756 1504 
794 I 99788870 1256 
795 I 99978654 1504 
796 I 99978943 1504 
797 I 99979033 1256 
798 I 100576246 1504 
799 I 100576473 1504 
800 I 100576676 1256 
801 I 100778526 1504 
802 I 100778850 1504 
803 I 100779025 1256 
804 I 101380173 1504 
805 I 101380415 1504 
806 I 101380756 1256 
807 I 101593609 1504 
808 I 101593885 1504 
809 I 101594017 1256 
810 I 102169091 1504 
811 I 102169192 1504 
812 I 102169298 1256 
813 I 102371801 1504 
814 I 102371966 1504 
815 I 102372025 1256 
816 I 102958577 1504 
817 I 102958669 1504 
818 I 102958739 1256 
819 I 103160122 1504 
820 I 103160291 1504 
821 I 103160390 1256 
822 I 103773626 1504 
823 I 103773991 1504 
824 I 103774105 1256 
825 I 103975967 1504 
826 I 103976486 1504 
827 I 103976600 1256 
828 I 104595462 1504 
829 I 104595706 1504 
830 I 104595824 1256 
831 I 104789607 1504 
832 I 104789813 1504 
833 I 104789906 1256 
834 I 105380787 1504 
835 I 105381007 1504 
836 I 105381070 1256 
837 I 105584128 1504 
838 I 105584319 1504 
839 I 105584400 1256 
840 I 106169292 1504 
841 I 106169466 1504 
842 I 106169529 1256 
843 I 106395225 1504 
844 I 106395480 1504 
845 I 106395552 1256 
846 I 106972013 1504 
847 I 106972192 1504 
848 I 106972264 1256 
849 I 107182439 1504 
850 I 107182637 1504 
851 I 107182681 1256 
852 I 107798152 1504 
853 I 107798278 1504 
854 I 107798544 1256 
855 I 107987705 1504 
856 I 107987842 1504 
857 I 107987947 1256 
858 I 108577445 1504 
859 I 108577692 1504 
860 I 108577780 1256 
861 I 108775681 1504 
862 I 108775915 1504 
863 I 108776067 1256 
864 I 109364959 1504 
865 I 109365154 1504 
866 I 109365271 1256 
867 I 109568957 1504 
868 I 109569113 1504 
869 I 109569348 1256 
870 I 110173312 1504 
871 I 110173482 1504 
872 I 110173562 1256 
873 I 110368117 1504 
874 I 110368352 1504 
875 I 110368425 1256 
876 I 110974719 1504 
877 I 110974903 1504 
878 I 110975014 1256 
879 I 111164734 1504 
880 I 111164900 1504 
881 I 111164995 1256 
882 I 111751301 1504 
883 I 111751472 1504 
884 I 111751668 1256 
885 I 111948075 1504 
886 I 111948381 1504 
887 I 111948515 1256 
888 I 112357417 1504 
889 I 112357772 1504 
890 I 112357920 1256 
891 I 112562346 1504 
892 I 112562530 1504 
893 I 112562697 1256 
894 I 113169292 1504 
895 I 113169483 1504 
896 I 113169559 1256 
897 I 113372186 1504 
898 I 113372426 1504 
899 I 113372596 1256 
