0 I 0 44 
1 I 100540 45 
2 I 509752 44 
3 I 648902 44 
4 I 1059985 44 
5 I 1060000 44 
6 I 1065374 44 
7 I 1065375 44 
8 I 1100307 44 
9 I 1101862 44 
10 I 1132427 44 
11 I 1136426 44 
12 I 1528718 44 
13 I 1529836 44 
14 I 1729519 44 
15 I 1729521 44 
16 I 1733012 44 
17 I 1789809 44 
18 I 1807024 44 
19 I 1909267 45 
20 I 2454247 44 
21 I 2461511 44 
22 I 2461970 44 
23 I 2654965 44 
24 I 2680842 44 
25 I 2727789 44 
26 I 2730353 44 
27 I 2730693 44 
28 I 2730694 44 
29 I 2782793 44 
30 I 2918726 44 
31 I 2962468 44 
32 I 3045272 44 
33 I 3356016 44 
34 I 3501810 44 
35 I 3568067 44 
36 I 3585800 44 
37 I 3585813 44 
38 I 3585865 44 
39 I 3591367 44 
40 I 3645719 44 
41 I 3867880 44 
42 I 3933386 44 
43 I 3946603 44 
44 I 4002840 44 
45 I 4223559 45 
46 I 4279901 44 
47 I 4411964 44 
48 I 4463293 44 
49 I 4558306 44 
50 I 4563946 44 
51 I 4749746 44 
52 I 4774626 44 
53 I 4837746 48 
54 I 4850965 44 
55 I 5048520 44 
56 I 5187751 44 
57 I 5331880 44 
58 I 5376545 44 
59 I 5429375 45 
60 I 5485504 44 
61 I 5693451 44 
62 I 5761795 44 
63 I 5864534 44 
64 I 5933142 44 
65 I 5960454 44 
66 I 6095893 48 
67 I 6233874 44 
68 I 6285917 44 
69 I 6390889 44 
70 I 6575638 44 
71 I 6648811 44 
72 I 6742097 48 
73 I 6748246 48 
74 I 6831598 48 
75 I 6912664 44 
76 I 6915111 44 
77 I 7093413 44 
78 I 7134173 48 
79 I 7270633 48 
80 I 7423713 44 
81 I 7498424 44 
82 I 7933075 48 
83 I 7997711 44 
84 I 7997897 44 
85 I 8258593 48 
86 I 8338332 44 
87 I 8651772 45 
88 I 9025947 44 
89 I 9026340 44 
90 I 9026592 44 
91 I 9185573 44 
92 I 9604079 44 
93 I 9604089 44 
94 I 9694791 44 
95 I 9695370 44 
96 I 9960554 44 
97 I 9961548 44 
98 I 10025004 44 
99 I 10358535 45 
100 I 11426498 44 
101 I 11428307 44 
102 I 11500539 44 
103 I 11565381 45 
104 I 11975497 44 
105 I 12270482 45 
106 I 12368679 44 
107 I 12512477 44 
108 I 12524399 48 
109 I 12756268 44 
110 I 12758176 44 
111 I 13215861 44 
112 I 13253582 44 
113 I 13361498 44 
114 I 13477877 44 
115 I 13544034 44 
116 I 13579457 45 
117 I 13611409 44 
118 I 13798220 44 
119 I 14103081 44 
120 I 14133933 44 
121 I 14216141 44 
122 I 14221566 44 
123 I 14246460 44 
124 I 14491188 44 
125 I 14678106 44 
126 I 14995017 44 
127 I 15033174 44 
128 I 15105879 44 
129 I 15107489 44 
130 I 15128046 44 
131 I 15134972 44 
132 I 15374702 44 
133 I 15556131 44 
134 I 15877100 44 
135 I 15914119 44 
136 I 15982601 44 
137 I 15982774 44 
138 I 15986382 44 
139 I 15987093 44 
140 I 16005569 44 
141 I 16011944 44 
142 I 16427165 44 
143 I 16714013 44 
144 I 16767213 44 
145 I 16800043 44 
146 I 16873516 44 
147 I 16876476 44 
148 I 16878425 44 
149 I 16878991 44 
150 I 16895092 44 
151 I 16901526 44 
152 I 16902517 44 
153 I 17308820 48 
154 I 17592550 48 
155 I 17632523 44 
156 I 17663241 44 
157 I 17744685 44 
158 I 17747196 44 
159 I 17747196 44 
160 I 17748798 44 
161 I 17767918 44 
162 I 17767919 44 
163 I 18204801 45 
164 I 18513736 48 
165 I 18547430 44 
166 I 18606760 44 
167 I 18608326 44 
168 I 18642565 48 
169 I 18642565 44 
170 I 18642595 44 
171 I 18642595 44 
172 I 18653391 44 
173 I 18653483 44 
174 I 18659560 44 
175 I 18659909 44 
176 I 19210196 45 
177 I 19441413 48 
178 I 19497416 44 
179 I 19511695 45 
180 I 19535502 44 
181 I 19536718 44 
182 I 19537382 44 
183 I 19537731 44 
184 I 19537850 44 
185 I 19547874 44 
186 I 19547874 44 
187 I 19745440 44 
188 I 19745441 44 
189 I 19762724 44 
190 I 19764176 44 
191 I 19778264 44 
192 I 19779657 44 
193 I 19781201 44 
194 I 19811412 44 
195 I 19854499 44 
196 I 19901452 44 
197 I 19967602 44 
198 I 20321024 44 
199 I 20347477 44 
200 I 20347998 44 
201 I 20401490 44 
202 I 20435736 44 
203 I 20435809 44 
204 I 20440690 44 
205 I 20441599 44 
206 I 20593198 44 
207 I 20594370 44 
208 I 20594900 44 
209 I 20594906 44 
210 I 20595704 44 
211 I 20595893 44 
212 I 20652841 44 
213 I 20654471 44 
214 I 20683115 44 
215 I 20740696 44 
216 I 20835532 48 
217 I 21263312 48 
218 I 21275419 44 
219 I 21277409 44 
220 I 21301157 44 
221 I 21332917 44 
222 I 21338741 44 
223 I 21338741 44 
224 I 21342164 44 
225 I 21342164 44 
226 I 21407585 44 
227 I 21409537 44 
228 I 21412687 44 
229 I 21427821 45 
230 I 22199977 48 
231 I 22226968 44 
232 I 22231383 44 
233 I 22233840 44 
234 I 22303843 44 
235 I 22303848 44 
236 I 22307088 44 
237 I 22328837 44 
238 I 22636431 45 
239 I 22687391 48 
240 I 23146611 48 
241 I 23154095 48 
242 I 23154103 44 
243 I 23224962 44 
244 I 23224963 44 
245 I 23231267 44 
246 I 23234111 45 
247 I 23469720 44 
248 I 23524835 44 
249 I 23525088 44 
250 I 23636694 45 
251 I 24038538 44 
252 I 24100264 44 
253 I 24103617 44 
254 I 24149365 44 
255 I 24355582 44 
256 I 24543647 44 
257 I 24609369 44 
258 I 24908126 44 
259 I 24974491 44 
260 I 24979629 44 
261 I 25101147 44 
262 I 25102089 44 
263 I 25147992 45 
264 I 25230968 44 
265 I 25245261 45 
266 I 25366041 44 
267 I 25492283 44 
268 I 25586001 44 
269 I 25722986 48 
270 I 25790722 44 
271 I 25875008 44 
272 I 26246138 44 
273 I 26342373 48 
274 I 26364598 44 
275 I 26457933 44 
276 I 26666719 44 
277 I 26748535 44 
278 I 26807132 44 
279 I 26998863 44 
280 I 26999213 44 
281 I 27124545 44 
282 I 27323927 48 
283 I 27460793 45 
284 I 27515536 44 
285 I 27609102 44 
286 I 27661993 44 
287 I 28120603 44 
288 I 28121850 44 
289 I 28137063 44 
290 I 28137063 44 
291 I 28270121 45 
292 I 28386210 44 
293 I 28488006 44 
294 I 28538535 44 
295 I 28622774 44 
296 I 28811725 44 
297 I 28871255 44 
298 I 28872534 44 
299 I 29128035 44 
300 I 29217816 44 
301 I 29239914 44 
302 I 29411188 48 
303 I 29647483 44 
304 I 29671739 44 
305 I 29677716 45 
306 I 29962549 48 
307 I 30073968 44 
308 I 30097880 44 
309 I 30118454 44 
310 I 30177044 44 
311 I 30443679 44 
312 I 30545154 44 
313 I 30943301 48 
314 I 30967624 44 
315 I 30979244 44 
316 I 30994257 44 
317 I 31285633 44 
318 I 31296319 44 
319 I 31297537 44 
320 I 31441985 44 
321 I 31483283 45 
322 I 31672409 44 
323 I 31836469 44 
324 I 31868520 44 
325 I 31969997 44 
326 I 31969997 44 
327 I 32085266 45 
328 I 32186219 48 
329 I 32340408 44 
330 I 32588284 44 
331 I 32665943 44 
332 I 32666014 44 
333 I 32668437 44 
334 I 32738952 48 
335 I 32770768 48 
336 I 32793496 48 
337 I 33506512 48 
338 I 33668813 48 
339 I 33796253 44 
340 I 33796568 44 
341 I 34299314 45 
342 I 34586054 44 
343 I 34587171 44 
344 I 34709301 44 
345 I 34730279 44 
346 I 35405310 45 
347 I 35607443 45 
348 I 35622182 48 
349 I 35675097 44 
350 I 35675896 44 
351 I 35907004 44 
352 I 36010126 45 
353 I 36613664 44 
354 I 36715894 45 
355 I 36755305 44 
356 I 37037512 48 
357 I 37154572 44 
358 I 37518829 45 
359 I 37611736 44 
360 I 37923122 45 
361 I 38019267 44 
362 I 38024094 44 
363 I 38128693 45 
364 I 38230157 48 
365 I 38834185 45 
366 I 38892199 48 
367 I 39940068 44 
368 I 40031913 45 
369 I 40211841 44 
370 I 40217442 44 
371 I 40285808 44 
372 I 40706971 44 
373 I 40709710 44 
374 I 40888652 44 
375 I 41038118 45 
376 I 41088856 44 
377 I 41095512 44 
378 I 41170998 48 
379 I 41544938 45 
380 I 41545291 45 
381 I 41764776 48 
382 I 41771714 44 
383 I 41956007 44 
384 I 41971132 44 
385 I 42249202 44 
386 I 42513821 44 
387 I 42637195 48 
388 I 42774038 44 
389 I 42847545 48 
390 I 42860472 44 
391 I 42876221 44 
392 I 43174644 44 
393 I 43416347 44 
394 I 43552412 45 
395 I 43621179 48 
396 I 43645860 44 
397 I 43654232 44 
398 I 43658929 44 
399 I 43724430 44 
400 I 43738426 48 
401 I 43750420 48 
402 I 44051089 48 
403 I 44258145 45 
404 I 44300858 44 
405 I 44391328 44 
406 I 44394415 44 
407 I 44523240 44 
408 I 44529534 44 
409 I 44598918 44 
410 I 44708542 44 
411 I 45153794 48 
412 I 45307411 44 
413 I 45366576 48 
414 I 45374936 48 
415 I 45437365 44 
416 I 45555216 44 
417 I 45566861 44 
418 I 45571980 44 
419 I 45857643 48 
420 I 46170655 44 
421 I 46376797 44 
422 I 46376809 44 
423 I 46378585 45 
424 I 46405814 44 
425 I 46503456 44 
426 I 46505067 44 
427 I 47113699 44 
428 I 47114551 44 
429 I 47330797 44 
430 I 47350259 44 
431 I 47352684 44 
432 I 47400722 44 
433 I 47401954 44 
434 I 47608454 44 
435 I 47965458 44 
436 I 48079652 45 
437 I 48115614 44 
438 I 48118761 44 
439 I 48135217 44 
440 I 48394896 44 
441 I 48406617 44 
442 I 48406768 44 
443 I 48410733 44 
444 I 48410733 44 
445 I 48428720 48 
446 I 48435682 44 
447 I 48435683 44 
448 I 48606465 44 
449 I 48606466 44 
450 I 48706241 44 
451 I 48968837 48 
452 I 49220046 44 
453 I 49389112 44 
454 I 49448997 44 
455 I 49547224 44 
456 I 49763924 44 
457 I 49793425 45 
458 I 49890951 45 
459 I 50048043 44 
460 I 50250126 44 
461 I 50276983 44 
462 I 50291408 44 
463 I 50372230 44 
464 I 50394263 45 
465 I 50645389 44 
466 I 50645773 44 
467 I 50914984 44 
468 I 51086522 44 
469 I 51118627 44 
470 I 51131951 44 
471 I 51222195 44 
472 I 51543756 48 
473 I 51802894 45 
474 I 51892769 44 
475 I 51892769 44 
476 I 51922598 44 
477 I 51955220 44 
478 I 51967767 44 
479 I 52061784 44 
480 I 52529484 44 
481 I 52728941 44 
482 I 52728943 44 
483 I 52746389 48 
484 I 52788080 44 
485 I 52802296 44 
486 I 52810197 44 
487 I 52891788 44 
488 I 52925192 44 
489 I 52926072 44 
490 I 53503969 44 
491 I 53579403 44 
492 I 53580058 44 
493 I 53632780 44 
494 I 53653046 44 
495 I 53742494 44 
496 I 53771512 44 
497 I 53772884 44 
498 I 54373754 44 
499 I 54413782 44 
500 I 54415618 44 
501 I 54468221 44 
502 I 54485162 44 
503 I 54487298 44 
504 I 54493929 44 
505 I 54587049 44 
506 I 54614700 44 
507 I 54615420 44 
508 I 54918812 45 
509 I 54918814 45 
510 I 55090978 44 
511 I 55215820 44 
512 I 55220171 45 
513 I 55275350 48 
514 I 55278675 44 
515 I 55306526 44 
516 I 55360097 48 
517 I 55421460 44 
518 I 55446629 44 
519 I 55454748 44 
520 I 55558610 44 
521 I 55791730 44 
522 I 55917094 48 
523 I 55997313 44 
524 I 56048977 44 
525 I 56114522 44 
526 I 56142959 44 
527 I 56191704 44 
528 I 56254018 44 
529 I 56277968 44 
530 I 56288934 44 
531 I 56381038 48 
532 I 56643493 44 
533 I 56840946 44 
534 I 57020946 44 
535 I 57113325 44 
536 I 57135673 44 
537 I 57145505 44 
538 I 57508190 44 
539 I 57701609 44 
540 I 57715935 44 
541 I 57760747 44 
542 I 57762654 44 
543 I 57873935 44 
544 I 57911453 48 
545 I 57984683 44 
546 I 58117447 44 
547 I 58123968 44 
548 I 58368531 48 
549 I 58567751 44 
550 I 58581131 44 
551 I 58727810 44 
552 I 58743387 44 
553 I 58838675 44 
554 I 59447626 48 
555 I 59466289 44 
556 I 59600887 48 
557 I 59619105 44 
558 I 59730648 44 
559 I 59831349 44 
560 I 60351046 45 
561 I 60369514 48 
562 I 60379807 44 
563 I 60386480 44 
564 I 60395629 48 
565 I 60521050 44 
566 I 60636746 44 
567 I 60744017 44 
568 I 60855896 45 
569 I 61444541 44 
570 I 61467914 44 
571 I 61468036 44 
572 I 61559253 44 
573 I 61651348 48 
574 I 61663372 44 
575 I 61848357 44 
576 I 61938338 44 
577 I 62065332 45 
578 I 62134882 44 
579 I 62252084 44 
580 I 62396531 44 
581 I 62511612 44 
582 I 62611704 44 
583 I 62665161 44 
584 I 62768453 44 
585 I 62787907 48 
586 I 63033470 44 
587 I 63168037 45 
588 I 63206943 44 
589 I 63358394 44 
590 I 63367503 48 
591 I 63448277 44 
592 I 63468329 45 
593 I 63543964 44 
594 I 63646977 44 
595 I 63820442 44 
596 I 63870828 44 
597 I 64135589 44 
598 I 64250801 44 
599 I 64250801 44 
600 I 64292619 44 
601 I 64394950 48 
602 I 64493196 44 
603 I 64610118 44 
604 I 64702739 44 
605 I 64704099 44 
606 I 64744433 44 
607 I 64865478 44 
608 I 64978843 45 
609 I 65162710 44 
610 I 65184247 44 
611 I 65184248 44 
612 I 65224662 44 
613 I 65479969 44 
614 I 65481552 44 
615 I 65555418 44 
616 I 65557537 44 
617 I 65690524 44 
618 I 65804834 44 
619 I 65863798 48 
620 I 66094551 48 
621 I 66109704 44 
622 I 66121898 44 
623 I 66138491 44 
624 I 66138491 44 
625 I 66177544 44 
626 I 66200963 44 
627 I 66230020 44 
628 I 66423543 44 
629 I 66495139 44 
630 I 66501471 44 
631 I 66507397 44 
632 I 66507398 44 
633 I 66606557 44 
634 I 66621836 48 
635 I 66637458 44 
636 I 66730446 44 
637 I 66890169 45 
638 I 67041820 44 
639 I 67054036 44 
640 I 67082740 44 
641 I 67082740 44 
642 I 67108448 48 
643 I 67125104 44 
644 I 67191441 44 
645 I 67292383 45 
646 I 67351118 48 
647 I 67425083 44 
648 I 67460058 48 
649 I 67537764 44 
650 I 67570850 44 
651 I 67668971 44 
652 I 68012164 48 
653 I 68039843 44 
654 I 68058772 44 
655 I 68078765 48 
656 I 68119516 44 
657 I 68187396 44 
658 I 68228686 44 
659 I 68232442 44 
660 I 68313774 44 
661 I 68373704 44 
662 I 68489538 44 
663 I 68523638 44 
664 I 68525281 44 
665 I 68598396 44 
666 I 68614955 44 
667 I 68685266 44 
668 I 68699731 45 
669 I 68792817 48 
670 I 68995743 44 
671 I 69021729 44 
672 I 69022180 44 
673 I 69073314 44 
674 I 69077171 44 
675 I 69078206 44 
676 I 69104468 44 
677 I 69142151 44 
678 I 69177691 44 
679 I 69183578 44 
680 I 69253863 44 
681 I 69310196 44 
682 I 69356708 44 
683 I 69383841 44 
684 I 69384889 44 
685 I 69422925 44 
686 I 69549524 44 
687 I 69607691 44 
688 I 69607694 44 
689 I 69608840 48 
690 I 69618864 44 
691 I 69847482 44 
692 I 69907221 44 
693 I 69954135 44 
694 I 70037773 48 
695 I 70105030 44 
696 I 70129481 44 
697 I 70138724 44 
698 I 70204085 44 
699 I 70210549 45 
700 I 70259918 44 
701 I 70300906 44 
702 I 70373521 44 
703 I 70503565 44 
704 I 70568445 44 
705 I 70613802 45 
706 I 70712075 44 
707 I 70767290 44 
708 I 70781604 44 
709 I 70797318 44 
710 I 70797336 44 
711 I 70797336 44 
712 I 70800055 44 
713 I 70800819 44 
714 I 70812483 45 
715 I 70821891 44 
716 I 70821893 44 
717 I 70892217 44 
718 I 70985157 44 
719 I 71076338 44 
720 I 71134940 44 
721 I 71194418 44 
722 I 71227131 44 
723 I 71300105 44 
724 I 71315745 45 
725 I 71364997 44 
726 I 71365537 44 
727 I 71421057 44 
728 I 71468944 44 
729 I 71499110 44 
730 I 71701422 44 
731 I 71710576 44 
732 I 71718323 44 
733 I 71718332 44 
734 I 71718332 44 
735 I 71723114 44 
736 I 71739566 44 
737 I 71740430 44 
738 I 71819002 45 
739 I 71830543 44 
740 I 71879080 44 
741 I 71970852 44 
742 I 71973480 44 
743 I 72002235 44 
744 I 72004373 44 
745 I 72004764 44 
746 I 72067953 44 
747 I 72128360 44 
748 I 72154787 44 
749 I 72162090 44 
750 I 72230812 44 
751 I 72283372 44 
752 I 72353583 44 
753 I 72400746 44 
754 I 72447412 44 
755 I 72618624 48 
756 I 72633606 44 
757 I 72753591 44 
758 I 72761654 44 
759 I 72795909 44 
760 I 72914877 44 
761 I 73002737 44 
762 I 73087674 44 
763 I 73144187 44 
764 I 73197917 44 
765 I 73310214 44 
766 I 73361734 48 
767 I 73563790 48 
768 I 73722658 48 
769 I 73851689 44 
770 I 73905630 44 
771 I 73991051 44 
772 I 74041652 44 
773 I 74067776 44 
774 I 74112903 44 
775 I 74225698 44 
776 I 74334190 45 
777 I 74445474 44 
778 I 74449685 44 
779 I 74636452 45 
780 I 74772237 44 
781 I 74822750 44 
782 I 74835209 44 
783 I 74905696 44 
784 I 74954434 44 
785 I 74981745 44 
786 I 75021065 44 
787 I 75135867 44 
788 I 75169650 44 
789 I 75227019 44 
790 I 75336737 44 
791 I 75540148 45 
792 I 75690536 44 
793 I 75726985 44 
794 I 75803742 44 
795 I 75856264 44 
796 I 75882734 44 
797 I 75900707 44 
798 I 75900876 44 
799 I 75918735 44 
800 I 76021793 44 
801 I 76061291 44 
802 I 76121659 44 
803 I 76242639 44 
804 I 76321959 44 
805 I 76322714 44 
806 I 76406917 44 
807 I 76415425 44 
808 I 76718341 44 
809 I 76772675 44 
810 I 76825422 44 
811 I 76935957 44 
812 I 76986210 48 
813 I 77061176 44 
814 I 77069780 44 
815 I 77150590 45 
816 I 77167399 44 
817 I 77169261 44 
818 I 77328442 48 
819 I 77336114 48 
820 I 77562625 44 
821 I 77562627 44 
822 I 77651479 45 
823 I 77692284 44 
824 I 77693702 44 
825 I 77693909 48 
826 I 77741222 48 
827 I 77752563 44 
828 I 77800484 48 
829 I 77861279 48 
830 I 77992166 48 
831 I 77994682 48 
832 I 78105474 44 
833 I 78105474 48 
834 I 78255677 45 
835 I 78580787 44 
836 I 78580921 44 
837 I 79044890 44 
838 I 79046454 44 
839 I 79204588 44 
840 I 79204593 44 
841 I 79212095 44 
842 I 79212164 44 
843 I 79623641 44 
844 I 79625521 44 
845 I 79696189 44 
846 I 79700309 44 
847 I 79771134 44 
848 I 79773241 44 
849 I 79901171 44 
850 I 79904710 44 
851 I 80213364 44 
852 I 80446226 44 
853 I 80571596 45 
854 I 80571749 45 
855 I 80770144 45 
856 I 81426734 44 
857 I 81545453 44 
858 I 81545737 44 
859 I 81598616 44 
860 I 81601051 44 
861 I 81676352 45 
862 I 81983814 45 
863 I 82078062 45 
864 I 82368354 48 
865 I 82487433 45 
866 I 83490613 48 
867 I 83788722 44 
868 I 83826974 48 
869 I 84040820 48 
870 I 84693092 45 
871 I 84720315 44 
872 I 85099919 44 
873 I 85376959 44 
874 I 85377694 44 
875 I 85426407 48 
876 I 85585623 44 
877 I 85585957 44 
878 I 85657056 44 
879 I 85815214 44 
880 I 85822960 44 
881 I 85824395 44 
882 I 86001370 45 
883 I 86001927 45 
884 I 86505321 44 
885 I 86770271 44 
886 I 86969364 44 
887 I 87355123 44 
888 I 87589922 44 
889 I 87596658 44 
890 I 87626466 44 
891 I 87627089 44 
892 I 87712803 44 
893 I 87912274 44 
894 I 88310078 48 
895 I 88651230 44 
896 I 88743300 44 
897 I 88745520 44 
898 I 88845113 44 
899 I 89219490 45 
900 I 89322932 45 
901 I 89522622 45 
902 I 89597407 44 
903 I 89727255 45 
904 I 89727874 45 
905 I 89765373 44 
906 I 89823816 45 
907 I 90239399 44 
908 I 90239399 44 
909 I 90430131 44 
910 I 90517622 44 
911 I 90647619 48 
912 I 90674439 44 
913 I 90750403 44 
914 I 90987216 44 
915 I 91130289 44 
916 I 91131660 45 
917 I 91329112 44 
918 I 91428702 44 
919 I 91579404 44 
920 I 91633794 45 
921 I 91663925 44 
922 I 91918442 48 
923 I 92138271 45 
924 I 92268130 48 
925 I 92430538 44 
926 I 92505451 44 
927 I 92603303 44 
928 I 92981131 44 
929 I 93150927 44 
930 I 93232584 48 
931 I 93313010 44 
932 I 93397418 44 
933 I 93472745 48 
934 I 93574432 44 
935 I 93713935 44 
936 I 93769551 44 
937 I 93770639 44 
938 I 93954689 44 
939 I 94124893 48 
940 I 94248727 44 
941 I 94255272 44 
942 I 94257772 45 
943 I 94350768 45 
944 I 94360220 44 
945 I 94530976 44 
946 I 94538665 44 
947 I 94661087 44 
948 I 94786696 44 
949 I 95311342 44 
950 I 95460307 45 
951 I 95501748 44 
952 I 95635316 44 
953 I 95658495 45 
954 I 95749622 44 
955 I 96257767 44 
956 I 96284270 48 
957 I 96329380 48 
958 I 96378073 44 
959 I 96382614 44 
960 I 96469940 44 
961 I 96588531 48 
962 I 96596468 44 
963 I 96718314 48 
964 I 96885980 44 
965 I 96892798 44 
966 I 96894541 44 
967 I 97003900 44 
968 I 97003953 44 
969 I 97454938 44 
970 I 97570247 45 
971 I 97581016 44 
972 I 97669138 48 
973 I 97863890 48 
974 I 97873086 44 
975 I 97873910 44 
976 I 97982713 44 
977 I 97984725 44 
978 I 98215620 44 
979 I 98228997 44 
980 I 98229258 44 
981 I 98301515 44 
982 I 98418576 44 
983 I 98557558 48 
984 I 98657529 44 
985 I 98661655 44 
986 I 98827048 44 
987 I 98831428 48 
988 I 98851646 48 
989 I 99163375 48 
990 I 99178611 44 
991 I 99178613 44 
992 I 99374342 44 
993 I 99679179 44 
994 I 99679181 44 
995 I 99756976 44 
996 I 99811206 44 
997 I 99891415 44 
998 I 99982652 44 
999 I 100129824 44 
1000 I 100129824 44 
1001 I 100191390 44 
1002 I 100193142 44 
1003 I 100322444 44 
1004 I 100386688 45 
1005 I 100711506 44 
1006 I 100717853 44 
1007 I 100773904 44 
1008 I 100904184 44 
1009 I 101113383 48 
1010 I 101113383 48 
1011 I 101293404 44 
1012 I 101593096 44 
1013 I 101766725 44 
1014 I 102197071 45 
1015 I 103035811 44 
1016 I 103038655 44 
1017 I 103209721 44 
1018 I 103210050 44 
1019 I 103504463 45 
1020 I 103675017 44 
1021 I 103679841 44 
1022 I 103921018 44 
1023 I 103921941 44 
1024 I 104106120 45 
1025 I 104307426 45 
1026 I 104617733 45 
1027 I 105025729 44 
1028 I 105042587 44 
1029 I 105976397 44 
1030 I 105991665 48 
1031 I 106939469 44 
1032 I 107033031 45 
1033 I 107835461 44 
1034 I 107883883 44 
1035 I 107930170 45 
1036 I 107940752 44 
1037 I 107942626 44 
1038 I 107964508 44 
1039 I 108129437 44 
1040 I 108778312 44 
1041 I 109320364 44 
1042 I 109408066 44 
1043 I 109413895 44 
1044 I 109722397 48 
1045 I 109786574 44 
1046 I 109786704 44 
1047 I 109911833 44 
1048 I 109920748 44 
1049 I 110150952 48 
1050 I 110151088 48 
1051 I 110151089 44 
1052 I 110272789 48 
1053 I 110342998 45 
1054 I 110381209 44 
1055 I 110381211 44 
1056 I 110842883 44 
1057 I 110849332 44 
1058 I 111092059 44 
1059 I 111246283 44 
1060 I 111254642 44 
1061 I 111331138 44 
1062 I 111331140 44 
1063 I 111539724 44 
1064 I 111762566 44 
1065 I 111774801 44 
1066 I 112019479 48 
1067 I 112023092 44 
1068 I 112023093 44 
1069 I 112024439 44 
1070 I 112024441 44 
1071 I 112168069 44 
1072 I 112185531 44 
1073 I 112185987 44 
1074 I 112185989 44 
1075 I 112255232 44 
1076 I 112443555 44 
1077 I 112463648 44 
1078 I 112624858 44 
1079 I 112693826 44 
1080 I 112700257 44 
1081 I 112748693 44 
1082 I 112764756 45 
1083 I 112796043 44 
1084 I 113059831 44 
1085 I 113107112 44 
1086 I 113157415 44 
1087 I 113163996 44 
1088 I 113209769 44 
1089 I 113382534 48 
1090 I 113406289 48 
1091 I 113578228 48 
1092 I 113631366 44 
1093 I 113638266 44 
1094 I 113683143 44 
1095 I 113724146 44 
1096 I 114048073 44 
1097 I 114100136 44 
1098 I 114110411 44 
1099 I 114162635 44 
1100 I 114304112 44 
1101 I 114304118 44 
1102 I 114466790 44 
1103 I 114467292 44 
1104 I 114563103 48 
1105 I 114565998 44 
1106 I 114613567 44 
1107 I 114645754 44 
1108 I 114839867 44 
1109 I 114840087 44 
1110 I 114860045 44 
1111 I 114921975 44 
1112 I 114993365 44 
1113 I 115040350 44 
1114 I 115049284 44 
1115 I 115101014 44 
1116 I 115247177 44 
1117 I 115511257 44 
1118 I 115513570 44 
1119 I 115561592 48 
1120 I 115593546 48 
1121 I 115797327 44 
1122 I 115813229 44 
1123 I 115944075 44 
1124 I 115987131 44 
1125 I 115998099 44 
1126 I 116048121 44 
1127 I 116253077 44 
1128 I 116679747 44 
1129 I 116729568 44 
1130 I 116730111 44 
1131 I 116773843 44 
1132 I 116792738 44 
1133 I 116948181 48 
1134 I 116963337 44 
1135 I 116967878 44 
1136 I 117014999 48 
1137 I 117232999 44 
1138 I 117677650 48 
1139 I 117686087 45 
1140 I 117719821 44 
1141 I 117727051 44 
1142 I 117743624 44 
1143 I 117751502 44 
1144 I 117827452 44 
1145 I 117920802 44 
1146 I 117923178 48 
1147 I 118020968 44 
1148 I 118070299 44 
1149 I 118192889 48 
1150 I 118357736 44 
1151 I 118358024 44 
1152 I 118492584 45 
1153 I 118503287 44 
1154 I 118503288 44 
1155 I 118569259 48 
1156 I 118569261 44 
1157 I 118692954 48 
1158 I 118709045 44 
1159 I 118786751 44 
1160 I 118868027 44 
1161 I 118892858 44 
1162 I 118945117 44 
1163 I 118945117 44 
1164 I 118968799 44 
1165 I 118977747 44 
1166 I 119021594 44 
1167 I 119109849 44 
1168 I 119323187 44 
1169 I 119323188 44 
1170 I 119493633 48 
1171 I 119493640 48 
1172 I 119534438 44 
1173 I 119534751 44 
1174 I 119534752 44 
1175 I 119571812 44 
1176 I 119571816 44 
1177 I 119654969 44 
1178 I 119738184 48 
1179 I 119834306 44 
1180 I 119924353 48 
1181 I 119967621 44 
1182 I 120054415 44 
1183 I 120101701 45 
1184 I 120189070 44 
1185 I 120189711 44 
1186 I 120259651 44 
1187 I 120259652 44 
1188 I 120278297 44 
1189 I 120474829 44 
1190 I 120474915 44 
1191 I 120474916 44 
1192 I 120475105 44 
1193 I 120475239 44 
1194 I 120507958 45 
1195 I 120519893 48 
1196 I 120528961 44 
1197 I 120593786 44 
1198 I 120675076 44 
1199 I 120676542 44 
1200 I 120767596 44 
1201 I 120800579 44 
1202 I 120876651 48 
1203 I 120886031 48 
1204 I 120967483 44 
1205 I 121198770 44 
1206 I 121199369 44 
1207 I 121285913 44 
1208 I 121388979 48 
1209 I 121389047 44 
1210 I 121442252 44 
1211 I 121507048 44 
1212 I 121642657 44 
1213 I 121643426 44 
1214 I 121682001 48 
1215 I 121774737 44 
1216 I 121774904 44 
1217 I 121890121 44 
1218 I 121912090 45 
1219 I 122109554 44 
1220 I 122110012 44 
1221 I 122114622 45 
1222 I 122223105 44 
1223 I 122223755 44 
1224 I 122290216 44 
1225 I 122316046 44 
1226 I 122316047 44 
1227 I 122321153 44 
1228 I 122373900 44 
1229 I 122431504 44 
1230 I 122513968 44 
1231 I 122514193 45 
1232 I 122721715 44 
1233 I 122727278 44 
1234 I 122797912 44 
1235 I 123034080 48 
1236 I 123034080 48 
1237 I 123082265 48 
1238 I 123217903 48 
1239 I 123236530 48 
1240 I 123281614 48 
1241 I 123298168 48 
1242 I 123300917 48 
1243 I 123390144 48 
1244 I 123403221 48 
1245 I 123523044 45 
1246 I 123523328 44 
1247 I 123795133 44 
1248 I 123834092 44 
1249 I 123834093 44 
1250 I 123834093 44 
1251 I 124040826 44 
1252 I 124423026 44 
1253 I 124723132 44 
1254 I 124723242 44 
1255 I 124723248 44 
1256 I 124835269 44 
1257 I 124837800 44 
1258 I 124839225 44 
1259 I 124844124 44 
1260 I 125017892 44 
1261 I 125019438 44 
1262 I 125060266 44 
1263 I 125061900 44 
1264 I 125073037 44 
1265 I 125073406 44 
1266 I 125316944 44 
1267 I 125331922 45 
1268 I 125332046 45 
1269 I 125601386 44 
1270 I 125601388 44 
1271 I 125603007 44 
1272 I 125829298 44 
1273 I 125829789 44 
1274 I 125833735 44 
1275 I 125834336 45 
1276 I 126020321 44 
1277 I 126020702 44 
1278 I 126135116 45 
1279 I 126473457 44 
1280 I 126473458 44 
1281 I 126539882 45 
1282 I 127030698 44 
1283 I 127031013 44 
1284 I 127037496 48 
1285 I 127063751 44 
1286 I 127328526 44 
1287 I 127331545 48 
1288 I 127331820 44 
1289 I 127332482 44 
1290 I 127609995 44 
1291 I 127610093 44 
1292 I 127871547 44 
1293 I 127926190 44 
1294 I 128200072 44 
1295 I 128200074 44 
1296 I 128294941 44 
1297 I 128457711 48 
1298 I 128457720 48 
1299 I 128729314 44 
1300 I 128752908 45 
1301 I 128796399 48 
1302 I 128854452 45 
1303 I 129092058 44 
1304 I 129092636 44 
1305 I 129095223 44 
1306 I 129171899 44 
1307 I 129241224 44 
1308 I 129241663 44 
1309 I 129609161 44 
1310 I 129643394 48 
1311 I 129660333 45 
1312 I 129765488 44 
1313 I 129935365 44 
1314 I 129963988 45 
1315 I 130014047 44 
1316 I 130154679 44 
1317 I 130154872 44 
1318 I 130154872 44 
1319 I 130567597 44 
1320 I 130632568 44 
1321 I 130638722 44 
1322 I 130772656 48 
1323 I 130963887 45 
1324 I 131003094 48 
1325 I 131003095 48 
1326 I 131003095 48 
1327 I 131111491 48 
1328 I 131246382 44 
1329 I 131260991 44 
1330 I 131262465 44 
1331 I 131262473 44 
1332 I 131262474 44 
1333 I 131262487 44 
1334 I 131333227 44 
1335 I 131342222 44 
1336 I 131345497 44 
1337 I 131952706 44 
1338 I 132071330 44 
1339 I 132460127 44 
1340 I 132460128 44 
1341 I 132573232 45 
1342 I 132591249 44 
1343 I 132591514 44 
1344 I 132675817 45 
1345 I 132688630 44 
1346 I 132690068 44 
1347 I 132691180 44 
1348 I 132691180 44 
1349 I 132700303 44 
1350 I 132703955 44 
1351 I 132798335 44 
1352 I 132798340 44 
1353 I 132894264 44 
1354 I 133402492 48 
1355 I 133410450 44 
1356 I 133607379 44 
1357 I 133632084 44 
1358 I 133636217 44 
1359 I 133722090 48 
1360 I 134086507 45 
1361 I 134086801 45 
1362 I 134111437 44 
1363 I 134182535 45 
1364 I 134229956 48 
1365 I 134266842 44 
1366 I 134680805 44 
1367 I 134680816 44 
1368 I 134686618 44 
1369 I 134789205 45 
1370 I 134998911 44 
1371 I 135072463 48 
1372 I 135852937 44 
1373 I 135943150 44 
1374 I 135993418 45 
1375 I 136719442 44 
1376 I 136721172 44 
1377 I 136726168 44 
1378 I 136726768 44 
1379 I 136770311 44 
1380 I 136775501 44 
1381 I 136775503 44 
1382 I 136832060 44 
1383 I 136832062 44 
1384 I 136833954 44 
1385 I 136835593 44 
1386 I 136914644 44 
1387 I 137007650 45 
1388 I 137452543 48 
1389 I 137452543 48 
1390 I 137502325 45 
1391 I 137558833 44 
1392 I 137561491 44 
1393 I 137598022 48 
1394 I 137697067 44 
1395 I 137697248 44 
1396 I 137704417 48 
1397 I 137741042 44 
1398 I 137860571 44 
1399 I 137860573 44 
1400 I 138310854 44 
1401 I 138422478 44 
1402 I 138424620 44 
1403 I 138501249 44 
1404 I 138549706 44 
1405 I 138552074 44 
1406 I 138603124 48 
1407 I 138709523 45 
1408 I 138709523 45 
1409 I 139150172 44 
1410 I 139220768 44 
1411 I 139273647 44 
1412 I 139274700 44 
1413 I 139468050 48 
1414 I 139515274 45 
1415 I 139817458 45 
1416 I 139997704 44 
1417 I 140130850 44 
1418 I 140130850 44 
1419 I 140248489 44 
1420 I 140250566 44 
1421 I 140302403 44 
1422 I 140303647 44 
1423 I 140851518 44 
1424 I 140997595 44 
1425 I 140997694 44 
1426 I 141202154 44 
1427 I 141203752 44 
1428 I 141689612 48 
1429 I 141827745 44 
1430 I 141827753 44 
1431 I 141909124 44 
1432 I 142128196 45 
1433 I 142626413 44 
1434 I 142642368 44 
1435 I 142642387 44 
1436 I 142738129 44 
1437 I 142738131 44 
1438 I 142841384 44 
1439 I 143436941 44 
1440 I 143437732 44 
1441 I 143464949 44 
1442 I 143467891 44 
1443 I 143505869 44 
1444 I 143542303 45 
1445 I 143573383 44 
1446 I 143573383 44 
1447 I 143659025 44 
1448 I 144245556 44 
1449 I 144279943 44 
1450 I 144304332 44 
1451 I 144312952 48 
1452 I 144344670 45 
1453 I 144355115 48 
1454 I 144417478 44 
1455 I 144423983 44 
1456 I 144502336 44 
1457 I 145001739 44 
1458 I 145137874 44 
1459 I 145137881 44 
1460 I 145182044 44 
1461 I 145240094 44 
1462 I 145259065 44 
1463 I 145261079 44 
1464 I 145346428 44 
1465 I 145347628 44 
1466 I 145557255 45 
1467 I 145682038 44 
1468 I 145688834 44 
1469 I 145834708 44 
1470 I 145855500 44 
1471 I 145977142 44 
1472 I 145979229 44 
1473 I 146022808 44 
1474 I 146051895 45 
1475 I 146086884 44 
1476 I 146108040 44 
1477 I 146108370 44 
1478 I 146164310 44 
1479 I 146164567 44 
1480 I 146189683 48 
1481 I 146237161 44 
1482 I 146237807 44 
1483 I 146656207 45 
1484 I 146687410 44 
1485 I 146712467 44 
1486 I 146837868 44 
1487 I 146842602 44 
1488 I 146892752 44 
1489 I 146937353 44 
1490 I 146964291 48 
1491 I 146964298 48 
1492 I 147158733 45 
1493 I 147258893 45 
1494 I 147544958 44 
1495 I 147572908 44 
1496 I 147595785 44 
1497 I 147627554 44 
1498 I 147683036 44 
1499 I 147688550 44 
1500 I 147736532 44 
1501 I 147785756 44 
1502 I 147863390 45 
1503 I 147919788 44 
1504 I 147920446 44 
1505 I 148164839 45 
1506 I 148181165 44 
1507 I 148181165 44 
1508 I 148399482 44 
1509 I 148432611 44 
1510 I 148473958 44 
1511 I 148479357 44 
1512 I 148519476 44 
1513 I 148553886 44 
1514 I 148557704 44 
1515 I 148586757 44 
1516 I 148596054 44 
1517 I 148683556 44 
1518 I 148769959 45 
1519 I 149050052 48 
1520 I 149050053 44 
1521 I 149264155 44 
1522 I 149287274 44 
1523 I 149332739 48 
1524 I 149344293 48 
1525 I 149366791 44 
1526 I 149406492 44 
1527 I 149414941 44 
1528 I 149445454 44 
1529 I 149445456 44 
1530 I 149539338 44 
1531 I 149884004 44 
1532 I 149928230 44 
1533 I 150117916 48 
1534 I 150132309 48 
1535 I 150211380 44 
1536 I 150252306 44 
1537 I 150260243 44 
1538 I 150279086 45 
1539 I 150294854 44 
1540 I 150295193 44 
1541 I 150391439 48 
1542 I 150747822 44 
1543 I 150770779 44 
1544 I 150858841 44 
1545 I 150859809 44 
1546 I 151052464 44 
1547 I 151053363 44 
1548 I 151053891 44 
1549 I 151083171 44 
1550 I 151083172 45 
1551 I 151129726 48 
1552 I 151129726 48 
1553 I 151576615 44 
1554 I 151610004 44 
1555 I 151824716 44 
1556 I 151827085 44 
1557 I 151893347 44 
1558 I 152011120 44 
1559 I 152427117 44 
1560 I 152740854 44 
1561 I 152852770 44 
1562 I 153193595 45 
1563 I 153330290 44 
1564 I 153330807 44 
1565 I 153394525 45 
1566 I 153708848 44 
1567 I 154099531 48 
1568 I 154386494 44 
1569 I 154460438 44 
1570 I 154460439 44 
1571 I 154511267 44 
1572 I 154555419 44 
1573 I 154803864 45 
1574 I 154904300 45 
1575 I 154904574 45 
1576 I 155070102 44 
1577 I 155169115 44 
1578 I 155317588 44 
1579 I 155435157 44 
1580 I 156170995 48 
1581 I 156299517 48 
1582 I 156714091 45 
1583 I 158061576 44 
1584 I 158061577 44 
1585 I 158330481 45 
1586 I 158729026 45 
1587 I 159429939 45 
1588 I 159735260 45 
1589 I 159833740 45 
1590 I 161242234 45 
1591 I 161772659 44 
1592 I 161849058 45 
1593 I 162793010 44 
1594 I 163253037 45 
1595 I 163253040 45 
1596 I 164358376 45 
1597 I 164460128 45 
1598 I 167174882 45 
1599 I 167780006 45 
1600 I 167980913 45 
1601 I 168586595 45 
1602 I 168990251 45 
1603 I 169288233 45 
1604 I 170092400 45 
1605 I 170093161 45 
1606 I 170135510 44 
1607 I 170135861 44 
1608 I 170394484 45 
1609 I 170495471 45 
1610 I 170633213 44 
1611 I 170638445 44 
1612 I 171035624 44 
1613 I 171035624 44 
1614 I 171500668 45 
1615 I 171905953 44 
1616 I 171905954 44 
1617 I 171959328 44 
1618 I 171965889 44 
1619 I 172161918 44 
1620 I 172162684 44 
1621 I 172287711 44 
1622 I 172617030 44 
1623 I 172621000 44 
1624 I 172632872 44 
1625 I 172791180 48 
1626 I 172798391 44 
1627 I 173476630 44 
1628 I 173483193 44 
1629 I 173613125 44 
1630 I 173622657 44 
1631 I 173646134 44 
1632 I 173662347 44 
1633 I 174140675 44 
1634 I 174145516 44 
1635 I 174336157 44 
1636 I 174340826 44 
1637 I 174356479 44 
1638 I 174467072 48 
1639 I 174470532 44 
1640 I 174495561 44 
1641 I 174509925 44 
1642 I 174831905 44 
1643 I 174989927 44 
1644 I 174995237 44 
1645 I 175188690 48 
1646 I 175195947 44 
1647 I 175209396 44 
1648 I 175293705 44 
1649 I 175318180 44 
1650 I 175350166 48 
1651 I 175359711 44 
1652 I 175422885 44 
1653 I 175624164 45 
1654 I 175845545 44 
1655 I 175853483 44 
1656 I 176004633 44 
1657 I 176052342 44 
1658 I 176069280 44 
1659 I 176158330 44 
1660 I 176173969 44 
1661 I 176202770 44 
1662 I 176228207 44 
1663 I 176365644 44 
1664 I 176441160 44 
1665 I 176442718 44 
1666 I 176442719 44 
1667 I 176479918 44 
1668 I 176486419 44 
1669 I 176532225 45 
1670 I 176540787 44 
1671 I 176562194 44 
1672 I 176707872 44 
1673 I 176853883 48 
1674 I 176897800 44 
1675 I 176913635 48 
1676 I 177008453 44 
1677 I 177037440 44 
1678 I 177060207 44 
1679 I 177131844 44 
1680 I 177132111 44 
1681 I 177222974 44 
1682 I 177295852 44 
1683 I 177298252 44 
1684 I 177298254 44 
1685 I 177335752 44 
1686 I 177340034 44 
1687 I 177393410 44 
1688 I 177414908 44 
1689 I 177566728 48 
1690 I 177740828 44 
1691 I 177838181 45 
1692 I 177864975 44 
1693 I 177889773 44 
1694 I 177901513 44 
1695 I 178091199 44 
1696 I 178140042 45 
1697 I 178151815 44 
1698 I 178154682 44 
1699 I 178154833 44 
1700 I 178182838 44 
1701 I 178183373 44 
1702 I 178245263 44 
1703 I 178264144 44 
1704 I 178265527 44 
1705 I 178278886 48 
1706 I 178441968 45 
1707 I 178546818 44 
1708 I 178580226 44 
1709 I 178638242 44 
1710 I 178642081 44 
1711 I 178716994 44 
1712 I 178742605 45 
1713 I 178762420 44 
1714 I 178939346 44 
1715 I 178954669 44 
1716 I 179014047 44 
1717 I 179019161 44 
1718 I 179019162 44 
1719 I 179049425 44 
1720 I 179055354 48 
1721 I 179103106 44 
1722 I 179124775 48 
1723 I 179124785 44 
1724 I 179165389 44 
1725 I 179233702 44 
1726 I 179245535 45 
1727 I 179415649 44 
1728 I 179470049 44 
1729 I 179473690 44 
1730 I 179567816 44 
1731 I 179568515 44 
1732 I 179568517 44 
1733 I 179607187 44 
1734 I 179607188 44 
1735 I 179624897 44 
1736 I 179778535 48 
1737 I 179820918 44 
1738 I 179849887 45 
1739 I 179872571 44 
1740 I 179876336 48 
1741 I 179876342 44 
1742 I 179918320 44 
1743 I 179951370 44 
1744 I 179957187 44 
1745 I 179957810 44 
1746 I 179967927 44 
1747 I 179981856 44 
1748 I 180014858 44 
1749 I 180015190 44 
1750 I 180024414 44 
1751 I 180093031 44 
1752 I 180124653 44 
1753 I 180276125 44 
1754 I 180333122 44 
1755 I 180426099 44 
1756 I 180477178 48 
1757 I 180477280 44 
1758 I 180555173 45 
1759 I 180555173 45 
1760 I 180605745 44 
1761 I 180605846 44 
1762 I 180664763 44 
1763 I 180712436 44 
1764 I 180716859 44 
1765 I 180762376 44 
1766 I 180798750 44 
1767 I 180812763 44 
1768 I 180818355 48 
1769 I 180835951 44 
1770 I 180842451 44 
1771 I 180851459 44 
1772 I 180854235 44 
1773 I 180856974 44 
1774 I 180874693 44 
1775 I 180951981 44 
1776 I 181156579 45 
1777 I 181265212 44 
1778 I 181334203 44 
1779 I 181433738 44 
1780 I 181459066 44 
1781 I 181468129 44 
1782 I 181487013 44 
1783 I 181487013 44 
1784 I 181517661 48 
1785 I 181565541 44 
1786 I 181570881 44 
1787 I 181608266 48 
1788 I 181642656 44 
1789 I 181657819 44 
1790 I 181659760 45 
1791 I 181681397 44 
1792 I 181687088 44 
1793 I 181723583 44 
1794 I 182118501 44 
1795 I 182125162 44 
1796 I 182183218 44 
1797 I 182275497 44 
1798 I 182311011 44 
1799 I 182407531 44 
1800 I 182409657 44 
1801 I 182465489 44 
1802 I 182493040 44 
1803 I 182498150 44 
1804 I 182509292 44 
1805 I 182509293 44 
1806 I 182521160 44 
1807 I 182532181 44 
1808 I 182565417 44 
1809 I 182576403 48 
1810 I 182651665 44 
1811 I 182652967 44 
1812 I 182985302 44 
1813 I 183010340 44 
1814 I 183031540 44 
1815 I 183041072 44 
1816 I 183137502 44 
1817 I 183181700 44 
1818 I 183266249 44 
1819 I 183278869 44 
1820 I 183279839 44 
1821 I 183357866 44 
1822 I 183370113 45 
1823 I 183386844 44 
1824 I 183395882 44 
1825 I 183412890 44 
1826 I 183415843 44 
1827 I 183852309 44 
1828 I 183852756 44 
1829 I 183854179 48 
1830 I 183880532 44 
1831 I 183900131 44 
1832 I 183905685 44 
1833 I 184049560 44 
1834 I 184138014 48 
1835 I 184146765 48 
1836 I 184146813 44 
1837 I 184222905 44 
1838 I 184254482 44 
1839 I 184276933 44 
1840 I 184276933 44 
1841 I 184492532 48 
1842 I 184551318 44 
1843 I 184754401 44 
1844 I 184763641 44 
1845 I 184768019 44 
1846 I 184793648 44 
1847 I 184803473 44 
1848 I 184883879 44 
1849 I 184883978 44 
1850 I 184923751 44 
1851 I 185124804 44 
1852 I 185148240 44 
1853 I 185149209 44 
1854 I 185199454 44 
1855 I 185199454 44 
1856 I 185204917 44 
1857 I 185331006 44 
1858 I 185455873 44 
1859 I 185541483 44 
1860 I 185641149 44 
1861 I 185661422 44 
1862 I 185674674 44 
1863 I 185677023 48 
1864 I 185702194 44 
1865 I 185712114 44 
1866 I 185828273 44 
1867 I 185920677 44 
1868 I 185969597 44 
1869 I 185996957 44 
1870 I 186039028 44 
1871 I 186054359 44 
1872 I 186054368 44 
1873 I 186096132 44 
1874 I 186096668 44 
1875 I 186102333 44 
1876 I 186103262 44 
1877 I 186111172 44 
1878 I 186234955 44 
1879 I 186310474 44 
1880 I 186310546 44 
1881 I 186320462 44 
1882 I 186369778 44 
1883 I 186452560 44 
1884 I 186568888 44 
1885 I 186577131 44 
1886 I 186588318 44 
1887 I 186590575 45 
1888 I 186614574 48 
1889 I 186625426 44 
1890 I 186737516 44 
1891 I 186830701 48 
1892 I 186878814 44 
1893 I 186908622 44 
1894 I 186948487 48 
1895 I 186965478 44 
1896 I 186966112 44 
1897 I 187003908 48 
1898 I 187003908 48 
1899 I 187008953 44 
1900 I 187014077 44 
1901 I 187090368 48 
1902 I 187090451 48 
1903 I 187142116 44 
1904 I 187239128 44 
1905 I 187259487 44 
1906 I 187292840 45 
1907 I 187294267 45 
1908 I 187294267 44 
1909 I 187373972 44 
1910 I 187469099 44 
1911 I 187531006 44 
1912 I 187531007 44 
1913 I 187533220 44 
1914 I 187533370 44 
1915 I 187534322 44 
1916 I 187535640 44 
1917 I 187561630 48 
1918 I 187641168 44 
1919 I 187785324 44 
1920 I 187826250 44 
1921 I 187836480 44 
1922 I 187836480 44 
1923 I 187837374 44 
1924 I 187873116 44 
1925 I 187912379 44 
1926 I 188033945 44 
1927 I 188053304 44 
1928 I 188141491 44 
1929 I 188156032 44 
1930 I 188176684 44 
1931 I 188215044 44 
1932 I 188279777 44 
1933 I 188387430 44 
1934 I 188429726 44 
1935 I 188450149 44 
1936 I 188453845 44 
1937 I 188457631 44 
1938 I 188460960 44 
1939 I 188525959 44 
1940 I 188538830 48 
1941 I 188582037 44 
1942 I 188605342 44 
1943 I 188606490 44 
1944 I 188607974 44 
1945 I 188700602 45 
1946 I 188718944 44 
1947 I 188767338 44 
1948 I 188787352 44 
1949 I 188794411 44 
1950 I 188806606 44 
1951 I 188841547 44 
1952 I 188849671 44 
1953 I 188849730 44 
1954 I 188964836 44 
1955 I 188983252 44 
1956 I 189060175 44 
1957 I 189104391 48 
1958 I 189167988 44 
1959 I 189204583 44 
1960 I 189313906 44 
1961 I 189344077 44 
1962 I 189361356 44 
1963 I 189361547 44 
1964 I 189367200 44 
1965 I 189371601 44 
1966 I 189404555 45 
1967 I 189445012 44 
1968 I 189452736 44 
1969 I 189498053 44 
1970 I 189520235 44 
1971 I 189521803 44 
1972 I 189521803 44 
1973 I 189630969 44 
1974 I 189683607 44 
1975 I 189710826 48 
1976 I 189723298 44 
1977 I 189751292 44 
1978 I 189863847 44 
1979 I 189884213 44 
1980 I 189960596 44 
1981 I 190000903 44 
1982 I 190000906 44 
1983 I 190084135 44 
1984 I 190211080 44 
1985 I 190228975 48 
1986 I 190245016 48 
1987 I 190245017 44 
1988 I 190245017 44 
1989 I 190250705 44 
1990 I 190336948 44 
1991 I 190339454 44 
1992 I 190383759 44 
1993 I 190398282 44 
1994 I 190400441 44 
1995 I 190401273 44 
1996 I 190416438 44 
1997 I 190511844 44 
1998 I 190513688 44 
1999 I 190557839 44 
2000 I 190636685 44 
2001 I 190712827 44 
2002 I 190750718 44 
2003 I 190772419 48 
2004 I 190845389 44 
2005 I 190846350 44 
2006 I 190970936 44 
2007 I 191103044 44 
2008 I 191106170 44 
2009 I 191135979 48 
2010 I 191143804 48 
2011 I 191228827 48 
2012 I 191230089 48 
2013 I 191272245 48 
2014 I 191280935 48 
2015 I 191282483 48 
2016 I 191287035 48 
2017 I 191296433 48 
2018 I 191419086 48 
2019 I 191419087 48 
2020 I 191440326 48 
2021 I 191543780 44 
2022 I 191639243 44 
2023 I 191661950 44 
2024 I 191707289 44 
2025 I 191708624 44 
2026 I 191713708 44 
2027 I 191725373 44 
2028 I 191725376 48 
2029 I 191732893 44 
2030 I 191740827 44 
2031 I 191741984 44 
2032 I 191846028 48 
2033 I 191874695 48 
2034 I 192022941 44 
2035 I 192023258 44 
2036 I 192036355 44 
2037 I 192036692 44 
2038 I 192064242 44 
2039 I 192101524 44 
2040 I 192175788 44 
2041 I 192324445 45 
2042 I 192422709 45 
2043 I 192544994 44 
2044 I 192569765 44 
2045 I 192606771 44 
2046 I 192607566 44 
2047 I 192613142 48 
2048 I 192613144 48 
2049 I 192618412 44 
2050 I 192639656 44 
2051 I 192639656 44 
2052 I 192645742 44 
2053 I 192647972 44 
2054 I 192744893 44 
2055 I 192748218 44 
2056 I 192893626 44 
2057 I 192915816 44 
2058 I 192916063 44 
2059 I 192933734 44 
2060 I 192933734 44 
2061 I 192934496 44 
2062 I 193024909 48 
2063 I 193078807 44 
2064 I 193078807 44 
2065 I 193089921 44 
2066 I 193090102 44 
2067 I 193090962 44 
2068 I 193325529 44 
2069 I 193325529 44 
2070 I 193459402 44 
2071 I 193471069 44 
2072 I 193496293 48 
2073 I 193517435 44 
2074 I 193517435 44 
2075 I 193522721 44 
2076 I 193522727 44 
2077 I 193724485 44 
2078 I 193724799 44 
2079 I 194316851 44 
2080 I 194316861 44 
2081 I 194354893 48 
2082 I 194420862 44 
2083 I 194438724 45 
2084 I 194441830 44 
2085 I 194441998 44 
2086 I 194443023 44 
2087 I 194443023 44 
2088 I 194636573 45 
2089 I 194892620 44 
2090 I 194892877 44 
2091 I 195097913 44 
2092 I 195239552 45 
2093 I 195329842 44 
2094 I 195352770 44 
2095 I 195356307 44 
2096 I 195440836 44 
2097 I 195660271 44 
2098 I 195742238 45 
2099 I 195912284 44 
2100 I 195922673 44 
2101 I 196087952 44 
2102 I 196088067 44 
2103 I 196145230 45 
2104 I 196255981 44 
2105 I 196345593 44 
2106 I 196345765 44 
2107 I 196345782 44 
2108 I 196361544 44 
2109 I 196361544 44 
2110 I 196362789 44 
2111 I 196362789 44 
2112 I 196362825 44 
2113 I 196652680 44 
2114 I 196807284 44 
2115 I 196821548 44 
2116 I 196849065 45 
2117 I 197033627 44 
2118 I 197188366 44 
2119 I 197236962 44 
2120 I 197350710 45 
2121 I 197523574 44 
2122 I 197686613 44 
2123 I 197702180 44 
2124 I 197751589 44 
2125 I 197846077 44 
2126 I 197854840 45 
2127 I 197891211 48 
2128 I 197954733 45 
2129 I 197955659 45 
2130 I 198043546 44 
2131 I 198173334 44 
2132 I 198276962 44 
2133 I 198285696 44 
2134 I 198359691 44 
2135 I 198458890 45 
2136 I 198469106 44 
2137 I 198516482 44 
2138 I 198531574 44 
2139 I 198585150 44 
2140 I 198683603 44 
2141 I 198861221 45 
2142 I 198863275 44 
2143 I 198999526 44 
2144 I 199091696 48 
2145 I 199094166 44 
2146 I 199122014 44 
2147 I 199177554 48 
2148 I 199242123 44 
2149 I 199250428 44 
2150 I 199271811 44 
2151 I 199311149 44 
2152 I 199343229 44 
2153 I 199477089 44 
2154 I 199783296 44 
2155 I 199891372 44 
2156 I 200045239 44 
2157 I 200053038 44 
2158 I 200078681 44 
2159 I 200107226 48 
2160 I 200145376 44 
2161 I 200442123 44 
2162 I 200443949 44 
2163 I 200562468 44 
2164 I 200672723 45 
2165 I 200676004 44 
2166 I 200756287 44 
2167 I 200756290 44 
2168 I 200833347 48 
2169 I 200845188 44 
2170 I 200882456 48 
2171 I 200934818 48 
2172 I 200972850 45 
2173 I 201030595 44 
2174 I 201031270 44 
2175 I 201081008 44 
2176 I 201081014 44 
2177 I 201275128 45 
2178 I 201375079 44 
2179 I 201505376 44 
2180 I 201665940 44 
2181 I 201665940 44 
2182 I 201712912 44 
2183 I 201779654 48 
2184 I 201802958 44 
2185 I 201978391 45 
2186 I 202203752 44 
2187 I 202323081 44 
2188 I 202385182 45 
2189 I 202481910 44 
2190 I 202481920 44 
2191 I 202481921 44 
2192 I 202481922 44 
2193 I 202521095 44 
2194 I 202609074 44 
2195 I 202773505 44 
2196 I 202783046 44 
2197 I 202841326 44 
2198 I 202987866 44 
2199 I 202988038 44 
2200 I 202988040 44 
2201 I 203086547 45 
2202 I 203097535 44 
2203 I 203099476 44 
2204 I 203268311 44 
2205 I 203297139 44 
2206 I 203300666 44 
2207 I 203309015 44 
2208 I 203333336 44 
2209 I 203451274 44 
2210 I 203553076 44 
2211 I 203557980 44 
2212 I 203571507 44 
2213 I 203588655 44 
2214 I 203622246 44 
2215 I 203662795 44 
2216 I 203689898 45 
2217 I 203689989 44 
2218 I 203739775 44 
2219 I 203744770 44 
2220 I 203789738 45 
2221 I 203848342 44 
2222 I 203849632 44 
2223 I 203954649 44 
2224 I 203955084 44 
2225 I 204085675 44 
2226 I 204119462 44 
2227 I 204125185 44 
2228 I 204131466 44 
2229 I 204157641 44 
2230 I 204275423 44 
2231 I 204382823 44 
2232 I 204400758 48 
2233 I 204420828 44 
2234 I 204466642 44 
2235 I 204723851 44 
2236 I 204874247 44 
2237 I 204906467 44 
2238 I 204911255 48 
2239 I 204917019 44 
2240 I 204940721 44 
2241 I 205195885 48 
2242 I 205220259 48 
2243 I 205266301 48 
2244 I 205400183 45 
2245 I 205531353 44 
2246 I 205599893 45 
2247 I 205668901 44 
2248 I 205691389 44 
2249 I 205708027 48 
2250 I 205746774 44 
2251 I 205816734 44 
2252 I 205901299 44 
2253 I 206061106 44 
2254 I 206329528 44 
2255 I 206469845 48 
2256 I 206546482 44 
2257 I 206611162 44 
2258 I 206807554 45 
2259 I 206855410 44 
2260 I 207156469 44 
2261 I 207157242 44 
2262 I 207289814 44 
2263 I 207289817 44 
2264 I 207341065 44 
2265 I 207410196 44 
2266 I 207652069 48 
2267 I 207715015 45 
2268 I 208119031 44 
2269 I 208319797 45 
2270 I 208420865 44 
2271 I 208712192 44 
2272 I 208713962 44 
2273 I 208722117 45 
2274 I 208913779 44 
2275 I 209212666 44 
2276 I 209221084 45 
2277 I 209560749 44 
2278 I 209560749 44 
2279 I 209707863 44 
2280 I 209723809 45 
2281 I 209830436 45 
2282 I 210430161 45 
2283 I 210430161 45 
2284 I 210506668 44 
2285 I 210794718 44 
2286 I 210795229 44 
2287 I 210830639 45 
2288 I 211130695 44 
2289 I 211289456 48 
2290 I 211334882 45 
2291 I 211436581 45 
2292 I 211653496 44 
2293 I 211923263 44 
2294 I 212242973 44 
2295 I 212340825 45 
2296 I 212732563 44 
2297 I 212734049 48 
2298 I 213043314 45 
2299 I 213202822 44 
2300 I 213647706 44 
2301 I 213995345 48 
2302 I 214269563 44 
2303 I 214271013 44 
2304 I 214337068 44 
2305 I 214501349 44 
2306 I 214501758 44 
2307 I 214506741 48 
2308 I 214765258 44 
2309 I 214854557 45 
2310 I 215066698 44 
2311 I 215067790 44 
2312 I 215094394 44 
2313 I 215116641 44 
2314 I 215136724 44 
2315 I 215136732 44 
2316 I 215143003 44 
2317 I 215580607 44 
2318 I 215761101 44 
2319 I 215764903 44 
2320 I 215874615 44 
2321 I 215874617 44 
2322 I 215899554 44 
2323 I 215920909 48 
2324 I 215940795 44 
2325 I 215940798 44 
2326 I 215940799 44 
2327 I 216244606 44 
2328 I 216248234 44 
2329 I 216332780 48 
2330 I 216377499 44 
2331 I 216674965 44 
2332 I 216678252 44 
2333 I 216698427 48 
2334 I 216730795 48 
2335 I 216735599 44 
2336 I 216735600 44 
2337 I 216847223 44 
2338 I 217385130 44 
2339 I 217388333 44 
2340 I 217464203 44 
2341 I 217466624 44 
2342 I 217531326 48 
2343 I 217543787 44 
2344 I 217602208 44 
2345 I 217602220 44 
2346 I 217617452 44 
2347 I 217637817 48 
2348 I 217979647 45 
2349 I 218043886 44 
2350 I 218290507 48 
2351 I 218290507 44 
2352 I 218352524 44 
2353 I 218408722 44 
2354 I 218408894 44 
2355 I 218428007 44 
2356 I 218677726 45 
2357 I 218741101 44 
2358 I 219128778 44 
2359 I 219190410 44 
2360 I 219240425 44 
2361 I 219245150 44 
2362 I 219264378 44 
2363 I 219279339 44 
2364 I 219317447 44 
2365 I 219317448 44 
2366 I 219574429 44 
2367 I 219622307 44 
2368 I 219962252 44 
2369 I 220029719 44 
2370 I 220101565 44 
2371 I 220404030 44 
2372 I 220406779 44 
2373 I 220452465 44 
2374 I 220561350 44 
2375 I 220587647 45 
2376 I 220799410 48 
2377 I 220867385 44 
2378 I 220929294 44 
2379 I 221093625 44 
2380 I 221094690 44 
2381 I 221246514 44 
2382 I 221290979 45 
2383 I 221367142 48 
2384 I 221394163 44 
2385 I 221546720 44 
2386 I 221548330 44 
2387 I 221593185 45 
2388 I 221712850 44 
2389 I 221766091 44 
2390 I 221794189 44 
2391 I 221794767 45 
2392 I 221889270 44 
2393 I 221890031 44 
2394 I 222095824 45 
2395 I 222239401 48 
2396 I 222619257 44 
2397 I 222746505 44 
2398 I 222749885 44 
2399 I 222900074 45 
2400 I 222900961 45 
2401 I 223079614 44 
2402 I 223079745 44 
2403 I 223201848 45 
2404 I 223233888 44 
2405 I 223387594 44 
2406 I 223387594 44 
2407 I 223400965 44 
2408 I 223400977 44 
2409 I 223468780 48 
2410 I 223805533 45 
2411 I 223805534 45 
2412 I 224052926 44 
2413 I 224410131 44 
2414 I 224629135 44 
2415 I 224713910 44 
2416 I 224856397 44 
2417 I 225430555 44 
2418 I 225437436 48 
2419 I 225437443 48 
2420 I 225446402 44 
2421 I 225458734 44 
2422 I 225464547 44 
2423 I 225497131 44 
2424 I 225505722 44 
2425 I 225535457 44 
2426 I 225540458 44 
2427 I 225541364 44 
2428 I 225541364 44 
2429 I 225543631 44 
2430 I 225547057 44 
2431 I 225548776 44 
2432 I 225552355 44 
2433 I 225617131 45 
2434 I 225643027 44 
2435 I 225645364 44 
2436 I 225676781 44 
2437 I 226208222 44 
2438 I 226223413 44 
2439 I 226229811 44 
2440 I 226235169 44 
2441 I 226268784 44 
2442 I 226274427 44 
2443 I 226304957 44 
2444 I 226311749 44 
2445 I 226311750 44 
2446 I 226313806 44 
2447 I 226318976 44 
2448 I 226318976 44 
2449 I 226329176 44 
2450 I 226432481 44 
2451 I 226454999 44 
2452 I 226705985 44 
2453 I 226824625 45 
2454 I 226995603 44 
2455 I 227010330 44 
2456 I 227011652 44 
2457 I 227012183 44 
2458 I 227012184 48 
2459 I 227031501 44 
2460 I 227063265 44 
2461 I 227102946 48 
2462 I 227108481 48 
2463 I 227108482 48 
2464 I 227108482 48 
2465 I 227116760 44 
2466 I 227119861 44 
2467 I 227226708 44 
2468 I 227261170 44 
2469 I 227527314 44 
2470 I 227551987 44 
2471 I 227800147 44 
2472 I 227815165 44 
2473 I 227846434 44 
2474 I 227877841 44 
2475 I 227885951 44 
2476 I 227934284 44 
2477 I 227934286 44 
2478 I 228038305 48 
2479 I 228075819 48 
2480 I 228337323 48 
2481 I 228366680 48 
2482 I 228435444 45 
2483 I 228534442 45 
2484 I 228615550 44 
2485 I 228631568 44 
2486 I 228673129 44 
2487 I 228699499 44 
2488 I 228704823 44 
2489 I 228760746 44 
2490 I 228765945 44 
2491 I 228765947 44 
2492 I 228765947 48 
2493 I 228765947 48 
2494 I 228866057 44 
2495 I 228866057 44 
2496 I 228898379 44 
2497 I 229237900 45 
2498 I 229388848 44 
2499 I 229423790 44 
2500 I 229430933 44 
2501 I 229441067 45 
2502 I 229485912 44 
2503 I 229505490 44 
2504 I 229515025 44 
2505 I 229716758 44 
2506 I 229718779 44 
2507 I 229724270 48 
2508 I 229728365 48 
2509 I 230247812 45 
2510 I 230252798 44 
2511 I 230272386 44 
2512 I 230313922 48 
2513 I 230341531 44 
2514 I 230346241 44 
2515 I 230415432 44 
2516 I 230467117 44 
2517 I 230487293 44 
2518 I 230495687 44 
2519 I 230520729 44 
2520 I 230612078 44 
2521 I 230717790 44 
2522 I 230747246 45 
2523 I 230863155 48 
2524 I 230947647 45 
2525 I 231085614 44 
2526 I 231154499 44 
2527 I 231159821 44 
2528 I 231249534 44 
2529 I 231283280 44 
2530 I 231335796 44 
2531 I 231349392 48 
2532 I 231398244 44 
2533 I 231399175 44 
2534 I 231450959 45 
2535 I 231471367 44 
2536 I 231475332 44 
2537 I 231556233 44 
2538 I 231558342 44 
2539 I 231896285 44 
2540 I 231902897 44 
2541 I 231903839 48 
2542 I 231974176 48 
2543 I 231987079 44 
2544 I 232007871 44 
2545 I 232095517 44 
2546 I 232153018 48 
2547 I 232174485 44 
2548 I 232177270 44 
2549 I 232269636 44 
2550 I 232366099 44 
2551 I 232367206 44 
2552 I 232457721 45 
2553 I 232473775 44 
2554 I 232793698 44 
2555 I 232821403 44 
2556 I 232902021 44 
2557 I 233104942 44 
2558 I 233196872 44 
2559 I 233197312 44 
2560 I 233320594 44 
2561 I 233320959 44 
2562 I 233563691 44 
2563 I 233653657 48 
2564 I 233690583 44 
2565 I 233770890 48 
2566 I 233987421 48 
2567 I 234065889 45 
2568 I 234088459 48 
2569 I 234551877 44 
2570 I 234872622 45 
2571 I 235047823 44 
2572 I 235050012 44 
2573 I 235385202 44 
2574 I 236226400 44 
2575 I 236636890 44 
2576 I 236786937 45 
2577 I 236882972 45 
2578 I 237084557 45 
2579 I 237179259 44 
2580 I 237182127 44 
2581 I 237697054 44 
2582 I 237698949 44 
2583 I 238089641 45 
2584 I 238694618 45 
2585 I 239519913 44 
2586 I 239899562 45 
2587 I 240006791 45 
2588 I 240007509 45 
2589 I 240303130 45 
2590 I 241457681 44 
2591 I 241462661 44 
2592 I 242516864 45 
2593 I 243321100 45 
2594 I 243587553 44 
2595 I 244036609 44 
2596 I 244152177 44 
2597 I 244152179 44 
2598 I 244154516 44 
2599 I 244154517 44 
2600 I 244211408 44 
2601 I 244399187 44 
2602 I 244400067 44 
2603 I 244400255 44 
2604 I 244567385 44 
2605 I 244858249 44 
2606 I 245015614 44 
2607 I 245043048 44 
2608 I 245246127 48 
2609 I 245257905 44 
2610 I 245398063 44 
2611 I 245583700 44 
2612 I 245585518 44 
2613 I 245633408 45 
2614 I 245687294 44 
2615 I 245747949 44 
2616 I 245750342 44 
2617 I 245855688 44 
2618 I 245880735 44 
2619 I 245880736 44 
2620 I 245936756 45 
2621 I 246031368 44 
2622 I 246112815 44 
2623 I 246123421 44 
2624 I 246236404 44 
2625 I 246237979 44 
2626 I 246420769 48 
2627 I 246420771 44 
2628 I 246438659 45 
2629 I 246438661 45 
2630 I 246514369 44 
2631 I 246687390 44 
2632 I 246708762 44 
2633 I 246708833 44 
2634 I 246955049 44 
2635 I 246966686 48 
2636 I 247090609 44 
2637 I 247099953 44 
2638 I 247270269 44 
2639 I 247315159 48 
2640 I 247358303 44 
2641 I 247360166 44 
2642 I 247360197 44 
2643 I 247377656 44 
2644 I 247446255 44 
2645 I 247561911 44 
2646 I 247582100 44 
2647 I 247582102 44 
2648 I 247607270 44 
2649 I 247607380 44 
2650 I 247826690 44 
2651 I 247967203 44 
2652 I 247999448 48 
2653 I 248168745 44 
2654 I 248196739 44 
2655 I 248205586 44 
2656 I 248234061 48 
2657 I 248257036 48 
2658 I 248432897 44 
2659 I 248459886 44 
2660 I 248496389 44 
2661 I 248496390 44 
2662 I 248550868 45 
2663 I 248687746 48 
2664 I 248714125 44 
2665 I 248721406 44 
2666 I 248826904 44 
2667 I 249046983 44 
2668 I 249073214 48 
2669 I 249093401 44 
2670 I 249290715 44 
2671 I 249335146 44 
2672 I 249335581 44 
2673 I 249360673 44 
2674 I 249360943 44 
2675 I 249420213 44 
2676 I 249659180 45 
2677 I 249824697 44 
2678 I 249826567 44 
2679 I 249886945 48 
2680 I 249937942 48 
2681 I 249975401 44 
2682 I 250014002 48 
2683 I 250198046 44 
2684 I 250217484 44 
2685 I 250217484 44 
2686 I 250518602 44 
2687 I 250518638 44 
2688 I 250805920 44 
2689 I 250866534 45 
2690 I 250897197 44 
2691 I 250965189 44 
2692 I 250991756 44 
2693 I 250993135 44 
2694 I 251048181 44 
2695 I 251048245 44 
2696 I 251167420 45 
2697 I 251654780 48 
2698 I 251735548 44 
2699 I 251745738 44 
2700 I 251746226 44 
2701 I 251870741 44 
2702 I 251894501 48 
2703 I 251894587 44 
2704 I 251929640 44 
2705 I 252372554 44 
2706 I 252583099 44 
2707 I 252773634 44 
2708 I 252783336 48 
2709 I 252879775 45 
2710 I 253422761 44 
2711 I 253423638 44 
2712 I 253448739 48 
2713 I 253646935 44 
2714 I 253647122 44 
2715 I 253648069 44 
2716 I 253648071 44 
2717 I 253654079 48 
2718 I 253882740 44 
2719 I 254084819 45 
2720 I 254115587 44 
2721 I 254183994 45 
2722 I 254584274 44 
2723 I 254588323 44 
2724 I 254589375 44 
2725 I 254589376 44 
2726 I 254618567 44 
2727 I 254619649 44 
2728 I 254775258 44 
2729 I 255246872 44 
2730 I 255290011 45 
2731 I 255290324 45 
2732 I 255458253 44 
2733 I 255459178 44 
2734 I 255543483 48 
2735 I 255543757 44 
2736 I 255636231 44 
2737 I 255662149 44 
2738 I 255893655 48 
2739 I 256070053 44 
2740 I 256072287 44 
2741 I 256094531 45 
2742 I 256159225 44 
2743 I 256397945 45 
2744 I 256398219 45 
2745 I 256421278 48 
2746 I 256516067 44 
2747 I 256540493 44 
2748 I 256698057 45 
2749 I 256700714 48 
2750 I 256754361 44 
2751 I 256805096 44 
2752 I 256820341 44 
2753 I 257065676 44 
2754 I 257333670 44 
2755 I 257337621 44 
2756 I 257406211 45 
2757 I 257411142 48 
2758 I 257430528 44 
2759 I 257478885 44 
2760 I 257649741 44 
2761 I 257701712 44 
2762 I 257704000 44 
2763 I 257718634 44 
2764 I 257961336 44 
2765 I 258227239 44 
2766 I 258229659 44 
2767 I 258339444 44 
2768 I 258389267 44 
2769 I 258529936 44 
2770 I 258529936 44 
2771 I 258559774 48 
2772 I 258655965 44 
2773 I 258699010 44 
2774 I 258732941 44 
2775 I 258739861 44 
2776 I 258740279 44 
2777 I 258809139 44 
2778 I 258813517 44 
2779 I 258821855 44 
2780 I 258826239 44 
2781 I 258827363 44 
2782 I 258829786 44 
2783 I 258830274 44 
2784 I 258830686 44 
2785 I 258830687 44 
2786 I 258830783 44 
2787 I 258854655 44 
2788 I 258873698 44 
2789 I 258910836 45 
2790 I 259112027 45 
2791 I 259252098 44 
2792 I 259308793 44 
2793 I 259414315 45 
2794 I 259414867 45 
2795 I 259415113 45 
2796 I 259610387 44 
2797 I 259615626 44 
2798 I 259648243 44 
2799 I 259658394 44 
2800 I 259658402 44 
2801 I 259723594 44 
2802 I 259730857 44 
2803 I 259735190 44 
2804 I 259740457 44 
2805 I 259740458 44 
2806 I 259743902 44 
2807 I 259745064 44 
2808 I 259745662 44 
2809 I 259746039 44 
2810 I 259746946 44 
2811 I 259770901 44 
2812 I 259783558 44 
2813 I 259816894 45 
2814 I 259816894 45 
2815 I 260017130 45 
2816 I 260191398 44 
2817 I 260254340 44 
2818 I 260472778 44 
2819 I 260472969 44 
2820 I 260568987 44 
2821 I 260574963 44 
2822 I 260607426 48 
2823 I 260607849 44 
2824 I 260607849 44 
2825 I 260689039 48 
2826 I 260697216 44 
2827 I 260699469 44 
2828 I 260699471 44 
2829 I 260699774 44 
2830 I 260711879 44 
2831 I 260731435 44 
2832 I 260927116 45 
2833 I 261082816 44 
2834 I 261145967 44 
2835 I 261510380 44 
2836 I 261510516 44 
2837 I 261527351 45 
2838 I 261548320 44 
2839 I 261548320 44 
2840 I 261637348 44 
2841 I 261677219 44 
2842 I 261678118 44 
2843 I 261678118 44 
2844 I 261680480 44 
2845 I 261740642 44 
2846 I 261907302 44 
2847 I 261920574 44 
2848 I 262031659 48 
2849 I 262097221 44 
2850 I 262171220 44 
2851 I 262173098 44 
2852 I 262243581 44 
2853 I 262245543 44 
2854 I 262263804 48 
2855 I 262457054 44 
2856 I 262457055 44 
2857 I 262457417 44 
2858 I 262486298 44 
2859 I 262490908 44 
2860 I 262491691 44 
2861 I 262492181 44 
2862 I 262533818 45 
2863 I 262589214 44 
2864 I 262589801 44 
2865 I 262591027 44 
2866 I 262627243 44 
2867 I 262628492 44 
2868 I 262628492 44 
2869 I 262628494 44 
2870 I 262675272 44 
2871 I 262688899 48 
2872 I 262706113 44 
2873 I 262844826 44 
2874 I 262866714 44 
2875 I 262969602 44 
2876 I 263035369 44 
2877 I 263107235 44 
2878 I 263114883 44 
2879 I 263384080 44 
2880 I 263388789 44 
2881 I 263388793 44 
2882 I 263427295 44 
2883 I 263429005 44 
2884 I 263518328 48 
2885 I 263602335 44 
2886 I 263678480 44 
2887 I 263683838 44 
2888 I 263718888 44 
2889 I 263786923 44 
2890 I 263807193 44 
2891 I 263928513 44 
2892 I 263928526 44 
2893 I 263965826 44 
2894 I 264016242 44 
2895 I 264019418 44 
2896 I 264019419 44 
2897 I 264029407 44 
2898 I 264029407 44 
2899 I 264029409 44 
2900 I 264030756 44 
2901 I 264038226 44 
2902 I 264149389 44 
2903 I 264149393 44 
2904 I 264306990 44 
2905 I 264316934 44 
2906 I 264320350 44 
2907 I 264355464 44 
2908 I 264357460 44 
2909 I 264443948 45 
2910 I 264525512 44 
2911 I 264526716 44 
2912 I 264606124 44 
2913 I 264607952 44 
2914 I 264639281 44 
2915 I 264705717 48 
2916 I 264720761 44 
2917 I 264868660 44 
2918 I 264918609 44 
2919 I 264922028 44 
2920 I 264922028 44 
2921 I 264932999 48 
2922 I 264932999 44 
2923 I 264932999 44 
2924 I 264933355 44 
2925 I 264950233 44 
2926 I 264983874 44 
2927 I 264995715 48 
2928 I 265248876 45 
2929 I 265438377 44 
2930 I 265438377 44 
2931 I 265508859 44 
2932 I 265510113 44 
2933 I 265555203 44 
2934 I 265642349 48 
2935 I 265771116 44 
2936 I 265827885 44 
2937 I 265828781 44 
2938 I 265835094 44 
2939 I 265835102 44 
2940 I 265836554 44 
2941 I 265837750 44 
2942 I 265837752 44 
2943 I 265837752 44 
2944 I 265849314 44 
2945 I 265852674 45 
2946 I 265892375 44 
2947 I 265953244 45 
2948 I 266356288 44 
2949 I 266364047 44 
2950 I 266422336 48 
2951 I 266422781 44 
2952 I 266467808 44 
2953 I 266470381 44 
2954 I 266646491 44 
2955 I 266646492 44 
2956 I 266683392 44 
2957 I 266745494 44 
2958 I 266746422 44 
2959 I 266747713 44 
2960 I 266751889 44 
2961 I 266752788 44 
2962 I 266753225 44 
2963 I 266754160 48 
2964 I 266755849 44 
2965 I 266756063 44 
2966 I 266767896 48 
2967 I 266803782 44 
2968 I 266868450 44 
2969 I 266924513 44 
2970 I 266924513 44 
2971 I 266924515 44 
2972 I 266924515 44 
2973 I 267031033 44 
2974 I 267251625 44 
2975 I 267251984 44 
2976 I 267271361 44 
2977 I 267279309 44 
2978 I 267384431 48 
2979 I 267384526 44 
2980 I 267504393 44 
2981 I 267600856 44 
2982 I 267614746 44 
2983 I 267651758 44 
2984 I 267653019 44 
2985 I 267657824 44 
2986 I 267660143 44 
2987 I 267661776 44 
2988 I 267661790 44 
2989 I 267721298 44 
2990 I 267785568 44 
2991 I 267823278 44 
2992 I 267828719 44 
2993 I 267829101 44 
2994 I 267829799 44 
2995 I 267838451 44 
2996 I 267863437 45 
2997 I 267917865 44 
2998 I 268142834 44 
2999 I 268146372 44 
3000 I 268160432 44 
3001 I 268261814 44 
3002 I 268367606 44 
3003 I 268371126 48 
3004 I 268472973 48 
3005 I 268491088 48 
3006 I 268506330 44 
3007 I 268516075 44 
3008 I 268517577 44 
3009 I 268517578 44 
3010 I 268519309 44 
3011 I 268519908 44 
3012 I 268538221 44 
3013 I 268541232 44 
3014 I 268562065 44 
3015 I 268577069 44 
3016 I 268587193 44 
3017 I 268615111 44 
3018 I 268615112 44 
3019 I 268661211 44 
3020 I 268694277 44 
3021 I 268699099 44 
3022 I 268701429 44 
3023 I 268702170 44 
3024 I 268718451 48 
3025 I 268777805 44 
3026 I 268996115 44 
3027 I 269001619 44 
3028 I 269018127 48 
3029 I 269149718 48 
3030 I 269171802 45 
3031 I 269375465 44 
3032 I 269384173 44 
3033 I 269384805 44 
3034 I 269384806 44 
3035 I 269385231 44 
3036 I 269416957 44 
3037 I 269418744 44 
3038 I 269421436 48 
3039 I 269429905 44 
3040 I 269444329 44 
3041 I 269473858 44 
3042 I 269473859 44 
3043 I 269475554 48 
3044 I 269475937 44 
3045 I 269518816 44 
3046 I 269522101 44 
3047 I 269549322 44 
3048 I 269558359 44 
3049 I 269559602 44 
3050 I 269560170 44 
3051 I 269642534 44 
3052 I 269730445 44 
3053 I 269731778 44 
3054 I 269848356 44 
3055 I 269856287 44 
3056 I 269875650 44 
3057 I 269980807 44 
3058 I 270055339 44 
3059 I 270079195 44 
3060 I 270093827 48 
3061 I 270150564 44 
3062 I 270163420 44 
3063 I 270231421 44 
3064 I 270235712 44 
3065 I 270236108 44 
3066 I 270236550 48 
3067 I 270283665 48 
3068 I 270295940 44 
3069 I 270318484 44 
3070 I 270318486 44 
3071 I 270322206 44 
3072 I 270365829 48 
3073 I 270369013 44 
3074 I 270399306 44 
3075 I 270403967 44 
3076 I 270404723 44 
3077 I 270408955 44 
3078 I 270473668 44 
3079 I 270473849 44 
3080 I 270502399 44 
3081 I 270684357 44 
3082 I 270706935 44 
3083 I 270713658 44 
3084 I 270736501 44 
3085 I 270783748 45 
3086 I 270917090 44 
3087 I 270944063 44 
3088 I 270944297 44 
3089 I 270944406 44 
3090 I 270951677 44 
3091 I 270952533 44 
3092 I 270957991 44 
3093 I 270958069 44 
3094 I 271006395 44 
3095 I 271022701 48 
3096 I 271066818 44 
3097 I 271083838 45 
3098 I 271090729 44 
3099 I 271095588 44 
3100 I 271095593 44 
3101 I 271153414 44 
3102 I 271180195 44 
3103 I 271191478 44 
3104 I 271193479 44 
3105 I 271229199 44 
3106 I 271266056 44 
3107 I 271268261 48 
3108 I 271268418 44 
3109 I 271271756 44 
3110 I 271286248 45 
3111 I 271354645 44 
3112 I 271383367 48 
3113 I 271383926 44 
3114 I 271557504 44 
3115 I 271567732 44 
3116 I 271576910 44 
3117 I 271597644 44 
3118 I 271685567 45 
3119 I 271779884 44 
3120 I 271803052 44 
3121 I 271812691 44 
3122 I 271814665 44 
3123 I 271871695 44 
3124 I 271937227 44 
3125 I 271966616 44 
3126 I 271967147 44 
3127 I 271970074 44 
3128 I 271976143 44 
3129 I 271976221 44 
3130 I 272066718 44 
3131 I 272074859 44 
3132 I 272077586 44 
3133 I 272111671 44 
3134 I 272149563 48 
3135 I 272149563 44 
3136 I 272159031 48 
3137 I 272225197 44 
3138 I 272257963 44 
3139 I 272258032 44 
3140 I 272422288 44 
3141 I 272428329 44 
3142 I 272435358 44 
3143 I 272453138 48 
3144 I 272641379 44 
3145 I 272659862 44 
3146 I 272723895 44 
3147 I 272733075 48 
3148 I 272733086 44 
3149 I 272803404 44 
3150 I 272834435 44 
3151 I 272834448 44 
3152 I 272834628 44 
3153 I 272943125 48 
3154 I 272980641 44 
3155 I 273033510 44 
3156 I 273035029 44 
3157 I 273037776 44 
3158 I 273098357 44 
3159 I 273297236 44 
3160 I 273308220 48 
3161 I 273500329 44 
3162 I 273520303 44 
3163 I 273576544 44 
3164 I 273605105 44 
3165 I 273605106 44 
3166 I 273850146 44 
3167 I 273896254 48 
3168 I 273898517 45 
3169 I 273903416 48 
3170 I 273962102 44 
3171 I 274147179 44 
3172 I 274301936 45 
3173 I 274302771 44 
3174 I 274366106 44 
3175 I 274377804 44 
3176 I 274424081 44 
3177 I 274457674 44 
3178 I 274460107 44 
3179 I 274502311 45 
3180 I 274575025 44 
3181 I 274575913 44 
3182 I 274685492 44 
3183 I 274685501 44 
3184 I 274810217 44 
3185 I 274826828 44 
3186 I 275077508 44 
3187 I 275078454 44 
3188 I 275297715 44 
3189 I 275328128 44 
3190 I 275330088 44 
3191 I 275330145 44 
3192 I 275332081 44 
3193 I 275636235 44 
3194 I 275636853 44 
3195 I 275692817 44 
3196 I 275881557 44 
3197 I 275881975 44 
3198 I 275962838 44 
3199 I 276169870 44 
3200 I 276189361 48 
3201 I 276214519 45 
3202 I 276515976 45 
3203 I 276567487 44 
3204 I 276678403 44 
3205 I 276847623 44 
3206 I 277016917 45 
3207 I 277048679 44 
3208 I 277082821 44 
3209 I 277085972 44 
3210 I 277086522 44 
3211 I 277090476 48 
3212 I 277090478 48 
3213 I 277090479 48 
3214 I 277319584 45 
3215 I 277324004 44 
3216 I 277328628 44 
3217 I 277442469 44 
3218 I 277548032 44 
3219 I 277707872 44 
3220 I 277903199 44 
3221 I 277926936 44 
3222 I 277927442 44 
3223 I 277945655 44 
3224 I 278126204 44 
3225 I 278126205 44 
3226 I 278126210 44 
3227 I 278176269 44 
3228 I 278185439 44 
3229 I 278228978 44 
3230 I 278301456 44 
3231 I 278407816 44 
3232 I 278574242 44 
3233 I 278592985 48 
3234 I 278600056 44 
3235 I 278765301 44 
3236 I 278785431 44 
3237 I 278785432 44 
3238 I 278809788 44 
3239 I 279050046 44 
3240 I 279056402 44 
3241 I 279056403 44 
3242 I 279124385 44 
3243 I 279126520 44 
3244 I 279178384 44 
3245 I 279241554 44 
3246 I 279259162 44 
3247 I 279266086 44 
3248 I 279266087 44 
3249 I 279283100 48 
3250 I 279336702 45 
3251 I 279398410 44 
3252 I 279400112 44 
3253 I 279444702 44 
3254 I 279498644 48 
3255 I 279634388 44 
3256 I 279635781 44 
3257 I 279681539 48 
3258 I 279930025 44 
3259 I 279934099 45 
3260 I 279938452 44 
3261 I 279939970 44 
3262 I 280052883 44 
3263 I 280112094 44 
3264 I 280131598 44 
3265 I 280135459 45 
3266 I 280235040 48 
3267 I 280326569 44 
3268 I 280503496 44 
3269 I 280538953 44 
3270 I 280669550 44 
3271 I 280739555 44 
3272 I 280798058 44 
3273 I 280804000 44 
3274 I 280808896 44 
3275 I 280930905 44 
3276 I 280985468 44 
3277 I 280995824 44 
3278 I 281302864 44 
3279 I 281359168 44 
3280 I 281439251 44 
3281 I 281439252 44 
3282 I 281648622 44 
3283 I 281655007 44 
3284 I 281659349 44 
3285 I 281788756 44 
3286 I 281828182 44 
3287 I 281841746 44 
3288 I 282155784 44 
3289 I 282211842 44 
3290 I 282448649 45 
3291 I 282499911 44 
3292 I 282506025 44 
3293 I 282516575 44 
3294 I 282649389 48 
3295 I 282685145 44 
3296 I 282697888 44 
3297 I 282838761 44 
3298 I 283000115 44 
3299 I 283010773 44 
3300 I 283340361 44 
3301 I 283352900 44 
3302 I 283374970 44 
3303 I 283541319 44 
3304 I 283668001 44 
3305 I 283858677 45 
3306 I 283910482 44 
3307 I 283910865 44 
3308 I 284194256 44 
3309 I 284211372 44 
3310 I 284228459 48 
3311 I 284407781 44 
3312 I 284525834 44 
3313 I 284560560 44 
3314 I 284589840 44 
3315 I 284704417 44 
3316 I 284704850 44 
3317 I 285050315 44 
3318 I 285083081 44 
3319 I 285165968 45 
3320 I 285273080 44 
3321 I 285383172 44 
3322 I 285451715 44 
3323 I 285901452 48 
3324 I 286071792 45 
3325 I 286121534 48 
3326 I 286232662 44 
3327 I 286270277 48 
3328 I 286320410 44 
3329 I 286474032 45 
3330 I 286617835 44 
3331 I 286618041 44 
3332 I 286809558 44 
3333 I 286809643 44 
3334 I 286912430 44 
3335 I 287116711 48 
3336 I 287278007 45 
3337 I 287679737 45 
3338 I 287881982 45 
3339 I 287935052 44 
3340 I 287935054 44 
3341 I 287936397 44 
3342 I 288099957 44 
3343 I 288102246 44 
3344 I 288683112 44 
3345 I 288683113 44 
3346 I 288896323 44 
3347 I 290598438 45 
3348 I 290899666 45 
3349 I 291300754 45 
3350 I 291503530 45 
3351 I 292305986 45 
3352 I 292306007 44 
3353 I 293295510 48 
3354 I 293312200 45 
3355 I 293864481 44 
3356 I 293991450 44 
3357 I 294007669 44 
3358 I 294770769 44 
3359 I 294896269 44 
3360 I 294905761 44 
3361 I 295325195 45 
3362 I 295647423 44 
3363 I 295778366 44 
3364 I 295784612 44 
3365 I 296212600 44 
3366 I 296213437 44 
3367 I 296503314 44 
3368 I 296646922 48 
3369 I 296653483 48 
3370 I 297010408 44 
3371 I 297105358 44 
3372 I 297105359 48 
3373 I 297341308 45 
3374 I 297373602 44 
3375 I 297443117 45 
3376 I 297637397 44 
3377 I 297863142 44 
3378 I 297873156 44 
3379 I 297873615 44 
3380 I 297950095 44 
3381 I 297968052 44 
3382 I 297970506 44 
3383 I 297985727 44 
3384 I 298144730 44 
3385 I 298206884 44 
3386 I 298240846 45 
3387 I 298427919 44 
3388 I 298428167 44 
3389 I 298529109 44 
3390 I 298529809 44 
3391 I 298640620 44 
3392 I 298696866 44 
3393 I 298796274 44 
3394 I 298800466 44 
3395 I 298818153 44 
3396 I 298953977 44 
3397 I 298956272 44 
3398 I 298967740 44 
3399 I 299042164 44 
3400 I 299046077 45 
3401 I 299356580 44 
3402 I 299499444 44 
3403 I 299541215 44 
3404 I 299549690 45 
3405 I 299614473 44 
3406 I 299614473 44 
3407 I 299623921 48 
3408 I 299630423 44 
3409 I 299643732 44 
3410 I 299778689 48 
3411 I 299783601 44 
3412 I 299795664 44 
3413 I 299871430 44 
3414 I 299953967 45 
