0 I 0 1504 
1 I 858621 1220 
2 I 953536 1504 
3 I 953623 1504 
4 I 1836853 1220 
5 I 1892956 1504 
6 I 1974237 1504 
7 I 1974298 1220 
8 I 2826090 1504 
9 I 2826176 1504 
10 I 2884566 1220 
11 I 2967350 1504 
12 I 3732157 1504 
13 I 3732225 1220 
14 I 4654557 1220 
15 I 8485440 1504 
16 I 9377305 1504 
17 I 9377503 1504 
18 I 14964152 1504 
19 I 15927902 1504 
20 I 15927979 1504 
21 I 16889913 1504 
22 I 16889937 936 
23 I 17993080 1504 
24 I 17993162 1504 
25 I 18936449 1220 
26 I 19878286 936 
27 I 22584364 1504 
28 I 23694155 1504 
29 I 23694237 652 
30 I 23694240 1504 
31 I 24623993 1504 
32 I 28881260 1504 
33 I 39446684 1504 
34 I 40356543 1504 
35 I 40356619 1220 
36 I 41260587 1504 
37 I 41260724 1504 
38 I 42145599 1504 
39 I 42145846 1504 
40 I 43124937 1504 
41 I 43124966 936 
42 I 44003710 1504 
43 I 44005384 1504 
44 I 44005461 1504 
45 I 47179010 1504 
46 I 48067620 1504 
47 I 48067713 1504 
48 I 48985637 1504 
49 I 48985665 936 
50 I 49879801 1504 
51 I 50752750 1504 
52 I 52842934 1504 
53 I 57165575 1504 
54 I 65719001 1504 
55 I 69686755 44 
56 I 74732232 44 
57 I 76828879 44 
58 I 79082911 44 
59 I 82764957 1504 
60 I 86114791 44 
61 I 87874558 44 
62 I 117079411 1504 
63 I 239156109 44 
64 I 243424852 44 
65 I 251223187 44 
