0 I 0 44 
1 I 21869259 48 
2 I 22648864 44 
3 I 23425412 44 
4 I 23530413 44 
5 I 23997381 44 
6 I 24859729 44 
7 I 31041759 48 
8 I 31836260 44 
9 I 32520781 44 
10 I 33542856 44 
11 I 40534171 44 
12 I 40772999 48 
13 I 44087086 48 
14 I 44898572 44 
15 I 46140009 44 
16 I 46526722 44 
17 I 50357963 44 
18 I 51171330 44 
19 I 56974326 48 
20 I 58208183 44 
21 I 62921979 44 
22 I 63246817 44 
23 I 73077122 44 
24 I 78959846 48 
25 I 80057147 44 
26 I 81026230 44 
27 I 81101301 44 
28 I 85253540 44 
29 I 86209325 44 
30 I 94260345 48 
31 I 97820015 44 
32 I 98743445 44 
33 I 98756825 44 
34 I 101388360 48 
35 I 102328299 44 
36 I 103042302 44 
37 I 103116998 44 
38 I 107668128 44 
39 I 110286070 48 
40 I 113467526 48 
41 I 113487759 48 
42 I 114285705 44 
43 I 115083090 44 
44 I 115156257 44 
45 I 115267188 44 
46 I 116016602 44 
47 I 116156949 44 
48 I 125398189 48 
49 I 126020815 44 
50 I 130125117 44 
51 I 130559407 44 
52 I 131585665 44 
53 I 137551503 48 
54 I 138528188 44 
55 I 139451376 44 
56 I 139538513 44 
57 I 146699550 48 
58 I 146853961 44 
59 I 147621696 44 
60 I 150003486 48 
61 I 150114375 48 
62 I 150637827 44 
63 I 151350139 44 
64 I 151452307 44 
65 I 156123302 44 
66 I 157117819 44 
67 I 164898628 48 
68 I 165865357 44 
69 I 168239821 44 
70 I 169069724 44 
71 I 169142267 44 
72 I 171618670 48 
73 I 175619807 44 
74 I 182227888 44 
75 I 189067949 48 
76 I 210220571 44 
77 I 210425329 44 
78 I 220490717 44 
79 I 221509975 44 
80 I 227890591 48 
81 I 230695094 48 
82 I 231924407 48 
83 I 232220288 44 
84 I 232841426 44 
85 I 233350101 44 
86 I 241396759 48 
87 I 242400696 44 
88 I 243538781 44 
89 I 243789736 44 
90 I 249558268 44 
91 I 251249604 44 
92 I 255262299 48 
93 I 256485308 44 
94 I 258084144 44 
95 I 258157811 44 
96 I 261239943 44 
97 I 263499899 44 
98 I 263514519 44 
99 I 292750353 48 
