0 I 0 1504 
1 I 543807 1504 
2 I 544013 1504 
3 I 1070924 1504 
4 I 1071132 1504 
5 I 1071422 1504 
6 I 1618033 1008 
7 I 1620040 1504 
8 I 1621215 1504 
9 I 1621821 1256 
10 I 2182298 1504 
11 I 2187442 1504 
12 I 2187819 1256 
13 I 5432697 1504 
14 I 5981456 1504 
15 I 5981731 1504 
16 I 6530828 1504 
17 I 6530919 1504 
18 I 7101952 1504 
19 I 7101957 760 
20 I 14688236 1504 
21 I 15249588 1504 
22 I 15249791 1504 
23 I 16801423 1504 
24 I 18200865 1504 
25 I 18762438 1504 
26 I 18766764 1504 
27 I 19350146 1504 
28 I 19510112 1504 
29 I 19921072 1504 
30 I 20081157 1504 
31 I 20081176 760 
32 I 20660309 1504 
33 I 20660673 1504 
34 I 21242341 1256 
35 I 21246917 760 
36 I 21841293 1504 
37 I 21841464 1504 
38 I 22421487 1504 
39 I 22421893 1504 
40 I 23008231 1504 
41 I 23008278 1008 
42 I 23008790 1504 
43 I 23600078 1504 
44 I 23600166 1256 
45 I 23601079 1504 
46 I 23601328 1504 
47 I 24200283 1256 
48 I 24200444 1504 
49 I 24201311 1504 
50 I 24201414 1256 
51 I 24829729 1504 
52 I 24829996 1504 
53 I 24830058 1256 
54 I 25427538 1504 
55 I 25427972 1504 
56 I 25428032 1256 
57 I 26021056 1504 
58 I 26021283 1504 
59 I 26021361 1256 
60 I 27456582 1504 
61 I 28029615 1504 
62 I 28029969 1504 
63 I 31280004 1504 
64 I 31830137 1504 
65 I 31830216 1504 
66 I 32696211 1504 
67 I 33996532 1504 
68 I 34519861 1504 
69 I 34520100 1504 
70 I 35040393 1504 
71 I 35041274 1504 
72 I 35539831 512 
73 I 35539954 1504 
74 I 35580281 1504 
75 I 35580511 1504 
76 I 36021941 1256 
77 I 36022315 1504 
78 I 36061998 1504 
79 I 36062200 1256 
80 I 36511527 1504 
81 I 36516625 1504 
82 I 36516762 1256 
83 I 36581693 1504 
84 I 36582084 1504 
85 I 37008959 1256 
86 I 37511306 1504 
87 I 37511509 1504 
88 I 37516050 1256 
89 I 37998370 1504 
90 I 37998679 1504 
91 I 37998865 1256 
92 I 38498100 1504 
93 I 38498203 1504 
94 I 38498654 1256 
95 I 38999551 1504 
96 I 39000677 1504 
97 I 39000906 1256 
98 I 39016366 1504 
99 I 39494266 1504 
100 I 39496359 1256 
101 I 39496943 1504 
102 I 39517679 1504 
103 I 39517859 1256 
104 I 40000185 1504 
105 I 40000750 1504 
106 I 40001164 1256 
107 I 40028731 1504 
108 I 40028828 1504 
109 I 40028929 1256 
110 I 40556860 1504 
111 I 40557038 1504 
112 I 40557105 1256 
113 I 41095616 1504 
114 I 41096688 1504 
115 I 41096744 1256 
116 I 41840975 1504 
117 I 42357090 1504 
118 I 42357600 1504 
119 I 42862112 1504 
120 I 42862564 1504 
121 I 42866686 1504 
122 I 42866914 1504 
123 I 42867147 1256 
124 I 42867609 1504 
125 I 43388551 1504 
126 I 44147616 1504 
127 I 44661594 1504 
128 I 45461473 1504 
129 I 45988224 1256 
130 I 45988708 1504 
131 I 46517926 1504 
132 I 46517988 1256 
133 I 46518301 1504 
134 I 47030112 1504 
135 I 47030257 1256 
136 I 47037039 1504 
137 I 47037217 1504 
138 I 47542724 1256 
139 I 47543400 1504 
140 I 47550551 1504 
141 I 47550618 1256 
142 I 48079717 56 
143 I 49085657 1504 
144 I 50489184 1504 
145 I 51047526 1504 
146 I 51047963 1504 
147 I 51809173 1504 
148 I 53416005 1504 
149 I 54920835 1504 
150 I 59030608 1504 
151 I 60077602 1504 
152 I 60077838 1504 
153 I 61450038 1504 
154 I 62009590 1504 
155 I 62010095 1504 
156 I 62569964 512 
157 I 62570094 1504 
158 I 62588190 1504 
159 I 63118088 1504 
160 I 63118148 1256 
161 I 63136880 1504 
162 I 63671334 1504 
163 I 63676158 1256 
164 I 63677707 1504 
165 I 63689900 1504 
166 I 64218931 1256 
167 I 64226480 1504 
168 I 64226577 1504 
169 I 64226970 1256 
170 I 64789538 1504 
171 I 65369978 1504 
172 I 65370136 1504 
173 I 67187159 1504 
174 I 67745609 1504 
175 I 67745783 1504 
176 I 68308399 1504 
177 I 68309943 1504 
178 I 68857466 1504 
179 I 68857545 760 
180 I 68858569 1504 
181 I 68859042 1504 
182 I 69396156 1256 
183 I 69409934 1504 
184 I 69410525 1504 
185 I 69414573 1256 
186 I 69945806 1504 
187 I 69957512 1504 
188 I 69957574 1256 
189 I 70489737 1504 
190 I 71037120 1504 
191 I 71037375 1504 
192 I 71575808 1504 
193 I 71576165 1504 
194 I 71576512 1504 
195 I 72089540 1008 
196 I 72100759 1504 
197 I 72100872 1504 
198 I 72100945 1256 
199 I 79664906 1504 
200 I 92735249 68 
201 I 93284840 1504 
202 I 93285665 1504 
203 I 93846286 1504 
204 I 93846474 1504 
205 I 94408799 1504 
206 I 94409114 1008 
207 I 94410227 1504 
208 I 94965371 1504 
209 I 94965438 1256 
210 I 94976804 1504 
211 I 94977129 1504 
212 I 95544305 1256 
213 I 95544616 1504 
214 I 95557321 1504 
215 I 95557547 1256 
216 I 96118980 1504 
217 I 96119540 1504 
218 I 96119841 1256 
219 I 96705266 1504 
220 I 96705372 1504 
221 I 96705832 1256 
222 I 97284353 1504 
223 I 97284570 1504 
224 I 97284912 1256 
225 I 100477846 1504 
226 I 101035234 1504 
227 I 101035735 1504 
228 I 101595073 1504 
229 I 101595556 1504 
230 I 101595593 1008 
231 I 102146792 1504 
232 I 102147614 1504 
233 I 102148012 1256 
234 I 102148230 1504 
235 I 102696564 1504 
236 I 102697086 1256 
237 I 102703634 1504 
238 I 102703939 1504 
239 I 103258112 1256 
240 I 103274474 1504 
241 I 103274919 1504 
242 I 103304797 1256 
243 I 103855629 1504 
244 I 103856038 1504 
245 I 103856117 1256 
246 I 103886204 1504 
247 I 103886289 1504 
248 I 104457499 1256 
249 I 104473888 1504 
250 I 104474223 1504 
251 I 104474293 1256 
252 I 105046075 1504 
253 I 105046318 1504 
254 I 105046406 1256 
255 I 105088209 1504 
256 I 105088315 1504 
257 I 105088368 1256 
258 I 105684792 1504 
259 I 105685020 1504 
260 I 105685167 1256 
261 I 105685299 1504 
262 I 105685690 1504 
263 I 105685940 1256 
264 I 107115095 1504 
265 I 114664578 1504 
266 I 115227949 1504 
267 I 115228120 1504 
268 I 115784825 1504 
269 I 115785358 1504 
270 I 117178193 1504 
271 I 117707605 1504 
272 I 117707698 1504 
273 I 118228269 1504 
274 I 118233044 512 
275 I 118233187 1504 
276 I 118755973 1504 
277 I 119497230 1504 
278 I 121098073 1504 
279 I 124315846 1504 
280 I 129864411 80 
281 I 130347848 1504 
282 I 142016206 68 
283 I 142514278 1504 
284 I 143014885 1504 
285 I 143542152 996 
286 I 149465544 1504 
287 I 149935964 1504 
288 I 149936135 1504 
289 I 154896584 1504 
290 I 155373611 1504 
291 I 155373882 1504 
292 I 155861230 1504 
293 I 155863133 1504 
294 I 158822545 1504 
295 I 159285320 1504 
296 I 159285606 1504 
297 I 159763293 512 
298 I 159763393 1504 
299 I 159763816 1504 
300 I 161842568 1504 
301 I 162341527 1504 
302 I 162341617 1504 
303 I 164161107 1504 
304 I 164690888 1504 
305 I 164691009 1504 
306 I 165194369 1504 
307 I 165194378 760 
308 I 165702224 1504 
309 I 165705489 1504 
310 I 166221203 1504 
311 I 166221503 1256 
312 I 166741220 1504 
313 I 166742206 1504 
314 I 166742882 1256 
315 I 167261490 1504 
316 I 167261947 1504 
317 I 167262622 1256 
318 I 167262828 1504 
319 I 167783808 1504 
320 I 167785076 1256 
321 I 169073921 1504 
322 I 169593134 1504 
323 I 169593539 1504 
324 I 170103836 1504 
325 I 170103924 1504 
326 I 170104111 1008 
327 I 172511469 1504 
328 I 173011207 1504 
329 I 173011673 1504 
330 I 176426195 1504 
331 I 179541316 1504 
332 I 180055114 1504 
333 I 180055946 1504 
334 I 180555812 1504 
335 I 180562842 1504 
336 I 180562863 760 
337 I 181063275 1504 
338 I 181575539 1504 
339 I 182083589 1504 
340 I 182083680 1256 
341 I 184172973 1504 
342 I 184692132 1504 
343 I 184692519 1504 
344 I 185210231 1504 
345 I 185210853 1504 
346 I 185210897 1008 
347 I 185730406 1504 
348 I 186232276 1504 
349 I 186731740 1504 
350 I 186731783 1008 
351 I 187233699 1256 
352 I 187234008 1504 
353 I 188610944 1504 
354 I 189130337 1504 
355 I 189130600 1504 
356 I 190414685 1504 
357 I 190910249 1504 
358 I 190910425 1504 
359 I 191413130 1504 
360 I 191413140 760 
361 I 191924682 1504 
362 I 191924969 1256 
363 I 192405464 1504 
364 I 192832709 1504 
365 I 192893193 1504 
366 I 193332661 1504 
367 I 193333136 1256 
368 I 193844840 1504 
369 I 193845045 1504 
370 I 196232768 1504 
371 I 196732130 1504 
372 I 196732381 1504 
373 I 197240033 1504 
374 I 197240068 1008 
375 I 197241950 1504 
376 I 197720903 1504 
377 I 197721161 1256 
378 I 197722062 1504 
379 I 197722234 1504 
380 I 198205215 1256 
381 I 198211276 1504 
382 I 198211791 1504 
383 I 198212068 1256 
384 I 198675042 1504 
385 I 198675313 1504 
386 I 198679878 1256 
387 I 198681236 1504 
388 I 198681668 1504 
389 I 199134568 1256 
390 I 199139898 1504 
391 I 199140081 1504 
392 I 199140183 1256 
393 I 199601831 1504 
394 I 200113771 1504 
395 I 200114221 1504 
396 I 200114422 1256 
397 I 201380413 1504 
398 I 202686190 1504 
399 I 203142533 1504 
400 I 203142895 1504 
401 I 203612819 1504 
402 I 203612861 1008 
403 I 204080078 1504 
404 I 204080393 1256 
405 I 204522212 1504 
406 I 204961447 1504 
407 I 207613463 1504 
408 I 208056137 1504 
409 I 208056474 1504 
410 I 208513482 1504 
411 I 208513849 1504 
412 I 208514104 1008 
413 I 208981601 1504 
414 I 208982569 1504 
415 I 208982800 1256 
416 I 209443274 1504 
417 I 209443402 1504 
418 I 209443689 1256 
419 I 209902170 1504 
420 I 209902308 1256 
421 I 209902580 1504 
422 I 212425839 1504 
423 I 213533466 1504 
424 I 213982821 1504 
425 I 213983218 1504 
426 I 214434108 1504 
427 I 214434234 1008 
428 I 214881333 1504 
429 I 214881508 1504 
430 I 214882273 1256 
431 I 215329804 1504 
432 I 215659146 1504 
433 I 215798995 1504 
434 I 215799170 1504 
435 I 216103676 1504 
436 I 216103913 1504 
437 I 216255420 1504 
438 I 216255560 1256 
439 I 216534713 1504 
440 I 216703370 1504 
441 I 216972108 1504 
442 I 217153022 1504 
443 I 217153275 1504 
444 I 217412581 1008 
445 I 217600906 1504 
446 I 217601117 1504 
447 I 217601483 1256 
448 I 218051844 1504 
449 I 218051996 1256 
450 I 218495819 1504 
451 I 218498658 1504 
452 I 218944460 1504 
453 I 218944545 1504 
454 I 222092928 1504 
455 I 222550318 1504 
456 I 222550406 1504 
457 I 223003393 1504 
458 I 223003842 1504 
459 I 223461899 1504 
460 I 223461904 760 
461 I 223463127 1504 
462 I 223463297 1504 
463 I 223938612 1256 
464 I 223939257 1504 
465 I 223939528 1504 
466 I 224409239 1256 
467 I 224410668 1504 
468 I 224410749 1504 
469 I 224411476 1256 
470 I 225511914 1504 
471 I 225961082 1504 
472 I 225961343 1504 
473 I 227029897 1504 
474 I 227491936 1504 
475 I 227492020 1504 
476 I 227961368 1504 
477 I 227994479 1504 
478 I 227994491 760 
479 I 229234392 1504 
480 I 229702228 1504 
481 I 229702676 1504 
482 I 230174204 1504 
483 I 230179309 1504 
484 I 230179399 1008 
485 I 230689536 1504 
486 I 230689946 1504 
487 I 230690094 1256 
488 I 231189504 1504 
489 I 231189806 1504 
490 I 231189877 1256 
491 I 232453948 1504 
492 I 233042003 1504 
493 I 233042329 1504 
494 I 233693753 1504 
495 I 233698324 1504 
496 I 234339783 1504 
497 I 234339865 1504 
498 I 234999456 1504 
499 I 234999553 760 
500 I 234999835 1504 
501 I 235499951 1504 
502 I 235530530 1256 
503 I 236078430 1504 
504 I 236078611 1504 
505 I 241103360 1048 
506 I 248039974 57 
507 I 255697706 57 
508 I 256181592 1504 
509 I 256181684 1504 
510 I 256181924 1463 
511 I 256660746 1504 
512 I 256662473 1504 
513 I 256662577 1256 
514 I 256663088 1504 
515 I 257139811 1504 
516 I 257142351 1256 
517 I 257147623 1504 
518 I 257147890 1504 
519 I 257148344 1256 
520 I 258402095 1504 
521 I 258872490 1504 
522 I 258872669 1504 
523 I 259341010 1504 
524 I 259341157 1504 
525 I 259341196 1008 
526 I 259823620 1504 
527 I 259828004 1504 
528 I 259828296 1256 
529 I 260307893 1504 
530 I 260307990 1504 
531 I 260308126 1256 
532 I 260309096 1504 
533 I 261732523 1504 
534 I 262291572 1504 
535 I 262291838 1504 
536 I 262790749 1504 
537 I 262790964 1008 
538 I 262797954 1504 
539 I 263341097 1504 
540 I 263819102 1504 
541 I 264297118 1504 
542 I 264297467 1256 
543 I 265550267 1504 
544 I 266017562 1504 
545 I 266017764 1504 
546 I 266490164 1504 
547 I 266490368 1504 
548 I 266960591 1504 
549 I 266960609 760 
550 I 266961069 1504 
551 I 266966875 1504 
552 I 267419276 1256 
553 I 267419638 1504 
554 I 267420215 1504 
555 I 267421843 1256 
556 I 268669068 1504 
557 I 269110678 1504 
558 I 269111015 1504 
559 I 269550684 1504 
560 I 269551047 1504 
561 I 269551565 1008 
562 I 270781570 1504 
563 I 271232339 1504 
564 I 271232816 1504 
565 I 271699069 1504 
566 I 271699166 1504 
567 I 272148469 1008 
568 I 272148551 1256 
569 I 273400788 1504 
570 I 273850793 1504 
571 I 273851122 1504 
572 I 274302606 1504 
573 I 274303076 1504 
574 I 274769698 1504 
575 I 274769744 1008 
576 I 274776959 1504 
577 I 275236618 1504 
578 I 275237048 1256 
579 I 275237429 1504 
580 I 275248615 1504 
581 I 275691206 1256 
582 I 275708171 1504 
583 I 275708537 1504 
584 I 275708608 1256 
585 I 276168507 1504 
586 I 276168891 1504 
587 I 276169100 1256 
588 I 276177581 1504 
589 I 276177826 1504 
590 I 276918300 1504 
591 I 281847458 1504 
592 I 286879672 68 
593 I 287349880 1504 
