0 I 0 52 
1 I 1414571 52 
2 I 1441984 44 
3 I 2855708 52 
4 I 2866195 44 
5 I 3231427 52 
6 I 3367503 44 
7 I 4226374 52 
8 I 4235219 44 
9 I 4669560 52 
10 I 4670584 44 
11 I 5473243 44 
12 I 5907620 44 
13 I 9715411 52 
14 I 9736442 52 
15 I 10935227 52 
16 I 10955071 44 
17 I 11017597 52 
18 I 11039899 44 
19 I 12150087 52 
20 I 12157148 44 
21 I 12232663 44 
22 I 13383782 44 
23 I 15473757 52 
24 I 15600835 44 
25 I 16793877 44 
26 I 21805971 52 
27 I 21814767 52 
28 I 23142579 44 
29 I 23182416 44 
30 I 198771255 52 
31 I 198910151 52 
32 I 200313185 44 
33 I 200452359 44 
34 I 207230209 52 
35 I 207285493 52 
36 I 208422540 44 
37 I 208441873 52 
38 I 208491750 44 
39 I 208509924 52 
40 I 209664132 44 
41 I 209717563 44 
42 I 242769611 44 
43 I 243150508 44 
44 I 243236638 44 
45 I 243663522 44 
46 I 243707405 44 
47 I 244167693 44 
48 I 244217625 44 
49 I 244638045 44 
50 I 245174963 44 
51 I 245728052 44 
52 I 246342985 44 
53 I 246856524 44 
54 I 247480252 44 
55 I 247990231 44 
56 I 248162280 44 
57 I 248622503 44 
58 I 248710897 44 
59 I 249156764 44 
60 I 249380583 44 
61 I 249951080 44 
