0 I 0 44 
1 I 1800940 44 
2 I 3587276 44 
3 I 5531859 44 
4 I 6986617 56 
5 I 7012305 56 
6 I 8617316 56 
7 I 10509605 56 
8 I 15439716 44 
9 I 17483305 44 
10 I 19677954 44 
11 I 21678874 44 
12 I 23783517 44 
13 I 23959151 44 
14 I 25713711 56 
15 I 27519208 56 
16 I 31483302 44 
17 I 33176617 44 
18 I 34890373 44 
19 I 36901247 44 
20 I 39124933 56 
21 I 40458002 56 
22 I 41845976 56 
23 I 43287244 56 
24 I 53433022 44 
25 I 94350381 44 
26 I 95838463 44 
27 I 97082729 44 
28 I 97714214 49 
29 I 98324481 56 
30 I 98325113 53 
31 I 100014134 56 
32 I 102418487 44 
33 I 107164696 53 
34 I 108216059 44 
35 I 122397453 53 
36 I 123592272 44 
37 I 150751280 44 
38 I 204819233 44 
39 I 206041408 44 
40 I 207316584 44 
41 I 208539700 44 
42 I 211555108 44 
43 I 212674324 44 
44 I 214330355 44 
45 I 217575377 44 
46 I 219551140 44 
47 I 221056385 56 
48 I 222616254 56 
49 I 224300232 44 
50 I 225851526 44 
51 I 227180741 56 
52 I 228546868 56 
53 I 230052921 56 
54 I 234911485 44 
55 I 236795173 56 
56 I 238515997 56 
57 I 240348911 56 
58 I 259993962 44 
59 I 261542052 44 
60 I 263345765 44 
61 I 265362411 44 
62 I 267295677 44 
63 I 267419418 44 
64 I 268924395 56 
65 I 269056391 56 
66 I 270580056 56 
67 I 270624828 56 
68 I 271981497 56 
69 I 273634745 56 
