0 I 0 52 
1 I 718003 44 
2 I 890416 105 
3 I 3894895 105 
4 I 4500012 44 
5 I 4682116 90 
6 I 10515731 90 
7 I 11275693 56 
8 I 11336386 56 
9 I 11814042 56 
10 I 14886669 44 
11 I 15773350 44 
12 I 16426005 44 
13 I 17278059 44 
14 I 17473731 44 
15 I 18133135 44 
16 I 18544024 44 
17 I 20844144 44 
18 I 21570046 44 
19 I 22200002 56 
20 I 22698378 56 
21 I 25629828 44 
22 I 26316380 44 
23 I 27031112 56 
24 I 27805542 56 
25 I 28743759 56 
26 I 31456525 44 
27 I 31976985 44 
28 I 32471130 56 
29 I 32495033 44 
30 I 33024748 44 
31 I 33648267 44 
32 I 33787661 44 
33 I 34516483 44 
34 I 34544965 44 
35 I 36589683 44 
36 I 37198262 44 
37 I 37699978 56 
38 I 40913181 44 
39 I 46528668 44 
40 I 48330119 44 
41 I 51547993 44 
