0 I 0 52 
1 I 269526 44 
2 I 1266329 44 
3 I 1565756 44 
4 I 2067837 44 
5 I 2365898 44 
6 I 2667419 44 
7 I 2970439 44 
8 I 3268494 44 
9 I 3566496 44 
10 I 3866561 44 
11 I 4166455 44 
12 I 4465971 44 
13 I 4767298 44 
14 I 5071529 44 
15 I 5369103 44 
16 I 5769540 44 
17 I 6069795 44 
18 I 6366748 44 
19 I 6668114 44 
20 I 6971674 44 
21 I 7271377 44 
22 I 7569627 44 
23 I 7869324 44 
24 I 8170945 44 
25 I 8470917 44 
26 I 8773612 44 
27 I 9074714 44 
28 I 9375009 44 
29 I 9770805 44 
30 I 10072454 44 
31 I 10370474 44 
32 I 10670127 44 
33 I 10973009 44 
34 I 11269479 44 
35 I 11571459 44 
36 I 11875920 44 
37 I 12172700 44 
38 I 12472360 44 
39 I 13074973 44 
40 I 13476011 44 
41 I 13775246 44 
42 I 14076063 44 
43 I 14374587 44 
44 I 14670190 44 
45 I 14971032 44 
46 I 15267664 44 
47 I 15568568 44 
48 I 15873765 44 
49 I 16172079 44 
50 I 16473800 44 
51 I 16773023 44 
52 I 17171405 44 
53 I 17470087 44 
54 I 17772827 44 
55 I 18073862 44 
56 I 18371908 44 
57 I 18668203 44 
58 I 18968315 44 
59 I 19267127 44 
60 I 19565973 44 
61 I 19869978 44 
62 I 20171685 44 
63 I 20466431 44 
64 I 20768087 44 
65 I 21167549 44 
66 I 21466548 44 
67 I 21766316 44 
68 I 22067839 44 
69 I 22468154 44 
70 I 23065975 44 
71 I 23364638 44 
72 I 23763906 44 
73 I 24363779 44 
74 I 24660300 44 
75 I 25099046 44 
76 I 25360697 44 
77 I 25661403 44 
78 I 25966128 44 
79 I 26261963 44 
80 I 26561823 44 
81 I 26862870 44 
82 I 27162559 44 
83 I 27461313 44 
84 I 27861275 44 
85 I 28163076 44 
86 I 28463819 44 
87 I 28764747 44 
88 I 29763920 44 
89 I 30064800 44 
90 I 30364213 44 
91 I 30662677 44 
92 I 30965647 44 
93 I 31267678 44 
94 I 31566684 44 
95 I 31865545 44 
96 I 33165428 44 
97 I 33465308 44 
98 I 33766186 44 
99 I 34968255 44 
100 I 35267849 44 
101 I 35566032 44 
102 I 35863664 44 
103 I 36162958 44 
104 I 36560585 44 
105 I 36862343 44 
106 I 37161315 44 
107 I 38061220 44 
108 I 38358211 44 
109 I 38657471 44 
110 I 38960026 44 
111 I 39260752 44 
112 I 41461773 44 
113 I 41761281 44 
114 I 42066754 44 
115 I 42364337 44 
116 I 42662243 44 
117 I 42964037 44 
118 I 43261493 44 
119 I 43559506 44 
120 I 45064202 44 
121 I 45359910 44 
122 I 45659185 44 
123 I 46063630 44 
124 I 46362133 44 
125 I 48165427 44 
126 I 48464996 44 
127 I 48766865 44 
128 I 49063403 44 
129 I 49360548 44 
130 I 49661848 44 
131 I 49964789 44 
132 I 50262741 44 
133 I 51460919 44 
134 I 51760834 44 
135 I 52062622 44 
136 I 52360795 44 
137 I 52661164 44 
138 I 53865533 44 
139 I 54163318 44 
140 I 54463112 44 
141 I 54865831 44 
142 I 55163914 44 
143 I 55463103 44 
144 I 55762422 44 
145 I 56065489 44 
146 I 56360558 44 
147 I 56660338 44 
148 I 56956308 44 
149 I 57257255 44 
150 I 57557833 44 
151 I 57860496 44 
152 I 58263929 44 
153 I 58559605 44 
154 I 58864382 44 
155 I 59161238 44 
156 I 59460108 44 
157 I 59764857 44 
158 I 60068073 44 
159 I 60366646 44 
160 I 60665695 44 
161 I 60967622 44 
162 I 61267380 44 
163 I 61664622 44 
164 I 61967742 44 
165 I 62268001 44 
166 I 62564899 44 
167 I 62867672 44 
168 I 63163232 44 
169 I 63458574 44 
170 I 63764671 44 
171 I 64063909 44 
172 I 64362639 44 
173 I 64662036 44 
174 I 64963337 44 
175 I 65262385 44 
176 I 65663041 44 
177 I 65963675 44 
178 I 66260329 44 
179 I 66558192 44 
180 I 66858351 44 
181 I 67156653 44 
182 I 67456804 44 
183 I 67756401 44 
184 I 68059148 44 
185 I 68355675 44 
186 I 68654039 44 
187 I 68957305 44 
188 I 69351871 44 
189 I 69650242 44 
190 I 69953640 44 
191 I 70254139 44 
192 I 70553813 44 
193 I 70858205 44 
194 I 71157099 44 
195 I 71758372 44 
196 I 72059663 44 
197 I 72355867 44 
198 I 72655450 44 
199 I 72958835 44 
200 I 73358062 44 
201 I 73656491 44 
202 I 73959402 44 
203 I 74556695 44 
204 I 74857425 44 
205 I 75189355 44 
206 I 75457361 44 
207 I 75958382 44 
208 I 76155268 44 
209 I 76454840 44 
210 I 76754916 44 
211 I 77054849 44 
212 I 77353146 44 
213 I 77653347 44 
214 I 77954260 44 
215 I 78254636 44 
216 I 78552625 44 
217 I 78853856 44 
218 I 79255791 44 
219 I 79556097 44 
220 I 80077445 44 
221 I 80437306 44 
222 I 80656709 44 
223 I 80960414 44 
224 I 81258888 44 
225 I 81558637 44 
226 I 82159313 44 
227 I 82457423 44 
228 I 82757380 44 
229 I 83118158 44 
230 I 83358479 44 
231 I 84027810 44 
232 I 84277174 44 
233 I 85162071 44 
234 I 85461131 44 
235 I 85759582 44 
236 I 86160164 44 
237 I 86455884 44 
238 I 86756356 44 
239 I 87057689 44 
240 I 87356206 44 
241 I 87681563 44 
242 I 88191492 44 
243 I 88462776 44 
244 I 88783100 56 
245 I 89703320 56 
246 I 90010413 56 
247 I 90321655 56 
248 I 90630855 56 
249 I 90940484 56 
250 I 91249929 56 
251 I 91560334 56 
252 I 91869367 56 
253 I 92180908 56 
254 I 92515219 56 
255 I 92842842 56 
256 I 93309987 44 
257 I 94961006 44 
258 I 95499284 44 
259 I 95909391 44 
260 I 96420740 44 
261 I 96651800 44 
262 I 96956783 44 
263 I 98554159 44 
264 I 98855495 44 
265 I 100056642 44 
266 I 100355364 44 
267 I 100655179 44 
268 I 100956013 44 
269 I 101255154 44 
270 I 101555545 44 
271 I 101854823 44 
272 I 102252193 44 
273 I 103753250 44 
274 I 104053766 44 
275 I 104353207 44 
276 I 104652126 44 
277 I 105054225 44 
278 I 105354544 44 
279 I 105651870 44 
280 I 105955395 44 
281 I 106463054 44 
282 I 106856271 44 
283 I 107156390 44 
284 I 107454694 44 
285 I 107756765 44 
286 I 108058163 44 
287 I 108453135 44 
288 I 108755277 44 
289 I 109057377 44 
290 I 109652757 44 
291 I 109956235 44 
292 I 110455475 44 
293 I 110750760 44 
294 I 111052802 44 
295 I 111351094 44 
296 I 111651974 44 
297 I 111954442 44 
298 I 112252292 44 
299 I 112787215 44 
300 I 112955601 44 
301 I 113253358 44 
302 I 113554314 44 
303 I 113854243 44 
304 I 114155921 44 
305 I 114557558 44 
306 I 114857285 44 
307 I 115156201 44 
308 I 115457644 44 
309 I 115762103 44 
310 I 116162557 44 
311 I 116559434 44 
312 I 116861738 44 
313 I 117165029 44 
314 I 117763232 44 
315 I 118063889 44 
316 I 118359053 44 
317 I 118655536 44 
318 I 119060874 44 
319 I 119361574 44 
320 I 119659117 44 
321 I 119963469 44 
322 I 120262157 44 
323 I 120560276 44 
324 I 120860466 44 
325 I 121160572 44 
326 I 121456961 44 
327 I 121858919 44 
328 I 122160608 44 
329 I 122461495 44 
330 I 122763313 44 
331 I 123062455 44 
332 I 123360192 44 
333 I 123659814 44 
334 I 123963289 44 
335 I 124261002 44 
336 I 124560163 44 
337 I 124864881 44 
338 I 125164031 44 
339 I 125561542 44 
340 I 125861085 44 
341 I 126161001 44 
342 I 126459995 44 
343 I 126761580 44 
344 I 127357296 44 
345 I 127661174 44 
346 I 127958922 44 
347 I 128255466 44 
348 I 128552060 44 
349 I 128853570 44 
350 I 129255390 44 
351 I 129557562 44 
352 I 129857157 44 
353 I 130160191 44 
354 I 130460327 44 
355 I 130760495 44 
356 I 131058722 44 
357 I 131357117 44 
358 I 131657022 44 
359 I 131960157 44 
360 I 132256312 44 
361 I 132553199 44 
362 I 132957269 44 
363 I 133255181 44 
364 I 133554404 44 
365 I 133852750 44 
366 I 134155944 44 
367 I 134455926 44 
368 I 135058669 44 
369 I 135357228 44 
370 I 135655469 44 
371 I 135956470 44 
372 I 136358947 44 
373 I 136660528 44 
374 I 136964448 44 
375 I 137260173 44 
376 I 137558674 44 
377 I 137859469 44 
378 I 138158421 44 
379 I 138459000 44 
380 I 138759482 44 
381 I 139062626 44 
382 I 139358480 44 
383 I 139658978 44 
384 I 140060674 44 
385 I 140356386 44 
386 I 140660554 44 
387 I 140962318 44 
388 I 141258442 44 
389 I 141558343 44 
390 I 141858878 44 
391 I 142154779 44 
392 I 142455415 44 
393 I 142758993 44 
394 I 143060688 44 
395 I 143358132 44 
396 I 143756844 44 
397 I 144057543 44 
398 I 144357512 44 
399 I 144658980 44 
400 I 144956401 44 
401 I 145255891 44 
402 I 145553309 44 
403 I 145854806 44 
404 I 146153200 44 
405 I 146451659 44 
406 I 147155480 44 
407 I 147451969 44 
408 I 147751620 44 
409 I 148049255 44 
410 I 148350754 44 
411 I 148650685 44 
412 I 148954751 44 
413 I 149250854 44 
414 I 149552250 44 
415 I 149854721 44 
416 I 150152914 44 
417 I 150451373 44 
418 I 150853418 44 
419 I 151153374 44 
420 I 151450920 44 
421 I 151754492 44 
422 I 152057171 44 
423 I 152354906 44 
424 I 152656129 44 
425 I 152958939 44 
426 I 153260544 44 
427 I 153557135 44 
428 I 153858259 44 
429 I 154159581 44 
430 I 154555927 44 
431 I 154856770 44 
432 I 155152182 44 
433 I 155450426 44 
434 I 155752980 44 
435 I 156054578 44 
436 I 156351474 44 
437 I 156651757 44 
438 I 156952966 44 
439 I 157254050 44 
440 I 157555930 44 
441 I 157958286 44 
442 I 158255237 44 
443 I 158553757 44 
444 I 158857948 44 
445 I 159156848 44 
446 I 159453458 44 
447 I 159753214 44 
448 I 160057046 44 
449 I 160355758 44 
450 I 160813150 44 
451 I 160845001 44 
452 I 161151837 44 
453 I 161457933 44 
454 I 161766255 44 
455 I 162073077 44 
456 I 162377583 44 
457 I 162995928 44 
458 I 163314506 44 
459 I 163622735 44 
460 I 163932799 44 
461 I 164241394 44 
462 I 164993392 44 
