0 I 0 44 
1 I 6013487 44 
2 I 11679490 52 
3 I 15883153 52 
4 I 21876099 52 
5 I 33880202 52 
6 I 52077374 52 
7 I 52077498 52 
8 I 52077911 52 
9 I 52078166 52 
10 I 55675830 52 
11 I 55675832 52 
12 I 56281518 52 
13 I 58063260 52 
14 I 61678913 52 
15 I 61678955 52 
16 I 62274101 52 
17 I 63345257 52 
18 I 65361873 52 
19 I 65361876 52 
20 I 65361876 52 
21 I 67794975 44 
22 I 67883575 52 
23 I 68480985 52 
24 I 69281525 52 
25 I 71920650 44 
26 I 72712859 52 
27 I 73685961 52 
28 I 73685964 52 
29 I 73881351 52 
30 I 74825058 52 
31 I 75927624 44 
32 I 76279704 52 
33 I 77879884 52 
34 I 82283304 52 
35 I 83966896 44 
36 I 84382297 44 
37 I 85867166 52 
38 I 88424412 52 
39 I 92282904 52 
40 I 92929061 44 
41 I 94281266 52 
42 I 97682079 52 
43 I 97682079 52 
44 I 98284455 52 
45 I 106284085 52 
46 I 107415791 44 
47 I 110074981 52 
48 I 110491645 52 
49 I 134472015 52 
50 I 143109463 52 
51 I 145889733 52 
52 I 145889734 52 
53 I 146485403 52 
54 I 152489664 52 
55 I 156167537 52 
56 I 157677788 44 
57 I 158273657 52 
58 I 159284679 52 
59 I 164481669 52 
60 I 165287966 52 
61 I 177480261 52 
62 I 182687999 52 
63 I 183880742 52 
64 I 183881130 52 
65 I 186846782 52 
66 I 186876644 52 
67 I 187674985 52 
68 I 188668476 52 
69 I 192877104 52 
70 I 193686033 52 
71 I 201485185 52 
72 I 204887823 52 
73 I 205675804 52 
74 I 229079227 52 
75 I 229881917 52 
76 I 236883892 52 
77 I 242670634 44 
78 I 249689186 52 
79 I 277275324 52 
80 I 278085696 52 
81 I 285421692 52 
82 I 288684831 52 
83 I 288951272 52 
84 I 292478881 52 
