0 I 0 52 
1 I 168717 44 
2 I 343840 44 
3 I 344992 44 
4 I 346259 52 
5 I 516779 44 
6 I 703557 44 
7 I 893036 44 
8 I 1080215 44 
9 I 1085910 44 
10 I 1262048 44 
11 I 1267307 44 
12 I 1277347 44 
13 I 1283035 44 
14 I 1444354 44 
15 I 1455201 44 
16 I 1466084 44 
17 I 1471530 44 
18 I 1479722 44 
19 I 1481376 44 
20 I 1648239 44 
21 I 1939110 52 
22 I 2107502 44 
23 I 2292213 44 
24 I 2293498 44 
25 I 2294775 52 
26 I 2465914 44 
27 I 2693549 44 
28 I 2881798 44 
29 I 2994171 44 
30 I 3071334 44 
31 I 3178668 44 
32 I 3183941 44 
33 I 3258662 44 
34 I 3263414 44 
35 I 3360876 44 
36 I 3371283 44 
37 I 3435269 44 
38 I 3440810 44 
39 I 3450914 44 
40 I 3456003 44 
41 I 3550451 44 
42 I 3560630 44 
43 I 3571305 44 
44 I 3615015 44 
45 I 3625795 44 
46 I 3630861 44 
47 I 3641651 44 
48 I 3646975 44 
49 I 3657490 44 
50 I 3728621 44 
51 I 3734279 44 
52 I 3744233 44 
53 I 3749410 44 
54 I 3760452 44 
55 I 3765457 44 
56 I 3794025 44 
57 I 3799182 44 
58 I 3812129 44 
59 I 3816652 44 
60 I 3827228 44 
61 I 3832697 44 
62 I 3843716 44 
63 I 3848815 44 
64 I 3859284 44 
65 I 3869428 44 
66 I 3919693 44 
67 I 3925576 44 
68 I 3935662 44 
69 I 3941218 44 
70 I 3951679 44 
71 I 3957896 44 
72 I 3967413 44 
73 I 3972682 44 
74 I 3983508 44 
75 I 3988718 44 
76 I 3999406 44 
77 I 4004793 44 
78 I 4015226 44 
79 I 4025819 44 
80 I 4031452 44 
81 I 4045892 44 
82 I 4047083 44 
83 I 4057687 44 
84 I 4063417 44 
85 I 4073385 44 
86 I 4078873 44 
87 I 4089432 44 
88 I 4094961 44 
89 I 4105393 44 
90 I 4110913 44 
91 I 4121198 44 
92 I 4127137 44 
93 I 4139313 44 
94 I 4145148 44 
95 I 4155043 44 
96 I 4160008 44 
97 I 4171457 44 
98 I 4176154 44 
99 I 4186791 44 
100 I 4197588 44 
101 I 4208706 44 
102 I 4213411 44 
103 I 4224519 44 
104 I 4230131 44 
105 I 4240361 44 
106 I 4245287 44 
107 I 4255963 44 
108 I 4266414 44 
109 I 4271770 44 
110 I 4282501 44 
111 I 4287496 44 
112 I 4298263 44 
113 I 4304230 44 
114 I 4313895 44 
115 I 4319306 44 
116 I 4330474 44 
117 I 4335298 44 
118 I 4345717 44 
119 I 4351376 44 
120 I 4361750 44 
121 I 4367290 44 
122 I 4377812 44 
123 I 4383070 44 
124 I 4393520 44 
125 I 4398760 44 
126 I 4409554 44 
127 I 4414657 44 
128 I 4425264 44 
129 I 4436304 44 
130 I 4447313 44 
131 I 4452026 44 
132 I 4462902 44 
133 I 4467810 44 
134 I 4478360 44 
135 I 4483660 44 
136 I 4494218 44 
137 I 4500255 44 
138 I 4510237 44 
139 I 4515681 44 
140 I 4527595 44 
141 I 4531471 44 
142 I 4542476 44 
143 I 4547472 44 
144 I 4557828 44 
145 I 4563294 44 
146 I 4573931 44 
147 I 4579672 44 
148 I 4591117 44 
149 I 4595397 44 
150 I 4606427 44 
151 I 4611559 44 
152 I 4622816 44 
153 I 4628380 44 
154 I 4639338 44 
155 I 4645143 44 
156 I 4655443 44 
157 I 4660470 44 
158 I 4670891 44 
159 I 4681725 44 
160 I 4692373 44 
161 I 4703024 44 
162 I 4708413 44 
163 I 4719372 44 
164 I 4724187 44 
165 I 4735563 44 
166 I 4740878 44 
167 I 4751330 44 
168 I 4756710 44 
169 I 4767427 44 
170 I 4772550 44 
171 I 4783059 44 
172 I 4788494 44 
173 I 4799233 44 
174 I 4805642 44 
175 I 4815693 44 
176 I 4820187 44 
177 I 4831038 44 
178 I 4836185 44 
179 I 4846912 44 
180 I 4852083 44 
181 I 4862797 44 
182 I 4868135 44 
183 I 4878602 44 
184 I 4883763 44 
185 I 4894600 44 
186 I 4900579 44 
187 I 4910375 44 
188 I 4921076 44 
189 I 4931685 44 
190 I 4941862 44 
191 I 4947883 44 
192 I 4957985 44 
193 I 4963241 44 
194 I 4974069 44 
195 I 4979346 44 
196 I 4989737 44 
197 I 4995129 44 
198 I 5006204 44 
199 I 5010824 44 
200 I 5021829 44 
201 I 5027638 44 
202 I 5038532 44 
203 I 5043606 44 
204 I 5054139 44 
205 I 5059974 44 
206 I 5070011 44 
207 I 5075414 44 
208 I 5085863 44 
209 I 5091220 44 
210 I 5101834 44 
211 I 5107195 44 
212 I 5117033 44 
213 I 5123057 44 
214 I 5133625 44 
215 I 5138963 44 
216 I 5149558 44 
217 I 5160166 44 
218 I 5171018 44 
219 I 5181400 44 
220 I 5186724 44 
221 I 5197564 44 
222 I 5204152 44 
223 I 5212934 44 
224 I 5218781 44 
225 I 5228952 44 
226 I 5234522 44 
227 I 5244638 44 
228 I 5250546 44 
229 I 5260652 44 
230 I 5265938 44 
231 I 5276733 44 
232 I 5282009 44 
233 I 5292537 44 
234 I 5298166 44 
235 I 5308675 44 
236 I 5313580 44 
237 I 5324305 44 
238 I 5330082 44 
239 I 5340448 44 
240 I 5345649 44 
241 I 5356397 44 
242 I 5362115 44 
243 I 5372241 44 
244 I 5377286 44 
245 I 5388031 44 
246 I 5399229 44 
247 I 5409484 44 
248 I 5419930 44 
249 I 5425220 44 
250 I 5435689 44 
251 I 5441842 44 
252 I 5451438 44 
253 I 5456992 44 
254 I 5467749 44 
255 I 5474250 44 
256 I 5485185 44 
257 I 5491015 44 
258 I 5501228 44 
259 I 5506566 44 
260 I 5517334 44 
261 I 5522617 44 
262 I 5533125 44 
263 I 5538044 44 
264 I 5549755 44 
265 I 5555455 44 
266 I 5565415 44 
267 I 5570672 44 
268 I 5581977 44 
269 I 5587297 44 
270 I 5597253 44 
271 I 5610209 44 
272 I 5613514 44 
273 I 5618445 44 
274 I 5629420 44 
275 I 5639588 44 
276 I 5650283 44 
277 I 5655392 44 
278 I 5666637 44 
279 I 5672308 44 
280 I 5682720 44 
281 I 5687964 44 
282 I 5698736 44 
283 I 5703895 44 
284 I 5714584 44 
285 I 5719687 44 
286 I 5730610 44 
287 I 5736255 44 
288 I 5746512 44 
289 I 5751928 44 
290 I 5762443 44 
291 I 5767589 44 
292 I 5778435 44 
293 I 5783522 44 
294 I 5793999 44 
295 I 5799589 44 
296 I 5810015 44 
297 I 5815467 44 
298 I 5825738 44 
299 I 5831440 44 
300 I 5841694 44 
301 I 5847288 44 
302 I 5857567 44 
303 I 5863227 44 
304 I 5873558 44 
305 I 5879110 44 
306 I 5889475 44 
307 I 5894708 44 
308 I 5905370 44 
309 I 5910752 44 
310 I 5921385 44 
311 I 5926435 44 
312 I 5937312 44 
313 I 5942380 44 
314 I 5952943 44 
315 I 5958193 44 
316 I 5969086 44 
317 I 5974227 44 
318 I 5984919 44 
319 I 5990357 44 
320 I 6000802 44 
321 I 6006225 44 
322 I 6016744 44 
323 I 6022201 44 
324 I 6032812 44 
325 I 6037727 44 
326 I 6048781 44 
327 I 6053845 44 
328 I 6064362 44 
329 I 6070108 44 
330 I 6080628 44 
331 I 6085626 44 
332 I 6096443 44 
333 I 6101731 44 
334 I 6112274 44 
335 I 6117485 44 
336 I 6128427 44 
337 I 6133305 44 
338 I 6143856 44 
339 I 6149154 44 
340 I 6159824 44 
341 I 6164890 44 
342 I 6175927 44 
343 I 6180848 44 
344 I 6191738 44 
345 I 6196715 44 
346 I 6207529 44 
347 I 6212793 44 
348 I 6223513 44 
349 I 6228767 44 
350 I 6239338 44 
351 I 6244568 44 
352 I 6255437 44 
353 I 6261042 44 
354 I 6272661 44 
355 I 6278358 44 
356 I 6288516 44 
357 I 6294288 44 
358 I 6304918 44 
359 I 6310533 44 
360 I 6320920 44 
361 I 6326247 44 
362 I 6336768 44 
363 I 6342136 44 
364 I 6352417 44 
365 I 6357841 44 
366 I 6368912 44 
367 I 6374833 44 
368 I 6384928 44 
369 I 6390215 44 
370 I 6401042 44 
371 I 6406373 44 
372 I 6416785 44 
373 I 6421908 44 
374 I 6432776 44 
375 I 6437929 44 
376 I 6448580 44 
377 I 6454463 44 
378 I 6464592 44 
379 I 6469914 44 
380 I 6480653 44 
381 I 6485895 44 
382 I 6496227 44 
383 I 6501510 44 
384 I 6512260 44 
385 I 6517699 44 
386 I 6527956 44 
387 I 6533868 44 
388 I 6544269 44 
389 I 6549585 44 
390 I 6560126 44 
391 I 6565489 44 
392 I 6579199 44 
393 I 6580887 44 
394 I 6591683 44 
395 I 6602338 44 
396 I 6613203 44 
397 I 6623776 44 
398 I 6628958 44 
399 I 6639631 44 
400 I 6645322 44 
401 I 6655203 44 
402 I 6660551 44 
403 I 6671185 44 
404 I 6676439 44 
405 I 6687088 44 
406 I 6692523 44 
407 I 6703189 44 
408 I 6708401 44 
409 I 6719754 44 
410 I 6724258 44 
411 I 6734733 44 
412 I 6740133 44 
413 I 6750940 44 
414 I 6756047 44 
415 I 6766666 44 
416 I 6772422 44 
417 I 6782591 44 
418 I 6787734 44 
419 I 6798709 44 
420 I 6803824 44 
421 I 6814668 44 
422 I 6819491 44 
423 I 6830199 44 
424 I 6840848 44 
425 I 6851490 44 
426 I 6861892 44 
427 I 6868004 44 
428 I 6878073 44 
429 I 6883447 44 
430 I 6893885 44 
431 I 6899093 44 
432 I 6909920 44 
433 I 6916260 44 
434 I 6925678 44 
435 I 6931601 44 
436 I 6941740 44 
437 I 6946786 44 
438 I 6957523 44 
439 I 6962891 44 
440 I 6973531 44 
441 I 6978659 44 
442 I 6989441 44 
443 I 6995269 44 
444 I 7005455 44 
445 I 7010456 44 
446 I 7021206 44 
447 I 7026439 44 
448 I 7037045 44 
449 I 7042704 44 
450 I 7052993 44 
451 I 7058164 44 
452 I 7069015 44 
453 I 7079337 44 
454 I 7090072 44 
455 I 7100516 44 
456 I 7105901 44 
457 I 7116621 44 
458 I 7122075 44 
459 I 7132302 44 
460 I 7138619 44 
461 I 7148858 44 
462 I 7154429 44 
463 I 7164902 44 
464 I 7169991 44 
465 I 7180717 44 
466 I 7185865 44 
467 I 7196572 44 
468 I 7201721 44 
469 I 7212540 44 
470 I 7217842 44 
471 I 7228528 44 
472 I 7234130 44 
473 I 7244401 44 
474 I 7249505 44 
475 I 7260386 44 
476 I 7265827 44 
477 I 7276216 44 
478 I 7281273 44 
479 I 7291468 44 
480 I 7297355 44 
481 I 7307902 44 
482 I 7318337 44 
483 I 7329610 44 
484 I 7334330 44 
485 I 7345433 44 
486 I 7350191 44 
487 I 7360486 44 
488 I 7366319 44 
489 I 7376293 44 
490 I 7382346 44 
491 I 7392865 44 
492 I 7398146 44 
493 I 7408654 44 
494 I 7414053 44 
495 I 7424578 44 
496 I 7429477 44 
497 I 7440437 44 
498 I 7445774 44 
499 I 7456279 44 
500 I 7461608 44 
501 I 7472116 44 
502 I 7477741 44 
503 I 7488011 44 
504 I 7493237 44 
505 I 7504073 44 
506 I 7509116 44 
507 I 7520265 44 
508 I 7525327 44 
509 I 7535868 44 
510 I 7540804 44 
511 I 7551929 44 
512 I 7557133 44 
513 I 7567710 44 
514 I 7572764 44 
515 I 7583574 44 
516 I 7588990 44 
517 I 7599355 44 
518 I 7604759 44 
519 I 7614695 44 
520 I 7620596 44 
521 I 7631756 44 
522 I 7636706 44 
523 I 7647163 44 
524 I 7652545 44 
525 I 7663088 44 
526 I 7668466 44 
527 I 7678753 44 
528 I 7684708 44 
529 I 7694934 44 
530 I 7699673 44 
531 I 7710692 44 
532 I 7716220 44 
533 I 7726690 44 
534 I 7734885 44 
535 I 7744539 44 
536 I 7749818 44 
537 I 7760695 44 
538 I 7766127 44 
539 I 7776301 44 
540 I 7781478 44 
541 I 7792286 44 
542 I 7797553 44 
543 I 7808982 44 
544 I 7814042 44 
545 I 7824758 44 
546 I 7830070 44 
547 I 7841026 44 
548 I 7845870 44 
549 I 7857105 44 
550 I 7861941 44 
551 I 7872622 44 
552 I 7877577 44 
553 I 7888322 44 
554 I 7893653 44 
555 I 7904406 44 
556 I 7909535 44 
557 I 7920196 44 
558 I 7925429 44 
559 I 7936183 44 
560 I 7941331 44 
561 I 7951979 44 
562 I 7957487 44 
563 I 7967662 44 
564 I 7973073 44 
565 I 7983554 44 
566 I 7989149 44 
567 I 7999697 44 
568 I 8004982 44 
569 I 8015560 44 
570 I 8021103 44 
571 I 8031315 44 
572 I 8036591 44 
573 I 8047503 44 
574 I 8053088 44 
575 I 8063157 44 
576 I 8068554 44 
577 I 8079115 44 
578 I 8084481 44 
579 I 8095098 44 
580 I 8100671 44 
581 I 8111313 44 
582 I 8116160 44 
583 I 8126872 44 
584 I 8131970 44 
585 I 8142606 44 
586 I 8148063 44 
587 I 8158697 44 
588 I 8163941 44 
589 I 8174618 44 
590 I 8179817 44 
591 I 8190350 44 
592 I 8195624 44 
593 I 8206275 44 
594 I 8211663 44 
595 I 8222376 44 
596 I 8227653 44 
597 I 8238132 44 
598 I 8243407 44 
599 I 8253965 44 
600 I 8261413 44 
601 I 8269778 44 
602 I 8280639 44 
603 I 8291040 44 
604 I 8301704 44 
605 I 8307361 44 
606 I 8318653 44 
607 I 8322743 44 
608 I 8334041 44 
609 I 8339316 44 
610 I 8349303 44 
611 I 8354575 44 
612 I 8365417 44 
613 I 8370569 44 
614 I 8381651 44 
615 I 8386371 44 
616 I 8397179 44 
617 I 8402228 44 
618 I 8413435 44 
619 I 8418986 44 
620 I 8429085 44 
621 I 8434947 44 
622 I 8445619 44 
623 I 8450778 44 
624 I 8460431 44 
625 I 8466711 44 
626 I 8477311 44 
627 I 8484745 44 
628 I 8495223 44 
629 I 8499991 44 
630 I 8510233 44 
631 I 8521733 44 
632 I 8531851 44 
633 I 8542936 44 
634 I 8548202 44 
635 I 8558753 44 
636 I 8563447 44 
637 I 8574748 44 
638 I 8579759 44 
639 I 8589839 44 
640 I 8595160 44 
641 I 8607748 44 
642 I 8612123 44 
643 I 8622710 44 
644 I 8627620 44 
645 I 8638259 44 
646 I 8642996 44 
647 I 8653703 44 
648 I 8659406 44 
649 I 8670203 44 
650 I 8675505 44 
651 I 8686018 44 
652 I 8691533 44 
653 I 8702039 44 
654 I 8707051 44 
655 I 8717951 44 
656 I 8723350 44 
657 I 8733429 44 
658 I 8739037 44 
659 I 8749519 44 
660 I 8760241 44 
661 I 8771455 44 
662 I 8782011 44 
663 I 8787398 44 
664 I 8797770 44 
665 I 8803346 44 
666 I 8813647 44 
667 I 8819211 44 
668 I 8830960 44 
669 I 8835588 44 
670 I 8846367 44 
671 I 8851426 44 
672 I 8862237 44 
673 I 8867621 44 
674 I 8878017 44 
675 I 8883470 44 
676 I 8894182 44 
677 I 8899850 44 
678 I 8910511 44 
679 I 8915845 44 
680 I 8926390 44 
681 I 8931808 44 
682 I 8942288 44 
683 I 8947492 44 
684 I 8958441 44 
685 I 8963665 44 
686 I 8974221 44 
687 I 8979249 44 
688 I 8990338 44 
689 I 9000567 44 
690 I 9011340 44 
691 I 9021697 44 
692 I 9027261 44 
693 I 9037679 44 
694 I 9043299 44 
695 I 9054319 44 
696 I 9064873 44 
697 I 9070044 44 
698 I 9075654 44 
699 I 9086231 44 
700 I 9091151 44 
701 I 9102170 44 
702 I 9107242 44 
703 I 9117828 44 
704 I 9123132 44 
705 I 9134393 44 
706 I 9140650 44 
707 I 9151120 44 
708 I 9156262 44 
709 I 9166783 44 
710 I 9172249 44 
711 I 9183016 44 
712 I 9188412 44 
713 I 9199013 44 
714 I 9204076 44 
715 I 9214799 44 
716 I 9219775 44 
717 I 9230656 44 
718 I 9241030 44 
719 I 9251842 44 
720 I 9257224 44 
721 I 9267650 44 
722 I 9272760 44 
723 I 9283618 44 
724 I 9288892 44 
725 I 9299437 44 
726 I 9304707 44 
727 I 9315443 44 
728 I 9320503 44 
729 I 9331414 44 
730 I 9336669 44 
731 I 9347525 44 
732 I 9352405 44 
733 I 9363308 44 
734 I 9368648 44 
735 I 9378832 44 
736 I 9386480 44 
737 I 9395912 44 
738 I 9401303 44 
739 I 9411892 44 
740 I 9417452 44 
741 I 9428597 44 
742 I 9433433 44 
743 I 9444511 44 
744 I 9450418 44 
745 I 9460345 44 
746 I 9465764 44 
747 I 9475527 44 
748 I 9481583 44 
749 I 9491672 44 
750 I 9497534 44 
751 I 9508050 44 
752 I 9513203 44 
753 I 9524187 44 
754 I 9529186 44 
755 I 9539851 44 
756 I 9545343 44 
757 I 9555179 44 
758 I 9561110 44 
759 I 9571152 44 
760 I 9578308 44 
761 I 9587134 44 
762 I 9592840 44 
763 I 9602900 44 
764 I 9608932 44 
765 I 9619451 44 
766 I 9624898 44 
767 I 9635139 44 
768 I 9640583 44 
769 I 9652938 44 
770 I 9656278 44 
771 I 9667020 44 
772 I 9672095 44 
773 I 9682952 44 
774 I 9687670 44 
775 I 9698759 44 
776 I 9704415 44 
777 I 9714809 44 
778 I 9719945 44 
779 I 9732504 44 
780 I 9738501 44 
781 I 9748712 44 
782 I 9753734 44 
783 I 9764586 44 
784 I 9770145 44 
785 I 9780397 44 
786 I 9785687 44 
787 I 9795746 44 
788 I 9801641 44 
789 I 9811600 44 
790 I 9817689 44 
791 I 9828197 44 
792 I 9833300 44 
793 I 9843355 44 
794 I 9849468 44 
795 I 9859378 44 
796 I 9865110 44 
797 I 9875181 44 
798 I 9881173 44 
799 I 9891813 44 
800 I 9897145 44 
801 I 9908176 44 
802 I 9913166 44 
803 I 9923632 44 
804 I 9928315 44 
805 I 9939086 44 
806 I 9944327 44 
807 I 9954619 44 
808 I 9965713 44 
809 I 9976612 44 
810 I 9987305 44 
811 I 9992189 44 
812 I 10002995 44 
813 I 10007751 44 
814 I 10019063 44 
815 I 10023995 44 
816 I 10034249 44 
817 I 10040161 44 
818 I 10050880 44 
819 I 10056346 44 
820 I 10066521 44 
821 I 10071786 44 
822 I 10082516 44 
823 I 10087039 44 
824 I 10098019 44 
825 I 10103568 44 
826 I 10113588 44 
827 I 10119586 44 
828 I 10129647 44 
829 I 10135620 44 
830 I 10145113 44 
831 I 10151321 44 
832 I 10162003 44 
833 I 10166738 44 
834 I 10177794 44 
835 I 10182660 44 
836 I 10193211 44 
837 I 10204364 44 
838 I 10214324 44 
839 I 10225631 44 
840 I 10230872 44 
841 I 10241465 44 
842 I 10246123 44 
843 I 10256901 44 
844 I 10262568 44 
845 I 10273022 44 
846 I 10278033 44 
847 I 10289254 44 
848 I 10294508 44 
849 I 10304988 44 
850 I 10310462 44 
851 I 10321094 44 
852 I 10325926 44 
853 I 10336383 44 
854 I 10342237 44 
855 I 10352128 44 
856 I 10357348 44 
857 I 10368202 44 
858 I 10374083 44 
859 I 10384043 44 
860 I 10389323 44 
861 I 10401167 44 
862 I 10405166 44 
863 I 10416210 44 
864 I 10421070 44 
865 I 10432393 44 
866 I 10443157 44 
867 I 10452974 44 
868 I 10464105 44 
869 I 10469261 44 
870 I 10480013 44 
871 I 10485557 44 
872 I 10495828 44 
873 I 10500911 44 
874 I 10511102 44 
875 I 10516836 44 
876 I 10527908 44 
877 I 10533172 44 
878 I 10542894 44 
879 I 10548809 44 
880 I 10559623 44 
881 I 10565254 44 
882 I 10575326 44 
883 I 10580599 44 
884 I 10590738 44 
885 I 10596766 44 
886 I 10606772 44 
887 I 10612619 44 
888 I 10623103 44 
889 I 10628334 44 
890 I 10639043 44 
891 I 10643934 44 
892 I 10655489 44 
893 I 10660276 44 
894 I 10671869 44 
895 I 10681394 44 
896 I 10691416 44 
897 I 10702601 44 
898 I 10707964 44 
899 I 10718509 44 
900 I 10724321 44 
901 I 10734531 44 
902 I 10739670 44 
903 I 10749492 44 
904 I 10755600 44 
905 I 10765730 44 
906 I 10771508 44 
907 I 10782175 44 
908 I 10787388 44 
909 I 10797436 44 
910 I 10803341 44 
911 I 10813885 44 
912 I 10819240 44 
913 I 10829301 44 
914 I 10835040 44 
915 I 10845268 44 
916 I 10850965 44 
917 I 10861058 44 
918 I 10867086 44 
919 I 10877653 44 
920 I 10882986 44 
921 I 10893450 44 
922 I 10898122 44 
923 I 10908440 44 
924 I 10919991 44 
925 I 10931208 44 
926 I 10936702 44 
927 I 10948167 44 
928 I 10953238 44 
929 I 10964206 44 
930 I 10969551 44 
931 I 10980216 44 
932 I 10985615 44 
933 I 10996208 44 
934 I 11001226 44 
935 I 11012770 44 
936 I 11017494 44 
937 I 11027712 44 
938 I 11032611 44 
939 I 11043095 44 
940 I 11048342 44 
941 I 11059563 44 
942 I 11064489 44 
943 I 11075445 44 
944 I 11081107 44 
945 I 11092084 44 
946 I 11095853 44 
947 I 11107154 44 
948 I 11112482 44 
949 I 11123787 44 
950 I 11128789 44 
951 I 11139053 44 
952 I 11145012 44 
953 I 11154494 44 
954 I 11160373 44 
955 I 11171168 44 
956 I 11175438 44 
957 I 11186334 44 
958 I 11191962 44 
959 I 11202068 44 
960 I 11208317 44 
961 I 11218600 44 
962 I 11224157 44 
963 I 11234816 44 
964 I 11239746 44 
965 I 11250810 44 
966 I 11255962 44 
967 I 11266325 44 
968 I 11271523 44 
969 I 11282278 44 
970 I 11287665 44 
971 I 11297842 44 
972 I 11303656 44 
973 I 11314125 44 
974 I 11319301 44 
975 I 11330096 44 
976 I 11335308 44 
977 I 11346085 44 
978 I 11351097 44 
979 I 11362407 44 
980 I 11366926 44 
981 I 11377494 44 
982 I 11383004 44 
983 I 11393714 44 
984 I 11398934 44 
985 I 11410275 44 
986 I 11414804 44 
987 I 11428117 44 
988 I 11430519 44 
989 I 11441568 44 
990 I 11446601 44 
991 I 11458339 44 
992 I 11465170 44 
993 I 11474030 44 
994 I 11479076 44 
995 I 11490362 44 
996 I 11495740 44 
997 I 11507816 44 
998 I 11513615 44 
999 I 11524540 44 
1000 I 11530212 44 
1001 I 11547484 44 
1002 I 11553130 44 
1003 I 11563178 44 
1004 I 11568612 44 
1005 I 11579228 44 
1006 I 11584463 44 
1007 I 11595256 44 
1008 I 11600515 44 
1009 I 11610302 44 
1010 I 11616133 44 
1011 I 11617600 44 
1012 I 11790931 44 
