0 I 0 66 
1 I 186226 90 
2 I 867131 56 
3 I 1422100 44 
4 I 2029009 44 
5 I 2599872 56 
6 I 2606253 56 
7 I 3149769 56 
8 I 3304834 56 
9 I 3708901 56 
10 I 3710466 56 
11 I 6921972 44 
12 I 12322400 44 
13 I 12924503 56 
14 I 13488820 56 
15 I 14075400 56 
16 I 14815237 56 
17 I 33538192 44 
18 I 34259164 44 
19 I 34820786 56 
20 I 35418961 56 
21 I 37470549 44 
22 I 38118964 44 
23 I 38674636 56 
24 I 41290050 44 
25 I 41840229 44 
26 I 46967386 44 
27 I 78144856 44 
28 I 78693315 56 
29 I 120349086 44 
30 I 120877623 44 
31 I 121383907 44 
32 I 121938420 56 
33 I 122419354 56 
34 I 123116097 56 
35 I 124634464 44 
36 I 125123995 44 
37 I 125775028 44 
38 I 128003356 44 
39 I 128511264 44 
40 I 129064904 56 
41 I 129066091 44 
42 I 129582936 44 
43 I 129584967 56 
44 I 130123019 64 
45 I 130126255 64 
46 I 130773086 64 
47 I 132899548 56 
48 I 133416726 44 
49 I 133423946 44 
50 I 133945080 44 
51 I 134454002 44 
52 I 134982033 56 
53 I 134998393 56 
54 I 136257783 44 
55 I 136900751 44 
56 I 137394398 56 
57 I 137919033 56 
58 I 138600304 56 
59 I 141694789 44 
60 I 142384500 44 
61 I 142894667 56 
62 I 144117037 44 
63 I 144614866 44 
64 I 145159740 44 
65 I 145633698 44 
66 I 146104534 56 
67 I 147282311 44 
68 I 147950088 44 
69 I 148417727 56 
70 I 148888219 56 
71 I 149488384 56 
72 I 152317280 44 
73 I 152803519 56 
74 I 157565258 44 
75 I 158099363 44 
76 I 158596060 44 
77 I 159105339 44 
78 I 159632076 44 
79 I 159786296 44 
80 I 160152225 44 
81 I 160505711 44 
82 I 161014913 44 
83 I 161092011 44 
84 I 161542240 56 
85 I 161548241 56 
86 I 161732023 64 
87 I 161735082 64 
88 I 161985205 64 
89 I 162073772 64 
90 I 162075216 56 
91 I 162268098 56 
92 I 162786063 56 
93 I 163886942 44 
94 I 164380321 56 
95 I 164908472 56 
96 I 165605494 56 
97 I 246695246 44 
98 I 247156315 44 
