0 I 0 44 
1 I 3161856 52 
2 I 6202314 44 
3 I 10524233 44 
4 I 10527413 44 
5 I 10530427 44 
6 I 10535131 44 
7 I 15579694 52 
8 I 34868904 44 
9 I 44252824 52 
10 I 49647867 44 
11 I 49647913 44 
12 I 49650356 44 
13 I 49655278 44 
14 I 54644196 52 
15 I 57565669 52 
16 I 59773941 44 
17 I 85168198 44 
18 I 89831834 52 
19 I 97361211 44 
20 I 114862966 44 
21 I 118737606 44 
22 I 118737696 44 
23 I 118741030 44 
24 I 118746669 44 
25 I 123800198 52 
26 I 133726560 44 
27 I 143824847 52 
28 I 150421072 44 
29 I 155255750 44 
30 I 155255769 44 
31 I 155285004 44 
32 I 155289660 44 
33 I 160236830 52 
34 I 181490689 44 
35 I 184423730 52 
36 I 213010876 44 
37 I 213010884 44 
38 I 213016116 44 
39 I 213020749 44 
40 I 217985152 52 
41 I 229243283 44 
42 I 242664568 44 
43 I 266891939 44 
