0 I 0 44 
1 I 816546 44 
2 I 816824 44 
3 I 848297 52 
4 I 1573678 52 
5 I 1806527 44 
6 I 2203848 52 
7 I 2434025 44 
8 I 2434225 44 
9 I 3788994 44 
10 I 3789353 44 
11 I 3877927 52 
12 I 3879097 52 
13 I 3968207 44 
14 I 4219624 52 
15 I 4276225 44 
16 I 4468207 44 
17 I 5052808 52 
18 I 5447953 52 
19 I 5838502 44 
20 I 5838526 44 
21 I 6237583 52 
22 I 6596930 44 
23 I 6597079 44 
24 I 6972233 44 
25 I 7163625 44 
26 I 7243589 52 
27 I 7748108 52 
28 I 8871617 44 
29 I 8871764 44 
30 I 8879971 52 
31 I 8969134 44 
32 I 9131524 44 
33 I 9239140 44 
34 I 9239180 44 
35 I 9383347 52 
36 I 10225464 44 
37 I 10884158 52 
38 I 11693704 44 
39 I 11705505 52 
40 I 11871338 44 
41 I 11871857 44 
42 I 11971242 44 
43 I 12246994 44 
44 I 12255499 52 
45 I 12698207 44 
46 I 12698574 44 
47 I 12972518 44 
48 I 13002633 44 
49 I 13343925 44 
50 I 13413359 44 
51 I 13443083 44 
52 I 13887637 44 
53 I 13887742 44 
54 I 13987622 52 
55 I 14208936 52 
56 I 14380016 52 
57 I 14420656 44 
58 I 14728178 44 
59 I 14812523 44 
60 I 14812851 44 
61 I 16406594 44 
62 I 16663746 1504 
63 I 16885643 44 
64 I 16886025 44 
65 I 17012461 52 
66 I 17332924 44 
67 I 17431837 52 
68 I 17844876 52 
69 I 17988238 1504 
70 I 17988400 1504 
71 I 18134165 52 
72 I 18515023 52 
73 I 18968758 44 
74 I 18976705 44 
75 I 18976925 44 
76 I 19036002 52 
77 I 19182898 44 
78 I 19272993 1504 
79 I 19273034 936 
80 I 19553622 52 
81 I 19585201 44 
82 I 19585326 44 
83 I 19589821 44 
84 I 19590044 44 
85 I 19953028 52 
86 I 19982589 44 
87 I 20585202 1504 
88 I 20585449 1504 
89 I 20585699 1220 
90 I 20738232 44 
91 I 20972921 44 
92 I 21345947 44 
93 I 21491194 52 
94 I 21533827 44 
95 I 21916388 1504 
96 I 21950750 52 
97 I 21968561 44 
98 I 21993819 52 
99 I 22052041 44 
100 I 22277816 44 
101 I 23049844 44 
102 I 23256742 1504 
103 I 23431075 44 
104 I 23431076 44 
105 I 23450472 44 
106 I 23450472 44 
107 I 23704206 44 
108 I 24397472 52 
109 I 24579034 1504 
110 I 24827820 52 
111 I 24827821 52 
112 I 24894575 44 
113 I 24894910 44 
114 I 24912952 52 
115 I 24936595 44 
116 I 24968698 44 
117 I 25400566 44 
118 I 25476921 44 
119 I 25507806 44 
120 I 25921828 1220 
121 I 25922585 1504 
122 I 26404310 44 
123 I 26407825 44 
124 I 26639047 52 
125 I 26805242 44 
126 I 26805501 44 
127 I 27325175 52 
128 I 27343362 44 
129 I 27344242 44 
130 I 27344520 44 
131 I 27509600 52 
132 I 28718070 52 
133 I 28847194 44 
134 I 29535596 44 
135 I 29970870 44 
136 I 29970960 44 
137 I 30155505 44 
138 I 30164575 44 
139 I 30222992 52 
140 I 30444234 1504 
141 I 30464787 44 
142 I 30725586 52 
143 I 30726859 52 
144 I 30821072 52 
145 I 31760121 52 
146 I 31851810 44 
147 I 31888863 44 
148 I 31889165 44 
149 I 32176995 52 
150 I 32549014 44 
151 I 32549429 44 
152 I 32693690 44 
153 I 32693934 44 
154 I 32774541 52 
155 I 33597384 44 
156 I 33637360 44 
157 I 33637483 44 
158 I 33662392 52 
159 I 34261801 44 
160 I 34308082 44 
161 I 34893335 44 
162 I 34895335 52 
163 I 34971572 44 
164 I 35199716 44 
165 I 35411826 52 
166 I 35657330 44 
167 I 35657567 44 
168 I 35688759 44 
169 I 35752557 44 
170 I 35752815 44 
171 I 35774749 52 
172 I 36969190 44 
173 I 37134869 52 
174 I 37178514 44 
175 I 37301130 44 
176 I 37301390 44 
177 I 37686247 44 
178 I 37884622 52 
179 I 37971944 44 
180 I 37972803 52 
181 I 38212075 44 
182 I 38212186 44 
183 I 38911113 52 
184 I 38973702 44 
185 I 39498083 1504 
186 I 39596194 52 
187 I 39596452 44 
188 I 39597610 44 
189 I 39971795 44 
190 I 39972175 44 
191 I 40090246 44 
192 I 40100127 44 
193 I 40483336 52 
194 I 40904707 44 
195 I 40970098 44 
196 I 41035276 52 
197 I 41118094 52 
198 I 41311916 44 
199 I 41686137 44 
200 I 41686209 44 
201 I 41878685 44 
202 I 41879051 44 
203 I 41910243 52 
204 I 41922980 44 
205 I 42516256 44 
206 I 42664231 52 
207 I 42753960 44 
208 I 42754369 44 
209 I 42817222 44 
210 I 42971018 44 
211 I 43416580 44 
212 I 43419101 52 
213 I 43584858 52 
214 I 44139400 44 
215 I 44358520 44 
216 I 44517351 44 
217 I 44518660 44 
218 I 45051710 52 
219 I 45532049 52 
220 I 45893307 44 
221 I 45893563 44 
222 I 45970022 44 
223 I 46015138 44 
224 I 46744443 52 
225 I 46970905 44 
226 I 47048296 52 
227 I 47247938 52 
228 I 47378121 44 
229 I 47599030 44 
230 I 47599228 44 
231 I 47844478 52 
232 I 48033708 52 
233 I 48501199 44 
234 I 48501298 44 
235 I 48628797 44 
236 I 48750552 44 
237 I 48951732 44 
238 I 48972870 44 
239 I 49610652 52 
240 I 49729882 52 
241 I 50431512 44 
242 I 50464804 44 
243 I 50465244 44 
244 I 50963123 52 
245 I 51020844 44 
246 I 51222376 52 
247 I 51293874 52 
248 I 51492993 44 
249 I 51603515 44 
250 I 51603517 44 
251 I 51768870 44 
252 I 51939171 44 
253 I 51939316 44 
254 I 51970511 44 
255 I 52140608 44 
256 I 52239079 44 
257 I 52558739 44 
258 I 52672617 44 
259 I 52672628 44 
260 I 52685772 52 
261 I 52977200 52 
262 I 53484728 44 
263 I 53485051 44 
264 I 53982912 52 
265 I 54173132 44 
266 I 54479249 44 
267 I 54479557 44 
268 I 54703831 44 
269 I 54973314 44 
270 I 55193569 44 
271 I 55221706 44 
272 I 55222125 44 
273 I 55222449 1504 
274 I 55222583 1504 
275 I 55648163 44 
276 I 55691133 52 
277 I 55948074 52 
278 I 56395150 44 
279 I 56772717 44 
280 I 56956099 44 
281 I 57069528 44 
282 I 57191695 52 
283 I 57205937 44 
284 I 57542586 52 
285 I 57632097 52 
286 I 57742844 52 
287 I 58103348 52 
288 I 58202410 52 
289 I 58806705 44 
290 I 58895163 44 
291 I 59055951 52 
292 I 59970249 44 
293 I 60021266 52 
294 I 60049709 44 
295 I 60116805 52 
296 I 60225242 44 
297 I 60226448 52 
298 I 60516902 44 
299 I 60518998 52 
300 I 60737571 52 
301 I 62027987 52 
302 I 62032809 44 
303 I 62933649 44 
304 I 62973189 44 
305 I 63033765 52 
306 I 63037107 44 
307 I 63051364 44 
308 I 63223355 44 
309 I 63611115 44 
310 I 63611431 44 
311 I 63815975 44 
312 I 63969152 44 
313 I 64034754 52 
314 I 64134555 52 
315 I 64493555 44 
316 I 64630583 44 
317 I 64631404 44 
318 I 65214815 52 
319 I 65379896 44 
320 I 65380102 44 
321 I 65394055 44 
322 I 65394406 44 
323 I 65448295 44 
324 I 65492339 44 
325 I 65492504 44 
326 I 65898262 44 
327 I 65968699 44 
328 I 65968910 44 
329 I 65981126 44 
330 I 66552856 44 
331 I 66553130 44 
332 I 66885952 52 
333 I 66970855 44 
334 I 67057863 52 
335 I 67095087 44 
336 I 68247034 52 
337 I 68927885 52 
338 I 68994702 44 
339 I 69069270 52 
340 I 69572917 44 
341 I 69593637 44 
342 I 69874476 52 
343 I 69930926 44 
344 I 69980125 52 
345 I 70311766 44 
346 I 70312130 44 
347 I 70716642 52 
348 I 70716645 52 
349 I 70833417 52 
350 I 71217644 1504 
351 I 71217746 1504 
352 I 71340438 52 
353 I 71453012 44 
354 I 71971558 44 
355 I 72009770 52 
356 I 72204347 44 
357 I 72473892 1504 
358 I 72474068 1504 
359 I 72474445 1504 
360 I 72881336 44 
361 I 72992086 52 
362 I 73682963 44 
363 I 73696599 52 
364 I 73706843 936 
365 I 73706952 1504 
366 I 73707238 1504 
367 I 73776382 44 
368 I 73966364 44 
369 I 73966576 44 
370 I 74945401 1220 
371 I 74945626 1504 
372 I 74945647 936 
373 I 74977737 44 
374 I 75003898 52 
375 I 75228062 52 
376 I 75563343 44 
377 I 75602398 52 
378 I 75788344 44 
379 I 75788433 44 
380 I 76243313 44 
381 I 76753745 52 
382 I 76969817 44 
383 I 77096368 44 
384 I 77468007 52 
385 I 77971234 44 
386 I 78019854 44 
387 I 78787375 44 
388 I 78788164 44 
389 I 78969466 44 
390 I 79128379 1504 
391 I 79360961 52 
392 I 79425964 44 
393 I 79426190 44 
394 I 79969826 44 
395 I 80091897 44 
396 I 80306744 44 
397 I 80306939 44 
398 I 80415163 1504 
399 I 80415263 1504 
400 I 80415404 1220 
401 I 80716227 44 
402 I 80716228 44 
403 I 80970382 44 
404 I 81213490 44 
405 I 81558418 44 
406 I 81559417 52 
407 I 81675056 1504 
408 I 81675227 1504 
409 I 81675354 1220 
410 I 81892065 44 
411 I 81892339 44 
412 I 81975440 52 
413 I 82296646 44 
414 I 82346647 52 
415 I 82725835 52 
416 I 82852699 44 
417 I 82852806 44 
418 I 82923804 44 
419 I 82941784 1504 
420 I 82942060 1504 
421 I 83730907 52 
422 I 83972581 44 
423 I 83992724 44 
424 I 84179021 1504 
425 I 84179165 1220 
426 I 84514848 52 
427 I 85105580 52 
428 I 85644435 52 
429 I 85666152 52 
430 I 85724025 44 
431 I 85850745 52 
432 I 86972532 44 
433 I 87033392 52 
434 I 87121087 52 
435 I 87276473 1504 
436 I 87318896 52 
437 I 87440463 44 
438 I 87440990 44 
439 I 87511202 44 
440 I 88103885 44 
441 I 88181871 44 
442 I 88260795 52 
443 I 88271521 52 
444 I 88520915 1504 
445 I 88521037 1504 
446 I 88521219 1220 
447 I 88521452 1504 
448 I 88583469 52 
449 I 88596441 44 
450 I 89297910 52 
451 I 89738735 1504 
452 I 89738878 1220 
453 I 89747081 1504 
454 I 89897014 1504 
455 I 89897124 1220 
456 I 89969634 44 
457 I 89969659 44 
458 I 89989269 44 
459 I 90092610 52 
460 I 90164033 44 
461 I 90780950 44 
462 I 90862950 44 
463 I 90876171 44 
464 I 91658441 44 
465 I 91658553 44 
466 I 92041296 52 
467 I 92774384 52 
468 I 92970054 44 
469 I 93393533 44 
470 I 93399749 44 
471 I 93649755 44 
472 I 93650259 44 
473 I 93797321 44 
474 I 94417582 44 
475 I 94744779 44 
476 I 94972548 44 
477 I 94972767 44 
478 I 95020800 52 
479 I 95047683 44 
480 I 95507979 52 
481 I 95524426 1504 
482 I 95725562 44 
483 I 96048524 44 
484 I 96127168 52 
485 I 96232607 52 
486 I 96455510 44 
487 I 96455730 44 
488 I 96751450 44 
489 I 96751705 44 
490 I 97123318 52 
491 I 97972964 44 
492 I 98699968 44 
493 I 98906780 52 
494 I 99137648 52 
495 I 99250861 52 
496 I 99971811 44 
497 I 100580525 44 
498 I 100580974 44 
499 I 100945911 44 
500 I 100946275 44 
501 I 101354534 44 
502 I 101354868 44 
503 I 101971773 44 
504 I 101990825 52 
505 I 102268232 44 
506 I 102392487 52 
507 I 103971257 44 
508 I 104161157 44 
509 I 104215564 52 
510 I 104376265 1504 
511 I 104405617 44 
512 I 104806442 44 
513 I 104818981 44 
514 I 105691904 1504 
515 I 105691981 1220 
516 I 106063566 52 
517 I 106423714 52 
518 I 106835895 52 
519 I 107010571 1504 
520 I 107010688 1504 
521 I 107404725 44 
522 I 107404998 44 
523 I 107716737 52 
524 I 107770850 44 
525 I 107772822 44 
526 I 107970292 44 
527 I 108138712 44 
528 I 108289394 1504 
529 I 108289710 1504 
530 I 109486945 44 
531 I 109487174 44 
532 I 109605142 1504 
533 I 109605335 936 
534 I 109605537 1504 
535 I 109627866 52 
536 I 109820572 52 
537 I 109973154 44 
538 I 110267380 44 
539 I 110295889 52 
540 I 110917040 1504 
541 I 110917113 1220 
542 I 111572166 44 
543 I 111730835 44 
544 I 111731290 44 
545 I 111973398 44 
546 I 112895580 52 
547 I 112967989 44 
548 I 112968133 44 
549 I 113169289 52 
550 I 113489660 52 
551 I 113489929 52 
552 I 114434739 44 
553 I 114865858 52 
554 I 114937717 1504 
555 I 114948962 44 
556 I 114949170 44 
557 I 114971983 44 
558 I 115368609 44 
559 I 115508019 44 
560 I 115508019 44 
561 I 115625319 52 
562 I 116205857 1504 
563 I 116206025 1504 
564 I 116207789 44 
565 I 116446113 52 
566 I 116460040 44 
567 I 117037451 52 
568 I 117661908 1504 
569 I 117971133 44 
570 I 117978919 44 
571 I 118156439 52 
572 I 118536114 44 
573 I 118558100 52 
574 I 118578189 44 
575 I 118591719 44 
576 I 118646487 44 
577 I 118646854 44 
578 I 118971560 44 
579 I 119878567 44 
580 I 119878604 44 
581 I 119955027 44 
582 I 119966484 52 
583 I 120206760 52 
584 I 120783090 52 
585 I 121424845 44 
586 I 121424854 44 
587 I 121454618 52 
588 I 121677431 1504 
589 I 122345141 44 
590 I 123228123 52 
591 I 123949931 52 
592 I 124052631 52 
593 I 124430495 44 
594 I 124593204 52 
595 I 124971179 44 
596 I 124983389 44 
597 I 125284792 52 
598 I 125531214 44 
599 I 125626873 44 
600 I 125627022 44 
601 I 125971190 44 
602 I 126050905 44 
603 I 126328843 44 
604 I 126329069 44 
605 I 126885217 52 
606 I 127350255 44 
607 I 127811947 52 
608 I 127903123 44 
609 I 127903457 44 
610 I 128690085 44 
611 I 128690209 44 
612 I 128970468 44 
613 I 129240982 44 
614 I 129241402 44 
615 I 129724155 1504 
616 I 130344224 52 
617 I 130950096 52 
618 I 131410090 52 
619 I 131609096 44 
620 I 131609447 44 
621 I 131723822 52 
622 I 131836123 44 
623 I 132494921 44 
624 I 132509120 44 
625 I 132657386 52 
626 I 132842080 44 
627 I 132905918 44 
628 I 132906144 44 
629 I 133283520 52 
630 I 134035502 52 
631 I 134611033 52 
632 I 135972435 44 
633 I 136096195 44 
634 I 136244954 44 
635 I 136430967 44 
636 I 136431153 44 
637 I 136966085 52 
638 I 136967966 44 
639 I 137112794 52 
640 I 137364571 44 
641 I 137364755 44 
642 I 137869095 44 
643 I 137869211 44 
644 I 137946560 52 
645 I 137970676 44 
646 I 137970831 44 
647 I 138072504 44 
648 I 138451056 52 
649 I 139239466 44 
650 I 139240076 44 
651 I 139971154 44 
652 I 140179664 44 
653 I 141608881 52 
654 I 141877591 44 
655 I 141877723 44 
656 I 141922891 52 
657 I 142057572 44 
658 I 142653647 44 
659 I 142767503 52 
660 I 142942533 44 
661 I 142973444 44 
662 I 143002504 52 
663 I 143189405 44 
664 I 143189737 44 
665 I 143291581 52 
666 I 143407552 52 
667 I 143672029 44 
668 I 144237234 44 
669 I 144610598 52 
670 I 145292396 44 
671 I 145716935 52 
672 I 145755022 44 
673 I 145818716 1504 
674 I 146277547 44 
675 I 146277731 44 
676 I 146358972 44 
677 I 146421312 52 
678 I 146695008 44 
679 I 146959438 44 
680 I 146974520 44 
681 I 146995069 1504 
682 I 146995199 1504 
683 I 147261955 44 
684 I 147347986 52 
685 I 148082801 52 
686 I 148552479 44 
687 I 148669817 52 
688 I 149128146 52 
689 I 149299075 44 
690 I 149299450 44 
691 I 149608205 52 
692 I 149971693 44 
693 I 150194467 44 
694 I 150366834 44 
695 I 150367413 44 
696 I 150369851 44 
697 I 150620619 52 
698 I 150974948 44 
699 I 151486934 44 
700 I 151487440 44 
701 I 151626370 52 
702 I 151648787 44 
703 I 151651328 52 
704 I 151946537 44 
705 I 151946969 44 
706 I 152014284 52 
707 I 152277695 44 
708 I 152357374 52 
709 I 152567326 52 
710 I 152626035 44 
711 I 152626215 44 
712 I 154115509 44 
713 I 154115640 44 
714 I 154383692 44 
715 I 154568821 44 
716 I 154755944 52 
717 I 154910432 44 
718 I 155191439 44 
719 I 155191617 44 
720 I 155401226 44 
721 I 155521121 52 
722 I 155716857 52 
723 I 155959108 52 
724 I 155961407 52 
725 I 156219516 44 
726 I 156219730 44 
727 I 156248538 44 
728 I 156248734 44 
729 I 156972792 44 
730 I 157024941 52 
731 I 157189176 44 
732 I 157286434 44 
733 I 157500805 52 
734 I 157500889 44 
735 I 157971143 44 
736 I 158136695 52 
737 I 159092858 44 
738 I 159397070 44 
739 I 159586212 52 
740 I 159970977 44 
741 I 160065719 44 
742 I 160152761 44 
743 I 160153082 44 
744 I 160206453 52 
745 I 160387001 44 
746 I 160400302 44 
747 I 160402827 44 
748 I 160510026 52 
749 I 160640926 44 
750 I 160641289 44 
751 I 160642094 44 
752 I 160642095 44 
753 I 161175853 44 
754 I 161651133 52 
755 I 161651546 52 
756 I 162194420 44 
757 I 162194831 44 
758 I 162555832 52 
759 I 162835718 44 
760 I 162836155 44 
761 I 162895233 52 
762 I 163502884 44 
763 I 163520964 52 
764 I 163621860 44 
765 I 164344626 44 
766 I 164344837 44 
767 I 164747083 44 
768 I 164747205 44 
769 I 164829068 44 
770 I 165657835 52 
771 I 165765951 44 
772 I 165766319 44 
773 I 165883108 52 
774 I 166110820 52 
775 I 166111051 52 
776 I 166337629 44 
777 I 166517466 44 
778 I 166517895 44 
779 I 166518391 44 
780 I 166518632 44 
781 I 166597734 52 
782 I 167475109 44 
783 I 167475478 44 
784 I 167667287 52 
785 I 167779797 44 
786 I 167780024 44 
787 I 167974413 44 
788 I 168143406 52 
789 I 168984328 44 
790 I 169016191 52 
791 I 169053515 52 
792 I 169499368 44 
793 I 169499384 44 
794 I 169556701 52 
795 I 169556992 52 
796 I 169709821 52 
797 I 170145280 52 
798 I 170475931 44 
799 I 170477553 44 
800 I 170675628 44 
801 I 170675890 44 
802 I 171205420 52 
803 I 171542695 44 
804 I 172026105 52 
805 I 172026790 52 
806 I 172071777 44 
807 I 172674962 52 
808 I 172687871 44 
809 I 172908723 44 
810 I 172909038 44 
811 I 173001452 52 
812 I 173336634 52 
813 I 173711797 44 
814 I 173711797 44 
815 I 173786899 44 
816 I 173787305 44 
817 I 174266245 44 
818 I 174266410 44 
819 I 174377959 44 
820 I 174378199 44 
821 I 174818961 44 
822 I 174819143 44 
823 I 175290612 44 
824 I 175290813 44 
825 I 175873161 52 
826 I 175926134 44 
827 I 175926238 44 
828 I 176076489 52 
829 I 176713085 44 
830 I 176713231 44 
831 I 176972012 44 
832 I 176986177 52 
833 I 177063595 44 
834 I 177264787 44 
835 I 177275148 44 
836 I 177275150 44 
837 I 177275562 1504 
838 I 177275656 1504 
839 I 177275680 774 
840 I 177711568 44 
841 I 177711740 44 
842 I 177973118 44 
843 I 178005874 44 
844 I 178096974 44 
845 I 178167276 44 
846 I 178273179 52 
847 I 179178493 52 
848 I 179313445 44 
849 I 179316966 52 
850 I 179484692 44 
851 I 179708947 52 
852 I 179827216 52 
853 I 180218870 44 
854 I 180377351 52 
855 I 180580683 44 
856 I 180823471 52 
857 I 181511220 52 
858 I 182029705 44 
859 I 182212262 44 
860 I 182237786 52 
861 I 182330555 52 
862 I 182797080 52 
863 I 183207038 52 
864 I 183324229 44 
865 I 183336773 52 
866 I 183691654 52 
867 I 183928060 44 
868 I 184001194 44 
869 I 184544117 44 
870 I 184652185 44 
871 I 184652542 44 
872 I 185070463 44 
873 I 185183503 44 
874 I 185996711 52 
875 I 186162614 44 
876 I 186455626 44 
877 I 186973362 44 
878 I 187131506 44 
879 I 187971408 44 
880 I 187971423 44 
881 I 188264087 44 
882 I 188264720 44 
883 I 188265278 44 
884 I 188366069 52 
885 I 188628227 44 
886 I 188628386 44 
887 I 188969829 52 
888 I 188975727 44 
889 I 189259947 52 
890 I 189367885 44 
891 I 189371844 52 
892 I 189513096 52 
893 I 189972500 44 
894 I 190126910 52 
895 I 190579277 44 
896 I 190644060 44 
897 I 190644238 44 
898 I 190689654 52 
899 I 191959953 44 
900 I 191960835 44 
901 I 192188447 52 
902 I 192637392 52 
903 I 193727696 52 
904 I 193790774 44 
905 I 193791401 44 
906 I 193856465 44 
907 I 194072043 52 
908 I 194353831 44 
909 I 194353831 44 
910 I 194815074 44 
911 I 194925730 44 
912 I 194925773 44 
913 I 195325636 44 
914 I 195885326 44 
915 I 196011457 44 
916 I 196062736 52 
917 I 196274427 44 
918 I 196426271 44 
919 I 197282744 52 
920 I 197465268 44 
921 I 197465349 44 
922 I 198223695 52 
923 I 198531840 44 
924 I 198532024 44 
925 I 198626175 44 
926 I 198893296 44 
927 I 198893677 44 
928 I 198974466 44 
929 I 199027027 52 
930 I 199539179 52 
931 I 199943832 52 
932 I 200052539 52 
933 I 200495779 52 
934 I 200971463 44 
935 I 201646940 52 
936 I 201744383 44 
937 I 201826958 44 
938 I 201962328 44 
939 I 201971707 44 
940 I 202794712 52 
941 I 203736897 44 
942 I 203872677 52 
943 I 203973761 44 
944 I 204029674 44 
945 I 204234146 44 
946 I 204234149 44 
947 I 204273995 52 
948 I 204422376 44 
949 I 204422784 44 
950 I 204571174 44 
951 I 204907161 44 
952 I 204907383 44 
953 I 204927142 44 
954 I 204927293 44 
955 I 205370654 52 
956 I 205558779 44 
957 I 207125399 44 
958 I 207125571 44 
959 I 207126110 44 
960 I 207126253 44 
961 I 207237416 44 
962 I 207238167 44 
963 I 207293182 52 
964 I 207880351 44 
965 I 208215283 44 
966 I 208343011 44 
967 I 208560347 44 
968 I 208976050 44 
969 I 209013525 44 
970 I 209216458 52 
971 I 209436817 44 
972 I 209630011 52 
973 I 209847866 52 
974 I 209935129 44 
975 I 209935300 44 
976 I 210174776 52 
977 I 210176138 52 
978 I 210697182 44 
979 I 210793685 52 
980 I 211957069 44 
981 I 211957233 44 
982 I 212407101 52 
983 I 212407102 52 
984 I 212504033 52 
985 I 212507547 44 
986 I 212677783 44 
987 I 212678200 44 
988 I 212678413 44 
989 I 212972961 44 
990 I 213448778 44 
991 I 213448917 44 
992 I 213449612 52 
993 I 214132711 52 
994 I 214651060 44 
995 I 214651462 44 
996 I 214826761 44 
997 I 214974913 52 
998 I 215029285 44 
999 I 215726354 44 
1000 I 215939692 44 
1001 I 216586692 44 
1002 I 216586696 44 
1003 I 216845689 44 
1004 I 216846143 44 
1005 I 217000560 44 
1006 I 217073860 52 
1007 I 217491532 44 
1008 I 217638506 44 
1009 I 217638860 44 
1010 I 217804263 52 
1011 I 217975904 44 
1012 I 218582254 52 
1013 I 218603026 44 
1014 I 218603027 44 
1015 I 218624001 44 
1016 I 218624188 44 
1017 I 218643358 44 
1018 I 219211859 44 
1019 I 219787214 52 
1020 I 220087524 44 
1021 I 220616048 44 
1022 I 220618352 52 
1023 I 221352242 44 
1024 I 221352292 44 
1025 I 221352944 44 
1026 I 221353141 44 
1027 I 221738902 1504 
1028 I 221739064 1504 
1029 I 221806898 52 
1030 I 221975239 44 
1031 I 222036438 52 
1032 I 222264616 44 
1033 I 222654544 44 
1034 I 222654818 44 
1035 I 222860423 52 
1036 I 222936477 1504 
1037 I 222936740 1504 
1038 I 222971979 44 
1039 I 222972123 44 
1040 I 223008226 44 
1041 I 223891024 52 
1042 I 224012083 1504 
1043 I 224012650 1504 
1044 I 224440535 52 
1045 I 224452926 44 
1046 I 224973360 44 
1047 I 225081160 936 
1048 I 225837536 44 
1049 I 225837831 44 
1050 I 226120370 44 
1051 I 226120769 44 
1052 I 226335006 44 
1053 I 226335338 44 
1054 I 226450316 52 
1055 I 226450637 52 
1056 I 226588397 44 
1057 I 227286997 44 
1058 I 227287301 44 
1059 I 227595756 1504 
1060 I 227783369 52 
1061 I 227845345 44 
1062 I 228001223 44 
1063 I 228078454 52 
1064 I 228239701 44 
1065 I 228631319 1504 
1066 I 228631593 1504 
1067 I 228631724 1220 
1068 I 228636830 44 
1069 I 228637302 44 
1070 I 228983397 44 
1071 I 229380314 44 
1072 I 229405800 52 
1073 I 229641340 1504 
1074 I 229641446 1504 
1075 I 229641667 52 
1076 I 230009573 44 
1077 I 230671943 1220 
1078 I 231036224 52 
1079 I 231370697 52 
1080 I 231493056 44 
1081 I 231563873 52 
1082 I 231708724 1220 
1083 I 231708935 1504 
1084 I 231973379 44 
1085 I 232561564 52 
1086 I 232824325 44 
1087 I 233119778 44 
1088 I 233155568 52 
1089 I 233227349 44 
1090 I 233585612 52 
1091 I 233972156 44 
1092 I 234001809 44 
1093 I 234041687 52 
1094 I 234207286 44 
1095 I 234207396 44 
1096 I 234334479 52 
1097 I 234397302 44 
1098 I 235554544 44 
1099 I 235555071 44 
1100 I 235653440 44 
1101 I 235653597 44 
1102 I 235972303 44 
1103 I 235972517 44 
1104 I 236049251 44 
1105 I 236246498 44 
1106 I 236548471 1504 
1107 I 237312728 44 
1108 I 237313467 44 
1109 I 237695409 1504 
1110 I 237695678 1504 
1111 I 237859868 44 
1112 I 237860171 44 
1113 I 237956089 44 
1114 I 238134549 44 
1115 I 238134790 44 
1116 I 238459608 52 
1117 I 238661356 44 
1118 I 238661709 44 
1119 I 238662049 44 
1120 I 238774527 1504 
1121 I 238774758 1504 
1122 I 238854511 44 
1123 I 239195028 52 
1124 I 239429802 52 
1125 I 239651035 44 
1126 I 239796722 44 
1127 I 239796871 44 
1128 I 240727264 52 
1129 I 240818310 52 
1130 I 241214872 52 
1131 I 241370963 52 
1132 I 242359481 44 
1133 I 242381978 52 
1134 I 242482883 52 
1135 I 242684143 1504 
1136 I 242962222 44 
1137 I 242962551 44 
1138 I 243390368 52 
1139 I 243880352 52 
1140 I 243881655 52 
1141 I 244744200 44 
1142 I 244744251 44 
1143 I 245075471 44 
1144 I 245076724 52 
1145 I 245111945 44 
1146 I 245124500 44 
1147 I 245125417 44 
1148 I 245526514 44 
1149 I 245526846 44 
1150 I 246027002 52 
1151 I 246735050 44 
1152 I 246735283 44 
1153 I 246807614 52 
1154 I 246840701 44 
1155 I 246973951 44 
1156 I 248014636 52 
1157 I 248079758 44 
1158 I 248334060 52 
1159 I 248476152 44 
1160 I 248708751 44 
1161 I 248865394 44 
1162 I 248973905 44 
1163 I 249020276 52 
1164 I 249043417 44 
1165 I 249968719 44 
1166 I 250033236 52 
1167 I 250340767 52 
1168 I 250342303 52 
1169 I 250529820 1504 
1170 I 250755738 52 
1171 I 250891134 44 
1172 I 250891380 44 
1173 I 250973834 44 
1174 I 251542229 1504 
1175 I 251542369 936 
1176 I 251915175 44 
1177 I 251938727 52 
1178 I 251973333 44 
1179 I 252185286 44 
1180 I 252185726 44 
1181 I 252448767 44 
1182 I 252448847 44 
1183 I 252541618 1504 
1184 I 252541836 1504 
1185 I 253609732 1504 
1186 I 253609828 1504 
1187 I 253892716 52 
1188 I 254211237 52 
1189 I 254518840 44 
1190 I 254518972 44 
1191 I 254715038 1504 
1192 I 254972503 44 
1193 I 255069834 44 
1194 I 255279786 52 
1195 I 255367637 44 
1196 I 256173014 52 
1197 I 256288480 44 
1198 I 256288667 44 
1199 I 256682878 44 
1200 I 256683034 44 
1201 I 257229762 44 
1202 I 257269184 1504 
1203 I 257587017 52 
1204 I 257862095 52 
1205 I 257973882 44 
1206 I 258033849 44 
1207 I 258333149 44 
1208 I 258349594 1504 
1209 I 258349642 936 
1210 I 258365275 44 
1211 I 258666647 44 
1212 I 259667290 44 
1213 I 259667684 44 
1214 I 259921587 52 
1215 I 260387146 44 
1216 I 260972686 44 
1217 I 261634538 44 
1218 I 261634708 44 
1219 I 261650482 52 
1220 I 262035552 52 
1221 I 262118158 44 
1222 I 262197677 44 
1223 I 262375415 44 
1224 I 262566976 52 
1225 I 263051331 44 
1226 I 263304168 612 
1227 I 263376726 52 
1228 I 263706678 52 
1229 I 263991080 52 
1230 I 264500933 44 
1231 I 264885326 52 
1232 I 264960844 44 
1233 I 264961148 44 
1234 I 264975785 44 
1235 I 265718855 1504 
1236 I 265985645 44 
1237 I 266071697 44 
1238 I 266146077 44 
1239 I 266831643 1504 
1240 I 266831758 1504 
1241 I 266925024 52 
1242 I 266940194 44 
1243 I 266940412 44 
1244 I 266966967 52 
1245 I 266997451 44 
1246 I 267045175 44 
1247 I 267235313 44 
1248 I 267299799 44 
1249 I 267540545 52 
1250 I 267891952 1504 
1251 I 267892217 1504 
1252 I 268186638 44 
1253 I 268447374 44 
1254 I 268736124 44 
1255 I 268755101 44 
1256 I 268924806 1504 
1257 I 268924911 936 
1258 I 268927664 1504 
1259 I 269311692 44 
1260 I 269312066 44 
1261 I 269369504 44 
1262 I 269807385 44 
1263 I 269807566 44 
1264 I 269814816 52 
1265 I 269954770 1504 
1266 I 269954908 1220 
1267 I 270055766 44 
1268 I 270056213 1504 
1269 I 270353655 52 
1270 I 270972917 1504 
1271 I 270973276 1220 
1272 I 270985905 1504 
1273 I 271082366 44 
1274 I 271082411 44 
1275 I 271141656 44 
1276 I 271141758 44 
1277 I 271278892 52 
1278 I 271381864 52 
1279 I 272034273 1504 
1280 I 272034624 1504 
1281 I 272052849 1220 
1282 I 272217288 52 
1283 I 272323884 52 
1284 I 272390232 44 
1285 I 272519546 52 
1286 I 272587254 44 
1287 I 273122380 1504 
1288 I 273122669 1504 
1289 I 273262269 44 
1290 I 273445778 52 
1291 I 273974082 44 
1292 I 274479631 44 
1293 I 274571874 52 
1294 I 274610904 52 
1295 I 274778433 44 
1296 I 274885552 44 
1297 I 275025778 52 
1298 I 275560171 44 
1299 I 275560320 44 
1300 I 275975263 44 
1301 I 275979034 1504 
1302 I 276345849 52 
1303 I 276346051 52 
1304 I 276480300 44 
1305 I 276534512 44 
1306 I 276598779 44 
1307 I 276599049 44 
1308 I 277036423 1504 
1309 I 277036517 1504 
1310 I 277477799 44 
1311 I 277477883 44 
1312 I 277527687 44 
1313 I 277527698 44 
1314 I 277577083 44 
1315 I 277683916 44 
1316 I 277684107 44 
1317 I 278066951 1504 
1318 I 278067084 1504 
1319 I 278133866 44 
1320 I 278363066 44 
1321 I 278481116 44 
1322 I 278481657 44 
1323 I 278973766 44 
1324 I 279120555 1504 
1325 I 279120615 1504 
1326 I 279463084 44 
1327 I 279463486 44 
1328 I 279967015 44 
1329 I 280106986 44 
1330 I 280107230 44 
1331 I 280261882 1504 
1332 I 280261887 652 
1333 I 280518595 44 
1334 I 280533218 44 
1335 I 280574351 44 
1336 I 280574356 44 
1337 I 280688481 52 
1338 I 281107982 44 
1339 I 281277232 1504 
1340 I 281277554 1504 
1341 I 281309828 44 
1342 I 281309954 44 
1343 I 281409821 44 
1344 I 281455688 44 
1345 I 281666833 52 
1346 I 281768457 52 
1347 I 281840432 44 
1348 I 281973061 44 
1349 I 282113857 44 
1350 I 282191908 44 
1351 I 282192077 44 
1352 I 282300713 1504 
1353 I 282300922 1220 
1354 I 282539374 44 
1355 I 282572083 52 
1356 I 282666071 52 
1357 I 282766967 52 
1358 I 283255091 52 
1359 I 283308508 1504 
1360 I 283308590 1504 
1361 I 283623546 52 
1362 I 284260460 44 
1363 I 284347684 1504 
1364 I 284347870 1504 
1365 I 284652717 52 
1366 I 284973047 44 
1367 I 285045368 44 
1368 I 285383941 1504 
1369 I 285384130 936 
1370 I 285384255 1504 
1371 I 285441638 52 
1372 I 285534020 52 
1373 I 285561348 44 
1374 I 285634434 52 
1375 I 285660093 44 
1376 I 285735012 44 
1377 I 285965232 44 
1378 I 285999069 52 
1379 I 285999195 52 
1380 I 286090672 44 
1381 I 286090865 44 
1382 I 286438343 1504 
1383 I 286963624 44 
1384 I 286964046 44 
1385 I 287244328 1504 
1386 I 287365449 52 
1387 I 287689260 44 
1388 I 287793354 52 
1389 I 288165324 52 
1390 I 288365391 44 
1391 I 288450638 52 
1392 I 288551589 44 
1393 I 288581810 44 
1394 I 288901691 44 
1395 I 288901814 44 
1396 I 288954296 52 
1397 I 288971353 44 
1398 I 288973042 44 
1399 I 289902186 44 
1400 I 289902309 44 
1401 I 290289248 44 
1402 I 290293422 44 
1403 I 290406093 44 
1404 I 290446564 52 
1405 I 290549754 44 
1406 I 290825496 44 
1407 I 290825726 44 
1408 I 291066904 1504 
1409 I 291382366 52 
1410 I 291659508 44 
1411 I 291659720 44 
1412 I 291973287 44 
1413 I 292040927 44 
1414 I 292247538 52 
1415 I 292757304 44 
1416 I 292757563 44 
1417 I 292759024 44 
1418 I 292976386 44 
1419 I 293348613 44 
1420 I 293348736 44 
1421 I 293782596 44 
1422 I 293837157 44 
1423 I 293898419 52 
1424 I 294214634 52 
1425 I 294816872 44 
1426 I 294817054 44 
1427 I 295106255 44 
1428 I 295106783 44 
1429 I 295315756 52 
1430 I 295805496 52 
1431 I 295876341 52 
1432 I 295894354 44 
1433 I 296246870 44 
1434 I 296350444 52 
1435 I 296851765 44 
1436 I 296899981 52 
1437 I 297259411 52 
1438 I 297561993 52 
1439 I 298356355 52 
1440 I 298377246 52 
1441 I 298593399 44 
1442 I 298593752 44 
1443 I 298712339 1504 
1444 I 298724608 44 
1445 I 298811547 52 
1446 I 298877885 52 
1447 I 299012649 44 
1448 I 299436598 44 
