0 I 0 52 
1 I 1005452 52 
2 I 2004784 52 
3 I 3005305 52 
4 I 20098985 52 
5 I 21103316 52 
6 I 22102993 52 
7 I 23102295 52 
8 I 60171308 52 
9 I 61201604 52 
10 I 62200504 52 
11 I 63202117 52 
12 I 80279646 52 
13 I 81297894 52 
14 I 82297440 52 
15 I 83298504 52 
16 I 120342108 52 
17 I 121395188 52 
18 I 122494704 52 
19 I 123495278 52 
20 I 140434569 52 
21 I 141493405 52 
22 I 142493129 52 
23 I 143492582 52 
24 I 180611664 52 
25 I 181595015 52 
26 I 182596344 52 
27 I 183595690 52 
28 I 200752404 52 
29 I 201808517 52 
30 I 214805844 52 
31 I 240870371 52 
32 I 241903578 52 
33 I 243001950 52 
34 I 244103839 52 
35 I 260968804 52 
36 I 262100515 52 
37 I 263200520 52 
38 I 264301069 52 
