0 I 0 52 
1 I 505390 44 
2 I 1549016 44 
3 I 1681916 44 
4 I 2050484 44 
5 I 3168800 44 
6 I 3169025 44 
7 I 3169272 44 
8 I 3169878 44 
9 I 3593108 52 
10 I 3657008 44 
11 I 3657018 44 
12 I 3657179 56 
13 I 3657277 44 
14 I 3657539 44 
15 I 3657795 44 
16 I 4088456 44 
17 I 4150805 44 
18 I 4151028 44 
19 I 4151041 56 
20 I 4151254 44 
21 I 4151419 44 
22 I 4151473 44 
23 I 4588701 44 
24 I 4650456 44 
25 I 4650752 44 
26 I 4650755 44 
27 I 4650868 56 
28 I 4651055 44 
29 I 4651201 44 
30 I 5087977 44 
31 I 5151590 44 
32 I 5151727 44 
33 I 5151925 44 
34 I 5152035 44 
35 I 5152038 44 
36 I 5642981 44 
37 I 5643088 44 
38 I 5643287 56 
39 I 5643288 44 
40 I 5643289 44 
41 I 5781878 44 
42 I 6129230 44 
43 I 6129362 44 
44 I 6129610 56 
45 I 6130135 44 
46 I 6331667 44 
47 I 6331767 44 
48 I 6481952 44 
49 I 6615937 44 
50 I 6823103 44 
51 I 6823119 44 
52 I 6823139 44 
53 I 6958587 56 
54 I 6958847 44 
55 I 7447394 44 
56 I 7447397 44 
57 I 7447683 44 
58 I 7447694 44 
59 I 7449685 44 
60 I 7579839 44 
61 I 7579900 44 
62 I 7580023 44 
63 I 7580317 44 
