0 I 0 64 
1 I 530345 56 
2 I 628229 56 
3 I 661750 1504 
4 I 662007 80 
5 I 662109 1504 
6 I 1284086 68 
7 I 1284099 1504 
8 I 1284293 1504 
9 I 1284764 1504 
10 I 1284798 92 
11 I 1284934 1504 
12 I 1893596 1504 
13 I 1893881 1504 
14 I 1893926 104 
15 I 1894122 1504 
16 I 1894350 1504 
17 I 1894699 1504 
18 I 1895141 1504 
19 I 1895357 104 
20 I 1895502 1504 
21 I 1895642 1504 
22 I 2511747 1504 
23 I 2511894 68 
24 I 2511911 1504 
25 I 2512071 1504 
26 I 2513051 68 
27 I 2513066 1504 
28 I 2513416 1504 
29 I 2513785 1504 
30 I 2514155 1504 
31 I 2514229 68 
32 I 2514384 1504 
33 I 2514465 1504 
34 I 2514578 116 
35 I 2514743 1504 
36 I 2514795 68 
37 I 2514808 116 
38 I 2514990 1504 
39 I 2515134 1504 
40 I 2515502 1504 
41 I 2515740 1504 
42 I 3129754 68 
43 I 3129765 1504 
44 I 3129901 1504 
45 I 3130613 1504 
46 I 3130770 68 
47 I 3130925 1504 
48 I 3131656 68 
49 I 3131944 1504 
50 I 3134632 1504 
51 I 3135845 957 
52 I 3136145 237 
53 I 3136345 1504 
54 I 3136673 223 
55 I 3136687 1504 
56 I 3136812 1504 
57 I 3136851 281 
58 I 3751959 218 
59 I 3752151 1504 
60 I 3752630 1504 
61 I 3752700 228 
62 I 3753143 1504 
63 I 3753285 384 
64 I 3753414 1504 
65 I 3753795 68 
66 I 3753927 1504 
67 I 3758084 1504 
68 I 3759558 1504 
69 I 3760807 1504 
70 I 4366784 571 
71 I 4368340 68 
72 I 4368552 1504 
73 I 4975365 56 
74 I 4976407 44 
75 I 4976520 44 
