0 I 0 52 
1 I 1492225 44 
2 I 2159629 44 
3 I 2935081 52 
4 I 3084895 44 
5 I 3250624 44 
6 I 4059550 44 
7 I 5349576 44 
8 I 6682377 44 
9 I 8571580 52 
10 I 21636952 44 
11 I 22843671 44 
12 I 24065032 44 
13 I 25514782 44 
14 I 26460100 52 
15 I 30454429 44 
16 I 30790405 44 
17 I 35548935 44 
18 I 35890629 44 
19 I 36146781 44 
20 I 36146907 44 
21 I 36887731 52 
22 I 40375700 44 
23 I 54269851 44 
24 I 65594692 44 
25 I 66715102 52 
26 I 66816043 44 
27 I 71405674 44 
28 I 72779228 44 
29 I 72779232 44 
30 I 73225058 44 
31 I 73225058 44 
32 I 73798067 52 
33 I 76364386 44 
34 I 77419349 44 
35 I 78370089 44 
36 I 80423534 52 
37 I 82494601 44 
38 I 83438011 44 
39 I 83442378 52 
40 I 83467696 44 
41 I 84099548 44 
42 I 84541020 52 
43 I 88537835 44 
44 I 89437350 52 
45 I 89600402 44 
46 I 90561750 44 
47 I 91670389 44 
48 I 92728464 52 
49 I 92876967 44 
50 I 96454267 44 
51 I 97107267 44 
52 I 98187994 44 
53 I 99233309 44 
54 I 99233498 44 
55 I 99517373 44 
56 I 99517373 44 
57 I 100261119 44 
58 I 101490034 44 
59 I 107440635 44 
60 I 109325824 44 
61 I 110553216 44 
62 I 111863671 44 
63 I 113818304 52 
64 I 117220071 44 
65 I 118205228 44 
66 I 122430875 44 
67 I 126607811 44 
68 I 127471654 52 
69 I 127661577 44 
70 I 135205101 44 
71 I 149294749 44 
72 I 152528103 44 
73 I 175903018 44 
74 I 175903466 44 
75 I 176416750 44 
76 I 176416753 44 
77 I 176913460 44 
78 I 178144946 44 
79 I 179361738 44 
80 I 181180956 44 
81 I 184192290 44 
82 I 185390874 44 
83 I 187266080 44 
84 I 188529867 44 
85 I 194408938 44 
86 I 196160400 44 
87 I 197302064 52 
88 I 203051302 44 
89 I 205266374 44 
90 I 206056117 52 
91 I 206124020 44 
92 I 207734182 44 
93 I 208842709 44 
94 I 208842709 44 
95 I 209057258 44 
96 I 209057345 44 
97 I 209835898 52 
98 I 212650188 44 
99 I 212762232 52 
100 I 216636595 44 
101 I 217815868 44 
102 I 218537599 52 
103 I 218643750 44 
104 I 220247907 44 
105 I 220915307 44 
106 I 220915313 44 
107 I 221456727 44 
108 I 221456744 44 
109 I 221983980 52 
110 I 225750833 44 
111 I 226645504 44 
112 I 228215027 52 
113 I 228389843 44 
114 I 229611565 44 
115 I 231110440 44 
116 I 231111449 44 
117 I 231669688 44 
118 I 231669814 44 
119 I 232174391 44 
120 I 233338051 44 
121 I 234517171 44 
122 I 236358340 52 
123 I 239981283 44 
124 I 240828416 44 
125 I 242643318 44 
126 I 246570366 44 
127 I 249344913 52 
128 I 249813063 44 
129 I 252302742 52 
130 I 256639166 44 
131 I 265601429 44 
132 I 269927987 44 
133 I 275488471 44 
134 I 275488471 44 
135 I 275871179 44 
136 I 275871209 44 
137 I 276455460 44 
138 I 277543245 44 
139 I 278641948 44 
140 I 291672390 44 
141 I 294668649 44 
142 I 295790469 44 
