0 I 0 52 
1 I 1328377 44 
2 I 2601527 44 
3 I 2798721 44 
4 I 3998677 44 
5 I 4198338 44 
6 I 6447097 56 
7 I 6901887 56 
8 I 7250809 56 
9 I 7380320 56 
10 I 7899336 56 
11 I 8859423 56 
12 I 10140300 56 
13 I 14247669 44 
14 I 15645367 44 
15 I 16862236 44 
16 I 17131374 44 
17 I 18422168 44 
18 I 18792375 44 
19 I 19021117 44 
20 I 19221526 44 
21 I 19609215 44 
22 I 19894543 56 
23 I 20549622 56 
24 I 20651891 56 
25 I 21222169 64 
26 I 21414028 56 
27 I 22278011 56 
28 I 23447611 56 
29 I 24160554 44 
30 I 25030994 44 
31 I 25831006 44 
32 I 26249502 44 
33 I 26631454 44 
34 I 27646016 44 
35 I 28043982 44 
36 I 28246556 44 
37 I 29393395 44 
38 I 29993635 56 
39 I 30446690 56 
40 I 30556458 56 
41 I 30786279 56 
42 I 31267445 56 
43 I 31384381 44 
44 I 32361011 44 
45 I 32666579 44 
46 I 33462476 44 
47 I 33963810 44 
48 I 34528890 56 
49 I 35916308 56 
50 I 36043234 56 
51 I 39012217 56 
52 I 39872780 56 
53 I 40069685 44 
54 I 40267205 44 
55 I 41385269 44 
56 I 41598899 44 
57 I 42987490 44 
58 I 43033581 56 
59 I 43718196 56 
60 I 44350008 56 
61 I 45410803 44 
62 I 54899413 44 
63 I 55721929 44 
64 I 56503456 44 
65 I 56538713 56 
66 I 57207095 56 
67 I 57888766 64 
68 I 58575310 56 
69 I 81680896 44 
70 I 82231047 44 
71 I 83894720 44 
72 I 86894302 44 
73 I 87144006 44 
74 I 91163620 56 
75 I 91550760 56 
76 I 91926005 44 
77 I 93347014 44 
78 I 97124815 44 
79 I 98530541 44 
80 I 98687996 44 
81 I 100044866 44 
82 I 102790096 44 
83 I 106714039 56 
84 I 106873407 56 
85 I 106977086 56 
86 I 108536435 44 
87 I 109051734 44 
88 I 110250618 44 
89 I 112881456 56 
90 I 114624472 56 
91 I 120149680 56 
92 I 127332270 44 
93 I 128147904 44 
94 I 128954924 44 
95 I 162101362 44 
96 I 162687576 44 
97 I 162784035 44 
98 I 162886340 44 
99 I 163062648 44 
100 I 163298801 44 
101 I 163795443 44 
102 I 164185199 44 
103 I 164386896 44 
104 I 164607276 44 
105 I 164985223 44 
106 I 165181264 44 
107 I 165504692 44 
108 I 165803063 44 
109 I 166204302 44 
110 I 166443356 44 
111 I 166706151 44 
112 I 167004024 44 
113 I 167403350 44 
114 I 167561885 44 
115 I 167826256 44 
116 I 168203856 44 
117 I 168366470 44 
118 I 168601940 44 
119 I 168723129 44 
120 I 169286847 56 
121 I 169719892 56 
122 I 169840639 56 
123 I 169983275 56 
124 I 170094048 56 
125 I 170231813 56 
126 I 170400211 56 
127 I 173156434 44 
128 I 173586547 56 
129 I 174586034 44 
130 I 180703264 44 
131 I 181143415 44 
132 I 181583862 44 
