0 I 0 44 
1 I 2030876 52 
2 I 2076711 44 
3 I 4890657 52 
4 I 5912670 93 
5 I 8856358 114 
6 I 9884568 90 
7 I 10916234 44 
8 I 10925804 44 
9 I 15913191 52 
10 I 16873861 44 
11 I 17603742 52 
12 I 18868951 52 
13 I 20580239 52 
14 I 20603379 44 
15 I 21602965 44 
16 I 21827335 93 
17 I 21957197 44 
18 I 22859201 114 
19 I 23944262 133 
20 I 24978785 52 
21 I 26785798 93 
22 I 27017691 52 
23 I 27719416 163 
24 I 27900285 90 
25 I 28620178 44 
26 I 28935425 44 
27 I 28946937 44 
28 I 29711128 44 
29 I 29957579 52 
30 I 32646549 44 
31 I 33847283 113 
32 I 34478491 44 
33 I 35366743 163 
34 I 35658951 44 
35 I 35741532 44 
36 I 36004987 52 
37 I 36273660 44 
38 I 36835272 64 
39 I 36882707 93 
40 I 36918033 52 
41 I 37862740 90 
42 I 38669440 44 
43 I 38846613 44 
44 I 40298369 44 
45 I 41401948 44 
46 I 41870543 93 
47 I 42908103 44 
48 I 42969568 52 
49 I 43703527 52 
50 I 44048553 44 
51 I 44862406 93 
52 I 45859657 90 
53 I 46674290 44 
54 I 46853536 44 
55 I 49547718 93 
56 I 50255744 44 
57 I 52370228 44 
58 I 55013935 52 
59 I 55587018 44 
60 I 55949305 93 
61 I 57294693 44 
62 I 57858697 113 
63 I 58879607 44 
64 I 60732520 52 
65 I 61025478 52 
66 I 61853028 93 
67 I 61987754 93 
68 I 62854943 90 
69 I 62970782 90 
70 I 63703935 44 
71 I 63715169 52 
72 I 63861138 44 
73 I 64745172 44 
74 I 64876221 93 
75 I 65237937 93 
76 I 65787573 90 
77 I 66128112 52 
78 I 66249024 90 
79 I 66704566 44 
80 I 66863525 44 
81 I 67159045 44 
82 I 68730080 52 
83 I 68964979 90 
84 I 69906557 44 
85 I 69906744 44 
86 I 70268604 44 
87 I 71373486 44 
88 I 71677115 52 
89 I 71692283 52 
90 I 72138371 52 
91 I 72847828 93 
92 I 72847879 93 
93 I 73285684 44 
94 I 73686435 44 
95 I 73763336 93 
96 I 73861938 95 
97 I 73862112 90 
98 I 74722046 44 
99 I 74851781 44 
100 I 74851784 114 
101 I 74853690 1504 
102 I 74854442 118 
103 I 74854602 1504 
104 I 75702125 93 
105 I 76860417 114 
106 I 77309201 44 
107 I 77713181 1504 
108 I 77853828 52 
109 I 77913069 44 
110 I 78012979 114 
111 I 78135036 44 
112 I 78313666 44 
113 I 79404323 44 
114 I 79849130 113 
115 I 80109245 44 
116 I 81724100 44 
117 I 82597755 52 
118 I 82738459 114 
119 I 83832499 44 
120 I 83832739 1504 
121 I 83844605 113 
122 I 83847359 52 
123 I 83862685 44 
124 I 84621552 1504 
125 I 84622909 1504 
126 I 85446480 1504 
127 I 85533227 52 
128 I 85533288 44 
129 I 85698469 52 
130 I 85722687 44 
131 I 85946524 580 
132 I 86287030 1220 
133 I 86348098 113 
134 I 86825251 93 
135 I 86833726 93 
136 I 87848419 114 
137 I 88859948 113 
138 I 89657078 52 
139 I 89704657 44 
140 I 89843462 44 
141 I 90846589 93 
142 I 91391440 44 
143 I 92698251 93 
144 I 93199230 44 
145 I 93702952 93 
146 I 93891296 44 
147 I 94727086 52 
148 I 95866733 93 
149 I 96863131 90 
150 I 98738664 44 
151 I 99233963 1504 
152 I 99533344 44 
153 I 99633235 44 
154 I 99633388 113 
155 I 99733981 93 
156 I 99848084 90 
157 I 99852570 44 
158 I 100095455 1504 
159 I 100097957 1504 
160 I 100241162 44 
161 I 100693891 44 
162 I 100827833 44 
163 I 100847083 90 
164 I 100847092 44 
165 I 100956844 52 
166 I 101045119 44 
167 I 101701535 44 
168 I 101852190 44 
169 I 101854518 93 
170 I 102145204 44 
171 I 102850396 90 
172 I 102850397 52 
173 I 104735676 44 
174 I 105666112 52 
175 I 105986856 90 
176 I 106735366 52 
177 I 106872399 93 
178 I 107195409 44 
179 I 107864804 93 
180 I 108699073 52 
181 I 108813710 52 
182 I 109880265 93 
183 I 110703674 93 
184 I 110869615 90 
185 I 110914351 90 
186 I 111707170 44 
187 I 111709469 44 
188 I 111709471 52 
189 I 111894148 44 
190 I 111907912 44 
191 I 111928763 44 
192 I 111930394 44 
193 I 112862634 93 
194 I 113854981 90 
195 I 114322453 44 
196 I 114887044 44 
197 I 116739140 93 
198 I 116892395 52 
199 I 117784149 44 
200 I 117872218 93 
201 I 117876327 90 
202 I 118679025 44 
203 I 118868412 90 
204 I 118868472 44 
205 I 119563083 44 
206 I 119664934 44 
207 I 119689738 52 
208 I 119867001 44 
209 I 120525746 44 
210 I 120868639 93 
211 I 121162897 44 
212 I 121871494 90 
213 I 122681765 44 
214 I 122849752 44 
215 I 123079809 44 
216 I 123668516 52 
217 I 124188672 1504 
218 I 124707293 52 
219 I 124848551 93 
220 I 125016553 1504 
221 I 125017342 652 
222 I 125639499 52 
223 I 125844389 90 
224 I 126294296 44 
225 I 127623868 44 
226 I 127624020 52 
227 I 127706213 52 
228 I 127743410 44 
229 I 128606276 52 
230 I 128854640 93 
231 I 129031692 90 
232 I 129856323 93 
233 I 130024198 44 
234 I 130726586 44 
235 I 130727659 896 
236 I 130866958 90 
237 I 131592955 52 
238 I 131641302 44 
239 I 131731320 93 
240 I 131884396 44 
241 I 132863300 93 
242 I 133642172 44 
243 I 133739277 52 
244 I 133739347 44 
245 I 133872487 90 
246 I 134641670 44 
247 I 134860606 93 
248 I 134863226 44 
249 I 135246629 44 
250 I 135859600 44 
251 I 135872845 90 
252 I 136616023 44 
253 I 136859647 44 
254 I 137859318 93 
255 I 137966741 44 
256 I 138864639 90 
257 I 139574988 52 
258 I 140012933 44 
259 I 140745959 44 
260 I 141645493 52 
261 I 142496585 44 
262 I 142595048 52 
263 I 142866035 93 
264 I 143880153 90 
265 I 144687004 44 
266 I 144865174 44 
267 I 146419347 44 
268 I 147328423 44 
269 I 148629861 52 
270 I 150747404 90 
271 I 151555279 44 
272 I 152675386 52 
273 I 153853364 93 
274 I 154855675 90 
275 I 155630193 44 
276 I 155845002 44 
277 I 155871089 44 
278 I 156522119 52 
279 I 157841864 93 
280 I 160624160 52 
281 I 161857640 93 
282 I 161857888 90 
283 I 162662872 44 
284 I 162878314 90 
285 I 162878314 44 
286 I 163684323 44 
287 I 163850323 44 
288 I 165738683 52 
289 I 166029902 44 
290 I 166878753 93 
291 I 167684359 52 
292 I 167874082 90 
293 I 168682971 52 
294 I 169741902 44 
295 I 170649727 52 
296 I 171056379 90 
297 I 171653590 52 
298 I 171869082 93 
299 I 172282754 44 
300 I 172658152 44 
301 I 172834888 93 
302 I 173267939 1504 
303 I 173712763 52 
304 I 173838217 90 
305 I 174663566 44 
306 I 174871125 93 
307 I 174871841 44 
308 I 175861859 90 
309 I 175862093 90 
310 I 175885851 44 
311 I 175886013 44 
312 I 176633245 44 
313 I 176844239 44 
314 I 177738158 44 
315 I 179621188 52 
316 I 180860250 93 
317 I 181633094 44 
318 I 181633172 52 
319 I 181849938 90 
320 I 182324026 90 
321 I 182662008 44 
322 I 182863652 93 
323 I 182866124 44 
324 I 183142747 44 
325 I 183862312 90 
326 I 184651941 44 
327 I 185968159 44 
328 I 187674052 52 
329 I 188156059 44 
330 I 188170464 52 
331 I 188864637 93 
332 I 189667345 52 
333 I 189818586 93 
334 I 189867998 90 
335 I 190658297 44 
336 I 190859582 93 
337 I 190859802 90 
338 I 190859927 44 
339 I 191659446 44 
340 I 191855385 44 
341 I 193689512 93 
342 I 194122606 44 
343 I 194596804 44 
344 I 194803328 44 
345 I 194905384 90 
346 I 195646669 52 
347 I 196656968 52 
348 I 196744430 44 
349 I 196873186 93 
350 I 197855574 93 
351 I 197859731 90 
352 I 198597219 44 
353 I 198858565 90 
354 I 198858568 44 
355 I 198858718 44 
356 I 199574982 44 
357 I 199856067 44 
358 I 200896109 90 
359 I 201585477 44 
360 I 202936418 44 
361 I 203595415 52 
362 I 204576039 52 
363 I 206554199 52 
364 I 207564219 52 
365 I 207832024 93 
366 I 208668666 44 
367 I 208845455 93 
368 I 208854819 90 
369 I 209537301 52 
370 I 209569000 44 
371 I 209674425 44 
372 I 209869395 90 
373 I 209869427 44 
374 I 210564459 44 
375 I 210864154 93 
376 I 210871556 44 
377 I 212489613 44 
378 I 212893702 44 
379 I 213699457 93 
380 I 214540421 52 
381 I 214604366 44 
382 I 215569794 52 
383 I 216838559 93 
384 I 217523938 52 
385 I 217725154 44 
386 I 217725275 44 
387 I 217868328 90 
388 I 217868334 90 
389 I 218532320 44 
390 I 218863325 44 
391 I 219737937 44 
392 I 223564497 52 
393 I 223585899 52 
394 I 224849787 93 
395 I 224850002 93 
396 I 225679251 44 
397 I 225847914 90 
398 I 225848045 90 
399 I 226555204 44 
400 I 226852330 44 
401 I 227736899 44 
402 I 228960274 90 
403 I 230030545 44 
404 I 230444700 44 
405 I 231560140 52 
406 I 232822672 93 
407 I 235464804 52 
408 I 235727490 93 
409 I 236421248 44 
410 I 236633885 44 
411 I 236844790 93 
412 I 236855825 90 
413 I 237591065 44 
414 I 237850832 44 
415 I 239851235 93 
416 I 240417088 52 
417 I 240655851 44 
418 I 240853437 90 
419 I 241627699 44 
420 I 241834439 93 
421 I 241856029 44 
422 I 242006239 44 
423 I 242850662 90 
424 I 244730449 44 
425 I 245019395 44 
426 I 245530442 52 
427 I 246845398 93 
428 I 247125885 44 
429 I 248587060 52 
430 I 249486412 52 
431 I 249715149 93 
432 I 249854389 93 
433 I 250521102 44 
434 I 250721694 44 
435 I 250838283 93 
436 I 250860138 90 
437 I 250860409 90 
438 I 251561762 44 
439 I 251882825 44 
440 I 252742644 44 
441 I 253739276 93 
442 I 254101970 44 
443 I 254643754 44 
444 I 254843928 90 
445 I 255568790 52 
446 I 255616129 44 
447 I 255850265 44 
448 I 256620817 52 
449 I 256844201 93 
450 I 256846047 90 
451 I 257629012 44 
452 I 257833576 93 
453 I 258854093 90 
454 I 258988871 44 
455 I 259606193 44 
456 I 259675318 93 
457 I 259854187 44 
458 I 260578340 44 
459 I 260633193 52 
460 I 260842452 90 
461 I 261691309 44 
462 I 261849825 44 
463 I 262639476 52 
464 I 263594651 52 
465 I 263600030 44 
466 I 263830370 93 
467 I 264115408 44 
468 I 264116851 1504 
469 I 264118146 1504 
470 I 264635786 52 
471 I 264816475 44 
472 I 264833203 90 
473 I 264979011 1504 
474 I 265407012 44 
475 I 265603674 44 
476 I 265604891 44 
477 I 265845629 44 
478 I 265845799 1504 
479 I 267613324 52 
480 I 268839024 93 
481 I 269035335 44 
482 I 269551448 52 
483 I 269628208 52 
484 I 269730006 44 
485 I 269850547 90 
486 I 270547336 44 
487 I 270834112 44 
488 I 272134986 52 
489 I 272548478 52 
490 I 273588319 52 
491 I 273842034 93 
492 I 274610065 44 
493 I 274839353 44 
494 I 275597310 52 
495 I 275665623 44 
496 I 276568404 52 
497 I 276839993 93 
498 I 277822496 93 
499 I 277826709 90 
500 I 278282353 44 
501 I 278605489 44 
502 I 278844606 44 
503 I 279593272 52 
504 I 279685689 93 
505 I 280829558 93 
506 I 280844644 90 
507 I 282736607 44 
508 I 283615082 52 
509 I 283708197 93 
510 I 283708313 93 
511 I 284612844 44 
512 I 284839252 93 
513 I 284856249 90 
514 I 285834822 90 
515 I 286619441 44 
516 I 286739240 44 
517 I 286855250 44 
518 I 288963766 44 
519 I 289090513 44 
520 I 290657208 52 
521 I 291636360 52 
522 I 292838143 90 
523 I 293666901 52 
524 I 294546449 44 
525 I 294572996 52 
526 I 294844992 93 
527 I 295844595 93 
528 I 295848009 93 
529 I 296683836 44 
530 I 296844941 90 
531 I 296844951 90 
532 I 296845508 580 
533 I 297565779 44 
534 I 297565881 44 
535 I 297841710 44 
536 I 297841712 44 
537 I 298588518 52 
538 I 298694241 44 
539 I 298831087 90 
540 I 299200286 44 
