0 I 0 52 
1 I 491466 52 
2 I 1972509 44 
3 I 4674461 44 
4 I 8572441 44 
5 I 9733077 52 
6 I 10664434 52 
7 I 11661004 52 
8 I 11716126 52 
9 I 12217690 44 
10 I 12668673 52 
11 I 12714316 52 
12 I 12722386 44 
13 I 13170309 44 
14 I 13682447 52 
15 I 14662818 52 
16 I 15013812 44 
17 I 15781399 52 
18 I 16913891 52 
19 I 17362840 44 
20 I 17917993 52 
21 I 18156067 44 
22 I 18912605 52 
23 I 19864511 52 
24 I 19866145 44 
25 I 19980722 44 
26 I 20293523 44 
27 I 20428048 44 
28 I 20918339 44 
29 I 20936419 52 
30 I 23164360 52 
