0 I 0 44 
1 I 488608 44 
2 I 488875 44 
3 I 5719404 52 
4 I 7524159 44 
5 I 8730729 52 
6 I 14550774 44 
7 I 14765787 52 
8 I 16571972 44 
9 I 16572006 44 
10 I 21696167 52 
11 I 23542494 44 
12 I 23542761 44 
13 I 26434369 44 
14 I 28898565 52 
15 I 30633172 44 
16 I 30633433 44 
17 I 32268425 44 
18 I 35946453 52 
19 I 38907232 52 
20 I 43936415 44 
21 I 44942419 52 
22 I 45028770 44 
23 I 46643425 44 
24 I 51712602 52 
25 I 55760228 44 
26 I 55805843 44 
27 I 62118687 44 
28 I 62118938 44 
29 I 67165331 52 
30 I 67272663 44 
31 I 68902650 44 
32 I 68903049 44 
33 I 73973084 52 
34 I 78712934 44 
35 I 78713289 44 
36 I 83798596 52 
37 I 85680512 44 
38 I 87971205 44 
39 I 88263950 44 
40 I 88264003 44 
41 I 93396831 52 
42 I 97528638 44 
43 I 98017619 44 
44 I 98017892 44 
45 I 103154928 52 
46 I 104897395 44 
47 I 104897612 44 
48 I 109926877 52 
49 I 112939659 52 
50 I 113945529 44 
51 I 118852444 44 
52 I 118974882 52 
53 I 136039394 52 
54 I 140537037 44 
55 I 140537212 44 
56 I 145640776 52 
57 I 148648104 52 
58 I 154562904 44 
59 I 154683579 52 
60 I 171935716 52 
61 I 173682979 44 
62 I 173683103 44 
63 I 178743098 52 
64 I 180325007 44 
65 I 180325453 44 
66 I 185357424 52 
67 I 192388653 44 
68 I 195950309 44 
69 I 195950828 44 
70 I 200984271 52 
71 I 223555702 44 
72 I 223555977 44 
73 I 226301777 44 
74 I 228614322 52 
75 I 230073950 44 
76 I 230074203 44 
77 I 231935021 44 
78 I 235279067 52 
79 I 238271992 52 
80 I 243201471 44 
81 I 244192036 44 
82 I 244307104 52 
83 I 261255141 52 
84 I 262864129 44 
85 I 262864928 44 
86 I 265732717 44 
87 I 267891462 52 
88 I 271670328 44 
89 I 277408423 44 
90 I 277408569 44 
91 I 278808920 44 
92 I 282473975 52 
93 I 286988547 44 
94 I 292248253 52 
95 I 293783866 44 
96 I 293784291 44 
97 I 298860425 52 
