0 I 0 52 
1 I 227268 44 
2 I 458779 44 
3 I 699760 44 
4 I 838596 44 
5 I 940750 44 
6 I 1091139 44 
7 I 1188422 44 
8 I 1189684 44 
9 I 1337903 44 
10 I 1434412 44 
11 I 1434412 44 
12 I 1434772 44 
13 I 1538683 44 
14 I 1589629 44 
15 I 1677817 44 
16 I 1679293 44 
17 I 1681705 44 
18 I 1682651 44 
19 I 1785532 44 
20 I 1838438 44 
21 I 1920451 44 
22 I 1923588 44 
23 I 1924555 44 
24 I 2031161 44 
25 I 2081705 44 
26 I 2165088 44 
27 I 2169244 44 
28 I 2172445 44 
29 I 2282285 44 
30 I 2328928 44 
31 I 2408697 44 
32 I 2412991 44 
33 I 2416990 44 
34 I 2418776 44 
35 I 2542098 44 
36 I 2580812 44 
37 I 2655902 44 
38 I 2661429 44 
39 I 2667253 44 
40 I 2670281 44 
41 I 2801481 44 
42 I 2854127 44 
43 I 2924620 44 
44 I 2932588 44 
45 I 2936919 44 
46 I 2939493 44 
47 I 3068023 44 
48 I 3119417 44 
49 I 3194835 44 
50 I 3200804 44 
51 I 3208694 44 
52 I 3211805 44 
53 I 3338446 44 
54 I 3386147 44 
55 I 3463324 44 
56 I 3471406 44 
57 I 3478543 44 
58 I 3481422 44 
59 I 3605565 44 
60 I 3650457 44 
61 I 3726735 44 
62 I 3736705 44 
63 I 3743342 44 
64 I 3745679 44 
65 I 3861889 44 
66 I 3906456 44 
67 I 3977429 44 
68 I 3988532 44 
69 I 3994588 44 
70 I 3997938 44 
71 I 4110376 44 
72 I 4150758 44 
73 I 4220905 44 
74 I 4231058 44 
75 I 4235459 44 
76 I 4238483 44 
77 I 4352909 44 
78 I 4386348 44 
79 I 4459251 44 
80 I 4469778 44 
81 I 4475057 44 
82 I 4478409 44 
83 I 4600562 44 
84 I 4638936 44 
85 I 4710074 44 
86 I 4719525 44 
87 I 4725957 44 
88 I 4730908 44 
89 I 4848848 44 
90 I 4887801 44 
91 I 4952052 44 
92 I 4959792 44 
93 I 4964974 44 
94 I 4972387 44 
95 I 5096513 44 
96 I 5137734 44 
97 I 5202992 44 
98 I 5212013 44 
99 I 5217082 44 
100 I 5225664 44 
101 I 5348334 44 
102 I 5392458 44 
103 I 5462313 44 
104 I 5470810 44 
105 I 5476411 44 
106 I 5485192 44 
107 I 5608214 44 
108 I 5651350 44 
109 I 5726636 44 
110 I 5734503 44 
111 I 5740622 44 
112 I 5748952 44 
113 I 5863306 44 
114 I 5908051 44 
115 I 5985262 44 
116 I 5995280 44 
117 I 6001285 44 
118 I 6007989 44 
119 I 6127608 44 
120 I 6174421 44 
121 I 6245615 44 
122 I 6255678 44 
123 I 6261349 44 
124 I 6269559 44 
125 I 6387590 44 
126 I 6431902 44 
127 I 6491511 44 
128 I 6505143 44 
129 I 6513193 44 
130 I 6521765 44 
131 I 6640070 44 
132 I 6678304 44 
133 I 6740932 44 
134 I 6754215 44 
135 I 6763293 44 
136 I 6773516 44 
137 I 6890290 44 
138 I 6926398 44 
139 I 6994591 44 
140 I 7005226 44 
141 I 7011791 44 
142 I 7023885 44 
143 I 7145653 56 
144 I 7146242 44 
145 I 22867185 44 
146 I 24704349 44 
