0 I 0 52 
1 I 714243 44 
2 I 5492271 44 
3 I 6219963 44 
4 I 7508580 44 
5 I 8242916 44 
6 I 10026373 52 
7 I 10713680 44 
8 I 10765570 44 
9 I 11467482 44 
10 I 12213770 44 
11 I 12273930 44 
12 I 12325864 44 
13 I 12966292 44 
14 I 13030287 44 
15 I 13226288 44 
16 I 13227267 44 
17 I 13721514 44 
18 I 13782315 44 
19 I 13924399 44 
20 I 13999654 44 
21 I 14001310 44 
22 I 14465384 44 
23 I 14521966 44 
24 I 14656822 44 
25 I 14724072 44 
26 I 14736343 44 
27 I 14747693 44 
28 I 15271811 44 
29 I 15391739 44 
30 I 15491703 44 
31 I 15503738 44 
32 I 16154181 44 
33 I 16164322 44 
34 I 16174239 44 
35 I 16185801 44 
36 I 16189877 44 
37 I 16218448 44 
38 I 16229992 44 
39 I 16353734 44 
40 I 16355262 44 
41 I 16880222 44 
42 I 16944431 44 
43 I 16962121 44 
44 I 17085739 44 
45 I 17091673 52 
46 I 17253993 44 
47 I 17554704 44 
48 I 17642382 44 
49 I 17643507 44 
50 I 17648129 44 
51 I 17674168 44 
52 I 17679801 44 
53 I 17687753 44 
54 I 17694174 44 
55 I 17817638 44 
56 I 17819208 44 
57 I 18000390 44 
58 I 18004400 44 
59 I 18333881 44 
60 I 18629928 44 
