0 I 0 52 
1 I 2837001 44 
2 I 2971973 52 
3 I 9184819 52 
4 I 42728731 52 
5 I 45630526 44 
6 I 45778123 52 
7 I 46508327 44 
8 I 46510841 104 
9 I 52284695 44 
10 I 52533933 184 
11 I 64802212 184 
12 I 86731741 44 
13 I 86733595 52 
14 I 86734841 44 
15 I 89668288 184 
16 I 89899174 52 
17 I 90448796 104 
18 I 96353121 44 
19 I 99657355 184 
20 I 100398382 44 
21 I 136207625 113 
22 I 138960346 146 
23 I 141337644 184 
24 I 144699279 146 
25 I 155937793 146 
26 I 178735990 44 
27 I 179294717 56 
28 I 180248815 44 
29 I 227854859 44 
