0 I 0 52 
1 I 1247 44 
2 I 2667853 44 
3 I 2672095 104 
4 I 5640390 184 
5 I 5840562 44 
6 I 8429328 44 
7 I 8431640 90 
8 I 10617835 44 
9 I 11501185 56 
10 I 11502410 56 
11 I 13790995 64 
12 I 13792538 64 
13 I 13862340 64 
14 I 13864031 64 
15 I 15952045 64 
16 I 20921655 64 
17 I 20923413 64 
18 I 25479051 56 
19 I 27534111 56 
20 I 27677189 44 
21 I 27678464 44 
22 I 29976060 56 
23 I 29976610 56 
24 I 32284476 56 
25 I 32285375 56 
26 I 32339531 56 
27 I 34643122 64 
28 I 34644883 64 
29 I 34694818 64 
30 I 34696187 64 
31 I 36782552 64 
32 I 36784075 64 
33 I 36845576 56 
34 I 36846516 56 
35 I 36899537 56 
36 I 77554663 44 
37 I 79269806 56 
38 I 79271138 56 
39 I 81258620 44 
40 I 81259441 44 
