0 I 0 44 
1 I 682316 44 
2 I 982651 44 
3 I 6820453 52 
4 I 7083884 44 
5 I 8086698 44 
6 I 9136386 44 
7 I 15189417 44 
8 I 16178360 44 
9 I 17313378 44 
10 I 18621318 44 
11 I 19289018 44 
12 I 19823681 44 
13 I 22680050 44 
14 I 23349128 44 
15 I 24414470 44 
16 I 24785587 44 
17 I 25501491 44 
18 I 25836246 44 
19 I 26934434 44 
20 I 31599266 44 
21 I 32654773 52 
22 I 32957370 44 
23 I 33964565 44 
24 I 38448082 44 
25 I 39027134 44 
26 I 39337135 44 
27 I 44499923 44 
28 I 45515773 44 
29 I 46549194 44 
30 I 52585916 44 
31 I 53637777 44 
32 I 54731338 44 
33 I 57407611 52 
34 I 60387264 52 
35 I 60803382 44 
36 I 61783854 44 
37 I 62813570 52 
38 I 66420707 44 
39 I 66422204 52 
40 I 66422204 44 
41 I 67101751 44 
42 I 67495501 44 
43 I 72566023 44 
44 I 73688965 44 
45 I 74698611 44 
46 I 83881173 44 
47 I 92174399 44 
48 I 93220223 44 
49 I 94275764 44 
50 I 100374769 52 
51 I 103915277 44 
52 I 104956690 44 
53 I 105294259 44 
54 I 108376848 44 
55 I 110489815 44 
56 I 111560737 44 
57 I 112549820 44 
58 I 117284700 44 
59 I 118629254 44 
60 I 119600265 44 
61 I 120525271 44 
62 I 123305382 44 
63 I 124185280 52 
64 I 127610934 44 
65 I 131031373 44 
66 I 131598831 44 
67 I 133716060 44 
68 I 134541647 44 
69 I 135561805 44 
70 I 138122284 52 
71 I 141134800 44 
72 I 141517679 44 
73 I 141986379 44 
74 I 142242460 44 
75 I 142519033 44 
76 I 143528587 44 
77 I 147412792 44 
78 I 148390767 44 
79 I 149312240 44 
80 I 149490708 44 
81 I 150564937 44 
82 I 151482680 52 
83 I 152747091 44 
84 I 153571927 44 
85 I 153794727 44 
86 I 155287895 44 
87 I 156303859 44 
88 I 158993146 44 
89 I 159960061 52 
90 I 166650511 44 
91 I 167215052 44 
92 I 167525026 44 
93 I 172716679 52 
94 I 174832778 44 
95 I 175751949 44 
96 I 176628061 44 
97 I 179253263 44 
98 I 180052231 44 
99 I 182669553 44 
100 I 183522680 44 
101 I 184514260 44 
102 I 190545768 52 
103 I 193491650 52 
104 I 199525067 52 
105 I 199541001 44 
106 I 211237194 44 
107 I 212174923 44 
108 I 213075877 52 
109 I 215605839 44 
110 I 215800625 44 
111 I 216114801 44 
112 I 216245237 44 
113 I 216291306 44 
114 I 218894204 44 
115 I 218912384 44 
116 I 219092293 44 
117 I 221552675 44 
118 I 222156989 44 
119 I 222507251 52 
120 I 223526150 44 
121 I 228110471 44 
122 I 243302529 44 
123 I 243327349 44 
124 I 244143040 44 
125 I 245100025 44 
126 I 248755859 44 
127 I 249695460 44 
128 I 250598261 44 
129 I 251071754 44 
130 I 252057109 44 
131 I 252977660 44 
132 I 256589880 44 
133 I 259049705 44 
134 I 260074604 52 
135 I 265268726 44 
136 I 265446032 44 
137 I 266004538 44 
138 I 266408257 44 
139 I 271414177 44 
140 I 271489205 44 
141 I 272225114 44 
142 I 273246527 44 
143 I 279163972 44 
144 I 280106769 44 
145 I 280382918 44 
146 I 286337180 44 
147 I 295312894 52 
148 I 298306669 52 
149 I 298582238 52 
