0 I 0 52 
1 I 854235 44 
2 I 4027924 44 
3 I 11016490 56 
4 I 11220820 44 
5 I 11979691 44 
6 I 13072689 44 
7 I 13182050 44 
8 I 13222282 44 
9 I 13251262 52 
10 I 14104574 44 
11 I 14121178 44 
12 I 15508174 44 
13 I 15607164 56 
14 I 15886926 44 
15 I 16185716 44 
16 I 16477982 56 
17 I 16773468 44 
18 I 17070049 44 
19 I 17521280 44 
20 I 17811823 44 
21 I 18111419 44 
22 I 18413273 44 
23 I 18533042 44 
24 I 18823064 56 
25 I 19122168 64 
26 I 19417402 56 
27 I 19705787 56 
28 I 19995564 56 
29 I 20281333 56 
30 I 20474334 44 
31 I 20516644 52 
32 I 20599642 56 
33 I 20894676 56 
34 I 21167918 44 
35 I 21459538 44 
36 I 21687499 44 
37 I 21933865 56 
38 I 22132528 56 
39 I 22430897 56 
40 I 22722747 44 
41 I 23016419 44 
42 I 23139199 44 
43 I 23143703 44 
44 I 23547091 44 
45 I 23743905 56 
46 I 23984587 44 
47 I 24448195 44 
48 I 27472922 44 
49 I 27669008 44 
50 I 28854448 44 
51 I 28991697 44 
52 I 29956380 44 
53 I 30107528 44 
54 I 30365848 44 
55 I 30564290 56 
56 I 30968089 56 
57 I 31147948 44 
58 I 31348103 56 
59 I 31507255 56 
60 I 31640247 44 
61 I 31880073 44 
62 I 32031040 44 
63 I 32283165 44 
64 I 32422764 44 
65 I 32552379 44 
66 I 33183840 44 
67 I 33492766 44 
68 I 33552237 56 
69 I 33692700 44 
70 I 34287126 44 
71 I 34479987 44 
72 I 35896576 44 
73 I 36148052 44 
74 I 37112809 44 
75 I 38623444 44 
76 I 38813719 44 
77 I 40124758 44 
78 I 40427711 44 
79 I 41005305 56 
80 I 41269971 44 
81 I 42423035 44 
82 I 43635798 56 
83 I 43930271 44 
84 I 47606642 44 
85 I 49148293 56 
86 I 49429574 44 
87 I 50783480 44 
88 I 51034479 56 
89 I 51298011 44 
90 I 52598168 44 
91 I 52807177 44 
92 I 52905284 44 
93 I 53299578 44 
94 I 53910588 44 
95 I 54209942 44 
96 I 54436408 44 
97 I 54921963 44 
98 I 55212172 44 
99 I 55304094 44 
100 I 55717729 44 
101 I 56210426 44 
102 I 56524129 44 
103 I 56626105 44 
104 I 57026199 44 
105 I 57425501 44 
106 I 57597848 44 
107 I 58026533 44 
108 I 58338427 44 
109 I 58446465 44 
110 I 58939667 44 
111 I 59239038 44 
112 I 59361147 44 
113 I 59844507 44 
114 I 60052955 44 
115 I 60092060 44 
116 I 60542005 44 
117 I 60842818 44 
118 I 60984845 44 
119 I 61456135 44 
120 I 61746715 44 
121 I 62053836 44 
122 I 62361598 44 
123 I 62562080 44 
124 I 62747965 56 
125 I 63039472 56 
126 I 63343182 56 
127 I 63637522 56 
128 I 63925714 56 
129 I 64241066 56 
130 I 64545008 56 
131 I 64834451 44 
132 I 65278935 44 
133 I 65389182 44 
134 I 65402188 44 
135 I 65421451 44 
136 I 65470410 52 
137 I 65714368 44 
138 I 66005330 44 
139 I 66279614 44 
140 I 66296425 44 
