0 I 0 52 
1 I 1179788 52 
2 I 2381758 52 
3 I 7638185 52 
4 I 8232916 52 
5 I 8891805 52 
6 I 9493125 52 
7 I 10095117 52 
8 I 10693512 52 
9 I 16013324 52 
10 I 16604080 52 
11 I 17204135 52 
12 I 17804364 52 
13 I 19006064 52 
14 I 23213265 52 
15 I 24776410 52 
16 I 27718983 52 
17 I 28820766 52 
18 I 29082294 52 
19 I 30223409 52 
20 I 31324467 52 
21 I 34576426 52 
22 I 35823846 52 
23 I 36926543 52 
24 I 37326715 52 
25 I 40137399 52 
26 I 43344916 52 
27 I 46156785 52 
28 I 46258114 52 
29 I 47361104 52 
30 I 52031187 52 
31 I 53081632 52 
32 I 53243047 52 
33 I 54183176 52 
34 I 54283745 52 
35 I 60032896 52 
36 I 60292098 52 
37 I 61093358 52 
38 I 62196109 52 
39 I 66211800 52 
40 I 67404310 52 
41 I 68226440 52 
42 I 68604050 52 
43 I 69405494 52 
44 I 70507512 52 
45 I 85986290 52 
46 I 87906098 52 
47 I 89034840 52 
48 I 90237830 52 
49 I 93141502 52 
50 I 96048341 52 
51 I 97146793 52 
52 I 98248236 52 
53 I 110188210 52 
54 I 111268325 52 
55 I 112369721 52 
56 I 115327433 52 
57 I 116376949 52 
58 I 118037763 52 
59 I 120982566 52 
60 I 121983699 52 
61 I 122383906 52 
62 I 128033216 52 
63 I 130997426 52 
64 I 137006157 52 
65 I 139105735 52 
66 I 140110713 52 
67 I 141213243 52 
68 I 146952052 52 
69 I 148022189 52 
70 I 149123866 52 
71 I 154193011 52 
72 I 154922030 52 
73 I 155232798 52 
74 I 156034738 52 
75 I 156334315 52 
76 I 157135859 52 
77 I 162115764 52 
78 I 163144886 52 
79 I 164245961 52 
80 I 170016022 52 
81 I 171055808 52 
82 I 172057831 52 
83 I 174143555 52 
84 I 175161885 52 
85 I 176163908 52 
86 I 181854541 52 
87 I 182874661 52 
88 I 183976236 52 
89 I 189515612 52 
90 I 190585806 52 
91 I 191687586 52 
92 I 197456649 52 
93 I 198496478 52 
94 I 199598499 52 
95 I 201161722 52 
