0 I 0 52 
1 I 3088310 52 
2 I 4272990 44 
3 I 4385681 390 
4 I 6691623 44 
5 I 9699819 390 
6 I 13990373 44 
7 I 15784391 44 
8 I 18103356 44 
9 I 19400420 44 
10 I 20888205 44 
11 I 23818004 44 
12 I 25307713 44 
13 I 26795540 44 
14 I 27483567 44 
15 I 28827910 44 
16 I 31694526 44 
17 I 32109257 44 
18 I 35360114 44 
19 I 35871063 44 
20 I 36622981 44 
21 I 39632677 44 
22 I 41234595 44 
23 I 43234182 44 
24 I 43715585 44 
25 I 44450326 44 
26 I 49509475 56 
27 I 50581449 56 
28 I 54758757 56 
29 I 56455437 56 
30 I 57480168 56 
31 I 62635474 56 
32 I 90999378 44 
33 I 95977226 56 
34 I 101052594 56 
35 I 106206283 44 
36 I 151587680 44 
37 I 156180010 56 
