0 I 0 44 
1 I 118869 44 
2 I 194069 44 
3 I 621024 44 
4 I 743848 44 
5 I 823115 44 
6 I 1225056 44 
7 I 1354892 44 
8 I 1428357 44 
9 I 1831844 44 
10 I 1961902 44 
11 I 2030881 44 
12 I 2435790 44 
13 I 2576810 44 
14 I 2648144 44 
15 I 3046061 44 
16 I 3186644 44 
17 I 3253981 44 
18 I 3648471 44 
19 I 3790331 44 
20 I 3850859 44 
21 I 4238424 44 
22 I 4382393 44 
23 I 4443103 44 
24 I 4840306 44 
25 I 4988425 44 
26 I 5045981 44 
27 I 5437673 44 
28 I 5584018 44 
29 I 5639697 44 
30 I 6032244 44 
31 I 6175871 44 
32 I 6230607 44 
33 I 6623077 44 
34 I 6772405 44 
35 I 6827899 44 
36 I 7215509 44 
37 I 7372942 44 
38 I 7428611 44 
39 I 7809523 44 
40 I 7973574 44 
41 I 8024930 44 
42 I 8401307 44 
43 I 8562615 44 
44 I 8618551 44 
45 I 8982890 44 
46 I 9136410 44 
47 I 9186672 44 
48 I 9559310 44 
49 I 9709886 44 
50 I 11101239 44 
51 I 13311431 44 
52 I 17098836 44 
53 I 24140092 44 
54 I 37675912 44 
55 I 64208420 44 
56 I 75800794 44 
