0 I 0 1484 
1 I 873950 64 
2 I 874767 1496 
3 I 1270920 1484 
4 I 1271164 1484 
5 I 1271607 1484 
6 I 1340195 1496 
7 I 1681532 1496 
8 I 2200021 64 
9 I 2200034 1496 
10 I 2200246 1496 
11 I 2498311 1484 
12 I 2599567 1484 
13 I 2731888 1484 
14 I 2914934 64 
15 I 2915293 1496 
16 I 2957053 1484 
17 I 3497415 64 
18 I 3950986 1484 
19 I 3951062 1484 
20 I 4047318 64 
21 I 4047335 1496 
22 I 4047531 1496 
23 I 4419603 1484 
24 I 4725156 1484 
25 I 4779090 64 
26 I 5202937 1484 
27 I 6029744 1496 
28 I 7320286 1484 
29 I 7409079 64 
30 I 7409978 1496 
31 I 8599311 1496 
32 I 8599507 1496 
33 I 8599615 1496 
34 I 8655755 1484 
35 I 8655905 1484 
36 I 9050001 1496 
37 I 9249737 1484 
38 I 9938158 1484 
39 I 9938273 1484 
40 I 9938435 1484 
41 I 9938959 64 
42 I 10316136 1496 
43 I 10316343 1496 
44 I 10316554 1496 
45 I 10340843 64 
46 I 10341947 1496 
47 I 10523332 1484 
48 I 10523617 1496 
49 I 10523828 1496 
50 I 10931306 64 
51 I 11194469 1484 
52 I 11568086 1484 
53 I 11663342 1496 
54 I 11854946 1496 
55 I 11859716 64 
56 I 11860122 64 
57 I 11860138 1496 
58 I 11923755 64 
59 I 11923771 1496 
60 I 11924016 1496 
61 I 12011234 1496 
62 I 12011490 1496 
63 I 12920594 1496 
64 I 13129646 1496 
65 I 13208945 64 
66 I 13209437 1496 
67 I 13259714 1484 
68 I 13509551 1496 
69 I 13529229 64 
70 I 13547678 64 
71 I 13548375 1496 
72 I 14179727 64 
73 I 14180644 1496 
74 I 14232965 1496 
75 I 14514033 1484 
76 I 14514245 1484 
77 I 14582294 64 
78 I 14804060 1484 
79 I 14804149 1484 
80 I 15863947 64 
81 I 15863963 1496 
82 I 15864153 1496 
83 I 15910934 64 
84 I 16400013 1496 
85 I 17656858 1496 
86 I 18349408 1496 
87 I 18991004 64 
88 I 18991216 64 
89 I 18991233 1496 
90 I 19170416 1496 
91 I 19624800 1496 
92 I 19624974 1496 
93 I 19962975 1496 
94 I 20187008 64 
95 I 20187931 1504 
96 I 20272425 64 
97 I 20272973 1496 
98 I 20763082 1496 
99 I 20763616 1496 
100 I 20763702 1496 
101 I 21199625 1484 
102 I 21241046 1504 
103 I 21255560 1504 
104 I 21255775 1504 
105 I 21316638 64 
106 I 21457462 1504 
107 I 22045620 1496 
108 I 22130152 1484 
109 I 22209053 1496 
110 I 22367694 1484 
111 I 22443784 1504 
112 I 22558228 1496 
113 I 22654621 1504 
114 I 22853610 76 
115 I 22853617 1484 
116 I 23558720 68 
117 I 23558735 1484 
118 I 23558916 1484 
119 I 23591631 1484 
120 I 23591850 1484 
121 I 23591959 1484 
122 I 23829128 68 
123 I 24879550 1484 
124 I 24950247 68 
125 I 24950262 1484 
126 I 25214052 1484 
127 I 25225193 68 
128 I 26157914 68 
129 I 26157932 1484 
130 I 26158181 1484 
131 I 26426043 68 
132 I 26427042 1484 
133 I 27516284 68 
134 I 27516746 1484 
135 I 27816424 68 
136 I 27848125 1484 
137 I 28111664 68 
138 I 28629178 64 
139 I 29205894 68 
140 I 29205913 1484 
141 I 29206202 1484 
142 I 29759202 1484 
143 I 30688333 68 
144 I 31662432 68 
145 I 31663228 1484 
146 I 32704623 68 
147 I 32704865 1484 
148 I 33027652 68 
149 I 33028516 1484 
150 I 33028550 68 
151 I 33028786 1484 
152 I 34039921 68 
153 I 36219377 1484 
154 I 36389697 1484 
155 I 37368987 1484 
156 I 37469817 68 
157 I 37469834 1484 
158 I 37942238 1484 
159 I 37942486 1484 
160 I 39272091 1484 
161 I 39272252 1484 
162 I 39272368 68 
163 I 39519543 1484 
164 I 40515865 1484 
165 I 41208996 1484 
166 I 42571482 68 
167 I 42571498 1484 
168 I 42649685 1484 
169 I 43268399 64 
170 I 44220397 76 
171 I 44220413 1484 
172 I 44220753 1484 
173 I 46038813 1484 
174 I 47282388 68 
175 I 47938798 1484 
176 I 48411908 68 
177 I 48411923 1484 
178 I 48412093 1484 
179 I 49071085 1484 
180 I 49408973 1484 
181 I 49638903 68 
182 I 49639625 1484 
183 I 50545500 68 
184 I 50546619 1484 
185 I 50562788 68 
186 I 50563725 1484 
187 I 50949037 68 
188 I 51443866 68 
189 I 51443882 1484 
190 I 51854809 1484 
191 I 51854814 68 
192 I 52739459 68 
193 I 52739475 1484 
194 I 53084287 68 
195 I 53084302 1484 
196 I 53880632 68 
197 I 53880649 1484 
198 I 55448927 1484 
199 I 56682027 68 
200 I 56682028 1484 
201 I 57108574 1484 
202 I 58211261 76 
203 I 58211604 76 
204 I 58211626 1484 
205 I 59038538 1484 
206 I 59099225 1484 
207 I 59410363 76 
208 I 59410951 1484 
209 I 60559447 76 
210 I 60570736 1504 
211 I 60571062 1504 
212 I 60950877 1504 
213 I 61511905 1504 
214 I 61928556 1504 
215 I 62277833 1504 
216 I 62439182 1484 
217 I 64057864 68 
218 I 64248458 1496 
219 I 65067056 1484 
220 I 65506632 64 
221 I 65507446 1496 
222 I 66507044 64 
223 I 66507060 1496 
224 I 67848416 1484 
225 I 69160337 1484 
226 I 69160499 1484 
227 I 69160801 1484 
228 I 70404064 1484 
229 I 70679462 1484 
230 I 72218244 1484 
231 I 73098281 1496 
232 I 73516919 1484 
233 I 73517062 1484 
234 I 73959396 1484 
235 I 74339082 64 
236 I 75332588 1496 
237 I 75332824 1496 
238 I 75333001 1496 
239 I 76578680 1496 
240 I 77818156 1496 
241 I 79223993 1496 
242 I 79224241 1496 
243 I 80368933 1484 
244 I 80476800 1496 
245 I 80476993 1496 
246 I 80811193 1496 
247 I 81723543 1484 
248 I 81723740 1484 
249 I 81723931 1484 
250 I 81938945 1496 
251 I 83119886 1484 
252 I 83478268 1496 
253 I 84358557 1484 
254 I 84747577 1496 
255 I 84747699 1496 
256 I 85684939 1484 
257 I 85685120 1484 
258 I 86051972 1496 
259 I 86052108 1496 
260 I 86177844 64 
261 I 87088111 1484 
262 I 87088388 1484 
263 I 87088526 1484 
264 I 87130791 1504 
265 I 87130974 1504 
266 I 87131083 1504 
267 I 87348105 1496 
268 I 88346879 1484 
269 I 88635440 1484 
270 I 88635532 1484 
271 I 88991413 1484 
272 I 88991615 1484 
273 I 89616704 1484 
274 I 90024387 1484 
275 I 90024509 1484 
276 I 90208410 1504 
277 I 90216153 1484 
278 I 90216283 1484 
279 I 90327403 1484 
280 I 91505955 1504 
281 I 91506217 1504 
282 I 91646894 1484 
283 I 91927962 1484 
284 I 92097901 1484 
285 I 92735292 1504 
286 I 92735487 1504 
287 I 93171288 1484 
288 I 93171399 1484 
289 I 93217684 1484 
290 I 94147737 1504 
291 I 94510839 1484 
292 I 94510949 1484 
293 I 94574736 1484 
294 I 94575037 1484 
295 I 94863431 1484 
296 I 95664209 1504 
297 I 95664373 1504 
298 I 96307638 1484 
299 I 96307862 1484 
300 I 96308056 1484 
301 I 97042243 1504 
302 I 97042512 1504 
303 I 97602894 1484 
304 I 97717668 1484 
305 I 98017360 1484 
306 I 98077835 1484 
307 I 98557922 1504 
308 I 99748168 1484 
309 I 100914153 1484 
310 I 100914234 1484 
311 I 102332268 1484 
312 I 102332383 1484 
313 I 102332587 1484 
314 I 103852565 1484 
315 I 104137549 1484 
316 I 104173473 1484 
317 I 104357865 1504 
318 I 104470768 1484 
319 I 104471017 1484 
320 I 105214963 1484 
321 I 105435523 1484 
322 I 105492342 1484 
323 I 105607190 1504 
324 I 105607336 1504 
325 I 106626984 1484 
326 I 106627168 1484 
327 I 106627267 1484 
328 I 106800053 1504 
329 I 106800583 1504 
330 I 106800914 1504 
331 I 107790675 1484 
332 I 108039131 1504 
333 I 108068448 1484 
334 I 108367927 1504 
335 I 108780859 1504 
336 I 108781053 1504 
337 I 109160795 1496 
338 I 109708052 1484 
339 I 109983276 1496 
340 I 109983466 1496 
341 I 109983592 1496 
342 I 110364906 1496 
343 I 110887441 1484 
344 I 110887580 1484 
345 I 112191318 1484 
346 I 112191589 1484 
347 I 112455592 1484 
348 I 112967433 1496 
349 I 113286839 64 
350 I 113449619 1484 
351 I 113815809 1484 
352 I 114141832 1496 
353 I 114142116 1496 
354 I 115267712 1484 
355 I 115587272 1484 
356 I 115801092 1504 
357 I 115801355 1504 
358 I 115801456 1504 
359 I 116436179 1484 
360 I 116436550 1484 
361 I 117618614 1484 
362 I 117618795 1484 
363 I 117618886 1484 
364 I 118790519 1496 
365 I 119249734 1504 
366 I 121369445 1484 
367 I 121867020 1484 
368 I 122477015 1484 
369 I 122477127 1496 
370 I 122987396 1484 
371 I 122987623 1484 
372 I 123594334 1496 
373 I 123594592 1496 
374 I 123594883 1496 
375 I 124139379 1484 
376 I 124139635 1484 
377 I 126137141 1484 
378 I 126147081 1496 
379 I 127197266 1496 
380 I 127312342 1484 
381 I 127312529 1484 
382 I 128408313 1496 
383 I 128408585 1496 
384 I 128552404 1484 
385 I 128552680 1484 
386 I 128552797 1484 
387 I 129878915 1496 
388 I 129879193 1496 
389 I 129879447 1496 
390 I 129950132 1484 
391 I 130314216 1484 
392 I 130697169 1484 
393 I 131185787 1484 
394 I 131185892 1484 
395 I 131504303 1484 
396 I 131921511 1484 
397 I 132368831 1484 
398 I 133064649 1484 
399 I 133064841 1484 
400 I 133066755 1496 
401 I 133378972 1484 
402 I 133379064 1484 
403 I 134240340 1484 
404 I 134240436 1484 
405 I 134292164 1496 
406 I 134292336 1496 
407 I 134573146 1484 
408 I 134906020 1484 
409 I 136166629 1484 
410 I 137336605 1484 
411 I 137336863 1484 
412 I 138570611 1484 
413 I 138570784 1484 
414 I 138570926 1484 
415 I 139946850 1496 
416 I 141171371 64 
417 I 141171940 1496 
418 I 141686663 1484 
419 I 142246921 1496 
420 I 142986663 1484 
421 I 143395759 1496 
422 I 143396124 1496 
423 I 143396354 1496 
424 I 144079549 1484 
425 I 144079851 1484 
426 I 144080094 1484 
427 I 146176610 1484 
428 I 146536448 1496 
429 I 147106431 1484 
430 I 147346222 68 
431 I 147346798 1496 
432 I 147347058 1496 
433 I 147945046 1484 
434 I 147945383 1484 
435 I 148511836 1496 
436 I 148511944 1496 
437 I 148696056 64 
438 I 149148623 1484 
439 I 149148803 1484 
440 I 149449836 1484 
441 I 149885845 1496 
442 I 151336361 1496 
443 I 152386338 1484 
444 I 152836349 1496 
445 I 153970805 1496 
446 I 153971171 1496 
447 I 155447857 1496 
448 I 155448196 1496 
449 I 155448303 1496 
450 I 155660293 64 
451 I 156587793 1496 
452 I 156642478 56 
453 I 156644306 1496 
454 I 156644462 1496 
455 I 156996614 1496 
456 I 157802092 1496 
457 I 157802564 1496 
458 I 158118506 1496 
459 I 158118756 1496 
460 I 158185939 64 
461 I 158186354 1496 
462 I 158506332 1496 
463 I 158866778 1484 
464 I 158959541 64 
465 I 158960248 1496 
466 I 159269926 64 
467 I 159953281 1484 
468 I 159953476 1484 
469 I 160315046 64 
470 I 160315063 1496 
471 I 160325964 1496 
472 I 160990627 1484 
473 I 160990876 1484 
474 I 161376314 64 
475 I 161377029 1496 
476 I 162202273 1484 
477 I 162202395 1484 
478 I 163106595 64 
479 I 163836461 1484 
480 I 163909066 64 
481 I 163909083 1496 
482 I 164626012 1496 
483 I 164666052 1496 
484 I 164975636 1484 
485 I 165869741 1496 
486 I 165869848 1496 
487 I 167268995 1496 
488 I 167269110 1496 
489 I 169506542 1496 
490 I 170815631 64 
491 I 170816071 64 
492 I 170816085 1496 
493 I 171205904 1496 
494 I 171326916 1484 
495 I 171639095 1496 
496 I 171645271 64 
497 I 172529701 1484 
498 I 172529927 1484 
499 I 172530054 1484 
500 I 172542107 1496 
501 I 172635991 64 
502 I 172636420 64 
503 I 172636436 1496 
504 I 172762999 64 
505 I 173724725 1484 
506 I 174125298 1496 
507 I 174125406 1496 
508 I 174125608 1496 
509 I 174896149 1484 
510 I 175004924 64 
511 I 175905616 1496 
512 I 175905845 1496 
513 I 175992524 64 
514 I 175992540 1496 
515 I 176155843 1484 
516 I 176192499 1484 
517 I 176192781 1484 
518 I 176865824 1496 
519 I 177321355 1484 
520 I 177321750 1484 
521 I 177321992 1484 
522 I 178483811 1484 
523 I 178844317 1484 
524 I 178855832 1496 
525 I 180025997 1484 
526 I 180356298 1496 
527 I 180356425 1496 
528 I 181187820 1484 
529 I 181695002 1496 
530 I 181695172 1496 
531 I 181695651 1496 
532 I 182845461 1496 
533 I 183220091 1496 
534 I 184386248 1496 
535 I 185256771 1496 
536 I 186448858 1496 
537 I 186448941 1496 
538 I 187265814 1484 
539 I 187537438 1496 
540 I 187537615 1496 
541 I 189826255 1496 
542 I 191008798 1496 
543 I 192165762 1496 
544 I 192165993 1496 
545 I 192166321 1496 
546 I 193307995 1496 
547 I 195097693 1496 
548 I 196245284 1496 
549 I 196245413 1496 
550 I 197391234 1496 
551 I 197391530 1496 
552 I 197751667 1496 
553 I 198525116 1496 
554 I 199426912 1484 
555 I 200277152 1496 
556 I 200450435 1484 
557 I 200450765 1484 
558 I 200451034 1484 
559 I 201186646 1496 
560 I 201347010 1496 
561 I 201600426 1496 
562 I 201600558 1496 
563 I 201657712 1484 
564 I 202379116 64 
565 I 202514032 1496 
566 I 202514207 1496 
567 I 202926031 1484 
568 I 203116834 1504 
569 I 203117060 1504 
570 I 203117337 1504 
571 I 203575824 1496 
572 I 203576035 1496 
573 I 204033806 1484 
574 I 204034242 1484 
575 I 204320654 1504 
576 I 204622684 1496 
577 I 204622835 1496 
578 I 204816017 1496 
579 I 205008895 1484 
580 I 205009310 1484 
581 I 205009567 1484 
582 I 206044210 1496 
583 I 206044739 1496 
584 I 206314017 1484 
585 I 206456208 1496 
586 I 206835573 1504 
587 I 207247866 1496 
588 I 207248154 1496 
589 I 207597085 1484 
590 I 207615762 1496 
591 I 207616215 1496 
592 I 208505877 1496 
593 I 208630829 1484 
594 I 208631256 1484 
595 I 208698182 1496 
596 I 208698310 1496 
597 I 209601128 1496 
598 I 209601309 1496 
599 I 209710928 1484 
600 I 209711134 1484 
601 I 209746852 1496 
602 I 209747105 1496 
603 I 210709671 1496 
604 I 210709982 1496 
605 I 210710220 1496 
606 I 210845362 1484 
607 I 210845561 1484 
608 I 211199792 1484 
609 I 211287111 1496 
610 I 212002892 1484 
611 I 212554865 1496 
612 I 212555053 1496 
613 I 213225995 1496 
614 I 213295724 1484 
615 I 213296059 1484 
616 I 213785547 1496 
617 I 213785808 1496 
618 I 213786163 1496 
619 I 214279395 1496 
620 I 214279789 1496 
621 I 214280039 1504 
622 I 214769327 1496 
623 I 215090808 1496 
624 I 215317035 1484 
625 I 216366211 1496 
626 I 216578059 1484 
627 I 216578551 1484 
628 I 217486647 1496 
629 I 217487036 1496 
630 I 218043185 1484 
631 I 218043364 1484 
632 I 218043601 1484 
633 I 219203219 1484 
634 I 220235500 1496 
635 I 220375996 1496 
636 I 221322978 1496 
637 I 221323103 1496 
638 I 221323485 1496 
639 I 221427414 1496 
640 I 221585489 1484 
641 I 222488977 1496 
642 I 222489179 1496 
643 I 222489549 1496 
644 I 223837426 1496 
645 I 224855031 1496 
646 I 224855222 1496 
647 I 224905832 1496 
648 I 225891043 1496 
649 I 225891225 1496 
650 I 227375807 1496 
651 I 228353697 1496 
652 I 228353989 1496 
653 I 228684684 1484 
654 I 229155227 1504 
655 I 229745561 1496 
656 I 229849171 1484 
657 I 229849257 1484 
658 I 229952541 1496 
659 I 229952802 1496 
660 I 229953326 1496 
661 I 230852572 1496 
662 I 230956413 1484 
663 I 230956783 1484 
664 I 230957023 1484 
665 I 231120647 1496 
666 I 231924185 1496 
667 I 231924493 1496 
668 I 231924805 1496 
669 I 232061541 1484 
670 I 232445900 1496 
671 I 232765084 1496 
672 I 232933699 1496 
673 I 233283955 64 
674 I 233333206 1496 
675 I 233719307 1496 
676 I 233828080 1496 
677 I 233828289 1496 
678 I 233972720 1496 
679 I 233972974 1496 
680 I 234078461 64 
681 I 234078477 1496 
682 I 234078725 1504 
683 I 234135397 1484 
684 I 234817463 1496 
685 I 234817830 1496 
686 I 234818077 1496 
687 I 235125204 1504 
688 I 235401423 1484 
689 I 235401568 1484 
690 I 235642312 56 
691 I 235914505 1496 
692 I 236322448 1496 
693 I 236378016 1496 
694 I 237527527 1496 
695 I 237527752 1496 
696 I 237756169 1496 
697 I 238592679 1496 
698 I 238593024 1496 
699 I 238593285 1496 
700 I 238802344 1496 
701 I 239843406 1496 
702 I 239843516 1496 
703 I 239843934 1496 
704 I 241016533 1496 
705 I 241386469 1496 
706 I 241495627 1496 
707 I 242115524 1484 
708 I 242654895 1496 
709 I 242655110 1496 
710 I 242844944 1496 
711 I 243229333 1484 
712 I 243229713 1484 
713 I 243229926 1484 
714 I 243754644 1496 
715 I 243754861 1496 
716 I 243755108 1496 
717 I 243979531 1496 
718 I 243979729 1496 
719 I 245448430 1496 
720 I 245448675 1496 
721 I 245448969 1496 
722 I 246055528 1484 
723 I 246295769 1496 
724 I 246611355 1496 
725 I 247274897 1484 
726 I 247275954 1484 
727 I 248185959 1496 
728 I 248551833 1484 
729 I 248552129 1484 
730 I 248930571 1484 
731 I 249327690 1496 
732 I 249327889 1496 
733 I 249669873 1484 
734 I 250015585 1484 
735 I 250359635 1484 
736 I 250359758 1484 
737 I 250501679 1496 
738 I 250502794 1496 
739 I 250503006 1496 
740 I 250870354 1484 
741 I 251440840 1496 
742 I 252084053 1484 
743 I 252545713 1496 
744 I 252944775 1496 
745 I 253826936 1496 
746 I 253827799 1496 
747 I 253828016 1496 
748 I 254018977 1484 
749 I 255097050 1496 
750 I 256234401 1496 
751 I 257371766 1496 
752 I 257371895 1496 
753 I 257813573 1496 
754 I 258465614 1496 
755 I 258465841 1496 
756 I 258467018 1496 
757 I 258955356 1496 
758 I 258986025 1496 
759 I 258986201 1496 
760 I 260043460 1496 
761 I 260043594 1496 
762 I 260496506 1496 
763 I 260496679 1496 
764 I 260496798 1496 
765 I 261223314 1496 
766 I 261223560 1496 
767 I 261223672 1496 
768 I 261224376 1496 
769 I 261274724 1484 
770 I 261940745 1496 
771 I 262728058 1484 
772 I 262728157 1484 
773 I 263176380 1496 
774 I 263922477 1484 
775 I 263922604 1484 
776 I 264378249 1496 
777 I 265545185 1496 
778 I 265545351 1496 
779 I 265545599 1496 
780 I 265767215 1496 
781 I 266155136 1484 
782 I 266764799 1496 
783 I 267055703 1496 
784 I 267056822 1496 
785 I 267894152 1496 
786 I 268409337 1496 
787 I 268409536 1496 
788 I 268409656 1496 
789 I 269088598 1496 
790 I 269088825 1496 
791 I 269775726 1496 
792 I 269776546 1496 
793 I 270128962 1496 
794 I 270129147 1496 
795 I 270129983 1496 
796 I 270946002 1496 
797 I 271617483 1496 
798 I 271617600 1496 
799 I 272111921 1496 
800 I 272112015 1496 
801 I 272853487 1496 
802 I 273057092 1484 
803 I 273324013 1496 
804 I 273325292 1496 
805 I 274017001 1496 
806 I 274017124 1496 
807 I 274237001 1484 
808 I 274237169 1484 
809 I 274401525 1496 
810 I 275164752 1496 
811 I 275164844 1496 
812 I 275503484 1496 
813 I 275660338 1484 
814 I 275661494 1484 
815 I 275661748 1484 
816 I 276487529 1496 
817 I 276834295 1496 
818 I 276834439 1496 
819 I 276835504 1496 
820 I 277992274 1496 
821 I 278258874 1496 
822 I 278887540 1484 
823 I 279427426 1496 
824 I 279571343 1496 
825 I 280051920 1484 
826 I 280052077 1484 
827 I 280549716 1496 
828 I 280549804 1496 
829 I 280711102 1496 
830 I 280711286 1496 
831 I 281734885 1496 
832 I 281735022 1496 
833 I 281851851 1496 
834 I 281853019 1496 
835 I 282305076 1496 
836 I 283014314 1496 
837 I 284166629 1496 
838 I 284166793 1496 
839 I 285669003 1496 
840 I 286887779 1496 
841 I 286888000 1496 
842 I 286949483 1496 
843 I 287494136 1484 
844 I 287997638 1496 
845 I 287998672 1496 
846 I 287998949 1496 
847 I 288351967 1496 
848 I 288352131 1496 
849 I 288712645 1484 
850 I 288712960 1484 
851 I 288713154 1484 
852 I 289471414 1496 
853 I 289472657 1496 
854 I 289487603 1496 
855 I 289488882 1496 
856 I 289913092 1496 
857 I 290676206 1496 
858 I 290726597 1496 
859 I 291018371 1496 
860 I 291018583 1496 
861 I 291384587 1496 
862 I 291731292 1484 
863 I 292540247 1496 
864 I 292541420 1496 
865 I 292983086 1484 
866 I 292983196 1484 
867 I 293787751 1496 
868 I 293975181 1496 
869 I 295043833 1496 
870 I 295044007 1496 
871 I 296198573 1484 
872 I 296385063 1496 
873 I 296386184 1496 
874 I 298480062 1496 
875 I 299494011 1484 
876 I 299980179 1496 
