0 I 0 1504 
1 I 595878 1504 
2 I 603515 1504 
3 I 1181270 1504 
4 I 1192874 1504 
5 I 2309239 1504 
6 I 2879440 1504 
7 I 2882397 652 
8 I 3595025 1504 
9 I 3603685 1504 
10 I 4203971 1504 
11 I 4642500 1504 
12 I 4809958 1504 
13 I 5411374 1504 
14 I 5421464 1504 
15 I 6040517 1504 
16 I 6052288 1504 
17 I 6644896 1504 
18 I 7048790 1504 
19 I 7220360 936 
20 I 7628430 652 
21 I 7640934 1504 
22 I 8236624 1504 
23 I 8244795 1220 
24 I 8837677 1504 
25 I 8845552 1504 
26 I 8854772 1220 
27 I 9639321 1504 
28 I 9651784 1504 
29 I 9660711 1220 
30 I 10231884 1504 
31 I 10245267 1504 
32 I 10820996 1504 
33 I 10828001 1220 
34 I 11423994 1504 
35 I 11431343 1504 
36 I 12023041 1504 
37 I 12034342 1504 
38 I 13076550 1504 
39 I 13696240 1504 
40 I 13702497 936 
41 I 14425260 1504 
42 I 15709974 1504 
43 I 16513282 1504 
44 I 16527925 1504 
45 I 19055197 1504 
46 I 19793436 1504 
47 I 19804598 1504 
48 I 24938535 1504 
49 I 35408120 1504 
50 I 35940094 1504 
51 I 35941893 368 
52 I 36481117 1504 
53 I 36491684 1504 
54 I 37744720 1504 
55 I 38285234 1504 
56 I 38301028 1504 
57 I 38857339 1504 
58 I 38868157 1504 
59 I 39391581 1504 
60 I 39401416 1504 
61 I 40041815 1504 
62 I 40047710 652 
63 I 40588074 1504 
64 I 41081629 1504 
65 I 41143147 1504 
66 I 41638664 1504 
67 I 41647501 1220 
68 I 41701983 1504 
69 I 42227175 1504 
70 I 42787542 1504 
71 I 44950184 1504 
72 I 45522567 1504 
73 I 45529127 1504 
74 I 46252017 1504 
75 I 46807613 1504 
76 I 47253104 1504 
77 I 47364854 1504 
78 I 47801219 1504 
79 I 47809809 1504 
80 I 47970416 1504 
81 I 48358675 1504 
82 I 48652530 1504 
83 I 48655133 368 
84 I 49053912 1504 
85 I 49223771 1504 
86 I 49790414 1504 
87 I 49799524 1504 
88 I 50355583 1220 
89 I 50370628 1504 
90 I 51176807 1504 
91 I 52168864 1504 
92 I 52738946 1504 
93 I 52747924 1504 
94 I 53459532 1504 
95 I 54032368 1504 
96 I 54438504 1504 
97 I 56460201 1504 
98 I 57143742 1504 
99 I 57155547 1504 
100 I 57729723 1504 
101 I 58305217 936 
102 I 62294752 1504 
103 I 62876948 652 
104 I 62891139 1504 
105 I 62900893 1504 
106 I 67834923 166 
107 I 68453625 1098 
108 I 68466227 1504 
109 I 69039348 1504 
110 I 69620685 1504 
111 I 69632158 1504 
112 I 70222770 1504 
113 I 70232703 1504 
114 I 75259498 774 
115 I 76794754 1504 
116 I 77394254 206 
117 I 77394386 1504 
118 I 78111584 1504 
119 I 78125862 1504 
120 I 78683138 1220 
121 I 78694374 206 
122 I 84371528 1504 
123 I 84951304 1504 
124 I 84960874 1504 
125 I 84970544 1220 
126 I 85561057 1504 
127 I 85572232 1504 
128 I 86170740 1504 
129 I 86179961 1220 
130 I 91143999 328 
131 I 91827254 1504 
132 I 91839605 1504 
133 I 92522265 1504 
134 I 93105873 1504 
135 I 101028941 1504 
136 I 118198118 1504 
137 I 118760375 1504 
138 I 118762208 652 
139 I 119323200 1504 
140 I 119333383 1504 
141 I 124256928 774 
142 I 124961327 1504 
143 I 124972136 1504 
144 I 129896796 1358 
145 I 130780323 352 
146 I 130795862 1504 
147 I 130806247 1504 
148 I 130815411 1220 
149 I 131332513 1504 
150 I 131346734 1504 
151 I 131358891 1220 
152 I 131368270 1504 
153 I 131884301 1504 
154 I 131897753 1504 
155 I 131906983 1504 
156 I 132435834 1220 
157 I 132449548 632 
158 I 144169069 1504 
159 I 144711362 1504 
160 I 144723121 1504 
161 I 145263754 64 
162 I 145263922 1504 
163 I 145274960 1504 
164 I 145275591 632 
165 I 145949390 1504 
166 I 155161372 1504 
167 I 155941801 1504 
168 I 155953945 1504 
169 I 173108812 1504 
170 I 205741764 44 
171 I 206736500 52 
172 I 207865100 1504 
173 I 209789397 52 
174 I 210354587 1504 
175 I 210365666 1504 
176 I 210987483 1504 
177 I 210997014 1504 
178 I 211501774 1504 
179 I 212582332 44 
180 I 213818023 1504 
181 I 219664612 1504 
182 I 220147138 1504 
183 I 220158274 1504 
184 I 220642986 1504 
185 I 220649301 936 
186 I 221143313 1504 
187 I 221156075 1504 
188 I 221164369 1220 
189 I 221667658 1504 
190 I 223912978 1504 
191 I 224513321 1504 
192 I 224524816 1504 
193 I 225202641 1504 
194 I 225210752 936 
195 I 225702816 1504 
196 I 225714881 1504 
197 I 225722970 1220 
198 I 226206269 1504 
199 I 226212628 1504 
200 I 226302992 1220 
201 I 226720494 1504 
202 I 226733069 1504 
203 I 226741754 1220 
204 I 226907616 1504 
205 I 227407189 1504 
206 I 227420600 1220 
207 I 227427469 1504 
208 I 227438610 1504 
209 I 227915068 1220 
210 I 227925054 1504 
211 I 228405986 1504 
212 I 228418919 1504 
213 I 228909078 1220 
214 I 228918582 1504 
215 I 229416172 1504 
216 I 229426473 1220 
217 I 229924650 1504 
218 I 229935448 1504 
219 I 229945809 1220 
220 I 230645046 1504 
221 I 230658602 1504 
222 I 230668937 1220 
223 I 231181634 1504 
224 I 231192979 1504 
225 I 231203131 1220 
226 I 231710985 1504 
227 I 231722887 1504 
228 I 231731438 1220 
229 I 231846177 1504 
230 I 232251544 1504 
231 I 232259420 1220 
232 I 232538338 1504 
233 I 232806107 1504 
234 I 232817210 1504 
235 I 233095349 1220 
236 I 234086116 1504 
237 I 236722390 1504 
238 I 242001905 1504 
239 I 242582795 1504 
240 I 242594301 1504 
241 I 243106595 1504 
242 I 253024280 1504 
243 I 253556270 1504 
244 I 253565901 1504 
245 I 254090762 1504 
246 I 254104011 1504 
247 I 254836991 1504 
248 I 254842586 652 
249 I 254852153 1504 
250 I 255552279 1504 
251 I 255558588 1220 
252 I 255571250 1504 
253 I 256082727 1504 
254 I 256092818 1220 
255 I 256617972 1504 
256 I 256628803 1504 
257 I 256639200 1220 
258 I 256652031 1504 
259 I 257147232 1504 
260 I 257153648 1220 
261 I 257170768 1504 
262 I 257176873 1504 
263 I 257848641 1220 
264 I 258121822 1504 
265 I 258653672 1504 
266 I 258663824 1220 
267 I 259182241 1504 
268 I 259191095 1504 
269 I 259766634 1504 
270 I 259780083 1504 
271 I 259796797 1504 
272 I 260530358 1504 
273 I 261077509 1504 
274 I 261089373 1504 
275 I 261621375 1504 
276 I 261633176 1504 
277 I 261645302 1504 
278 I 263268509 1504 
279 I 263960776 1504 
280 I 263972908 1504 
281 I 264496172 1504 
282 I 265891838 1504 
283 I 269970581 1504 
284 I 270441605 1504 
285 I 270452492 1504 
286 I 278399347 1504 
287 I 279028490 1504 
288 I 279039134 1504 
289 I 279549315 84 
290 I 279549597 1504 
291 I 279561245 1504 
292 I 280045892 1504 
293 I 280195567 1504 
294 I 281124945 1504 
295 I 281627306 1504 
296 I 281641824 1504 
297 I 283651403 1504 
298 I 287686038 1504 
299 I 288192845 1504 
300 I 288201474 1504 
301 I 288697943 1504 
302 I 288699938 652 
303 I 288713905 1504 
304 I 289401234 1504 
305 I 289410835 1220 
306 I 289422129 1504 
307 I 290117141 1504 
308 I 290627444 1220 
309 I 291206963 1504 
310 I 291901537 1504 
311 I 291912397 1504 
312 I 292409113 1504 
313 I 292424605 1504 
314 I 292988704 1504 
315 I 292989641 652 
316 I 293001091 1504 
317 I 293501605 1504 
318 I 293506461 1220 
319 I 294101302 1504 
320 I 294448089 1504 
321 I 294620876 1504 
322 I 296554972 1504 
323 I 297145054 1504 
324 I 297151531 1220 
