0 I 0 141 
1 I 3540767 1504 
2 I 9232630 1068 
3 I 9232701 1068 
4 I 12861915 120 
5 I 18539866 125 
6 I 18540274 44 
7 I 44845759 125 
8 I 45195909 95 
9 I 60008185 141 
10 I 69239658 1504 
11 I 72539636 125 
12 I 74851360 632 
13 I 74851604 1068 
14 I 78170125 44 
15 I 80613687 1068 
16 I 80613890 1068 
17 I 86843557 44 
18 I 89272054 52 
19 I 90200881 74 
20 I 93563266 74 
21 I 100313217 74 
22 I 105204338 95 
23 I 105987139 44 
24 I 106031707 125 
25 I 106032226 44 
26 I 109018535 44 
27 I 110814654 64 
28 I 111607427 44 
29 I 120016132 141 
30 I 122738385 44 
31 I 125668767 52 
32 I 126485582 74 
33 I 129847479 74 
34 I 134859074 1504 
35 I 135375328 44 
36 I 135429875 125 
37 I 135430382 44 
38 I 135968545 44 
39 I 142178978 125 
40 I 145978829 52 
41 I 146899104 74 
42 I 150156431 52 
43 I 150259950 74 
44 I 151067902 74 
45 I 154430500 74 
46 I 155681073 125 
47 I 155907454 44 
48 I 155950099 125 
49 I 155950818 44 
50 I 156016289 44 
51 I 158801685 44 
52 I 158883636 52 
53 I 159769593 74 
54 I 161182224 74 
55 I 162694217 125 
56 I 163131768 74 
57 I 166068594 44 
58 I 166121139 125 
59 I 166121688 44 
60 I 168607556 44 
61 I 168653528 125 
62 I 168653737 44 
63 I 170823596 64 
64 I 171544152 44 
65 I 174144287 44 
66 I 175393541 125 
67 I 176498000 97 
68 I 179614096 125 
69 I 180024411 141 
70 I 182263315 52 
71 I 183132810 74 
72 I 185047036 44 
73 I 186494947 74 
74 I 188895324 125 
75 I 191956012 44 
76 I 192009793 125 
77 I 192010188 44 
78 I 194314484 44 
79 I 194867763 1504 
80 I 196075812 52 
81 I 196834824 74 
82 I 196838562 44 
83 I 198756680 125 
84 I 200196740 74 
85 I 204071431 44 
86 I 205395890 52 
87 I 206137492 74 
88 I 206947988 74 
89 I 209498084 74 
90 I 210059150 44 
91 I 215186528 52 
92 I 216249121 74 
93 I 218071949 44 
94 I 218071949 44 
95 I 218115674 125 
96 I 218116170 44 
97 I 218549187 52 
98 I 220449668 74 
99 I 225300430 52 
100 I 225788793 44 
101 I 225833108 125 
102 I 225833588 44 
103 I 226034423 74 
104 I 229491141 112 
105 I 229497201 44 
106 I 231611161 125 
107 I 236501814 165 
108 I 237062548 44 
109 I 239532322 74 
110 I 240032258 141 
111 I 245007353 120 
112 I 248030171 52 
113 I 248743231 74 
114 I 251002489 44 
115 I 252103946 74 
116 I 252834166 125 
117 I 254874710 1504 
118 I 258624209 44 
119 I 258854784 74 
120 I 266722376 44 
121 I 266768839 120 
122 I 269653112 52 
123 I 270434985 74 
124 I 272006763 120 
125 I 273796929 74 
126 I 280267964 120 
127 I 280548097 74 
128 I 285957382 95 
129 I 294050185 74 
