0 I 0 1504 
1 I 537646 1504 
2 I 537839 1256 
3 I 1408033 1504 
4 I 1965700 1504 
5 I 1965842 1504 
6 I 2515507 1504 
7 I 2515681 1504 
8 I 3060491 1504 
9 I 3060533 1008 
10 I 3060843 1504 
11 I 3597759 1504 
12 I 3597826 1256 
13 I 4123181 1504 
14 I 4123355 1504 
15 I 4123418 1256 
16 I 4660378 1504 
17 I 4660484 1504 
18 I 4660696 1256 
19 I 4831571 1504 
20 I 5187508 1504 
21 I 5187668 1256 
22 I 5358471 1504 
23 I 5358822 1504 
24 I 5715686 1256 
25 I 5716170 1504 
26 I 5887749 1504 
27 I 5887954 1256 
28 I 6739188 1504 
29 I 8549728 1504 
30 I 12170996 1504 
31 I 14862696 75 
32 I 15994304 75 
33 I 16218998 56 
34 I 17199746 68 
35 I 19413249 1504 
36 I 19979562 1504 
37 I 19979695 1256 
38 I 20692481 1504 
39 I 21261676 1504 
40 I 21626262 1504 
41 I 21834443 1256 
42 I 22200697 1256 
43 I 22201780 1504 
44 I 22780660 1504 
45 I 22780708 1256 
46 I 23532084 1504 
47 I 23532338 1504 
48 I 24091478 1256 
49 I 24091575 1256 
50 I 24640458 1504 
51 I 24640753 1504 
52 I 25193931 1504 
53 I 25194028 1504 
54 I 26052089 1504 
55 I 27862643 1504 
56 I 31483596 1504 
57 I 31973741 1504 
58 I 31973774 1008 
59 I 32461828 1504 
60 I 32461988 1504 
61 I 32934321 1504 
62 I 32934511 1504 
63 I 33400677 1504 
64 I 33400865 1008 
65 I 33401362 1504 
66 I 33869014 1504 
67 I 33869178 1256 
68 I 34033743 1504 
69 I 34033837 1504 
70 I 34510922 1256 
71 I 34512348 1504 
72 I 34996411 1504 
73 I 35477296 1504 
74 I 35808855 1504 
75 I 35956386 1256 
76 I 36425242 1256 
77 I 36425743 1504 
78 I 36903960 1504 
79 I 36904025 1256 
80 I 37391917 1504 
81 I 37392102 1504 
82 I 37392230 1256 
83 I 38084674 1504 
84 I 38084916 1504 
85 I 38085072 1256 
86 I 38591560 1504 
87 I 38591748 1504 
88 I 38743789 1256 
89 I 38745207 1504 
90 I 39240314 1504 
91 I 40335777 1504 
92 I 42548308 1504 
93 I 43048288 1256 
94 I 43048681 1504 
95 I 43552244 1504 
96 I 43552338 1256 
97 I 44054198 1504 
98 I 44054838 1504 
99 I 44055145 1256 
100 I 44556737 1504 
101 I 44963553 1504 
102 I 46976025 1504 
103 I 50997790 1504 
104 I 51507334 1504 
105 I 51507450 1504 
106 I 52021194 1504 
107 I 52021284 1504 
108 I 52526605 1504 
109 I 52526726 1008 
110 I 52527033 1504 
111 I 53311042 1504 
112 I 53822984 1504 
113 I 53823197 1504 
114 I 54340490 1504 
115 I 54340502 760 
116 I 55035666 1504 
117 I 55036082 1504 
118 I 55556820 1256 
119 I 56080781 760 
120 I 57133668 1504 
121 I 57880210 1504 
122 I 57880416 512 
123 I 57880427 1504 
124 I 58417016 1504 
125 I 58417170 1504 
126 I 58417314 1256 
127 I 58960160 1504 
128 I 59085374 1504 
129 I 59085448 1256 
130 I 60050415 1504 
131 I 60575634 1504 
132 I 60575769 1504 
133 I 60869857 75 
134 I 61109953 1504 
135 I 61110077 1504 
136 I 61642059 1504 
137 I 61642306 1504 
138 I 62369465 1504 
139 I 62369471 760 
140 I 62906665 1504 
141 I 63434906 1504 
142 I 63434921 760 
143 I 63970400 1504 
144 I 63970462 1256 
145 I 64504545 1504 
146 I 64504796 1504 
147 I 65583202 1504 
148 I 66113245 1504 
149 I 66113395 1504 
150 I 66644826 1504 
151 I 66644879 1008 
152 I 67175291 1504 
153 I 67175526 1504 
154 I 67175627 1256 
155 I 67701707 1504 
156 I 67701875 1504 
157 I 67835065 1256 
158 I 68801642 1504 
159 I 69306637 1504 
160 I 69306794 1504 
161 I 69815568 1504 
162 I 69815606 1008 
163 I 70329366 1504 
164 I 70329628 1504 
165 I 70329698 1256 
166 I 71004121 1504 
167 I 71004287 1504 
168 I 71004349 1256 
169 I 71524887 1504 
170 I 72038658 1504 
171 I 72422670 1504 
172 I 72936339 1256 
173 I 72937175 1504 
174 I 73463152 1504 
175 I 73463209 1256 
176 I 73990971 1504 
177 I 73991125 1504 
178 I 73991318 1256 
179 I 74526434 1504 
180 I 74527047 1504 
181 I 75045438 1504 
182 I 75565560 1504 
183 I 76044014 1504 
184 I 76095937 1504 
185 I 76636865 1504 
186 I 76637120 1504 
187 I 77184173 1504 
188 I 77184364 1504 
189 I 77724438 1504 
190 I 78156011 1504 
191 I 78250825 1008 
192 I 80167981 1504 
193 I 80688733 760 
194 I 80690317 1504 
195 I 80690487 1504 
196 I 81203988 1256 
197 I 81204578 1504 
198 I 81402281 1504 
199 I 81716895 1256 
200 I 81717210 1504 
201 I 82051078 1504 
202 I 82051146 1256 
203 I 82242267 1504 
204 I 82242423 1504 
205 I 82580758 1256 
206 I 82582020 1504 
207 I 83115632 1504 
208 I 83115818 1256 
209 I 83116058 1504 
210 I 83116234 1504 
211 I 83647084 1256 
212 I 83647441 1504 
213 I 84172938 1504 
214 I 84995981 1504 
215 I 85526578 1504 
216 I 85526644 1256 
217 I 86212964 1504 
218 I 86738761 1504 
219 I 87250066 1256 
220 I 88315594 1504 
221 I 88829591 1256 
222 I 88830781 1504 
223 I 89353265 1504 
224 I 89886849 1256 
225 I 90412976 1256 
226 I 90413550 1504 
227 I 91333298 1504 
228 I 93344680 1504 
229 I 93871245 1504 
230 I 93871384 1504 
231 I 94418811 1504 
232 I 94418960 1504 
233 I 94966260 1504 
234 I 95155312 1504 
235 I 95508153 1008 
236 I 95691548 760 
237 I 95692661 1504 
238 I 96231894 1504 
239 I 96231965 1256 
240 I 96768251 1504 
241 I 96768470 1504 
242 I 96768538 1256 
243 I 97316144 1504 
244 I 97316323 1504 
245 I 97879919 1256 
246 I 98173628 1504 
247 I 98418252 1256 
248 I 98710292 1504 
249 I 98710413 1504 
250 I 99235597 1504 
251 I 99480525 1504 
252 I 100017816 1504 
253 I 100017999 1504 
254 I 100560019 1504 
255 I 100560132 1504 
256 I 101117088 1504 
257 I 101117103 760 
258 I 101117521 1504 
259 I 101678219 1504 
260 I 101679626 1504 
261 I 102225350 1256 
262 I 102226182 1504 
263 I 103101719 1504 
264 I 104912632 1504 
265 I 105453136 1504 
266 I 105453458 1256 
267 I 106321028 1504 
268 I 106865055 75 
269 I 106868302 1504 
270 I 106868614 1504 
271 I 107539788 1504 
272 I 108079581 1504 
273 I 108617943 1504 
274 I 109161632 1504 
275 I 109161677 1008 
276 I 109707486 1504 
277 I 110243336 1504 
278 I 110251711 1504 
279 I 110780421 1504 
280 I 110780496 1256 
281 I 110791387 1504 
282 I 111852900 1504 
283 I 112391020 1504 
284 I 112391149 1256 
285 I 113462122 1504 
286 I 113988172 1504 
287 I 113988359 1504 
288 I 114503277 1504 
289 I 114503454 1504 
290 I 115006078 1504 
291 I 115373281 1504 
292 I 117183864 1504 
293 I 120805007 1504 
294 I 121285128 1008 
295 I 121286213 1504 
296 I 121764994 1504 
297 I 121765067 1256 
298 I 122248997 1504 
299 I 122249151 1504 
300 I 122249211 1256 
301 I 123018008 1504 
302 I 123482050 1504 
303 I 123482225 1504 
304 I 124325679 1504 
305 I 124790930 1504 
306 I 124791024 1504 
307 I 125256635 1504 
308 I 125256681 1008 
309 I 125909521 1504 
310 I 125909616 1504 
311 I 126366473 1256 
312 I 126366659 1008 
313 I 126823352 1504 
314 I 126823496 1504 
315 I 127291156 1504 
316 I 127291252 1504 
317 I 128147912 1504 
318 I 128628784 1504 
319 I 128628902 1008 
320 I 129115870 1504 
321 I 129116130 1504 
322 I 129858176 1504 
323 I 131467395 1504 
324 I 134686522 1504 
325 I 135163723 1504 
326 I 135163963 1504 
327 I 135994258 1504 
328 I 136478790 1504 
329 I 136478830 1008 
330 I 136960755 1504 
331 I 136960914 1504 
332 I 137444612 1504 
333 I 137444706 1504 
334 I 137922457 1504 
335 I 137922574 1008 
336 I 137923467 1504 
337 I 138395595 1504 
338 I 138395765 1256 
339 I 138595599 1504 
340 I 138595755 1504 
341 I 139033294 1256 
342 I 139498969 1256 
343 I 140419931 1504 
344 I 140920642 1504 
345 I 140920745 1504 
346 I 141407597 1504 
347 I 141407923 1504 
348 I 141883553 1504 
349 I 141883864 1008 
350 I 141884769 1504 
351 I 142359534 1504 
352 I 142359747 1256 
353 I 142836685 1504 
354 I 142836829 1504 
355 I 142836902 1256 
356 I 142837841 1504 
357 I 143316183 1504 
358 I 143316242 1256 
359 I 143316814 1504 
360 I 143317052 1504 
361 I 143794175 1256 
362 I 143795047 1504 
363 I 143795371 1504 
364 I 143795688 1256 
365 I 144254524 1504 
366 I 144254767 1504 
367 I 144254854 1256 
368 I 144711306 1504 
369 I 145174743 1504 
370 I 145174908 1504 
371 I 145635571 1504 
372 I 145635681 1504 
373 I 146095133 1504 
374 I 146095265 1008 
375 I 146095772 1504 
376 I 146551389 1504 
377 I 146551455 1256 
378 I 147360203 1504 
379 I 147802270 1504 
380 I 147802479 1256 
381 I 148247691 1504 
382 I 148247886 1504 
383 I 148698944 1504 
384 I 148699149 1504 
385 I 149147537 1504 
386 I 149572915 1504 
387 I 150021571 1504 
388 I 150021608 1008 
389 I 150626318 1504 
390 I 151073470 1504 
391 I 151584852 1504 
392 I 153596486 1504 
393 I 155008532 75 
394 I 157620139 1504 
395 I 158089688 1504 
396 I 158089843 1256 
397 I 158565106 1504 
398 I 159028823 1504 
399 I 159044858 1504 
400 I 159498967 1504 
401 I 159499110 1256 
402 I 159511998 1504 
403 I 160142574 1504 
404 I 160142789 1256 
405 I 160619419 1504 
406 I 160619568 1504 
407 I 161237487 1504 
408 I 161728628 1504 
409 I 162348526 1504 
410 I 162834692 1504 
411 I 162834815 1504 
412 I 163326291 1504 
413 I 163326455 1504 
414 I 163862979 760 
415 I 163862981 1504 
416 I 164363242 1504 
417 I 164363501 1504 
418 I 165466389 1504 
419 I 165954066 1504 
420 I 165954155 1504 
421 I 166975287 1504 
422 I 167465677 1504 
423 I 167465763 1504 
424 I 167952609 1504 
425 I 167952707 1008 
426 I 168564175 1504 
427 I 168564416 1504 
428 I 169047019 1256 
429 I 169047224 1008 
430 I 169992301 1504 
431 I 170467381 1256 
432 I 170467942 1504 
433 I 171083477 1504 
434 I 171083618 1256 
435 I 171570501 1504 
436 I 172004309 1504 
437 I 172493035 1504 
438 I 172493130 1504 
439 I 172977614 1504 
440 I 173412067 1504 
441 I 173463789 1256 
442 I 173950674 1008 
443 I 173951269 1504 
444 I 174437582 1504 
445 I 174437977 1256 
446 I 175126618 1504 
447 I 175126705 1504 
448 I 175618868 1256 
449 I 175619756 1256 
450 I 176106831 1504 
451 I 176107086 1504 
452 I 176589397 1504 
453 I 176589621 1504 
454 I 177066750 1504 
455 I 177066797 1008 
456 I 177067440 1504 
457 I 177540533 1504 
458 I 177540599 1256 
459 I 177751773 1504 
460 I 178843963 1504 
461 I 179329900 1504 
462 I 179330053 1256 
463 I 179942037 1504 
464 I 180439989 1504 
465 I 180956329 1504 
466 I 181445691 1504 
467 I 181445774 1256 
468 I 182464974 1504 
469 I 184678643 1504 
470 I 185171861 1504 
471 I 185172150 1504 
472 I 186187098 1504 
473 I 186669035 1504 
474 I 186669124 1504 
475 I 187145058 1504 
476 I 187145095 1008 
477 I 188097778 1504 
478 I 188571624 1504 
479 I 188571860 1504 
480 I 189238081 1504 
481 I 190311820 1504 
482 I 192523799 1504 
483 I 193066828 1504 
484 I 193067153 1504 
485 I 194033307 1504 
486 I 194513024 1504 
487 I 194513057 1008 
488 I 194988295 1504 
489 I 194988556 1504 
490 I 195451392 1504 
491 I 195451477 1504 
492 I 195903211 1504 
493 I 195903266 1008 
494 I 195903742 1504 
495 I 196460656 1504 
496 I 196460821 1256 
497 I 196461120 1504 
498 I 196901456 1504 
499 I 197341776 1504 
500 I 197341960 1504 
501 I 198559066 1504 
502 I 198862822 75 
503 I 198985124 1504 
504 I 198985344 1504 
505 I 199421324 1504 
506 I 199421389 1008 
507 I 199848839 1504 
508 I 199848916 1504 
509 I 199848979 1256 
510 I 199866115 75 
511 I 200282514 1504 
512 I 200282627 1504 
513 I 200719952 1256 
514 I 201073721 1504 
515 I 201704871 1504 
516 I 201704993 1504 
517 I 202130204 1504 
518 I 202130333 1504 
519 I 202130405 1256 
520 I 202564187 1504 
521 I 202695318 1504 
522 I 203128469 1504 
523 I 203566266 1504 
524 I 203990658 1504 
525 I 204001486 1504 
526 I 204431352 1504 
527 I 204431472 1008 
528 I 204861108 1504 
529 I 205298380 1504 
530 I 205734654 1504 
531 I 205734715 1256 
532 I 206299854 1504 
533 I 206743836 1504 
534 I 207008182 1504 
535 I 207193145 1256 
536 I 207640705 1256 
537 I 207641207 1504 
538 I 208080772 1504 
539 I 208156756 1504 
540 I 208919380 1504 
541 I 209363900 1504 
542 I 209364083 1504 
543 I 209806595 1504 
544 I 209806928 1504 
545 I 210244922 1504 
546 I 210428791 1504 
547 I 210671151 1008 
548 I 210855019 760 
549 I 210855810 1504 
550 I 211099991 1504 
551 I 211287987 1256 
552 I 211658800 1504 
553 I 211877725 1504 
554 I 211877790 1256 
555 I 212207321 1504 
556 I 212428048 1504 
557 I 212641536 1256 
558 I 212866870 1256 
559 I 213294729 1504 
560 I 213294829 1504 
561 I 213713500 1504 
562 I 213713756 1504 
563 I 214123016 1504 
564 I 214123046 1008 
565 I 214123596 1504 
566 I 214549551 1504 
567 I 214549644 1256 
568 I 214980511 1504 
569 I 215417169 1504 
570 I 215856642 1504 
571 I 217066936 1504 
572 I 219682479 1504 
573 I 224711337 68 
574 I 224912946 1504 
575 I 225154231 1256 
576 I 225154812 1504 
577 I 225585869 1504 
578 I 225585948 1256 
579 I 226204206 1504 
580 I 226204333 1504 
581 I 226632237 1256 
582 I 227326903 1504 
583 I 229740930 1504 
584 I 230235170 1504 
585 I 230235489 1504 
586 I 230740450 1504 
587 I 230740870 1504 
588 I 231234310 1504 
589 I 231234345 1008 
590 I 231235067 1504 
591 I 231711847 1504 
592 I 232187867 1256 
593 I 232557323 1504 
594 I 232660787 1008 
595 I 234468662 1504 
596 I 234916975 1504 
597 I 234917170 1504 
598 I 235353527 1504 
599 I 235353611 1504 
600 I 236178833 1504 
601 I 237989128 1504 
602 I 241610158 1504 
603 I 242048972 1504 
604 I 242049003 1008 
605 I 242485722 1504 
606 I 242817680 1504 
607 I 242927581 1504 
608 I 244527887 1504 
609 I 244867282 75 
610 I 244987473 1504 
611 I 244987615 1256 
612 I 245440530 1504 
613 I 245440635 1504 
614 I 245440696 1256 
615 I 245892517 1504 
616 I 245892695 1504 
617 I 245935410 75 
618 I 246333231 1504 
619 I 246333395 1256 
620 I 246740089 1504 
621 I 246760355 1504 
622 I 246760463 1504 
623 I 246760606 1256 
624 I 247162179 1504 
625 I 247585413 1504 
626 I 247947439 1504 
627 I 248010808 1504 
628 I 248379757 1256 
629 I 248380354 1504 
630 I 248809313 1504 
631 I 248809391 1256 
632 I 249232885 1504 
633 I 249455992 1504 
634 I 249655041 1504 
635 I 249878064 1504 
636 I 249878254 1256 
637 I 250079030 1504 
638 I 250353362 1504 
639 I 250712964 1504 
640 I 251182378 1504 
641 I 251669076 1504 
642 I 253680898 1504 
643 I 257704261 1504 
644 I 262733062 68 
645 I 263191958 1504 
646 I 263192054 1504 
647 I 263649717 1504 
648 I 263649902 1504 
649 I 264101392 1504 
650 I 264101404 760 
651 I 264101942 1504 
652 I 264542749 1504 
653 I 264946481 1504 
654 I 264970452 1504 
655 I 265367567 1256 
656 I 265368041 1504 
657 I 265392682 1504 
658 I 266016604 1256 
659 I 266018044 1504 
660 I 266439324 1504 
661 I 266439392 1256 
662 I 266860838 1504 
663 I 266861036 1504 
664 I 266861119 1256 
665 I 267280154 1504 
666 I 267695245 1504 
667 I 268567517 1504 
668 I 269002717 1504 
669 I 269002859 1256 
670 I 269439062 1504 
671 I 269439185 1504 
672 I 269439370 1256 
673 I 269880327 1504 
674 I 269880463 1504 
675 I 270064596 1256 
676 I 270321930 1504 
677 I 270322124 1504 
678 I 270322184 1256 
679 I 270724448 1504 
680 I 270759420 1504 
681 I 270759541 1256 
682 I 270940743 1504 
683 I 271186234 1504 
684 I 271186838 1504 
685 I 271622736 1256 
686 I 272188668 1504 
687 I 272251941 1504 
688 I 272252049 1504 
689 I 272252123 1256 
690 I 272804378 1504 
691 I 272804802 1504 
692 I 272805020 1256 
693 I 273236459 1504 
694 I 273236532 1504 
695 I 273236602 1256 
696 I 273466486 1504 
697 I 273668123 1504 
698 I 273668202 1256 
699 I 274602792 1504 
700 I 275039074 1504 
701 I 275039213 1256 
702 I 275482669 1504 
703 I 275928192 1504 
704 I 276372423 1504 
705 I 276372571 1256 
706 I 276818889 1504 
707 I 277318946 1504 
708 I 277760640 1504 
709 I 277760823 1504 
710 I 278198972 1504 
711 I 278199072 1504 
712 I 278641899 1504 
713 I 278641937 1008 
714 I 278642269 1504 
715 I 279085504 1504 
716 I 279085566 1256 
717 I 279252607 1504 
718 I 279692528 1504 
719 I 279692622 1256 
720 I 280738819 1504 
721 I 282951570 1504 
722 I 283409287 1504 
723 I 283409340 1256 
724 I 283868061 1504 
725 I 283868173 1504 
726 I 284503954 1504 
727 I 284963977 1504 
728 I 285467373 1504 
729 I 287477905 1504 
730 I 287937417 1504 
731 I 287937457 1008 
732 I 288886204 1504 
733 I 289339275 1504 
734 I 289339379 1504 
735 I 289798067 1504 
736 I 290250490 1504 
737 I 290709368 1504 
738 I 290709465 1504 
739 I 290864121 75 
740 I 291172479 1504 
741 I 291172702 1504 
742 I 291629805 1504 
743 I 291629813 760 
744 I 291630649 1504 
745 I 292079184 1504 
746 I 292703877 1504 
747 I 292704058 1504 
748 I 293159598 1504 
749 I 293159641 1008 
750 I 293160177 1504 
751 I 293798113 1504 
752 I 293798165 1256 
753 I 293798664 1504 
754 I 294454096 1504 
755 I 294454153 1256 
756 I 294455303 1504 
757 I 294889934 1504 
758 I 294890839 1504 
759 I 295826719 1504 
760 I 296270146 1256 
761 I 296270654 1504 
