0 I 0 44 
1 I 679136 44 
2 I 1394972 44 
3 I 1888470 1074 
4 I 2351915 44 
5 I 2902820 1458 
6 I 2933082 1458 
7 I 2999993 56 
8 I 3629942 1458 
9 I 3658029 1458 
10 I 4600102 56 
11 I 4631154 1458 
12 I 4667571 1458 
13 I 4697973 1458 
14 I 5416654 56 
15 I 5446899 1458 
16 I 5477577 1458 
17 I 6158832 56 
18 I 6473054 44 
19 I 6827157 44 
20 I 7243809 44 
21 I 8029137 56 
22 I 8612799 56 
23 I 9385337 44 
24 I 9992936 44 
25 I 10388688 824 
26 I 10964274 44 
27 I 11317544 44 
28 I 11912403 56 
29 I 11938948 56 
30 I 12586757 56 
31 I 13200146 44 
32 I 14551605 1458 
33 I 15302138 1458 
34 I 15332538 1458 
35 I 15333796 56 
36 I 15335727 44 
37 I 15999079 107 
38 I 16000917 44 
39 I 16832897 56 
40 I 16834717 56 
41 I 18523232 44 
42 I 19146679 56 
43 I 23052113 44 
44 I 24217997 107 
45 I 30679240 44 
46 I 31700438 56 
47 I 31703007 44 
48 I 32453739 56 
49 I 33191381 56 
50 I 34072975 44 
51 I 34993132 56 
52 I 35726421 56 
53 I 36409435 44 
54 I 37068849 44 
55 I 37963316 44 
56 I 39648583 44 
57 I 40966724 107 
58 I 43670353 44 
59 I 44227335 56 
60 I 44988963 56 
61 I 53746793 44 
62 I 54479246 44 
63 I 55076812 56 
64 I 55768290 56 
65 I 56540861 44 
66 I 57262682 56 
67 I 59038296 44 
68 I 62870192 44 
69 I 63734731 44 
70 I 71353531 44 
71 I 74862700 107 
72 I 95552803 44 
73 I 97357511 44 
74 I 128914793 44 
75 I 141668502 107 
76 I 149302791 44 
77 I 152917720 44 
78 I 154839892 44 
79 I 159902599 44 
80 I 185271653 44 
81 I 247642293 44 
82 I 268612196 44 
83 I 275448838 107 
84 I 276080136 53 
85 I 277018645 727 
86 I 277921665 44 
87 I 277989698 44 
88 I 278870600 44 
89 I 279024135 44 
90 I 279557542 44 
91 I 279736341 44 
92 I 280438235 44 
93 I 282465310 53 
94 I 282646571 49 
95 I 283469688 44 
96 I 284337436 44 
97 I 284555399 44 
98 I 285253140 44 
99 I 285402248 44 
100 I 285739903 53 
101 I 285898411 44 
102 I 286264730 56 
103 I 289912133 49 
104 I 290812813 44 
105 I 290814185 44 
106 I 291851315 56 
107 I 291853905 64 
108 I 292959843 56 
109 I 292961835 64 
110 I 292965273 56 
111 I 293779480 56 
112 I 293872871 44 
113 I 294765880 44 
114 I 295802997 44 
115 I 295863671 53 
116 I 296651761 44 
117 I 298619671 44 
