0 I 0 44 
1 I 1001505 52 
2 I 4004751 44 
3 I 4718462 44 
4 I 5123477 44 
5 I 5310280 44 
6 I 6424586 52 
7 I 10853942 44 
8 I 11986199 44 
9 I 13064411 44 
10 I 13160193 44 
11 I 15038831 52 
12 I 16054749 44 
13 I 16147856 44 
14 I 18666419 44 
15 I 23292764 44 
16 I 27722057 52 
17 I 29001784 44 
18 I 30112444 44 
19 I 40950692 44 
20 I 40951252 44 
21 I 41166669 44 
22 I 41166670 44 
23 I 41959912 44 
24 I 41959915 44 
25 I 42257370 44 
26 I 42965675 44 
27 I 43260603 44 
28 I 44157858 52 
29 I 48261820 44 
30 I 48263696 44 
31 I 48670925 52 
32 I 48973176 52 
33 I 50457258 52 
34 I 51901758 52 
35 I 58232411 52 
36 I 59992046 44 
37 I 61076230 44 
38 I 65281617 44 
39 I 67087792 44 
40 I 67494428 44 
41 I 68482134 44 
42 I 72713785 44 
43 I 73728523 44 
44 I 74311964 44 
45 I 79746308 44 
46 I 79944341 52 
47 I 85426601 44 
48 I 85514490 44 
49 I 88432358 52 
50 I 88524186 44 
51 I 94570421 44 
52 I 100163873 52 
53 I 103104850 52 
54 I 103190397 44 
55 I 106887757 44 
56 I 108003909 52 
57 I 115460019 44 
58 I 115995845 44 
59 I 118433338 52 
60 I 121000768 52 
61 I 121000770 44 
62 I 121000770 44 
63 I 122044030 44 
64 I 122044031 44 
65 I 123060185 52 
66 I 123918853 52 
67 I 123967562 44 
68 I 140180525 44 
69 I 141216140 44 
70 I 142221220 52 
71 I 147097286 44 
72 I 148075355 44 
73 I 151155815 44 
74 I 152486902 44 
75 I 153538779 44 
76 I 154118752 44 
77 I 156072748 44 
78 I 156426358 44 
79 I 157121201 44 
80 I 159756685 44 
81 I 160795496 52 
82 I 163363870 44 
83 I 163749179 52 
84 I 171424448 44 
85 I 172422225 44 
86 I 173442014 44 
87 I 173973421 44 
88 I 174460830 52 
89 I 174931078 44 
90 I 175183044 44 
91 I 175216698 44 
92 I 175915976 52 
93 I 176170248 44 
94 I 176213386 44 
95 I 176625186 44 
96 I 177128002 52 
97 I 177234302 44 
98 I 179025960 44 
99 I 182790057 44 
100 I 185547959 44 
101 I 185747579 44 
102 I 186043683 44 
103 I 186756789 44 
104 I 191669174 44 
105 I 192337406 44 
106 I 193294523 44 
107 I 194184627 44 
108 I 194289379 44 
109 I 195188628 44 
110 I 198695476 44 
111 I 199865242 44 
112 I 204230852 44 
113 I 207122492 44 
114 I 208019164 44 
115 I 208815543 44 
116 I 212242574 52 
117 I 213512675 44 
118 I 216432708 44 
119 I 217349882 44 
120 I 222871949 44 
121 I 223781551 44 
122 I 233689648 44 
123 I 233850167 52 
124 I 235027057 44 
125 I 235112017 44 
126 I 235112018 44 
127 I 236015189 44 
128 I 236120173 44 
129 I 237125205 44 
130 I 237919787 52 
131 I 242059742 44 
132 I 242165182 52 
133 I 242915728 44 
134 I 246939456 52 
135 I 247656231 44 
136 I 248656340 44 
137 I 249664845 44 
138 I 249869646 44 
139 I 249954111 52 
140 I 250557450 44 
141 I 255215203 44 
142 I 256200822 44 
143 I 256968459 44 
144 I 257202627 44 
145 I 257202972 44 
146 I 258214338 52 
147 I 262825226 44 
148 I 263849703 44 
149 I 264844489 44 
150 I 270447592 44 
151 I 271471135 44 
152 I 286982876 44 
153 I 289563900 52 
