0 I 0 52 
1 I 2339443 44 
2 I 5249522 44 
3 I 6786926 44 
4 I 11156953 44 
5 I 12183379 44 
6 I 12289596 44 
7 I 13339535 44 
8 I 14476430 44 
9 I 14599163 44 
10 I 15571296 56 
11 I 15579159 56 
12 I 15680362 56 
13 I 16698845 56 
14 I 16705549 44 
15 I 17789230 44 
16 I 18890538 44 
17 I 19979381 44 
18 I 20105390 44 
19 I 21189993 44 
20 I 21315035 44 
21 I 22315487 44 
22 I 22545288 44 
23 I 23451351 44 
24 I 23566454 44 
25 I 24581331 44 
26 I 24677876 44 
27 I 25757539 44 
28 I 26985748 44 
29 I 28128984 44 
30 I 30445258 44 
31 I 35282516 44 
