0 I 0 44 
1 I 640380 52 
2 I 1315862 44 
3 I 1994148 44 
4 I 2678235 44 
5 I 3344863 44 
6 I 3476211 44 
7 I 3999890 44 
8 I 4000570 44 
9 I 4000902 44 
10 I 4137505 44 
11 I 5927090 44 
12 I 6611657 44 
13 I 7286903 44 
14 I 7478335 44 
15 I 7628534 44 
16 I 7977794 44 
17 I 8078467 44 
18 I 8171465 44 
19 I 8341051 44 
20 I 8674981 44 
21 I 8781549 44 
22 I 9360451 44 
23 I 9360452 44 
24 I 9360956 44 
25 I 9457837 44 
26 I 9903665 44 
27 I 10037864 44 
28 I 10037865 44 
29 I 10040539 44 
30 I 10078427 44 
31 I 10135862 44 
32 I 10278725 44 
33 I 10585236 44 
34 I 10817795 44 
35 I 10820459 44 
36 I 10820668 44 
37 I 11077620 44 
38 I 11529808 44 
39 I 11530657 44 
40 I 11779177 44 
41 I 11779400 44 
42 I 11780576 44 
43 I 12232231 44 
44 I 12233496 44 
45 I 12233578 44 
46 I 13160720 44 
47 I 14488254 44 
48 I 14489964 44 
49 I 15195560 44 
50 I 15196861 44 
51 I 15378059 44 
52 I 16077603 44 
53 I 16276363 44 
54 I 16983931 44 
55 I 16985110 44 
56 I 17699614 44 
57 I 17703529 44 
58 I 17876443 44 
59 I 18390368 44 
60 I 18415867 44 
61 I 18575985 44 
62 I 18592040 44 
63 I 18592835 44 
64 I 18593280 44 
65 I 19116199 44 
66 I 19116850 44 
67 I 19116851 44 
68 I 19143529 44 
69 I 19143781 44 
70 I 19151470 52 
71 I 19274852 44 
72 I 19320868 44 
73 I 19321493 44 
74 I 19325821 44 
75 I 19325822 44 
76 I 19887527 44 
77 I 19999006 44 
78 I 20000372 44 
79 I 20000489 44 
80 I 20776566 44 
81 I 21632892 44 
82 I 21775971 44 
83 I 22347384 44 
84 I 23056253 44 
85 I 23171253 44 
86 I 23538385 44 
87 I 23760653 44 
88 I 23871654 44 
89 I 23974566 44 
90 I 24485052 44 
91 I 24581660 44 
92 I 24687695 44 
93 I 25280432 44 
94 I 25283723 44 
95 I 25967167 44 
96 I 25968761 44 
97 I 25969667 44 
98 I 25969932 44 
99 I 26651926 44 
100 I 26653209 44 
101 I 26653484 44 
102 I 27839703 44 
103 I 27858687 44 
104 I 28506567 44 
105 I 29133691 44 
106 I 29134810 44 
107 I 30267808 44 
108 I 30887179 44 
109 I 33307836 44 
110 I 33801807 44 
111 I 33937753 44 
112 I 34571926 44 
113 I 34590526 44 
114 I 34699845 44 
115 I 35248976 44 
116 I 35359210 44 
117 I 35916479 44 
118 I 36017745 44 
119 I 36564418 44 
120 I 36565922 44 
121 I 36565923 44 
122 I 37219318 44 
123 I 37219733 44 
124 I 38062773 44 
125 I 38063946 44 
126 I 38327014 44 
127 I 38992387 44 
128 I 41017450 44 
129 I 41315069 44 
130 I 41976294 44 
131 I 42630242 44 
132 I 42793747 44 
133 I 43283990 44 
134 I 43395557 44 
135 I 43455374 44 
136 I 43973331 44 
137 I 44087906 44 
138 I 44148393 44 
139 I 44294088 44 
140 I 44482676 44 
141 I 44753817 44 
142 I 44755035 44 
143 I 44825947 44 
144 I 44826848 44 
145 I 44961845 44 
146 I 45420688 44 
147 I 45421376 44 
148 I 46703132 44 
149 I 48172755 44 
150 I 53810875 44 
151 I 54507875 44 
152 I 54507875 44 
153 I 54509181 44 
154 I 55193245 44 
155 I 55882920 44 
156 I 55883193 44 
157 I 55884037 44 
158 I 56663633 44 
159 I 56937626 44 
160 I 57625383 44 
161 I 59755333 44 
162 I 60160383 44 
163 I 60456731 44 
164 I 61136964 44 
165 I 61137447 44 
166 I 61163351 44 
167 I 62055293 44 
168 I 62751927 44 
169 I 64653318 44 
170 I 65316406 44 
171 I 65965430 44 
172 I 65965432 44 
173 I 66967113 44 
174 I 68978952 44 
175 I 69494200 44 
176 I 69630334 44 
177 I 70282622 44 
178 I 70467373 44 
179 I 71136912 44 
180 I 71225704 44 
181 I 71234938 52 
182 I 71494546 44 
183 I 73739901 44 
184 I 74159893 52 
185 I 74813319 44 
186 I 75479514 44 
187 I 77501478 44 
188 I 77505983 44 
189 I 78128075 44 
190 I 78423001 44 
191 I 79254406 44 
192 I 79617311 44 
193 I 85372887 44 
194 I 86074311 44 
195 I 100227783 44 
196 I 100913383 44 
197 I 101677361 44 
198 I 102437408 44 
199 I 102437549 44 
