0 I 0 44 
1 I 2992 52 
2 I 331355 44 
3 I 864254 44 
4 I 16591604 44 
5 I 17262137 44 
6 I 17263174 52 
7 I 17646628 44 
8 I 18231489 44 
9 I 23868013 44 
10 I 33584124 44 
11 I 33893100 44 
12 I 33894618 52 
13 I 34275172 44 
14 I 34861490 44 
15 I 50529574 44 
16 I 63534624 44 
17 I 63541192 52 
18 I 63856007 44 
19 I 64323417 44 
20 I 79481548 44 
21 I 143150093 44 
22 I 164954851 52 
23 I 165220833 44 
24 I 165657176 44 
25 I 179892048 52 
26 I 180107249 44 
27 I 180466909 44 
28 I 181454349 44 
29 I 188925871 52 
30 I 189192676 44 
31 I 189597684 44 
32 I 195513434 44 
33 I 200245704 44 
34 I 200246371 52 
35 I 200490390 44 
36 I 200903243 44 
37 I 204511057 44 
38 I 214196547 44 
39 I 216511204 44 
40 I 227112295 44 
41 I 227210996 52 
42 I 227601408 44 
43 I 228210538 44 
44 I 243565052 44 
