0 I 0 44 
1 I 599039 44 
2 I 1168217 44 
3 I 1711222 44 
4 I 2333532 44 
5 I 2884021 44 
6 I 3468602 44 
7 I 4017734 64 
8 I 6811475 89 
9 I 7485758 56 
10 I 7656222 162 
11 I 8204774 56 
12 I 8570581 56 
13 I 41299595 44 
14 I 41875538 44 
15 I 42414933 44 
16 I 42964669 44 
17 I 43530540 44 
18 I 44097851 44 
19 I 44655001 44 
20 I 45239729 44 
21 I 45797496 44 
22 I 46352252 44 
23 I 46973647 44 
24 I 47535414 44 
25 I 48140492 64 
26 I 49585670 89 
27 I 50310145 56 
28 I 50716968 162 
29 I 51272580 56 
30 I 51664283 56 
31 I 162846800 44 
32 I 163346670 44 
33 I 163791024 44 
34 I 163876310 44 
35 I 174934407 44 
36 I 174936936 44 
37 I 175429063 44 
38 I 175432007 44 
39 I 175928210 44 
40 I 175928214 44 
41 I 176464758 64 
42 I 176465225 44 
43 I 176995614 64 
44 I 177411003 89 
45 I 177729494 89 
46 I 177968446 92 
47 I 178365233 56 
48 I 178567461 56 
49 I 178817107 92 
50 I 178938422 76 
51 I 179407926 56 
52 I 179428726 56 
53 I 179510512 76 
54 I 179609317 56 
55 I 179981094 56 
56 I 180175606 56 
57 I 198084841 44 
58 I 198541289 64 
59 I 200964255 89 
60 I 201614198 162 
61 I 202142988 56 
62 I 202582803 56 
63 I 235292619 44 
64 I 235754955 44 
65 I 236232876 44 
66 I 236715857 44 
67 I 237196702 44 
68 I 237713895 64 
69 I 238646171 89 
70 I 239293746 56 
71 I 239369111 92 
72 I 239942049 56 
73 I 240115448 76 
74 I 240583250 56 
75 I 240943910 56 
