0 I 0 52 
1 I 1574 52 
2 I 222376 44 
3 I 225469 44 
4 I 229450 220 
5 I 233423 220 
6 I 492811 92 
7 I 495597 92 
8 I 708256 44 
9 I 714806 156 
10 I 717554 156 
11 I 934857 236 
12 I 939348 236 
13 I 1155081 44 
14 I 1156953 44 
15 I 1367938 44 
16 I 1370383 44 
17 I 7247630 52 
18 I 7292060 52 
19 I 7463454 44 
20 I 7473840 220 
21 I 7504430 44 
22 I 7509674 220 
23 I 7752118 92 
24 I 7754520 92 
25 I 7968039 44 
26 I 7972926 156 
27 I 7975162 156 
28 I 8192502 236 
29 I 8196620 236 
30 I 8405688 44 
31 I 8407856 44 
32 I 8629233 44 
33 I 8630763 44 
