0 I 0 52 
1 I 742204 44 
2 I 1536792 52 
3 I 1705034 44 
4 I 2002819 44 
5 I 2400725 44 
6 I 2490352 44 
7 I 3138496 44 
8 I 3258320 44 
9 I 3504724 44 
10 I 3740149 44 
11 I 3892217 44 
12 I 4016483 44 
13 I 4277487 44 
14 I 4494117 44 
15 I 4747829 44 
16 I 5214545 44 
17 I 5257136 44 
18 I 5510686 44 
19 I 5607537 44 
20 I 5607973 44 
21 I 5608371 44 
22 I 5608514 44 
23 I 5608799 44 
24 I 5609714 44 
25 I 5609714 44 
26 I 5610538 44 
27 I 5610793 44 
28 I 5610794 44 
29 I 5613325 44 
30 I 5613325 44 
31 I 5614632 44 
32 I 5616633 44 
33 I 5616798 44 
34 I 5617171 44 
35 I 5618632 44 
36 I 5619739 44 
37 I 5619740 44 
38 I 5620846 44 
39 I 5620993 44 
40 I 5621720 44 
41 I 5623713 44 
42 I 5624481 44 
43 I 5624597 44 
44 I 5625128 44 
45 I 5626625 44 
46 I 5627941 44 
47 I 5628393 44 
48 I 5629107 44 
49 I 5630941 44 
50 I 5630946 44 
51 I 5632131 44 
52 I 5633281 44 
53 I 5633999 44 
54 I 5634287 44 
55 I 5634316 44 
56 I 5635385 44 
57 I 5635411 44 
58 I 5635417 44 
59 I 5635455 44 
60 I 5635664 44 
61 I 5636130 44 
62 I 5636465 44 
63 I 5637162 44 
64 I 5637844 44 
65 I 5638005 44 
66 I 5638009 44 
67 I 5645513 44 
68 I 5645944 44 
69 I 5645947 44 
70 I 5646913 44 
71 I 5814382 44 
72 I 6072108 44 
73 I 6341943 44 
74 I 6342269 44 
75 I 6344650 44 
76 I 6344806 44 
77 I 6347908 44 
78 I 6348018 44 
79 I 6348173 44 
80 I 6349751 44 
81 I 6349753 44 
82 I 6350484 44 
83 I 6350594 44 
84 I 6350690 44 
85 I 6351043 44 
86 I 6351044 44 
87 I 6351140 44 
88 I 6352162 44 
89 I 6352237 44 
90 I 6352286 44 
91 I 6356668 44 
92 I 6356668 44 
93 I 6356668 44 
94 I 6356670 44 
95 I 6359070 44 
96 I 6360405 44 
97 I 6361877 44 
98 I 6361916 44 
99 I 6364965 44 
100 I 6365256 44 
101 I 6367954 44 
102 I 6367956 44 
103 I 6384679 44 
104 I 6384679 44 
105 I 6384751 44 
106 I 6384759 44 
107 I 6384771 44 
108 I 6384771 44 
109 I 6384844 44 
110 I 6384845 44 
111 I 6384846 44 
112 I 6384846 44 
113 I 6384847 44 
114 I 6384847 44 
115 I 6384853 44 
116 I 6384960 44 
117 I 6385048 44 
118 I 6385050 44 
119 I 7027330 44 
120 I 7067916 44 
121 I 16916600 44 
122 I 17253450 44 
123 I 17697827 44 
124 I 18156278 44 
125 I 18459904 44 
126 I 19138308 44 
127 I 19230673 44 
128 I 19715916 44 
129 I 20017188 44 
130 I 20655779 44 
131 I 20810079 44 
132 I 21396145 44 
133 I 21590143 44 
134 I 21813793 44 
135 I 22074552 44 
136 I 22385901 44 
137 I 22399967 44 
138 I 22903057 44 
139 I 23167878 44 
140 I 23641467 44 
141 I 23936364 44 
142 I 24411646 44 
143 I 24914605 44 
144 I 25205999 44 
145 I 30221144 44 
146 I 40754081 44 
147 I 41241112 44 
148 I 43777502 44 
149 I 43777897 52 
150 I 44427044 44 
151 I 45311716 44 
152 I 45582406 44 
153 I 45949920 44 
154 I 46593272 44 
155 I 46600572 44 
156 I 47094121 44 
157 I 47264287 44 
158 I 47749662 44 
159 I 47940785 44 
160 I 48593087 44 
161 I 48712503 44 
162 I 48791036 44 
163 I 49103441 44 
164 I 49371413 44 
