0 I 0 52 
1 I 201346 44 
2 I 3613083 44 
3 I 3911427 44 
4 I 4059643 44 
5 I 4269361 44 
6 I 4302295 44 
7 I 4306310 44 
8 I 4492554 44 
9 I 4652924 44 
10 I 4657021 44 
11 I 4730879 44 
12 I 4756908 44 
13 I 4760232 44 
14 I 5013171 44 
15 I 5026736 44 
16 I 5028826 44 
17 I 5066984 44 
18 I 5119617 44 
19 I 5157243 44 
20 I 5180469 44 
21 I 5347559 44 
22 I 5367114 44 
23 I 5398590 44 
24 I 5413979 44 
25 I 5430881 44 
26 I 5436080 44 
27 I 5449705 44 
28 I 5456951 44 
29 I 5704474 44 
30 I 5705332 44 
31 I 5708888 44 
32 I 5713464 44 
33 I 5715771 44 
34 I 5724497 44 
35 I 5737548 44 
36 I 5973439 44 
37 I 6121213 44 
38 I 6142218 44 
39 I 6146217 44 
40 I 6146833 44 
41 I 6174797 44 
42 I 6181702 44 
43 I 6198560 44 
44 I 6235738 44 
45 I 6434437 44 
46 I 6458685 44 
47 I 6464823 44 
48 I 6483244 44 
49 I 6491492 44 
50 I 6495499 44 
51 I 6498567 44 
52 I 6506077 44 
53 I 6507157 44 
54 I 6641326 44 
55 I 6691096 44 
56 I 6697391 44 
57 I 6716390 44 
58 I 6750597 44 
59 I 6759608 44 
60 I 6760113 44 
61 I 6768810 44 
62 I 6878696 44 
63 I 6910327 44 
64 I 6914838 44 
65 I 6938632 44 
66 I 6945074 44 
67 I 7014691 44 
68 I 7048425 44 
69 I 7069874 44 
70 I 7070572 44 
71 I 7118655 44 
72 I 7139879 44 
73 I 7144650 44 
74 I 7152562 44 
75 I 7234119 44 
76 I 7300092 44 
77 I 7312969 44 
78 I 7337767 44 
79 I 7345838 44 
80 I 7369947 44 
81 I 7414238 44 
82 I 7437212 44 
83 I 7561520 44 
84 I 7598346 56 
85 I 7616895 56 
86 I 7620067 56 
87 I 7646108 56 
88 I 7658754 56 
89 I 7665291 56 
90 I 7666351 56 
91 I 7671633 56 
92 I 7735574 56 
93 I 7744628 56 
94 I 7745428 56 
95 I 7747185 56 
96 I 7763696 56 
97 I 7778226 56 
98 I 7782440 56 
99 I 7792718 56 
100 I 7824477 44 
101 I 8037360 44 
102 I 8271951 44 
103 I 8403766 44 
104 I 8471548 44 
105 I 8603712 44 
106 I 8770982 44 
107 I 8790767 44 
108 I 8836626 44 
109 I 8975031 44 
110 I 8997975 44 
111 I 9010431 44 
112 I 9036972 44 
113 I 9049245 44 
114 I 9189581 44 
115 I 9235816 44 
116 I 9237059 44 
117 I 9323175 44 
118 I 9395482 44 
119 I 9440345 44 
120 I 9496481 44 
121 I 9533744 44 
122 I 9621061 44 
123 I 9648552 44 
124 I 9660979 44 
125 I 9796808 44 
126 I 9806325 44 
127 I 9889174 44 
128 I 9907547 44 
129 I 9911776 44 
130 I 9916684 44 
131 I 10046555 44 
132 I 10056057 44 
133 I 10357229 44 
134 I 10370824 44 
135 I 10387569 44 
136 I 10397940 44 
137 I 10402398 44 
138 I 10706518 44 
139 I 10760948 44 
140 I 10766811 44 
141 I 10778267 44 
142 I 10788429 44 
143 I 10802091 44 
144 I 10909389 44 
145 I 11032071 44 
146 I 11063566 44 
147 I 11065259 44 
148 I 11084404 44 
149 I 11093865 44 
150 I 11140807 44 
151 I 11272334 44 
152 I 11304965 44 
153 I 11318070 44 
154 I 11331146 44 
155 I 11337439 44 
156 I 11350494 44 
157 I 11387423 44 
158 I 11476922 44 
159 I 11518245 44 
160 I 11523785 44 
161 I 11581805 44 
162 I 11583798 44 
163 I 11588616 44 
164 I 11792118 44 
165 I 11833780 44 
166 I 11880732 44 
167 I 11896022 44 
168 I 11915665 44 
169 I 12097742 44 
170 I 12297029 44 
171 I 12308488 56 
172 I 12310043 56 
173 I 12319772 56 
174 I 12332663 56 
175 I 12347946 56 
176 I 12368099 56 
177 I 12369095 56 
178 I 12374905 56 
179 I 12563966 56 
180 I 12564630 56 
181 I 12598223 56 
182 I 12633078 56 
183 I 12666259 44 
184 I 12691370 44 
185 I 13013149 44 
186 I 13031089 44 
187 I 13149507 44 
188 I 13233708 44 
189 I 13283713 44 
190 I 13286009 44 
191 I 13362712 44 
192 I 13451809 44 
193 I 13482680 44 
194 I 13489974 44 
195 I 13565892 44 
196 I 13675439 44 
197 I 13708542 44 
198 I 13712455 44 
199 I 13799524 44 
200 I 13901386 44 
201 I 13950438 44 
202 I 13951422 44 
203 I 14021273 44 
204 I 14109216 44 
205 I 14162437 44 
206 I 14177191 44 
207 I 14179525 44 
208 I 14231947 44 
209 I 14310997 44 
210 I 14375599 44 
211 I 14396288 44 
212 I 14405948 44 
213 I 14436882 44 
214 I 14510193 44 
215 I 14577223 44 
216 I 14609918 44 
217 I 14637760 44 
218 I 14655445 44 
219 I 14743449 44 
220 I 14784351 44 
221 I 14830664 44 
222 I 14949318 44 
223 I 14962201 44 
224 I 14992929 44 
225 I 15000529 44 
226 I 15005683 44 
227 I 15223095 44 
228 I 15225522 44 
229 I 15226696 44 
230 I 15230027 44 
231 I 15249312 44 
232 I 15255752 44 
233 I 15360786 44 
234 I 15476636 44 
235 I 15490559 44 
236 I 15534565 44 
237 I 15590956 44 
238 I 15602421 44 
239 I 15659573 44 
240 I 15715879 44 
241 I 15722395 44 
242 I 15753293 44 
243 I 15826653 44 
244 I 15837506 44 
245 I 15889704 44 
246 I 15927045 44 
247 I 15950196 44 
248 I 15974582 44 
249 I 15991878 44 
250 I 16029176 44 
251 I 16041669 44 
252 I 16091856 44 
253 I 16127544 44 
254 I 16183715 44 
255 I 16206076 44 
256 I 16236298 44 
257 I 16300976 44 
258 I 16331487 44 
259 I 16334074 44 
260 I 16419203 44 
261 I 16502795 44 
262 I 16509388 44 
263 I 16514024 44 
264 I 16528912 44 
265 I 16539068 44 
266 I 16601977 44 
267 I 16642440 44 
268 I 16707372 44 
269 I 16712449 44 
270 I 16744043 44 
271 I 16752161 44 
272 I 16770979 44 
273 I 16809693 44 
274 I 16850889 44 
275 I 16911184 44 
276 I 16917732 44 
277 I 16950189 44 
278 I 16956781 44 
279 I 17007735 44 
280 I 17009000 44 
281 I 17010640 44 
282 I 17056912 44 
283 I 17320135 44 
284 I 17321378 44 
285 I 17327929 44 
286 I 17332847 44 
287 I 17333720 44 
288 I 17334491 44 
289 I 17337165 44 
290 I 17344439 44 
291 I 17607391 44 
292 I 17649929 44 
293 I 17733217 44 
294 I 17734553 44 
295 I 17737027 44 
296 I 17740798 44 
297 I 17744411 44 
298 I 17753555 44 
299 I 17833523 44 
300 I 17893814 44 
301 I 17977821 44 
302 I 17987738 44 
303 I 17991191 44 
304 I 17991937 44 
305 I 17994604 44 
306 I 18005424 44 
307 I 18036484 44 
308 I 18109354 44 
309 I 18254441 44 
310 I 18260792 44 
311 I 18266507 44 
312 I 18270880 44 
313 I 18274728 44 
314 I 18275439 44 
315 I 18276390 44 
316 I 18331368 44 
317 I 18623917 44 
318 I 18648974 44 
319 I 18660804 44 
320 I 18665769 44 
321 I 18686289 44 
322 I 18688174 44 
323 I 18733565 44 
324 I 18741919 44 
325 I 18939062 44 
326 I 18996932 44 
327 I 19082859 44 
328 I 19083413 44 
329 I 19092697 44 
330 I 19095038 44 
331 I 19097765 56 
332 I 19199213 64 
333 I 19202585 64 
334 I 19207717 64 
335 I 19502204 64 
336 I 19502220 64 
337 I 19518478 64 
338 I 19565581 64 
339 I 19597189 64 
340 I 19620644 64 
341 I 19630741 64 
342 I 19633489 64 
343 I 19692842 56 
344 I 19702059 44 
345 I 20039562 44 
346 I 20368663 44 
347 I 20513677 44 
348 I 20573254 44 
349 I 20894789 44 
350 I 21022921 56 
351 I 21035536 56 
352 I 21302093 56 
353 I 21302669 56 
354 I 21321982 56 
355 I 21415806 56 
356 I 21528001 44 
357 I 21671612 44 
358 I 21836593 44 
359 I 21919622 44 
360 I 22138073 44 
361 I 22203655 44 
362 I 22336616 44 
363 I 22433784 44 
364 I 22437764 44 
365 I 22556723 44 
366 I 22715758 44 
367 I 22722148 44 
368 I 22814620 44 
369 I 23014940 44 
370 I 23016121 44 
371 I 23036764 44 
372 I 23276644 44 
373 I 23293581 44 
374 I 23349106 44 
375 I 23467076 44 
376 I 23729599 44 
377 I 23781351 44 
378 I 23790776 44 
379 I 23877617 44 
380 I 23952558 44 
381 I 24014052 44 
382 I 24020289 44 
383 I 24119685 44 
384 I 24377003 44 
385 I 24398937 44 
386 I 24410340 44 
387 I 24478040 44 
388 I 24615382 44 
389 I 24632456 44 
390 I 24642666 44 
391 I 24708133 44 
392 I 24848806 44 
393 I 24881777 44 
394 I 24905173 44 
395 I 24908010 44 
396 I 25014445 44 
397 I 25103870 44 
398 I 25109274 44 
399 I 25122585 44 
400 I 25226691 44 
401 I 25236978 44 
402 I 25330183 44 
403 I 25335358 44 
404 I 25340663 44 
405 I 25431220 44 
406 I 25446641 44 
407 I 25540918 44 
408 I 25571799 44 
409 I 25592964 44 
410 I 25644816 44 
411 I 25672979 44 
412 I 25837204 44 
413 I 25877078 44 
414 I 25886561 44 
415 I 25900086 44 
416 I 25960350 44 
417 I 26150722 44 
418 I 26196476 44 
419 I 26201949 44 
420 I 26237035 44 
421 I 26238110 44 
422 I 26241084 44 
423 I 26411417 44 
424 I 26416892 44 
425 I 26423176 44 
426 I 26461431 44 
427 I 26463774 44 
428 I 26465748 44 
429 I 26657409 44 
430 I 26671398 44 
431 I 26681100 44 
432 I 26725141 44 
433 I 26729265 44 
434 I 26733237 44 
435 I 26859720 44 
436 I 26906834 44 
437 I 26910375 44 
438 I 26958124 44 
439 I 26974911 44 
440 I 26976116 44 
441 I 26976606 44 
442 I 27165130 44 
443 I 27171297 44 
444 I 27172761 44 
445 I 27230185 44 
446 I 27246589 44 
447 I 27294721 44 
448 I 27303730 44 
449 I 27366960 44 
450 I 27377174 44 
451 I 27378793 44 
452 I 27442799 44 
453 I 27502411 44 
454 I 27521363 44 
455 I 27522620 44 
456 I 27570251 44 
457 I 42665798 44 
458 I 46026784 44 
