0 I 0 52 
1 I 924974 44 
2 I 1993457 44 
3 I 2595417 52 
4 I 3057710 44 
5 I 3175698 44 
6 I 3444976 44 
7 I 4100404 44 
8 I 4350340 44 
9 I 4473380 44 
10 I 5656101 44 
11 I 6552465 44 
12 I 6620727 44 
13 I 12939719 44 
14 I 12943937 44 
15 I 13036773 44 
16 I 13046818 44 
17 I 13147297 44 
18 I 13187278 56 
19 I 13319700 56 
20 I 14060944 44 
21 I 14193824 44 
22 I 14473828 44 
23 I 14587732 44 
24 I 14714254 44 
25 I 14945483 44 
26 I 15092080 44 
27 I 15452783 44 
28 I 15915647 56 
29 I 16071145 56 
30 I 16198251 56 
31 I 16561265 56 
32 I 16888984 56 
33 I 17209973 56 
34 I 17865335 44 
35 I 18145087 44 
36 I 19332560 44 
37 I 19546326 44 
38 I 20455366 44 
39 I 21153854 56 
40 I 22466769 44 
41 I 24445976 44 
42 I 24907736 44 
43 I 25565803 44 
44 I 26155253 44 
45 I 29304239 44 
46 I 29487170 44 
47 I 30242956 56 
48 I 30371610 56 
49 I 30494752 56 
50 I 31174051 56 
51 I 31302210 56 
52 I 31411638 44 
53 I 32426486 44 
54 I 32549671 44 
55 I 33547848 44 
56 I 33867484 44 
57 I 33962734 44 
58 I 34262031 44 
59 I 35147367 44 
60 I 35351175 44 
61 I 35550311 44 
62 I 35750230 44 
63 I 36534293 44 
64 I 36580647 44 
65 I 36849854 44 
66 I 37610827 44 
67 I 44192705 44 
68 I 48853951 44 
69 I 56496535 44 
70 I 78480909 44 
71 I 80781592 44 
72 I 127320524 44 
73 I 135126216 44 
