0 I 0 52 
1 I 2911172 52 
2 I 3918156 52 
3 I 10021480 52 
4 I 11027611 52 
5 I 16944140 52 
6 I 31049699 52 
7 I 32057654 52 
8 I 33059486 52 
9 I 56087156 52 
10 I 57093463 52 
11 I 58094730 52 
12 I 97134175 52 
13 I 98133489 52 
14 I 99056815 52 
15 I 99962078 52 
16 I 100049826 52 
17 I 100957225 52 
18 I 123201257 52 
19 I 124196710 52 
20 I 125103221 52 
21 I 149235838 52 
22 I 152238659 52 
23 I 153049765 52 
24 I 182278265 52 
25 I 183275831 52 
26 I 184284216 52 
27 I 218588221 52 
28 I 219526790 52 
29 I 225444432 52 
