0 I 0 580 
1 I 8467 580 
2 I 17169 580 
3 I 25709 580 
4 I 34570 580 
5 I 40493 388 
6 I 4490928 580 
7 I 4500164 580 
8 I 4508619 580 
9 I 4517775 580 
10 I 4525506 580 
11 I 4534717 580 
12 I 4542985 580 
13 I 4552926 388 
14 I 6192280 580 
15 I 6201193 580 
16 I 6209458 580 
17 I 6218436 580 
18 I 6226894 580 
19 I 6235877 580 
20 I 6244104 580 
21 I 6249824 388 
22 I 11752842 580 
23 I 11761735 580 
24 I 11770737 580 
25 I 11778721 580 
26 I 11787384 580 
27 I 11795943 580 
28 I 11804636 580 
29 I 11810221 388 
30 I 13273964 580 
31 I 13281760 580 
32 I 13291037 580 
33 I 13300578 580 
34 I 13308031 580 
35 I 13316061 580 
36 I 13325013 580 
37 I 13331141 388 
38 I 19846414 44 
39 I 20542641 580 
40 I 20550962 580 
41 I 20559286 580 
42 I 20568391 580 
43 I 20579168 580 
44 I 20585475 580 
45 I 20593802 580 
46 I 20600046 388 
47 I 20919651 580 
48 I 20928156 580 
49 I 20937026 580 
50 I 20945066 580 
51 I 20953381 580 
52 I 20962281 580 
53 I 20971013 580 
54 I 20977295 388 
55 I 27371049 44 
56 I 28128202 580 
57 I 28136442 580 
58 I 28144982 580 
59 I 28153683 580 
60 I 28162211 580 
61 I 28170971 580 
62 I 28179530 580 
63 I 28185789 388 
64 I 29522370 580 
65 I 29531081 580 
66 I 29539762 580 
67 I 29548436 580 
68 I 29556860 580 
69 I 29565463 580 
70 I 29573940 580 
71 I 29580138 388 
72 I 34814064 44 
73 I 35263064 580 
74 I 35272045 580 
75 I 35280009 580 
76 I 35289166 580 
77 I 35297422 580 
78 I 35306228 580 
79 I 35314958 580 
80 I 35320555 388 
81 I 36517289 580 
82 I 36525577 580 
83 I 36534586 580 
84 I 36543103 580 
85 I 36551675 580 
86 I 36560451 580 
87 I 36569028 580 
88 I 36575020 388 
89 I 42561576 44 
90 I 42776675 580 
91 I 42785639 580 
92 I 42793982 580 
93 I 42802516 580 
94 I 42811550 580 
95 I 42819810 580 
96 I 42828300 580 
97 I 42834826 388 
98 I 44180645 44 
99 I 45220169 580 
100 I 45228406 580 
101 I 45237404 580 
102 I 45245725 580 
103 I 45254325 580 
104 I 45262887 580 
105 I 45271440 580 
106 I 45277757 388 
107 I 51214168 580 
108 I 51223035 580 
109 I 51231369 580 
110 I 51240239 580 
111 I 51248346 580 
112 I 51257433 580 
113 I 51265570 580 
114 I 51272344 388 
115 I 52661275 44 
116 I 54202989 580 
117 I 54212614 580 
118 I 54220562 580 
119 I 54229512 580 
120 I 54238090 580 
121 I 54246699 580 
122 I 54255278 580 
123 I 54261027 388 
124 I 61053179 580 
125 I 61061887 580 
126 I 61070453 580 
127 I 61079284 580 
128 I 61087279 580 
129 I 61096272 580 
130 I 61105141 580 
131 I 61110853 388 
132 I 62245435 44 
133 I 64635253 580 
134 I 64643894 580 
135 I 64652804 580 
136 I 64661363 580 
137 I 64669553 580 
138 I 64677874 580 
139 I 64687691 580 
140 I 64693419 388 
141 I 71706189 44 
142 I 73142946 580 
143 I 73152027 580 
144 I 73160374 580 
145 I 73168862 580 
146 I 73177401 580 
147 I 73186940 580 
148 I 73194674 580 
149 I 73200955 388 
150 I 73449580 44 
151 I 76113895 580 
152 I 76115125 580 
153 I 76115638 580 
154 I 76116622 580 
155 I 76123013 580 
156 I 76132328 580 
157 I 76140764 580 
158 I 76146834 388 
159 I 82088756 44 
160 I 84434507 580 
161 I 84443224 580 
162 I 84451952 580 
163 I 84460481 580 
164 I 84468913 580 
165 I 84477333 580 
166 I 84486159 580 
167 I 84492032 388 
168 I 84747030 44 
169 I 87099312 580 
170 I 87108199 580 
171 I 87117164 580 
172 I 87125322 580 
173 I 87133860 580 
174 I 87142587 580 
175 I 87151514 580 
176 I 87157261 388 
177 I 93688613 44 
178 I 98785634 580 
179 I 98794345 580 
180 I 98803108 580 
181 I 98811218 580 
182 I 98820024 580 
183 I 98828402 580 
184 I 98837141 580 
185 I 98843011 388 
186 I 98968734 44 
187 I 101930070 580 
188 I 101937970 580 
189 I 101947072 580 
190 I 101955511 580 
191 I 101964853 580 
192 I 101972671 580 
193 I 101982342 580 
194 I 101987386 388 
195 I 111179360 44 
196 I 113376956 580 
197 I 113385808 580 
198 I 113394228 580 
199 I 113402944 580 
200 I 113411473 580 
201 I 113420165 580 
202 I 113428725 580 
203 I 113434696 388 
204 I 119918309 44 
205 I 121301299 580 
206 I 121309963 580 
207 I 121318544 580 
208 I 121327212 580 
209 I 121335775 580 
210 I 121344520 580 
211 I 121352910 580 
212 I 121358956 388 
213 I 126027581 44 
214 I 129732822 580 
215 I 129742134 580 
216 I 129754239 580 
217 I 129759317 580 
218 I 129767382 580 
219 I 129776311 580 
220 I 129784810 580 
221 I 129790845 388 
222 I 131897370 44 
223 I 133158394 580 
224 I 133167598 580 
225 I 133176152 580 
226 I 133184050 580 
227 I 133192640 580 
228 I 133201166 580 
229 I 133209796 580 
230 I 133215698 388 
231 I 137856073 44 
232 I 142231116 580 
233 I 142239833 580 
234 I 142248243 580 
235 I 142257429 580 
236 I 142265158 580 
237 I 142274370 580 
238 I 142282779 580 
239 I 142288794 388 
240 I 144105386 44 
241 I 146147948 580 
242 I 146148648 580 
243 I 146149213 580 
244 I 146151041 580 
245 I 146159789 580 
246 I 146168391 580 
247 I 146176944 580 
248 I 146182911 388 
249 I 151814464 44 
250 I 155216107 580 
251 I 155225094 580 
252 I 155233403 580 
253 I 155242344 580 
254 I 155250595 580 
255 I 155259434 580 
256 I 155268337 580 
257 I 155274143 388 
258 I 158518210 580 
259 I 158526883 580 
260 I 158535011 580 
261 I 158543993 580 
262 I 158552543 580 
263 I 158561225 580 
264 I 158569555 580 
265 I 158576037 388 
266 I 165643076 56 
267 I 167437659 580 
268 I 167446270 580 
269 I 167454610 580 
270 I 167463205 580 
271 I 167472131 580 
272 I 167481139 580 
273 I 167489822 580 
274 I 167495138 388 
275 I 170932826 56 
276 I 171003002 580 
277 I 171011656 580 
278 I 171020584 580 
279 I 171029061 580 
280 I 171037671 580 
281 I 171046572 580 
282 I 171054804 580 
283 I 171060472 388 
284 I 178654861 56 
285 I 180386919 580 
286 I 180395359 580 
287 I 180404252 580 
288 I 180412400 580 
289 I 180421443 580 
290 I 180429533 580 
291 I 180438512 580 
292 I 180444394 388 
293 I 183222113 56 
294 I 183230396 580 
295 I 183238346 580 
296 I 183247872 580 
297 I 183256322 580 
298 I 183264542 580 
299 I 183273355 580 
300 I 183281821 580 
301 I 183287772 388 
302 I 184745245 44 
303 I 191373646 44 
304 I 192969730 580 
305 I 192978742 580 
306 I 192987366 580 
307 I 192995593 580 
308 I 193004210 580 
309 I 193012899 580 
310 I 193021606 580 
311 I 193027354 388 
312 I 196803959 580 
313 I 196812118 580 
314 I 196820705 580 
315 I 196829516 580 
316 I 196838025 580 
317 I 196846741 580 
318 I 196855584 580 
319 I 196862401 388 
320 I 197910291 44 
321 I 207388359 580 
322 I 207397263 580 
323 I 207405813 580 
324 I 207414363 580 
325 I 207422940 580 
326 I 207431510 580 
327 I 207440055 580 
328 I 207445810 388 
329 I 210077359 44 
330 I 212047689 580 
331 I 212056638 580 
332 I 212064975 580 
333 I 212074058 580 
334 I 212082504 580 
335 I 212091226 580 
336 I 212099464 580 
337 I 212106448 388 
338 I 212257355 44 
339 I 223071923 580 
340 I 223080761 580 
341 I 223089121 580 
342 I 223097767 580 
343 I 223106697 580 
344 I 223115004 580 
345 I 223123729 580 
346 I 223129529 388 
347 I 224845015 44 
348 I 226753683 580 
349 I 226763014 580 
350 I 226770823 580 
351 I 226779380 580 
352 I 226787928 580 
353 I 226797148 580 
354 I 226805100 580 
355 I 226811203 388 
356 I 233594121 580 
357 I 233602690 580 
358 I 233611570 580 
359 I 233619604 580 
360 I 233628677 580 
361 I 233636993 580 
362 I 233645691 580 
363 I 233651966 388 
364 I 236110823 44 
365 I 238310231 580 
366 I 238318693 580 
367 I 238327476 580 
368 I 238336014 580 
369 I 238344646 580 
370 I 238353597 580 
371 I 238361849 580 
372 I 238367841 388 
373 I 244446547 580 
374 I 244454929 580 
375 I 244463536 580 
376 I 244472270 580 
377 I 244480796 580 
378 I 244489554 580 
379 I 244497894 580 
380 I 244503767 388 
381 I 246069626 44 
382 I 247209569 580 
383 I 247218159 580 
384 I 247226802 580 
385 I 247235424 580 
386 I 247244055 580 
387 I 247252888 580 
388 I 247264525 580 
389 I 247267214 388 
390 I 254797368 580 
391 I 254806474 580 
392 I 254814940 580 
393 I 254823371 580 
394 I 254831966 580 
395 I 254840340 580 
396 I 254849317 580 
397 I 254854773 388 
398 I 256127668 44 
399 I 258749805 580 
400 I 258758455 580 
401 I 258767383 580 
402 I 258775652 580 
403 I 258784190 580 
404 I 258792958 580 
405 I 258801869 580 
406 I 258807270 388 
407 I 266504199 580 
408 I 266513054 580 
409 I 266522239 580 
410 I 266529743 580 
411 I 266538029 580 
412 I 266547009 580 
413 I 266555647 580 
414 I 266561448 388 
415 I 267795522 44 
416 I 270519903 580 
417 I 270528282 580 
418 I 270537393 580 
419 I 270545671 580 
420 I 270554546 580 
421 I 270562917 580 
422 I 270571873 580 
423 I 270577519 388 
424 I 277685457 580 
425 I 277694622 580 
426 I 277703248 580 
427 I 277711295 580 
428 I 277719862 580 
429 I 277728668 580 
430 I 277737197 580 
431 I 277743236 388 
432 I 277854367 44 
433 I 281658002 580 
434 I 281666345 580 
435 I 281674989 580 
436 I 281683731 580 
437 I 281692508 580 
438 I 281701152 580 
439 I 281709906 580 
440 I 281715314 388 
441 I 288883928 580 
442 I 288892783 580 
443 I 288901653 580 
444 I 288909711 580 
445 I 288918344 580 
446 I 288926741 580 
447 I 288935810 580 
448 I 288941344 388 
449 I 293810022 44 
450 I 293946373 580 
451 I 293954569 580 
452 I 293964019 580 
453 I 293971753 580 
454 I 293980590 580 
455 I 293989675 580 
456 I 293997834 580 
457 I 294004055 388 
