0 I 0 56 
1 I 563183 44 
2 I 568040 125 
3 I 1086960 104 
4 I 4074654 148 
5 I 4827885 44 
6 I 14590858 66 
7 I 15295412 44 
8 I 27420472 90 
9 I 28094271 56 
10 I 31341010 44 
11 I 31958689 44 
12 I 32449924 56 
13 I 32951074 56 
14 I 33644998 56 
15 I 36696823 44 
16 I 37472993 44 
17 I 42627631 44 
18 I 43227864 44 
19 I 53981649 44 
20 I 54504158 44 
21 I 55022825 56 
22 I 55510844 56 
23 I 56391182 56 
24 I 56714940 56 
25 I 57456562 44 
26 I 58070301 44 
27 I 58778205 56 
28 I 59308164 56 
29 I 60744581 44 
30 I 61289959 44 
31 I 64068539 44 
32 I 68115236 44 
33 I 76534592 44 
34 I 77200334 44 
35 I 77741423 56 
36 I 78237628 56 
