0 I 0 64 
1 I 829635 56 
2 I 831050 570 
3 I 1658471 68 
4 I 1658838 56 
5 I 1661317 56 
6 I 1675579 64 
7 I 2496623 56 
8 I 2498909 571 
9 I 3341927 68 
10 I 3342520 56 
11 I 3359849 461 
12 I 3366999 64 
13 I 3367282 64 
14 I 3370445 64 
15 I 4206592 68 
16 I 4206722 56 
17 I 4210810 56 
18 I 4211587 56 
19 I 4212333 456 
20 I 4213316 452 
21 I 4214370 56 
22 I 4216175 458 
23 I 4221403 436 
24 I 5021122 56 
25 I 5021854 56 
26 I 5022079 56 
27 I 5022082 56 
28 I 5024296 56 
29 I 5024970 56 
30 I 5026993 56 
31 I 5063901 447 
32 I 5835392 56 
33 I 5835490 56 
34 I 5836473 56 
35 I 5836635 56 
36 I 5838275 56 
37 I 5838492 56 
38 I 5878097 68 
39 I 5878911 56 
40 I 6645803 56 
41 I 6646503 56 
42 I 6646694 56 
43 I 6646855 56 
44 I 6647672 56 
45 I 6647805 56 
46 I 6648578 56 
47 I 6648898 56 
48 I 7435497 56 
49 I 7435749 56 
50 I 7435758 68 
51 I 7436868 56 
52 I 14287815 550 
53 I 15061595 56 
54 I 15061925 56 
55 I 15180706 425 
56 I 15184684 420 
57 I 15184721 422 
58 I 15187031 419 
59 I 15931610 56 
60 I 15931667 56 
61 I 15936531 56 
62 I 15936674 56 
63 I 15937253 56 
64 I 15937584 56 
65 I 15937882 56 
66 I 15938136 56 
67 I 15938534 56 
68 I 15938534 68 
69 I 15938659 56 
70 I 15946322 419 
71 I 15982635 428 
72 I 15990074 422 
73 I 16677883 56 
74 I 16678023 56 
75 I 16678541 56 
76 I 16679004 56 
77 I 16680084 56 
78 I 16680308 56 
79 I 16687232 68 
80 I 16688181 56 
81 I 16693080 436 
82 I 16711541 416 
83 I 16722167 56 
84 I 16722558 56 
85 I 16722717 68 
86 I 16722726 56 
87 I 16727369 68 
88 I 16728243 56 
89 I 16741889 427 
90 I 16746485 430 
91 I 17423626 56 
92 I 17423934 56 
93 I 17424124 56 
94 I 17439052 424 
95 I 17439113 56 
96 I 17439241 68 
97 I 17439865 56 
98 I 17453990 443 
99 I 17471714 56 
100 I 17473649 68 
101 I 17474125 56 
102 I 17486199 427 
103 I 17493490 419 
104 I 18201675 68 
105 I 18202367 56 
106 I 18215583 56 
107 I 18215735 56 
108 I 18216475 423 
109 I 18231666 430 
110 I 18239878 68 
111 I 18240224 56 
112 I 18254500 426 
113 I 18262545 424 
114 I 18986490 68 
115 I 18986681 56 
116 I 19000761 420 
117 I 19016096 419 
118 I 19032174 56 
119 I 19038461 418 
120 I 19071437 56 
121 I 19762689 56 
122 I 19764297 56 
123 I 19765212 56 
124 I 19804193 68 
125 I 19804725 56 
126 I 19816994 56 
127 I 21301737 56 
128 I 21580726 56 
129 I 21676723 56 
130 I 21886679 56 
131 I 24417274 56 
132 I 24610374 56 
133 I 24830655 56 
134 I 25103505 56 
135 I 29376969 56 
136 I 29771278 56 
137 I 30792260 56 
138 I 31116827 56 
139 I 35888496 56 
140 I 35888684 56 
141 I 35888685 56 
142 I 35888758 56 
