0 I 0 64 
1 I 553974 56 
2 I 1514425 64 
3 I 2059029 56 
4 I 2059521 56 
5 I 3550681 56 
6 I 3550684 355 
7 I 3550694 1504 
8 I 4065552 56 
9 I 20178397 56 
10 I 20178404 553 
11 I 20702363 56 
12 I 46554788 64 
13 I 47095849 56 
14 I 53885987 1504 
15 I 53886307 1504 
16 I 54405314 1504 
17 I 54405411 1504 
18 I 54405534 1504 
19 I 54927598 1345 
20 I 58517453 1504 
21 I 58517643 1504 
22 I 58517712 956 
23 I 59064184 56 
24 I 64188746 64 
25 I 64729037 56 
26 I 70263780 64 
27 I 70812482 56 
28 I 72945231 56 
29 I 72945231 355 
30 I 72945240 1504 
31 I 73488583 56 
32 I 77064984 1504 
33 I 77065466 1504 
34 I 77606927 1290 
35 I 85201831 595 
36 I 85201833 56 
37 I 85748434 56 
38 I 88740970 64 
39 I 89257775 56 
40 I 96232616 1504 
41 I 96232715 1504 
42 I 96708848 1504 
43 I 96709054 1504 
44 I 96709161 1504 
45 I 96709293 1504 
46 I 97187666 1504 
47 I 97187922 1504 
48 I 97188352 1504 
49 I 97189044 1504 
50 I 97189303 1504 
51 I 97189530 1263 
52 I 97784062 64 
53 I 97839068 64 
54 I 98264164 56 
55 I 98321214 56 
56 I 99479795 105 
57 I 99479823 56 
58 I 99951233 56 
59 I 109228345 1504 
60 I 109228439 1504 
61 I 109732437 1504 
62 I 109732598 1504 
63 I 109732717 1504 
64 I 109732773 1166 
65 I 110220160 56 
66 I 126080501 1504 
67 I 126080737 1504 
68 I 126548384 1504 
69 I 126548469 1504 
70 I 126548828 1504 
71 I 126549143 1504 
72 I 127003517 1504 
73 I 127003844 1504 
74 I 127004055 1504 
75 I 127004276 1504 
76 I 127004621 1504 
77 I 127004672 1125 
78 I 127005504 1504 
79 I 127005607 1504 
80 I 127467363 1504 
81 I 127467557 1504 
82 I 127467636 1297 
83 I 127942640 56 
84 I 127944463 56 
85 I 133600758 64 
86 I 134090859 56 
87 I 144183608 56 
88 I 144183612 355 
89 I 144183621 1504 
90 I 144685208 56 
91 I 158184894 64 
92 I 158698648 56 
93 I 158698648 56 
94 I 196624556 1504 
95 I 196624637 1504 
96 I 197070689 1504 
97 I 197071276 1504 
98 I 197071448 1504 
99 I 197071734 1504 
100 I 197520231 1504 
101 I 197520402 1504 
102 I 197521063 1504 
103 I 197521203 1504 
104 I 197521442 1504 
105 I 197521574 1125 
106 I 197522219 1504 
107 I 197969699 1504 
108 I 197969920 1504 
109 I 197970093 1504 
110 I 197970184 1297 
111 I 198423386 56 
112 I 204954253 64 
113 I 205438330 56 
114 I 206204901 64 
115 I 206689306 56 
116 I 218417680 355 
117 I 218417681 56 
118 I 218417691 1504 
119 I 218887603 56 
120 I 230622556 1504 
121 I 230622907 1504 
122 I 231085662 1504 
123 I 231086146 1504 
124 I 231087026 1504 
125 I 231087441 1504 
126 I 231555147 1504 
127 I 231555319 1504 
128 I 231556028 1504 
129 I 231556470 1504 
130 I 231556601 1504 
131 I 231556711 958 
132 I 231557841 1504 
133 I 231558194 1504 
134 I 232056462 1504 
135 I 232056747 1504 
136 I 232057073 1504 
137 I 232059266 151 
138 I 232059282 1504 
139 I 232565256 56 
140 I 242415351 64 
141 I 242869315 56 
