0 I 0 56 
1 I 690214 70 
2 I 1402738 56 
3 I 1986563 106 
4 I 2710053 56 
5 I 2856222 108 
6 I 3615885 56 
7 I 5491758 64 
8 I 6925932 1504 
9 I 6926128 1504 
10 I 6926453 138 
11 I 7488943 1504 
12 I 7489276 1504 
13 I 7489373 1504 
14 I 8051062 1008 
15 I 8387136 1504 
16 I 8387327 1504 
17 I 8387521 1256 
18 I 8722572 1504 
19 I 8722664 1504 
20 I 8722727 1256 
21 I 8966337 1504 
22 I 8966442 1504 
23 I 8966511 1256 
24 I 9540880 1504 
25 I 9541145 1504 
26 I 9541309 1256 
27 I 9890086 1504 
28 I 9890356 1504 
29 I 9890546 1256 
30 I 10503659 1504 
31 I 10503795 1504 
32 I 10503851 1256 
33 I 11086179 1504 
34 I 11086284 1504 
35 I 11086471 1256 
36 I 11086769 1504 
37 I 11086951 1504 
38 I 11087099 1256 
39 I 11787073 1504 
40 I 11787340 1504 
41 I 11787567 1256 
42 I 11787725 1504 
43 I 11787931 1504 
44 I 11787998 1256 
45 I 12419345 1504 
46 I 12420182 1504 
47 I 12420245 1256 
48 I 12420337 1504 
49 I 12420436 1504 
50 I 12420496 1256 
51 I 13046558 1504 
52 I 13046649 1504 
53 I 13046784 1256 
54 I 13046902 1504 
55 I 13047120 1504 
56 I 13047413 1256 
57 I 13652494 1504 
58 I 13652764 1504 
59 I 13652816 1256 
60 I 13652991 1504 
61 I 13653083 1504 
62 I 13653139 1256 
63 I 14399456 1504 
64 I 14399606 1504 
65 I 14399756 1256 
66 I 14674376 1504 
67 I 14674469 1504 
68 I 14674618 1256 
69 I 15228188 1504 
70 I 15228277 1504 
71 I 15228527 1256 
72 I 15841818 1504 
73 I 15842124 1504 
74 I 15842296 1256 
75 I 15842389 1504 
76 I 15842650 1504 
77 I 15842715 1256 
78 I 16559759 1504 
79 I 16559909 1504 
80 I 16559984 1256 
81 I 16922554 1504 
82 I 16922638 1504 
83 I 16922869 1256 
84 I 17285699 1504 
85 I 17285965 1504 
86 I 17286172 1256 
87 I 17717749 1504 
88 I 17717876 1504 
89 I 17718001 1256 
90 I 18111149 1504 
91 I 18111330 1504 
92 I 18111486 1256 
93 I 18579339 1504 
94 I 18579524 1504 
95 I 18579590 1256 
96 I 19062719 1504 
97 I 19062833 1504 
98 I 19062964 1256 
99 I 19686132 1504 
100 I 19686403 1504 
101 I 19686457 1256 
102 I 20209043 1504 
103 I 20209126 1504 
104 I 20209295 1256 
105 I 20570433 1504 
106 I 20570690 1504 
107 I 20570768 1256 
108 I 20869429 1504 
109 I 20869560 1504 
110 I 20869664 1256 
111 I 21617598 1504 
112 I 21617695 1504 
113 I 21617840 1256 
114 I 21886542 1504 
115 I 21886743 1504 
116 I 21886802 1256 
117 I 24546298 1504 
118 I 24546714 1504 
119 I 24546841 1504 
120 I 24546940 1504 
121 I 24547055 1504 
122 I 24547086 1008 
123 I 25216495 1504 
124 I 25216771 1504 
125 I 25216874 1256 
126 I 25217271 1504 
127 I 25217505 1504 
128 I 25217624 1256 
129 I 25813471 1504 
130 I 25813648 1504 
131 I 25813722 1256 
132 I 25813899 1504 
133 I 25814018 1504 
134 I 25814085 1256 
135 I 26470204 1504 
136 I 26470371 1504 
137 I 26470525 1256 
138 I 26470714 1504 
139 I 26470833 1504 
140 I 26471021 1256 
141 I 27298158 1504 
142 I 27298338 1504 
143 I 27298403 1256 
144 I 27298597 1504 
145 I 27298944 1504 
146 I 27299005 1256 
147 I 33087298 220 
148 I 34495877 57 
149 I 36809231 57 
150 I 40932948 57 
151 I 48678374 57 
152 I 63665286 57 
153 I 79989526 1504 
154 I 79989651 1504 
155 I 79989751 1504 
156 I 79989968 1504 
157 I 79990055 1504 
158 I 79990076 844 
159 I 80602586 1504 
160 I 80602793 1504 
161 I 80603094 1256 
162 I 80603422 1504 
163 I 80603503 1504 
164 I 80603575 1256 
165 I 81341988 1504 
166 I 81342405 1504 
167 I 81342698 1504 
168 I 81342927 1504 
169 I 81343084 1504 
170 I 81343169 1008 
171 I 86902813 220 
172 I 88610941 57 
173 I 91125528 57 
174 I 91844174 1504 
175 I 91844533 1504 
176 I 91844808 1504 
177 I 91844961 1504 
178 I 91845155 1504 
179 I 91845189 844 
180 I 92489535 1504 
181 I 92489763 1504 
182 I 92489921 1256 
183 I 92490011 1504 
184 I 92490181 1504 
185 I 92490409 1256 
186 I 93103287 1504 
187 I 93103398 1504 
188 I 93103477 1256 
189 I 93103742 1504 
190 I 93104001 1504 
191 I 93104135 1256 
192 I 95035428 1504 
193 I 95035535 1504 
194 I 95035779 1504 
195 I 95035906 1504 
196 I 95036098 1504 
197 I 95036125 1008 
198 I 99520631 1504 
199 I 99520878 1504 
200 I 99521054 1504 
201 I 99521235 1504 
202 I 99521565 1504 
203 I 99521591 1008 
204 I 101055585 1504 
205 I 101055714 1504 
206 I 101055858 1504 
207 I 101056111 1504 
208 I 101056206 1504 
209 I 101056230 1008 
210 I 101615201 1504 
211 I 101615705 1504 
212 I 101615915 1256 
213 I 101616125 1504 
214 I 101616224 1504 
215 I 101616538 1256 
216 I 102579078 1504 
217 I 102579179 1504 
218 I 102579251 1256 
219 I 102579603 1504 
220 I 102579779 1504 
221 I 102580016 1256 
222 I 103474355 1504 
223 I 103474536 1504 
224 I 103474596 1256 
225 I 103474704 1504 
226 I 103474809 1504 
227 I 103474869 1256 
228 I 104258699 1504 
229 I 104258869 1504 
230 I 104259086 1256 
231 I 104259275 1504 
232 I 104259435 1504 
233 I 104259639 1256 
234 I 105229838 1504 
235 I 105229927 1504 
236 I 105230059 1256 
237 I 105230244 1504 
238 I 105230377 1504 
239 I 105230445 1256 
240 I 105947607 1504 
241 I 105947752 1504 
242 I 105947884 1256 
243 I 105948064 1504 
244 I 105948401 1504 
245 I 105948471 1256 
246 I 111453359 1504 
247 I 111453460 1504 
248 I 111453625 1504 
249 I 111453714 1504 
250 I 111454049 1504 
251 I 111454162 1008 
252 I 117076344 220 
253 I 118384612 57 
254 I 120396007 57 
255 I 121859701 1504 
256 I 121859787 1504 
257 I 121859869 1504 
258 I 121859962 1504 
259 I 121860277 1504 
260 I 121860309 844 
261 I 122476609 1504 
262 I 122476721 1504 
263 I 122476787 1256 
264 I 122477194 1504 
265 I 122477357 1504 
266 I 122477413 1256 
267 I 123316051 1504 
268 I 123316304 1504 
269 I 123316613 1256 
270 I 123316773 1504 
271 I 123317029 1504 
272 I 123317188 1256 
273 I 127308766 56 
274 I 127410156 56 
275 I 128135576 220 
276 I 128141525 56 
277 I 129750279 57 
278 I 130037762 64 
279 I 131441120 105 
280 I 132191212 56 
281 I 132211736 57 
282 I 132330605 56 
283 I 132330852 1504 
284 I 132330944 1504 
285 I 132331189 1504 
286 I 132331549 1504 
287 I 132331718 1504 
288 I 132331742 844 
289 I 132714640 92 
290 I 133371110 56 
291 I 133917610 86 
292 I 134578336 56 
293 I 134840747 75 
294 I 135583937 56 
295 I 135796270 87 
296 I 136491752 56 
297 I 136751146 124 
298 I 140010100 56 
299 I 140486974 127 
300 I 141217242 56 
301 I 141438406 70 
302 I 147956152 56 
303 I 148273411 104 
304 I 148945955 108 
305 I 148961166 64 
306 I 149587351 56 
307 I 149920820 1504 
308 I 149920868 138 
309 I 149921130 1504 
310 I 150380762 1504 
311 I 150380846 1504 
312 I 150380939 1504 
313 I 150841454 1008 
314 I 151074345 1504 
315 I 151074867 1504 
316 I 151074932 1256 
317 I 151598679 1504 
318 I 151598851 1504 
319 I 151598999 1256 
320 I 151673982 1504 
321 I 151674263 1504 
322 I 151674327 1256 
323 I 152301692 1504 
324 I 152302025 1504 
325 I 152302163 1256 
326 I 152302384 1504 
327 I 152302588 1504 
328 I 152302640 1256 
329 I 153291525 1504 
330 I 153291692 1504 
331 I 153291759 1256 
332 I 153839952 1504 
333 I 153840082 1504 
334 I 153840146 1256 
335 I 153840292 1504 
336 I 153840461 1504 
337 I 153840547 1256 
338 I 154386462 1504 
339 I 154386642 1504 
340 I 154386738 1256 
341 I 154387087 1504 
342 I 154387352 1504 
343 I 154387510 1256 
344 I 154942588 1504 
345 I 154942667 1504 
346 I 154942737 1256 
347 I 154942991 1504 
348 I 154943086 1504 
349 I 154943195 1256 
350 I 155619808 1504 
351 I 155619967 1504 
352 I 155620100 1256 
353 I 155620188 1504 
354 I 155620386 1504 
355 I 155620452 1256 
356 I 156195002 1504 
357 I 156195107 1504 
358 I 156195301 1256 
359 I 156195455 1504 
360 I 156195710 1504 
361 I 156195880 1256 
362 I 156825904 1504 
363 I 156826009 1504 
364 I 156826218 1256 
365 I 156826407 1504 
366 I 156826632 1504 
367 I 156826692 1256 
368 I 157447210 1504 
369 I 157447542 1504 
370 I 157447779 1256 
371 I 157448051 1504 
372 I 157448257 1504 
373 I 157448312 1256 
374 I 158023692 1504 
375 I 158023860 1504 
376 I 158024086 1256 
377 I 158024404 1504 
378 I 158024568 1504 
379 I 158024714 1256 
380 I 158567965 1504 
381 I 158568055 1504 
382 I 158568107 1256 
383 I 158568211 1504 
384 I 158568311 1504 
385 I 158568381 1256 
386 I 159121354 1504 
387 I 159121622 1504 
388 I 159121691 1256 
389 I 159121884 1504 
390 I 159121972 1504 
391 I 159122042 1256 
392 I 159834244 1504 
393 I 159834372 1504 
394 I 159834512 1256 
395 I 159834639 1504 
396 I 159834747 1504 
397 I 159834892 1256 
398 I 160616216 1504 
399 I 160616422 1504 
400 I 160616661 1256 
401 I 160617002 1504 
402 I 160617160 1504 
403 I 160617304 1256 
404 I 161322111 1504 
405 I 161322265 1504 
406 I 161322346 1256 
407 I 161322511 1504 
408 I 161322842 1504 
409 I 161322902 1256 
410 I 161892962 1504 
411 I 161893061 1504 
412 I 161893136 1256 
413 I 161893285 1504 
414 I 161893520 1504 
415 I 161893753 1256 
416 I 162457362 1504 
417 I 162457594 1504 
418 I 162457654 1256 
419 I 162457920 1504 
420 I 162458123 1504 
421 I 162458170 1256 
422 I 163233187 1504 
423 I 163233408 1504 
424 I 163233460 1256 
425 I 163233576 1504 
426 I 163233723 1504 
427 I 163233827 1256 
428 I 163817967 1504 
429 I 163818169 1504 
430 I 163818321 1256 
431 I 163818763 1504 
432 I 163819007 1504 
433 I 163819161 1256 
434 I 164486730 1504 
435 I 164486907 1504 
436 I 164487096 1256 
437 I 164487206 1504 
438 I 164487316 1504 
439 I 164487390 1256 
440 I 165024484 1504 
441 I 165024683 1504 
442 I 165024780 1256 
443 I 165025088 1504 
444 I 165025340 1504 
445 I 165025401 1256 
446 I 165525834 1504 
447 I 165525929 1504 
448 I 165526161 1256 
449 I 165661232 1504 
450 I 165661384 1504 
451 I 165661448 1256 
452 I 166170245 1504 
453 I 166170348 1504 
454 I 166170420 1256 
455 I 166388793 1504 
456 I 166388962 1504 
457 I 166389137 1256 
458 I 166832977 1504 
459 I 166833247 1504 
460 I 166833388 1256 
461 I 167243156 1504 
462 I 167243411 1504 
463 I 167243476 1256 
464 I 167439011 1504 
465 I 167439156 1504 
466 I 167439317 1256 
467 I 167881517 1504 
468 I 167881644 1504 
469 I 167881705 1256 
470 I 168027271 1504 
471 I 168027457 1504 
472 I 168027534 1256 
473 I 168537425 1504 
474 I 168537771 1504 
475 I 168537981 1256 
476 I 169194885 1504 
477 I 169195215 1504 
478 I 169195364 1256 
479 I 169195481 1504 
480 I 169196122 1504 
481 I 169196377 1256 
482 I 169888704 1504 
483 I 169888871 1504 
484 I 169888977 1256 
485 I 169889269 1504 
486 I 169889552 1504 
487 I 169889770 1256 
488 I 170501277 1504 
489 I 170501522 1504 
490 I 170501613 1256 
491 I 170501761 1504 
492 I 170501982 1504 
493 I 170502071 1256 
494 I 171078813 1504 
495 I 171078968 1504 
496 I 171079043 1256 
497 I 171079143 1504 
498 I 171079258 1504 
499 I 171079424 1256 
500 I 171651778 1504 
501 I 171651876 1504 
502 I 171651951 1256 
503 I 171652053 1504 
504 I 171652228 1504 
505 I 171652292 1256 
506 I 172187540 1504 
507 I 172187700 1504 
508 I 172187851 1256 
509 I 172187971 1504 
510 I 172188051 1504 
511 I 172188153 1256 
512 I 172780724 1504 
513 I 172780846 1504 
514 I 172780991 1256 
515 I 172781094 1504 
516 I 172781216 1504 
517 I 172781300 1256 
518 I 173676043 1504 
519 I 173676111 1504 
520 I 173676360 1256 
521 I 173676493 1504 
522 I 173676619 1504 
523 I 173676788 1256 
524 I 174207170 1504 
525 I 174207324 1504 
526 I 174207459 1256 
527 I 174207602 1504 
528 I 174207837 1504 
529 I 174207895 1256 
530 I 174778848 1504 
531 I 174779015 1504 
532 I 174779147 1256 
533 I 174779568 1504 
534 I 174779652 1504 
535 I 174779716 1256 
536 I 175372427 1504 
537 I 175372523 1504 
538 I 175372593 1256 
539 I 175372783 1504 
540 I 175372927 1504 
541 I 175372995 1256 
542 I 176160604 1504 
543 I 176160728 1504 
544 I 176160856 1256 
545 I 176161084 1504 
546 I 176161246 1504 
547 I 176161396 1256 
548 I 176969028 1504 
549 I 176969132 1504 
550 I 176969193 1256 
551 I 176969366 1504 
552 I 176969535 1504 
553 I 176969595 1256 
554 I 177759694 1504 
555 I 177759866 1504 
556 I 177760011 1256 
557 I 177760339 1504 
558 I 177760525 1504 
559 I 177760661 1256 
560 I 178297677 1504 
561 I 183264991 220 
562 I 184871130 57 
563 I 187486421 57 
564 I 192314454 57 
565 I 201568546 57 
566 I 219673820 57 
567 I 227336380 1504 
568 I 227336501 1504 
569 I 227336600 1504 
570 I 227336682 1504 
571 I 227336782 844 
572 I 227979075 1504 
573 I 229026299 1504 
574 I 229026538 1504 
575 I 229026621 1504 
576 I 229026816 1504 
577 I 229026865 1008 
578 I 229520019 1504 
579 I 229520116 1504 
580 I 229520286 1256 
581 I 229598238 1504 
582 I 229598325 1504 
583 I 229598471 1256 
584 I 230217785 1504 
585 I 230304813 1504 
586 I 230305049 1504 
587 I 230305292 1504 
588 I 230305380 1504 
589 I 230305422 1008 
590 I 230863182 1504 
591 I 230863581 1504 
592 I 230863718 1256 
593 I 231113543 1504 
594 I 231113709 1504 
595 I 231113872 1256 
596 I 231426580 1504 
597 I 231426804 1504 
598 I 231426946 1256 
599 I 232387676 1504 
600 I 232387820 1504 
601 I 232387958 1256 
602 I 232805741 1504 
603 I 232805851 1504 
604 I 232805909 1256 
605 I 233139622 1504 
606 I 233139895 1504 
607 I 233140245 1256 
608 I 233416455 1504 
609 I 233416622 1504 
610 I 233416680 1256 
611 I 233897664 1504 
612 I 233897997 1504 
613 I 233898058 1256 
614 I 234035793 1504 
615 I 234035955 1504 
616 I 234036107 1256 
617 I 234593908 1504 
618 I 234594203 1504 
619 I 234594266 1256 
620 I 234594360 1504 
621 I 234594573 1504 
622 I 234594662 1256 
623 I 235137433 1504 
624 I 235137650 1504 
625 I 235137771 1256 
626 I 235304596 1504 
627 I 240293968 220 
628 I 241707849 57 
629 I 244116294 57 
630 I 248541983 57 
631 I 255935652 1504 
632 I 255935912 1504 
633 I 255936175 1504 
634 I 255936365 1504 
635 I 255936387 844 
636 I 256467387 1504 
637 I 256467491 1504 
638 I 256467566 1256 
639 I 256595196 1504 
640 I 256595381 1504 
641 I 256595609 1256 
642 I 257110239 1504 
643 I 258978311 1504 
644 I 258978625 1504 
645 I 258978798 1504 
646 I 258978973 1504 
647 I 258979008 1008 
648 I 259484051 1504 
649 I 259484163 1504 
650 I 259484212 1256 
651 I 259632400 1504 
652 I 259632527 1504 
653 I 259632593 1256 
654 I 259997613 1504 
655 I 260320160 1504 
656 I 260320250 1504 
657 I 260320341 1504 
658 I 260320516 1504 
659 I 260320613 1008 
660 I 260910919 1504 
661 I 260911041 1504 
662 I 260911186 1256 
663 I 260911315 1504 
664 I 260911440 1504 
665 I 260911596 1256 
666 I 261399114 1504 
667 I 261399199 1504 
668 I 261399505 1256 
669 I 261399716 1504 
670 I 261399905 1504 
671 I 261400035 1256 
672 I 261878707 1504 
673 I 261878825 1504 
674 I 261879029 1256 
675 I 261879396 1504 
676 I 261879761 1504 
677 I 261880008 1256 
678 I 262475188 1504 
679 I 262475341 1504 
680 I 262475560 1256 
681 I 262475682 1504 
682 I 262475817 1504 
683 I 262475977 1256 
684 I 263073977 1504 
685 I 263074134 1504 
686 I 263074282 1256 
687 I 263074729 1504 
688 I 263074898 1504 
689 I 263075175 1256 
690 I 263598042 1504 
691 I 263598240 1504 
692 I 263598438 1256 
693 I 263598695 1504 
694 I 263599039 1504 
695 I 263599263 1256 
696 I 264051659 1504 
697 I 264051814 1504 
698 I 264051955 1256 
699 I 264052162 1504 
700 I 264052296 1504 
701 I 264052365 1256 
702 I 264614261 1504 
703 I 264614421 1504 
704 I 264614633 1256 
705 I 264614772 1504 
706 I 264614939 1504 
707 I 264615163 1256 
708 I 265140707 1504 
709 I 265140878 1504 
710 I 265140957 1256 
711 I 265141059 1504 
712 I 265141159 1504 
713 I 265141298 1256 
714 I 265745558 1504 
715 I 265745788 1504 
716 I 265745995 1256 
717 I 265746123 1504 
718 I 265746354 1504 
719 I 267944754 1504 
720 I 267944844 1504 
721 I 267945131 1504 
722 I 267945170 1008 
723 I 268449669 1504 
724 I 268449759 1504 
725 I 270197849 56 
726 I 270278328 56 
727 I 270300756 220 
728 I 270306090 56 
729 I 271584929 57 
730 I 272737787 64 
731 I 273489168 105 
732 I 273587922 57 
733 I 274493712 56 
734 I 274775161 92 
735 I 275303756 56 
736 I 275304155 1504 
737 I 275304384 1504 
738 I 275304404 844 
739 I 275304519 1504 
740 I 277913024 56 
741 I 278149826 86 
742 I 278818627 56 
743 I 279110535 75 
744 I 279743917 56 
745 I 280098108 87 
746 I 280729581 56 
747 I 280862443 124 
748 I 281410567 127 
749 I 282031203 70 
750 I 282640514 56 
751 I 282737965 105 
752 I 283247916 64 
753 I 283350252 56 
754 I 283432164 108 
755 I 284047873 1504 
756 I 284048191 1504 
757 I 284048654 138 
758 I 284517559 1504 
759 I 284517783 1504 
760 I 284517869 1504 
761 I 284991420 1008 
762 I 285004911 1504 
763 I 285005209 1504 
764 I 285005418 1256 
765 I 285678187 1504 
766 I 285678287 1504 
767 I 285678358 1256 
768 I 285678623 1504 
769 I 285679222 1504 
770 I 285679375 1256 
771 I 286156998 1504 
772 I 286157289 1504 
773 I 286157463 1256 
774 I 286157749 1504 
775 I 286157843 1504 
776 I 286157992 1256 
777 I 286633769 1504 
778 I 286633900 1504 
779 I 286634062 1256 
780 I 286654856 1504 
781 I 286654933 1504 
782 I 286655172 1256 
783 I 287220812 1504 
784 I 287221083 1504 
785 I 287221142 1256 
786 I 287221308 1504 
787 I 287221389 1504 
788 I 287221471 1256 
789 I 287758879 1504 
790 I 287759125 1504 
791 I 287759188 1256 
792 I 287759421 1504 
793 I 287759768 1504 
794 I 287759852 1256 
795 I 288307961 1504 
796 I 288308055 1504 
797 I 288308299 1256 
798 I 288308500 1504 
799 I 288308681 1504 
800 I 288308742 1256 
801 I 288909740 1504 
802 I 288910005 1504 
803 I 288910053 1256 
804 I 289171965 1504 
805 I 289172109 1504 
806 I 289172163 1256 
807 I 289823341 1504 
808 I 289823542 1504 
809 I 289823600 1256 
810 I 289823971 1504 
811 I 289824145 1504 
812 I 289824214 1256 
813 I 290520441 1504 
814 I 290520610 1504 
815 I 290520677 1256 
816 I 290520789 1504 
817 I 290520870 1504 
818 I 290520936 1256 
819 I 291027948 1504 
820 I 291028257 1504 
821 I 291028390 1256 
822 I 291029117 1504 
823 I 291029197 1504 
824 I 291029262 1256 
825 I 291500754 1504 
826 I 291500926 1504 
827 I 291500981 1256 
828 I 291626751 1504 
829 I 291626928 1504 
830 I 291627188 1256 
831 I 291976423 1504 
832 I 291976605 1504 
833 I 291976762 1256 
834 I 292229574 1504 
835 I 292229668 1504 
836 I 292229898 1256 
837 I 292825385 1504 
838 I 292825581 1504 
839 I 292825646 1256 
840 I 292825742 1504 
841 I 292825867 1504 
842 I 292825925 1256 
843 I 293315183 1504 
844 I 293315280 1504 
845 I 293315501 1256 
846 I 293315837 1504 
847 I 293315950 1504 
848 I 293316023 1256 
