0 I 0 52 
1 I 2788288 44 
2 I 5712251 44 
3 I 5712954 52 
4 I 5714643 52 
5 I 5718371 52 
6 I 5720123 52 
7 I 8488609 44 
8 I 8489801 44 
9 I 8490983 44 
10 I 8493804 44 
11 I 8495194 44 
12 I 8619940 44 
13 I 11198339 56 
14 I 11200390 44 
15 I 11317857 44 
16 I 11320158 44 
17 I 11408620 44 
18 I 11410392 44 
19 I 11418321 44 
20 I 11420347 44 
21 I 13763907 44 
22 I 13886322 44 
23 I 13890386 44 
24 I 13894080 44 
25 I 14004523 44 
26 I 14009874 44 
27 I 14024867 44 
28 I 14029350 44 
29 I 14136002 44 
30 I 14137551 44 
31 I 14138576 44 
32 I 14139654 44 
33 I 16524104 56 
34 I 16526332 44 
35 I 16528204 44 
36 I 16531973 44 
37 I 16534157 44 
38 I 16646371 44 
39 I 16651944 44 
40 I 16666403 44 
41 I 16674430 44 
42 I 16768453 44 
43 I 16770051 44 
44 I 16772277 44 
45 I 16774175 44 
46 I 16776646 44 
47 I 16778227 44 
48 I 16780553 44 
49 I 16781540 44 
50 I 19199862 44 
51 I 19203732 44 
52 I 19241881 44 
53 I 19244492 44 
54 I 19248515 44 
55 I 19249991 44 
56 I 19322223 44 
57 I 19330224 44 
58 I 19346448 44 
59 I 19350504 44 
60 I 19452525 44 
61 I 19453275 44 
62 I 19454541 44 
63 I 19455392 44 
64 I 19457988 44 
65 I 19462202 44 
66 I 19464535 44 
67 I 19465578 44 
68 I 19466504 44 
69 I 19472380 56 
70 I 19478208 44 
71 I 19479953 44 
72 I 19481133 56 
73 I 19482076 56 
74 I 19486195 44 
75 I 19652168 44 
76 I 21921971 44 
77 I 21922876 44 
78 I 21966356 44 
79 I 21968087 44 
80 I 21996805 44 
81 I 21998516 44 
82 I 22044140 56 
83 I 22060125 56 
84 I 22160475 44 
85 I 22176070 44 
86 I 22178256 44 
87 I 22180362 56 
88 I 22182569 56 
89 I 22190312 56 
90 I 22194304 56 
91 I 22196069 56 
92 I 22196787 56 
93 I 22198427 44 
94 I 22200455 44 
95 I 22201392 56 
96 I 22202773 44 
97 I 22204216 44 
98 I 22205529 56 
99 I 22206487 56 
100 I 22207746 56 
101 I 22209301 44 
102 I 22210407 44 
103 I 22214166 44 
104 I 24646414 44 
105 I 24647983 44 
106 I 24694131 44 
107 I 24695452 44 
108 I 24720241 44 
109 I 24722429 44 
110 I 24892911 44 
111 I 24896337 44 
112 I 24908476 44 
113 I 24910164 44 
114 I 24912380 44 
115 I 24930174 44 
116 I 24932052 44 
117 I 24936575 44 
118 I 24938326 44 
119 I 24940283 44 
120 I 24942204 44 
121 I 24948204 44 
122 I 24949218 44 
123 I 24952385 44 
124 I 24954322 44 
125 I 24957783 44 
126 I 24960350 44 
127 I 24964537 44 
128 I 24995001 44 
129 I 27386084 44 
130 I 27388499 44 
131 I 27444321 56 
132 I 27446217 44 
133 I 27448325 44 
134 I 27476121 44 
135 I 27479980 44 
136 I 27649815 44 
137 I 27652367 44 
138 I 27661996 56 
139 I 27668355 44 
140 I 27669559 44 
141 I 27672554 44 
142 I 27674273 44 
143 I 27676345 56 
144 I 27678190 56 
145 I 27680003 44 
146 I 27694336 56 
147 I 27696149 44 
148 I 27704203 44 
149 I 27706778 44 
150 I 27708324 56 
151 I 27710523 56 
152 I 27712154 56 
153 I 27716221 44 
154 I 27717355 44 
155 I 27722022 44 
156 I 27723268 44 
157 I 27738407 44 
158 I 27744408 44 
159 I 27758841 44 
160 I 27760147 44 
161 I 30178466 44 
162 I 30180057 44 
163 I 30238555 56 
164 I 30240455 44 
165 I 30242510 44 
166 I 30276359 44 
167 I 30278320 44 
168 I 30474160 56 
169 I 30478147 56 
170 I 30479286 56 
171 I 30550262 44 
172 I 30551121 44 
173 I 30558329 56 
174 I 30560742 44 
175 I 30562276 44 
176 I 30564574 44 
177 I 30566404 44 
178 I 30567443 44 
179 I 30568591 44 
180 I 30572401 44 
181 I 30574110 44 
182 I 30578269 44 
183 I 30579867 44 
184 I 30582455 56 
185 I 30583347 56 
186 I 30584726 56 
187 I 30586369 56 
188 I 30588245 56 
189 I 30590412 56 
190 I 30592125 56 
191 I 30594423 56 
192 I 30596317 44 
193 I 32960417 44 
194 I 32961808 44 
195 I 33020490 44 
196 I 33021923 44 
197 I 33068235 44 
198 I 33069320 44 
199 I 33342361 44 
200 I 33344075 44 
201 I 33346439 44 
202 I 33354299 44 
203 I 33358604 44 
204 I 33364122 44 
205 I 33366037 44 
206 I 33369837 44 
207 I 33372445 44 
208 I 33380444 44 
209 I 33382162 44 
210 I 33384712 44 
211 I 33386192 44 
212 I 33388430 44 
213 I 33390212 44 
214 I 33392662 44 
215 I 33394075 44 
216 I 33398034 44 
217 I 35718274 44 
218 I 35720318 44 
219 I 35772210 44 
220 I 35777782 44 
221 I 35822502 44 
222 I 35824298 44 
223 I 36078088 44 
224 I 36092063 56 
225 I 36108239 56 
226 I 36118361 56 
227 I 36120685 64 
228 I 36121655 56 
229 I 36124232 56 
230 I 36125887 56 
231 I 36127327 56 
232 I 36128473 56 
233 I 36130080 56 
234 I 36132420 56 
235 I 36136601 56 
236 I 36138450 44 
237 I 36140445 44 
238 I 36142342 56 
239 I 36143257 56 
240 I 36146283 44 
241 I 36148400 44 
242 I 36151025 64 
243 I 36153474 64 
244 I 36154355 56 
245 I 38500771 44 
246 I 38501326 44 
247 I 38559981 44 
248 I 38561187 44 
249 I 38604561 44 
250 I 38606330 44 
251 I 38866493 56 
252 I 38868257 56 
253 I 38869351 56 
254 I 38880300 56 
255 I 38910314 44 
256 I 38912005 44 
257 I 38919930 56 
258 I 38934439 56 
259 I 38936120 56 
260 I 38938475 56 
261 I 38940138 56 
262 I 38942835 56 
263 I 38944171 56 
264 I 38946555 44 
265 I 41288518 44 
266 I 41292370 44 
267 I 41350135 44 
268 I 41352054 44 
269 I 41398458 44 
270 I 41399389 44 
271 I 41654485 44 
272 I 41694380 44 
273 I 41696137 44 
274 I 41698551 44 
275 I 41700131 44 
276 I 41701619 44 
277 I 41702458 44 
278 I 41704078 56 
279 I 41705986 56 
280 I 41708030 56 
281 I 41709912 56 
282 I 41712637 56 
283 I 41714078 56 
284 I 41715352 56 
285 I 41738234 44 
286 I 41746700 44 
287 I 41748679 44 
288 I 41750427 44 
289 I 44056326 44 
290 I 44058507 44 
291 I 44113989 44 
292 I 44116432 44 
293 I 44156060 44 
294 I 44157160 44 
295 I 44396251 56 
296 I 44398093 44 
297 I 44436249 44 
298 I 44438504 44 
299 I 44442370 44 
300 I 44444331 44 
301 I 44450523 44 
302 I 44452535 44 
303 I 44456387 44 
304 I 44482080 56 
305 I 44484729 44 
306 I 44488678 44 
307 I 44490142 44 
308 I 44494164 44 
309 I 44498138 44 
310 I 44502423 44 
311 I 44503576 44 
312 I 44522393 44 
313 I 46854900 44 
314 I 46856471 44 
315 I 46914566 44 
316 I 46916380 44 
317 I 46952764 44 
318 I 46954271 44 
319 I 47180024 56 
320 I 47210478 44 
321 I 47216240 56 
322 I 47217909 56 
323 I 47220485 56 
324 I 47224567 56 
325 I 47226197 56 
326 I 47230538 44 
327 I 47232426 44 
328 I 47242289 44 
329 I 47244587 44 
330 I 47245657 44 
331 I 47254238 44 
332 I 47258811 44 
333 I 47264207 44 
334 I 47266562 44 
335 I 47272335 56 
336 I 47274463 56 
337 I 47276268 56 
338 I 47278511 56 
339 I 47280621 56 
340 I 49670577 44 
341 I 49672366 44 
342 I 49720625 44 
343 I 49722314 44 
344 I 49760190 44 
345 I 49761387 44 
346 I 49986072 56 
347 I 50022664 44 
348 I 50036142 44 
349 I 50040146 44 
350 I 50048145 44 
351 I 50050126 44 
352 I 50058482 56 
353 I 50060590 56 
354 I 50062989 64 
355 I 50064934 64 
356 I 50068863 64 
357 I 50070946 64 
358 I 50073061 64 
359 I 50076577 44 
360 I 52498559 44 
361 I 52500194 44 
362 I 52568087 44 
363 I 52569385 44 
364 I 52584283 44 
365 I 52585922 44 
366 I 52838262 56 
367 I 52840048 56 
368 I 52841314 56 
369 I 52842678 56 
370 I 52848250 56 
371 I 52849542 56 
372 I 52852304 44 
373 I 52854711 44 
374 I 52858544 44 
375 I 52860126 44 
376 I 52868157 44 
377 I 52870005 44 
378 I 52877838 56 
379 I 52898447 44 
380 I 52902272 56 
381 I 52904152 56 
382 I 52906181 56 
383 I 52908198 56 
384 I 55314614 44 
385 I 55316061 44 
386 I 55376463 44 
387 I 55377848 44 
388 I 55382316 56 
389 I 55384087 56 
390 I 55625942 44 
391 I 55650225 44 
392 I 55652771 44 
393 I 55656679 44 
394 I 55658666 44 
395 I 55662249 44 
396 I 55664141 44 
397 I 55667950 56 
398 I 55670564 56 
399 I 55672335 56 
400 I 55692336 56 
401 I 55866243 56 
402 I 58134362 56 
403 I 58136237 56 
404 I 58137264 56 
405 I 58210628 56 
406 I 58211987 56 
407 I 58218537 56 
408 I 58220545 44 
409 I 58440359 44 
410 I 58441476 44 
411 I 58444378 44 
412 I 58446687 44 
413 I 58450802 44 
414 I 58468448 44 
415 I 58469310 44 
416 I 58474497 44 
417 I 58476675 44 
418 I 58478503 44 
419 I 58482374 44 
420 I 58484634 44 
421 I 58673820 56 
422 I 61024812 44 
423 I 61026440 44 
424 I 61030393 44 
425 I 61032005 44 
426 I 61039932 44 
427 I 61041330 44 
428 I 61238395 56 
429 I 61239471 56 
430 I 61241256 64 
431 I 61243006 64 
432 I 61244307 64 
433 I 61260097 44 
434 I 61262934 44 
435 I 61268220 44 
436 I 61270477 44 
437 I 61278131 44 
438 I 61280275 56 
439 I 61286133 56 
440 I 61287217 56 
441 I 61288397 44 
442 I 61289582 44 
443 I 61458286 56 
444 I 63746590 44 
445 I 63748203 44 
446 I 63752261 44 
447 I 63754110 44 
448 I 63760887 44 
449 I 63762122 44 
450 I 63954562 56 
451 I 63982604 44 
452 I 63983323 44 
453 I 63990404 44 
454 I 63992430 44 
455 I 63994305 56 
456 I 63998149 56 
457 I 63999642 56 
458 I 64002354 44 
459 I 64010638 44 
460 I 64012110 44 
461 I 64177818 44 
462 I 66428078 44 
463 I 66430623 44 
464 I 66435812 44 
465 I 66437171 44 
466 I 66440211 44 
467 I 66441955 44 
468 I 66652527 56 
469 I 66654524 56 
470 I 66656521 56 
471 I 66672549 44 
472 I 66674458 44 
473 I 66694732 44 
474 I 66696146 44 
475 I 66707719 44 
476 I 66708629 44 
477 I 66712296 56 
478 I 66714584 56 
479 I 66716321 56 
480 I 66718427 56 
481 I 66869934 44 
482 I 67000186 44 
483 I 69061870 44 
484 I 69112311 44 
485 I 69114611 44 
486 I 69116346 44 
487 I 69120443 44 
488 I 69122168 44 
489 I 69124149 44 
490 I 69128100 44 
491 I 69132437 44 
492 I 69138362 44 
493 I 69308081 44 
494 I 69354468 44 
495 I 69388869 64 
496 I 69390796 64 
497 I 69396846 64 
498 I 69400817 64 
499 I 69403151 64 
500 I 69410247 56 
501 I 69411408 56 
502 I 69412491 56 
503 I 69414016 56 
504 I 69416414 56 
505 I 69418354 56 
506 I 69572454 56 
507 I 69577197 56 
508 I 69706376 56 
509 I 71830355 44 
510 I 71836555 44 
511 I 71858610 56 
512 I 71860260 44 
513 I 72032552 44 
514 I 72080296 44 
515 I 72082697 44 
516 I 72086549 44 
517 I 72135898 44 
518 I 72148898 56 
519 I 72150676 56 
520 I 72151867 56 
521 I 72296358 56 
522 I 72300493 44 
523 I 72618598 44 
524 I 74566044 44 
525 I 74568278 44 
526 I 74590789 44 
527 I 74592537 44 
528 I 74819943 44 
529 I 74826545 44 
530 I 74879704 44 
531 I 74880659 44 
532 I 74884118 44 
533 I 74886273 44 
534 I 74890554 44 
535 I 74891927 44 
536 I 75026202 44 
537 I 75054667 44 
538 I 75226275 44 
539 I 75380030 44 
540 I 77286466 44 
541 I 77287477 44 
542 I 77291964 44 
543 I 77294714 44 
544 I 77316341 44 
545 I 77318585 44 
546 I 77540592 56 
547 I 77542127 44 
548 I 77550488 44 
549 I 77552576 44 
550 I 77604311 44 
551 I 77608231 44 
552 I 77612444 44 
553 I 77614177 44 
554 I 77618458 44 
555 I 77620815 44 
556 I 77624649 44 
557 I 77625864 44 
558 I 77780046 44 
559 I 77782427 44 
560 I 77934462 44 
561 I 78124344 44 
562 I 80015120 44 
563 I 80017066 44 
564 I 80042317 56 
565 I 80043896 56 
566 I 80046531 56 
567 I 80246317 44 
568 I 80254492 44 
569 I 80256174 44 
570 I 80302387 44 
571 I 80304577 44 
572 I 80310443 44 
573 I 80312501 44 
574 I 80316606 44 
575 I 80318235 44 
576 I 80322536 44 
577 I 80344217 44 
578 I 80348128 44 
579 I 80350456 44 
580 I 80478977 44 
581 I 80544061 44 
582 I 80644624 44 
583 I 80744715 44 
584 I 80827878 44 
585 I 80944535 44 
586 I 82767287 56 
587 I 82770255 56 
588 I 82771369 56 
589 I 82795912 44 
590 I 82989282 44 
591 I 82994572 44 
592 I 82995560 44 
593 I 83050008 44 
594 I 83052372 44 
595 I 83056788 44 
596 I 83058436 44 
597 I 83062393 44 
598 I 83066313 44 
599 I 83087924 44 
600 I 83090731 44 
601 I 83091603 44 
602 I 83150603 44 
603 I 83208525 44 
604 I 83252390 44 
605 I 83270463 44 
606 I 83352691 44 
607 I 83550440 44 
608 I 83854276 44 
609 I 85549805 44 
610 I 85552125 44 
611 I 85556333 44 
612 I 85558461 44 
613 I 85560296 44 
614 I 85736596 56 
615 I 85738028 56 
616 I 85740647 56 
617 I 85742475 56 
618 I 85744515 56 
619 I 85808605 44 
620 I 85809997 44 
621 I 85814678 44 
622 I 85816734 44 
623 I 85820807 44 
624 I 85836781 44 
625 I 85844168 44 
626 I 85845391 44 
627 I 85848423 44 
628 I 85898694 56 
629 I 85900661 56 
630 I 85956601 44 
631 I 86000436 44 
632 I 86030688 44 
633 I 86098173 44 
634 I 86270691 44 
635 I 86462382 44 
636 I 86762772 44 
637 I 88312221 44 
638 I 88316263 44 
639 I 88328574 44 
640 I 88329380 44 
641 I 88498534 44 
642 I 88570341 44 
643 I 88571366 44 
644 I 88576502 44 
645 I 88577865 44 
646 I 88594328 44 
647 I 88622616 44 
648 I 88626872 44 
649 I 88628596 44 
650 I 88718468 44 
651 I 88764122 56 
652 I 88866392 44 
653 I 89170405 44 
654 I 89370402 44 
655 I 89502734 44 
656 I 91048772 44 
657 I 91052567 44 
658 I 91056597 44 
659 I 91058243 44 
660 I 91074429 56 
661 I 91076404 44 
662 I 91078457 44 
663 I 91222723 44 
664 I 91224262 44 
665 I 91228271 44 
666 I 91229323 44 
667 I 91234679 44 
668 I 91235870 44 
669 I 91286739 56 
670 I 91294659 44 
671 I 91296357 44 
672 I 91300519 44 
673 I 91302589 44 
674 I 91314248 56 
675 I 91317866 56 
676 I 91360490 44 
677 I 91372465 44 
678 I 91374661 44 
679 I 91440312 44 
680 I 91442891 44 
681 I 91506716 44 
682 I 91584292 44 
683 I 91884607 44 
684 I 92202915 44 
685 I 93756151 56 
686 I 93760106 56 
687 I 93762450 56 
688 I 93767802 56 
689 I 93780394 56 
690 I 93784027 56 
691 I 93785267 56 
692 I 93944664 44 
693 I 93946396 44 
694 I 93950248 44 
695 I 93952600 44 
696 I 93970631 44 
697 I 93972321 44 
698 I 94020592 44 
699 I 94022764 44 
700 I 94060660 44 
701 I 94062470 44 
702 I 94098518 56 
703 I 94102407 56 
704 I 94103540 56 
705 I 94114716 44 
706 I 94164727 44 
707 I 94230322 44 
708 I 94232737 44 
709 I 94286051 44 
710 I 94302378 44 
711 I 94608113 44 
712 I 94609316 44 
713 I 96442602 56 
714 I 96526802 44 
715 I 96532400 44 
716 I 96536281 44 
717 I 96549942 44 
718 I 96558548 44 
719 I 96560856 44 
720 I 96731061 44 
721 I 96732428 44 
722 I 96744499 44 
723 I 96745635 44 
724 I 96764732 44 
725 I 96766219 44 
726 I 96830344 56 
727 I 96832687 56 
728 I 96836571 56 
729 I 96924434 44 
730 I 96942567 44 
731 I 96988747 44 
732 I 96990423 44 
733 I 97046864 44 
734 I 97048726 44 
735 I 97134467 44 
736 I 97136805 44 
737 I 97444480 44 
738 I 97446643 44 
739 I 99302152 44 
740 I 99304523 44 
741 I 99306219 56 
742 I 99308803 56 
743 I 99310510 56 
744 I 99313018 56 
745 I 99314536 56 
746 I 99332113 56 
747 I 99500617 44 
748 I 99502589 44 
749 I 99512629 44 
750 I 99514307 44 
751 I 99532687 44 
752 I 99535072 44 
753 I 99696436 56 
754 I 99697345 56 
755 I 99698603 56 
756 I 99699615 56 
757 I 99711933 56 
758 I 99720552 56 
759 I 99721790 56 
760 I 99756294 44 
761 I 99758257 44 
762 I 99812576 44 
763 I 99814575 44 
764 I 99904160 44 
765 I 99906868 44 
766 I 100208169 44 
767 I 100210797 44 
768 I 102012872 56 
769 I 102016638 56 
770 I 102018604 44 
771 I 102200610 44 
772 I 102202345 44 
773 I 102210213 44 
774 I 102212543 44 
775 I 102213471 44 
776 I 102234506 44 
777 I 102236227 44 
778 I 102412442 44 
779 I 102456531 44 
780 I 102458774 44 
781 I 102528372 44 
782 I 102598732 44 
783 I 102600365 44 
784 I 102908664 44 
785 I 102910258 44 
786 I 104752813 44 
787 I 104754590 56 
788 I 104756569 56 
789 I 104924324 44 
790 I 104925465 44 
791 I 104928923 64 
792 I 104930560 64 
793 I 104932575 64 
794 I 104934546 44 
795 I 104936461 44 
796 I 104948364 44 
797 I 104950003 44 
798 I 105118411 44 
799 I 105142737 44 
800 I 105144798 44 
801 I 105148461 44 
802 I 105150635 44 
803 I 105154631 44 
804 I 105155878 44 
805 I 105202283 44 
806 I 105203688 44 
807 I 105266483 44 
808 I 105342312 44 
809 I 105350697 44 
810 I 105640317 44 
811 I 105641623 44 
812 I 107426077 56 
813 I 107494381 44 
814 I 107602259 44 
815 I 107603399 44 
816 I 107605076 44 
817 I 107620461 44 
818 I 107621839 44 
819 I 107622690 44 
820 I 107626817 44 
821 I 107630675 44 
822 I 107634523 44 
823 I 107822617 44 
824 I 107824176 44 
825 I 107830703 44 
826 I 107831909 56 
827 I 107833193 56 
828 I 107898647 44 
829 I 107900441 44 
830 I 107952664 56 
831 I 108030665 44 
832 I 108031789 44 
833 I 108339049 44 
834 I 108340438 44 
835 I 110120788 56 
836 I 110122541 64 
837 I 110123641 56 
838 I 110304490 44 
839 I 110308628 44 
840 I 110324619 44 
841 I 110329781 44 
842 I 110368453 44 
843 I 110522735 56 
844 I 110524255 56 
845 I 110526694 56 
846 I 110530839 44 
847 I 110574454 44 
848 I 110592424 44 
849 I 110600542 44 
850 I 110606975 44 
851 I 110660596 44 
852 I 110758393 44 
853 I 110760585 44 
854 I 110762433 44 
855 I 110766626 44 
856 I 111060603 44 
857 I 111066429 44 
858 I 111238726 44 
859 I 112810406 44 
860 I 112812705 44 
861 I 112972080 44 
862 I 112976085 44 
863 I 112998979 44 
864 I 113000609 44 
865 I 113030484 44 
866 I 113144437 56 
867 I 113180789 56 
868 I 113182692 56 
869 I 113190671 44 
870 I 113250935 44 
871 I 113260470 44 
872 I 113306560 44 
873 I 113435656 44 
874 I 113694921 44 
875 I 113698853 44 
876 I 113718290 44 
877 I 113720611 44 
878 I 113722272 44 
879 I 114048442 44 
880 I 115470609 44 
881 I 115472466 44 
882 I 115476554 44 
883 I 115478739 44 
884 I 115632757 44 
885 I 115636741 44 
886 I 115644686 44 
887 I 115646682 44 
888 I 115670673 44 
889 I 115672388 44 
890 I 115800337 44 
891 I 115836502 44 
892 I 115848594 44 
893 I 115850913 44 
894 I 115854580 44 
895 I 115908522 44 
896 I 115914190 44 
897 I 115955797 44 
898 I 116054265 44 
899 I 116154492 44 
900 I 116255161 44 
901 I 116342453 44 
902 I 116346366 44 
903 I 116370542 44 
904 I 116557007 44 
905 I 116824627 44 
906 I 118208364 44 
907 I 118210575 44 
908 I 118216744 56 
909 I 118218676 56 
910 I 118219902 56 
911 I 118372489 44 
912 I 118394357 56 
913 I 118397239 56 
914 I 118405442 64 
915 I 118407102 64 
916 I 118409601 64 
917 I 118572541 44 
918 I 118654935 44 
919 I 118656458 44 
920 I 118659064 44 
921 I 118660424 44 
922 I 118694453 44 
923 I 118762581 44 
924 I 118790815 44 
925 I 118792617 44 
926 I 119064566 44 
927 I 119090065 44 
928 I 119120222 44 
929 I 119127100 44 
930 I 119128248 44 
931 I 119466483 44 
932 I 119666620 44 
933 I 120810353 56 
934 I 120946555 44 
935 I 120948628 44 
936 I 120950634 44 
937 I 120952764 44 
938 I 121070585 44 
939 I 121071694 44 
940 I 121108100 56 
941 I 121364761 44 
942 I 121368799 44 
943 I 121426498 44 
944 I 121470637 44 
945 I 121522340 44 
946 I 121523773 44 
947 I 121570593 44 
948 I 121786510 44 
949 I 121824486 44 
950 I 121850271 44 
951 I 121854743 44 
952 I 121856640 44 
953 I 121972593 44 
954 I 122198312 44 
955 I 122406313 44 
956 I 123646365 44 
957 I 123648340 44 
958 I 123654881 44 
959 I 123658852 44 
960 I 123804366 44 
961 I 123807026 56 
962 I 123808476 56 
963 I 123810791 56 
964 I 123879093 44 
965 I 123902374 44 
966 I 124058581 44 
967 I 124116597 44 
968 I 124169336 44 
969 I 124212127 44 
970 I 124262277 56 
971 I 124312426 56 
972 I 124381686 44 
973 I 124382658 44 
974 I 124496275 44 
975 I 124540779 44 
976 I 124544799 44 
977 I 124680798 44 
978 I 124712329 44 
979 I 125082852 44 
980 I 125282595 44 
981 I 126396760 44 
982 I 126398395 44 
983 I 126400234 44 
984 I 126406979 44 
985 I 126558770 44 
986 I 126560562 44 
987 I 126620541 44 
988 I 126640448 56 
989 I 126788570 44 
990 I 126920696 44 
991 I 126950566 44 
992 I 126952864 44 
993 I 126988510 56 
994 I 126992776 56 
995 I 127042828 56 
996 I 127110497 44 
997 I 127112135 44 
998 I 127222500 44 
999 I 127270825 44 
1000 I 127274931 44 
1001 I 127430323 44 
1002 I 127590922 44 
1003 I 127794349 44 
1004 I 128192539 44 
1005 I 129095951 44 
1006 I 129112860 44 
1007 I 129231862 44 
1008 I 129290448 44 
1009 I 129291651 44 
1010 I 129294351 56 
1011 I 129296127 56 
1012 I 129298598 56 
1013 I 129300340 56 
1014 I 129362341 56 
1015 I 129504400 44 
1016 I 129532326 44 
1017 I 129682903 44 
1018 I 129710496 56 
1019 I 129744998 44 
1020 I 129762375 44 
1021 I 129804501 44 
1022 I 129836617 44 
1023 I 129940160 44 
1024 I 130034838 44 
1025 I 130104653 44 
1026 I 130290869 44 
1027 I 130292341 44 
1028 I 130304439 44 
1029 I 130525936 44 
1030 I 130527048 44 
1031 I 130890491 44 
1032 I 130892618 44 
1033 I 131768286 44 
1034 I 131886476 44 
1035 I 131938737 44 
1036 I 131946372 44 
1037 I 131948631 56 
1038 I 131950888 56 
1039 I 132022276 44 
1040 I 132023524 44 
1041 I 132106482 44 
1042 I 132178605 44 
1043 I 132204814 44 
1044 I 132370103 44 
1045 I 132402382 44 
1046 I 132406342 56 
1047 I 132434844 56 
1048 I 132466825 44 
1049 I 132518975 44 
1050 I 132586390 44 
1051 I 132808778 44 
1052 I 132908520 44 
1053 I 132952909 44 
1054 I 133109105 44 
1055 I 133222178 44 
1056 I 133548626 44 
1057 I 134534905 44 
1058 I 134596400 56 
1059 I 134692491 56 
1060 I 134693921 56 
1061 I 134710309 56 
1062 I 134711551 44 
1063 I 134778398 44 
1064 I 134864863 44 
1065 I 135046854 56 
1066 I 135072751 56 
1067 I 135092204 44 
1068 I 135114763 44 
1069 I 135192397 44 
1070 I 135200691 44 
1071 I 135202339 44 
1072 I 135410144 44 
1073 I 135472480 44 
1074 I 135474847 44 
1075 I 135574527 44 
1076 I 135622329 44 
1077 I 135774637 44 
1078 I 135776685 44 
1079 I 135894857 44 
1080 I 136414346 44 
1081 I 137304723 56 
1082 I 137396723 44 
1083 I 137398549 44 
1084 I 137400769 44 
1085 I 137414591 44 
1086 I 137474548 44 
1087 I 137508715 44 
1088 I 137715147 44 
1089 I 137786769 44 
1090 I 137790883 56 
1091 I 137792717 56 
1092 I 137794602 56 
1093 I 137802739 56 
1094 I 137906585 44 
1095 I 137908649 56 
1096 I 138182637 56 
1097 I 138192808 56 
1098 I 138298779 44 
1099 I 138420509 56 
1100 I 138476759 44 
1101 I 138606512 44 
1102 I 138608804 44 
1103 I 138618581 44 
1104 I 139144844 44 
1105 I 139146805 44 
1106 I 140014410 44 
1107 I 140120462 56 
1108 I 140152796 44 
1109 I 140194852 44 
1110 I 140233015 44 
1111 I 140456908 44 
1112 I 140514382 44 
1113 I 140520904 44 
1114 I 140608414 44 
1115 I 140610889 44 
1116 I 140718316 44 
1117 I 140914802 44 
1118 I 141014964 44 
1119 I 141180760 44 
1120 I 141320932 44 
1121 I 141326639 44 
1122 I 141350420 44 
1123 I 141880704 44 
1124 I 142020345 44 
1125 I 142904365 44 
1126 I 142922711 44 
1127 I 143022658 44 
1128 I 143122829 44 
1129 I 143182168 44 
1130 I 143228678 44 
1131 I 143230667 44 
1132 I 143422508 44 
1133 I 143522586 44 
1134 I 143622650 44 
1135 I 143734829 44 
1136 I 143822248 44 
1137 I 143888488 56 
1138 I 144028621 44 
1139 I 144062430 56 
1140 I 144224681 44 
1141 I 144724523 44 
1142 I 144750673 44 
1143 I 145604961 44 
1144 I 145826665 44 
1145 I 145827891 44 
1146 I 145830583 44 
1147 I 145938226 44 
1148 I 145940721 44 
1149 I 146218994 44 
1150 I 146226249 44 
1151 I 146318784 44 
1152 I 146406790 56 
1153 I 146488660 44 
1154 I 146490811 44 
1155 I 146560520 56 
1156 I 146718263 44 
1157 I 146722409 44 
1158 I 146732850 56 
1159 I 146915219 44 
1160 I 147528284 44 
1161 I 148336681 44 
1162 I 148574691 56 
1163 I 148674650 44 
1164 I 148678781 44 
1165 I 148831069 44 
1166 I 148958691 44 
1167 I 149039017 44 
1168 I 149126372 56 
1169 I 149212816 56 
1170 I 149213995 56 
1171 I 149230724 44 
1172 I 149280867 56 
1173 I 149486519 56 
1174 I 149663063 56 
1175 I 149663867 44 
1176 I 150262605 44 
1177 I 150432414 44 
1178 I 151092759 56 
1179 I 151095298 56 
1180 I 151312558 56 
1181 I 151314389 56 
1182 I 151418546 56 
1183 I 151420334 56 
1184 I 151572561 56 
1185 I 151760860 56 
1186 I 151766643 56 
1187 I 151834539 44 
1188 I 151928659 44 
1189 I 151954519 56 
1190 I 152034856 44 
1191 I 152192483 44 
1192 I 152386878 44 
1193 I 152972259 44 
1194 I 153196547 44 
1195 I 153810714 56 
1196 I 153937196 56 
1197 I 154036229 56 
1198 I 154044439 44 
1199 I 154160789 44 
1200 I 154582679 44 
1201 I 154583838 44 
1202 I 154682809 44 
1203 I 154831003 44 
1204 I 154948605 44 
1205 I 155137050 44 
1206 I 155840805 44 
1207 I 155942574 44 
1208 I 156546206 56 
1209 I 156733263 44 
1210 I 156766497 44 
1211 I 156900723 44 
1212 I 156902383 44 
1213 I 156906676 44 
1214 I 156907815 44 
1215 I 156910443 44 
1216 I 156940716 44 
1217 I 157324878 44 
1218 I 157542595 44 
1219 I 157682440 44 
1220 I 157880730 44 
1221 I 158644664 44 
1222 I 159240899 44 
1223 I 159424645 44 
1224 I 159464717 44 
1225 I 159596975 44 
1226 I 159598471 44 
1227 I 159606338 44 
1228 I 159608900 44 
1229 I 159744952 44 
1230 I 160034838 44 
1231 I 160250668 44 
1232 I 160546860 44 
1233 I 160574449 44 
