0 I 0 48 
1 I 590316 44 
2 I 1028731 107 
3 I 1654038 66 
4 I 4792511 88 
5 I 5339324 44 
6 I 5971649 66 
7 I 8745639 66 
8 I 9636306 44 
9 I 9701080 90 
10 I 10349871 44 
11 I 10349873 44 
12 I 10996963 44 
13 I 11624052 44 
14 I 17589472 44 
15 I 18208240 44 
16 I 19058452 44 
17 I 19752894 44 
18 I 19756418 44 
19 I 20438483 44 
20 I 20589902 44 
21 I 23490996 44 
22 I 24182273 44 
23 I 29121001 44 
24 I 29784056 44 
25 I 38250124 44 
26 I 38887285 44 
27 I 55860323 44 
28 I 56500944 44 
29 I 90413256 44 
30 I 90979956 44 
31 I 90979956 44 
32 I 91543525 44 
33 I 92120305 44 
34 I 99572151 44 
35 I 100102029 44 
36 I 100619647 44 
37 I 101356201 44 
38 I 115874767 44 
39 I 116438771 44 
40 I 144446501 44 
