0 I 0 48 
1 I 2994145 48 
2 I 3012512 48 
3 I 3842968 48 
4 I 4703638 44 
5 I 8374684 44 
6 I 9161543 44 
7 I 153925088 44 
8 I 154064007 48 
9 I 155049660 48 
10 I 155691996 44 
11 I 156049095 48 
12 I 157013718 48 
13 I 157293091 48 
14 I 157639041 44 
15 I 158288096 44 
16 I 158301284 48 
17 I 159009715 44 
18 I 159268135 48 
19 I 159615207 44 
20 I 159885790 44 
21 I 160286093 48 
22 I 160287186 48 
23 I 160897940 44 
24 I 161297428 48 
25 I 162276587 48 
26 I 163294242 48 
27 I 163568752 44 
28 I 163572417 44 
29 I 163936109 44 
30 I 164303705 48 
31 I 164565571 44 
32 I 165284694 48 
33 I 166170374 44 
34 I 166288012 48 
35 I 166980835 44 
36 I 167191772 44 
37 I 167300967 48 
38 I 167568343 44 
39 I 167682010 44 
40 I 167875831 44 
41 I 168276501 48 
42 I 168277757 48 
43 I 168504976 44 
44 I 168881492 44 
45 I 169292198 48 
46 I 169296853 48 
47 I 169528746 44 
48 I 169538211 44 
49 I 169933160 44 
50 I 169938807 44 
51 I 170091770 44 
52 I 170292984 48 
53 I 170293682 48 
54 I 170751832 44 
55 I 170760656 44 
56 I 170966043 44 
57 I 171613465 44 
58 I 172189832 44 
59 I 172315386 48 
60 I 173129212 44 
61 I 174269775 44 
62 I 174284766 48 
63 I 175339243 48 
64 I 176291484 48 
65 I 176362607 48 
66 I 176586176 44 
67 I 177040533 44 
68 I 177271186 48 
69 I 177986429 44 
70 I 178280197 48 
71 I 178342474 48 
72 I 178703611 44 
73 I 178978970 44 
74 I 179446211 48 
75 I 180261501 48 
76 I 180299609 48 
77 I 180660074 44 
78 I 180859370 44 
79 I 182439411 48 
80 I 183009784 44 
81 I 185180118 44 
82 I 188416569 44 
83 I 192602838 44 
84 I 192733925 44 
85 I 206492066 44 
86 I 209731714 48 
87 I 210939033 44 
88 I 210949903 48 
89 I 211938548 48 
90 I 213941961 48 
91 I 214932493 48 
92 I 214962464 48 
93 I 216369882 44 
94 I 218399947 44 
95 I 218408799 48 
96 I 219664312 47 
97 I 219999056 44 
98 I 220008618 48 
99 I 220289693 44 
100 I 221214749 48 
101 I 223002663 48 
102 I 223006468 48 
103 I 223106020 44 
104 I 223172656 48 
105 I 223667730 44 
106 I 225114808 44 
107 I 226128742 44 
108 I 227356327 44 
109 I 227367067 48 
110 I 230362970 48 
111 I 230981454 44 
112 I 232184158 44 
113 I 239552376 44 
114 I 239580829 48 
