0 I 0 673 
1 I 8544563 1484 
2 I 23794218 1484 
3 I 24975587 1484 
4 I 25007992 1484 
5 I 25992781 1484 
6 I 26025307 1484 
7 I 27074189 1484 
8 I 27098489 1078 
9 I 27530690 1484 
10 I 28108700 1484 
11 I 28141381 1484 
12 I 28698627 974 
13 I 29115671 1484 
14 I 29659814 604 
15 I 32536054 1484 
16 I 36160521 1484 
17 I 43380880 1484 
18 I 44309465 1484 
19 I 44341994 1484 
20 I 45447150 1484 
21 I 46369280 1484 
22 I 47188809 1484 
23 I 47293404 679 
24 I 48132435 1484 
25 I 48163973 1424 
26 I 49120228 1484 
27 I 49153087 1484 
28 I 50080292 1484 
29 I 50808899 1484 
30 I 50997601 1484 
31 I 51762893 1484 
32 I 51795911 1484 
33 I 51992405 1484 
34 I 52785117 1484 
35 I 53870774 1484 
36 I 53903426 1484 
37 I 54946310 1484 
38 I 54978695 1484 
39 I 55011187 1484 
40 I 55974577 1484 
41 I 56938809 1484 
42 I 57430059 1484 
43 I 57901878 1299 
44 I 58387977 1484 
45 I 58411379 1050 
46 I 61231779 1484 
47 I 62199005 1484 
48 I 62231498 1484 
49 I 68134855 1484 
50 I 69135664 1484 
51 I 69168423 1484 
52 I 70212202 1484 
53 I 81075304 1484 
54 I 82104490 1484 
55 I 82137317 1484 
56 I 83184028 1484 
57 I 84623073 1484 
58 I 87627865 1484 
59 I 93515803 1484 
60 I 94556684 1484 
61 I 94588979 1484 
62 I 95587989 1479 
63 I 95734958 1484 
64 I 95737583 104 
65 I 96723551 1484 
66 I 96756062 1484 
67 I 97755899 1484 
68 I 97788799 1484 
69 I 97821071 1484 
70 I 99245233 1484 
71 I 102283326 1484 
72 I 108296924 1484 
73 I 109307844 1484 
74 I 109340475 1484 
75 I 110465771 1484 
76 I 110498265 1484 
77 I 115308938 764 
78 I 122327529 1484 
79 I 146283671 1484 
80 I 162998941 1484 
81 I 163031559 1484 
