0 I 0 44 
1 I 291671 52 
2 I 2785034 52 
3 I 2789269 52 
4 I 6323001 44 
5 I 11738703 52 
6 I 14550654 44 
7 I 34570702 52 
8 I 41076982 52 
9 I 46991591 44 
10 I 48526419 44 
11 I 55904463 44 
12 I 65313700 44 
13 I 67868375 52 
14 I 70176412 44 
15 I 73511884 52 
16 I 74295685 44 
17 I 77038274 44 
18 I 77038611 44 
19 I 77040114 44 
20 I 78034171 52 
21 I 78036197 52 
22 I 81641234 44 
23 I 97662770 44 
24 I 98963614 52 
25 I 102747153 52 
26 I 110713585 44 
27 I 120005569 52 
28 I 122978456 52 
29 I 133844604 52 
30 I 136808139 44 
31 I 136859510 52 
32 I 156831319 44 
33 I 164857528 52 
34 I 179006924 44 
35 I 179391603 44 
36 I 184434732 52 
37 I 186685826 44 
38 I 193033397 52 
39 I 193691700 44 
40 I 196869139 44 
41 I 199738182 44 
42 I 200764963 52 
43 I 204788949 52 
44 I 207774299 52 
45 I 214267295 44 
46 I 215146630 44 
47 I 220198250 52 
