0 I 0 1504 
1 I 544088 1504 
2 I 544312 1504 
3 I 759874 1504 
4 I 760298 1504 
5 I 5687481 1504 
6 I 6124397 80 
7 I 6244144 1504 
8 I 6685139 1504 
9 I 6803803 1504 
10 I 7218884 1504 
11 I 7358608 1504 
12 I 7757765 1504 
13 I 7758046 1504 
14 I 7897649 1504 
15 I 7897919 1504 
16 I 8312556 1504 
17 I 8440762 1504 
18 I 8441442 1504 
19 I 8986295 1504 
20 I 8986376 1504 
21 I 8988412 1504 
22 I 9548266 1504 
23 I 11485034 1504 
24 I 12062516 1504 
25 I 12062669 1504 
26 I 12634548 1504 
27 I 14328501 1504 
28 I 15094159 1504 
29 I 15667658 1504 
30 I 15667916 1504 
31 I 16238198 1504 
32 I 18705103 1504 
33 I 19796328 68 
34 I 23736136 1504 
35 I 24327896 1504 
36 I 24328135 1504 
37 I 25046688 1504 
38 I 25619161 1504 
39 I 25619543 1504 
40 I 26687670 1504 
41 I 27256306 1504 
42 I 27830239 1504 
43 I 28403097 1504 
44 I 29860297 1504 
45 I 30297919 1504 
46 I 34017301 1504 
47 I 34508809 1504 
48 I 34508917 1504 
49 I 34993414 1504 
50 I 35488123 1504 
51 I 35765958 68 
52 I 35993247 1504 
53 I 36269421 1504 
54 I 36500800 1504 
55 I 36501003 1504 
56 I 37002499 1504 
57 I 37493763 1504 
58 I 37997400 1504 
59 I 38501905 1504 
60 I 38502424 1504 
61 I 39024913 1504 
62 I 39025248 1504 
63 I 39549005 1504 
64 I 39549148 1504 
65 I 39704517 1504 
66 I 40067542 1504 
67 I 40068418 1504 
68 I 40223445 1504 
69 I 40223760 1504 
70 I 40594716 1504 
71 I 40594910 1504 
72 I 41672296 1504 
73 I 42195717 1504 
74 I 42195973 1504 
75 I 42727644 1504 
76 I 42727787 1504 
77 I 43244119 1504 
78 I 43244463 1504 
79 I 43244573 1504 
80 I 43773641 1504 
81 I 44305680 1504 
82 I 44406012 1504 
83 I 44938348 1504 
84 I 44938619 1504 
85 I 45469554 1504 
86 I 45469764 1504 
87 I 45502307 1504 
88 I 45988275 1504 
89 I 45988527 1504 
90 I 45988817 1504 
91 I 47906362 1504 
92 I 48563096 1504 
93 I 52719749 1504 
94 I 53812502 1504 
95 I 54357351 1504 
96 I 54357550 1504 
97 I 54893384 1504 
98 I 54893655 1504 
99 I 56984250 1504 
100 I 58187504 68 
101 I 61359587 1504 
102 I 62344294 1504 
103 I 62901609 1504 
104 I 62901802 1504 
105 I 63475305 1504 
106 I 66827826 68 
107 I 68906959 810 
108 I 69449072 1504 
109 I 70109972 1504 
110 I 70635319 1504 
111 I 70635476 1504 
112 I 72625826 1504 
113 I 76781863 1504 
114 I 77343209 1504 
115 I 77343365 1504 
116 I 79078367 1504 
117 I 79631874 1504 
118 I 79632048 1504 
119 I 80181106 1504 
120 I 81594940 1504 
121 I 82135222 1504 
122 I 82135550 1504 
123 I 82361100 1504 
124 I 82667218 1504 
125 I 82667475 1504 
126 I 83224582 1504 
127 I 83224750 1504 
128 I 83800694 1504 
129 I 83801587 1504 
130 I 84382027 461 
131 I 85093750 1504 
132 I 87719999 1504 
133 I 87828096 68 
134 I 88246692 461 
135 I 88350438 1504 
136 I 88772459 56 
137 I 88828662 56 
138 I 88876939 1504 
139 I 88877107 1504 
140 I 90125317 56 
141 I 94282054 80 
142 I 105329514 1504 
143 I 105884873 1504 
144 I 105885047 1504 
145 I 106444649 1504 
146 I 107007300 1504 
147 I 107007400 1504 
148 I 112438140 1394 
149 I 112986347 410 
150 I 118344625 1504 
151 I 118846842 1504 
152 I 118846935 1504 
153 I 119358268 300 
154 I 127094381 300 
155 I 157377254 1504 
156 I 157377546 1504 
157 I 157862342 1504 
158 I 157862606 1504 
159 I 158344393 1504 
160 I 158344670 1504 
161 I 163735251 1394 
162 I 163845747 1504 
163 I 164268216 1504 
164 I 164377342 1504 
165 I 164377451 1504 
166 I 164918558 1504 
167 I 164918737 1504 
168 I 168657932 1504 
169 I 169169174 1504 
170 I 169169271 1504 
171 I 169684921 1504 
172 I 169685231 1504 
173 I 170205503 1504 
174 I 170205666 1504 
175 I 170723917 1504 
176 I 170724003 1504 
177 I 170724188 1504 
178 I 171248013 1504 
179 I 171755379 1504 
180 I 171755563 1504 
181 I 174346176 1504 
182 I 174854105 1504 
183 I 174854441 1504 
184 I 175361849 1504 
185 I 175362032 1504 
186 I 175362460 1504 
187 I 179922922 1504 
188 I 180432032 1504 
189 I 180432136 1504 
190 I 180951244 1504 
191 I 181470242 1504 
192 I 181974476 1504 
193 I 185282102 1504 
194 I 190750773 68 
195 I 192064512 1504 
196 I 193323880 68 
197 I 196317391 56 
198 I 196547645 68 
199 I 197532231 68 
200 I 199964555 68 
201 I 200411844 220 
202 I 202316705 56 
203 I 203109973 68 
204 I 203657272 220 
205 I 205626909 1504 
206 I 210218982 220 
207 I 211094989 68 
208 I 211540380 1504 
209 I 211540702 1504 
210 I 211994146 1504 
211 I 211994355 1504 
212 I 212451837 1504 
213 I 212901002 1504 
214 I 214322984 56 
215 I 216168242 44 
216 I 216626415 68 
217 I 219873252 219 
218 I 223127087 219 
219 I 223736926 56 
220 I 223882154 56 
221 I 223917102 1504 
222 I 223917350 1504 
223 I 224362726 1504 
224 I 226735580 56 
225 I 227285358 1504 
226 I 232642669 56 
227 I 232752006 68 
228 I 233189521 1504 
229 I 238658650 68 
230 I 239133652 1504 
231 I 239134002 1504 
232 I 241830301 1504 
233 I 242287767 1504 
234 I 242287951 1504 
235 I 242755439 1504 
236 I 242814684 1504 
237 I 243275918 1504 
238 I 243276273 1504 
239 I 245001994 1504 
240 I 248720142 810 
241 I 249596279 1504 
242 I 255065015 68 
243 I 258784692 1504 
244 I 264252125 68 
245 I 264735280 1504 
246 I 277158394 1504 
247 I 277623754 1504 
248 I 277623871 1504 
249 I 278089416 1504 
250 I 279783934 1504 
251 I 283283073 1504 
252 I 283756569 1504 
253 I 283756920 1504 
254 I 284234718 1504 
255 I 284713575 1504 
256 I 284713695 1504 
257 I 286237908 1504 
258 I 286318196 68 
259 I 286702222 1504 
260 I 286702451 1504 
261 I 286923281 220 
262 I 287165947 1504 
263 I 287390231 56 
264 I 287611208 56 
265 I 287636275 1504 
266 I 287825460 68 
267 I 288379002 1504 
268 I 288379367 1504 
269 I 288533904 1504 
270 I 289016593 1504 
271 I 289016871 1504 
272 I 289496194 1504 
273 I 290290794 56 
274 I 290611546 56 
275 I 290611561 1504 
276 I 291084798 1504 
277 I 291085158 1504 
278 I 291557034 1504 
279 I 291596265 1504 
280 I 292080976 1504 
281 I 292081093 1504 
282 I 292151182 1504 
283 I 292561662 1504 
284 I 292630603 1504 
285 I 292630736 1504 
286 I 293040899 1504 
287 I 293102843 1504 
288 I 293565168 1504 
289 I 293577275 1504 
290 I 294035088 1504 
291 I 294035325 1504 
292 I 294508832 1504 
293 I 294986772 1504 
294 I 295315297 1504 
295 I 295777629 1504 
296 I 295777960 1504 
297 I 296232271 1504 
298 I 296232398 1504 
299 I 296696228 1504 
300 I 296738336 56 
301 I 296955706 1504 
