0 I 0 64 
1 I 652436 56 
2 I 658909 1504 
3 I 659158 1504 
4 I 1138773 1504 
5 I 1139747 1504 
6 I 1608756 1504 
7 I 1610298 1504 
8 I 2077604 1504 
9 I 2556370 1504 
10 I 3035045 1504 
11 I 3508810 1504 
12 I 3976983 1504 
13 I 4441102 1504 
14 I 4912275 1504 
15 I 5381924 1504 
16 I 5845999 1504 
17 I 6302896 1504 
18 I 6302994 1504 
19 I 6771168 1504 
20 I 6771372 1504 
21 I 6772127 1504 
22 I 7241057 1504 
23 I 7241629 1504 
24 I 7241989 1504 
25 I 7242700 1504 
26 I 7727156 1504 
27 I 7727435 1504 
28 I 7727916 1504 
29 I 7729191 1504 
30 I 7729396 1504 
31 I 8207128 1504 
32 I 8207530 1504 
33 I 8208038 1504 
34 I 8208474 1504 
35 I 8208642 1504 
36 I 8688615 1504 
37 I 8688794 1504 
38 I 8688894 1504 
39 I 8688994 1504 
40 I 8689166 1504 
41 I 8689534 1504 
42 I 9172610 1504 
43 I 9175144 1504 
44 I 9175450 1504 
45 I 9175746 1504 
46 I 9176031 1504 
47 I 9176042 742 
48 I 9661181 1504 
49 I 9661440 1504 
50 I 9661790 1504 
51 I 9661875 1504 
52 I 10139380 1504 
53 I 10139849 1504 
54 I 10140098 1504 
55 I 10141074 1504 
56 I 10141264 1504 
57 I 10611231 1504 
58 I 10611758 1504 
59 I 10612732 1504 
60 I 10613315 1504 
61 I 10613418 1504 
62 I 10613571 1504 
63 I 11085735 1504 
64 I 11085838 1504 
65 I 11086756 1504 
66 I 11087025 1504 
67 I 11087221 1504 
68 I 11127340 1504 
69 I 11127466 1504 
70 I 11566950 1504 
71 I 11567347 1504 
72 I 11567688 1504 
73 I 11567900 1504 
74 I 11568172 1504 
75 I 11612821 1504 
76 I 11613013 1504 
77 I 12051589 1504 
78 I 12051694 1504 
79 I 12051798 1504 
80 I 12051990 1504 
81 I 12052185 1504 
82 I 12093819 1504 
83 I 12093988 1504 
84 I 12528304 1504 
85 I 12528427 1504 
86 I 12528796 1504 
87 I 12528891 1504 
88 I 12529117 1504 
89 I 12575355 1504 
90 I 12575562 1504 
91 I 13004001 1504 
92 I 13004255 1504 
93 I 13004657 1504 
94 I 13004743 1504 
95 I 13054854 380 
96 I 13054865 1504 
97 I 13493376 1504 
98 I 18106439 1504 
99 I 18106702 1504 
100 I 18584164 1504 
101 I 18584334 1504 
102 I 18584509 1504 
103 I 18584671 1504 
104 I 19070841 1504 
105 I 19071233 1504 
106 I 19071586 1504 
107 I 19551100 1504 
108 I 19551442 1504 
109 I 20050245 1504 
110 I 20549937 1504 
111 I 21038084 1504 
112 I 21038322 1504 
113 I 21520561 1504 
114 I 21521041 1504 
115 I 22016439 1504 
116 I 22016528 1504 
117 I 22249677 1504 
118 I 22745759 1504 
119 I 23241420 1504 
120 I 23729876 1504 
121 I 24219489 1504 
122 I 24219709 1504 
123 I 24712534 1504 
124 I 24712744 1504 
125 I 24712915 1504 
126 I 25200774 1504 
127 I 25201100 1504 
128 I 25201377 1504 
129 I 25201751 1504 
130 I 25675389 1504 
131 I 25675465 1504 
132 I 25675885 1504 
133 I 25676136 1504 
134 I 26152732 1504 
135 I 26152991 1504 
136 I 26153423 1504 
137 I 26155553 1504 
138 I 26155806 1504 
139 I 26637910 1504 
140 I 26638054 1504 
141 I 26639006 1504 
142 I 26639157 1504 
143 I 26672995 1504 
144 I 26673169 1504 
145 I 27118942 1504 
146 I 27119105 1504 
147 I 27119370 1504 
148 I 27119489 1504 
149 I 27151848 1504 
150 I 27152599 1504 
151 I 27586006 1504 
152 I 27586170 1504 
153 I 27586344 1504 
154 I 27586544 1504 
155 I 27624240 1504 
156 I 27624545 1504 
157 I 28059577 1504 
158 I 28060188 1504 
159 I 28060287 1504 
160 I 28104200 1504 
161 I 28104467 1504 
162 I 28542361 1504 
163 I 28542721 1504 
164 I 28542899 1504 
165 I 28586027 1504 
166 I 29031884 1504 
167 I 29032533 1504 
