0 I 0 68 
1 I 214965 56 
2 I 215175 432 
3 I 215270 534 
4 I 432065 56 
5 I 648224 56 
6 I 864189 56 
7 I 1079645 56 
8 I 1079722 56 
9 I 1295422 56 
10 I 2996332 68 
11 I 3213271 56 
12 I 3213448 380 
13 I 3213784 493 
14 I 3428545 56 
15 I 3644405 56 
16 I 3861950 56 
17 I 4078000 56 
18 I 4078000 56 
19 I 4293213 56 
20 I 76115200 68 
21 I 76330262 56 
22 I 76330393 378 
23 I 76330555 733 
24 I 76545800 56 
25 I 76761984 56 
26 I 76976473 56 
27 I 77192815 56 
28 I 77192815 56 
29 I 77408516 56 
30 I 100689539 68 
31 I 100908039 56 
32 I 100908334 395 
33 I 100908384 493 
34 I 101124563 56 
35 I 101341708 56 
36 I 101557803 56 
37 I 101772287 56 
38 I 101772376 56 
39 I 101988301 56 
40 I 107500739 68 
41 I 107716857 56 
42 I 107716932 395 
43 I 107717011 479 
44 I 107932207 56 
45 I 108147725 56 
46 I 108364198 56 
47 I 108579171 56 
48 I 108579263 56 
49 I 108794689 56 
50 I 108794700 56 
51 I 167012665 68 
52 I 167228091 56 
53 I 167228280 377 
54 I 167228331 479 
55 I 167444372 56 
56 I 167660338 56 
57 I 167874730 56 
58 I 168089554 56 
59 I 168089615 56 
60 I 168306461 56 
61 I 180930509 68 
62 I 181146039 56 
63 I 181146452 431 
64 I 181146513 520 
65 I 181363166 56 
66 I 181579010 56 
67 I 181794458 56 
68 I 182009950 56 
69 I 182009958 56 
70 I 182226645 56 
71 I 198922503 68 
72 I 199138301 56 
73 I 199138482 430 
74 I 199183487 515 
75 I 199353226 56 
76 I 199568190 56 
77 I 199784474 56 
78 I 200000163 56 
79 I 200000243 56 
80 I 200215300 56 
81 I 224582867 68 
82 I 224800121 56 
83 I 224800693 380 
84 I 224801038 1121 
85 I 225017809 56 
86 I 225234797 56 
87 I 225450114 56 
88 I 225665291 56 
89 I 225665386 56 
90 I 225881700 56 
91 I 235972874 68 
92 I 236194273 56 
93 I 236194489 448 
94 I 236194656 759 
95 I 236409835 56 
96 I 236625720 56 
97 I 236843970 56 
98 I 237084507 56 
99 I 237086922 56 
100 I 237302479 56 
101 I 243487944 68 
102 I 243635031 68 
103 I 243702994 56 
104 I 243703201 430 
105 I 243746275 520 
106 I 243851516 56 
107 I 243853458 379 
108 I 243853552 479 
109 I 243920836 56 
110 I 244070550 56 
111 I 244140739 56 
112 I 244286436 56 
113 I 244356144 56 
114 I 244503194 56 
115 I 244572272 56 
116 I 244572382 56 
117 I 244717852 56 
118 I 244717853 56 
119 I 244787937 56 
120 I 244933194 56 
121 I 266775508 68 
122 I 266991290 56 
123 I 266991419 519 
124 I 266991454 486 
125 I 267207170 56 
126 I 267422138 56 
127 I 267638052 56 
128 I 267855155 56 
129 I 267855157 56 
130 I 268070216 56 
131 I 286259826 68 
132 I 286475760 56 
133 I 286475873 379 
134 I 286475944 515 
135 I 287144344 838 
136 I 288475195 838 
137 I 288693493 56 
138 I 288910220 56 
139 I 289125835 56 
140 I 289342752 56 
141 I 289342790 56 
142 I 289558183 56 
143 I 292493597 68 
144 I 292715329 56 
145 I 292715683 432 
146 I 292758908 534 
147 I 292930824 56 
148 I 293146378 56 
149 I 293362473 56 
150 I 293577969 56 
151 I 293578023 56 
152 I 293793392 56 
