0 I 0 52 
1 I 1124618 44 
2 I 2467950 44 
3 I 3747957 44 
4 I 3995325 44 
5 I 5034208 44 
6 I 5245386 44 
7 I 5503932 44 
8 I 6321068 44 
9 I 6526124 44 
10 I 6738133 44 
11 I 7003319 44 
12 I 7542858 56 
13 I 7654068 56 
14 I 7754444 56 
15 I 7859788 56 
16 I 7975887 56 
17 I 8078165 56 
18 I 8173574 56 
19 I 8276225 56 
20 I 8378608 56 
21 I 8480320 56 
22 I 8747722 56 
23 I 8976824 44 
24 I 9197869 44 
25 I 9398142 44 
26 I 10257357 44 
27 I 10474239 44 
28 I 10632710 56 
29 I 10712977 44 
30 I 28045260 44 
31 I 32738142 44 
