0 I 0 1504 
1 I 213017 1504 
2 I 366677 1504 
3 I 894540 1504 
4 I 1073177 1504 
5 I 1166714 1504 
6 I 1562649 1504 
7 I 1930582 1504 
8 I 1994948 1504 
9 I 2368055 1504 
10 I 2809155 1504 
11 I 2881491 1504 
12 I 3238372 1504 
13 I 3430699 1504 
14 I 3595462 1504 
15 I 4045528 1504 
16 I 4360965 1504 
17 I 4437164 1504 
18 I 4933439 1504 
19 I 5153261 1504 
20 I 5279011 1504 
21 I 5662065 1504 
22 I 5969293 1504 
23 I 6104401 1504 
24 I 6566626 1504 
25 I 6751325 1504 
26 I 6922872 1504 
27 I 7352978 1504 
28 I 7656387 1504 
29 I 8172053 1504 
30 I 8193049 1504 
31 I 8461857 1504 
32 I 8560060 1340 
33 I 10229928 1504 
34 I 10234378 1504 
35 I 10238171 1504 
36 I 10241362 1504 
37 I 10245227 1504 
38 I 11415911 1504 
39 I 11419303 1504 
40 I 11963855 1504 
41 I 11971570 1504 
42 I 12303525 1504 
43 I 12758482 1504 
44 I 12793226 1504 
45 I 13206049 1504 
46 I 13401080 1504 
47 I 13560430 1504 
48 I 13975114 1504 
49 I 14269957 1504 
50 I 14363458 1504 
51 I 14853796 1504 
52 I 15086596 1504 
53 I 15206623 1504 
54 I 15581047 1504 
55 I 15878012 1504 
56 I 16025841 1504 
57 I 16648530 1504 
58 I 16721226 1504 
59 I 16859805 1504 
60 I 17325545 1504 
61 I 17726360 1504 
62 I 17739264 1504 
63 I 18144958 1504 
64 I 18520009 1504 
65 I 18586812 1504 
66 I 18954672 1504 
67 I 19236688 1504 
68 I 19399001 1504 
69 I 19849213 1504 
70 I 20046090 1504 
71 I 20700421 1504 
72 I 20972463 1504 
73 I 21051673 1504 
74 I 21446971 1504 
75 I 21954899 1504 
76 I 22240177 1504 
77 I 22332214 1340 
78 I 23920662 1504 
79 I 23924790 1504 
80 I 23927909 1504 
81 I 23931376 1504 
82 I 23935302 1504 
83 I 25238141 1504 
84 I 25242203 1504 
85 I 25522787 1504 
86 I 25620531 1504 
87 I 26042410 1504 
88 I 26335614 1504 
89 I 26539793 1504 
90 I 26924819 1504 
91 I 27161550 1504 
92 I 27276899 1504 
93 I 27768200 1504 
94 I 28054490 1504 
95 I 28135075 1504 
96 I 28561118 1504 
97 I 28835132 1504 
98 I 28941275 1504 
99 I 29344415 1504 
100 I 29649104 1504 
101 I 29799004 1504 
102 I 30269499 1504 
103 I 30453169 1504 
104 I 30619354 1504 
105 I 31046595 1504 
106 I 31343884 1504 
107 I 31431224 1504 
108 I 31854664 1504 
109 I 32109647 1504 
110 I 32220430 1504 
111 I 32619622 1504 
112 I 32921716 1504 
113 I 33075339 1504 
114 I 33962295 1504 
115 I 34164510 1504 
116 I 34309786 1504 
117 I 34775404 1504 
118 I 35020444 1504 
119 I 35151044 1504 
120 I 35506175 1504 
121 I 35839684 1504 
122 I 35959884 1340 
123 I 40741892 1504 
124 I 40745844 1504 
125 I 40749463 1504 
126 I 40753671 1504 
127 I 40757727 1504 
128 I 41930434 1504 
129 I 41934149 1504 
130 I 42236879 1504 
131 I 42333298 1504 
132 I 42717603 1504 
133 I 43083955 1504 
134 I 43209885 1504 
135 I 43634947 1504 
136 I 43944657 1504 
137 I 44064784 1504 
138 I 44476003 1504 
139 I 44857575 1504 
140 I 45007562 1504 
141 I 45449199 1504 
142 I 45640003 1504 
143 I 45804843 1504 
144 I 46255573 1504 
145 I 46547557 1504 
146 I 46642351 1504 
147 I 47541491 1504 
148 I 47954502 1504 
149 I 48057856 1504 
150 I 48538013 1504 
151 I 48681732 1504 
152 I 48900067 1504 
153 I 49314685 1504 
154 I 50111362 1504 
155 I 50445408 1504 
156 I 51187579 1504 
157 I 51508791 1504 
158 I 51557802 1504 
159 I 52066417 1504 
160 I 52341426 1504 
161 I 52434111 1504 
162 I 53900183 1504 
163 I 54379739 1504 
164 I 54972740 1504 
165 I 55396418 1504 
166 I 55702145 1504 
167 I 55799242 1340 
168 I 59006733 1504 
169 I 59010554 1504 
170 I 59014601 1504 
171 I 59017979 1504 
172 I 59021735 1504 
173 I 60761510 1504 
174 I 60765202 1504 
175 I 60991373 1504 
176 I 61091988 1504 
177 I 61519859 1504 
178 I 61894700 1504 
179 I 63130069 1504 
180 I 63450836 1504 
181 I 63931146 1504 
182 I 64231703 1504 
183 I 64333507 1504 
184 I 64733991 1504 
185 I 65351789 1504 
186 I 66134866 1504 
187 I 66633426 1504 
188 I 66945290 1504 
189 I 67056513 1504 
190 I 67413849 1504 
191 I 67716636 1504 
192 I 67832968 1504 
193 I 68782870 1504 
194 I 69133607 1504 
195 I 69184685 1504 
196 I 69641672 1504 
197 I 69965941 1504 
198 I 70056390 1504 
199 I 70427174 1504 
200 I 71037967 1504 
201 I 71540534 1504 
202 I 71883737 1504 
203 I 71938006 1504 
204 I 72359476 1504 
205 I 72653349 1504 
206 I 72786253 1504 
207 I 73501882 1504 
208 I 73782780 1504 
209 I 73906568 1504 
210 I 74295676 1504 
211 I 74601539 1504 
212 I 74732483 1340 
213 I 77783096 1504 
214 I 77786734 1504 
215 I 77791783 1504 
216 I 77795544 1504 
217 I 77800924 1504 
218 I 79043726 1504 
219 I 79048047 1504 
220 I 79322908 1504 
221 I 79439472 1504 
222 I 79912445 1504 
223 I 80107248 1504 
224 I 80264436 1504 
225 I 80726233 1504 
226 I 81069716 1504 
227 I 81120832 1504 
228 I 81504256 1504 
229 I 81811767 1504 
230 I 81924417 1504 
231 I 82316739 1504 
232 I 82665075 1504 
233 I 82792327 1504 
234 I 83242033 1504 
235 I 83427438 1504 
236 I 83576431 1504 
237 I 84011925 1504 
238 I 84319479 1504 
239 I 84445102 1504 
240 I 85137810 1504 
241 I 85426288 1504 
242 I 85508811 1504 
243 I 85921804 1504 
244 I 86241414 1504 
245 I 86361605 1504 
246 I 86701083 1504 
247 I 87067936 1504 
248 I 87201469 1504 
249 I 88133060 1504 
250 I 88436640 1504 
251 I 88551251 1504 
252 I 88922616 1504 
253 I 89262998 1504 
254 I 89386137 1504 
255 I 89848615 1504 
256 I 89990884 1504 
257 I 90640605 1340 
258 I 92366137 1504 
259 I 92370049 1504 
260 I 92373103 1504 
261 I 92376630 1504 
262 I 92380532 1504 
263 I 93655558 1504 
264 I 93658677 1504 
265 I 93833901 1504 
266 I 94022196 1504 
267 I 94435590 1504 
268 I 94722982 1504 
269 I 94794379 1504 
270 I 95278654 1504 
271 I 95904070 1504 
272 I 96293096 1504 
273 I 96315760 1504 
274 I 96719899 1504 
275 I 97018416 1504 
276 I 97221021 1504 
277 I 97518859 1504 
278 I 97821680 1504 
279 I 97943224 1504 
280 I 98386174 1504 
281 I 98661176 1504 
282 I 98808949 1504 
283 I 99224059 1504 
284 I 99554585 1504 
285 I 99608445 1504 
286 I 100029971 1504 
287 I 100348679 1504 
288 I 100447424 1504 
289 I 100829641 1504 
290 I 101105033 1504 
291 I 101276542 1504 
292 I 101719316 1504 
293 I 101915800 1504 
294 I 102099966 1504 
295 I 102552107 1504 
296 I 102845550 1504 
297 I 102940768 1504 
298 I 103364106 1504 
299 I 103672787 1504 
300 I 103805984 1504 
301 I 104182162 1504 
302 I 104536551 1340 
303 I 106233931 1504 
304 I 106236722 1504 
305 I 106239636 1504 
306 I 106242351 1504 
307 I 106245999 1504 
308 I 107504490 1504 
309 I 107507685 1504 
310 I 107825158 1504 
311 I 108048588 1504 
312 I 108315110 1504 
313 I 108598168 1504 
314 I 108726961 1504 
315 I 109113519 1504 
316 I 109413522 1504 
317 I 109579433 1504 
318 I 110020398 1504 
319 I 110311667 1504 
320 I 110379072 1504 
321 I 110815543 1504 
322 I 111163404 1504 
323 I 111211601 1504 
324 I 111619411 1504 
325 I 112019089 1504 
326 I 112077593 1504 
327 I 112519581 1504 
328 I 112738659 1504 
329 I 112904520 1504 
330 I 113356653 1504 
331 I 113645994 1504 
332 I 113735797 1504 
333 I 114183531 1504 
334 I 114441206 1504 
335 I 114544942 1504 
336 I 114956813 1504 
337 I 115237692 1504 
338 I 115367813 1504 
339 I 115840016 1504 
340 I 116033267 1504 
341 I 116194355 1504 
342 I 116665666 1504 
343 I 116995909 1504 
344 I 117082814 1504 
345 I 117498082 1504 
346 I 117778206 1504 
347 I 117883757 1340 
348 I 119480367 1504 
349 I 119482985 1504 
350 I 119485680 1504 
351 I 119488622 1504 
352 I 119491105 1504 
353 I 120860360 1504 
354 I 120863623 1504 
355 I 121042951 1504 
356 I 121309501 1504 
357 I 121616887 1504 
358 I 121815029 1504 
359 I 122003761 1504 
360 I 122416432 1504 
361 I 122722762 1504 
362 I 122853147 1504 
363 I 123242737 1504 
364 I 123553235 1504 
365 I 123674076 1504 
366 I 124259172 1504 
367 I 124332973 1504 
368 I 124510650 1504 
369 I 124949610 1504 
370 I 125270703 1504 
371 I 125353678 1504 
372 I 125771477 1504 
373 I 126188679 1504 
374 I 126205059 1504 
375 I 126553208 1504 
376 I 126867942 1504 
377 I 127005548 1504 
378 I 127461611 1504 
379 I 127665339 1504 
380 I 127810752 1504 
381 I 128268800 1504 
382 I 128474352 1504 
383 I 128619071 1504 
384 I 129186297 1504 
385 I 129360572 1504 
386 I 129451079 1504 
387 I 129853788 1504 
388 I 130315493 1504 
389 I 130357992 1504 
390 I 130696109 1504 
391 I 130973798 1504 
392 I 131093499 1340 
393 I 134855342 1504 
394 I 134858889 1504 
395 I 134862602 1504 
396 I 134865927 1504 
397 I 134869622 1504 
398 I 136103276 1504 
399 I 136107232 1504 
400 I 136349152 1504 
401 I 136499684 1504 
402 I 136746387 1504 
403 I 137177839 1504 
404 I 137326746 1504 
405 I 137741263 1504 
406 I 138060158 1504 
407 I 138154998 1504 
408 I 138565344 1504 
409 I 139344939 1504 
410 I 139641078 1504 
411 I 139848731 1504 
412 I 140145479 1504 
413 I 140438333 1504 
414 I 141292151 1504 
415 I 142052907 1504 
416 I 142360630 1504 
417 I 142487429 1504 
418 I 142906446 1504 
419 I 143829242 1504 
420 I 145367137 1504 
421 I 145857152 1504 
422 I 146149582 1504 
423 I 146245789 1504 
424 I 146938583 1504 
425 I 147759400 1504 
426 I 149094179 1504 
427 I 149722823 1504 
428 I 150019042 1504 
429 I 150119301 1504 
430 I 150990932 1504 
431 I 151608453 1504 
432 I 152710282 1504 
433 I 153009218 1504 
434 I 153614370 1504 
435 I 153797644 1504 
436 I 154786517 1504 
437 I 155396923 1340 
438 I 159172288 1504 
439 I 159175289 1504 
440 I 159178537 1504 
441 I 159180045 1504 
442 I 159182819 1504 
443 I 161778393 1504 
444 I 161782103 1504 
445 I 162041822 1504 
446 I 162210531 1504 
447 I 162720841 1504 
448 I 162898942 1504 
449 I 164482170 1504 
450 I 164823246 1504 
451 I 165279312 1504 
452 I 165580552 1504 
453 I 165679190 1504 
454 I 166126095 1504 
455 I 167737913 1504 
456 I 168554071 1504 
457 I 168773197 1504 
458 I 169370877 1504 
459 I 169580463 1504 
460 I 170335760 1504 
461 I 171843335 1504 
462 I 171998051 1504 
463 I 172116267 1504 
464 I 172844517 1504 
465 I 173325011 1504 
466 I 174213561 1504 
467 I 175348515 1504 
468 I 175529995 1504 
469 I 175676948 1504 
470 I 176346979 1504 
471 I 176949663 1504 
472 I 178322040 1504 
473 I 179074674 1504 
474 I 179385010 1504 
475 I 179482174 1504 
476 I 180506131 1504 
477 I 180722437 1504 
478 I 182100775 1504 
479 I 182598495 1504 
480 I 182878765 1504 
481 I 182981561 1504 
482 I 183985528 1340 
483 I 187701645 1504 
484 I 187705723 1504 
485 I 187709515 1504 
486 I 187712491 1504 
487 I 187716233 1504 
488 I 190081678 1504 
489 I 190085220 1504 
490 I 190381659 1504 
491 I 190474813 1504 
492 I 190877089 1504 
493 I 191196546 1504 
494 I 193117845 1504 
495 I 193403116 1504 
496 I 193496409 1504 
497 I 193910258 1504 
498 I 194330514 1504 
499 I 195025107 1504 
500 I 196487013 1504 
501 I 196667671 1504 
502 I 197239754 1504 
503 I 197514682 1504 
504 I 198084582 1504 
505 I 198844139 1504 
506 I 199926625 1504 
507 I 200241357 1504 
508 I 200345828 1504 
509 I 201335626 1504 
510 I 201871660 1504 
511 I 202632804 1504 
512 I 203443738 1504 
513 I 203731857 1504 
514 I 203862060 1504 
515 I 204812613 1504 
516 I 205639040 1504 
517 I 206478619 1504 
518 I 207038165 1504 
519 I 207242536 1504 
520 I 207407365 1504 
521 I 208367014 1504 
522 I 209143339 1504 
523 I 210254660 1504 
524 I 210560805 1504 
525 I 210672812 1504 
526 I 211080291 1504 
527 I 212580063 1340 
528 I 216967404 1504 
529 I 216971221 1504 
530 I 216975372 1504 
531 I 216979458 1504 
532 I 216983610 1504 
533 I 218890156 1504 
534 I 218894155 1504 
535 I 219090085 1504 
536 I 219249908 1504 
537 I 219687161 1504 
538 I 219985539 1504 
539 I 222637108 1504 
540 I 222952087 1504 
541 I 223088388 1504 
542 I 223567060 1504 
543 I 223750401 1504 
544 I 224370351 1504 
545 I 226725883 1504 
546 I 227024887 1504 
547 I 227140428 1504 
548 I 227827346 1504 
549 I 228326078 1504 
550 I 229103217 1504 
551 I 230205666 1504 
552 I 231168880 1504 
553 I 231798072 1504 
554 I 232131822 1504 
555 I 232939270 1504 
556 I 233750649 1504 
557 I 234687397 1504 
558 I 234850019 1504 
559 I 235766430 1504 
560 I 235990987 1504 
561 I 237090839 1504 
562 I 237881081 1504 
563 I 238398180 1504 
564 I 238701384 1504 
565 I 239196976 1504 
566 I 239509622 1504 
567 I 241093719 1504 
568 I 241880302 1504 
569 I 242205407 1504 
570 I 242702703 1504 
571 I 243023066 1504 
572 I 243616239 1340 
573 I 245943204 1504 
574 I 245946510 1504 
575 I 245950960 1504 
576 I 245955034 1504 
577 I 245959559 1504 
578 I 248464513 1504 
579 I 248467226 1504 
580 I 248772351 1504 
581 I 248852898 1504 
582 I 249276203 1504 
583 I 249571915 1504 
584 I 251469347 1504 
585 I 251745122 1504 
586 I 251840457 1504 
587 I 252234163 1504 
588 I 252523041 1504 
589 I 253032835 1504 
590 I 254853679 1504 
591 I 254972043 1504 
592 I 255151385 1504 
593 I 255607933 1504 
594 I 256074800 1504 
595 I 256664291 1504 
596 I 257959182 1504 
597 I 258244457 1504 
598 I 258875997 1504 
599 I 259361054 1504 
600 I 259842764 1504 
601 I 260450636 1504 
602 I 261464586 1504 
603 I 261756292 1504 
604 I 262350394 1504 
605 I 263375799 1504 
606 I 263964285 1504 
607 I 264471801 1504 
608 I 265293346 1504 
609 I 265856269 1504 
610 I 266148334 1504 
611 I 267207498 1504 
612 I 267787564 1504 
613 I 268303854 1504 
614 I 269121584 1504 
615 I 269417674 1504 
616 I 269917831 1504 
617 I 270231616 1340 
618 I 273540233 1504 
619 I 273545182 1504 
620 I 273549583 1504 
621 I 273554372 1504 
622 I 273559463 1504 
623 I 276174351 1504 
624 I 276179187 1504 
625 I 276283293 1504 
626 I 276400970 1504 
627 I 276780061 1504 
628 I 277274046 1504 
629 I 279019862 1504 
630 I 279300773 1504 
631 I 279403295 1504 
632 I 279766440 1504 
633 I 280082791 1504 
634 I 280919879 1504 
635 I 282349421 1504 
636 I 282780266 1504 
637 I 282825023 1504 
638 I 283144135 1504 
639 I 283731754 1504 
640 I 284562791 1504 
641 I 285630676 1504 
642 I 285992459 1504 
643 I 286060064 1504 
644 I 286753914 1504 
645 I 287269149 1504 
646 I 288078622 1504 
647 I 288871560 1504 
648 I 289169820 1504 
649 I 289710574 1504 
650 I 290691880 1504 
651 I 290833690 1504 
652 I 291767833 1504 
653 I 292220340 1504 
654 I 292706301 1504 
655 I 293192411 1504 
656 I 294022378 1504 
657 I 294306136 1504 
658 I 294425556 1504 
659 I 294832712 1504 
660 I 295145466 1504 
661 I 296728958 1504 
662 I 297026434 1340 
