0 I 0 52 
1 I 983448 136 
2 I 20125558 44 
3 I 30005168 52 
4 I 32403174 144 
5 I 60017448 52 
6 I 60904546 136 
7 I 80214422 44 
8 I 82271488 44 
9 I 91007036 52 
10 I 91980668 136 
11 I 121013302 52 
12 I 122542121 144 
13 I 145720710 44 
14 I 151986841 52 
15 I 152827785 136 
16 I 166078294 44 
17 I 182984759 52 
18 I 184635900 144 
19 I 202091320 44 
20 I 212998699 52 
21 I 213797485 136 
22 I 243956203 52 
23 I 245533147 144 
24 I 248736707 144 
25 I 263082926 44 
26 I 273974586 52 
27 I 274752999 136 
