0 I 0 52 
1 I 2911003 44 
2 I 5738477 52 
3 I 6686818 44 
4 I 8709648 52 
5 I 10587801 44 
6 I 11856773 44 
7 I 13423370 44 
8 I 14932529 44 
9 I 15212879 44 
10 I 15524156 44 
11 I 17664191 44 
12 I 17921551 44 
13 I 19977976 44 
14 I 20967082 44 
15 I 22169056 56 
16 I 22436114 56 
17 I 24028628 56 
18 I 24352310 56 
19 I 26652997 56 
20 I 26918263 56 
21 I 29435521 56 
22 I 34520865 44 
23 I 39735898 44 
24 I 39778059 44 
25 I 44481524 44 
26 I 69032588 44 
27 I 74412278 44 
28 I 74710314 44 
29 I 76963548 44 
30 I 79228994 44 
31 I 79840367 44 
