0 I 0 68 
1 I 213843 56 
2 I 213933 576 
3 I 479477 56 
4 I 582409 56 
5 I 694844 56 
6 I 797105 56 
7 I 909507 56 
8 I 909703 56 
9 I 1011654 56 
10 I 1012331 56 
11 I 1125499 56 
12 I 1125500 56 
13 I 1125670 56 
14 I 1226109 56 
15 I 1226845 56 
16 I 1227117 56 
17 I 1227247 56 
18 I 6932181 68 
19 I 7146253 56 
20 I 7146454 652 
21 I 7534960 56 
22 I 7642337 56 
23 I 7749880 56 
24 I 7857126 56 
25 I 7965104 56 
26 I 7965293 56 
27 I 8071980 56 
28 I 8072532 56 
29 I 8179866 56 
30 I 8179887 56 
31 I 8180914 56 
32 I 8183710 56 
33 I 8184143 56 
34 I 12889587 68 
35 I 13103415 56 
36 I 13103763 886 
37 I 13535909 56 
38 I 13652544 56 
39 I 13750979 56 
40 I 13867286 56 
41 I 13965937 56 
42 I 13966188 56 
43 I 14082117 56 
44 I 14082597 56 
45 I 14181006 56 
46 I 14181008 56 
47 I 14181431 56 
48 I 14181476 68 
49 I 14181490 56 
50 I 14181490 56 
