0 I 0 52 
1 I 262912 44 
2 I 537008 44 
3 I 809640 44 
4 I 924596 44 
5 I 1091039 44 
6 I 1192603 44 
7 I 1325075 44 
8 I 1363414 44 
9 I 1469083 44 
10 I 1593980 44 
11 I 1638452 44 
12 I 1749182 44 
13 I 1866656 44 
14 I 1910858 44 
15 I 2023821 44 
16 I 2152745 44 
17 I 2184871 44 
18 I 2303515 44 
19 I 2442189 44 
20 I 2484437 44 
21 I 2577937 44 
22 I 2720162 44 
23 I 2756837 44 
24 I 2850451 44 
25 I 2994838 44 
26 I 3040615 44 
27 I 3123633 44 
28 I 3267155 44 
29 I 3318880 44 
30 I 3396215 44 
31 I 3545013 44 
32 I 3590792 44 
33 I 3669328 44 
34 I 3817346 44 
35 I 3865617 44 
36 I 3941857 44 
37 I 4090178 44 
38 I 4137847 44 
39 I 4214607 44 
40 I 4362702 44 
41 I 4413297 44 
42 I 4487162 44 
43 I 4635055 44 
44 I 4687094 44 
45 I 4760831 44 
46 I 4911407 44 
47 I 4970403 44 
48 I 5043209 44 
49 I 5183594 44 
50 I 5245575 44 
51 I 5316199 44 
52 I 5465208 44 
53 I 5528282 44 
54 I 5600609 44 
55 I 5745567 44 
56 I 5800510 44 
57 I 5873146 44 
58 I 6018874 44 
59 I 6082410 44 
60 I 6158663 44 
61 I 6292806 44 
62 I 6363272 44 
63 I 6442282 44 
64 I 6572145 44 
65 I 6647908 44 
66 I 6715576 44 
67 I 6854748 44 
68 I 6920666 44 
69 I 6995963 44 
70 I 7133075 44 
71 I 7193846 44 
72 I 7269233 44 
73 I 7406605 44 
74 I 7485711 44 
75 I 7552069 44 
76 I 7680007 44 
77 I 7762959 44 
78 I 7827632 44 
79 I 7963365 44 
80 I 8035993 44 
81 I 8112330 44 
82 I 8238068 44 
83 I 8336068 44 
84 I 8401473 56 
85 I 8510674 56 
86 I 8515477 56 
87 I 8606387 56 
88 I 8613919 56 
89 I 8787160 44 
90 I 9072039 44 
91 I 9345175 44 
92 I 9523924 44 
93 I 9617676 44 
94 I 9723339 44 
95 I 9884043 44 
96 I 9990256 44 
97 I 10156861 44 
98 I 10256340 44 
99 I 10423142 44 
100 I 10522908 44 
101 I 10736452 44 
102 I 10795784 44 
103 I 11008679 44 
104 I 11020948 44 
105 I 11074245 44 
106 I 11283229 44 
107 I 11295658 44 
108 I 11347187 44 
109 I 11555651 44 
110 I 11569082 44 
111 I 11619911 44 
112 I 11828440 44 
113 I 11841633 44 
114 I 11892604 44 
115 I 12100859 44 
116 I 12114374 44 
117 I 12164816 44 
118 I 12373326 44 
119 I 12387205 44 
120 I 12440612 44 
121 I 12645250 44 
122 I 12660461 44 
123 I 12713922 44 
124 I 12920203 44 
125 I 12934186 44 
126 I 12987394 44 
127 I 13193461 44 
128 I 13207352 44 
129 I 13261325 44 
130 I 13471684 44 
131 I 13483272 44 
132 I 13534670 44 
133 I 13743663 44 
134 I 13756912 44 
135 I 13809442 44 
136 I 14016306 44 
137 I 14039849 44 
138 I 14083460 44 
139 I 14289077 44 
140 I 14312373 44 
141 I 14356033 44 
142 I 14562904 44 
143 I 14585178 44 
144 I 14628639 44 
145 I 14671588 52 
146 I 14836289 44 
147 I 14858181 44 
148 I 14901059 44 
149 I 14929271 44 
150 I 15108885 44 
151 I 15201666 44 
152 I 15289009 44 
153 I 15474771 44 
154 I 15591477 44 
155 I 15747189 44 
156 I 15859243 44 
157 I 15991206 44 
158 I 16028253 44 
159 I 16126780 44 
160 I 16259558 44 
161 I 16301467 44 
162 I 16401211 44 
163 I 16535038 44 
164 I 16574059 44 
165 I 16673486 44 
166 I 16809912 44 
167 I 16846629 44 
168 I 16965613 44 
169 I 17082705 44 
170 I 17119081 44 
171 I 17239689 44 
172 I 17355227 44 
173 I 17392348 44 
174 I 17512556 44 
175 I 17627214 44 
176 I 17665178 44 
177 I 17785049 44 
178 I 17899798 44 
179 I 17939142 44 
180 I 18061493 44 
181 I 18172997 44 
182 I 18217632 44 
183 I 18342501 44 
184 I 18447597 44 
185 I 18490557 44 
186 I 18614914 44 
187 I 18720645 44 
188 I 18763632 44 
189 I 18887463 44 
190 I 18993132 44 
191 I 19036371 44 
192 I 19160521 44 
193 I 19267159 44 
194 I 19310264 44 
195 I 19434087 44 
196 I 19542965 44 
197 I 19584435 44 
198 I 19706798 44 
199 I 19838949 44 
200 I 19858123 44 
201 I 19980462 44 
202 I 20112845 44 
203 I 20130725 44 
204 I 20253360 44 
205 I 20386405 44 
206 I 20403340 44 
207 I 20526115 44 
208 I 20659160 44 
209 I 20676046 44 
210 I 20802020 44 
211 I 20932504 44 
212 I 20948973 44 
213 I 21074518 44 
214 I 21205409 44 
215 I 21221665 44 
216 I 21347548 44 
217 I 21477503 44 
218 I 21494071 44 
219 I 21621246 44 
220 I 21750914 44 
221 I 21767233 44 
222 I 21896233 44 
223 I 22023200 44 
224 I 22040192 44 
225 I 22169773 44 
226 I 22295778 44 
227 I 22312924 44 
228 I 22442401 44 
229 I 22568158 44 
230 I 22585765 44 
231 I 22714564 44 
232 I 22840956 44 
233 I 22858496 44 
234 I 22988917 44 
235 I 23114058 44 
236 I 23131182 44 
237 I 23261241 44 
238 I 23387340 44 
239 I 23404901 44 
240 I 23534465 44 
241 I 23660190 44 
242 I 23677709 44 
243 I 23809095 44 
244 I 23932983 44 
245 I 23950099 44 
246 I 24094445 44 
247 I 24207716 44 
248 I 24223500 44 
249 I 24367289 44 
250 I 24480200 44 
251 I 24495779 44 
252 I 24639821 44 
253 I 24767059 44 
254 I 24784558 44 
255 I 24927177 44 
256 I 25051627 44 
257 I 25070693 44 
258 I 25214110 44 
259 I 25340460 44 
260 I 25357158 44 
261 I 25495368 44 
262 I 25621861 44 
263 I 25642859 44 
264 I 25777438 44 
265 I 25906923 44 
266 I 25926036 44 
267 I 26065853 44 
268 I 26192349 44 
269 I 26212351 44 
270 I 26351347 44 
271 I 26465944 44 
272 I 26485709 44 
273 I 26623942 44 
274 I 26740152 44 
275 I 26758639 44 
276 I 26896822 44 
277 I 27013058 44 
278 I 27030707 44 
279 I 27170806 44 
280 I 27289298 44 
281 I 27309852 44 
282 I 27454396 44 
283 I 27574907 44 
284 I 27592945 44 
285 I 27739701 44 
286 I 27850384 44 
287 I 27865546 44 
288 I 28014077 44 
289 I 28122573 44 
290 I 28137891 44 
291 I 28286534 44 
292 I 28397851 44 
293 I 28411340 44 
294 I 28560225 44 
295 I 28657212 56 
296 I 28665499 44 
297 I 30132626 44 
298 I 44136191 44 
299 I 47537027 44 
300 I 47537278 44 
301 I 49571672 52 
302 I 49826766 44 
303 I 50222530 44 
304 I 65152434 44 
305 I 66169692 44 
