0 I 0 48 
1 I 219817 44 
2 I 473098 44 
3 I 715415 44 
4 I 876449 44 
5 I 955325 44 
6 I 964385 44 
7 I 1110059 44 
8 I 1191801 44 
9 I 1208902 44 
10 I 1345895 44 
11 I 1428149 44 
12 I 1447096 44 
13 I 1582289 44 
14 I 1662648 44 
15 I 1675459 44 
16 I 1816762 44 
17 I 1889260 44 
18 I 1906981 44 
19 I 2058895 44 
20 I 2125975 44 
21 I 2143482 44 
22 I 2295995 44 
23 I 2359299 44 
24 I 2373251 44 
25 I 2482170 44 
26 I 2537286 44 
27 I 2594300 44 
28 I 2602670 44 
29 I 2766430 44 
30 I 2822178 44 
31 I 2836483 44 
32 I 3002753 44 
33 I 3058808 44 
34 I 3069336 44 
35 I 3183862 44 
36 I 3234878 44 
37 I 3293017 44 
38 I 3408297 44 
39 I 3472302 44 
40 I 3527306 44 
41 I 3643647 44 
42 I 3699573 44 
43 I 3752807 44 
44 I 3880984 44 
45 I 3941272 44 
46 I 3987009 44 
47 I 4114186 44 
48 I 4183328 44 
49 I 4213322 44 
50 I 4346448 44 
51 I 4413532 44 
52 I 4444237 44 
53 I 4580955 44 
54 I 4648559 44 
55 I 4680969 44 
56 I 4821344 44 
57 I 4883226 44 
58 I 4906462 44 
59 I 5057497 44 
60 I 5110487 44 
61 I 5140006 44 
62 I 5296716 44 
63 I 5350775 44 
64 I 5375813 44 
65 I 5537954 44 
66 I 5586126 44 
67 I 5603034 44 
68 I 5765185 44 
69 I 5813322 44 
70 I 5831277 44 
71 I 6000338 44 
72 I 6056796 44 
73 I 6075612 44 
74 I 6235597 44 
75 I 6293806 44 
76 I 6303112 44 
77 I 6468047 44 
78 I 6527084 44 
79 I 6545239 44 
80 I 6702454 44 
81 I 6765585 44 
82 I 6784130 44 
83 I 6936755 44 
84 I 7004940 44 
85 I 7017992 44 
86 I 7161929 44 
87 I 7235050 44 
88 I 7253165 44 
89 I 7397259 44 
90 I 7469393 44 
91 I 7487355 44 
92 I 7639426 44 
93 I 7704484 44 
94 I 7713542 44 
95 I 7864856 44 
96 I 7943976 44 
97 I 7965078 44 
98 I 8105144 44 
99 I 8204159 44 
100 I 8236378 44 
101 I 8345794 44 
102 I 8456970 44 
103 I 8480828 44 
104 I 8573600 44 
105 I 8682032 44 
106 I 8706731 44 
107 I 8820148 44 
108 I 8916450 44 
109 I 8943032 44 
110 I 9064428 44 
111 I 9154346 44 
112 I 9171271 44 
113 I 9304480 44 
114 I 9321599 44 
115 I 9389644 44 
116 I 9404558 44 
117 I 9551182 44 
118 I 9614982 44 
119 I 9636945 44 
120 I 9790192 44 
121 I 9850326 44 
122 I 9864507 44 
123 I 9882280 44 
124 I 10021363 44 
125 I 10030412 44 
126 I 10075436 44 
127 I 10084568 44 
128 I 10093587 44 
129 I 10107500 44 
