0 I 0 1504 
1 I 10758 1504 
2 I 1273059 1504 
3 I 1592457 1504 
4 I 1698282 1504 
5 I 1879657 1492 
6 I 2149841 1504 
7 I 4004272 1504 
8 I 4160029 1504 
9 I 4173179 1504 
10 I 4390649 1504 
11 I 4470785 1504 
12 I 4880921 1504 
13 I 6256080 1504 
14 I 6444847 1492 
15 I 6726086 1504 
16 I 7145852 1504 
17 I 7424261 1504 
18 I 7635688 1504 
19 I 8128526 1492 
20 I 8353663 1504 
21 I 9044833 1504 
22 I 9306112 1504 
23 I 9316013 1504 
24 I 9476541 1504 
25 I 9790643 1504 
26 I 9987277 1504 
27 I 10332080 1504 
28 I 10659457 1504 
29 I 10920620 1492 
30 I 11289068 1504 
31 I 11586207 1504 
32 I 11892534 1504 
33 I 12069752 1504 
34 I 12078040 1504 
35 I 12303562 1504 
36 I 12311521 1504 
37 I 12907586 1504 
38 I 13146860 1504 
39 I 13667108 1504 
40 I 13804484 1504 
41 I 13813558 1504 
42 I 13942082 1504 
43 I 14143342 1492 
44 I 14457089 1504 
45 I 14695289 1504 
46 I 15830006 1340 
47 I 16647664 1492 
48 I 19527120 1504 
49 I 19536484 1504 
50 I 19545689 1504 
51 I 19555067 1504 
52 I 21214635 1504 
53 I 21519551 1504 
54 I 21529927 1504 
55 I 21647957 1504 
56 I 22212863 1504 
57 I 23401058 1504 
58 I 24451555 1504 
59 I 24660508 1504 
60 I 28052348 1504 
61 I 28135525 1504 
62 I 30091577 1504 
63 I 30101398 1504 
64 I 30111771 1504 
65 I 30120606 1504 
66 I 32326747 1504 
67 I 32530517 1504 
68 I 32539332 1504 
69 I 32781241 1504 
70 I 33010384 1504 
71 I 33019296 1504 
72 I 35443364 1504 
73 I 35713612 1492 
74 I 35883950 1504 
75 I 36427412 1504 
76 I 37347666 1504 
77 I 37591021 1504 
78 I 37599696 1504 
79 I 38700865 1504 
80 I 38710810 1504 
81 I 40097052 1504 
82 I 40616890 1504 
83 I 40837517 1504 
84 I 40847664 1504 
85 I 41474702 1504 
86 I 42350948 1492 
87 I 42542911 1504 
88 I 42938994 1504 
89 I 43626890 1504 
90 I 44755839 1504 
91 I 44767011 1504 
92 I 45245386 1504 
93 I 45760683 1492 
94 I 45983705 1504 
95 I 46350835 1504 
96 I 46704633 1504 
97 I 47249503 1504 
98 I 47677747 1504 
99 I 48339569 1504 
100 I 49500792 1492 
101 I 49690977 1504 
102 I 49928729 1504 
103 I 50568265 1504 
104 I 51273732 1492 
105 I 52003300 1504 
106 I 52926698 1504 
107 I 53169459 1504 
108 I 53177931 1504 
109 I 53513257 1504 
110 I 54282260 1504 
111 I 54515971 1504 
112 I 54524648 1504 
113 I 55493374 1504 
114 I 55603229 1504 
115 I 56290843 1504 
116 I 56769989 1504 
117 I 57503149 1492 
118 I 57831474 1504 
119 I 58253956 1504 
120 I 58863372 1504 
121 I 59351369 1504 
122 I 60254515 1504 
123 I 60600872 1504 
124 I 61376826 1492 
125 I 61761270 1504 
126 I 62613012 1504 
127 I 62896764 1504 
128 I 62905099 1504 
129 I 63965046 1504 
130 I 63975365 1504 
131 I 64185856 1504 
132 I 64762760 1340 
133 I 67068433 1340 
134 I 69331164 1504 
135 I 69341422 1504 
136 I 69350222 1504 
137 I 69359852 1504 
138 I 69368324 1504 
139 I 72763072 1504 
140 I 72773252 1504 
141 I 73324246 1504 
142 I 73509235 1504 
143 I 73814869 1504 
144 I 73913120 1504 
145 I 76466244 1504 
146 I 76620476 1504 
147 I 76690380 1504 
148 I 77198505 1504 
149 I 77751118 1504 
150 I 77908612 1504 
151 I 79517561 1504 
152 I 79806381 1504 
153 I 79956486 1504 
154 I 80922177 1504 
155 I 81606726 1504 
156 I 82018530 1504 
157 I 82654758 1504 
158 I 83093311 1504 
159 I 83356690 1504 
160 I 84657552 1504 
161 I 84898565 1504 
162 I 85292228 1504 
163 I 85929346 1504 
164 I 86653730 1504 
165 I 87351294 1504 
166 I 87733391 1504 
167 I 89537776 1504 
168 I 89548115 1504 
169 I 89557166 1504 
170 I 89566834 1504 
171 I 89576641 1504 
172 I 89911588 1504 
173 I 92371629 1504 
174 I 92442085 1504 
175 I 92713871 1504 
176 I 93027116 1504 
177 I 93743451 1504 
178 I 93995185 1340 
179 I 97555844 1504 
180 I 97565364 1504 
181 I 97574869 1504 
182 I 97584624 1504 
183 I 97594468 1504 
184 I 99364326 1504 
185 I 99376290 1504 
186 I 99650386 1504 
187 I 99677906 1504 
188 I 100077763 1504 
189 I 100118181 1504 
190 I 100226510 1504 
191 I 102720556 1504 
192 I 103040545 1504 
193 I 103146083 1504 
194 I 103418825 1504 
195 I 103844129 1504 
196 I 104582535 1504 
197 I 106878597 1504 
198 I 107159909 1504 
199 I 107405102 1504 
200 I 107746190 1504 
201 I 108123802 1504 
202 I 108384977 1504 
203 I 110087685 1504 
204 I 110435086 1504 
205 I 110541410 1504 
206 I 111335697 1504 
207 I 111674754 1504 
208 I 111863010 1504 
209 I 114047036 1504 
210 I 114524265 1504 
211 I 115254112 1504 
212 I 115894167 1504 
213 I 116202786 1504 
214 I 117994404 1504 
215 I 118443948 1504 
216 I 120944866 1504 
217 I 120955747 1504 
218 I 120964028 1504 
219 I 120973713 1504 
220 I 120982996 1504 
221 I 121369701 1504 
222 I 123017518 1504 
223 I 123270382 1504 
224 I 123576073 1340 
225 I 123718859 1504 
226 I 127650110 1504 
227 I 127651666 1504 
228 I 127656136 1504 
229 I 127665806 1504 
230 I 127675859 1504 
231 I 130035090 1504 
232 I 130045771 1504 
233 I 130356248 1504 
234 I 130903987 1504 
235 I 131361774 1504 
236 I 131528366 1504 
237 I 133209722 1504 
238 I 133411306 1504 
239 I 133578319 1504 
240 I 133924314 1504 
241 I 134120342 1504 
242 I 134891282 1504 
243 I 136022429 1504 
244 I 136337519 1504 
245 I 136648004 1504 
246 I 136960463 1504 
247 I 137468006 1504 
248 I 138016232 1504 
249 I 138882175 1504 
250 I 139974422 1504 
251 I 140184730 1504 
252 I 140262260 1504 
253 I 140873687 1504 
254 I 141582455 1504 
255 I 142563638 1504 
256 I 142824385 1504 
257 I 143653966 1504 
258 I 144056302 1504 
259 I 144408484 1504 
260 I 146739556 1504 
261 I 147353701 1504 
262 I 147641127 1504 
263 I 147935112 1504 
264 I 147991187 1504 
265 I 149413565 1504 
266 I 150214396 1504 
267 I 150359081 1504 
268 I 150475347 1504 
269 I 150935724 1504 
270 I 151227216 1340 
271 I 154586137 1504 
272 I 154596696 1504 
273 I 154608102 1504 
274 I 154617372 1504 
275 I 154626089 1504 
276 I 156848154 1504 
277 I 156857882 1504 
278 I 157468878 1504 
279 I 157557927 1504 
280 I 157749158 1504 
281 I 158074457 1504 
282 I 160909348 1504 
283 I 161100593 1504 
284 I 163300221 1504 
285 I 166166283 1504 
286 I 167125611 1504 
287 I 171493513 1504 
288 I 171503715 1504 
289 I 171511216 1504 
290 I 171826635 1504 
291 I 175391161 1504 
292 I 175401031 1504 
293 I 175410198 1504 
294 I 175908544 1504 
295 I 179094166 1504 
296 I 179103578 1504 
297 I 179187778 1504 
298 I 179196397 1504 
299 I 181180572 1504 
300 I 182853836 1504 
301 I 182882072 1504 
302 I 182892280 1504 
303 I 182901631 1504 
304 I 182911696 1504 
305 I 184327621 1504 
306 I 185316916 1504 
307 I 185422817 1504 
308 I 185578352 1504 
309 I 185853649 1504 
310 I 186074830 1504 
311 I 188867675 1504 
312 I 188887244 1504 
313 I 188925636 1504 
314 I 189619902 1504 
315 I 189903832 1340 
316 I 193217396 1504 
317 I 193228947 1504 
318 I 193238661 1504 
319 I 193249782 1504 
320 I 193261110 1504 
321 I 195899428 1504 
322 I 195909724 1504 
323 I 196116475 1504 
324 I 196230921 1504 
325 I 196655382 1504 
326 I 197097343 1504 
327 I 200104601 1504 
328 I 200113541 1504 
329 I 200123187 1504 
330 I 200384902 1504 
331 I 200529972 1504 
332 I 200895162 1504 
333 I 204518852 1504 
334 I 204671066 1504 
335 I 204680601 1504 
336 I 204707451 1504 
337 I 205610568 1504 
338 I 206376795 1504 
339 I 209036380 1504 
340 I 209046396 1504 
341 I 209058149 1504 
342 I 209279299 1504 
343 I 210190799 1504 
344 I 214895855 1504 
345 I 214905723 1504 
346 I 214926721 1504 
347 I 214982546 1504 
348 I 214992702 1504 
349 I 219201406 1504 
350 I 219210647 1504 
351 I 222328246 1504 
352 I 222336942 1504 
353 I 222346951 1504 
354 I 222356508 1504 
355 I 222365595 1504 
356 I 222659880 1504 
357 I 224565441 1504 
358 I 224777426 1504 
359 I 225041568 1504 
360 I 225455735 1340 
361 I 230827790 1504 
362 I 230838610 1504 
363 I 230849038 1504 
364 I 230858932 1504 
365 I 230867916 1504 
366 I 232654758 1504 
367 I 232667132 1504 
368 I 233852189 1504 
369 I 235957281 1504 
370 I 236207468 1504 
371 I 238556594 1504 
372 I 238565979 1504 
373 I 238577999 1504 
374 I 239074657 1504 
375 I 242053367 1504 
376 I 242117535 1504 
377 I 242126904 1504 
378 I 242402968 1504 
379 I 242413636 1504 
380 I 242422301 1504 
381 I 242978526 1504 
382 I 245130662 1504 
383 I 245329093 1492 
384 I 245530205 1504 
385 I 245818840 1504 
386 I 246377532 1504 
387 I 246478169 1504 
388 I 246486818 1504 
389 I 247627109 1504 
390 I 247637690 1504 
391 I 249615993 1504 
392 I 249751734 1504 
393 I 250336849 1504 
394 I 250617222 1504 
395 I 250625994 1504 
396 I 250860333 1504 
397 I 250970902 1492 
398 I 251314567 1504 
399 I 251684752 1504 
400 I 255405757 1504 
401 I 255868640 1504 
402 I 256084853 1492 
403 I 256368854 1504 
404 I 256984759 1504 
405 I 257063738 1504 
406 I 257509920 1504 
407 I 257721039 1504 
408 I 261147800 1504 
409 I 261410312 1504 
410 I 261419973 1504 
411 I 261488397 1504 
412 I 262220709 1504 
413 I 262316255 1504 
414 I 262626961 1492 
415 I 263201425 1504 
416 I 263526550 1504 
417 I 266167219 1504 
418 I 266728990 1504 
419 I 266765047 1504 
420 I 266942490 1504 
421 I 267882095 1492 
422 I 268257897 1504 
423 I 268494478 1504 
424 I 268995046 1504 
425 I 271695473 1504 
426 I 271703965 1504 
427 I 272054482 1504 
428 I 272063289 1504 
429 I 272192796 1504 
430 I 272777702 1504 
431 I 272863549 1504 
432 I 273296790 1504 
433 I 273549323 1504 
434 I 273558833 1504 
435 I 273779384 1504 
436 I 274897401 1492 
437 I 275063310 1504 
438 I 275586162 1504 
439 I 276177285 1504 
440 I 276533705 1340 
441 I 278538931 1492 
442 I 279966078 1504 
443 I 280542728 1504 
444 I 280827396 1504 
445 I 281170222 1340 
446 I 281678981 1504 
447 I 281688357 1504 
448 I 281698211 1504 
449 I 282158706 1504 
450 I 283499527 1492 
451 I 284161237 1504 
452 I 284570448 1504 
453 I 285610603 1504 
454 I 285894471 1504 
455 I 285904236 1504 
456 I 286124594 1504 
457 I 286134457 1504 
458 I 286997322 1504 
459 I 287147556 1504 
460 I 287511249 1504 
461 I 287657856 1504 
462 I 287667753 1504 
463 I 288771565 1504 
464 I 289167123 1492 
465 I 289512178 1504 
466 I 290237582 1504 
467 I 290776644 1504 
468 I 290936889 1504 
469 I 291405178 1492 
470 I 291813923 1504 
471 I 292658244 1504 
472 I 293554930 1504 
473 I 294115220 1504 
474 I 294606167 1504 
475 I 295339711 1504 
476 I 295604380 1504 
477 I 295614482 1504 
478 I 295863262 1504 
479 I 296271273 1504 
480 I 296862661 1504 
481 I 297432712 1492 
482 I 297917257 1504 
483 I 298208578 1504 
484 I 298803968 1504 
485 I 299150872 1504 
486 I 299315581 1504 
487 I 299397333 1504 
