0 I 0 48 
1 I 603169 44 
2 I 892649 44 
3 I 894031 44 
4 I 899014 44 
5 I 913174 48 
6 I 1565091 44 
7 I 1863448 44 
8 I 2053849 44 
9 I 2167893 44 
10 I 2355819 44 
11 I 2359393 44 
12 I 2466328 44 
13 I 2656996 44 
14 I 2661260 44 
15 I 2766058 44 
16 I 2953040 44 
17 I 2959289 44 
18 I 3067855 44 
19 I 3072617 44 
20 I 6851441 48 
21 I 7462903 44 
22 I 7483188 44 
23 I 22614752 48 
24 I 23287381 44 
25 I 23292160 44 
26 I 23306587 48 
27 I 24050083 44 
28 I 24396652 44 
29 I 24569187 44 
30 I 24745615 44 
31 I 24871751 44 
32 I 24912228 44 
33 I 25100021 44 
34 I 25220732 44 
35 I 25271026 44 
36 I 25454160 44 
37 I 25578778 44 
38 I 25581250 44 
39 I 29966766 48 
40 I 30763469 44 
41 I 31156415 44 
42 I 31303347 44 
43 I 31559518 44 
44 I 31700428 44 
45 I 31803909 44 
46 I 31935421 44 
47 I 32075325 44 
48 I 32178576 44 
49 I 32315411 44 
50 I 32359446 44 
51 I 34959894 48 
52 I 35710092 44 
53 I 35714413 44 
54 I 35731145 48 
55 I 36519735 44 
56 I 36524856 44 
57 I 36534294 44 
58 I 36665541 48 
59 I 37393194 44 
60 I 37397280 44 
61 I 37402831 44 
62 I 49881077 48 
63 I 50699610 44 
64 I 50701608 44 
65 I 50717525 48 
66 I 51544245 44 
67 I 51935498 44 
68 I 52142687 44 
69 I 52333961 44 
70 I 52524906 44 
71 I 52555102 44 
72 I 52736995 44 
73 I 52925186 44 
74 I 52928547 44 
75 I 53062191 44 
76 I 61523082 48 
77 I 62298320 44 
78 I 62300605 44 
