0 I 0 52 
1 I 1505537 1504 
2 I 1511324 1504 
3 I 2952643 1504 
4 I 2958662 1504 
5 I 4573455 1504 
6 I 4579353 1504 
7 I 4585341 1504 
8 I 6153092 1504 
9 I 6199243 1504 
10 I 10845017 1504 
11 I 12311349 1504 
12 I 12317247 1504 
13 I 12323433 1504 
14 I 13863422 1504 
15 I 13869382 1504 
16 I 13876005 1504 
17 I 15345969 1504 
18 I 15351996 1504 
19 I 15358025 1504 
20 I 20409032 1369 
21 I 20603963 1504 
22 I 21690083 1504 
23 I 21696158 1504 
24 I 21956948 1504 
25 I 23348127 1504 
26 I 24666072 1504 
27 I 24672144 1504 
28 I 26263253 1504 
29 I 27558977 1504 
30 I 31160764 1504 
31 I 32023718 1504 
32 I 32029735 1504 
33 I 33075836 1504 
34 I 33081752 1504 
35 I 34006938 1504 
36 I 34012992 1504 
37 I 34990861 1504 
38 I 34996673 1504 
39 I 35002729 1504 
40 I 36099355 1504 
41 I 36105275 1504 
42 I 37020691 1504 
43 I 39886613 1504 
44 I 40994334 1504 
45 I 41000387 1504 
46 I 41968748 1504 
47 I 43090709 1504 
48 I 48800041 1504 
49 I 49912536 1504 
50 I 49918603 1504 
51 I 50938341 1504 
52 I 50944413 1504 
53 I 51766554 1504 
54 I 51772641 1504 
55 I 51778561 1504 
56 I 52757574 1504 
57 I 52760195 733 
58 I 53656412 44 
