0 I 0 56 
1 I 235647 62 
2 I 1170733 56 
3 I 1707639 56 
4 I 1790283 116 
5 I 2533939 456 
6 I 4092001 1456 
7 I 4765662 456 
8 I 5303376 668 
9 I 6002449 436 
10 I 6714799 116 
11 I 7432058 756 
12 I 8097198 116 
13 I 8823194 446 
14 I 10215939 446 
15 I 10965731 1456 
16 I 10990502 734 
17 I 11589745 841 
18 I 12450635 446 
19 I 13157606 816 
20 I 13914312 876 
21 I 14694399 146 
22 I 15461449 496 
23 I 16196534 446 
24 I 16865944 456 
25 I 17578571 786 
26 I 18254065 126 
27 I 18990572 776 
28 I 19714892 756 
29 I 20417294 1146 
30 I 21117606 466 
31 I 21787746 436 
32 I 22507401 446 
33 I 23215922 819 
34 I 23898984 446 
35 I 24618960 806 
36 I 25329843 806 
37 I 26010003 436 
38 I 26625504 746 
39 I 27225813 446 
40 I 27831146 476 
41 I 28511109 436 
42 I 29132499 446 
43 I 29745248 866 
44 I 30359106 796 
45 I 30950980 776 
46 I 31543800 446 
47 I 32153606 673 
48 I 32748555 1456 
49 I 32765958 130 
50 I 33276911 116 
51 I 34014523 674 
52 I 34659103 146 
53 I 34971203 78 
54 I 37725779 56 
