0 I 0 52 
1 I 219458 44 
2 I 3810349 44 
3 I 7039788 52 
4 I 7320358 44 
5 I 13020750 44 
6 I 13330176 44 
7 I 13519568 44 
8 I 13540857 44 
9 I 13769491 44 
10 I 14059971 44 
11 I 14069860 56 
12 I 14110049 56 
13 I 14230044 56 
14 I 14249486 44 
15 I 22939782 44 
16 I 23159921 44 
17 I 30829926 52 
18 I 31049640 44 
19 I 31610033 44 
20 I 32119697 44 
21 I 32349681 44 
22 I 32639967 44 
23 I 32759679 44 
24 I 32959678 44 
25 I 33199969 44 
26 I 33340368 44 
27 I 33510042 44 
28 I 34199935 44 
29 I 34219860 44 
30 I 34229694 44 
31 I 34659661 44 
32 I 34739885 44 
33 I 35010082 44 
34 I 35029722 44 
35 I 38370233 52 
36 I 38640073 44 
37 I 39569724 44 
38 I 39769718 44 
39 I 40229733 44 
40 I 40239740 44 
41 I 40310636 44 
42 I 40689705 44 
43 I 41099742 44 
44 I 41460090 44 
45 I 41599696 44 
46 I 41610311 44 
47 I 68779915 52 
48 I 69059928 44 
49 I 69910598 44 
50 I 70110292 44 
51 I 70461225 44 
52 I 70710681 44 
53 I 70859930 44 
54 I 70980352 44 
55 I 71210251 44 
56 I 71369880 44 
57 I 71519921 44 
58 I 71779914 44 
59 I 72110329 44 
60 I 72139986 44 
61 I 72580312 44 
62 I 72600266 44 
63 I 72689894 44 
64 I 72839896 44 
65 I 73019973 44 
66 I 73489937 44 
67 I 73830405 44 
68 I 73849936 44 
69 I 73869927 44 
70 I 217711392 52 
71 I 217990978 44 
72 I 218731192 44 
73 I 218930945 44 
74 I 219330964 44 
75 I 219363121 44 
76 I 219931004 44 
77 I 220331391 44 
78 I 220500977 44 
79 I 220831467 44 
80 I 221030940 44 
81 I 221201239 44 
82 I 221531014 44 
83 I 222131485 44 
84 I 222350978 44 
85 I 222480986 44 
86 I 222831611 44 
87 I 223031352 44 
88 I 223061642 44 
89 I 223330987 44 
90 I 223481605 44 
91 I 223941490 44 
92 I 223990931 44 
93 I 224241028 44 
94 I 224290974 44 
