0 I 0 52 
1 I 106121 44 
2 I 728770 44 
3 I 939419 44 
4 I 1099826 44 
5 I 1205942 44 
6 I 1311648 44 
7 I 1417918 44 
8 I 1474378 44 
9 I 1580285 44 
10 I 1634728 44 
11 I 1750844 44 
12 I 1783740 56 
13 I 1836939 44 
14 I 2383714 44 
15 I 2489640 44 
16 I 2595587 44 
17 I 2701568 44 
18 I 2790949 44 
19 I 2837404 44 
20 I 2911964 44 
21 I 3229849 44 
22 I 3335932 44 
23 I 3441925 44 
24 I 3567803 44 
25 I 3673780 44 
26 I 3796440 44 
27 I 4064654 44 
28 I 4187251 44 
29 I 4397606 44 
30 I 4518383 44 
31 I 4624426 44 
32 I 4730568 44 
33 I 4856516 44 
34 I 4962356 44 
35 I 5068333 44 
36 I 5212477 44 
37 I 5321488 44 
38 I 5429448 44 
39 I 5535444 44 
40 I 5646274 44 
41 I 5755811 44 
42 I 5870023 44 
43 I 5975991 44 
44 I 6080531 44 
45 I 6194758 44 
46 I 7494844 44 
47 I 7498135 44 
48 I 7706741 44 
49 I 7730067 56 
50 I 7784610 44 
