0 I 0 68 
1 I 19919 56 
2 I 22247 105 
3 I 22250 387 
4 I 22497 56 
5 I 42263 56 
6 I 12847811 68 
7 I 12868642 56 
8 I 12869974 469 
9 I 12870165 56 
10 I 12875178 68 
11 I 12890373 56 
12 I 12895025 56 
13 I 12897010 56 
14 I 12897016 551 
15 I 12917094 56 
16 I 20944169 68 
17 I 20969241 56 
18 I 20971335 469 
19 I 20971583 56 
20 I 20992084 56 
21 I 20992453 68 
22 I 21015878 56 
23 I 21017462 729 
24 I 21017925 56 
25 I 21041760 56 
26 I 23116181 68 
27 I 23138261 68 
28 I 23138642 56 
29 I 23140255 56 
30 I 23158669 56 
31 I 23159958 56 
32 I 23160631 56 
33 I 23160643 728 
34 I 23196663 56 
35 I 27853841 68 
36 I 27856434 68 
37 I 27874099 56 
38 I 27875791 56 
39 I 27875793 470 
40 I 27876106 56 
41 I 27879180 387 
42 I 27879202 392 
43 I 27879463 56 
44 I 27895784 56 
45 I 27899347 56 
46 I 38846182 68 
47 I 38866385 56 
48 I 38868054 469 
49 I 38868079 56 
50 I 38888359 56 
