0 I 0 64 
1 I 99772 64 
2 I 5845817 64 
3 I 6143776 64 
4 I 6363074 64 
5 I 6529394 64 
6 I 6716618 64 
7 I 7880873 64 
8 I 8843805 64 
9 I 9142190 64 
10 I 10036367 64 
11 I 11997072 64 
12 I 12002423 64 
13 I 14841721 64 
14 I 15140280 64 
15 I 15179707 64 
16 I 16979792 64 
17 I 18178508 64 
18 I 19979082 64 
19 I 22031482 64 
20 I 24092927 64 
21 I 24177336 64 
22 I 25030319 64 
23 I 25564886 64 
24 I 25977547 64 
25 I 26838169 64 
26 I 27137075 64 
27 I 27245161 64 
28 I 28494659 64 
29 I 28562947 64 
30 I 30012318 64 
31 I 30243538 64 
32 I 30356998 64 
33 I 30496284 64 
34 I 30522865 64 
35 I 31028406 64 
36 I 31493543 64 
37 I 31873932 64 
38 I 32622527 64 
39 I 33010195 64 
40 I 33299030 64 
41 I 33494753 64 
42 I 34029425 64 
43 I 34561214 64 
44 I 35620835 64 
45 I 35990470 64 
46 I 36174531 64 
47 I 36242338 64 
48 I 36297025 64 
49 I 37491817 64 
50 I 37973634 64 
51 I 39008624 64 
52 I 39492882 64 
53 I 41619582 64 
54 I 42294964 64 
55 I 43025124 64 
56 I 46557363 64 
57 I 47494964 64 
58 I 48238427 64 
59 I 49488209 64 
60 I 50494018 64 
61 I 50831760 64 
62 I 51005600 64 
63 I 51131502 64 
64 I 51272821 64 
65 I 51489651 64 
66 I 52860847 64 
67 I 53616157 64 
68 I 54272086 64 
69 I 54293628 64 
70 I 55859987 64 
71 I 56492365 64 
72 I 57719145 64 
73 I 58365032 64 
74 I 60167263 64 
75 I 60270404 64 
76 I 60717628 64 
77 I 61364028 64 
78 I 61858027 64 
79 I 61967515 64 
80 I 66715633 64 
81 I 67018572 64 
82 I 67362208 64 
83 I 68490703 64 
84 I 70550779 64 
85 I 70870571 64 
86 I 72231915 64 
87 I 72267123 64 
88 I 73481978 64 
89 I 73854540 64 
90 I 73868175 64 
91 I 74998990 64 
92 I 75396103 64 
93 I 75483025 64 
94 I 76020306 64 
95 I 76806107 64 
96 I 77576676 64 
97 I 77609380 64 
98 I 78117874 64 
99 I 78284848 64 
100 I 78394587 64 
101 I 78713013 64 
102 I 79019406 64 
103 I 79359566 64 
104 I 79806143 64 
105 I 79866569 64 
106 I 80575369 64 
107 I 81116323 64 
108 I 81152799 64 
109 I 82092092 64 
110 I 84150610 64 
111 I 84394541 64 
112 I 85017563 64 
113 I 85090325 64 
114 I 85802405 64 
115 I 86573706 64 
116 I 87114538 64 
117 I 88870184 64 
118 I 90148887 64 
119 I 91088315 64 
120 I 91706364 64 
121 I 91863630 64 
122 I 91869655 64 
123 I 92482436 64 
124 I 93495536 64 
125 I 93793668 64 
126 I 94704269 64 
127 I 96260476 64 
128 I 96389312 64 
129 I 96493035 64 
130 I 96791917 64 
131 I 97014061 64 
132 I 97799498 64 
133 I 97847991 64 
134 I 97867528 64 
135 I 97903744 64 
136 I 98570540 64 
137 I 99111539 64 
138 I 100702577 64 
139 I 100902124 64 
140 I 102145668 64 
141 I 102491077 64 
142 I 102497417 64 
143 I 102705975 64 
144 I 102789776 64 
145 I 103085849 64 
146 I 103352498 64 
147 I 105496507 64 
148 I 106900517 64 
149 I 109864079 64 
150 I 111494649 64 
151 I 112516744 64 
152 I 112699440 64 
153 I 114488023 64 
154 I 114786643 64 
155 I 115515674 64 
156 I 115856568 64 
157 I 118896840 64 
158 I 120383038 64 
159 I 121007662 64 
160 I 121483428 64 
161 I 121513710 64 
162 I 121792689 64 
163 I 122563657 64 
164 I 123104659 64 
165 I 123491342 64 
166 I 123923336 64 
167 I 124481203 64 
168 I 124980181 64 
169 I 126139159 64 
170 I 126922328 64 
171 I 127078214 64 
172 I 127978214 64 
173 I 130479656 64 
174 I 132366317 64 
175 I 132409739 64 
176 I 132712682 64 
177 I 132920443 64 
178 I 133510164 64 
179 I 133857721 64 
180 I 133976812 64 
181 I 135365053 64 
182 I 135408196 64 
183 I 135710647 64 
184 I 136694075 64 
185 I 138481602 64 
186 I 138780035 64 
187 I 141363607 64 
188 I 141406755 64 
189 I 141709465 64 
190 I 142476228 64 
191 I 142795963 64 
192 I 142890300 64 
193 I 144917140 64 
194 I 145794436 64 
195 I 145973251 64 
196 I 146935401 64 
197 I 147484507 64 
198 I 147701161 64 
199 I 148140439 64 
200 I 148584669 64 
201 I 149590956 64 
202 I 149933954 64 
203 I 150698837 64 
204 I 150914717 64 
205 I 151138263 64 
206 I 151583317 64 
207 I 151792152 64 
208 I 152588866 64 
209 I 153360008 64 
210 I 153403062 64 
211 I 153705770 64 
212 I 153912791 64 
213 I 155931647 64 
214 I 156697851 64 
215 I 156805210 64 
216 I 157136242 64 
217 I 157504007 64 
218 I 157581801 64 
219 I 158587280 64 
220 I 159803637 64 
221 I 159911593 64 
222 I 163788764 64 
223 I 164169044 64 
224 I 164655357 64 
225 I 165801981 64 
226 I 166469783 64 
227 I 167167147 64 
228 I 167651337 64 
229 I 167928459 64 
230 I 168693743 64 
231 I 168911536 64 
232 I 169132997 64 
233 I 169578124 64 
234 I 169966906 64 
235 I 170584211 64 
236 I 171907830 64 
237 I 173165479 64 
238 I 173530015 64 
239 I 173652053 64 
240 I 173670152 64 
241 I 176527540 64 
242 I 177353538 64 
243 I 177396360 64 
244 I 177699060 64 
245 I 177798786 64 
246 I 179573331 64 
247 I 182525861 64 
248 I 182570916 64 
249 I 183616356 64 
250 I 185161894 64 
251 I 185646094 64 
252 I 186614446 64 
253 I 187782267 64 
254 I 188569679 64 
255 I 191921721 64 
256 I 192613338 64 
257 I 192687765 64 
258 I 193126431 64 
259 I 193571463 64 
260 I 194522512 64 
261 I 194577489 64 
262 I 195901046 64 
263 I 196475987 64 
264 I 197202762 64 
265 I 198225014 64 
266 I 199474339 64 
267 I 200200987 64 
268 I 200565853 64 
269 I 201224090 64 
270 I 201792176 64 
271 I 201843125 64 
272 I 204609656 64 
273 I 204840051 64 
274 I 205398099 64 
275 I 205472861 64 
276 I 206199038 64 
277 I 207222732 64 
278 I 207796403 64 
279 I 208396305 64 
280 I 209155235 64 
281 I 209640790 64 
282 I 210796309 64 
283 I 210839589 64 
284 I 213478030 64 
285 I 214394388 64 
286 I 216475591 64 
287 I 216793974 64 
288 I 217469314 64 
289 I 218195867 64 
290 I 218516117 64 
291 I 219219036 64 
292 I 222474689 64 
293 I 222835080 64 
294 I 223050428 64 
295 I 224559505 64 
296 I 225027077 64 
297 I 225533214 64 
298 I 226047585 64 
299 I 226390975 64 
300 I 226807750 64 
301 I 228025112 64 
302 I 228531025 64 
303 I 228603057 64 
304 I 228790871 64 
305 I 229805874 64 
306 I 231085660 64 
307 I 231523472 64 
308 I 232045748 64 
309 I 234023482 64 
310 I 234084201 64 
311 I 234471228 64 
312 I 234521331 64 
313 I 234529108 64 
314 I 234988174 64 
315 I 235806518 64 
316 I 237774548 64 
317 I 237987203 64 
318 I 240082656 64 
319 I 240519745 64 
320 I 240773355 64 
321 I 241462770 64 
322 I 242189154 64 
323 I 243213021 64 
324 I 243893376 64 
325 I 243985865 64 
326 I 244042375 64 
327 I 246020128 64 
328 I 246526822 64 
329 I 246773060 64 
330 I 246828430 64 
331 I 246891081 64 
332 I 247801042 64 
333 I 250384612 64 
334 I 252079337 64 
335 I 252518480 64 
336 I 252783879 64 
337 I 252889261 64 
338 I 255982344 64 
339 I 256937100 64 
340 I 258464174 64 
341 I 258768800 64 
342 I 259401514 64 
343 I 259890896 64 
344 I 259937041 64 
345 I 261356336 64 
346 I 262400456 64 
347 I 262888915 64 
348 I 263423431 64 
349 I 264355399 64 
350 I 264886075 64 
351 I 265934775 64 
352 I 266420842 64 
353 I 268035788 64 
354 I 268282456 64 
355 I 268398821 64 
356 I 268887036 64 
357 I 270013565 64 
358 I 270353266 64 
359 I 270519272 64 
360 I 271280821 64 
361 I 271795404 64 
362 I 272419451 64 
363 I 273674002 64 
364 I 275176946 64 
365 I 276072488 64 
366 I 276509928 64 
367 I 276672100 64 
368 I 277279911 64 
369 I 277816986 64 
370 I 277931743 64 
371 I 278175416 64 
372 I 279782072 64 
373 I 279975714 64 
374 I 280395763 64 
375 I 280815255 64 
376 I 280883573 64 
377 I 282350103 64 
378 I 282670491 64 
379 I 282761971 64 
380 I 282779643 64 
381 I 283969863 64 
382 I 284175021 64 
383 I 284416209 64 
384 I 286813667 64 
385 I 286968036 64 
386 I 287263816 64 
387 I 288778209 64 
388 I 288879465 64 
389 I 289087531 64 
390 I 289276032 64 
391 I 290084932 64 
392 I 290262073 64 
393 I 292085853 64 
394 I 292966330 64 
395 I 293083328 64 
396 I 294667155 64 
397 I 295911341 64 
398 I 296170586 64 
399 I 296210012 64 
400 I 296260644 64 
401 I 298083853 64 
