0 I 0 52 
1 I 621964 52 
2 I 1200135 52 
3 I 1820882 52 
4 I 20201245 52 
5 I 20800987 52 
6 I 21422155 52 
7 I 22020246 52 
8 I 60325065 52 
9 I 60926506 52 
10 I 61524841 52 
11 I 62124913 52 
12 I 80444765 52 
13 I 81024693 52 
14 I 81621361 52 
15 I 82221086 52 
16 I 120521530 52 
17 I 121120847 52 
18 I 121725286 52 
19 I 122326092 52 
20 I 140554987 52 
21 I 141106300 52 
22 I 141706322 52 
23 I 142330131 52 
24 I 180680921 52 
25 I 181340125 52 
26 I 181941293 52 
27 I 182540999 52 
28 I 200790194 52 
29 I 201430393 52 
30 I 202030875 52 
31 I 202619889 52 
32 I 240936230 52 
33 I 241534862 52 
34 I 242155108 52 
35 I 242740602 52 
36 I 261050326 52 
37 I 261630685 52 
38 I 262230986 52 
