0 I 0 44 
1 I 5029349 44 
2 I 9953266 44 
3 I 14984635 44 
4 I 20016242 44 
5 I 24940124 44 
6 I 29969441 44 
7 I 35000870 44 
8 I 40030299 44 
9 I 44954320 44 
10 I 49984959 44 
11 I 55017114 44 
12 I 59938900 44 
13 I 64970700 44 
14 I 70001961 44 
15 I 75031353 44 
16 I 80078047 44 
17 I 84986769 44 
18 I 90018073 44 
19 I 94940025 44 
20 I 99971577 44 
21 I 105002810 44 
22 I 110032626 44 
23 I 114956364 44 
24 I 119987782 44 
25 I 125019399 44 
26 I 129941622 44 
27 I 134972710 44 
28 I 140004104 44 
29 I 145033445 44 
30 I 149957499 44 
31 I 154988315 44 
32 I 160020233 44 
33 I 164942073 44 
34 I 169973803 44 
35 I 175005161 44 
36 I 180034832 44 
37 I 184958735 44 
38 I 189989649 44 
39 I 195021447 44 
40 I 199943088 44 
41 I 204974890 44 
42 I 210006127 44 
43 I 215035459 44 
44 I 219958807 44 
45 I 224990364 44 
46 I 230022206 44 
47 I 234944064 44 
48 I 239975821 44 
49 I 245007187 44 
50 I 250036726 44 
51 I 254960639 44 
52 I 259992181 44 
53 I 265023432 44 
54 I 269945253 44 
55 I 274976883 44 
56 I 280008308 44 
57 I 285037629 44 
58 I 289961799 44 
59 I 294993108 44 
