0 I 0 66 
1 I 79159 64 
2 I 243200 64 
3 I 322370 64 
4 I 401417 64 
5 I 401422 64 
6 I 495212 64 
7 I 574285 64 
8 I 574290 64 
9 I 574436 64 
10 I 653406 64 
11 I 653411 64 
12 I 653558 64 
13 I 653598 64 
14 I 653740 64 
15 I 732492 64 
16 I 732496 64 
17 I 732500 64 
18 I 732504 64 
19 I 732707 64 
20 I 732711 64 
21 I 732716 64 
22 I 818693 64 
23 I 2344440 66 
24 I 2423641 64 
25 I 2544844 64 
26 I 2624070 64 
27 I 2624074 64 
28 I 2703134 64 
29 I 2703280 64 
30 I 2703285 64 
31 I 2782368 64 
32 I 2782373 64 
33 I 2782457 64 
34 I 2782462 64 
35 I 2861527 64 
36 I 2861532 64 
37 I 2861536 64 
38 I 2861540 64 
39 I 2861657 64 
40 I 2940753 64 
41 I 2940757 64 
42 I 2940761 64 
43 I 2940765 64 
44 I 2940900 64 
45 I 2940905 64 
46 I 2940909 64 
47 I 2941148 64 
48 I 3020026 64 
49 I 3020031 64 
50 I 3020035 64 
51 I 3020039 64 
52 I 3021314 64 
53 I 54221065 66 
54 I 54300511 64 
55 I 54388237 64 
56 I 54467390 64 
57 I 54467434 64 
58 I 54546971 64 
59 I 54546976 64 
60 I 54546980 64 
61 I 54626373 64 
62 I 54626378 64 
63 I 54626383 64 
64 I 54626413 64 
65 I 54705525 64 
66 I 54705530 64 
67 I 54705534 64 
68 I 54705539 64 
69 I 54705542 64 
70 I 54705682 64 
71 I 54784566 64 
72 I 54784571 64 
73 I 54784680 64 
74 I 54784685 64 
75 I 54784831 64 
76 I 54784842 64 
77 I 54784846 64 
78 I 54784850 64 
79 I 54785353 64 
80 I 54863701 64 
81 I 54863892 64 
82 I 54863897 64 
83 I 54863901 64 
84 I 54864017 64 
85 I 54864045 64 
86 I 54864050 64 
87 I 54864181 64 
88 I 54864185 64 
89 I 54864189 64 
90 I 54864193 64 
91 I 54864403 64 
92 I 54864407 64 
93 I 54942946 64 
94 I 54943101 64 
95 I 54943106 64 
96 I 54943188 64 
97 I 54943220 64 
98 I 54944712 64 
99 I 55607245 66 
100 I 55686284 64 
101 I 55780542 64 
102 I 55859713 64 
103 I 55945893 64 
104 I 56025079 64 
105 I 56025084 64 
106 I 56104268 64 
107 I 56104272 64 
108 I 56104276 64 
109 I 56104280 64 
110 I 56183379 64 
111 I 56183384 64 
112 I 56183388 64 
113 I 56183433 64 
114 I 56183608 64 
115 I 56184859 64 
