0 I 0 66 
1 I 81966 64 
2 I 480467 64 
3 I 480769 64 
4 I 562215 64 
5 I 562537 64 
6 I 562728 64 
7 I 1223329 66 
8 I 1304966 64 
9 I 1740048 64 
10 I 1740053 64 
11 I 1821768 64 
12 I 1821902 64 
13 I 1822192 64 
14 I 2053116 66 
15 I 2135098 64 
16 I 2586113 64 
17 I 2667754 64 
18 I 2749664 64 
19 I 2749786 64 
20 I 2750097 64 
21 I 3153197 66 
22 I 3235017 64 
23 I 3604967 64 
24 I 3686871 64 
25 I 3768744 64 
26 I 3768749 64 
27 I 3768753 64 
28 I 3768881 64 
29 I 3857479 66 
30 I 3939462 64 
31 I 4393950 64 
32 I 4394210 64 
33 I 4475842 64 
34 I 4475993 64 
35 I 4557739 64 
36 I 4729610 66 
37 I 4811512 64 
38 I 5200469 64 
39 I 5282432 64 
40 I 5364370 64 
41 I 5364625 64 
42 I 5418989 66 
43 I 5500898 64 
44 I 6382576 64 
45 I 6464484 64 
46 I 6464488 64 
47 I 6546279 64 
48 I 6546283 64 
49 I 6546556 64 
50 I 6661231 66 
51 I 6742950 64 
52 I 7208375 64 
53 I 7290372 64 
54 I 7290662 64 
55 I 7372349 64 
56 I 7372354 64 
57 I 7372732 64 
58 I 7497358 66 
59 I 7579183 64 
60 I 8055545 64 
61 I 8055550 64 
62 I 8137204 64 
63 I 8137458 64 
64 I 8137463 64 
65 I 8219086 64 
66 I 8364243 66 
67 I 8445925 64 
68 I 8805142 64 
69 I 8805147 64 
70 I 8886958 64 
71 I 8886963 64 
72 I 8968879 64 
73 I 9010463 66 
74 I 9092424 64 
75 I 9462327 64 
76 I 9462428 64 
77 I 9544345 64 
78 I 9544371 64 
79 I 9544437 64 
80 I 9544649 64 
81 I 9577411 66 
82 I 9659205 64 
83 I 10097689 64 
84 I 10179403 64 
85 I 10261074 64 
86 I 10261268 64 
87 I 10261489 64 
88 I 10349365 66 
89 I 10431234 64 
90 I 10796123 64 
91 I 10877941 64 
92 I 10959626 64 
93 I 10959745 64 
94 I 10959750 64 
95 I 10960004 64 
96 I 11114827 66 
97 I 11196583 64 
98 I 12122692 64 
99 I 12122989 64 
100 I 12123171 64 
101 I 12204873 64 
102 I 12204878 64 
103 I 12205110 64 
104 I 12340642 66 
105 I 12422530 64 
106 I 13326145 64 
107 I 13337474 64 
108 I 13337620 64 
109 I 13407961 64 
110 I 13419308 64 
111 I 13419409 64 
112 I 13419668 64 
113 I 13653305 66 
114 I 13735033 64 
115 I 14160536 64 
116 I 14242600 64 
117 I 14324517 64 
118 I 14324522 64 
119 I 14324790 64 
120 I 14434066 66 
121 I 14515877 64 
122 I 15673445 64 
123 I 15683347 64 
124 I 15683631 64 
125 I 15755391 64 
126 I 15765092 64 
127 I 15765325 64 
128 I 15856471 66 
129 I 15938290 64 
130 I 16352255 64 
131 I 16355912 64 
132 I 16434315 64 
133 I 16437484 64 
134 I 16437644 64 
135 I 16516297 64 
136 I 16516302 64 
137 I 16684476 66 
138 I 16766019 64 
139 I 17216313 64 
140 I 17216318 64 
141 I 17298000 64 
142 I 17298295 64 
143 I 17379730 64 
144 I 17379879 64 
145 I 80620877 66 
146 I 80702673 64 
147 I 81900288 64 
148 I 81910913 64 
149 I 81911055 64 
150 I 81911485 64 
151 I 81982105 64 
152 I 81992853 64 
153 I 81993068 64 
154 I 101014938 66 
155 I 101096709 64 
156 I 101871009 64 
157 I 101871193 64 
158 I 101952859 64 
159 I 101953030 64 
160 I 106043594 66 
161 I 106125429 64 
162 I 106486804 64 
163 I 106568520 64 
164 I 106650203 64 
165 I 106650363 64 
166 I 106650518 64 
167 I 108259482 66 
168 I 108341193 64 
169 I 108744741 64 
170 I 108826495 64 
171 I 108826774 64 
172 I 108908346 64 
173 I 108908350 64 
174 I 108908591 64 
175 I 130154241 66 
176 I 130236086 64 
177 I 130666624 64 
178 I 130666936 64 
179 I 130748356 64 
180 I 130748505 64 
181 I 130748618 64 
182 I 130748890 64 
183 I 138267898 66 
184 I 138349595 64 
185 I 138745348 64 
186 I 138745439 64 
187 I 138827273 64 
188 I 138856498 64 
189 I 138909038 64 
190 I 138909200 64 
191 I 139968273 66 
192 I 140050583 64 
193 I 140425887 64 
194 I 140426082 64 
195 I 140507945 64 
196 I 140508146 64 
197 I 140508353 64 
198 I 141567978 66 
199 I 141649830 64 
200 I 143536513 64 
201 I 143547814 64 
202 I 143548188 64 
203 I 143618646 64 
204 I 143630060 64 
205 I 143630299 64 
206 I 143669370 66 
207 I 143751115 64 
208 I 144225541 64 
209 I 144307403 64 
210 I 144389862 64 
211 I 144389868 64 
212 I 144389871 64 
213 I 144390137 64 
214 I 144403930 66 
215 I 144485801 64 
216 I 144865315 64 
217 I 144948878 64 
218 I 145032751 64 
219 I 145032756 64 
220 I 145032760 64 
221 I 145032960 64 
222 I 145127969 66 
223 I 145209840 64 
224 I 145655551 64 
225 I 145655556 64 
226 I 145737460 64 
227 I 145737464 64 
228 I 145737579 64 
229 I 145737748 64 
230 I 145749073 66 
231 I 145830988 64 
232 I 146302499 64 
233 I 146384744 64 
234 I 146384885 64 
235 I 146466645 64 
236 I 146466890 64 
237 I 146600328 66 
238 I 146682179 64 
239 I 147133496 64 
240 I 147133612 64 
241 I 147215248 64 
242 I 147215253 64 
243 I 147215368 64 
244 I 147297147 64 
245 I 147429509 66 
246 I 147511388 64 
247 I 147944783 64 
248 I 148026554 64 
249 I 148108899 64 
250 I 148108904 64 
251 I 148109142 64 
252 I 148233106 66 
253 I 148314798 64 
254 I 148712885 64 
255 I 148713139 64 
256 I 148794719 64 
257 I 148794898 64 
258 I 148876602 64 
259 I 148906878 66 
260 I 148988729 64 
261 I 149389597 64 
262 I 149471418 64 
263 I 149553219 64 
264 I 149553224 64 
265 I 149553501 64 
266 I 149721763 66 
267 I 149803360 64 
268 I 150253850 64 
269 I 150254028 64 
270 I 150335843 64 
271 I 150336040 64 
272 I 150417608 64 
273 I 150417882 64 
274 I 150517878 66 
275 I 150599734 64 
276 I 151013114 64 
277 I 151094858 64 
278 I 151095054 64 
279 I 151176843 64 
280 I 151176848 64 
281 I 151341147 66 
282 I 151422934 64 
283 I 151942453 64 
284 I 151942458 64 
285 I 152024171 64 
286 I 152024398 64 
287 I 152105878 64 
288 I 152106102 64 
289 I 152138582 66 
290 I 152220454 64 
291 I 152593621 64 
292 I 152593750 64 
293 I 152675457 64 
294 I 152675555 64 
295 I 152675641 64 
296 I 152675899 64 
297 I 152748627 66 
298 I 152830486 64 
299 I 153308377 64 
300 I 153390211 64 
301 I 153472076 64 
302 I 153472081 64 
303 I 153472271 64 
304 I 153571216 66 
305 I 153653015 64 
306 I 154756451 64 
307 I 154767293 64 
308 I 154767531 64 
309 I 154838170 64 
310 I 154848972 64 
311 I 154849280 64 
312 I 154997886 66 
313 I 155079769 64 
314 I 155480299 64 
315 I 155562019 64 
316 I 155644316 64 
317 I 155644362 64 
318 I 155644367 64 
319 I 155644653 64 
320 I 155795253 66 
321 I 155876822 64 
322 I 156295308 64 
323 I 156377367 64 
324 I 156459220 64 
325 I 156459225 64 
326 I 156541202 64 
327 I 156541207 64 
328 I 156623062 64 
329 I 156623067 64 
330 I 156623252 64 
331 I 156623858 64 
332 I 156799497 66 
333 I 156881248 64 
334 I 157385213 64 
335 I 157385376 64 
336 I 157467040 64 
337 I 157467045 64 
338 I 157467162 64 
339 I 157548913 64 
340 I 157638025 66 
341 I 157719688 64 
342 I 158830022 64 
343 I 158839861 64 
344 I 158840100 64 
345 I 158911752 64 
346 I 158921617 64 
347 I 158921764 64 
348 I 158921970 64 
349 I 159124916 66 
350 I 159206772 64 
351 I 159659334 64 
352 I 159659373 64 
353 I 159741355 64 
354 I 159741359 64 
355 I 159823005 64 
356 I 159823250 64 
357 I 159922731 66 
358 I 160004529 64 
359 I 160424379 64 
360 I 160506121 64 
361 I 160587878 64 
362 I 160587882 64 
363 I 160587886 64 
364 I 160588213 64 
365 I 160753464 66 
366 I 160835390 64 
367 I 161268700 64 
368 I 161350524 64 
369 I 161432335 64 
370 I 161432396 64 
371 I 161432421 64 
372 I 161432621 64 
373 I 161563274 66 
374 I 161645203 64 
375 I 162052334 64 
376 I 162052339 64 
377 I 162134086 64 
378 I 162134222 64 
379 I 162216290 64 
380 I 162360092 66 
381 I 162441901 64 
382 I 162827402 64 
383 I 162909357 64 
384 I 162991142 64 
385 I 162991146 64 
386 I 162991150 64 
387 I 162991480 64 
388 I 163172906 66 
389 I 163254654 64 
390 I 163621520 64 
391 I 163621525 64 
392 I 163703528 64 
393 I 163703687 64 
394 I 163703862 64 
395 I 163703989 64 
396 I 163782275 66 
397 I 163863848 64 
398 I 165466388 64 
399 I 165473561 64 
400 I 165473643 64 
401 I 165473928 64 
402 I 165548136 64 
403 I 165555166 64 
404 I 165555557 64 
405 I 165610307 66 
406 I 165692014 64 
407 I 166117093 64 
408 I 166117156 64 
409 I 166198707 64 
410 I 166198819 64 
411 I 166199016 64 
412 I 166199139 64 
413 I 166231773 66 
414 I 166313605 64 
415 I 166723979 64 
416 I 166724070 64 
417 I 166805766 64 
418 I 166805771 64 
419 I 166805960 64 
420 I 166806099 64 
421 I 319268214 66 
422 I 319350176 64 
423 I 319825830 64 
424 I 319825878 64 
425 I 319907555 64 
426 I 319907814 64 
427 I 319907819 64 
428 I 319989562 64 
429 I 320414236 66 
430 I 320495913 64 
431 I 320916174 64 
432 I 320916299 64 
433 I 320998276 64 
434 I 320998391 64 
435 I 321080246 64 
436 I 321245744 66 
437 I 321328039 64 
438 I 321707359 64 
439 I 321707556 64 
440 I 321789467 64 
441 I 321789471 64 
442 I 321871193 64 
443 I 321871427 64 
444 I 321893373 66 
445 I 321975729 64 
446 I 323999268 64 
447 I 323999470 64 
448 I 324081154 64 
449 I 324081488 64 
450 I 324081801 64 
451 I 324307152 66 
452 I 324389279 64 
453 I 324766154 64 
454 I 324847952 64 
455 I 324929807 64 
456 I 324929929 64 
457 I 324929934 64 
458 I 324930161 64 
459 I 325060957 66 
460 I 325143025 64 
461 I 325630984 64 
462 I 325630990 64 
463 I 325712884 64 
464 I 325713026 64 
465 I 325713222 64 
466 I 325951508 66 
467 I 326033377 64 
468 I 326415617 64 
469 I 326415771 64 
470 I 326497391 64 
471 I 326497573 64 
472 I 326497668 64 
473 I 326543362 66 
474 I 326625312 64 
475 I 327563779 64 
476 I 327575867 64 
477 I 327645498 64 
478 I 327657651 64 
479 I 327657680 64 
480 I 327657817 64 
481 I 327813565 66 
482 I 327895231 64 
483 I 329739215 64 
484 I 329746194 64 
485 I 329746391 64 
486 I 329821006 64 
487 I 329828189 64 
488 I 329828468 64 
489 I 329828688 64 
490 I 329880272 66 
491 I 329961985 64 
492 I 331074705 64 
493 I 331086718 64 
494 I 331086939 64 
495 I 331086995 64 
496 I 331156601 64 
497 I 331168513 64 
498 I 331169102 64 
499 I 331292636 66 
500 I 331374756 64 
501 I 331797689 64 
502 I 331797868 64 
503 I 331879729 64 
504 I 331879845 64 
505 I 331962484 64 
506 I 331962670 64 
507 I 332094415 66 
508 I 332176151 64 
509 I 332637281 64 
510 I 332637566 64 
511 I 332719023 64 
512 I 332719243 64 
513 I 332719380 64 
514 I 332719511 64 
515 I 332905468 66 
516 I 332987264 64 
517 I 333369900 64 
518 I 333370269 64 
519 I 333451982 64 
520 I 333452101 64 
521 I 333533786 64 
522 I 333533995 64 
523 I 333718131 66 
524 I 333800012 64 
525 I 334196248 64 
526 I 334196409 64 
527 I 334278212 64 
528 I 334278286 64 
529 I 334278437 64 
530 I 334278733 64 
531 I 334329333 66 
532 I 334411173 64 
533 I 335361084 64 
534 I 335361089 64 
535 I 335361229 64 
536 I 335442894 64 
537 I 335442899 64 
538 I 335443347 64 
539 I 335559706 66 
540 I 335641625 64 
541 I 336045951 64 
542 I 336046109 64 
543 I 336127903 64 
544 I 336127908 64 
545 I 336209655 64 
546 I 336209993 64 
547 I 336373336 66 
548 I 336455394 64 
549 I 336835842 64 
550 I 336917754 64 
551 I 336999434 64 
552 I 336999589 64 
553 I 336999619 64 
554 I 336999854 64 
555 I 337171185 66 
556 I 337253318 64 
