0 I 0 64 
1 I 393 64 
2 I 574 64 
3 I 81766 64 
4 I 81794 64 
5 I 82275 64 
6 I 82453 64 
7 I 231167 66 
8 I 313670 64 
9 I 816917 64 
10 I 898665 64 
11 I 980398 64 
12 I 980538 64 
13 I 980850 64 
14 I 1088712 66 
15 I 1170348 64 
16 I 1551373 64 
17 I 1633118 64 
18 I 1633144 64 
19 I 1715103 64 
20 I 1715254 64 
21 I 1918218 66 
22 I 1999866 64 
23 I 2351807 64 
24 I 2351914 64 
25 I 2433845 64 
26 I 2434129 64 
27 I 2434149 64 
28 I 2515877 64 
29 I 2550201 66 
30 I 2631923 64 
31 I 3026829 64 
32 I 3108822 64 
33 I 3190694 64 
34 I 3190700 64 
35 I 3190903 64 
36 I 3329806 66 
37 I 3411449 64 
38 I 3816187 64 
39 I 3898084 64 
40 I 3979875 64 
41 I 3980230 64 
42 I 4167641 66 
43 I 4249205 64 
44 I 4657495 64 
45 I 4657654 64 
46 I 4739307 64 
47 I 4739448 64 
48 I 4821166 64 
49 I 4979986 66 
50 I 5061816 64 
51 I 5435333 64 
52 I 5516979 64 
53 I 5517189 64 
54 I 5598889 64 
55 I 5599167 64 
56 I 5743340 66 
57 I 5824985 64 
58 I 6223445 64 
59 I 6305078 64 
60 I 6305265 64 
61 I 6386989 64 
62 I 6386993 64 
63 I 6387305 64 
64 I 6578826 66 
65 I 6660379 64 
66 I 7042963 64 
67 I 7043123 64 
68 I 7124663 64 
69 I 7124825 64 
70 I 7206346 64 
71 I 7206836 64 
72 I 7388938 66 
73 I 7470499 64 
74 I 7877048 64 
75 I 7958819 64 
76 I 7958824 64 
77 I 8040464 64 
78 I 8040754 64 
79 I 8225292 66 
80 I 8307078 64 
81 I 8713735 64 
82 I 8713999 64 
83 I 8795549 64 
84 I 8795628 64 
85 I 8795999 64 
86 I 9004922 66 
87 I 9086616 64 
88 I 9560615 64 
89 I 9642583 64 
90 I 9724401 64 
91 I 9724541 64 
92 I 9724686 64 
93 I 9809059 66 
94 I 9890823 64 
95 I 10318005 64 
96 I 10318133 64 
97 I 10399970 64 
98 I 10399975 64 
99 I 10481558 64 
100 I 10481768 64 
101 I 10703084 66 
102 I 10784932 64 
103 I 11186135 64 
104 I 11268085 64 
105 I 11350231 64 
106 I 11350371 64 
107 I 11517635 66 
108 I 11599451 64 
109 I 12061797 64 
110 I 12143471 64 
111 I 12143597 64 
112 I 12225356 64 
113 I 12225569 64 
114 I 12351776 66 
115 I 12433537 64 
116 I 13389696 64 
117 I 13401422 64 
118 I 13401785 64 
119 I 13471478 64 
120 I 13483651 64 
121 I 13483667 64 
122 I 13483931 64 
123 I 13547148 66 
124 I 13628775 64 
125 I 13997798 64 
126 I 14079609 64 
127 I 14161327 64 
128 I 14161435 64 
129 I 14161678 64 
130 I 14363228 66 
131 I 14444967 64 
132 I 14967110 64 
133 I 14967204 64 
134 I 15048782 64 
135 I 15048852 64 
136 I 15049164 64 
137 I 15164125 66 
138 I 15245885 64 
139 I 15624925 64 
140 I 15706748 64 
141 I 15706753 64 
142 I 15788711 64 
143 I 15788996 64 
144 I 16014609 66 
145 I 16096364 64 
146 I 16510427 64 
147 I 16592173 64 
148 I 16674018 64 
149 I 16674121 64 
150 I 16674125 64 
151 I 16674512 64 
152 I 138147648 66 
153 I 138229420 64 
154 I 138667444 64 
155 I 138749206 64 
156 I 138830947 64 
157 I 138830952 64 
158 I 138831171 64 
159 I 139386836 66 
160 I 139468519 64 
161 I 139889998 64 
162 I 139890199 64 
163 I 139972767 64 
164 I 139972873 64 
165 I 139972954 64 
166 I 139973505 64 
167 I 140446673 66 
168 I 140529138 64 
169 I 140899889 64 
170 I 140899978 64 
171 I 140982607 64 
172 I 140982822 64 
173 I 140982827 64 
174 I 140999320 64 
175 I 145738792 64 
176 I 145913250 66 
177 I 145995017 64 
178 I 146400036 64 
179 I 146400041 64 
180 I 146481935 64 
181 I 146481939 64 
182 I 146563813 64 
183 I 146749372 66 
184 I 146831322 64 
185 I 147249539 64 
186 I 147331484 64 
187 I 147331489 64 
188 I 147413602 64 
189 I 147505199 66 
190 I 147586960 64 
191 I 149090655 64 
192 I 149090781 64 
193 I 149090873 64 
194 I 149172419 64 
195 I 149172587 64 
196 I 149172863 64 
197 I 149372989 66 
198 I 149454969 64 
199 I 151053035 64 
200 I 151065145 64 
201 I 151065150 64 
202 I 151065290 64 
203 I 151135251 64 
204 I 151146991 64 
205 I 151147209 64 
206 I 151172897 66 
207 I 151254533 64 
208 I 153041734 64 
209 I 153042138 64 
210 I 153042262 64 
211 I 153123691 64 
212 I 153123972 64 
213 I 153124146 64 
214 I 153180381 66 
215 I 153262478 64 
216 I 153685450 64 
217 I 153685674 64 
218 I 153767409 64 
219 I 153767434 64 
220 I 153767555 64 
221 I 153767559 64 
222 I 153792021 66 
223 I 153873752 64 
224 I 153960974 64 
225 I 153961026 64 
226 I 153961415 64 
227 I 154042720 64 
228 I 154043302 64 
229 I 154043567 64 
230 I 154211879 66 
231 I 154293716 64 
232 I 154802077 64 
233 I 154802329 64 
234 I 154883954 64 
235 I 154883975 64 
236 I 154884353 64 
237 I 155000463 66 
238 I 155082353 64 
239 I 155543209 64 
240 I 155624932 64 
241 I 155706595 64 
242 I 155706677 64 
243 I 155707057 64 
244 I 155821032 66 
245 I 155902724 64 
246 I 156347706 64 
247 I 156395195 64 
248 I 156429525 64 
249 I 156476928 64 
250 I 156511303 64 
251 I 156511592 64 
252 I 156693495 66 
253 I 156775170 64 
254 I 157292593 64 
255 I 157292598 64 
256 I 157374285 64 
257 I 157456019 64 
258 I 157456299 64 
259 I 157478865 66 
260 I 157560563 64 
261 I 158677765 64 
262 I 158693050 64 
263 I 158693154 64 
264 I 158693294 64 
265 I 158759693 64 
266 I 158774819 64 
267 I 158775153 64 
268 I 158917548 66 
269 I 158999180 64 
270 I 159402767 64 
271 I 159402772 64 
272 I 159484820 64 
273 I 159484942 64 
274 I 159485216 64 
275 I 159512797 66 
276 I 159594465 64 
277 I 160010323 64 
278 I 160092053 64 
279 I 160092227 64 
280 I 160173788 64 
281 I 160173967 64 
282 I 160310150 66 
283 I 160391832 64 
284 I 162054469 64 
285 I 162065577 64 
286 I 162065679 64 
287 I 162065847 64 
288 I 162136216 64 
289 I 162147360 64 
290 I 162147681 64 
291 I 162348674 66 
292 I 162430461 64 
293 I 162889391 64 
294 I 162971237 64 
295 I 163052856 64 
296 I 163053013 64 
297 I 163053270 64 
298 I 163147693 66 
299 I 163229584 64 
300 I 163752925 64 
301 I 163834694 64 
302 I 163916788 64 
303 I 163916941 64 
304 I 163917191 64 
305 I 163964627 66 
306 I 164046259 64 
307 I 165393776 64 
308 I 165475441 64 
309 I 165475447 64 
310 I 165557245 64 
311 I 165557394 64 
312 I 165557399 64 
313 I 165638914 64 
314 I 165639244 64 
315 I 165639466 64 
316 I 165639471 64 
317 I 165720673 64 
318 I 165721465 64 
319 I 165787795 66 
320 I 165869620 64 
321 I 166232213 64 
322 I 166232218 64 
323 I 166314048 64 
324 I 166314052 64 
325 I 166314389 64 
326 I 166442119 66 
327 I 166523745 64 
328 I 166888043 64 
329 I 166888263 64 
330 I 166970084 64 
331 I 166970089 64 
332 I 166970127 64 
333 I 167223280 64 
334 I 167703670 64 
335 I 167703871 64 
336 I 259220966 66 
337 I 259302768 64 
338 I 259691056 64 
339 I 259691300 64 
340 I 259772710 64 
341 I 259773118 64 
342 I 259854843 64 
343 I 270987021 66 
344 I 271068828 64 
345 I 271714693 64 
346 I 271796521 64 
347 I 271878324 64 
348 I 271878330 64 
349 I 271878334 64 
350 I 271878520 64 
351 I 278155684 66 
352 I 278237332 64 
353 I 279235984 64 
354 I 279235989 64 
355 I 279236348 64 
356 I 279317637 64 
357 I 279317847 64 
358 I 279318204 64 
359 I 281731857 66 
360 I 281813615 64 
361 I 282226497 64 
362 I 282308284 64 
363 I 282389954 64 
364 I 282390150 64 
365 I 282390304 64 
366 I 283311261 66 
367 I 283393032 64 
368 I 283890356 64 
369 I 283972175 64 
370 I 283972354 64 
371 I 284054015 64 
372 I 284054166 64 
373 I 284181117 66 
374 I 284263178 64 
375 I 284732794 64 
376 I 284732798 64 
377 I 284814561 64 
378 I 284814735 64 
379 I 284896721 64 
380 I 284939617 66 
381 I 285021409 64 
382 I 285500424 64 
383 I 285500595 64 
384 I 285582311 64 
385 I 285582318 64 
386 I 285664262 64 
387 I 285816678 66 
388 I 285898320 64 
389 I 286286518 64 
390 I 286368251 64 
391 I 286450018 64 
392 I 286450022 64 
393 I 286450403 64 
394 I 286513414 66 
395 I 286595286 64 
396 I 286960702 64 
397 I 286990095 64 
398 I 287042546 64 
399 I 287042551 64 
400 I 287071763 64 
401 I 287071922 64 
402 I 287318326 64 
403 I 287699949 64 
404 I 287699954 64 
405 I 289607085 66 
406 I 289688965 64 
407 I 290068038 64 
408 I 290149773 64 
409 I 290149885 64 
410 I 290231823 64 
411 I 290231932 64 
412 I 290742611 66 
413 I 290824656 64 
414 I 291301099 64 
415 I 291301107 64 
416 I 291382738 64 
417 I 291382791 64 
418 I 291382892 64 
419 I 291388255 64 
420 I 291560047 66 
421 I 291641941 64 
422 I 292139390 64 
423 I 292221138 64 
424 I 292221265 64 
425 I 292303095 64 
426 I 292303295 64 
427 I 292575856 66 
428 I 292657846 64 
429 I 293073313 64 
430 I 293073334 64 
431 I 293155103 64 
432 I 293155250 64 
433 I 293155979 64 
434 I 293235783 66 
435 I 293317790 64 
436 I 294318228 64 
437 I 294330257 64 
438 I 294330424 64 
439 I 294330651 64 
440 I 294400218 64 
441 I 294412009 64 
442 I 294412199 64 
443 I 294412379 64 
444 I 294561336 66 
445 I 294643163 64 
446 I 295116436 64 
447 I 295195237 64 
448 I 295198163 64 
449 I 295277455 64 
450 I 295280718 64 
451 I 295469062 66 
452 I 295550724 64 
453 I 296015888 64 
454 I 296097675 64 
455 I 296097835 64 
456 I 296179517 64 
457 I 296179704 64 
458 I 296246986 66 
459 I 296328788 64 
460 I 296698101 64 
461 I 296698176 64 
462 I 296780032 64 
463 I 296780292 64 
464 I 296862131 64 
465 I 296940773 66 
466 I 297022435 64 
467 I 298571442 64 
468 I 298584537 64 
469 I 298584710 64 
470 I 298653187 64 
471 I 298666317 64 
472 I 298666653 64 
473 I 298756208 66 
474 I 298838031 64 
475 I 299213296 64 
476 I 299213301 64 
477 I 299295141 64 
478 I 299295472 64 
479 I 299295477 64 
480 I 299295782 64 
481 I 299391579 66 
482 I 299473920 64 
483 I 299889153 64 
484 I 299889333 64 
485 I 299970882 64 
486 I 299970996 64 
487 I 300052876 64 
488 I 300052881 64 
489 I 300053181 64 
490 I 300188366 66 
491 I 300270102 64 
492 I 300655336 64 
493 I 300655582 64 
494 I 300737199 64 
495 I 300737225 64 
496 I 300737478 64 
497 I 300790608 66 
498 I 300872451 64 
499 I 302646904 64 
500 I 302656380 64 
501 I 302656501 64 
502 I 302728667 64 
503 I 302738224 64 
504 I 302738228 64 
505 I 302738499 64 
506 I 302863776 66 
507 I 302945374 64 
508 I 303438229 64 
509 I 303519925 64 
510 I 303601680 64 
511 I 303601684 64 
512 I 303601859 64 
513 I 303602066 64 
514 I 303615927 66 
515 I 303697690 64 
516 I 304092264 64 
517 I 304173922 64 
518 I 304255437 64 
519 I 304255626 64 
520 I 304255929 64 
521 I 304456776 66 
522 I 304538681 64 
523 I 304941689 64 
524 I 305023433 64 
525 I 305105399 64 
526 I 305105523 64 
527 I 305227398 66 
528 I 305309148 64 
529 I 305751133 64 
530 I 305751153 64 
531 I 305832953 64 
532 I 305833067 64 
533 I 305914834 64 
534 I 305914839 64 
535 I 305915037 64 
536 I 306044964 66 
537 I 306126776 64 
538 I 306535976 64 
539 I 306617748 64 
540 I 306699374 64 
541 I 306699521 64 
542 I 306699803 64 
543 I 306892760 66 
544 I 306974444 64 
545 I 307343528 64 
546 I 307425423 64 
547 I 307507244 64 
548 I 307507335 64 
549 I 307507340 64 
550 I 307507653 64 
551 I 307760331 66 
552 I 307842122 64 
553 I 308249093 64 
554 I 308330874 64 
555 I 308412536 64 
556 I 308412649 64 
557 I 308412654 64 
558 I 308412970 64 
559 I 308516245 66 
560 I 308598071 64 
561 I 309549889 64 
562 I 309550316 64 
563 I 309550320 64 
564 I 309631602 64 
565 I 309631853 64 
566 I 309632053 64 
567 I 309632185 64 
568 I 309732103 66 
569 I 309813777 64 
570 I 310215099 64 
571 I 310296787 64 
572 I 310296989 64 
573 I 310378666 64 
574 I 310378805 64 
575 I 310553297 66 
576 I 310635029 64 
577 I 311724145 64 
578 I 311736510 64 
579 I 311736540 64 
580 I 311736653 64 
581 I 311806061 64 
582 I 311818417 64 
583 I 311818652 64 
584 I 311977920 66 
585 I 312059660 64 
586 I 313391305 64 
587 I 313473328 64 
588 I 313473333 64 
589 I 313555292 64 
590 I 313555296 64 
591 I 313555411 64 
592 I 313637161 64 
593 I 313637185 64 
594 I 313637802 64 
595 I 313800910 66 
596 I 313882676 64 
597 I 315156414 64 
598 I 315169615 64 
599 I 315169754 64 
600 I 315169957 64 
601 I 315238236 64 
602 I 315251629 64 
603 I 315251634 64 
604 I 315251638 64 
605 I 315319901 64 
606 I 315320316 64 
607 I 315417162 66 
608 I 315498730 64 
609 I 315974153 64 
610 I 315974157 64 
611 I 316056100 64 
612 I 316056106 64 
613 I 316056109 64 
614 I 316137989 64 
615 I 316232121 66 
616 I 316313860 64 
617 I 316705207 64 
618 I 316705495 64 
619 I 316786915 64 
620 I 316787054 64 
621 I 316787156 64 
622 I 316791958 64 
623 I 316897746 66 
624 I 316979405 64 
625 I 317344160 64 
626 I 317344346 64 
627 I 317425956 64 
628 I 317426103 64 
629 I 317426107 64 
630 I 317724610 64 
631 I 317973201 64 
632 I 317973423 64 
