0 I 0 66 
1 I 79270 64 
2 I 547488 64 
3 I 632776 64 
4 I 722554 64 
5 I 731229 64 
6 I 5500705 66 
7 I 5580107 64 
8 I 6050776 64 
9 I 6050780 64 
10 I 6129814 64 
11 I 6129910 64 
12 I 6130033 64 
13 I 6209043 64 
14 I 8061565 66 
15 I 8141492 64 
16 I 8523883 64 
17 I 8523997 64 
18 I 8603856 64 
19 I 8603960 64 
20 I 8603964 64 
21 I 8607059 64 
22 I 8652259 66 
23 I 8732861 64 
24 I 9188477 64 
25 I 9188614 64 
26 I 9267534 64 
27 I 9267539 64 
28 I 9267638 64 
29 I 9347522 64 
30 I 9410837 66 
31 I 9490675 64 
32 I 9913726 64 
33 I 9992850 64 
34 I 10072752 64 
35 I 10072757 64 
36 I 10117217 64 
37 I 10156376 66 
38 I 10236219 64 
39 I 10667950 64 
40 I 10668043 64 
41 I 10747815 64 
42 I 10747820 64 
43 I 10748056 64 
44 I 10769521 64 
45 I 10774906 66 
46 I 10855418 64 
47 I 12357856 64 
48 I 12367731 64 
49 I 12368092 64 
50 I 12368220 64 
51 I 12436856 64 
52 I 12447089 64 
53 I 12448053 64 
54 I 12588970 66 
55 I 12670285 64 
56 I 13131847 64 
57 I 13132109 64 
58 I 13211264 64 
59 I 13211269 64 
60 I 13290461 64 
61 I 13294639 64 
62 I 13310715 66 
63 I 13390283 64 
64 I 14324492 64 
65 I 14403670 64 
66 I 14403772 64 
67 I 14483085 64 
68 I 14556469 66 
69 I 14635816 64 
70 I 15051946 64 
71 I 15132787 64 
72 I 15213045 64 
73 I 15213751 64 
74 I 15399654 66 
75 I 15478716 64 
76 I 16610176 64 
77 I 16621056 64 
78 I 16621190 64 
79 I 16621359 64 
80 I 16689851 64 
81 I 16710489 64 
82 I 16711002 64 
83 I 16853646 66 
84 I 16932984 64 
85 I 17333747 64 
86 I 17421777 64 
87 I 17500951 64 
88 I 17501603 64 
89 I 17611462 66 
90 I 17690573 64 
91 I 18131697 64 
92 I 18131716 64 
93 I 18211188 64 
94 I 18212062 64 
95 I 18243942 66 
96 I 18323337 64 
97 I 18735175 64 
98 I 18814306 64 
99 I 18814544 64 
100 I 18893738 64 
101 I 18893743 64 
102 I 18894025 64 
103 I 19040281 66 
104 I 19119780 64 
105 I 19545897 64 
106 I 19545902 64 
107 I 19624984 64 
108 I 19625130 64 
109 I 19625375 64 
110 I 19683900 66 
111 I 19763678 64 
112 I 20147746 64 
113 I 20148173 64 
114 I 20226777 64 
115 I 20227314 64 
116 I 20308682 64 
117 I 20309676 64 
118 I 20320380 66 
119 I 20399437 64 
120 I 20845693 64 
121 I 20925170 64 
122 I 21004385 64 
123 I 21004390 64 
124 I 21005379 64 
125 I 21149061 66 
126 I 21227946 64 
127 I 21622316 64 
128 I 21701501 64 
129 I 21701506 64 
130 I 21780637 64 
131 I 21780815 64 
132 I 21947822 66 
133 I 22026713 64 
134 I 22408889 64 
135 I 22408984 64 
136 I 22487945 64 
137 I 22487966 64 
138 I 22566921 64 
139 I 22567136 64 
140 I 22760322 66 
141 I 22839393 64 
142 I 23252145 64 
143 I 23252333 64 
144 I 23335406 64 
145 I 23338327 64 
146 I 23754045 66 
147 I 23833207 64 
148 I 25011830 64 
149 I 25024791 64 
150 I 25024929 64 
151 I 25091016 64 
152 I 25103960 64 
153 I 25104222 64 
154 I 25258141 66 
155 I 25337104 64 
156 I 25700817 64 
157 I 25701049 64 
158 I 25780058 64 
159 I 25780063 64 
160 I 25859154 64 
161 I 25859503 64 
162 I 26043923 66 
163 I 26123203 64 
164 I 26547030 64 
165 I 26547185 64 
166 I 26626045 64 
167 I 26626212 64 
168 I 26626216 64 
169 I 26626518 64 
170 I 26639874 66 
171 I 26725913 64 
172 I 27152873 64 
173 I 27232023 64 
174 I 27232028 64 
175 I 27311338 64 
176 I 27311373 64 
177 I 27311672 64 
178 I 27452270 66 
179 I 27531341 64 
180 I 28641405 64 
181 I 28650798 64 
182 I 28650803 64 
183 I 28650971 64 
184 I 28720921 64 
185 I 28729764 64 
186 I 28824457 66 
187 I 28853626 64 
188 I 28913421 64 
189 I 29304918 64 
190 I 29384071 64 
191 I 29384076 64 
192 I 29463059 64 
193 I 29463576 64 
194 I 36907031 66 
195 I 36986289 64 
196 I 37479559 64 
197 I 37479644 64 
198 I 37558906 64 
199 I 37558910 64 
200 I 37559143 64 
201 I 37559400 64 
202 I 37561887 64 
203 I 39979426 66 
204 I 40059007 64 
205 I 40527187 64 
206 I 40608721 64 
207 I 40734789 64 
208 I 40766482 66 
209 I 40845752 64 
210 I 41204699 64 
211 I 41284329 64 
212 I 41363283 64 
213 I 41363889 64 
214 I 41364764 64 
215 I 41446188 66 
216 I 41526230 64 
217 I 42475710 64 
218 I 42486546 64 
219 I 42486550 64 
220 I 42558450 64 
221 I 42566596 64 
222 I 42578936 64 
223 I 42939238 66 
224 I 43023080 64 
225 I 44241305 64 
226 I 44251987 64 
227 I 44252130 64 
228 I 44252295 64 
229 I 44320689 64 
230 I 44332752 64 
231 I 44332848 64 
232 I 44332853 64 
233 I 44332870 64 
234 I 44334109 64 
235 I 44490151 66 
236 I 44569695 64 
237 I 44962522 64 
238 I 45042393 64 
239 I 45042398 64 
240 I 45122770 64 
241 I 45123111 64 
242 I 45148250 66 
243 I 45227388 64 
244 I 45622298 64 
245 I 45622441 64 
246 I 45701718 64 
247 I 45701723 64 
248 I 45727137 64 
249 I 45781487 64 
250 I 45781843 64 
251 I 45946955 66 
252 I 46026193 64 
253 I 46426327 64 
254 I 46505258 64 
255 I 46505347 64 
256 I 46585544 64 
257 I 46589326 64 
258 I 46760806 66 
259 I 46840029 64 
260 I 47889365 64 
261 I 47913775 64 
262 I 47968345 64 
263 I 47992967 64 
264 I 47993587 64 
265 I 48182843 66 
266 I 48272742 64 
267 I 48688318 64 
268 I 48767332 64 
269 I 48767454 64 
270 I 48846568 64 
271 I 48846573 64 
272 I 48847010 64 
273 I 48992693 66 
274 I 49071913 64 
275 I 51088327 64 
276 I 51099055 64 
277 I 51099221 64 
278 I 51099529 64 
279 I 51179608 64 
280 I 51179782 64 
281 I 51182535 64 
282 I 51258460 66 
283 I 51337546 64 
284 I 51707533 64 
285 I 51786534 64 
286 I 51865540 64 
287 I 51865545 64 
288 I 51865894 64 
289 I 52070844 66 
290 I 52149796 64 
291 I 52534693 64 
292 I 52613719 64 
293 I 52613874 64 
294 I 52692790 64 
295 I 52693133 64 
296 I 52867993 66 
297 I 52947023 64 
298 I 53417904 64 
299 I 53417938 64 
300 I 53497126 64 
301 I 53497275 64 
302 I 53576344 64 
303 I 53576630 64 
304 I 53681106 66 
305 I 53760160 64 
306 I 54154817 64 
307 I 54233947 64 
308 I 54312834 64 
309 I 54313118 64 
310 I 54313449 64 
311 I 54493659 66 
312 I 54572823 64 
313 I 54940008 64 
314 I 55019170 64 
315 I 55098492 64 
316 I 55098497 64 
317 I 55098742 64 
318 I 55119338 66 
319 I 55198431 64 
320 I 55594067 64 
321 I 55673130 64 
322 I 55752892 64 
323 I 55753439 64 
324 I 55946149 66 
325 I 56025159 64 
326 I 56535528 64 
327 I 56614494 64 
328 I 56614703 64 
329 I 56693575 64 
330 I 56693580 64 
331 I 56791382 64 
332 I 56962067 66 
333 I 57040949 64 
334 I 57493802 64 
335 I 57573110 64 
336 I 57573115 64 
337 I 57652180 64 
338 I 57652184 64 
339 I 57652188 64 
340 I 57652472 64 
341 I 57802045 66 
342 I 57880975 64 
343 I 58295790 64 
344 I 58295860 64 
345 I 58382288 64 
346 I 58461334 64 
347 I 58861086 64 
348 I 58861480 64 
349 I 58869629 66 
350 I 58948680 64 
351 I 59319104 64 
352 I 59319108 64 
353 I 59398539 64 
354 I 59398544 64 
355 I 59404405 64 
356 I 63718876 66 
357 I 63797875 64 
358 I 64171640 64 
359 I 64253146 64 
360 I 64253326 64 
361 I 64332961 64 
362 I 64334837 64 
363 I 66977485 66 
364 I 67071032 64 
365 I 67490936 64 
366 I 67491142 64 
367 I 67571566 64 
368 I 67571974 64 
369 I 67571978 64 
370 I 67572095 64 
371 I 68256084 66 
372 I 68336297 64 
373 I 68698282 64 
374 I 68777351 64 
375 I 68857268 64 
376 I 68857273 64 
377 I 68857278 64 
378 I 68858222 64 
379 I 69048155 66 
380 I 69128669 64 
381 I 69518226 64 
382 I 69518230 64 
383 I 69598544 64 
384 I 69598712 64 
385 I 69598846 64 
386 I 69599077 64 
387 I 69752254 66 
388 I 69833109 64 
389 I 70363849 64 
390 I 70363854 64 
391 I 70443778 64 
392 I 70443782 64 
393 I 70443786 64 
394 I 70444172 64 
395 I 70560776 66 
396 I 70648125 64 
397 I 71098167 64 
398 I 71177234 64 
399 I 71256297 64 
400 I 71256302 64 
401 I 71256306 64 
402 I 71260080 64 
403 I 71384294 66 
404 I 71463795 64 
405 I 72400202 64 
406 I 72412628 64 
407 I 72412769 64 
408 I 72479370 64 
409 I 72491738 64 
410 I 72491913 64 
411 I 72570248 64 
412 I 72570253 64 
413 I 72571441 64 
414 I 72616101 66 
415 I 72695949 64 
416 I 74224341 64 
417 I 74236532 64 
418 I 74236738 64 
419 I 74237108 64 
420 I 74303666 64 
421 I 74316533 64 
422 I 74316975 64 
423 I 74438133 66 
424 I 74518318 64 
425 I 74969439 64 
426 I 75048670 64 
427 I 75127736 64 
428 I 75133889 64 
429 I 75170219 66 
430 I 75249245 64 
431 I 76294307 64 
432 I 76306663 64 
433 I 76374665 64 
434 I 76387527 64 
435 I 76388139 64 
436 I 76529923 66 
437 I 76608912 64 
438 I 77053820 64 
439 I 77132974 64 
440 I 77212371 64 
441 I 77212394 64 
442 I 77212761 64 
443 I 77345695 66 
444 I 77424981 64 
445 I 77860543 64 
446 I 77860703 64 
447 I 77939679 64 
448 I 77939684 64 
449 I 77939792 64 
450 I 77940042 64 
451 I 77993198 66 
452 I 78072041 64 
453 I 78506528 64 
454 I 78506619 64 
455 I 78585641 64 
456 I 78585646 64 
457 I 78664754 64 
458 I 78665028 64 
459 I 78773450 66 
460 I 78852360 64 
461 I 80282119 64 
462 I 80296857 64 
463 I 80297142 64 
464 I 80361129 64 
465 I 80376299 64 
466 I 80376774 64 
467 I 80385321 66 
468 I 80464362 64 
469 I 80940340 64 
470 I 81019320 64 
471 I 81098937 64 
472 I 81099237 64 
473 I 81195280 66 
474 I 81274355 64 
475 I 81632278 64 
476 I 81633826 64 
477 I 81712186 64 
478 I 81713973 64 
479 I 81714318 64 
480 I 81806710 66 
481 I 81886124 64 
482 I 82350274 64 
483 I 82350280 64 
484 I 82431443 64 
485 I 82432279 64 
486 I 82632884 66 
487 I 82714080 64 
488 I 83739373 64 
489 I 83739677 64 
490 I 83739870 64 
491 I 83818414 64 
492 I 83818544 64 
493 I 83818803 64 
494 I 83819110 64 
495 I 83823292 66 
496 I 83902442 64 
497 I 84338058 64 
498 I 84338062 64 
499 I 84417602 64 
500 I 84417607 64 
501 I 84417611 64 
502 I 84417778 64 
503 I 84460930 66 
504 I 84540268 64 
505 I 84929972 64 
506 I 85009116 64 
507 I 85009405 64 
508 I 85088185 64 
509 I 85088367 64 
510 I 85088551 64 
511 I 85107786 66 
512 I 85187249 64 
513 I 85572695 64 
514 I 85651797 64 
515 I 85730744 64 
516 I 85730831 64 
517 I 85731161 64 
518 I 85932830 66 
519 I 86011887 64 
520 I 87011319 64 
521 I 87024589 64 
522 I 87024765 64 
523 I 87025064 64 
524 I 87090739 64 
525 I 87103955 64 
526 I 87104092 64 
527 I 87104388 64 
528 I 87148631 66 
529 I 87227918 64 
530 I 87645594 64 
531 I 87645852 64 
532 I 87724590 64 
533 I 87724846 64 
534 I 87724851 64 
535 I 87725150 64 
536 I 87745997 66 
537 I 87829167 64 
538 I 88285257 64 
539 I 88364508 64 
540 I 88443479 64 
541 I 88443670 64 
542 I 88726974 64 
