0 I 0 66 
1 I 93848 64 
2 I 1308465 64 
3 I 1387872 64 
4 I 1467098 64 
5 I 1467103 64 
6 I 1546072 64 
7 I 1546200 64 
8 I 1546204 64 
9 I 1546375 64 
10 I 1625275 64 
11 I 1625413 64 
12 I 1638272 64 
13 I 9340859 66 
14 I 9421157 64 
15 I 10260838 64 
16 I 10340156 64 
17 I 10340161 64 
18 I 10453113 64 
19 I 147283588 66 
20 I 147362975 64 
21 I 148090735 64 
22 I 148173088 64 
23 I 148252422 64 
24 I 148252455 64 
25 I 148331362 64 
26 I 148331532 64 
27 I 148331537 64 
28 I 148331541 64 
29 I 148410423 64 
30 I 148410642 64 
31 I 148410646 64 
32 I 148410650 64 
33 I 148410676 64 
34 I 148410838 64 
35 I 148491253 64 
36 I 148491258 64 
37 I 148573866 64 
38 I 148573871 64 
39 I 148653495 64 
40 I 148653881 64 
41 I 148653886 64 
42 I 148653890 64 
43 I 148653907 64 
44 I 148653972 64 
45 I 148654125 64 
46 I 148654129 64 
47 I 148654133 64 
48 I 148654138 64 
49 I 148733644 64 
50 I 148733930 64 
51 I 148812839 64 
52 I 148813022 64 
53 I 148813027 64 
54 I 148813031 64 
55 I 148813545 64 
56 I 148813670 64 
57 I 148813721 64 
58 I 148814205 64 
59 I 148814210 64 
60 I 148814366 64 
61 I 148892189 64 
62 I 148892273 64 
63 I 148892278 64 
64 I 148892783 64 
65 I 148893091 64 
66 I 148894881 64 
67 I 148914989 64 
