0 I 0 66 
1 I 82779 64 
2 I 497205 64 
3 I 579184 64 
4 I 660938 64 
5 I 661035 64 
6 I 742926 64 
7 I 742931 64 
8 I 742935 64 
9 I 824879 64 
10 I 824883 64 
11 I 824887 64 
12 I 824891 64 
13 I 825079 64 
14 I 906760 64 
15 I 906770 64 
16 I 906996 64 
17 I 907000 64 
18 I 907003 64 
19 I 988624 64 
20 I 988811 64 
21 I 988816 64 
22 I 988820 64 
23 I 988849 64 
24 I 988957 64 
25 I 989289 64 
26 I 1070642 64 
27 I 1070647 64 
28 I 1091914 64 
29 I 10223276 66 
30 I 10305333 64 
31 I 11273398 64 
32 I 11355388 64 
33 I 11437079 64 
34 I 11437084 64 
35 I 11437214 64 
36 I 11518892 64 
37 I 11521382 64 
38 I 13026288 66 
39 I 13108339 64 
40 I 13453244 64 
41 I 13534821 64 
42 I 13535143 64 
43 I 13616669 64 
44 I 13616804 64 
45 I 13698517 64 
46 I 13698563 64 
47 I 13698568 64 
48 I 13698572 64 
49 I 13780335 64 
50 I 13780585 64 
51 I 13780589 64 
52 I 13780593 64 
53 I 13780668 64 
54 I 13862446 64 
55 I 13862698 64 
56 I 13862789 64 
57 I 13862876 64 
58 I 13862880 64 
59 I 13944256 64 
60 I 13944371 64 
61 I 13944563 64 
62 I 13944645 64 
63 I 13944965 64 
64 I 13945173 64 
65 I 13945188 64 
66 I 13945445 64 
67 I 13945676 64 
68 I 14026075 64 
69 I 14026081 64 
70 I 14026086 64 
71 I 14026208 64 
72 I 14026341 64 
73 I 14026346 64 
74 I 14026809 64 
75 I 14026813 64 
76 I 14026991 64 
77 I 14026996 64 
78 I 14027063 64 
79 I 14027195 64 
80 I 14027373 64 
81 I 14107789 64 
82 I 14107971 64 
83 I 14107975 64 
84 I 14108121 64 
85 I 14116957 64 
86 I 14151665 66 
87 I 14233400 64 
88 I 14862039 64 
89 I 14943770 64 
90 I 14943852 64 
91 I 15025673 64 
92 I 15025678 64 
93 I 15025683 64 
94 I 15107470 64 
95 I 15107475 64 
96 I 15110193 64 
97 I 15123671 66 
98 I 15205472 64 
99 I 15354326 64 
100 I 15522517 66 
101 I 15604159 64 
102 I 16218685 64 
103 I 16300573 64 
104 I 16382343 64 
105 I 16382547 64 
106 I 16464419 64 
107 I 16464488 64 
108 I 16464513 64 
109 I 16464517 64 
110 I 16546247 64 
111 I 16546544 64 
112 I 16546548 64 
113 I 16546552 64 
114 I 16546556 64 
115 I 16628055 64 
116 I 16628207 64 
117 I 16628211 64 
118 I 16628292 64 
119 I 16628503 64 
120 I 16628507 64 
121 I 16628510 64 
122 I 16710485 64 
123 I 16710489 64 
124 I 16710493 64 
125 I 16710651 64 
126 I 16710656 64 
127 I 16710872 64 
128 I 16711060 64 
129 I 16711208 64 
130 I 16792474 64 
131 I 16792566 64 
132 I 16792571 64 
133 I 16792727 64 
134 I 16792731 64 
135 I 16792735 64 
136 I 16792851 64 
137 I 16792886 64 
138 I 16792956 64 
139 I 16792993 64 
140 I 16793074 64 
141 I 16793208 64 
142 I 16874301 64 
143 I 16874467 64 
144 I 16874471 64 
145 I 16874475 64 
146 I 16882637 64 
147 I 16951522 66 
148 I 17033214 64 
149 I 17283175 64 
150 I 17364993 64 
151 I 17364997 64 
152 I 17446976 64 
153 I 17446980 64 
154 I 17446985 64 
155 I 17528932 64 
156 I 17529086 64 
157 I 17529089 64 
158 I 17529259 64 
159 I 17610792 64 
160 I 17610796 64 
161 I 17610800 64 
162 I 17610804 64 
163 I 17610891 64 
164 I 17693401 64 
165 I 17693587 64 
166 I 17693591 64 
167 I 17693595 64 
168 I 17693789 64 
169 I 17693888 64 
170 I 17694101 64 
171 I 17694106 64 
172 I 17775127 64 
173 I 17775275 64 
174 I 17779520 64 
