0 I 0 66 
1 I 81871 64 
2 I 1229639 64 
3 I 1312179 64 
4 I 1394551 64 
5 I 1477360 64 
6 I 1559215 64 
7 I 1559219 64 
8 I 1559311 64 
9 I 1559314 64 
10 I 1559593 64 
11 I 1641136 64 
12 I 1641249 64 
13 I 1641257 64 
14 I 1641261 64 
15 I 1641397 64 
16 I 1641400 64 
17 I 1641405 64 
18 I 1641436 64 
19 I 1651584 64 
20 I 1651589 64 
21 I 1722951 64 
22 I 1722956 64 
23 I 1723135 64 
24 I 1723140 64 
25 I 1723144 64 
26 I 1723148 64 
27 I 1723228 64 
28 I 1723248 64 
29 I 1723334 64 
30 I 1723338 64 
31 I 1807307 64 
32 I 1807311 64 
33 I 1902555 64 
34 I 1902739 64 
35 I 1984323 64 
36 I 1984326 64 
37 I 1984426 64 
38 I 2002573 64 
39 I 91730600 66 
40 I 91812250 64 
41 I 92296536 64 
42 I 92378800 64 
43 I 92462387 64 
44 I 92462392 64 
45 I 92544407 64 
46 I 92544545 64 
47 I 92544549 64 
48 I 92626456 64 
49 I 92626477 64 
50 I 92708371 64 
51 I 92711866 64 
