0 I 0 179 
1 I 2959944 179 
2 I 4096347 211 
3 I 6881582 179 
4 I 7953932 179 
5 I 12957639 179 
6 I 17954242 179 
7 I 22963987 179 
8 I 27979053 179 
9 I 32952962 179 
10 I 37959558 179 
11 I 42956938 179 
12 I 46133046 284 
13 I 62483760 179 
14 I 62958687 179 
15 I 65188962 211 
16 I 102061075 179 
17 I 102965986 179 
18 I 103655101 209 
19 I 105672430 179 
20 I 107954747 179 
21 I 112328662 208 
22 I 125130883 214 
23 I 132438728 213 
24 I 133851342 179 
25 I 137958800 179 
26 I 142952626 179 
27 I 147985715 179 
28 I 151754874 249 
29 I 153278954 179 
30 I 157956569 179 
31 I 161723154 218 
32 I 183500101 179 
33 I 184893867 210 
34 I 185919520 179 
35 I 187952633 179 
36 I 191292957 218 
37 I 193116736 179 
38 I 197959433 179 
39 I 202701693 228 
40 I 206142034 179 
41 I 207949921 179 
42 I 212963237 179 
43 I 217952809 179 
44 I 219759512 242 
45 I 232100741 179 
46 I 232953694 179 
47 I 237962254 179 
48 I 242953579 179 
49 I 253489570 229 
50 I 257505289 179 
51 I 257967541 179 
52 I 262956925 179 
53 I 264577920 220 
54 I 269297810 179 
55 I 272956451 179 
56 I 277953100 179 
