0 I 0 52 
1 I 5932389 52 
2 I 7916133 73 
3 I 12817245 85 
4 I 13073684 63 
5 I 14975196 66 
6 I 15879414 87 
7 I 19944778 52 
8 I 28159535 70 
9 I 35934572 76 
10 I 35986778 80 
11 I 36097015 62 
12 I 36818046 65 
13 I 41165454 52 
14 I 42020060 76 
15 I 46945272 75 
16 I 47021590 68 
17 I 48201188 75 
18 I 53096758 90 
19 I 54322629 70 
20 I 55469991 70 
21 I 59178085 81 
22 I 60181756 52 
23 I 63905539 76 
24 I 65997766 69 
25 I 66310515 52 
26 I 70250607 67 
27 I 71938899 52 
28 I 73981411 65 
29 I 74932845 83 
30 I 74998940 72 
31 I 81154867 52 
32 I 82096904 73 
33 I 87954431 78 
34 I 88192718 79 
35 I 90070960 70 
36 I 92994033 70 
37 I 94072986 76 
38 I 94277170 83 
39 I 94408887 83 
40 I 98149516 83 
41 I 99317518 68 
42 I 99385482 70 
43 I 101211262 52 
44 I 101693539 68 
45 I 102229158 85 
46 I 106390480 60 
47 I 109349935 78 
48 I 110368614 76 
49 I 111190593 52 
50 I 119228289 86 
51 I 121556142 52 
52 I 124332994 70 
53 I 128330233 74 
54 I 131379561 61 
55 I 133369772 65 
56 I 133406817 74 
57 I 138322491 52 
58 I 143375340 52 
59 I 146432075 63 
60 I 147524867 67 
61 I 148180159 67 
62 I 148269370 69 
63 I 156384325 71 
64 I 163365764 52 
65 I 168364067 72 
66 I 182360694 52 
67 I 185827666 67 
68 I 186222816 76 
69 I 188774884 80 
70 I 193339354 69 
71 I 193507622 52 
72 I 195178817 52 
73 I 195440225 73 
74 I 204249519 52 
75 I 207489360 87 
76 I 211444683 52 
77 I 214485612 88 
78 I 223357388 52 
79 I 239441008 67 
80 I 243382538 52 
81 I 247349378 52 
82 I 250266166 85 
83 I 255173341 78 
84 I 258314987 74 
85 I 259415196 85 
86 I 265369027 52 
87 I 267316818 89 
88 I 269387678 73 
89 I 285300526 52 
