0 I 0 51 
1 I 5679374 73 
2 I 6563942 79 
3 I 35337375 51 
4 I 37726402 86 
5 I 39741492 92 
6 I 40125012 99 
7 I 42983271 70 
8 I 49559186 75 
9 I 50222900 76 
10 I 57253226 51 
11 I 59748049 70 
12 I 60179604 76 
13 I 62166185 70 
14 I 63331670 72 
15 I 64462774 70 
16 I 66302900 69 
17 I 66498999 67 
18 I 78113720 51 
19 I 79901748 75 
20 I 81187706 77 
21 I 81580440 75 
22 I 85140942 83 
23 I 88926604 70 
24 I 91034110 84 
25 I 98854919 51 
26 I 102679913 52 
27 I 104754544 67 
28 I 106262467 74 
29 I 106915025 73 
30 I 142958330 51 
31 I 147919387 85 
32 I 149644642 75 
33 I 149852039 76 
34 I 161602218 51 
35 I 164175139 78 
36 I 164446001 84 
37 I 165077390 77 
38 I 168713182 85 
39 I 170967600 69 
40 I 185945540 51 
41 I 187945423 93 
42 I 190779958 78 
43 I 191291793 91 
